Results
Max overall: 17
Min avg pop: 0.645
Min pop: 0.648

6
process id 1
stats
5, 17, 7, 100, 1000
20220822-121732
loosing coalitions taken
[1, 3, 8, 15, 16]
[1, 3, 9, 10, 11]
[1, 3, 7, 14, 22]
[2, 4, 5, 20]
[1, 2, 9, 12, 13]
[1, 4, 8, 13, 14]
[1, 4, 7, 9, 19]
[2, 3, 6, 14]
[3, 4, 5, 17, 27]
[1, 5, 6, 16, 19]
[2, 4, 6, 9, 24]
[3, 4, 6, 12, 21]
[2, 3, 5, 25]
[2, 3, 7, 8, 10]
[1, 2, 8, 11, 21]
[1, 2, 7, 16, 20]
[16, 17, 18, 19, 20, 21, 22, 23, 24, 25, 26, 27, 28]


6
process id 5
stats
5, 17, 7, 100, 1000
20220822-121757
loosing coalitions taken
[2, 4, 5, 20]
[1, 3, 9, 10, 12]
[1, 4, 7, 10, 19]
[1, 3, 8, 15, 16]
[3, 4, 6, 9, 22]
[1, 3, 7, 14, 22]
[1, 2, 8, 12, 21]
[1, 4, 8, 13, 14]
[1, 2, 7, 17, 18]
[1, 5, 6, 12, 24]
[1, 2, 9, 11, 14]
[2, 3, 5, 25]
[2, 3, 6, 13]
[3, 4, 5, 17, 26]
[2, 3, 7, 8, 9]
[2, 4, 6, 16, 17]
[16, 17, 18, 19, 20, 21, 22, 23, 24, 25, 26, 27, 28]


6
process id 3
stats
5, 17, 7, 100, 1000
20220822-121800
loosing coalitions taken
[1, 2, 7, 10, 27]
[1, 5, 6, 13, 23]
[1, 3, 9, 10, 11]
[1, 3, 8, 15, 16]
[1, 4, 7, 11, 17]
[2, 3, 5, 25]
[1, 3, 7, 14, 22]
[1, 4, 8, 13, 14]
[2, 4, 6, 16, 18]
[3, 4, 6, 15, 17]
[2, 3, 6, 14]
[2, 3, 7, 8, 9]
[2, 4, 5, 19]
[1, 2, 9, 12, 14]
[1, 2, 8, 11, 20]
[3, 4, 5, 21, 23]
[16, 17, 18, 19, 20, 21, 22, 23, 24, 25, 26, 27, 28]


6
process id 1
stats
5, 17, 7, 100, 1000
20220822-121823
loosing coalitions taken
[1, 4, 8, 13, 14]
[1, 2, 7, 15, 22]
[1, 2, 8, 11, 21]
[1, 3, 9, 10, 11]
[1, 4, 7, 9, 18]
[1, 2, 9, 12, 13]
[1, 3, 7, 16, 19]
[3, 4, 6, 14, 20]
[2, 3, 6, 13]
[2, 4, 5, 19]
[2, 4, 6, 16, 17]
[2, 3, 5, 25]
[1, 5, 6, 14, 22]
[2, 3, 7, 8, 10]
[3, 4, 5, 21, 24]
[1, 3, 8, 12, 17]
[16, 17, 18, 19, 20, 21, 22, 23, 24, 25, 26, 27, 28]


6
process id 5
stats
5, 17, 7, 100, 1000
20220822-121857
loosing coalitions taken
[1, 4, 8, 13, 14]
[2, 4, 5, 20]
[1, 3, 8, 11, 19]
[1, 4, 7, 9, 18]
[1, 2, 8, 12, 21]
[2, 3, 7, 8, 9]
[1, 3, 7, 15, 21]
[1, 2, 7, 17, 19]
[2, 3, 6, 15, 26]
[1, 5, 6, 11, 25]
[3, 4, 5, 21, 23]
[1, 3, 9, 10, 12]
[2, 3, 5, 25]
[3, 4, 6, 9, 22]
[2, 4, 6, 16, 18]
[1, 2, 10, 11, 13]
[16, 17, 18, 19, 20, 21, 22, 23, 24, 25, 26, 27, 28]


6
process id 5
stats
5, 17, 7, 100, 1000
20220822-121921
loosing coalitions taken
[1, 2, 7, 17, 18]
[2, 4, 6, 16, 18]
[1, 4, 7, 10, 19]
[1, 2, 10, 12, 13]
[2, 4, 5, 20]
[2, 3, 7, 8, 9]
[3, 4, 6, 13, 21]
[1, 3, 9, 10, 11]
[1, 5, 6, 13, 23]
[1, 3, 7, 15, 20]
[1, 4, 8, 9, 15]
[2, 3, 6, 14]
[1, 2, 8, 11, 20]
[2, 3, 5, 25]
[1, 3, 8, 12, 17]
[3, 4, 5, 18, 27]
[16, 17, 18, 19, 20, 21, 22, 23, 24, 25, 26, 27, 28]


6
process id 2
stats
5, 17, 7, 100, 1000
20220822-121927
loosing coalitions taken
[2, 4, 5, 20]
[1, 3, 9, 10, 12]
[1, 2, 8, 9, 22]
[1, 4, 8, 13, 14]
[1, 2, 7, 12, 26]
[1, 5, 6, 13, 23]
[1, 2, 10, 11, 13]
[2, 3, 7, 8, 10]
[1, 4, 7, 10, 19]
[2, 3, 5, 25]
[3, 4, 5, 19, 26]
[1, 3, 8, 11, 17]
[2, 4, 6, 12, 23]
[2, 3, 6, 15, 26]
[3, 4, 6, 9, 22]
[1, 3, 7, 15, 20]
[16, 17, 18, 19, 20, 21, 22, 23, 24, 25, 26, 27, 28]


6
process id 3
stats
5, 17, 7, 100, 1000
20220822-121941
loosing coalitions taken
[1, 2, 8, 9, 22]
[1, 5, 6, 11, 25]
[1, 3, 7, 15, 21]
[1, 2, 10, 11, 14]
[1, 3, 9, 10, 12]
[1, 2, 7, 13, 25]
[2, 4, 5, 20]
[2, 3, 7, 8, 10]
[1, 4, 7, 10, 17]
[2, 3, 5, 25]
[3, 4, 5, 21, 24]
[2, 4, 6, 16, 17]
[2, 3, 6, 13]
[3, 4, 6, 9, 22]
[1, 3, 8, 11, 18]
[1, 4, 8, 12, 14]
[16, 17, 18, 19, 20, 21, 22, 23, 24, 25, 26, 27, 28]


7
process id 4
stats
5, 17, 7, 100, 1000
20220822-121949
loosing coalitions taken
[1, 2, 10, 12, 14]
[1, 3, 7, 15, 21]
[1, 2, 7, 17, 19]
[2, 3, 6, 15, 27]
[2, 3, 7, 8, 10]
[2, 4, 6, 16, 19]
[1, 4, 7, 10, 18]
[1, 3, 8, 12, 18]
[2, 4, 5, 20]
[1, 4, 8, 13, 14]
[3, 4, 6, 13, 21]
[1, 2, 8, 9, 22]
[2, 3, 5, 25]
[1, 5, 6, 12, 24]
[3, 4, 5, 17, 28]
[1, 3, 9, 10, 11]
[16, 17, 18, 19, 20, 21, 22, 23, 24, 25, 26, 27, 28]


6
process id 1
stats
5, 17, 7, 100, 1000
20220822-122002
loosing coalitions taken
[1, 5, 6, 11, 25]
[3, 4, 6, 13, 21]
[1, 2, 10, 12, 13]
[1, 2, 8, 9, 22]
[1, 4, 7, 10, 18]
[1, 3, 9, 10, 11]
[2, 3, 5, 25]
[2, 4, 6, 12, 23]
[3, 4, 5, 18, 27]
[2, 4, 5, 20]
[1, 2, 7, 14, 24]
[1, 3, 7, 15, 21]
[2, 3, 7, 8, 10]
[2, 3, 6, 14]
[1, 4, 8, 11, 14]
[1, 3, 8, 12, 17]
[16, 17, 18, 19, 20, 21, 22, 23, 24, 25, 26, 27, 28]


6
process id 0
stats
5, 17, 7, 100, 1000
20220822-122014
loosing coalitions taken
[2, 3, 6, 16, 24]
[1, 2, 9, 11, 14]
[1, 3, 7, 15, 20]
[1, 3, 8, 11, 18]
[2, 3, 5, 25]
[1, 2, 8, 15, 17]
[2, 4, 6, 10, 23]
[1, 2, 7, 12, 26]
[1, 3, 9, 10, 12]
[1, 4, 7, 10, 19]
[3, 4, 6, 9, 22]
[1, 4, 8, 12, 14]
[3, 4, 5, 18, 26]
[2, 4, 5, 20]
[1, 5, 6, 15, 21]
[2, 3, 7, 8, 9]
[16, 17, 18, 19, 20, 21, 22, 23, 24, 25, 26, 27, 28]


6
process id 7
stats
5, 17, 7, 100, 1000
20220822-122018
loosing coalitions taken
[2, 4, 5, 21, 28]
[1, 3, 9, 10, 11]
[1, 4, 8, 10, 15]
[1, 4, 7, 11, 17]
[3, 4, 6, 15, 17]
[1, 2, 8, 9, 22]
[1, 2, 10, 12, 13]
[1, 3, 8, 12, 17]
[2, 4, 6, 12, 23]
[1, 5, 6, 16, 20]
[2, 3, 5, 26, 27]
[2, 3, 6, 14]
[3, 4, 5, 20, 24]
[1, 2, 7, 16, 21]
[2, 3, 7, 8, 10]
[1, 3, 7, 15, 20]
[16, 17, 18, 19, 20, 21, 22, 23, 24, 25, 26, 27, 28]


6
process id 5
stats
5, 17, 7, 100, 1000
20220822-122027
loosing coalitions taken
[2, 4, 5, 20]
[1, 3, 8, 11, 17]
[1, 5, 6, 11, 24]
[1, 3, 9, 10, 12]
[1, 4, 7, 9, 19]
[1, 2, 7, 17, 18]
[1, 2, 9, 11, 14]
[3, 4, 6, 13, 20]
[2, 3, 6, 18, 21]
[3, 4, 5, 18, 27]
[2, 3, 5, 25]
[2, 3, 7, 8, 10]
[2, 4, 6, 10, 24]
[1, 4, 8, 12, 14]
[1, 3, 7, 13, 22]
[1, 2, 8, 13, 20]
[16, 17, 18, 19, 20, 21, 22, 23, 24, 25, 26, 27, 28]


6
process id 2
stats
5, 17, 7, 100, 1000
20220822-122037
loosing coalitions taken
[1, 5, 6, 12, 23]
[1, 2, 7, 14, 24]
[1, 2, 8, 15, 17]
[1, 2, 9, 12, 13]
[1, 3, 7, 15, 20]
[1, 4, 8, 13, 14]
[1, 3, 8, 12, 19]
[1, 3, 9, 10, 11]
[2, 4, 5, 20]
[2, 3, 6, 14]
[2, 3, 7, 8, 10]
[2, 4, 6, 11, 23]
[2, 3, 5, 25, 27]
[3, 4, 5, 17, 26]
[3, 4, 6, 13, 21]
[1, 4, 7, 11, 17]
[16, 17, 18, 19, 20, 21, 22, 23, 24, 25, 26, 27, 28]


6
process id 4
stats
5, 17, 7, 100, 1000
20220822-122037
loosing coalitions taken
[1, 5, 6, 16, 20]
[2, 4, 5, 20]
[1, 3, 9, 10, 12]
[1, 3, 8, 11, 19]
[1, 4, 8, 13, 14]
[1, 3, 7, 15, 20]
[1, 2, 8, 12, 21]
[2, 4, 6, 11, 23]
[3, 4, 6, 12, 21]
[2, 3, 5, 26, 28]
[1, 2, 9, 11, 14]
[2, 3, 7, 8, 10]
[3, 4, 5, 17, 27]
[2, 3, 6, 14]
[1, 4, 7, 9, 17]
[1, 2, 7, 13, 23]
[16, 17, 18, 19, 20, 21, 22, 23, 24, 25, 26, 27, 28]


6
process id 3
stats
5, 17, 7, 100, 1000
20220822-122052
loosing coalitions taken
[3, 4, 6, 9, 22]
[1, 3, 7, 13, 22]
[1, 3, 9, 10, 11]
[1, 3, 8, 12, 19]
[1, 5, 6, 11, 25]
[1, 4, 8, 10, 15]
[2, 3, 6, 14]
[2, 4, 5, 20]
[2, 3, 5, 25]
[1, 2, 7, 14, 23]
[1, 2, 8, 11, 21]
[2, 4, 6, 16, 19]
[3, 4, 5, 17, 27]
[1, 4, 7, 9, 18]
[1, 2, 10, 12, 13]
[2, 3, 7, 8, 9]
[16, 17, 18, 19, 20, 21, 22, 23, 24, 25, 26, 27, 28]


6
process id 3
stats
5, 17, 7, 100, 1000
20220822-122129
loosing coalitions taken
[3, 4, 5, 17, 28]
[1, 3, 9, 10, 12]
[1, 4, 8, 13, 14]
[3, 4, 6, 14, 20]
[1, 2, 10, 11, 14]
[1, 3, 8, 15, 16]
[2, 4, 5, 20]
[2, 3, 6, 15, 27]
[1, 2, 7, 17, 18]
[2, 3, 5, 25]
[2, 4, 6, 12, 22]
[1, 5, 6, 9, 25]
[1, 4, 7, 10, 19]
[1, 3, 7, 11, 23]
[2, 3, 7, 8, 9]
[1, 2, 8, 12, 20]
[16, 17, 18, 19, 20, 21, 22, 23, 24, 25, 26, 27, 28]


6
process id 6
stats
5, 17, 7, 100, 1000
20220822-122308
loosing coalitions taken
[1, 5, 6, 9, 26]
[3, 4, 6, 9, 22]
[1, 3, 8, 12, 18]
[1, 2, 7, 11, 26]
[1, 3, 9, 10, 11]
[1, 2, 10, 12, 14]
[1, 2, 8, 15, 17]
[1, 4, 7, 10, 18]
[1, 3, 7, 16, 17]
[2, 4, 5, 20]
[2, 3, 5, 25]
[2, 3, 6, 13]
[3, 4, 5, 18, 27]
[2, 4, 6, 15, 21]
[2, 3, 7, 8, 10]
[1, 4, 8, 13, 14]
[16, 17, 18, 19, 20, 21, 22, 23, 24, 25, 26, 27, 28]


6
process id 4
stats
5, 17, 7, 100, 1000
20220822-122316
loosing coalitions taken
[1, 4, 7, 11, 17]
[3, 4, 6, 9, 22]
[1, 2, 7, 12, 26]
[1, 5, 6, 10, 26]
[2, 3, 7, 8, 9]
[2, 3, 5, 25]
[1, 2, 10, 11, 13]
[1, 2, 8, 15, 17]
[1, 3, 9, 10, 12]
[2, 4, 6, 11, 23]
[2, 4, 5, 20]
[2, 3, 6, 13]
[1, 4, 8, 13, 14]
[3, 4, 5, 17, 27]
[1, 3, 7, 15, 20]
[1, 3, 8, 11, 19]
[16, 17, 18, 19, 20, 21, 22, 23, 24, 25, 26, 27, 28]


7
process id 1
stats
5, 17, 7, 100, 1000
20220822-122345
loosing coalitions taken
[2, 3, 6, 16, 24]
[1, 2, 10, 11, 14]
[1, 3, 9, 10, 12]
[1, 2, 7, 9]
[1, 4, 8, 10, 15]
[2, 4, 6, 13, 22]
[1, 3, 8, 11, 19]
[3, 4, 6, 12, 21]
[3, 4, 5, 20, 23]
[3, 5, 6, 7, 15]
[2, 3, 7, 8, 10]
[1, 5, 6, 16, 18]
[1, 2, 8, 12, 21]
[2, 4, 5, 19]
[2, 3, 5, 27, 28]
[1, 3, 7, 13, 22]
[16, 17, 18, 19, 20, 21, 22, 23, 24, 25, 26, 27, 28]


6
process id 0
stats
5, 17, 7, 100, 1000
20220822-122350
loosing coalitions taken
[1, 4, 7, 9, 19]
[1, 3, 7, 15, 21]
[1, 2, 8, 11, 21]
[2, 4, 5, 20]
[1, 3, 8, 12, 19]
[1, 5, 6, 10, 25]
[1, 2, 7, 17, 18]
[2, 3, 6, 15, 25]
[1, 2, 10, 12, 13]
[3, 4, 5, 21, 24]
[3, 4, 6, 14, 20]
[2, 4, 6, 12, 22]
[2, 3, 7, 8, 10]
[1, 4, 8, 13, 14]
[1, 3, 9, 10, 11]
[2, 3, 5, 26, 28]
[16, 17, 18, 19, 20, 21, 22, 23, 24, 25, 26, 27, 28]


6
process id 6
stats
5, 17, 7, 100, 1000
20220822-122416
loosing coalitions taken
[1, 2, 10, 11, 14]
[1, 5, 6, 11, 25]
[1, 3, 7, 16, 19]
[1, 4, 8, 10, 15]
[2, 3, 7, 8, 9]
[2, 4, 5, 20]
[1, 2, 7, 13, 25]
[2, 3, 6, 15, 27]
[1, 3, 8, 11, 17]
[1, 3, 9, 10, 12]
[3, 4, 6, 9, 22]
[2, 4, 6, 16, 17]
[3, 4, 5, 17, 26]
[2, 3, 5, 25]
[1, 4, 7, 9, 18]
[1, 2, 8, 12, 21]
[16, 17, 18, 19, 20, 21, 22, 23, 24, 25, 26, 27, 28]


6
process id 1
stats
5, 17, 7, 100, 1000
20220822-122437
loosing coalitions taken
[1, 3, 8, 12, 19]
[2, 4, 5, 20]
[1, 4, 8, 13, 14]
[1, 2, 8, 15, 17]
[1, 4, 7, 9, 19]
[1, 5, 6, 11, 25]
[1, 2, 10, 12, 14]
[2, 3, 6, 16, 23]
[3, 4, 6, 15, 17]
[2, 3, 5, 25]
[2, 4, 6, 11, 24]
[3, 4, 5, 19, 26]
[2, 3, 7, 8, 10]
[1, 3, 9, 10, 11]
[1, 3, 7, 15, 21]
[1, 2, 7, 13, 23]
[16, 17, 18, 19, 20, 21, 22, 23, 24, 25, 26, 27, 28]


6
process id 0
stats
5, 17, 7, 100, 1000
20220822-122447
loosing coalitions taken
[1, 3, 7, 15, 21]
[3, 4, 6, 14, 20]
[1, 2, 7, 14, 24]
[1, 4, 8, 13, 14]
[1, 4, 7, 10, 18]
[2, 4, 5, 20, 28]
[3, 4, 5, 21, 23]
[1, 2, 9, 11, 13]
[2, 3, 6, 19, 21]
[2, 3, 7, 8, 9]
[2, 3, 5, 25]
[2, 4, 6, 16, 17]
[1, 2, 8, 15, 17]
[1, 5, 6, 10, 26]
[1, 3, 9, 10, 12]
[1, 3, 8, 11, 18]
[16, 17, 18, 19, 20, 21, 22, 23, 24, 25, 26, 27, 28]


6
process id 4
stats
5, 17, 7, 100, 1000
20220822-122509
loosing coalitions taken
[1, 2, 7, 9]
[3, 4, 5, 17, 27]
[1, 5, 6, 13, 24]
[3, 4, 6, 13, 21]
[1, 3, 8, 11, 18]
[2, 3, 5, 25]
[2, 4, 6, 16, 17]
[2, 3, 7, 8, 10]
[2, 3, 6, 14]
[1, 3, 9, 10, 12]
[1, 2, 8, 12, 20]
[1, 4, 7, 11, 17]
[1, 4, 8, 10, 15]
[2, 4, 5, 18]
[1, 3, 7, 13, 22]
[1, 2, 10, 11, 14]
[16, 17, 18, 19, 20, 21, 22, 23, 24, 25, 26, 27, 28]


6
process id 1
stats
5, 17, 7, 100, 1000
20220822-122549
loosing coalitions taken
[1, 4, 8, 13, 14]
[1, 3, 8, 15, 16]
[1, 2, 7, 14, 24]
[2, 3, 7, 8, 10]
[3, 4, 6, 15, 17]
[1, 3, 9, 10, 11]
[1, 5, 6, 12, 23]
[1, 2, 10, 12, 13]
[1, 4, 7, 11, 17]
[1, 2, 8, 9, 22]
[3, 4, 5, 18, 27]
[2, 3, 6, 19, 21]
[2, 4, 5, 19]
[1, 3, 7, 12, 22]
[2, 3, 5, 25]
[2, 4, 6, 9, 23]
[16, 17, 18, 19, 20, 21, 22, 23, 24, 25, 26, 27, 28]


6
process id 6
stats
5, 17, 7, 100, 1000
20220822-122627
loosing coalitions taken
[2, 4, 6, 14, 22]
[3, 4, 5, 17, 27]
[1, 2, 7, 16, 21]
[2, 3, 5, 25]
[1, 3, 7, 14, 22]
[1, 3, 9, 10, 11]
[1, 3, 8, 15, 16]
[1, 4, 7, 11, 17]
[3, 4, 6, 13, 20]
[1, 2, 10, 12, 13]
[2, 4, 5, 20]
[1, 4, 8, 12, 14]
[1, 5, 6, 16, 18]
[2, 3, 6, 19, 21]
[1, 2, 8, 11, 20]
[2, 3, 7, 8, 10]
[16, 17, 18, 19, 20, 21, 22, 23, 24, 25, 26, 27, 28]


6
process id 3
stats
5, 17, 7, 100, 1000
20220822-122719
loosing coalitions taken
[1, 3, 8, 15, 16]
[2, 4, 6, 11, 24]
[1, 2, 7, 9]
[1, 4, 8, 13, 14]
[2, 3, 6, 14]
[1, 2, 8, 12, 21]
[1, 3, 7, 13, 22]
[1, 2, 10, 11, 14]
[1, 4, 7, 11, 17]
[2, 3, 5, 27, 28]
[1, 3, 9, 10, 12]
[2, 4, 5, 20]
[1, 5, 6, 16, 20]
[3, 4, 5, 19, 25]
[2, 3, 7, 8, 10]
[3, 4, 6, 13, 20]
[16, 17, 18, 19, 20, 21, 22, 23, 24, 25, 26, 27, 28]


7
process id 7
stats
5, 17, 7, 100, 1000
20220822-122727
loosing coalitions taken
[1, 5, 6, 16, 20]
[1, 3, 8, 12, 17]
[1, 2, 8, 9, 22]
[1, 2, 7, 11, 26]
[1, 3, 9, 10, 11]
[1, 4, 7, 10, 19]
[1, 3, 7, 13, 22]
[1, 4, 8, 13, 14]
[2, 3, 5, 25]
[3, 4, 6, 15, 17]
[2, 3, 6, 13]
[3, 4, 5, 20, 24]
[1, 2, 10, 12, 14]
[2, 4, 5, 19]
[2, 4, 6, 14, 22]
[2, 3, 7, 8, 10]
[16, 17, 18, 19, 20, 21, 22, 23, 24, 25, 26, 27, 28]


6
process id 0
stats
5, 17, 7, 100, 1000
20220822-122808
loosing coalitions taken
[2, 4, 5, 20]
[1, 4, 8, 10, 15]
[1, 5, 6, 12, 24]
[1, 2, 7, 9]
[3, 4, 6, 13, 21]
[1, 2, 10, 11, 13]
[2, 3, 7, 8, 10]
[1, 3, 7, 15, 20]
[2, 4, 6, 11, 23]
[1, 3, 8, 11, 18]
[2, 3, 5, 27, 28]
[1, 3, 9, 10, 12]
[3, 4, 5, 17, 26]
[2, 3, 6, 16, 24]
[1, 4, 7, 11, 17]
[1, 2, 8, 12, 20]
[16, 17, 18, 19, 20, 21, 22, 23, 24, 25, 26, 27, 28]


6
process id 7
stats
5, 17, 7, 100, 1000
20220822-122917
loosing coalitions taken
[1, 3, 9, 10, 12]
[2, 3, 5, 25]
[1, 4, 8, 10, 15]
[3, 4, 6, 13, 21]
[2, 4, 6, 16, 18]
[1, 3, 8, 11, 18]
[1, 5, 6, 16, 20]
[1, 2, 8, 13, 20]
[2, 4, 5, 20]
[3, 4, 5, 17, 28]
[2, 3, 6, 15, 27]
[1, 2, 7, 15, 22]
[1, 4, 7, 9, 18]
[1, 3, 7, 16, 17]
[2, 3, 7, 8, 10]
[1, 2, 9, 11, 14]
[16, 17, 18, 19, 20, 21, 22, 23, 24, 25, 26, 27, 28]


6
process id 6
stats
5, 17, 7, 100, 1000
20220822-122928
loosing coalitions taken
[1, 2, 7, 15, 22]
[1, 2, 9, 12, 13]
[3, 4, 6, 13, 21]
[2, 3, 7, 8, 10]
[1, 4, 7, 9, 19]
[2, 4, 5, 20]
[1, 5, 6, 10, 25]
[1, 3, 8, 12, 19]
[1, 3, 9, 10, 11]
[2, 3, 6, 14]
[2, 3, 5, 25]
[2, 4, 6, 9, 24]
[1, 2, 8, 11, 20]
[1, 3, 7, 16, 17]
[1, 4, 8, 13, 14]
[3, 4, 5, 17, 28]
[16, 17, 18, 19, 20, 21, 22, 23, 24, 25, 26, 27, 28]


6
process id 2
stats
5, 17, 7, 100, 1000
20220822-122935
loosing coalitions taken
[1, 3, 7, 16, 17]
[2, 4, 6, 11, 23]
[2, 4, 5, 20]
[1, 4, 8, 13, 14]
[2, 3, 7, 8, 10]
[1, 2, 8, 15, 17]
[3, 4, 6, 13, 21]
[1, 4, 7, 9, 19]
[1, 2, 10, 12, 14]
[1, 2, 7, 13, 25]
[1, 3, 9, 10, 11]
[1, 5, 6, 9, 25]
[2, 3, 5, 25]
[3, 4, 5, 17, 28]
[1, 3, 8, 12, 18]
[2, 3, 6, 14]
[16, 17, 18, 19, 20, 21, 22, 23, 24, 25, 26, 27, 28]


6
process id 2
stats
5, 17, 7, 100, 1000
20220822-123035
loosing coalitions taken
[1, 2, 7, 16, 21]
[1, 4, 7, 9, 18]
[1, 3, 8, 11, 17]
[1, 2, 9, 11, 14]
[1, 5, 6, 11, 25]
[1, 3, 9, 10, 12]
[2, 4, 5, 20]
[2, 3, 6, 13]
[2, 4, 6, 16, 17]
[2, 3, 5, 25]
[1, 3, 7, 14, 22]
[3, 4, 5, 17, 27]
[2, 3, 7, 8, 10]
[1, 2, 8, 13, 20]
[3, 4, 6, 14, 20]
[1, 4, 8, 10, 15]
[16, 17, 18, 19, 20, 21, 22, 23, 24, 25, 26, 27, 28]


6
process id 7
stats
5, 17, 7, 100, 1000
20220822-123111
loosing coalitions taken
[1, 4, 7, 11, 17]
[1, 3, 8, 12, 17]
[1, 2, 8, 11, 21]
[2, 4, 5, 20]
[1, 2, 9, 12, 14]
[1, 3, 9, 10, 11]
[1, 5, 6, 12, 23]
[2, 3, 6, 19, 21]
[1, 3, 7, 16, 19]
[2, 3, 5, 25]
[2, 3, 7, 8, 9]
[1, 4, 8, 13, 14]
[1, 2, 7, 13, 24]
[2, 4, 6, 16, 17]
[3, 4, 6, 9, 22]
[3, 4, 5, 21, 24]
[16, 17, 18, 19, 20, 21, 22, 23, 24, 25, 26, 27, 28]


6
process id 6
stats
5, 17, 7, 100, 1000
20220822-123134
loosing coalitions taken
[1, 4, 8, 10, 15]
[1, 2, 9, 11, 13]
[3, 4, 5, 18, 27]
[1, 4, 7, 9, 18]
[1, 3, 9, 10, 12]
[1, 3, 7, 15, 20]
[1, 3, 8, 11, 17]
[2, 3, 6, 14]
[1, 2, 7, 17, 19]
[3, 4, 6, 9, 22]
[2, 4, 5, 19]
[2, 3, 5, 25]
[2, 4, 6, 15, 20]
[1, 5, 6, 11, 23]
[1, 2, 8, 14, 18]
[2, 3, 7, 8, 10]
[16, 17, 18, 19, 20, 21, 22, 23, 24, 25, 26, 27, 28]


6
process id 1
stats
5, 17, 7, 100, 1000
20220822-123142
loosing coalitions taken
[1, 3, 8, 12, 18]
[3, 4, 6, 13, 21]
[2, 3, 6, 16, 24]
[1, 2, 10, 12, 14]
[2, 4, 6, 11, 23]
[3, 4, 5, 20, 24]
[1, 4, 8, 10, 15]
[2, 3, 5, 25]
[1, 3, 7, 15, 21]
[1, 3, 9, 10, 11]
[1, 2, 8, 13, 20]
[1, 5, 6, 13, 23]
[1, 4, 7, 14, 16]
[2, 4, 5, 18]
[1, 2, 7, 9, 27]
[2, 3, 7, 8, 10]
[16, 17, 18, 19, 20, 21, 22, 23, 24, 25, 26, 27, 28]


6
process id 2
stats
5, 17, 7, 100, 1000
20220822-123158
loosing coalitions taken
[1, 2, 10, 11, 13]
[1, 4, 7, 9, 19]
[2, 3, 7, 8, 9]
[2, 4, 5, 20]
[1, 3, 8, 11, 18]
[1, 4, 8, 13, 14]
[1, 3, 9, 10, 12]
[1, 2, 7, 14, 24]
[3, 4, 6, 12, 21]
[2, 3, 6, 13]
[1, 5, 6, 10, 26]
[2, 3, 5, 25, 27]
[2, 4, 6, 16, 17]
[1, 3, 7, 13, 22]
[1, 2, 8, 12, 21]
[3, 4, 5, 17, 26]
[16, 17, 18, 19, 20, 21, 22, 23, 24, 25, 26, 27, 28]


6
process id 2
stats
5, 17, 7, 100, 1000
20220822-123408
loosing coalitions taken
[1, 2, 7, 9]
[3, 4, 5, 21, 24]
[1, 4, 8, 10, 15]
[2, 4, 5, 20]
[3, 4, 6, 9, 22]
[1, 3, 8, 11, 18]
[1, 2, 8, 12, 21]
[2, 3, 6, 13]
[2, 3, 5, 25]
[1, 5, 6, 14, 22]
[1, 3, 9, 10, 12]
[2, 3, 7, 8, 10]
[1, 4, 7, 11, 17]
[2, 4, 6, 16, 17]
[1, 2, 10, 11, 13]
[1, 3, 7, 13, 22]
[16, 17, 18, 19, 20, 21, 22, 23, 24, 25, 26, 27, 28]


7
process id 5
stats
5, 17, 7, 100, 1000
20220822-124601
loosing coalitions taken
[1, 4, 7, 11, 17]
[1, 2, 8, 12, 21]
[2, 4, 5, 20]
[1, 2, 10, 11, 13]
[1, 3, 8, 11, 19]
[1, 4, 8, 10, 15]
[1, 3, 9, 10, 12]
[1, 3, 7, 15, 20]
[2, 3, 7, 8, 9]
[1, 2, 7, 14, 24]
[2, 3, 6, 14]
[1, 5, 6, 16, 18]
[2, 4, 6, 9, 25]
[3, 4, 5, 17, 28]
[2, 3, 5, 25]
[3, 4, 6, 13, 21]
[16, 17, 18, 19, 20, 21, 22, 23, 24, 25, 26, 27, 28]


6
process id 5
stats
5, 17, 7, 100, 1000
20220822-124649
loosing coalitions taken
[2, 3, 5, 25]
[1, 2, 8, 13, 20]
[3, 4, 6, 15, 17]
[1, 2, 7, 16, 21]
[1, 2, 10, 11, 14]
[1, 5, 6, 16, 20]
[1, 3, 8, 11, 18]
[1, 3, 9, 10, 12]
[1, 4, 8, 9, 15]
[2, 4, 5, 20]
[2, 3, 6, 16, 24]
[3, 4, 5, 21, 24]
[1, 3, 7, 13, 22]
[2, 4, 6, 11, 23]
[2, 3, 7, 8, 9]
[1, 4, 7, 10, 17]
[16, 17, 18, 19, 20, 21, 22, 23, 24, 25, 26, 27, 28]


7
process id 0
stats
5, 17, 7, 100, 1000
20220822-124710
loosing coalitions taken
[1, 4, 8, 13, 14]
[1, 2, 7, 10, 27]
[1, 2, 9, 11, 13]
[2, 3, 7, 8, 9]
[2, 4, 5, 20]
[1, 2, 8, 12, 21]
[1, 3, 7, 15, 21]
[1, 3, 8, 11, 18]
[1, 3, 9, 10, 12]
[1, 4, 7, 11, 17]
[3, 4, 6, 13, 20]
[2, 3, 5, 25, 27]
[2, 3, 6, 14]
[1, 5, 6, 14, 22]
[2, 4, 6, 16, 19]
[3, 4, 5, 18, 26]
[16, 17, 18, 19, 20, 21, 22, 23, 24, 25, 26, 27, 28]


7
process id 0
stats
5, 17, 7, 100, 1000
20220822-124903
loosing coalitions taken
[1, 4, 7, 10, 19]
[2, 4, 6, 12, 23]
[1, 2, 10, 12, 14]
[1, 2, 7, 17, 18]
[3, 4, 6, 15, 17]
[1, 5, 6, 13, 24]
[1, 3, 7, 14, 22]
[2, 3, 5, 25]
[2, 3, 7, 8, 10]
[2, 4, 5, 20]
[1, 4, 8, 9, 15]
[2, 3, 6, 14]
[1, 3, 8, 12, 18]
[1, 2, 8, 11, 21]
[1, 3, 9, 10, 11]
[3, 4, 5, 19, 26]
[16, 17, 18, 19, 20, 21, 22, 23, 24, 25, 26, 27, 28]


7
process id 0
stats
5, 17, 7, 100, 1000
20220822-124920
loosing coalitions taken
[2, 3, 6, 15, 27]
[1, 4, 7, 11, 17]
[3, 4, 6, 14, 20]
[2, 4, 6, 11, 23]
[1, 5, 6, 16, 20]
[1, 2, 10, 12, 13]
[1, 3, 7, 13, 22]
[1, 3, 9, 10, 11]
[1, 2, 7, 9]
[3, 4, 5, 17, 26]
[1, 4, 8, 13, 14]
[1, 2, 8, 11, 21]
[2, 3, 5, 25]
[3, 4, 6, 15, 17]
[2, 4, 5, 19]
[1, 3, 8, 12, 18]
[16, 17, 18, 19, 20, 21, 22, 23, 24, 25, 26, 27, 28]


6
process id 5
stats
5, 17, 7, 100, 1000
20220822-124957
loosing coalitions taken
[1, 2, 7, 11, 27]
[1, 3, 8, 12, 18]
[2, 4, 6, 12, 23]
[1, 4, 8, 13, 14]
[1, 4, 7, 10, 19]
[1, 3, 7, 16, 17]
[2, 3, 6, 16, 24]
[1, 2, 8, 9, 22]
[1, 3, 9, 10, 11]
[2, 4, 5, 20]
[3, 4, 5, 17, 25]
[3, 4, 6, 13, 20]
[1, 5, 6, 11, 23]
[1, 2, 10, 12, 13]
[2, 3, 7, 8, 10]
[2, 3, 5, 26, 28]
[16, 17, 18, 19, 20, 21, 22, 23, 24, 25, 26, 27, 28]


6
process id 0
stats
5, 17, 7, 100, 1000
20220822-125006
loosing coalitions taken
[1, 3, 9, 10, 11]
[1, 3, 7, 15, 21]
[2, 3, 5, 25]
[1, 2, 8, 15, 17]
[2, 4, 6, 16, 18]
[1, 2, 10, 12, 13]
[1, 2, 7, 11, 27]
[1, 4, 7, 10, 17]
[1, 5, 6, 11, 25]
[3, 4, 5, 17, 26]
[2, 3, 7, 8, 10]
[2, 4, 5, 20]
[2, 3, 6, 13]
[1, 3, 8, 12, 18]
[1, 4, 8, 13, 14]
[3, 4, 6, 14, 20]
[16, 17, 18, 19, 20, 21, 22, 23, 24, 25, 26, 27, 28]


6
process id 5
stats
5, 17, 7, 100, 1000
20220822-125028
loosing coalitions taken
[1, 2, 7, 17, 19]
[1, 3, 8, 11, 19]
[1, 4, 7, 10, 18]
[2, 4, 5, 20]
[1, 2, 8, 9, 22]
[1, 2, 10, 11, 13]
[1, 3, 7, 15, 21]
[2, 3, 5, 25]
[2, 4, 6, 11, 23]
[1, 3, 9, 10, 12]
[1, 5, 6, 16, 20]
[3, 4, 5, 21, 24]
[2, 3, 7, 8, 10]
[2, 3, 6, 13]
[1, 4, 8, 13, 14]
[3, 4, 6, 9, 22]
[16, 17, 18, 19, 20, 21, 22, 23, 24, 25, 26, 27, 28]


6
process id 5
stats
5, 17, 7, 100, 1000
20220822-125042
loosing coalitions taken
[1, 3, 8, 11, 18]
[1, 5, 6, 16, 20]
[2, 3, 5, 25]
[2, 4, 6, 11, 23]
[1, 4, 7, 10, 19]
[3, 4, 6, 13, 21]
[1, 2, 8, 15, 17]
[1, 4, 8, 13, 14]
[1, 3, 7, 16, 17]
[2, 4, 5, 18]
[2, 3, 7, 8, 9]
[1, 2, 10, 11, 13]
[2, 3, 6, 14]
[1, 3, 9, 10, 12]
[1, 2, 7, 14, 24]
[3, 4, 5, 17, 28]
[16, 17, 18, 19, 20, 21, 22, 23, 24, 25, 26, 27, 28]


6
process id 0
stats
5, 17, 7, 100, 1000
20220822-125044
loosing coalitions taken
[1, 4, 7, 11, 17]
[1, 3, 8, 12, 19]
[1, 4, 8, 13, 14]
[1, 2, 7, 10, 28]
[1, 5, 6, 12, 24]
[2, 4, 5, 20, 28]
[3, 4, 5, 18, 26]
[3, 4, 6, 14, 20]
[2, 4, 6, 16, 18]
[2, 3, 5, 25]
[1, 3, 9, 10, 11]
[1, 3, 7, 15, 21]
[2, 3, 6, 19, 21]
[1, 2, 8, 11, 20]
[1, 2, 9, 12, 14]
[2, 3, 7, 8, 9]
[16, 17, 18, 19, 20, 21, 22, 23, 24, 25, 26, 27, 28]


7
process id 5
stats
5, 17, 7, 100, 1000
20220822-125718
loosing coalitions taken
[1, 2, 7, 9]
[3, 4, 6, 13, 21]
[2, 3, 5, 25]
[1, 3, 8, 11, 19]
[1, 4, 8, 10, 15]
[2, 3, 6, 15, 26]
[1, 5, 6, 12, 24]
[1, 3, 9, 10, 12]
[3, 4, 5, 17, 27]
[1, 2, 10, 11, 13]
[2, 3, 7, 8, 10]
[2, 4, 6, 16, 19]
[2, 4, 5, 20]
[1, 4, 7, 11, 17]
[1, 2, 8, 14, 18]
[1, 3, 7, 16, 18]
[16, 17, 18, 19, 20, 21, 22, 23, 24, 25, 26, 27, 28]


6
process id 5
stats
5, 17, 7, 100, 1000
20220822-125732
loosing coalitions taken
[1, 5, 6, 10, 26]
[1, 3, 9, 10, 12]
[2, 3, 7, 8, 10]
[1, 2, 9, 11, 14]
[1, 4, 8, 13, 14]
[2, 4, 5, 20]
[2, 3, 6, 16, 24]
[1, 3, 8, 11, 19]
[3, 4, 6, 15, 17]
[1, 2, 8, 12, 21]
[2, 3, 5, 25]
[3, 4, 5, 21, 24]
[1, 2, 7, 13, 25]
[2, 4, 6, 9, 25]
[1, 3, 7, 16, 17]
[1, 4, 7, 9, 18]
[16, 17, 18, 19, 20, 21, 22, 23, 24, 25, 26, 27, 28]


6
process id 5
stats
5, 17, 7, 100, 1000
20220822-125912
loosing coalitions taken
[1, 4, 8, 10, 15]
[2, 4, 6, 13, 22]
[1, 3, 7, 14, 22]
[2, 5, 6, 7, 16]
[2, 4, 5, 21, 26]
[1, 2, 7, 17, 19]
[1, 2, 8, 11, 21]
[1, 5, 6, 12, 24]
[1, 2, 10, 12, 14]
[1, 3, 9, 10, 11]
[2, 3, 5, 25]
[2, 3, 7, 8, 9]
[1, 3, 8, 12, 19]
[2, 3, 6, 15, 26]
[3, 4, 5, 17, 28]
[3, 4, 6, 14, 20]
[16, 17, 18, 19, 20, 21, 22, 23, 24, 25, 26, 27, 28]


6
process id 5
stats
5, 17, 7, 100, 1000
20220822-130019
loosing coalitions taken
[1, 2, 8, 12, 21]
[1, 2, 7, 15, 22]
[2, 4, 5, 20]
[1, 4, 8, 9, 15]
[2, 3, 5, 26, 27]
[2, 3, 7, 8, 10]
[2, 4, 6, 14, 22]
[3, 4, 5, 21, 23]
[2, 3, 6, 16, 23]
[1, 3, 7, 16, 19]
[1, 5, 6, 16, 20]
[3, 4, 6, 15, 17]
[1, 3, 9, 10, 12]
[1, 2, 9, 11, 14]
[1, 3, 8, 11, 18]
[1, 4, 7, 11, 17]
[16, 17, 18, 19, 20, 21, 22, 23, 24, 25, 26, 27, 28]


6
process id 5
stats
5, 17, 7, 100, 1000
20220822-130103
loosing coalitions taken
[1, 2, 7, 9, 28]
[1, 4, 8, 10, 15]
[1, 5, 6, 11, 23]
[1, 3, 7, 16, 19]
[2, 4, 5, 20]
[2, 3, 5, 26, 28]
[1, 2, 8, 12, 21]
[1, 3, 8, 11, 17]
[3, 4, 6, 15, 17]
[2, 4, 6, 9, 24]
[1, 2, 10, 11, 13]
[2, 3, 6, 14]
[2, 5, 6, 7, 16]
[1, 3, 9, 10, 12]
[3, 4, 5, 18, 25]
[2, 3, 7, 8, 10]
[16, 17, 18, 19, 20, 21, 22, 23, 24, 25, 26, 27, 28]


6
process id 5
stats
5, 17, 7, 100, 1000
20220822-130232
loosing coalitions taken
[1, 4, 8, 13, 14]
[1, 2, 8, 9, 22]
[2, 4, 5, 20]
[1, 5, 6, 9, 26]
[3, 4, 6, 15, 17]
[1, 4, 7, 10, 19]
[1, 2, 7, 11, 27]
[1, 3, 8, 12, 19]
[1, 3, 7, 13, 22]
[2, 3, 6, 14]
[1, 3, 9, 10, 11]
[2, 3, 5, 25]
[3, 4, 5, 18, 26]
[2, 4, 6, 11, 23]
[1, 2, 10, 12, 14]
[2, 3, 7, 8, 10]
[16, 17, 18, 19, 20, 21, 22, 23, 24, 25, 26, 27, 28]


7
process id 5
stats
5, 17, 7, 100, 1000
20220822-130442
loosing coalitions taken
[1, 3, 7, 15, 21]
[2, 3, 6, 14]
[2, 4, 5, 20]
[1, 2, 10, 12, 13]
[1, 4, 7, 9, 17]
[1, 2, 7, 14, 23]
[1, 5, 6, 16, 20]
[3, 4, 5, 18, 26]
[1, 3, 8, 12, 18]
[2, 4, 6, 16, 17]
[3, 4, 6, 9, 22]
[1, 4, 8, 10, 15]
[1, 2, 8, 11, 21]
[2, 3, 5, 25]
[1, 3, 9, 10, 11]
[2, 3, 7, 8, 9]
[16, 17, 18, 19, 20, 21, 22, 23, 24, 25, 26, 27, 28]


7
process id 0
stats
5, 17, 7, 100, 1000
20220822-130505
loosing coalitions taken
[3, 4, 5, 18, 27]
[1, 3, 7, 15, 21]
[2, 3, 5, 25]
[2, 4, 6, 14, 22]
[3, 4, 6, 13, 21]
[1, 3, 8, 12, 17]
[1, 2, 7, 11, 27]
[1, 5, 6, 13, 24]
[1, 2, 10, 12, 14]
[2, 3, 7, 8, 10]
[2, 4, 5, 20]
[1, 2, 8, 13, 20]
[1, 4, 8, 11, 14]
[1, 4, 7, 10, 18]
[2, 3, 6, 16, 23]
[1, 3, 9, 10, 11]
[16, 17, 18, 19, 20, 21, 22, 23, 24, 25, 26, 27, 28]


6
process id 0
stats
5, 17, 7, 100, 1000
20220822-130514
loosing coalitions taken
[1, 3, 8, 15, 16]
[1, 2, 9, 11, 14]
[2, 4, 6, 16, 17]
[2, 3, 5, 25]
[1, 5, 6, 16, 20]
[1, 4, 7, 10, 18]
[2, 4, 5, 18]
[2, 3, 6, 14]
[1, 3, 7, 14, 22]
[2, 3, 7, 8, 10]
[1, 2, 8, 12, 21]
[3, 4, 6, 11, 21]
[1, 3, 9, 10, 12]
[3, 4, 5, 20, 23]
[1, 2, 7, 13, 24]
[1, 4, 8, 13, 14]
[16, 17, 18, 19, 20, 21, 22, 23, 24, 25, 26, 27, 28]


7
process id 0
stats
5, 17, 7, 100, 1000
20220822-130753
loosing coalitions taken
[1, 5, 6, 16, 20]
[1, 2, 8, 13, 20]
[1, 4, 7, 10, 18]
[1, 3, 8, 15, 16]
[1, 3, 7, 13, 22]
[2, 4, 6, 12, 23]
[1, 2, 7, 17, 19]
[2, 3, 6, 14]
[1, 3, 9, 10, 12]
[2, 3, 5, 25]
[2, 4, 5, 19]
[1, 2, 10, 11, 14]
[3, 4, 5, 18, 26]
[2, 3, 7, 8, 10]
[3, 4, 6, 9, 22]
[1, 4, 8, 12, 14]
[16, 17, 18, 19, 20, 21, 22, 23, 24, 25, 26, 27, 28]


6
process id 0
stats
5, 17, 7, 100, 1000
20220822-130923
loosing coalitions taken
[1, 5, 6, 10, 26]
[1, 3, 7, 15, 20]
[3, 4, 5, 18, 27]
[1, 2, 8, 14, 20]
[2, 4, 5, 20]
[1, 3, 9, 10, 11]
[1, 2, 9, 12, 13]
[1, 3, 8, 12, 19]
[1, 4, 8, 9, 15]
[2, 4, 6, 9, 23]
[1, 2, 7, 11, 26]
[2, 3, 5, 26, 28]
[2, 3, 6, 13]
[2, 3, 7, 8, 10]
[3, 4, 6, 15, 17]
[1, 4, 7, 14, 16]
[16, 17, 18, 19, 20, 21, 22, 23, 24, 25, 26, 27, 28]


6
process id 0
stats
5, 17, 7, 100, 1000
20220822-130950
loosing coalitions taken
[1, 3, 8, 12, 19]
[1, 4, 8, 13, 14]
[3, 4, 6, 14, 20]
[2, 4, 6, 12, 23]
[1, 4, 7, 10, 18]
[1, 2, 7, 11, 26]
[1, 3, 7, 16, 17]
[2, 3, 5, 25]
[2, 4, 5, 20]
[3, 4, 5, 17, 26]
[2, 3, 6, 15, 26]
[1, 5, 6, 13, 22]
[1, 2, 10, 12, 13]
[1, 2, 8, 9, 22]
[1, 3, 9, 10, 11]
[2, 3, 7, 8, 10]
[16, 17, 18, 19, 20, 21, 22, 23, 24, 25, 26, 27, 28]


6
process id 0
stats
5, 17, 7, 100, 1000
20220822-131010
loosing coalitions taken
[3, 4, 6, 15, 17]
[1, 3, 9, 10, 12]
[3, 4, 5, 20, 23]
[1, 3, 8, 11, 18]
[1, 2, 9, 11, 13]
[1, 4, 7, 10, 18]
[1, 4, 8, 13, 14]
[1, 3, 7, 16, 19]
[1, 2, 7, 14, 23]
[1, 2, 8, 12, 21]
[2, 4, 6, 11, 24]
[1, 5, 6, 13, 23]
[2, 3, 6, 14]
[2, 4, 5, 19]
[2, 3, 5, 25]
[2, 3, 7, 8, 10]
[16, 17, 18, 19, 20, 21, 22, 23, 24, 25, 26, 27, 28]


7
process id 5
stats
5, 17, 7, 100, 1000
20220822-131014
loosing coalitions taken
[1, 2, 7, 12, 26]
[1, 3, 9, 10, 12]
[1, 3, 8, 11, 18]
[1, 4, 8, 13, 14]
[1, 5, 6, 13, 23]
[1, 2, 10, 11, 14]
[2, 3, 5, 25, 28]
[3, 4, 5, 18, 26]
[3, 4, 6, 14, 20]
[2, 4, 5, 20]
[1, 4, 7, 9, 18]
[1, 3, 7, 15, 21]
[2, 3, 6, 18, 21]
[2, 3, 7, 8, 9]
[2, 4, 6, 16, 17]
[1, 2, 8, 15, 17]
[16, 17, 18, 19, 20, 21, 22, 23, 24, 25, 26, 27, 28]


6
process id 5
stats
5, 17, 7, 100, 1000
20220822-131016
loosing coalitions taken
[1, 3, 8, 11, 19]
[2, 4, 5, 20]
[2, 3, 5, 25]
[3, 4, 5, 21, 23]
[2, 4, 6, 9, 25]
[3, 4, 6, 15, 17]
[1, 2, 10, 11, 13]
[1, 3, 7, 13, 22]
[1, 5, 6, 12, 24]
[1, 3, 9, 10, 12]
[2, 3, 6, 14]
[1, 2, 8, 12, 21]
[1, 2, 7, 9]
[2, 4, 6, 16, 18]
[1, 5, 6, 10, 25]
[1, 4, 8, 11, 14]
[16, 17, 18, 19, 20, 21, 22, 23, 24, 25, 26, 27, 28]


6
process id 0
stats
5, 17, 7, 100, 1000
20220822-131118
loosing coalitions taken
[2, 4, 6, 11, 24]
[1, 2, 8, 9, 22]
[1, 3, 9, 10, 12]
[1, 3, 7, 11, 23]
[1, 2, 10, 11, 14]
[1, 4, 8, 13, 14]
[1, 2, 7, 17, 19]
[2, 4, 5, 22, 23]
[3, 4, 5, 21, 24]
[1, 4, 7, 10, 18]
[2, 3, 6, 14]
[2, 3, 5, 25]
[1, 5, 6, 16, 18]
[2, 3, 7, 8, 10]
[3, 4, 6, 13, 20]
[1, 3, 8, 15, 16]
[16, 17, 18, 19, 20, 21, 22, 23, 24, 25, 26, 27, 28]


6
process id 5
stats
5, 17, 7, 100, 1000
20220822-131133
loosing coalitions taken
[2, 3, 6, 16, 24]
[1, 3, 9, 10, 12]
[1, 3, 7, 15, 20]
[3, 4, 6, 13, 20]
[1, 2, 8, 12, 21]
[2, 3, 7, 8, 10]
[2, 4, 6, 11, 23]
[3, 4, 5, 21, 24]
[2, 3, 5, 25]
[2, 4, 5, 20]
[1, 4, 7, 10, 17]
[1, 5, 6, 13, 24]
[1, 2, 10, 11, 13]
[1, 2, 7, 9, 27]
[1, 4, 8, 9, 15]
[1, 3, 8, 11, 17]
[16, 17, 18, 19, 20, 21, 22, 23, 24, 25, 26, 27, 28]


6
process id 0
stats
5, 17, 7, 100, 1000
20220822-131144
loosing coalitions taken
[1, 3, 7, 13, 22]
[3, 4, 6, 13, 20]
[1, 2, 7, 9]
[2, 3, 6, 14]
[1, 5, 6, 11, 24]
[3, 4, 5, 17, 25]
[2, 4, 6, 16, 17]
[2, 3, 7, 8, 10]
[1, 3, 8, 12, 17]
[1, 3, 9, 10, 11]
[2, 4, 5, 20]
[1, 2, 10, 12, 13]
[1, 4, 8, 10, 15]
[1, 2, 8, 14, 18]
[2, 3, 5, 27, 28]
[1, 4, 7, 14, 16]
[16, 17, 18, 19, 20, 21, 22, 23, 24, 25, 26, 27, 28]


6
process id 5
stats
5, 17, 7, 100, 1000
20220822-131213
loosing coalitions taken
[1, 2, 7, 13, 25]
[2, 4, 6, 9, 25]
[1, 3, 7, 15, 21]
[3, 4, 6, 15, 17]
[1, 4, 8, 13, 14]
[1, 4, 7, 10, 19]
[2, 4, 5, 20]
[1, 5, 6, 13, 23]
[1, 2, 10, 11, 14]
[1, 2, 8, 15, 17]
[1, 3, 9, 10, 12]
[2, 3, 6, 19, 21]
[3, 4, 5, 18, 27]
[2, 3, 5, 25]
[2, 3, 7, 8, 9]
[1, 3, 8, 11, 19]
[16, 17, 18, 19, 20, 21, 22, 23, 24, 25, 26, 27, 28]


6
process id 5
stats
5, 17, 7, 100, 1000
20220822-131237
loosing coalitions taken
[1, 2, 9, 11, 14]
[1, 5, 6, 13, 23]
[1, 3, 8, 11, 18]
[1, 3, 9, 10, 12]
[1, 2, 7, 17, 19]
[1, 4, 8, 13, 14]
[2, 4, 6, 10, 23]
[3, 4, 6, 12, 21]
[2, 3, 6, 13]
[2, 4, 5, 20]
[1, 3, 7, 15, 21]
[3, 4, 5, 17, 28]
[1, 4, 7, 9, 18]
[2, 3, 5, 25]
[1, 2, 8, 12, 21]
[2, 3, 7, 8, 10]
[16, 17, 18, 19, 20, 21, 22, 23, 24, 25, 26, 27, 28]


7
process id 0
stats
5, 17, 7, 100, 1000
20220822-132205
loosing coalitions taken
[1, 4, 7, 11, 17]
[1, 4, 8, 9, 15]
[1, 3, 8, 12, 17]
[2, 4, 5, 20]
[2, 3, 6, 15, 27]
[1, 5, 6, 10, 26]
[1, 2, 9, 12, 14]
[1, 3, 9, 10, 11]
[3, 4, 6, 13, 21]
[2, 3, 5, 25]
[3, 4, 5, 19, 26]
[1, 2, 7, 15, 22]
[1, 2, 8, 11, 20]
[2, 4, 6, 12, 22]
[1, 3, 7, 16, 18]
[2, 3, 7, 8, 10]
[16, 17, 18, 19, 20, 21, 22, 23, 24, 25, 26, 27, 28]


6
process id 0
stats
5, 17, 7, 100, 1000
20220822-132234
loosing coalitions taken
[1, 2, 10, 11, 13]
[1, 3, 8, 11, 17]
[1, 3, 7, 16, 18]
[3, 4, 5, 17, 27]
[1, 3, 9, 10, 12]
[1, 4, 8, 13, 14]
[1, 2, 8, 9, 22]
[2, 4, 5, 21, 26]
[1, 2, 7, 12, 26]
[2, 3, 7, 8, 10]
[2, 3, 5, 25]
[1, 4, 7, 10, 19]
[2, 4, 6, 9, 24]
[2, 3, 6, 14]
[1, 5, 6, 11, 23]
[3, 4, 6, 13, 20]
[16, 17, 18, 19, 20, 21, 22, 23, 24, 25, 26, 27, 28]


7
process id 5
stats
5, 17, 7, 100, 1000
20220822-133209
loosing coalitions taken
[3, 4, 5, 18, 26]
[2, 3, 6, 16, 23]
[1, 4, 7, 11, 17]
[1, 3, 9, 10, 11]
[1, 5, 6, 13, 24]
[3, 4, 6, 14, 20]
[1, 4, 8, 13, 14]
[1, 3, 8, 12, 17]
[2, 4, 5, 20]
[2, 3, 7, 8, 9]
[1, 2, 9, 12, 14]
[2, 3, 5, 25]
[1, 2, 8, 11, 21]
[1, 3, 7, 13, 22]
[2, 4, 6, 11, 22]
[1, 2, 7, 10, 28]
[16, 17, 18, 19, 20, 21, 22, 23, 24, 25, 26, 27, 28]


6
process id 5
stats
5, 17, 7, 100, 1000
20220822-133428
loosing coalitions taken
[1, 4, 8, 10, 15]
[1, 2, 7, 9]
[2, 4, 6, 11, 24]
[3, 4, 5, 20, 23]
[1, 5, 6, 16, 20]
[1, 3, 8, 11, 19]
[1, 3, 7, 16, 18]
[2, 3, 6, 16, 23]
[2, 3, 7, 8, 10]
[2, 3, 5, 25]
[1, 2, 10, 11, 14]
[3, 4, 6, 13, 21]
[1, 4, 7, 11, 17]
[2, 4, 5, 18]
[1, 2, 8, 12, 21]
[1, 3, 9, 10, 12]
[16, 17, 18, 19, 20, 21, 22, 23, 24, 25, 26, 27, 28]


7
process id 5
stats
5, 17, 7, 100, 1000
20220822-133955
loosing coalitions taken
[3, 4, 5, 19, 26]
[2, 4, 6, 11, 24]
[1, 2, 7, 11, 26]
[2, 4, 5, 21, 28]
[1, 2, 9, 12, 13]
[2, 3, 5, 25]
[3, 4, 6, 12, 21]
[1, 4, 7, 10, 17]
[1, 4, 8, 9, 15]
[1, 3, 9, 10, 11]
[1, 3, 7, 15, 20]
[2, 3, 7, 8, 9]
[1, 3, 8, 12, 17]
[2, 3, 6, 14]
[1, 5, 6, 16, 19]
[1, 2, 8, 14, 20]
[16, 17, 18, 19, 20, 21, 22, 23, 24, 25, 26, 27, 28]


6
process id 5
stats
5, 17, 7, 100, 1000
20220822-134031
loosing coalitions taken
[1, 2, 7, 16, 21]
[1, 4, 8, 9, 15]
[2, 3, 6, 15, 27]
[2, 3, 7, 8, 10]
[2, 3, 5, 25]
[3, 4, 6, 14, 20]
[1, 3, 8, 12, 18]
[1, 3, 9, 10, 11]
[1, 3, 7, 14, 22]
[1, 4, 7, 10, 18]
[1, 5, 6, 16, 20]
[3, 4, 5, 18, 27]
[2, 4, 6, 9, 25]
[1, 2, 9, 12, 14]
[2, 4, 5, 19]
[1, 2, 8, 13, 20]
[16, 17, 18, 19, 20, 21, 22, 23, 24, 25, 26, 27, 28]


6
process id 5
stats
5, 17, 7, 100, 1000
20220822-134041
loosing coalitions taken
[1, 3, 7, 15, 21]
[1, 5, 6, 9, 26]
[3, 4, 6, 13, 21]
[1, 3, 8, 11, 19]
[2, 3, 6, 15, 26]
[2, 4, 5, 20]
[2, 3, 5, 25]
[1, 2, 10, 11, 14]
[1, 2, 8, 12, 21]
[1, 3, 9, 10, 12]
[2, 3, 7, 8, 10]
[2, 4, 6, 16, 18]
[3, 4, 5, 18, 26]
[1, 2, 7, 17, 18]
[1, 4, 7, 9, 19]
[1, 4, 8, 13, 14]
[16, 17, 18, 19, 20, 21, 22, 23, 24, 25, 26, 27, 28]


7
process id 5
stats
5, 17, 7, 100, 1000
20220822-134309
loosing coalitions taken
[2, 3, 6, 15, 26]
[1, 4, 7, 10, 18]
[1, 2, 7, 14, 23]
[1, 3, 9, 10, 11]
[1, 5, 6, 10, 25]
[1, 2, 9, 12, 13]
[1, 3, 7, 15, 20]
[3, 4, 6, 11, 21]
[2, 3, 7, 8, 9]
[1, 4, 8, 13, 14]
[3, 4, 5, 20, 23]
[2, 4, 5, 22, 24]
[2, 3, 5, 25, 27]
[2, 4, 6, 16, 17]
[1, 2, 8, 15, 17]
[1, 3, 8, 12, 18]
[16, 17, 18, 19, 20, 21, 22, 23, 24, 25, 26, 27, 28]


6
process id 5
stats
5, 17, 7, 100, 1000
20220822-134339
loosing coalitions taken
[2, 4, 6, 11, 23]
[1, 5, 6, 12, 23]
[1, 3, 7, 15, 21]
[1, 3, 9, 10, 11]
[1, 4, 7, 9, 19]
[2, 4, 5, 20]
[1, 4, 8, 13, 14]
[1, 2, 7, 13, 25]
[1, 2, 8, 15, 17]
[2, 3, 6, 14]
[2, 3, 5, 25]
[3, 4, 6, 13, 21]
[1, 3, 8, 12, 18]
[3, 4, 5, 19, 26]
[2, 3, 7, 8, 10]
[1, 2, 9, 12, 14]
[16, 17, 18, 19, 20, 21, 22, 23, 24, 25, 26, 27, 28]


6
process id 5
stats
5, 17, 7, 100, 1000
20220822-134458
loosing coalitions taken
[1, 2, 7, 11, 27]
[1, 3, 8, 12, 19]
[1, 5, 6, 16, 20]
[1, 2, 8, 15, 17]
[2, 4, 5, 20]
[3, 4, 6, 15, 17]
[1, 2, 9, 12, 14]
[1, 3, 7, 15, 21]
[2, 3, 6, 14]
[2, 4, 6, 9, 25]
[1, 4, 7, 9, 18]
[2, 3, 5, 25]
[1, 4, 8, 11, 14]
[1, 3, 9, 10, 11]
[3, 4, 5, 21, 23]
[2, 3, 7, 8, 10]
[16, 17, 18, 19, 20, 21, 22, 23, 24, 25, 26, 27, 28]


6
process id 5
stats
5, 17, 7, 100, 1000
20220822-134538
loosing coalitions taken
[1, 3, 8, 12, 18]
[1, 2, 7, 14, 24]
[1, 5, 6, 12, 24]
[2, 3, 6, 15, 26]
[3, 4, 5, 21, 23]
[2, 3, 5, 25, 28]
[1, 2, 10, 12, 13]
[3, 4, 6, 13, 20]
[2, 4, 6, 14, 22]
[1, 4, 7, 11, 17]
[1, 3, 7, 15, 20]
[2, 3, 7, 8, 9]
[1, 3, 9, 10, 11]
[2, 4, 5, 19]
[1, 4, 8, 13, 14]
[1, 2, 8, 15, 17]
[16, 17, 18, 19, 20, 21, 22, 23, 24, 25, 26, 27, 28]


6
process id 5
stats
5, 17, 7, 100, 1000
20220822-134708
loosing coalitions taken
[1, 3, 7, 14, 22]
[1, 3, 9, 10, 12]
[2, 3, 6, 16, 24]
[3, 4, 6, 15, 17]
[3, 4, 5, 19, 26]
[1, 3, 8, 11, 19]
[1, 4, 8, 13, 14]
[2, 3, 7, 8, 10]
[1, 2, 7, 9]
[1, 2, 8, 15, 17]
[2, 4, 6, 11, 23]
[2, 4, 5, 21, 27]
[1, 4, 7, 11, 17]
[2, 3, 5, 25]
[1, 5, 6, 13, 23]
[1, 2, 10, 11, 14]
[16, 17, 18, 19, 20, 21, 22, 23, 24, 25, 26, 27, 28]


