Results
15
0.635
0.633

5
process id 5
stats
5, 15, 7, 100, 1000
20220730-134209
loosing coalitions taken
[1, 4, 8, 13, 14]
[2, 4, 6, 8]
[3, 4, 5, 13]
[1, 3, 8, 11, 17]
[1, 2, 7, 15, 20]
[1, 4, 7, 10, 17]
[1, 5, 6, 12, 24]
[2, 4, 5, 14, 27]
[1, 4, 6, 25]
[2, 3, 6, 16, 24]
[2, 3, 5, 25, 26]
[1, 2, 8, 10, 18]
[1, 3, 7, 12, 13]
[3, 4, 6, 7]
[16, 17, 18, 19, 20, 21, 22, 23, 24, 25, 26, 27, 28]


5
process id 7
stats
5, 15, 7, 100, 1000
20220730-134211
loosing coalitions taken
[1, 4, 7, 11, 17]
[1, 3, 9, 10, 11]
[1, 4, 8, 10, 14]
[2, 3, 7, 8, 10]
[3, 4, 6, 12, 15]
[1, 2, 7, 14, 22]
[1, 4, 6, 25, 27]
[1, 5, 6, 11, 23]
[1, 3, 7, 13, 15]
[3, 4, 5, 10, 28]
[2, 3, 6, 16, 24]
[2, 4, 5, 14, 24]
[2, 3, 5, 20, 23]
[1, 2, 6, 28]
[16, 17, 18, 19, 20, 21, 22, 23, 24, 25, 26, 27, 28]


5
process id 5
stats
5, 15, 7, 100, 1000
20220730-134216
loosing coalitions taken
[1, 2, 9, 12, 14]
[1, 2, 7, 11, 26]
[1, 2, 8, 15, 16]
[3, 4, 6, 8]
[1, 3, 7, 9, 24]
[2, 3, 5, 22]
[1, 5, 6, 14, 20]
[2, 4, 5, 14]
[1, 3, 8, 12, 19]
[1, 4, 6, 24]
[2, 3, 6, 9]
[3, 4, 5, 11]
[1, 4, 7, 12, 13]
[1, 3, 6, 23]
[16, 17, 18, 19, 20, 21, 22, 23, 24, 25, 26, 27, 28]


6
process id 6
stats
5, 15, 7, 100, 1000
20220730-134219
loosing coalitions taken
[1, 2, 7, 15, 22]
[1, 2, 9, 11, 12]
[2, 4, 6, 12, 23]
[1, 3, 8, 9, 18]
[1, 2, 8, 13, 17]
[2, 4, 5, 19, 24]
[3, 4, 5, 14]
[1, 4, 7, 12, 16]
[2, 3, 6, 10]
[1, 4, 8, 10, 11]
[1, 5, 6, 10, 23]
[2, 3, 5, 25]
[3, 4, 6, 13, 17]
[1, 3, 6, 28]
[16, 17, 18, 19, 20, 21, 22, 23, 24, 25, 26, 27, 28]


5
process id 7
stats
5, 15, 7, 100, 1000
20220730-134228
loosing coalitions taken
[1, 3, 7, 13, 21]
[1, 4, 7, 9, 19]
[1, 2, 9, 10, 12]
[2, 4, 6, 14, 18]
[1, 2, 8, 13, 19]
[1, 3, 8, 12, 16]
[1, 2, 7, 14, 20]
[1, 4, 6, 24]
[3, 4, 5, 10]
[1, 5, 6, 11, 23]
[2, 3, 5, 16, 25]
[2, 4, 5, 20]
[3, 4, 6, 9, 20]
[2, 3, 6, 8, 27]
[16, 17, 18, 19, 20, 21, 22, 23, 24, 25, 26, 27, 28]


6
process id 0
stats
5, 15, 7, 100, 1000
20220730-134238
loosing coalitions taken
[1, 3, 7, 13, 19]
[1, 2, 10, 11, 12]
[1, 5, 6, 10, 22]
[2, 3, 6, 18, 20]
[1, 3, 8, 11, 17]
[1, 2, 7, 9]
[1, 4, 8, 10, 14]
[1, 2, 8, 15, 16]
[3, 4, 5, 9]
[1, 4, 6, 27]
[2, 4, 5, 14]
[2, 4, 6, 15, 17]
[2, 3, 5, 15]
[3, 4, 6, 7, 25]
[16, 17, 18, 19, 20, 21, 22, 23, 24, 25, 26, 27, 28]


5
process id 5
stats
5, 15, 7, 100, 1000
20220730-134246
loosing coalitions taken
[2, 3, 6, 11]
[1, 2, 9, 10, 12]
[1, 4, 6, 23]
[1, 3, 7, 14, 17]
[1, 3, 8, 15, 16]
[3, 4, 6, 8]
[2, 3, 5, 18]
[2, 4, 5, 9]
[2, 4, 6, 10, 24]
[1, 4, 7, 8, 21]
[1, 2, 7, 11, 24]
[1, 5, 6, 11, 25]
[3, 4, 5, 19, 26]
[1, 3, 6, 26]
[16, 17, 18, 19, 20, 21, 22, 23, 24, 25, 26, 27, 28]


5
process id 0
stats
5, 15, 7, 100, 1000
20220730-134252
loosing coalitions taken
[1, 3, 7, 14, 18]
[1, 4, 7, 11, 13]
[1, 2, 7, 10, 25]
[2, 4, 6, 13, 19]
[2, 3, 7, 8, 9]
[2, 3, 6, 11]
[1, 3, 8, 12, 17]
[1, 5, 6, 12, 20]
[2, 4, 5, 10]
[3, 4, 5, 11]
[1, 3, 6, 24]
[1, 4, 6, 22, 27]
[2, 3, 5, 18, 27]
[1, 2, 9, 12, 14]
[16, 17, 18, 19, 20, 21, 22, 23, 24, 25, 26, 27, 28]


5
process id 0
stats
5, 15, 7, 100, 1000
20220730-134254
loosing coalitions taken
[1, 5, 6, 10, 24]
[2, 3, 6, 10]
[1, 3, 7, 12, 20]
[1, 2, 8, 12, 16]
[1, 3, 8, 13, 14]
[1, 4, 6, 26]
[2, 4, 6, 12, 15]
[2, 4, 5, 17]
[3, 4, 5, 9]
[3, 4, 6, 8]
[2, 3, 5, 25]
[1, 4, 7, 8]
[1, 2, 7, 17, 19]
[1, 2, 9, 10, 11]
[16, 17, 18, 19, 20, 21, 22, 23, 24, 25, 26, 27, 28]


5
process id 4
stats
5, 15, 7, 100, 1000
20220730-134255
loosing coalitions taken
[3, 4, 6, 11, 20]
[1, 4, 8, 12, 13]
[1, 3, 7, 9, 24]
[1, 2, 8, 9, 18]
[1, 2, 7, 16, 17]
[1, 3, 8, 14, 16]
[2, 3, 5, 22]
[1, 5, 6, 12, 19]
[1, 2, 10, 11, 13]
[1, 4, 7, 11, 15]
[2, 4, 5, 18, 24]
[1, 3, 6, 25]
[2, 4, 6, 7]
[3, 4, 5, 10]
[16, 17, 18, 19, 20, 21, 22, 23, 24, 25, 26, 27, 28]


6
process id 3
stats
5, 15, 7, 100, 1000
20220730-134301
loosing coalitions taken
[1, 4, 8, 11, 14]
[2, 3, 6, 14]
[1, 5, 6, 9, 24]
[1, 4, 6, 27]
[1, 2, 8, 12, 20]
[1, 3, 8, 9, 15]
[1, 2, 9, 10, 11]
[1, 3, 7, 11, 19]
[1, 3, 6, 28]
[2, 3, 5, 19]
[2, 4, 5, 20, 26]
[3, 4, 5, 18, 23]
[2, 4, 6, 8]
[1, 2, 7, 14, 18]
[16, 17, 18, 19, 20, 21, 22, 23, 24, 25, 26, 27, 28]


6
process id 3
stats
5, 15, 7, 100, 1000
20220730-134313
loosing coalitions taken
[1, 2, 8, 15, 17]
[1, 3, 7, 12, 21]
[2, 3, 6, 10]
[1, 2, 7, 13, 23]
[1, 2, 9, 12, 14]
[1, 4, 7, 8]
[1, 5, 6, 16, 17]
[2, 4, 5, 11]
[2, 3, 5, 24]
[3, 4, 6, 9, 21]
[1, 3, 8, 11, 14]
[3, 4, 5, 16, 27]
[2, 4, 6, 7]
[1, 4, 6, 19]
[16, 17, 18, 19, 20, 21, 22, 23, 24, 25, 26, 27, 28]


6
process id 1
stats
5, 15, 7, 100, 1000
20220730-134317
loosing coalitions taken
[1, 5, 6, 15, 19]
[1, 2, 9, 10, 14]
[3, 4, 5, 13, 28]
[2, 3, 5, 17, 27]
[2, 4, 6, 14, 20]
[1, 4, 8, 10, 13]
[1, 4, 7, 11, 14]
[1, 2, 7, 12, 20]
[1, 4, 6, 25]
[1, 3, 7, 16, 18]
[2, 3, 6, 10]
[2, 4, 5, 19]
[1, 2, 8, 11, 15]
[1, 3, 8, 12, 17]
[16, 17, 18, 19, 20, 21, 22, 23, 24, 25, 26, 27, 28]


6
process id 5
stats
5, 15, 7, 100, 1000
20220730-134329
loosing coalitions taken
[1, 3, 8, 11, 16]
[1, 2, 7, 14, 23]
[2, 3, 7, 8, 10]
[1, 5, 6, 9, 18]
[2, 4, 6, 16, 17]
[2, 3, 6, 13, 26]
[1, 3, 7, 13, 21]
[1, 4, 7, 9, 10]
[1, 3, 6, 28]
[2, 4, 5, 15, 25]
[3, 4, 5, 12, 23]
[2, 3, 5, 19]
[1, 2, 10, 11, 13]
[1, 2, 8, 12, 21]
[16, 17, 18, 19, 20, 21, 22, 23, 24, 25, 26, 27, 28]


5
process id 6
stats
5, 15, 7, 100, 1000
20220730-134349
loosing coalitions taken
[2, 3, 5, 25]
[1, 4, 7, 9, 16]
[1, 5, 6, 16, 18]
[1, 2, 7, 10, 24]
[3, 4, 6, 10, 21]
[1, 4, 6, 28]
[2, 4, 5, 13]
[1, 3, 6, 25, 27]
[1, 4, 8, 10, 14]
[3, 4, 5, 11]
[2, 3, 6, 11, 26]
[1, 3, 7, 15, 18]
[1, 3, 8, 12, 19]
[1, 2, 8, 9, 11]
[16, 17, 18, 19, 20, 21, 22, 23, 24, 25, 26, 27, 28]


6
process id 5
stats
5, 15, 7, 100, 1000
20220730-134351
loosing coalitions taken
[1, 5, 6, 15, 21]
[3, 4, 5, 18, 25]
[2, 3, 6, 13, 19]
[2, 4, 6, 10, 24]
[1, 4, 8, 9, 14]
[2, 3, 7, 8, 9]
[2, 4, 5, 15, 28]
[1, 2, 7, 14, 20]
[2, 3, 5, 23]
[1, 4, 7, 11, 16]
[1, 2, 9, 11, 13]
[1, 4, 6, 23]
[1, 3, 8, 12, 19]
[1, 3, 7, 13, 17]
[16, 17, 18, 19, 20, 21, 22, 23, 24, 25, 26, 27, 28]


5
process id 6
stats
5, 15, 7, 100, 1000
20220730-134357
loosing coalitions taken
[1, 3, 8, 12, 19]
[3, 4, 6, 9, 20]
[1, 2, 7, 10, 22]
[1, 3, 7, 9, 21]
[1, 2, 8, 15, 16]
[1, 2, 9, 11, 13]
[2, 3, 6, 13]
[3, 4, 5, 21, 22]
[2, 4, 5, 19]
[1, 4, 6, 25, 27]
[1, 4, 7, 11, 16]
[2, 3, 5, 20]
[1, 3, 6, 24]
[1, 4, 8, 13, 14]
[16, 17, 18, 19, 20, 21, 22, 23, 24, 25, 26, 27, 28]


