Results
15
0.636
0.633

5
process id 0
stats
5, 15, 7, 100, 1000
20220730-134406
loosing coalitions taken
[2, 3, 5, 25]
[1, 2, 9, 12, 14]
[1, 2, 7, 10, 27]
[1, 3, 8, 12, 15]
[1, 5, 6, 10, 23]
[1, 3, 9, 10, 11]
[1, 2, 8, 13, 19]
[1, 4, 6, 26]
[2, 4, 5, 20]
[2, 3, 6, 9]
[3, 4, 5, 14]
[2, 4, 6, 8]
[1, 4, 7, 8, 22]
[1, 3, 6, 24]
[16, 17, 18, 19, 20, 21, 22, 23, 24, 25, 26, 27, 28]


6
process id 7
stats
5, 15, 7, 100, 1000
20220730-134407
loosing coalitions taken
[2, 3, 6, 15, 23]
[1, 5, 6, 12, 24]
[2, 4, 6, 10, 18]
[1, 2, 10, 11, 14]
[1, 2, 7, 9]
[2, 4, 5, 19, 23]
[3, 4, 6, 8, 22]
[1, 4, 6, 26, 28]
[3, 4, 5, 17, 24]
[2, 3, 5, 20, 25]
[1, 2, 8, 12, 13]
[1, 4, 8, 9, 15]
[1, 3, 7, 14, 21]
[1, 4, 7, 10, 19]
[16, 17, 18, 19, 20, 21, 22, 23, 24, 25, 26, 27, 28]


5
process id 2
stats
5, 15, 7, 100, 1000
20220730-134416
loosing coalitions taken
[1, 2, 8, 9, 17]
[2, 3, 6, 11]
[1, 2, 7, 15, 21]
[1, 5, 6, 9, 23]
[3, 4, 5, 13]
[1, 3, 7, 10, 18]
[1, 3, 6, 27]
[1, 4, 6, 26]
[2, 4, 5, 11]
[3, 4, 6, 14, 19]
[2, 3, 5, 23]
[2, 4, 6, 9, 24]
[1, 3, 8, 14, 15]
[1, 4, 7, 8]
[16, 17, 18, 19, 20, 21, 22, 23, 24, 25, 26, 27, 28]


5
process id 7
stats
5, 15, 7, 100, 1000
20220730-134424
loosing coalitions taken
[2, 3, 6, 13, 26]
[1, 2, 9, 12, 13]
[1, 2, 7, 15, 18]
[1, 3, 7, 14, 17]
[1, 3, 8, 10, 15]
[1, 4, 8, 12, 14]
[1, 2, 8, 11, 17]
[3, 4, 6, 12, 17]
[2, 4, 6, 7]
[2, 3, 5, 19]
[1, 4, 6, 26]
[2, 4, 5, 16]
[1, 5, 6, 16, 18]
[3, 4, 5, 10]
[16, 17, 18, 19, 20, 21, 22, 23, 24, 25, 26, 27, 28]


6
process id 5
stats
5, 15, 7, 100, 1000
20220730-134428
loosing coalitions taken
[1, 2, 7, 13, 25]
[3, 4, 6, 14, 19]
[1, 4, 7, 12, 15]
[1, 2, 9, 10, 14]
[1, 2, 8, 12, 18]
[2, 3, 5, 25]
[1, 3, 7, 9, 23]
[1, 5, 6, 14, 16]
[1, 4, 6, 23]
[2, 4, 5, 16]
[2, 4, 6, 13, 20]
[2, 3, 6, 9]
[3, 4, 5, 11]
[1, 3, 8, 11, 16]
[16, 17, 18, 19, 20, 21, 22, 23, 24, 25, 26, 27, 28]


6
process id 4
stats
5, 15, 7, 100, 1000
20220730-134509
loosing coalitions taken
[1, 2, 8, 13, 17]
[1, 2, 10, 11, 14]
[2, 3, 6, 13]
[1, 5, 6, 11, 23]
[1, 2, 7, 12, 24]
[1, 3, 8, 9, 20]
[1, 4, 7, 9, 17]
[1, 4, 6, 24]
[2, 4, 6, 9, 25]
[2, 3, 5, 19]
[3, 4, 5, 9]
[1, 3, 7, 13, 14]
[3, 4, 6, 8]
[2, 4, 5, 11]
[16, 17, 18, 19, 20, 21, 22, 23, 24, 25, 26, 27, 28]


6
process id 6
stats
5, 15, 7, 100, 1000
20220730-134511
loosing coalitions taken
[2, 4, 5, 19, 27]
[3, 4, 5, 20, 24]
[1, 4, 6, 25, 27]
[1, 5, 6, 15, 20]
[2, 3, 5, 22]
[1, 2, 7, 13, 18]
[1, 4, 7, 11, 14]
[1, 4, 8, 10, 13]
[1, 3, 8, 9, 11]
[1, 2, 9, 10, 12]
[1, 2, 8, 15, 17]
[1, 3, 7, 10, 15]
[2, 4, 6, 9, 18]
[1, 3, 6, 28]
[16, 17, 18, 19, 20, 21, 22, 23, 24, 25, 26, 27, 28]


6
process id 5
stats
5, 15, 7, 100, 1000
20220730-134512
loosing coalitions taken
[1, 5, 6, 10, 22]
[1, 3, 8, 11, 18]
[1, 2, 7, 9]
[3, 4, 5, 19, 26]
[1, 4, 8, 12, 14]
[2, 3, 6, 10]
[1, 4, 6, 26]
[2, 4, 5, 18]
[3, 4, 6, 11, 20]
[1, 3, 6, 27]
[2, 3, 5, 20, 28]
[2, 4, 6, 15, 21]
[1, 3, 7, 14, 15]
[1, 2, 10, 11, 12]
[16, 17, 18, 19, 20, 21, 22, 23, 24, 25, 26, 27, 28]


6
process id 4
stats
5, 15, 7, 100, 1000
20220730-134528
loosing coalitions taken
[3, 4, 5, 18, 26]
[1, 2, 10, 12, 13]
[2, 4, 5, 19, 22]
[1, 4, 7, 12, 15]
[1, 4, 8, 13, 14]
[1, 2, 8, 9, 20]
[1, 3, 7, 13, 21]
[1, 2, 7, 16, 18]
[1, 3, 8, 12, 19]
[2, 3, 5, 21]
[1, 4, 6, 27]
[3, 4, 6, 11, 13]
[1, 5, 6, 16, 20]
[2, 3, 6, 9]
[16, 17, 18, 19, 20, 21, 22, 23, 24, 25, 26, 27, 28]


6
process id 0
stats
5, 15, 7, 100, 1000
20220730-134542
loosing coalitions taken
[2, 3, 6, 13]
[2, 4, 5, 20]
[1, 5, 6, 16, 17]
[1, 2, 9, 10, 11]
[1, 2, 7, 16, 18]
[1, 3, 7, 15, 20]
[2, 4, 6, 12, 23]
[3, 4, 5, 15, 27]
[2, 3, 5, 22]
[3, 4, 6, 8, 25]
[1, 3, 6, 27]
[1, 4, 7, 8]
[1, 4, 6, 22, 26]
[1, 2, 8, 12, 17]
[16, 17, 18, 19, 20, 21, 22, 23, 24, 25, 26, 27, 28]


6
process id 4
stats
5, 15, 7, 100, 1000
20220730-134545
loosing coalitions taken
[1, 2, 7, 12, 20]
[3, 4, 6, 8]
[1, 3, 9, 10, 11]
[1, 4, 7, 9, 19]
[1, 5, 6, 16, 19]
[1, 2, 8, 13, 14]
[2, 3, 5, 23]
[1, 4, 6, 27]
[2, 3, 6, 13]
[3, 4, 5, 10]
[2, 4, 5, 9]
[2, 4, 6, 11, 15]
[1, 3, 7, 16, 17]
[1, 3, 8, 12, 18]
[16, 17, 18, 19, 20, 21, 22, 23, 24, 25, 26, 27, 28]


6
process id 4
stats
5, 15, 7, 100, 1000
20220730-134550
loosing coalitions taken
[1, 5, 6, 12, 22]
[1, 4, 8, 11, 13]
[3, 4, 5, 15]
[1, 3, 7, 14, 18]
[1, 4, 7, 10, 19]
[1, 3, 9, 10, 11]
[1, 2, 7, 11, 26]
[2, 4, 6, 12, 23]
[1, 2, 8, 14, 20]
[2, 3, 6, 13, 24]
[1, 4, 6, 28]
[2, 3, 5, 22]
[2, 4, 5, 19, 21]
[1, 3, 6, 25]
[16, 17, 18, 19, 20, 21, 22, 23, 24, 25, 26, 27, 28]


