Results
15
0.637
0.633

6
process id 1
stats
5, 15, 7, 100, 1000
20220730-134614
loosing coalitions taken
[1, 2, 7, 12, 26]
[1, 5, 6, 16, 20]
[1, 3, 7, 16, 18]
[1, 4, 6, 26]
[1, 3, 9, 10, 12]
[2, 4, 5, 19, 23]
[2, 3, 6, 10, 28]
[2, 3, 5, 25]
[1, 2, 8, 13, 18]
[1, 3, 8, 11, 17]
[3, 4, 5, 20, 24]
[1, 4, 7, 8]
[3, 4, 6, 13, 15]
[2, 4, 6, 8, 22]
[16, 17, 18, 19, 20, 21, 22, 23, 24, 25, 26, 27, 28]


6
process id 7
stats
5, 15, 7, 100, 1000
20220730-134630
loosing coalitions taken
[1, 3, 8, 12, 17]
[1, 2, 10, 12, 13]
[2, 4, 6, 10, 20]
[1, 4, 8, 9, 14]
[2, 3, 6, 15, 26]
[1, 3, 7, 14, 19]
[1, 2, 8, 11, 18]
[3, 4, 6, 11, 19]
[3, 4, 5, 17, 25]
[2, 3, 5, 24]
[1, 5, 6, 9, 23]
[1, 3, 6, 27]
[1, 4, 7, 10, 16]
[1, 2, 7, 9]
[16, 17, 18, 19, 20, 21, 22, 23, 24, 25, 26, 27, 28]


6
process id 1
stats
5, 15, 7, 100, 1000
20220730-134630
loosing coalitions taken
[3, 4, 5, 21, 22]
[1, 5, 6, 13, 23]
[2, 4, 6, 11, 19]
[1, 3, 7, 12, 20]
[1, 4, 7, 10, 13]
[1, 2, 9, 11, 12]
[1, 2, 7, 17, 19]
[1, 4, 8, 9, 15]
[1, 2, 8, 14, 20]
[1, 3, 8, 11, 17]
[3, 4, 6, 12, 14]
[1, 4, 6, 24]
[2, 4, 5, 16]
[2, 3, 6, 13, 26]
[16, 17, 18, 19, 20, 21, 22, 23, 24, 25, 26, 27, 28]


6
process id 6
stats
5, 15, 7, 100, 1000
20220730-134657
loosing coalitions taken
[1, 2, 8, 12, 18]
[2, 4, 6, 14, 22]
[2, 3, 6, 10]
[1, 3, 7, 12, 21]
[1, 2, 9, 11, 14]
[2, 4, 5, 16]
[3, 4, 6, 8, 28]
[1, 4, 6, 24]
[2, 3, 5, 21, 28]
[1, 3, 6, 25]
[3, 4, 5, 14]
[1, 3, 8, 11, 16]
[1, 4, 7, 9, 13]
[1, 5, 6, 10, 26]
[16, 17, 18, 19, 20, 21, 22, 23, 24, 25, 26, 27, 28]


5
process id 5
stats
5, 15, 7, 100, 1000
20220730-134721
loosing coalitions taken
[1, 2, 8, 12, 19]
[2, 3, 6, 14]
[3, 4, 5, 16]
[1, 5, 6, 15, 19]
[1, 2, 7, 10, 28]
[1, 4, 6, 24]
[2, 3, 5, 21]
[1, 3, 7, 12, 20]
[2, 4, 6, 15, 21]
[2, 4, 5, 19]
[3, 4, 6, 8]
[1, 3, 6, 26]
[1, 3, 8, 11, 16]
[1, 4, 8, 9, 14]
[16, 17, 18, 19, 20, 21, 22, 23, 24, 25, 26, 27, 28]


5
process id 0
stats
5, 15, 7, 100, 1000
20220730-134723
loosing coalitions taken
[1, 3, 8, 12, 15]
[1, 2, 7, 17, 19]
[1, 4, 7, 11, 14]
[2, 4, 5, 17, 28]
[1, 2, 9, 12, 13]
[2, 4, 6, 11, 20]
[1, 5, 6, 14, 21]
[2, 3, 6, 16, 22]
[3, 4, 6, 12, 21]
[3, 4, 5, 14, 20]
[1, 2, 6, 26]
[2, 3, 5, 23, 27]
[1, 3, 7, 10, 21]
[1, 4, 8, 9, 10]
[16, 17, 18, 19, 20, 21, 22, 23, 24, 25, 26, 27, 28]


6
process id 0
stats
5, 15, 7, 100, 1000
20220730-134732
loosing coalitions taken
[3, 4, 5, 16]
[1, 5, 6, 13, 21]
[2, 3, 6, 18, 20]
[1, 3, 7, 9, 23]
[1, 2, 9, 12, 14]
[2, 4, 6, 10, 22]
[1, 4, 7, 11, 12]
[1, 4, 6, 28]
[1, 3, 8, 12, 15]
[2, 3, 5, 24]
[1, 2, 8, 11, 13]
[2, 4, 5, 18]
[3, 4, 6, 8]
[1, 2, 7, 15, 20]
[16, 17, 18, 19, 20, 21, 22, 23, 24, 25, 26, 27, 28]


6
process id 4
stats
5, 15, 7, 100, 1000
20220730-134740
loosing coalitions taken
[1, 2, 7, 15, 22]
[1, 3, 8, 14, 15]
[2, 3, 6, 14]
[1, 4, 7, 8, 27]
[3, 4, 5, 16]
[1, 5, 6, 12, 24]
[1, 3, 7, 9, 23]
[2, 3, 5, 18, 27]
[1, 4, 6, 22]
[1, 2, 8, 13, 17]
[2, 4, 6, 8]
[2, 4, 5, 19, 28]
[3, 4, 6, 12, 19]
[1, 2, 10, 11, 12]
[16, 17, 18, 19, 20, 21, 22, 23, 24, 25, 26, 27, 28]


5
process id 5
stats
5, 15, 7, 100, 1000
20220730-134755
loosing coalitions taken
[1, 3, 8, 10, 15]
[1, 3, 7, 12, 18]
[1, 2, 10, 11, 12]
[1, 4, 6, 26]
[1, 2, 7, 14, 20]
[2, 3, 5, 20]
[3, 4, 5, 13]
[2, 4, 5, 17]
[1, 5, 6, 9, 25]
[2, 4, 6, 14, 16]
[2, 3, 6, 11]
[1, 3, 6, 23]
[1, 4, 7, 8]
[1, 2, 8, 9, 21]
[16, 17, 18, 19, 20, 21, 22, 23, 24, 25, 26, 27, 28]


6
process id 4
stats
5, 15, 7, 100, 1000
20220730-134800
loosing coalitions taken
[3, 4, 5, 21, 23]
[1, 4, 8, 9, 15]
[2, 3, 6, 12]
[1, 2, 7, 9, 28]
[2, 4, 5, 20]
[1, 2, 8, 13, 19]
[1, 3, 7, 15, 20]
[3, 4, 6, 8]
[1, 4, 6, 28]
[1, 3, 8, 12, 14]
[2, 3, 5, 27, 28]
[1, 4, 7, 12, 16]
[1, 5, 6, 14, 22]
[2, 4, 6, 7]
[16, 17, 18, 19, 20, 21, 22, 23, 24, 25, 26, 27, 28]


5
process id 3
stats
5, 15, 7, 100, 1000
20220730-134802
loosing coalitions taken
[1, 3, 7, 15, 21]
[1, 5, 6, 10, 22]
[2, 4, 5, 20, 24]
[1, 4, 7, 9, 17]
[1, 4, 8, 10, 15]
[1, 2, 8, 13, 17]
[1, 4, 6, 26]
[3, 4, 5, 12]
[1, 3, 8, 11, 19]
[2, 3, 5, 19]
[1, 2, 7, 12, 25]
[2, 3, 6, 11, 18]
[3, 4, 6, 8]
[2, 4, 6, 14, 22]
[16, 17, 18, 19, 20, 21, 22, 23, 24, 25, 26, 27, 28]


5
process id 6
stats
5, 15, 7, 100, 1000
20220730-134810
loosing coalitions taken
[1, 2, 7, 17, 18]
[1, 2, 8, 13, 20]
[2, 3, 6, 10]
[1, 3, 8, 11, 19]
[1, 4, 6, 26, 27]
[1, 3, 7, 14, 22]
[1, 5, 6, 9, 23]
[2, 4, 5, 17]
[2, 4, 6, 14, 22]
[2, 3, 5, 16]
[3, 4, 5, 14]
[3, 4, 6, 8]
[1, 3, 6, 28]
[1, 4, 7, 8, 24]
[16, 17, 18, 19, 20, 21, 22, 23, 24, 25, 26, 27, 28]


