Results
15
0.638
0.633

6
process id 3
stats
5, 15, 7, 100, 1000
20220730-134837
loosing coalitions taken
[1, 3, 7, 11, 22]
[3, 4, 6, 12, 21]
[1, 2, 10, 12, 14]
[1, 2, 7, 9]
[2, 4, 5, 16]
[1, 5, 6, 15, 20]
[2, 3, 6, 13]
[3, 4, 5, 20, 22]
[2, 3, 5, 23, 26]
[1, 4, 8, 11, 12]
[1, 4, 6, 26, 28]
[2, 4, 6, 14, 18]
[1, 3, 8, 9, 20]
[1, 2, 8, 15, 17]
[16, 17, 18, 19, 20, 21, 22, 23, 24, 25, 26, 27, 28]


6
process id 5
stats
5, 15, 7, 100, 1000
20220730-134838
loosing coalitions taken
[1, 4, 7, 9, 18]
[1, 3, 7, 13, 19]
[2, 4, 5, 18, 26]
[2, 3, 5, 25]
[1, 2, 10, 11, 14]
[1, 4, 8, 10, 15]
[1, 5, 6, 13, 24]
[1, 2, 8, 9, 20]
[1, 3, 8, 11, 12]
[3, 4, 6, 8]
[3, 4, 5, 14, 28]
[2, 4, 6, 12, 19]
[2, 3, 6, 11, 26]
[1, 4, 6, 21]
[16, 17, 18, 19, 20, 21, 22, 23, 24, 25, 26, 27, 28]


6
process id 2
stats
5, 15, 7, 100, 1000
20220730-134847
loosing coalitions taken
[1, 2, 7, 15, 20]
[1, 3, 9, 10, 11]
[1, 4, 8, 9, 15]
[1, 4, 6, 24]
[1, 3, 7, 16, 17]
[2, 4, 5, 19, 28]
[3, 4, 5, 11, 23]
[2, 4, 6, 10, 18]
[2, 3, 5, 18]
[3, 4, 6, 12, 21]
[1, 2, 8, 13, 14]
[2, 3, 6, 16, 23]
[1, 5, 6, 13, 21]
[1, 4, 7, 10, 13]
[16, 17, 18, 19, 20, 21, 22, 23, 24, 25, 26, 27, 28]


6
process id 1
stats
5, 15, 7, 100, 1000
20220730-134906
loosing coalitions taken
[1, 5, 6, 14, 22]
[2, 4, 6, 16, 18]
[1, 3, 7, 13, 20]
[1, 3, 8, 12, 19]
[1, 4, 6, 23, 25]
[1, 2, 8, 11, 20]
[3, 4, 5, 19, 25]
[2, 4, 5, 21, 28]
[1, 4, 8, 9, 14]
[1, 3, 6, 28]
[1, 2, 9, 10, 13]
[2, 3, 5, 23]
[1, 2, 7, 15, 16]
[1, 4, 7, 11, 17]
[16, 17, 18, 19, 20, 21, 22, 23, 24, 25, 26, 27, 28]


6
process id 3
stats
5, 15, 7, 100, 1000
20220730-134915
loosing coalitions taken
[1, 5, 6, 10, 23]
[1, 3, 8, 13, 14]
[1, 3, 7, 16, 19]
[3, 4, 6, 11, 18]
[2, 3, 6, 15, 22]
[2, 4, 6, 14, 16]
[1, 4, 8, 11, 12]
[2, 3, 7, 8, 9]
[1, 2, 9, 10, 13]
[1, 2, 7, 14, 21]
[3, 4, 5, 9, 26]
[1, 4, 6, 25, 27]
[2, 4, 5, 18, 28]
[2, 3, 5, 24]
[16, 17, 18, 19, 20, 21, 22, 23, 24, 25, 26, 27, 28]


5
process id 2
stats
5, 15, 7, 100, 1000
20220730-134922
loosing coalitions taken
[3, 4, 6, 11, 17]
[1, 5, 6, 14, 18]
[1, 2, 8, 9, 17]
[2, 4, 6, 12, 20]
[1, 4, 8, 10, 12]
[1, 2, 7, 15, 21]
[1, 2, 10, 11, 13]
[1, 4, 7, 13, 16]
[2, 3, 6, 9]
[2, 4, 5, 19, 22]
[1, 4, 6, 23]
[1, 3, 8, 13, 14]
[3, 4, 5, 12, 27]
[1, 3, 7, 10, 17]
[16, 17, 18, 19, 20, 21, 22, 23, 24, 25, 26, 27, 28]


5
process id 1
stats
5, 15, 7, 100, 1000
20220730-134923
loosing coalitions taken
[1, 3, 7, 14, 17]
[1, 3, 8, 13, 16]
[1, 2, 8, 14, 18]
[1, 5, 6, 10, 24]
[2, 4, 6, 9, 25]
[1, 4, 7, 10, 16]
[1, 2, 7, 11, 27]
[3, 4, 5, 16]
[2, 3, 7, 8, 10]
[2, 3, 5, 19]
[2, 3, 6, 11]
[2, 4, 5, 20]
[1, 4, 6, 19]
[3, 4, 6, 8]
[16, 17, 18, 19, 20, 21, 22, 23, 24, 25, 26, 27, 28]


5
process id 7
stats
5, 15, 7, 100, 1000
20220730-135000
loosing coalitions taken
[2, 4, 5, 22, 23]
[2, 3, 6, 9, 25]
[1, 4, 8, 10, 11]
[1, 5, 6, 11, 24]
[1, 3, 8, 12, 19]
[1, 3, 7, 15, 21]
[1, 2, 8, 13, 16]
[1, 2, 9, 11, 12]
[1, 2, 7, 14, 24]
[3, 4, 5, 12]
[1, 3, 6, 27]
[2, 4, 6, 13, 17]
[1, 4, 6, 28]
[2, 3, 5, 15]
[16, 17, 18, 19, 20, 21, 22, 23, 24, 25, 26, 27, 28]


5
process id 7
stats
5, 15, 7, 100, 1000
20220730-135002
loosing coalitions taken
[2, 3, 6, 14]
[1, 3, 8, 12, 19]
[1, 2, 7, 11, 21]
[2, 4, 5, 20, 21]
[1, 4, 6, 24]
[1, 3, 6, 26]
[1, 5, 6, 14, 20]
[3, 4, 5, 10]
[3, 4, 6, 8]
[1, 4, 7, 9, 15]
[1, 2, 8, 13, 17]
[2, 4, 6, 9, 25]
[2, 3, 5, 23]
[1, 3, 7, 10, 16]
[16, 17, 18, 19, 20, 21, 22, 23, 24, 25, 26, 27, 28]


6
process id 0
stats
5, 15, 7, 100, 1000
20220730-135017
loosing coalitions taken
[3, 4, 6, 8]
[2, 4, 5, 16, 27]
[2, 3, 5, 21]
[1, 3, 9, 10, 11]
[1, 4, 7, 13, 15]
[1, 2, 10, 12, 14]
[1, 3, 7, 16, 18]
[1, 4, 6, 21]
[3, 4, 5, 13]
[2, 4, 6, 12, 18]
[1, 5, 6, 13, 24]
[2, 3, 6, 15, 23]
[1, 2, 7, 9, 20]
[1, 3, 8, 12, 15]
[16, 17, 18, 19, 20, 21, 22, 23, 24, 25, 26, 27, 28]


