Results
15
0.639
0.633

5
process id 2
stats
5, 15, 7, 100, 1000
20220730-135027
loosing coalitions taken
[1, 3, 7, 15, 20]
[1, 4, 7, 10, 16]
[1, 2, 10, 11, 12]
[1, 4, 8, 9, 15]
[2, 3, 5, 23]
[2, 4, 6, 10, 20]
[1, 4, 6, 25, 28]
[1, 5, 6, 11, 19]
[1, 3, 8, 11, 14]
[3, 4, 5, 17, 21]
[2, 3, 7, 8, 10]
[2, 4, 5, 9]
[1, 2, 7, 9]
[3, 4, 6, 8]
[16, 17, 18, 19, 20, 21, 22, 23, 24, 25, 26, 27, 28]


5
process id 3
stats
5, 15, 7, 100, 1000
20220730-135029
loosing coalitions taken
[2, 3, 6, 11, 28]
[1, 3, 7, 14, 19]
[1, 2, 7, 16, 18]
[1, 2, 9, 11, 14]
[1, 4, 6, 26]
[1, 2, 10, 12, 13]
[1, 3, 8, 11, 16]
[3, 4, 5, 19, 20]
[2, 4, 5, 17]
[2, 3, 5, 22, 23]
[3, 4, 6, 12, 13]
[1, 5, 6, 16, 20]
[2, 4, 6, 10, 23]
[1, 4, 7, 8]
[16, 17, 18, 19, 20, 21, 22, 23, 24, 25, 26, 27, 28]


6
process id 0
stats
5, 15, 7, 100, 1000
20220730-135037
loosing coalitions taken
[2, 4, 5, 19, 27]
[2, 3, 5, 23, 25]
[2, 3, 6, 14]
[1, 3, 9, 10, 11]
[1, 2, 8, 11, 21]
[1, 2, 7, 9]
[3, 4, 6, 8]
[1, 4, 6, 25]
[3, 4, 5, 16]
[1, 3, 6, 26]
[1, 5, 6, 14, 21]
[1, 3, 7, 13, 20]
[1, 4, 8, 12, 13]
[2, 4, 6, 16, 17]
[16, 17, 18, 19, 20, 21, 22, 23, 24, 25, 26, 27, 28]


5
process id 4
stats
5, 15, 7, 100, 1000
20220730-135039
loosing coalitions taken
[1, 5, 6, 16, 20]
[1, 3, 7, 10, 20]
[1, 2, 8, 9, 17]
[3, 4, 5, 18, 25]
[1, 3, 8, 12, 19]
[2, 3, 5, 24]
[1, 2, 7, 14, 21]
[1, 4, 6, 28]
[2, 4, 5, 10]
[2, 4, 6, 12, 15]
[1, 4, 8, 11, 13]
[2, 3, 6, 9]
[1, 4, 7, 9, 12]
[1, 3, 6, 25]
[16, 17, 18, 19, 20, 21, 22, 23, 24, 25, 26, 27, 28]


5
process id 5
stats
5, 15, 7, 100, 1000
20220730-135050
loosing coalitions taken
[2, 4, 6, 13, 19]
[1, 3, 7, 10, 20]
[1, 4, 6, 25, 27]
[1, 2, 9, 10, 14]
[1, 5, 6, 13, 23]
[1, 2, 7, 17, 18]
[1, 4, 7, 14, 16]
[2, 4, 5, 9]
[2, 3, 6, 10, 28]
[3, 4, 6, 8]
[3, 4, 5, 14]
[2, 3, 5, 19, 27]
[1, 3, 8, 12, 18]
[1, 2, 8, 11, 20]
[16, 17, 18, 19, 20, 21, 22, 23, 24, 25, 26, 27, 28]


5
process id 7
stats
5, 15, 7, 100, 1000
20220730-135054
loosing coalitions taken
[2, 4, 5, 18]
[3, 4, 6, 9, 17]
[1, 2, 10, 11, 12]
[1, 3, 7, 16, 17]
[2, 3, 7, 8, 10]
[2, 3, 6, 14]
[1, 2, 8, 15, 16]
[2, 3, 5, 25]
[1, 4, 7, 9, 19]
[2, 4, 6, 8, 23]
[1, 5, 6, 11, 22]
[3, 4, 5, 15]
[1, 4, 6, 24, 27]
[1, 2, 7, 14, 21]
[16, 17, 18, 19, 20, 21, 22, 23, 24, 25, 26, 27, 28]


6
process id 4
stats
5, 15, 7, 100, 1000
20220730-135059
loosing coalitions taken
[1, 2, 10, 11, 12]
[2, 4, 5, 17, 28]
[1, 2, 7, 15, 19]
[1, 3, 8, 15, 16]
[1, 3, 7, 9, 23]
[1, 2, 8, 9, 18]
[2, 3, 7, 8, 10]
[1, 4, 7, 10, 18]
[1, 4, 6, 26]
[2, 3, 5, 24]
[1, 5, 6, 8]
[3, 4, 5, 12, 23]
[2, 3, 6, 11, 28]
[1, 3, 6, 25]
[16, 17, 18, 19, 20, 21, 22, 23, 24, 25, 26, 27, 28]


6
process id 1
stats
5, 15, 7, 100, 1000
20220730-135106
loosing coalitions taken
[1, 2, 8, 11, 20]
[2, 4, 5, 18, 27]
[1, 2, 7, 13, 23]
[1, 3, 8, 9, 19]
[3, 4, 5, 21, 22]
[2, 3, 6, 10]
[1, 3, 7, 15, 21]
[3, 4, 6, 9, 17]
[1, 3, 6, 28]
[1, 5, 6, 13, 21]
[2, 4, 6, 11, 23]
[2, 3, 5, 20]
[1, 4, 8, 12, 13]
[1, 4, 6, 25]
[16, 17, 18, 19, 20, 21, 22, 23, 24, 25, 26, 27, 28]


6
process id 4
stats
5, 15, 7, 100, 1000
20220730-135109
loosing coalitions taken
[2, 3, 5, 23, 27]
[1, 3, 8, 10, 17]
[2, 3, 6, 14]
[1, 3, 7, 13, 22]
[1, 4, 7, 8]
[1, 2, 10, 11, 13]
[1, 5, 6, 11, 24]
[2, 4, 5, 20]
[2, 4, 6, 10, 24]
[1, 2, 8, 9, 12]
[1, 3, 6, 28]
[3, 4, 5, 13]
[1, 4, 6, 17]
[1, 2, 7, 15, 21]
[16, 17, 18, 19, 20, 21, 22, 23, 24, 25, 26, 27, 28]


6
process id 0
stats
5, 15, 7, 100, 1000
20220730-135111
loosing coalitions taken
[2, 4, 5, 20]
[2, 3, 6, 10]
[1, 3, 8, 9, 16]
[1, 2, 8, 13, 18]
[1, 3, 7, 15, 20]
[1, 4, 6, 25, 26]
[3, 4, 6, 9, 20]
[1, 2, 7, 10, 17]
[2, 3, 5, 21, 28]
[3, 4, 5, 11]
[1, 5, 6, 11, 24]
[2, 4, 6, 13, 21]
[1, 4, 7, 8]
[1, 2, 9, 12, 14]
[16, 17, 18, 19, 20, 21, 22, 23, 24, 25, 26, 27, 28]


5
process id 4
stats
5, 15, 7, 100, 1000
20220730-135117
loosing coalitions taken
[1, 3, 8, 10, 17]
[1, 5, 6, 10, 26]
[1, 2, 9, 11, 13]
[2, 3, 6, 11, 25]
[1, 3, 7, 14, 22]
[2, 4, 6, 15, 20]
[1, 4, 6, 27]
[1, 3, 6, 23]
[2, 4, 5, 12, 24]
[1, 4, 7, 8, 18]
[2, 3, 5, 16]
[3, 4, 5, 13, 23]
[1, 2, 7, 10, 20]
[1, 2, 8, 12, 16]
[16, 17, 18, 19, 20, 21, 22, 23, 24, 25, 26, 27, 28]


5
process id 6
stats
5, 15, 7, 100, 1000
20220730-135126
loosing coalitions taken
[1, 2, 8, 10, 20]
[1, 5, 6, 11, 25]
[1, 2, 7, 13, 25]
[1, 2, 9, 11, 14]
[1, 3, 7, 12, 22]
[2, 3, 6, 10]
[1, 3, 8, 14, 16]
[1, 4, 8, 9, 12]
[1, 4, 7, 10, 16]
[2, 4, 6, 9, 22]
[1, 4, 6, 23]
[2, 4, 5, 15]
[2, 3, 5, 19]
[3, 4, 5, 9]
[16, 17, 18, 19, 20, 21, 22, 23, 24, 25, 26, 27, 28]


6
process id 3
stats
5, 15, 7, 100, 1000
20220730-135151
loosing coalitions taken
[2, 3, 6, 14]
[1, 2, 8, 13, 19]
[1, 4, 7, 10, 17]
[1, 3, 7, 15, 20]
[1, 4, 8, 9, 11]
[1, 3, 8, 10, 18]
[1, 2, 7, 9]
[1, 5, 6, 12, 22]
[2, 4, 6, 16, 18]
[2, 3, 5, 20, 26]
[3, 4, 5, 9, 22]
[2, 4, 5, 15]
[3, 4, 6, 8]
[1, 4, 6, 24]
[16, 17, 18, 19, 20, 21, 22, 23, 24, 25, 26, 27, 28]


5
process id 2
stats
5, 15, 7, 100, 1000
20220730-135211
loosing coalitions taken
[1, 2, 7, 16, 20]
[1, 2, 8, 10, 18]
[1, 5, 6, 10, 22]
[1, 3, 7, 14, 21]
[2, 3, 5, 20]
[1, 4, 8, 9, 15]
[1, 4, 6, 23, 27]
[1, 4, 7, 10, 12]
[2, 4, 6, 8]
[3, 4, 5, 12]
[1, 3, 6, 26]
[2, 4, 5, 16]
[2, 3, 6, 9]
[1, 2, 9, 12, 13]
[16, 17, 18, 19, 20, 21, 22, 23, 24, 25, 26, 27, 28]


5
process id 7
stats
5, 15, 7, 100, 1000
20220730-135215
loosing coalitions taken
[1, 2, 9, 12, 14]
[1, 4, 8, 10, 13]
[1, 3, 7, 14, 22]
[1, 2, 8, 11, 21]
[1, 3, 8, 9, 20]
[1, 2, 7, 10, 25]
[2, 4, 5, 18]
[2, 3, 6, 13]
[1, 5, 6, 9, 26]
[2, 4, 6, 14, 16]
[3, 4, 6, 8]
[1, 4, 6, 22]
[3, 4, 5, 12]
[2, 3, 5, 23]
[16, 17, 18, 19, 20, 21, 22, 23, 24, 25, 26, 27, 28]


5
process id 4
stats
5, 15, 7, 100, 1000
20220730-135216
loosing coalitions taken
[1, 4, 8, 13, 14]
[2, 3, 5, 22, 27]
[2, 4, 6, 11, 17]
[2, 4, 5, 19, 25]
[3, 4, 5, 17, 20]
[1, 3, 7, 9, 24]
[1, 2, 9, 10, 14]
[1, 2, 8, 11, 15]
[1, 5, 6, 15, 18]
[2, 3, 6, 9, 21]
[1, 4, 6, 21, 26]
[3, 4, 6, 8, 27]
[1, 3, 8, 10, 19]
[1, 2, 7, 13, 22]
[16, 17, 18, 19, 20, 21, 22, 23, 24, 25, 26, 27, 28]


5
process id 3
stats
5, 15, 7, 100, 1000
20220730-135220
loosing coalitions taken
[1, 2, 7, 15, 22]
[2, 4, 6, 14, 17]
[1, 4, 8, 10, 15]
[1, 4, 6, 22, 23]
[1, 2, 9, 10, 13]
[3, 4, 6, 10, 20]
[1, 4, 7, 9, 19]
[1, 3, 8, 9, 17]
[3, 4, 5, 16, 23]
[2, 3, 6, 12]
[2, 4, 5, 10]
[1, 5, 6, 13, 18]
[1, 3, 7, 11, 13]
[1, 2, 8, 14, 20]
[16, 17, 18, 19, 20, 21, 22, 23, 24, 25, 26, 27, 28]


6
process id 7
stats
5, 15, 7, 100, 1000
20220730-135223
loosing coalitions taken
[1, 2, 9, 11, 12]
[2, 3, 5, 22]
[1, 4, 8, 9, 15]
[1, 3, 8, 12, 17]
[1, 3, 7, 15, 21]
[2, 4, 6, 15, 19]
[1, 2, 7, 13, 20]
[1, 2, 8, 10, 19]
[1, 5, 6, 14, 20]
[3, 4, 5, 14]
[2, 3, 6, 13]
[1, 4, 6, 23, 25]
[2, 4, 5, 18, 24]
[1, 3, 6, 28]
[16, 17, 18, 19, 20, 21, 22, 23, 24, 25, 26, 27, 28]


