Results
15
0.64
0.633

6
process id 1
stats
5, 15, 7, 100, 1000
20220730-135231
loosing coalitions taken
[1, 2, 7, 9, 26]
[1, 5, 6, 12, 22]
[1, 4, 7, 13, 15]
[1, 3, 7, 11, 20]
[2, 3, 6, 11]
[1, 2, 10, 12, 13]
[2, 4, 5, 19, 24]
[1, 4, 6, 27]
[1, 2, 8, 14, 15]
[3, 4, 5, 13]
[2, 3, 5, 22]
[3, 4, 6, 8, 18]
[2, 4, 6, 16, 17]
[1, 3, 8, 13, 16]
[16, 17, 18, 19, 20, 21, 22, 23, 24, 25, 26, 27, 28]


5
process id 3
stats
5, 15, 7, 100, 1000
20220730-135301
loosing coalitions taken
[1, 5, 6, 13, 23]
[2, 4, 6, 15, 21]
[1, 4, 8, 10, 15]
[1, 4, 6, 27]
[1, 2, 8, 12, 20]
[1, 2, 10, 11, 13]
[1, 3, 8, 9, 13]
[2, 3, 6, 16, 19]
[3, 4, 5, 16, 18]
[1, 3, 7, 10, 17]
[2, 3, 5, 26, 27]
[1, 2, 7, 9]
[2, 4, 5, 10]
[3, 5, 6, 7, 12]
[16, 17, 18, 19, 20, 21, 22, 23, 24, 25, 26, 27, 28]


5
process id 7
stats
5, 15, 7, 100, 1000
20220730-135302
loosing coalitions taken
[1, 2, 7, 13, 24]
[1, 5, 6, 16, 18]
[1, 3, 8, 10, 16]
[2, 4, 5, 16]
[1, 3, 7, 12, 18]
[1, 4, 7, 14, 15]
[1, 4, 8, 9, 12]
[2, 3, 6, 11]
[1, 4, 6, 26]
[2, 3, 5, 21]
[3, 4, 6, 13, 18]
[2, 4, 6, 14, 20]
[3, 4, 5, 12]
[1, 2, 9, 10, 11]
[16, 17, 18, 19, 20, 21, 22, 23, 24, 25, 26, 27, 28]


6
process id 4
stats
5, 15, 7, 100, 1000
20220730-135315
loosing coalitions taken
[1, 4, 8, 12, 13]
[2, 3, 6, 9, 27]
[1, 3, 8, 11, 18]
[3, 4, 5, 16]
[1, 2, 9, 11, 13]
[1, 4, 6, 25]
[1, 2, 7, 16, 17]
[1, 2, 8, 14, 15]
[1, 5, 6, 11, 24]
[2, 3, 5, 17, 28]
[2, 4, 5, 19, 26]
[1, 3, 6, 26]
[1, 3, 7, 9, 22]
[2, 4, 6, 8, 23]
[16, 17, 18, 19, 20, 21, 22, 23, 24, 25, 26, 27, 28]


5
process id 5
stats
5, 15, 7, 100, 1000
20220730-135319
loosing coalitions taken
[1, 5, 6, 14, 22]
[2, 3, 6, 14]
[2, 4, 5, 19]
[1, 4, 8, 9, 15]
[1, 3, 8, 11, 17]
[1, 2, 9, 10, 13]
[1, 3, 7, 9, 20]
[1, 2, 7, 15, 17]
[3, 4, 6, 13, 20]
[3, 4, 5, 11]
[2, 4, 6, 8]
[1, 4, 6, 23, 24]
[1, 4, 7, 12, 14]
[2, 3, 5, 21]
[16, 17, 18, 19, 20, 21, 22, 23, 24, 25, 26, 27, 28]


6
process id 1
stats
5, 15, 7, 100, 1000
20220730-135330
loosing coalitions taken
[1, 2, 9, 11, 13]
[1, 4, 8, 10, 13]
[1, 2, 10, 12, 14]
[2, 3, 6, 12]
[1, 5, 6, 11, 23]
[1, 4, 6, 27]
[1, 2, 7, 8]
[3, 4, 5, 16]
[2, 4, 6, 9, 16]
[2, 4, 5, 20, 28]
[1, 3, 6, 26]
[2, 3, 5, 18]
[1, 3, 7, 15, 21]
[1, 3, 8, 11, 12]
[16, 17, 18, 19, 20, 21, 22, 23, 24, 25, 26, 27, 28]


5
process id 1
stats
5, 15, 7, 100, 1000
20220730-135352
loosing coalitions taken
[1, 3, 7, 16, 18]
[1, 2, 7, 17, 19]
[1, 2, 8, 14, 20]
[2, 3, 7, 8, 10]
[3, 4, 6, 14, 18]
[1, 4, 7, 10, 14]
[2, 4, 6, 10, 22]
[1, 5, 6, 13, 19]
[2, 3, 5, 22]
[3, 4, 5, 9]
[2, 4, 5, 19]
[2, 3, 6, 13]
[1, 4, 8, 9, 12]
[1, 2, 6, 27]
[16, 17, 18, 19, 20, 21, 22, 23, 24, 25, 26, 27, 28]


6
process id 5
stats
5, 15, 7, 100, 1000
20220730-135354
loosing coalitions taken
[1, 4, 7, 10, 18]
[1, 3, 7, 13, 21]
[1, 5, 6, 10, 26]
[2, 3, 6, 14]
[1, 2, 7, 9]
[3, 4, 5, 16, 22]
[2, 4, 6, 7]
[2, 4, 5, 15]
[2, 3, 5, 18, 28]
[1, 4, 6, 23]
[1, 4, 8, 9, 13]
[1, 2, 8, 15, 17]
[1, 3, 8, 12, 14]
[1, 3, 6, 24]
[16, 17, 18, 19, 20, 21, 22, 23, 24, 25, 26, 27, 28]


6
process id 4
stats
5, 15, 7, 100, 1000
20220730-135359
loosing coalitions taken
[1, 4, 7, 9, 19]
[1, 2, 8, 10, 21]
[1, 5, 6, 11, 25]
[3, 4, 5, 15, 22]
[2, 4, 5, 19, 26]
[1, 2, 9, 12, 13]
[3, 4, 6, 8, 24]
[1, 3, 7, 12, 20]
[1, 2, 7, 14, 22]
[2, 3, 5, 23]
[1, 4, 6, 22, 26]
[1, 4, 8, 11, 12]
[2, 4, 6, 7]
[1, 3, 8, 14, 16]
[16, 17, 18, 19, 20, 21, 22, 23, 24, 25, 26, 27, 28]


6
process id 7
stats
5, 15, 7, 100, 1000
20220730-135401
loosing coalitions taken
[1, 2, 9, 10, 11]
[1, 5, 6, 12, 23]
[3, 4, 5, 15, 28]
[2, 4, 5, 19]
[1, 3, 7, 14, 20]
[1, 2, 7, 13, 25]
[1, 3, 8, 9, 18]
[1, 4, 6, 28]
[2, 3, 5, 23]
[2, 3, 6, 12, 22]
[2, 4, 6, 15, 18]
[3, 4, 6, 13, 16]
[1, 4, 7, 8]
[1, 2, 8, 15, 16]
[16, 17, 18, 19, 20, 21, 22, 23, 24, 25, 26, 27, 28]


6
process id 0
stats
5, 15, 7, 100, 1000
20220730-135408
loosing coalitions taken
[1, 3, 8, 10, 17]
[1, 2, 7, 16, 19]
[1, 2, 8, 13, 18]
[3, 4, 5, 16]
[1, 3, 7, 14, 20]
[1, 2, 10, 11, 12]
[1, 4, 7, 8, 22]
[2, 3, 6, 17, 21]
[3, 4, 6, 11, 18]
[1, 4, 6, 27]
[2, 3, 5, 23]
[1, 5, 6, 10, 25]
[2, 4, 5, 18]
[2, 4, 6, 12, 20]
[16, 17, 18, 19, 20, 21, 22, 23, 24, 25, 26, 27, 28]


6
process id 4
stats
5, 15, 7, 100, 1000
20220730-135421
loosing coalitions taken
[1, 2, 7, 15, 21]
[1, 4, 7, 12, 16]
[2, 3, 7, 8, 9]
[2, 3, 6, 17, 18]
[1, 3, 9, 10, 12]
[1, 3, 7, 11, 20]
[2, 3, 5, 25]
[1, 4, 6, 28]
[1, 2, 8, 11, 18]
[1, 5, 6, 15, 16]
[1, 3, 8, 14, 15]
[2, 4, 6, 12, 22]
[3, 4, 6, 13, 14]
[2, 4, 5, 21, 23]
[16, 17, 18, 19, 20, 21, 22, 23, 24, 25, 26, 27, 28]


5
process id 6
stats
5, 15, 7, 100, 1000
20220730-135423
loosing coalitions taken
[1, 2, 7, 11, 27]
[1, 2, 8, 14, 17]
[1, 3, 9, 10, 11]
[1, 5, 6, 9, 25]
[1, 3, 7, 16, 17]
[2, 3, 6, 13]
[1, 4, 6, 23]
[1, 3, 8, 12, 19]
[2, 4, 5, 18]
[2, 3, 5, 22]
[1, 4, 7, 8]
[3, 4, 5, 10]
[3, 4, 6, 12, 14]
[2, 4, 6, 10, 20]
[16, 17, 18, 19, 20, 21, 22, 23, 24, 25, 26, 27, 28]


