Results
15
0.642
0.633

6
process id 3
stats
5, 15, 7, 100, 1000
20220730-135704
loosing coalitions taken
[1, 5, 6, 13, 20]
[1, 2, 9, 10, 14]
[1, 2, 7, 16, 18]
[1, 3, 8, 12, 17]
[1, 3, 7, 10, 22]
[1, 4, 7, 11, 14]
[3, 4, 6, 10, 19]
[1, 2, 8, 11, 20]
[2, 4, 6, 11, 22]
[2, 3, 5, 21, 25]
[2, 3, 6, 9]
[1, 4, 6, 26, 28]
[2, 4, 5, 17, 24]
[1, 4, 8, 10, 13]
[16, 17, 18, 19, 20, 21, 22, 23, 24, 25, 26, 27, 28]


6
process id 1
stats
5, 15, 7, 100, 1000
20220730-135726
loosing coalitions taken
[1, 2, 7, 16, 18]
[1, 3, 7, 11, 20]
[2, 4, 5, 20]
[1, 3, 8, 9, 17]
[1, 2, 8, 12, 21]
[1, 5, 6, 16, 17]
[1, 4, 7, 13, 15]
[1, 4, 8, 11, 14]
[2, 3, 6, 13]
[1, 4, 6, 28]
[2, 4, 6, 10, 24]
[2, 3, 5, 15, 27]
[3, 4, 5, 10, 28]
[3, 4, 6, 9, 22]
[16, 17, 18, 19, 20, 21, 22, 23, 24, 25, 26, 27, 28]


6
process id 4
stats
5, 15, 7, 100, 1000
20220730-135728
loosing coalitions taken
[2, 3, 6, 9]
[1, 3, 7, 16, 18]
[1, 2, 7, 14, 21]
[1, 4, 7, 11, 17]
[1, 5, 6, 10, 24]
[2, 4, 5, 17]
[1, 3, 8, 11, 15]
[3, 4, 6, 11, 21]
[3, 4, 5, 16, 28]
[1, 3, 6, 28]
[1, 4, 6, 25]
[2, 3, 5, 20]
[1, 2, 8, 13, 18]
[2, 3, 7, 8, 10]
[16, 17, 18, 19, 20, 21, 22, 23, 24, 25, 26, 27, 28]


6
process id 6
stats
5, 15, 7, 100, 1000
20220730-135732
loosing coalitions taken
[3, 4, 6, 9, 22]
[1, 5, 6, 10, 24]
[1, 2, 7, 15, 18]
[3, 4, 5, 17, 24]
[2, 4, 6, 11, 14]
[1, 4, 7, 8, 26]
[2, 3, 5, 18, 26]
[1, 2, 10, 11, 13]
[1, 3, 7, 14, 21]
[1, 4, 6, 25]
[2, 4, 5, 20]
[1, 3, 8, 9, 13]
[2, 3, 6, 12, 27]
[1, 2, 8, 12, 14]
[16, 17, 18, 19, 20, 21, 22, 23, 24, 25, 26, 27, 28]


6
process id 5
stats
5, 15, 7, 100, 1000
20220730-135741
loosing coalitions taken
[3, 4, 5, 18, 26]
[1, 3, 7, 16, 19]
[1, 5, 6, 12, 21]
[2, 4, 5, 20, 23]
[1, 2, 7, 15, 17]
[1, 3, 8, 9, 18]
[1, 2, 8, 12, 20]
[1, 4, 7, 11, 12]
[1, 4, 8, 13, 14]
[1, 4, 6, 22, 24]
[1, 3, 6, 25]
[2, 4, 6, 8]
[2, 3, 5, 17, 24]
[1, 2, 10, 11, 13]
[16, 17, 18, 19, 20, 21, 22, 23, 24, 25, 26, 27, 28]


6
process id 3
stats
5, 15, 7, 100, 1000
20220730-135742
loosing coalitions taken
[1, 5, 6, 13, 21]
[1, 2, 7, 11, 24]
[1, 2, 8, 12, 20]
[1, 3, 7, 15, 19]
[1, 4, 8, 9, 11]
[2, 3, 6, 14]
[2, 4, 5, 20]
[1, 4, 7, 12, 16]
[1, 4, 6, 28]
[1, 2, 9, 10, 13]
[1, 3, 6, 26]
[2, 4, 6, 8]
[2, 3, 5, 22]
[3, 4, 5, 19, 24]
[16, 17, 18, 19, 20, 21, 22, 23, 24, 25, 26, 27, 28]


6
process id 3
stats
5, 15, 7, 100, 1000
20220730-135748
loosing coalitions taken
[2, 3, 6, 12, 26]
[1, 2, 9, 12, 14]
[2, 4, 6, 10, 24]
[1, 5, 6, 11, 20]
[1, 3, 7, 15, 21]
[1, 4, 6, 23]
[1, 2, 7, 13, 24]
[1, 2, 8, 10, 19]
[2, 4, 5, 15]
[3, 4, 5, 17, 28]
[1, 4, 8, 9, 13]
[2, 3, 5, 25]
[1, 4, 7, 10, 16]
[1, 3, 9, 10, 11]
[16, 17, 18, 19, 20, 21, 22, 23, 24, 25, 26, 27, 28]


6
process id 2
stats
5, 15, 7, 100, 1000
20220730-135748
loosing coalitions taken
[1, 4, 8, 13, 14]
[1, 2, 10, 11, 13]
[2, 3, 6, 12]
[1, 4, 6, 25]
[1, 2, 8, 9, 18]
[3, 4, 5, 14]
[1, 3, 8, 10, 16]
[1, 5, 6, 9, 19]
[1, 3, 6, 28]
[1, 2, 7, 14, 16]
[2, 3, 5, 21]
[2, 4, 5, 9]
[2, 4, 6, 15, 21]
[1, 3, 7, 12, 22]
[16, 17, 18, 19, 20, 21, 22, 23, 24, 25, 26, 27, 28]


5
process id 6
stats
5, 15, 7, 100, 1000
20220730-135748
loosing coalitions taken
[1, 5, 6, 10, 25]
[2, 4, 5, 20]
[2, 3, 6, 13]
[1, 2, 8, 11, 19]
[1, 4, 8, 9, 14]
[1, 3, 7, 14, 22]
[1, 3, 8, 12, 15]
[2, 3, 5, 17]
[3, 4, 5, 16, 22]
[1, 4, 6, 23]
[2, 4, 6, 8]
[1, 2, 6, 26]
[1, 2, 7, 9]
[1, 4, 7, 11, 13]
[16, 17, 18, 19, 20, 21, 22, 23, 24, 25, 26, 27, 28]


5
process id 6
stats
5, 15, 7, 100, 1000
20220730-135750
loosing coalitions taken
[2, 4, 6, 11, 23]
[2, 3, 6, 14]
[1, 2, 10, 12, 13]
[3, 4, 5, 18, 25]
[1, 3, 8, 12, 18]
[1, 4, 6, 28]
[1, 3, 7, 15, 20]
[1, 2, 8, 11, 15]
[1, 4, 7, 11, 14]
[2, 3, 5, 16, 24]
[1, 3, 6, 27]
[2, 4, 5, 13]
[3, 4, 6, 8]
[1, 5, 6, 13, 23]
[16, 17, 18, 19, 20, 21, 22, 23, 24, 25, 26, 27, 28]


6
process id 2
stats
5, 15, 7, 100, 1000
20220730-135756
loosing coalitions taken
[1, 4, 8, 10, 15]
[1, 2, 7, 17, 18]
[1, 3, 7, 13, 19]
[1, 2, 8, 14, 19]
[1, 5, 6, 9, 19]
[2, 3, 6, 17, 21]
[3, 4, 6, 9, 22]
[1, 4, 6, 23]
[2, 3, 5, 20, 27]
[3, 5, 6, 7, 15]
[3, 4, 5, 12, 26]
[2, 4, 5, 18]
[1, 3, 8, 9, 12]
[1, 2, 10, 11, 13]
[16, 17, 18, 19, 20, 21, 22, 23, 24, 25, 26, 27, 28]


6
process id 0
stats
5, 15, 7, 100, 1000
20220730-135813
loosing coalitions taken
[1, 2, 8, 14, 17]
[2, 3, 6, 11]
[1, 3, 8, 9, 20]
[1, 4, 8, 11, 12]
[1, 5, 6, 12, 18]
[1, 4, 6, 28]
[1, 2, 7, 9, 19]
[1, 3, 7, 16, 17]
[2, 4, 6, 16, 17]
[2, 3, 5, 18]
[2, 4, 5, 20, 26]
[2, 3, 7, 8, 10]
[3, 4, 5, 14]
[1, 3, 6, 24]
[16, 17, 18, 19, 20, 21, 22, 23, 24, 25, 26, 27, 28]


6
process id 6
stats
5, 15, 7, 100, 1000
20220730-135814
loosing coalitions taken
[1, 3, 8, 10, 18]
[1, 2, 9, 10, 14]
[2, 3, 6, 12]
[1, 3, 7, 14, 20]
[1, 4, 7, 10, 13]
[3, 4, 5, 13, 26]
[1, 5, 6, 11, 24]
[1, 4, 6, 27]
[3, 4, 6, 8]
[1, 3, 6, 25]
[2, 4, 5, 9]
[2, 3, 5, 24]
[1, 2, 8, 11, 13]
[1, 2, 7, 16, 21]
[16, 17, 18, 19, 20, 21, 22, 23, 24, 25, 26, 27, 28]


5
process id 1
stats
5, 15, 7, 100, 1000
20220730-135816
loosing coalitions taken
[1, 3, 7, 15, 21]
[1, 2, 8, 12, 18]
[2, 4, 5, 18]
[1, 2, 7, 11, 26]
[1, 4, 6, 26]
[1, 3, 9, 10, 12]
[2, 3, 5, 23]
[2, 3, 6, 13]
[3, 4, 5, 10]
[2, 4, 6, 8]
[1, 5, 6, 14, 19]
[3, 4, 6, 11, 21]
[1, 4, 7, 8]
[1, 3, 8, 11, 16]
[16, 17, 18, 19, 20, 21, 22, 23, 24, 25, 26, 27, 28]


5
process id 5
stats
5, 15, 7, 100, 1000
20220730-135823
loosing coalitions taken
[1, 3, 7, 14, 17]
[1, 2, 9, 12, 13]
[2, 3, 6, 14]
[1, 2, 8, 10, 17]
[1, 4, 7, 8]
[2, 4, 5, 16]
[1, 4, 6, 22]
[3, 4, 5, 11, 22]
[3, 4, 6, 10, 13]
[2, 3, 5, 15]
[2, 4, 6, 15, 17]
[1, 5, 6, 12, 21]
[1, 2, 7, 15, 20]
[1, 3, 8, 9, 18]
[16, 17, 18, 19, 20, 21, 22, 23, 24, 25, 26, 27, 28]


5
process id 5
stats
5, 15, 7, 100, 1000
20220730-135826
loosing coalitions taken
[1, 3, 7, 9, 20]
[1, 4, 7, 10, 16]
[1, 4, 8, 11, 13]
[1, 5, 6, 14, 20]
[1, 2, 7, 13, 23]
[2, 3, 7, 8, 10]
[2, 4, 6, 15, 17]
[2, 3, 6, 12, 24]
[3, 4, 6, 13, 21]
[2, 4, 5, 19, 27]
[2, 3, 5, 25, 26]
[1, 3, 8, 15, 16]
[3, 4, 5, 12]
[1, 3, 6, 28]
[16, 17, 18, 19, 20, 21, 22, 23, 24, 25, 26, 27, 28]


5
process id 7
stats
5, 15, 7, 100, 1000
20220730-135827
loosing coalitions taken
[1, 4, 7, 10, 12]
[1, 2, 9, 10, 13]
[1, 5, 6, 16, 19]
[3, 4, 6, 11, 14]
[1, 3, 8, 11, 19]
[2, 4, 6, 12, 21]
[1, 4, 8, 9, 14]
[1, 3, 7, 13, 18]
[3, 4, 5, 15, 23]
[1, 4, 6, 24]
[1, 2, 7, 8]
[2, 3, 5, 21, 25]
[2, 4, 5, 11]
[2, 3, 6, 9]
[16, 17, 18, 19, 20, 21, 22, 23, 24, 25, 26, 27, 28]


6
process id 0
stats
5, 15, 7, 100, 1000
20220730-135829
loosing coalitions taken
[1, 5, 6, 11, 23]
[1, 3, 8, 12, 19]
[1, 2, 8, 13, 17]
[1, 2, 9, 10, 14]
[2, 3, 6, 11]
[1, 2, 7, 12, 26]
[3, 4, 5, 9]
[1, 3, 7, 10, 18]
[2, 3, 5, 23]
[1, 4, 6, 24]
[2, 4, 5, 19, 27]
[2, 4, 6, 13, 20]
[3, 4, 6, 10, 21]
[1, 4, 7, 9, 11]
[16, 17, 18, 19, 20, 21, 22, 23, 24, 25, 26, 27, 28]


6
process id 6
stats
5, 15, 7, 100, 1000
20220730-135843
loosing coalitions taken
[1, 2, 9, 12, 13]
[1, 2, 8, 10, 19]
[1, 3, 8, 11, 18]
[1, 4, 7, 9, 16]
[1, 3, 7, 10, 22]
[3, 4, 6, 9, 19]
[1, 4, 6, 24, 26]
[2, 4, 6, 15, 21]
[2, 3, 5, 25, 27]
[2, 4, 5, 18, 22]
[3, 4, 5, 11, 23]
[2, 3, 6, 14]
[1, 2, 7, 15, 20]
[1, 5, 6, 13, 22]
[16, 17, 18, 19, 20, 21, 22, 23, 24, 25, 26, 27, 28]


