Results
15
0.643
0.633

6
process id 0
stats
5, 15, 7, 100, 1000
20220730-135853
loosing coalitions taken
[1, 3, 7, 13, 20]
[2, 4, 5, 19]
[1, 3, 8, 15, 16]
[2, 3, 6, 10]
[1, 2, 9, 11, 14]
[1, 5, 6, 11, 17]
[1, 4, 6, 24]
[1, 2, 7, 12, 25]
[3, 4, 6, 13, 21]
[1, 4, 7, 14, 16]
[1, 2, 8, 10, 20]
[2, 3, 5, 18]
[3, 4, 5, 17, 25]
[2, 4, 6, 7]
[16, 17, 18, 19, 20, 21, 22, 23, 24, 25, 26, 27, 28]


6
process id 3
stats
5, 15, 7, 100, 1000
20220730-135859
loosing coalitions taken
[1, 5, 6, 13, 23]
[1, 4, 8, 11, 13]
[1, 4, 7, 10, 16]
[1, 3, 7, 15, 20]
[2, 3, 6, 9]
[2, 4, 5, 18, 26]
[1, 3, 8, 12, 16]
[3, 4, 5, 16, 23]
[1, 2, 7, 11, 24]
[1, 4, 6, 28]
[2, 3, 5, 15]
[3, 4, 6, 12, 21]
[1, 3, 6, 26]
[1, 2, 8, 9, 22]
[16, 17, 18, 19, 20, 21, 22, 23, 24, 25, 26, 27, 28]


6
process id 1
stats
5, 15, 7, 100, 1000
20220730-135902
loosing coalitions taken
[1, 2, 7, 15, 21]
[1, 2, 8, 11, 20]
[2, 3, 6, 9]
[1, 3, 8, 13, 16]
[1, 2, 10, 12, 13]
[1, 4, 8, 9, 14]
[2, 4, 5, 20, 25]
[1, 4, 6, 27]
[3, 4, 6, 11, 20]
[3, 4, 5, 10]
[1, 3, 7, 11, 19]
[1, 3, 6, 24]
[2, 3, 5, 26, 28]
[1, 5, 6, 10, 23]
[16, 17, 18, 19, 20, 21, 22, 23, 24, 25, 26, 27, 28]


6
process id 4
stats
5, 15, 7, 100, 1000
20220730-135905
loosing coalitions taken
[3, 4, 6, 12, 21]
[2, 3, 7, 8, 9]
[1, 2, 7, 17, 18]
[2, 3, 6, 14]
[1, 3, 7, 11, 20]
[1, 4, 7, 10, 13]
[1, 4, 6, 28]
[3, 4, 5, 11]
[2, 4, 5, 14]
[2, 3, 5, 18]
[1, 3, 6, 25]
[1, 5, 6, 15, 19]
[1, 2, 8, 14, 15]
[1, 3, 8, 10, 17]
[16, 17, 18, 19, 20, 21, 22, 23, 24, 25, 26, 27, 28]


6
process id 1
stats
5, 15, 7, 100, 1000
20220730-135908
loosing coalitions taken
[2, 3, 6, 13]
[1, 3, 8, 11, 17]
[1, 2, 8, 12, 18]
[1, 3, 7, 10, 23]
[1, 5, 6, 16, 17]
[1, 2, 10, 11, 14]
[1, 2, 7, 16, 19]
[2, 3, 5, 24, 26]
[1, 4, 7, 8]
[2, 4, 6, 10, 18]
[3, 4, 6, 9, 21]
[3, 4, 5, 14]
[2, 4, 5, 11]
[1, 4, 6, 19]
[16, 17, 18, 19, 20, 21, 22, 23, 24, 25, 26, 27, 28]


6
process id 6
stats
5, 15, 7, 100, 1000
20220730-135922
loosing coalitions taken
[1, 3, 8, 15, 16]
[1, 2, 8, 14, 17]
[2, 3, 6, 10]
[1, 2, 7, 9]
[1, 3, 7, 12, 19]
[2, 4, 5, 9]
[2, 3, 5, 21, 28]
[3, 4, 5, 14]
[2, 4, 6, 11, 24]
[1, 4, 6, 28]
[1, 3, 6, 27]
[1, 4, 7, 8, 22]
[3, 4, 6, 13, 19]
[1, 5, 6, 12, 21]
[16, 17, 18, 19, 20, 21, 22, 23, 24, 25, 26, 27, 28]


5
process id 5
stats
5, 15, 7, 100, 1000
20220730-135925
loosing coalitions taken
[1, 4, 8, 10, 13]
[1, 2, 7, 12, 25]
[2, 3, 5, 22]
[1, 4, 7, 9, 19]
[1, 2, 9, 11, 14]
[1, 3, 7, 13, 21]
[1, 5, 6, 10, 26]
[2, 4, 5, 18, 21]
[3, 4, 6, 13, 14]
[3, 4, 5, 10]
[1, 3, 8, 9, 15]
[1, 4, 6, 23]
[2, 3, 6, 9]
[2, 4, 6, 7]
[16, 17, 18, 19, 20, 21, 22, 23, 24, 25, 26, 27, 28]


5
process id 7
stats
5, 15, 7, 100, 1000
20220730-135932
loosing coalitions taken
[1, 5, 6, 16, 18]
[2, 4, 5, 21, 24]
[1, 3, 7, 12, 16]
[2, 3, 6, 14, 23]
[1, 4, 6, 25, 26]
[3, 4, 5, 17, 18]
[1, 3, 6, 27]
[1, 2, 8, 12, 15]
[1, 4, 8, 13, 14]
[1, 2, 7, 11, 26]
[2, 4, 6, 11, 19]
[1, 2, 9, 10, 14]
[2, 3, 5, 19]
[1, 4, 7, 10, 15]
[16, 17, 18, 19, 20, 21, 22, 23, 24, 25, 26, 27, 28]


6
process id 0
stats
5, 15, 7, 100, 1000
20220730-135941
loosing coalitions taken
[2, 4, 6, 15, 19]
[2, 4, 5, 21, 25]
[1, 3, 8, 11, 16]
[1, 3, 7, 14, 22]
[2, 3, 5, 23, 28]
[2, 3, 6, 14]
[1, 3, 9, 10, 12]
[1, 2, 8, 9, 18]
[1, 2, 10, 11, 13]
[1, 2, 7, 15, 20]
[1, 4, 6, 23, 25]
[3, 4, 5, 9]
[1, 4, 7, 11, 12]
[1, 5, 6, 13, 19]
[16, 17, 18, 19, 20, 21, 22, 23, 24, 25, 26, 27, 28]


6
process id 3
stats
5, 15, 7, 100, 1000
20220730-135950
loosing coalitions taken
[2, 4, 6, 9, 22]
[1, 2, 7, 12, 24]
[3, 4, 5, 17, 25]
[1, 4, 8, 9, 12]
[1, 2, 9, 11, 14]
[2, 3, 7, 8, 9]
[1, 4, 7, 10, 18]
[1, 3, 7, 15, 21]
[2, 3, 6, 12]
[2, 4, 5, 15, 23]
[1, 4, 6, 25, 27]
[1, 5, 6, 11, 16]
[1, 3, 8, 11, 13]
[1, 2, 8, 10, 21]
[16, 17, 18, 19, 20, 21, 22, 23, 24, 25, 26, 27, 28]


5
process id 5
stats
5, 15, 7, 100, 1000
20220730-135952
loosing coalitions taken
[1, 5, 6, 16, 20]
[2, 3, 5, 23]
[2, 4, 6, 13, 21]
[1, 2, 7, 14, 18]
[1, 2, 10, 11, 13]
[1, 2, 8, 12, 17]
[1, 3, 8, 14, 16]
[2, 4, 5, 10]
[3, 4, 5, 12]
[1, 4, 6, 26]
[2, 3, 6, 11]
[1, 3, 7, 10, 20]
[3, 4, 6, 7]
[1, 4, 7, 8]
[16, 17, 18, 19, 20, 21, 22, 23, 24, 25, 26, 27, 28]


5
process id 0
stats
5, 15, 7, 100, 1000
20220730-135954
loosing coalitions taken
[3, 4, 6, 13, 17]
[1, 3, 8, 9, 18]
[1, 2, 7, 10, 25]
[1, 4, 7, 8]
[2, 4, 5, 17]
[2, 3, 6, 14]
[1, 2, 9, 12, 13]
[1, 4, 6, 25]
[3, 4, 5, 14]
[2, 3, 5, 21]
[1, 5, 6, 13, 21]
[1, 2, 8, 14, 17]
[1, 3, 7, 11, 12]
[2, 4, 6, 9, 24]
[16, 17, 18, 19, 20, 21, 22, 23, 24, 25, 26, 27, 28]


5
process id 5
stats
5, 15, 7, 100, 1000
20220730-135957
loosing coalitions taken
[1, 2, 9, 10, 12]
[2, 3, 7, 8, 9]
[2, 3, 5, 23]
[1, 3, 8, 12, 17]
[2, 4, 6, 10, 24]
[1, 2, 7, 16, 20]
[3, 4, 6, 12, 20]
[1, 3, 7, 15, 19]
[1, 5, 6, 14, 22]
[1, 2, 8, 14, 18]
[3, 4, 5, 9]
[1, 3, 6, 26]
[1, 4, 6, 21]
[2, 4, 5, 14]
[16, 17, 18, 19, 20, 21, 22, 23, 24, 25, 26, 27, 28]


5
process id 0
stats
5, 15, 7, 100, 1000
20220730-140001
loosing coalitions taken
[1, 5, 6, 14, 22]
[1, 2, 9, 11, 12]
[1, 2, 7, 10, 24]
[1, 3, 7, 9, 17]
[3, 4, 6, 11, 19]
[1, 4, 6, 26]
[2, 3, 6, 13, 28]
[1, 3, 8, 12, 19]
[1, 2, 8, 13, 17]
[2, 4, 5, 15]
[2, 3, 5, 23]
[3, 4, 5, 9]
[1, 4, 7, 8, 22]
[2, 4, 6, 12, 21]
[16, 17, 18, 19, 20, 21, 22, 23, 24, 25, 26, 27, 28]


5
process id 5
stats
5, 15, 7, 100, 1000
20220730-140003
loosing coalitions taken
[3, 4, 5, 16]
[1, 5, 6, 12, 21]
[1, 3, 7, 12, 20]
[1, 2, 10, 12, 13]
[1, 2, 8, 11, 16]
[1, 3, 8, 10, 17]
[2, 3, 5, 23]
[2, 4, 6, 13, 15]
[1, 4, 7, 10, 18]
[2, 4, 5, 17]
[2, 3, 6, 11]
[1, 4, 6, 20]
[1, 2, 7, 9]
[3, 4, 6, 9, 22]
[16, 17, 18, 19, 20, 21, 22, 23, 24, 25, 26, 27, 28]


5
process id 2
stats
5, 15, 7, 100, 1000
20220730-140015
loosing coalitions taken
[2, 3, 5, 17]
[1, 2, 7, 14, 19]
[1, 3, 7, 10, 20]
[3, 4, 6, 12, 21]
[1, 2, 10, 11, 12]
[1, 4, 7, 8]
[1, 5, 6, 15, 20]
[2, 4, 5, 20]
[2, 4, 6, 11, 22]
[3, 4, 5, 15]
[1, 3, 6, 24]
[2, 3, 6, 13]
[1, 2, 8, 9, 17]
[1, 3, 8, 12, 14]
[16, 17, 18, 19, 20, 21, 22, 23, 24, 25, 26, 27, 28]


5
process id 7
stats
5, 15, 7, 100, 1000
20220730-140016
loosing coalitions taken
[1, 3, 8, 12, 13]
[1, 2, 9, 11, 12]
[1, 2, 7, 14, 20]
[1, 4, 7, 12, 16]
[2, 4, 6, 14, 18]
[1, 3, 7, 15, 18]
[2, 3, 5, 25, 28]
[2, 4, 5, 15]
[3, 4, 5, 12]
[1, 4, 8, 10, 11]
[2, 3, 6, 17, 21]
[3, 4, 6, 10, 19]
[2, 3, 7, 8, 10]
[1, 4, 6, 17]
[16, 17, 18, 19, 20, 21, 22, 23, 24, 25, 26, 27, 28]


6
process id 1
stats
5, 15, 7, 100, 1000
20220730-140017
loosing coalitions taken
[2, 4, 6, 13, 22]
[3, 4, 6, 14, 18]
[1, 2, 9, 12, 13]
[1, 2, 7, 15, 21]
[1, 4, 8, 9, 14]
[1, 3, 7, 8]
[1, 4, 6, 25, 27]
[1, 5, 6, 10, 17]
[1, 3, 6, 26]
[2, 3, 5, 19]
[2, 4, 5, 20]
[1, 4, 7, 11, 16]
[2, 3, 6, 11, 28]
[3, 4, 5, 13]
[16, 17, 18, 19, 20, 21, 22, 23, 24, 25, 26, 27, 28]


6
process id 0
stats
5, 15, 7, 100, 1000
20220730-140027
loosing coalitions taken
[1, 5, 6, 16, 19]
[1, 2, 9, 10, 13]
[2, 3, 5, 24, 26]
[1, 2, 7, 16, 18]
[2, 3, 6, 12]
[1, 3, 8, 11, 18]
[1, 3, 7, 13, 20]
[3, 4, 5, 15, 28]
[1, 3, 6, 27]
[3, 4, 6, 13, 18]
[2, 4, 5, 20]
[2, 4, 6, 9, 25]
[1, 4, 7, 8, 21]
[1, 4, 6, 23]
[16, 17, 18, 19, 20, 21, 22, 23, 24, 25, 26, 27, 28]


6
process id 5
stats
5, 15, 7, 100, 1000
20220730-140030
loosing coalitions taken
[1, 4, 7, 10, 17]
[1, 2, 8, 14, 20]
[3, 4, 5, 19, 20]
[1, 2, 10, 12, 13]
[2, 4, 5, 17]
[3, 4, 6, 11, 18]
[1, 3, 7, 9, 18]
[1, 4, 8, 11, 12]
[1, 5, 6, 13, 20]
[1, 4, 6, 26, 27]
[1, 2, 7, 11, 15]
[2, 3, 6, 16, 22]
[2, 3, 7, 8, 10]
[1, 3, 6, 28]
[16, 17, 18, 19, 20, 21, 22, 23, 24, 25, 26, 27, 28]


6
process id 7
stats
5, 15, 7, 100, 1000
20220730-140031
loosing coalitions taken
[1, 2, 9, 10, 11]
[1, 3, 8, 10, 17]
[2, 3, 6, 14, 26]
[1, 2, 7, 14, 23]
[1, 3, 7, 12, 20]
[2, 4, 6, 8]
[2, 3, 5, 21]
[3, 4, 5, 10, 22]
[3, 4, 6, 12, 17]
[1, 4, 6, 23]
[1, 4, 7, 9, 13]
[2, 4, 5, 19]
[1, 2, 8, 15, 16]
[1, 5, 6, 12, 24]
[16, 17, 18, 19, 20, 21, 22, 23, 24, 25, 26, 27, 28]


6
process id 3
stats
5, 15, 7, 100, 1000
20220730-140032
loosing coalitions taken
[3, 4, 5, 16]
[1, 2, 9, 11, 12]
[1, 3, 7, 12, 17]
[2, 3, 6, 18, 21]
[1, 2, 7, 10, 26]
[1, 4, 6, 24]
[2, 4, 5, 11, 26]
[3, 4, 6, 9, 22]
[1, 4, 7, 8, 16]
[2, 3, 5, 19]
[1, 3, 6, 27]
[1, 5, 6, 8]
[2, 4, 6, 15, 20]
[1, 2, 8, 13, 19]
[16, 17, 18, 19, 20, 21, 22, 23, 24, 25, 26, 27, 28]


5
process id 3
stats
5, 15, 7, 100, 1000
20220730-140037
loosing coalitions taken
[2, 4, 5, 20]
[1, 4, 8, 11, 13]
[1, 2, 7, 9]
[1, 3, 8, 14, 16]
[2, 3, 6, 13]
[2, 3, 5, 19]
[1, 4, 6, 26]
[1, 3, 7, 12, 19]
[3, 4, 5, 13, 28]
[1, 3, 6, 24]
[1, 5, 6, 11, 23]
[1, 4, 7, 10, 14]
[1, 2, 8, 12, 18]
[3, 4, 6, 14, 15]
[16, 17, 18, 19, 20, 21, 22, 23, 24, 25, 26, 27, 28]


6
process id 2
stats
5, 15, 7, 100, 1000
20220730-140039
loosing coalitions taken
[1, 3, 7, 14, 19]
[2, 3, 7, 8, 10]
[1, 3, 8, 13, 16]
[1, 4, 7, 9, 18]
[1, 5, 6, 13, 22]
[1, 2, 8, 12, 20]
[2, 3, 6, 9]
[1, 2, 7, 11, 24]
[2, 4, 5, 13]
[2, 3, 5, 22]
[1, 4, 6, 24]
[3, 4, 5, 14]
[2, 4, 6, 11, 20]
[1, 3, 6, 27]
[16, 17, 18, 19, 20, 21, 22, 23, 24, 25, 26, 27, 28]


