Results
15
0.644
0.633

6
process id 0
stats
5, 15, 7, 100, 1000
20220730-140110
loosing coalitions taken
[2, 4, 5, 20, 23]
[1, 2, 8, 11, 16]
[2, 4, 6, 8]
[1, 2, 9, 10, 13]
[1, 4, 7, 11, 12]
[1, 5, 6, 9, 25]
[1, 3, 7, 13, 19]
[3, 4, 5, 21, 22]
[1, 3, 6, 23]
[2, 3, 5, 15, 26]
[1, 4, 6, 24]
[2, 3, 6, 11]
[1, 2, 7, 15, 22]
[1, 3, 8, 9, 18]
[16, 17, 18, 19, 20, 21, 22, 23, 24, 25, 26, 27, 28]


6
process id 2
stats
5, 15, 7, 100, 1000
20220730-140117
loosing coalitions taken
[1, 2, 9, 10, 14]
[1, 3, 7, 14, 20]
[1, 2, 7, 12, 21]
[1, 2, 8, 15, 16]
[2, 3, 6, 10, 26]
[1, 3, 8, 10, 13]
[3, 4, 6, 11, 16]
[2, 4, 5, 10]
[3, 4, 5, 12]
[1, 4, 6, 25]
[2, 4, 6, 14, 20]
[1, 4, 7, 8]
[2, 3, 5, 21]
[1, 5, 6, 9, 24]
[16, 17, 18, 19, 20, 21, 22, 23, 24, 25, 26, 27, 28]


6
process id 1
stats
5, 15, 7, 100, 1000
20220730-140146
loosing coalitions taken
[1, 3, 8, 10, 18]
[1, 3, 7, 11, 17]
[1, 4, 7, 12, 16]
[1, 2, 7, 15, 19]
[1, 5, 6, 11, 25]
[1, 4, 6, 26]
[2, 3, 6, 19, 21]
[2, 4, 5, 20, 23]
[1, 2, 9, 11, 13]
[2, 3, 5, 16]
[1, 2, 8, 12, 20]
[1, 3, 6, 27]
[2, 4, 6, 16, 17]
[3, 4, 5, 14, 21]
[16, 17, 18, 19, 20, 21, 22, 23, 24, 25, 26, 27, 28]


6
process id 5
stats
5, 15, 7, 100, 1000
20220730-140146
loosing coalitions taken
[1, 3, 7, 16, 18]
[1, 2, 8, 12, 21]
[1, 4, 8, 10, 14]
[2, 3, 6, 19, 20]
[1, 2, 7, 10, 28]
[3, 4, 5, 18, 23]
[2, 4, 5, 17, 26]
[3, 5, 6, 7, 11]
[1, 2, 9, 11, 14]
[1, 5, 6, 15, 21]
[1, 3, 8, 11, 19]
[3, 4, 6, 13, 16]
[2, 3, 5, 24]
[1, 4, 6, 26]
[16, 17, 18, 19, 20, 21, 22, 23, 24, 25, 26, 27, 28]


6
process id 6
stats
5, 15, 7, 100, 1000
20220730-140152
loosing coalitions taken
[1, 3, 8, 12, 18]
[3, 4, 5, 17, 25]
[1, 4, 7, 10, 16]
[1, 2, 7, 11, 26]
[1, 3, 7, 9, 24]
[2, 4, 5, 21, 28]
[2, 3, 6, 11]
[1, 5, 6, 16, 17]
[1, 4, 6, 25]
[2, 3, 5, 24]
[3, 4, 6, 8]
[1, 2, 10, 12, 13]
[1, 2, 8, 9, 15]
[1, 3, 6, 28]
[16, 17, 18, 19, 20, 21, 22, 23, 24, 25, 26, 27, 28]


5
process id 7
stats
5, 15, 7, 100, 1000
20220730-140158
loosing coalitions taken
[1, 3, 8, 11, 19]
[1, 2, 7, 15, 19]
[1, 2, 8, 13, 14]
[1, 4, 8, 10, 15]
[2, 4, 6, 12, 16]
[1, 3, 7, 12, 14]
[1, 2, 10, 11, 12]
[3, 4, 5, 9]
[2, 3, 6, 14]
[2, 3, 5, 19]
[1, 4, 6, 28]
[1, 5, 6, 9, 22]
[2, 4, 5, 18]
[2, 3, 7, 8, 10]
[16, 17, 18, 19, 20, 21, 22, 23, 24, 25, 26, 27, 28]


6
process id 1
stats
5, 15, 7, 100, 1000
20220730-140207
loosing coalitions taken
[1, 3, 7, 13, 21]
[1, 2, 7, 15, 22]
[1, 3, 8, 11, 17]
[1, 2, 10, 11, 13]
[1, 4, 6, 28]
[3, 4, 5, 19, 26]
[2, 3, 5, 18]
[2, 4, 5, 12, 27]
[2, 3, 6, 14]
[1, 5, 6, 12, 23]
[1, 3, 6, 27]
[3, 4, 6, 8]
[1, 4, 7, 10, 19]
[2, 4, 6, 11, 24]
[16, 17, 18, 19, 20, 21, 22, 23, 24, 25, 26, 27, 28]


5
process id 1
stats
5, 15, 7, 100, 1000
20220730-140212
loosing coalitions taken
[1, 2, 7, 13, 23]
[1, 2, 9, 10, 11]
[2, 4, 6, 15, 21]
[1, 3, 7, 10, 21]
[1, 3, 8, 12, 15]
[1, 2, 8, 14, 20]
[1, 5, 6, 11, 20]
[2, 4, 5, 12]
[3, 4, 5, 14]
[2, 3, 5, 16]
[3, 4, 6, 8]
[1, 4, 6, 17]
[2, 3, 6, 9]
[1, 4, 7, 9, 16]
[16, 17, 18, 19, 20, 21, 22, 23, 24, 25, 26, 27, 28]


6
process id 4
stats
5, 15, 7, 100, 1000
20220730-140219
loosing coalitions taken
[1, 2, 10, 12, 13]
[2, 3, 7, 8, 9]
[1, 4, 7, 10, 19]
[2, 4, 6, 8, 28]
[1, 3, 8, 11, 12]
[1, 2, 7, 16, 20]
[3, 4, 6, 9, 21]
[1, 3, 7, 14, 15]
[1, 2, 8, 14, 18]
[1, 4, 6, 22]
[3, 4, 5, 15, 27]
[2, 3, 5, 25, 26]
[2, 3, 6, 14, 17]
[2, 4, 5, 18]
[16, 17, 18, 19, 20, 21, 22, 23, 24, 25, 26, 27, 28]


5
process id 4
stats
5, 15, 7, 100, 1000
20220730-140238
loosing coalitions taken
[2, 3, 6, 12]
[1, 3, 7, 15, 21]
[1, 2, 7, 16, 20]
[2, 4, 5, 19]
[1, 4, 6, 22]
[3, 4, 5, 14]
[1, 5, 6, 8]
[2, 4, 6, 16, 18]
[1, 4, 8, 9, 12]
[2, 3, 5, 16]
[1, 4, 7, 11, 17]
[1, 2, 10, 12, 14]
[3, 4, 6, 15, 17]
[1, 3, 8, 11, 14]
[16, 17, 18, 19, 20, 21, 22, 23, 24, 25, 26, 27, 28]


5
process id 0
stats
5, 15, 7, 100, 1000
20220730-140249
loosing coalitions taken
[1, 3, 7, 11, 23]
[1, 4, 6, 27]
[1, 2, 9, 11, 14]
[1, 2, 8, 13, 20]
[2, 3, 6, 9]
[1, 2, 7, 16, 21]
[1, 4, 8, 9, 10]
[3, 4, 6, 15, 17]
[3, 4, 5, 11]
[1, 3, 6, 28]
[2, 4, 5, 14, 24]
[2, 3, 5, 21]
[1, 4, 7, 12, 14]
[2, 4, 6, 10, 23]
[16, 17, 18, 19, 20, 21, 22, 23, 24, 25, 26, 27, 28]


