Results
15
0.61
0.625

5
process id 1
stats
5, 15, 7, 100, 1000
20220818-055840
loosing coalitions taken
[1, 4, 8, 11, 13]
[2, 4, 5, 19]
[1, 2, 7, 16, 17]
[1, 3, 7, 14, 22]
[1, 2, 8, 14, 15]
[1, 4, 7, 9, 18]
[1, 4, 6, 27]
[1, 2, 10, 12, 13]
[1, 3, 6, 26]
[2, 3, 5, 10]
[3, 4, 5, 20, 21]
[2, 4, 6, 9, 16]
[2, 3, 6, 11]
[1, 3, 8, 10, 17]
[16, 17, 18, 19, 20, 21, 22, 23, 24, 25, 26, 27, 28]


5
process id 0
stats
5, 15, 7, 100, 1000
20220818-060033
loosing coalitions taken
[1, 3, 7, 15, 20]
[2, 4, 5, 20]
[1, 4, 7, 9, 16]
[1, 5, 6, 9, 23]
[1, 2, 10, 12, 14]
[1, 3, 8, 10, 17]
[1, 2, 7, 11, 17]
[1, 2, 8, 9, 22]
[2, 3, 5, 25]
[1, 3, 6, 19]
[3, 4, 5, 18, 22]
[2, 4, 6, 15, 19]
[2, 3, 6, 11]
[1, 4, 6, 25]
[16, 17, 18, 19, 20, 21, 22, 23, 24, 25, 26, 27, 28]


5
process id 5
stats
5, 15, 7, 100, 1000
20220818-060103
loosing coalitions taken
[1, 2, 7, 13, 22]
[2, 4, 6, 12, 20]
[2, 4, 5, 17, 25]
[2, 3, 5, 22, 23]
[3, 4, 5, 21, 24]
[1, 2, 8, 10, 19]
[1, 3, 8, 13, 15]
[2, 3, 7, 8, 9]
[1, 5, 6, 11, 19]
[3, 4, 6, 8, 18]
[1, 4, 6, 15, 27]
[2, 3, 6, 13]
[1, 4, 5, 28]
[1, 3, 7, 14, 21]
[16, 17, 18, 19, 20, 21, 22, 23, 24, 25, 26, 27, 28]


5
process id 5
stats
5, 15, 7, 100, 1000
20220818-060116
loosing coalitions taken
[2, 3, 5, 23, 27]
[1, 3, 8, 15, 16]
[1, 2, 9, 11, 12]
[1, 3, 7, 11, 21]
[2, 3, 6, 9]
[2, 4, 5, 19]
[1, 2, 7, 8]
[3, 4, 5, 13, 26]
[1, 4, 7, 12, 15]
[1, 4, 6, 28]
[3, 4, 6, 10, 16]
[1, 5, 6, 11, 23]
[1, 4, 5, 24]
[1, 2, 6, 27]
[16, 17, 18, 19, 20, 21, 22, 23, 24, 25, 26, 27, 28]


5
process id 4
stats
5, 15, 7, 100, 1000
20220818-060158
loosing coalitions taken
[1, 2, 10, 12, 13]
[1, 2, 8, 9, 21]
[1, 3, 7, 14, 17]
[1, 3, 8, 11, 15]
[2, 4, 5, 9]
[1, 5, 6, 13, 22]
[2, 3, 6, 12]
[1, 2, 7, 11, 25]
[1, 3, 6, 24]
[2, 3, 5, 13, 28]
[1, 4, 5, 28]
[3, 4, 6, 7, 21]
[1, 4, 7, 9, 10]
[2, 4, 6, 11, 23]
[16, 17, 18, 19, 20, 21, 22, 23, 24, 25, 26, 27, 28]


5
process id 1
stats
5, 15, 7, 100, 1000
20220818-060214
loosing coalitions taken
[1, 2, 8, 12, 18]
[2, 4, 5, 21, 28]
[1, 2, 7, 13, 19]
[1, 4, 7, 12, 14]
[2, 4, 6, 9, 20]
[1, 4, 8, 9, 10]
[2, 3, 5, 16, 25]
[3, 4, 5, 12]
[1, 2, 10, 11, 14]
[1, 3, 6, 25]
[3, 4, 6, 7]
[1, 4, 5, 26]
[1, 5, 6, 10, 24]
[1, 3, 7, 8]
[16, 17, 18, 19, 20, 21, 22, 23, 24, 25, 26, 27, 28]


