Results
15
0.61
0.6275

6
process id 1
stats
5, 15, 7, 100, 1000
20220818-060324
loosing coalitions taken
[1, 2, 7, 9, 25]
[1, 3, 7, 11, 21]
[1, 4, 8, 9, 15]
[2, 4, 6, 14, 15]
[1, 4, 7, 10, 18]
[2, 3, 7, 8, 10]
[2, 3, 5, 14, 27]
[2, 4, 5, 9]
[1, 3, 8, 12, 19]
[1, 4, 6, 22]
[1, 5, 6, 13, 24]
[1, 2, 8, 11, 17]
[1, 2, 6, 27]
[3, 4, 5, 16]
[16, 17, 18, 19, 20, 21, 22, 23, 24, 25, 26, 27, 28]


6
process id 0
stats
5, 15, 7, 100, 1000
20220818-060327
loosing coalitions taken
[1, 3, 7, 10, 23]
[1, 4, 6, 25, 27]
[3, 4, 5, 13, 26]
[1, 2, 10, 11, 12]
[1, 4, 8, 9, 12]
[2, 4, 6, 10, 24]
[1, 2, 7, 16, 21]
[1, 3, 8, 13, 15]
[3, 4, 6, 12, 17]
[1, 3, 6, 28]
[1, 2, 8, 14, 19]
[2, 4, 5, 21, 22]
[2, 3, 5, 24, 25]
[2, 3, 7, 8, 9]
[16, 17, 18, 19, 20, 21, 22, 23, 24, 25, 26, 27, 28]


6
process id 1
stats
5, 15, 7, 100, 1000
20220818-060410
loosing coalitions taken
[1, 3, 7, 11, 22]
[1, 2, 7, 9, 24]
[1, 4, 8, 12, 13]
[2, 3, 5, 25, 27]
[3, 4, 6, 11, 15]
[2, 3, 6, 13]
[1, 2, 8, 11, 15]
[1, 5, 6, 16, 19]
[1, 4, 7, 10, 16]
[1, 3, 8, 9, 19]
[3, 4, 5, 12, 24]
[1, 4, 6, 17]
[1, 2, 10, 12, 14]
[2, 4, 5, 10]
[16, 17, 18, 19, 20, 21, 22, 23, 24, 25, 26, 27, 28]


6
process id 4
stats
5, 15, 7, 100, 1000
20220818-060454
loosing coalitions taken
[1, 4, 8, 12, 14]
[1, 2, 7, 14, 23]
[1, 3, 8, 9, 18]
[2, 3, 6, 13]
[1, 2, 9, 11, 12]
[2, 4, 5, 18]
[1, 5, 6, 16, 19]
[1, 3, 7, 11, 22]
[2, 3, 5, 12]
[3, 4, 5, 15, 26]
[3, 4, 6, 14, 17]
[2, 4, 6, 9, 24]
[1, 2, 8, 13, 15]
[1, 4, 6, 20, 27]
[16, 17, 18, 19, 20, 21, 22, 23, 24, 25, 26, 27, 28]


5
process id 7
stats
5, 15, 7, 100, 1000
20220818-060503
loosing coalitions taken
[2, 4, 6, 14, 18]
[1, 5, 6, 12, 23]
[1, 2, 7, 11, 18]
[1, 4, 6, 22]
[2, 3, 6, 13, 25]
[1, 3, 7, 13, 19]
[1, 3, 8, 14, 16]
[2, 5, 6, 8, 11]
[2, 3, 5, 22, 27]
[2, 4, 5, 13, 26]
[3, 4, 5, 15]
[1, 3, 9, 10, 11]
[1, 2, 8, 10, 21]
[1, 2, 9, 12, 13]
[16, 17, 18, 19, 20, 21, 22, 23, 24, 25, 26, 27, 28]


5
process id 1
stats
5, 15, 7, 100, 1000
20220818-060520
loosing coalitions taken
[1, 2, 8, 12, 13]
[1, 4, 8, 10, 14]
[2, 3, 5, 21]
[1, 4, 7, 9, 18]
[1, 3, 9, 10, 11]
[3, 4, 6, 7]
[1, 5, 6, 14, 17]
[1, 2, 7, 10, 20]
[2, 4, 5, 16]
[1, 4, 5, 27]
[2, 3, 6, 15, 25]
[3, 4, 5, 13, 17]
[2, 4, 6, 13, 18]
[1, 3, 6, 23]
[16, 17, 18, 19, 20, 21, 22, 23, 24, 25, 26, 27, 28]


5
process id 1
stats
5, 15, 7, 100, 1000
20220818-060534
loosing coalitions taken
[1, 3, 7, 11, 18]
[2, 4, 6, 16, 18]
[2, 4, 5, 20]
[1, 2, 8, 9, 19]
[1, 3, 8, 13, 16]
[1, 2, 7, 14, 21]
[1, 2, 10, 11, 13]
[1, 5, 6, 12, 24]
[2, 3, 6, 11]
[1, 3, 6, 28]
[2, 3, 5, 16]
[3, 4, 5, 15]
[1, 4, 6, 23]
[1, 4, 7, 8]
[16, 17, 18, 19, 20, 21, 22, 23, 24, 25, 26, 27, 28]


5
process id 4
stats
5, 15, 7, 100, 1000
20220818-060548
loosing coalitions taken
[1, 2, 8, 13, 20]
[1, 3, 7, 11, 18]
[1, 4, 7, 9, 15]
[2, 3, 6, 13]
[1, 2, 7, 10, 23]
[1, 4, 6, 27]
[3, 4, 5, 18, 19]
[2, 3, 5, 15]
[1, 3, 6, 24]
[1, 5, 6, 14, 22]
[2, 4, 6, 8]
[1, 3, 8, 12, 19]
[1, 4, 8, 10, 14]
[2, 4, 5, 17, 25]
[16, 17, 18, 19, 20, 21, 22, 23, 24, 25, 26, 27, 28]


5
process id 0
stats
5, 15, 7, 100, 1000
20220818-060618
loosing coalitions taken
[1, 3, 8, 15, 16]
[2, 3, 6, 10, 23]
[3, 4, 5, 19, 25]
[1, 4, 7, 10, 15]
[2, 4, 5, 18, 23]
[1, 3, 7, 13, 20]
[2, 3, 5, 24]
[1, 2, 10, 11, 13]
[2, 4, 6, 16, 19]
[1, 2, 7, 14, 19]
[1, 5, 6, 12, 17]
[1, 4, 5, 27]
[1, 2, 6, 22]
[1, 3, 9, 10, 12]
[16, 17, 18, 19, 20, 21, 22, 23, 24, 25, 26, 27, 28]


5
process id 1
stats
5, 15, 7, 100, 1000
20220818-060622
loosing coalitions taken
[1, 5, 6, 12, 23]
[2, 3, 6, 15, 27]
[1, 4, 7, 9, 16]
[3, 4, 5, 14, 27]
[2, 4, 5, 13, 24]
[2, 3, 5, 22]
[2, 4, 6, 12, 20]
[1, 4, 8, 10, 15]
[1, 2, 7, 8, 24]
[3, 4, 6, 13, 18]
[1, 2, 6, 26]
[1, 4, 5, 28]
[1, 3, 7, 10, 13]
[1, 3, 8, 12, 16]
[16, 17, 18, 19, 20, 21, 22, 23, 24, 25, 26, 27, 28]


5
process id 0
stats
5, 15, 7, 100, 1000
20220818-060625
loosing coalitions taken
[3, 4, 5, 17, 19]
[1, 4, 7, 10, 18]
[2, 4, 6, 11, 20]
[1, 4, 8, 12, 13]
[1, 5, 6, 10, 25]
[2, 4, 5, 16, 24]
[1, 4, 6, 24]
[2, 3, 6, 12, 27]
[1, 3, 8, 9, 19]
[1, 2, 8, 11, 14]
[1, 3, 7, 15, 16]
[1, 2, 7, 9, 25]
[1, 3, 6, 20]
[2, 3, 5, 21]
[16, 17, 18, 19, 20, 21, 22, 23, 24, 25, 26, 27, 28]


5
process id 0
stats
5, 15, 7, 100, 1000
20220818-060636
loosing coalitions taken
[1, 3, 7, 14, 17]
[2, 3, 6, 14]
[1, 3, 8, 15, 16]
[1, 5, 6, 10, 22]
[3, 4, 5, 19, 21]
[1, 4, 6, 25]
[1, 3, 9, 10, 11]
[1, 2, 8, 12, 20]
[2, 4, 6, 8]
[2, 3, 5, 15]
[1, 2, 7, 9, 16]
[1, 4, 8, 9, 14]
[1, 2, 6, 24, 28]
[2, 4, 5, 17, 24]
[16, 17, 18, 19, 20, 21, 22, 23, 24, 25, 26, 27, 28]


5
process id 5
stats
5, 15, 7, 100, 1000
20220818-060636
loosing coalitions taken
[2, 4, 6, 15, 19]
[1, 4, 8, 9, 11]
[1, 3, 8, 10, 17]
[1, 5, 6, 14, 18]
[1, 2, 8, 12, 16]
[1, 4, 7, 14, 16]
[1, 3, 7, 9, 20]
[1, 2, 7, 17, 19]
[2, 3, 5, 18, 19]
[3, 4, 5, 16, 27]
[2, 3, 6, 11, 23]
[2, 4, 5, 9, 22]
[1, 3, 6, 24]
[1, 4, 5, 28]
[16, 17, 18, 19, 20, 21, 22, 23, 24, 25, 26, 27, 28]


5
process id 1
stats
5, 15, 7, 100, 1000
20220818-060646
loosing coalitions taken
[3, 4, 6, 12, 21]
[2, 4, 5, 11, 26]
[2, 3, 5, 18, 22]
[1, 5, 6, 13, 24]
[2, 4, 6, 9, 19]
[2, 3, 6, 11, 16]
[1, 2, 10, 11, 13]
[1, 2, 8, 9, 17]
[1, 4, 8, 11, 12]
[1, 4, 7, 13, 15]
[3, 4, 5, 14, 23]
[1, 3, 6, 20]
[1, 4, 5, 28]
[1, 2, 7, 14, 24]
[16, 17, 18, 19, 20, 21, 22, 23, 24, 25, 26, 27, 28]


