Results
15
0.61
0.63

5
process id 6
stats
5, 15, 7, 100, 1000
20220818-060745
loosing coalitions taken
[1, 3, 7, 15, 21]
[1, 3, 8, 10, 17]
[1, 2, 9, 10, 11]
[1, 4, 8, 12, 13]
[1, 4, 7, 9, 19]
[3, 4, 6, 10, 21]
[1, 2, 7, 16, 18]
[2, 4, 6, 11, 24]
[1, 5, 6, 14, 22]
[2, 3, 6, 13]
[3, 4, 5, 11, 22]
[1, 4, 6, 20, 27]
[2, 4, 5, 15]
[1, 2, 8, 14, 19]
[16, 17, 18, 19, 20, 21, 22, 23, 24, 25, 26, 27, 28]


6
process id 7
stats
5, 15, 7, 100, 1000
20220818-060753
loosing coalitions taken
[1, 2, 9, 10, 12]
[2, 3, 5, 26, 28]
[2, 4, 6, 8, 24]
[3, 4, 5, 19, 25]
[1, 3, 8, 11, 16]
[2, 3, 6, 12, 23]
[2, 4, 5, 10]
[3, 4, 6, 9, 20]
[1, 2, 8, 13, 19]
[1, 3, 7, 10, 21]
[1, 5, 6, 11, 18]
[1, 4, 7, 9, 14]
[1, 4, 6, 22]
[1, 2, 7, 11, 27]
[16, 17, 18, 19, 20, 21, 22, 23, 24, 25, 26, 27, 28]


5
process id 0
stats
5, 15, 7, 100, 1000
20220818-060813
loosing coalitions taken
[1, 3, 8, 11, 17]
[1, 3, 7, 12, 22]
[2, 4, 5, 19]
[1, 2, 7, 9, 27]
[1, 4, 7, 10, 14]
[1, 5, 6, 9, 24]
[1, 2, 8, 12, 20]
[2, 3, 6, 13, 23]
[1, 4, 6, 27]
[2, 3, 5, 20, 25]
[3, 4, 5, 12]
[3, 4, 6, 8]
[1, 4, 8, 9, 15]
[1, 3, 6, 25]
[16, 17, 18, 19, 20, 21, 22, 23, 24, 25, 26, 27, 28]


5
process id 7
stats
5, 15, 7, 100, 1000
20220818-060841
loosing coalitions taken
[2, 3, 6, 14]
[1, 3, 7, 9, 24]
[1, 4, 7, 10, 14]
[1, 3, 8, 10, 18]
[1, 5, 6, 9, 23]
[1, 2, 8, 9, 19]
[1, 2, 10, 12, 13]
[1, 4, 6, 25]
[3, 4, 6, 12, 16]
[2, 4, 5, 19]
[3, 4, 5, 14, 27]
[1, 4, 8, 11, 12]
[2, 3, 5, 24]
[1, 2, 6, 24]
[16, 17, 18, 19, 20, 21, 22, 23, 24, 25, 26, 27, 28]


6
process id 3
stats
5, 15, 7, 100, 1000
20220818-060843
loosing coalitions taken
[1, 3, 7, 15, 20]
[1, 2, 8, 15, 16]
[2, 4, 5, 18]
[1, 4, 8, 10, 14]
[1, 4, 7, 9, 19]
[1, 3, 9, 10, 11]
[1, 2, 7, 13, 22]
[1, 5, 6, 10, 22]
[3, 4, 6, 8]
[1, 4, 6, 27]
[2, 3, 6, 16, 21]
[3, 4, 5, 19, 20]
[2, 4, 6, 11, 20]
[2, 3, 5, 14, 26]
[16, 17, 18, 19, 20, 21, 22, 23, 24, 25, 26, 27, 28]


6
process id 6
stats
5, 15, 7, 100, 1000
20220818-060915
loosing coalitions taken
[1, 4, 8, 10, 13]
[1, 4, 7, 9, 19]
[1, 2, 9, 10, 12]
[3, 4, 6, 13, 19]
[2, 3, 6, 9]
[1, 2, 8, 14, 20]
[1, 4, 6, 28]
[1, 3, 7, 16, 17]
[1, 3, 8, 11, 18]
[2, 4, 5, 13, 26]
[2, 3, 5, 12]
[2, 4, 6, 15, 21]
[3, 4, 5, 11]
[1, 3, 6, 26]
[16, 17, 18, 19, 20, 21, 22, 23, 24, 25, 26, 27, 28]


5
process id 4
stats
5, 15, 7, 100, 1000
20220818-060916
loosing coalitions taken
[1, 4, 7, 13, 14]
[1, 3, 8, 14, 16]
[1, 3, 7, 10, 17]
[2, 4, 6, 9, 23]
[3, 4, 6, 11, 17]
[2, 4, 5, 11]
[1, 2, 8, 13, 17]
[1, 4, 6, 25]
[2, 3, 6, 14]
[3, 4, 5, 12, 23]
[2, 3, 5, 21]
[1, 4, 8, 10, 12]
[1, 3, 6, 27]
[1, 2, 7, 9]
[16, 17, 18, 19, 20, 21, 22, 23, 24, 25, 26, 27, 28]


5
process id 0
stats
5, 15, 7, 100, 1000
20220818-061033
loosing coalitions taken
[2, 4, 6, 9, 19]
[1, 2, 7, 9, 27]
[1, 5, 6, 14, 22]
[3, 4, 5, 18, 24]
[1, 4, 8, 9, 15]
[1, 3, 8, 11, 18]
[1, 2, 8, 13, 20]
[2, 3, 5, 20, 27]
[2, 4, 5, 13]
[3, 4, 6, 11, 21]
[1, 4, 6, 26]
[2, 3, 6, 16, 22]
[2, 3, 7, 8, 10]
[1, 3, 7, 12, 22]
[16, 17, 18, 19, 20, 21, 22, 23, 24, 25, 26, 27, 28]


6
process id 5
stats
5, 15, 7, 100, 1000
20220818-061116
loosing coalitions taken
[1, 2, 7, 11, 26]
[1, 2, 9, 10, 12]
[1, 3, 7, 14, 22]
[1, 2, 8, 14, 18]
[1, 3, 8, 9, 20]
[2, 3, 6, 11]
[3, 4, 5, 13, 26]
[1, 4, 6, 28]
[2, 4, 5, 11]
[2, 3, 5, 21]
[2, 4, 6, 13, 18]
[1, 3, 6, 24]
[1, 5, 6, 12, 22]
[1, 4, 8, 10, 11]
[16, 17, 18, 19, 20, 21, 22, 23, 24, 25, 26, 27, 28]


6
process id 1
stats
5, 15, 7, 100, 1000
20220818-061122
loosing coalitions taken
[3, 4, 5, 20, 22]
[1, 5, 6, 9, 25]
[2, 3, 6, 16, 24]
[2, 4, 5, 17, 21]
[2, 3, 5, 25]
[1, 4, 7, 8, 27]
[3, 4, 6, 11, 19]
[2, 4, 6, 13, 20]
[1, 2, 7, 9, 21]
[1, 2, 8, 12, 17]
[1, 4, 6, 26]
[1, 3, 7, 11, 17]
[1, 2, 10, 11, 13]
[1, 3, 8, 9, 18]
[16, 17, 18, 19, 20, 21, 22, 23, 24, 25, 26, 27, 28]


5
process id 7
stats
5, 15, 7, 100, 1000
20220818-061144
loosing coalitions taken
[1, 2, 9, 10, 14]
[1, 2, 7, 13, 25]
[1, 5, 6, 9, 22]
[3, 4, 5, 15]
[1, 2, 8, 15, 17]
[2, 3, 6, 10]
[1, 3, 8, 9, 20]
[2, 3, 5, 23]
[2, 4, 5, 10]
[1, 3, 7, 10, 21]
[1, 4, 6, 18, 25]
[1, 3, 6, 27]
[2, 4, 6, 13, 22]
[1, 4, 7, 8, 24]
[16, 17, 18, 19, 20, 21, 22, 23, 24, 25, 26, 27, 28]


6
process id 1
stats
5, 15, 7, 100, 1000
20220818-061150
loosing coalitions taken
[1, 3, 7, 14, 22]
[2, 4, 5, 20]
[1, 3, 9, 10, 12]
[2, 3, 6, 14]
[1, 5, 6, 12, 24]
[1, 4, 6, 26]
[1, 3, 8, 13, 16]
[1, 2, 7, 11, 24]
[1, 4, 7, 10, 13]
[2, 3, 5, 23, 26]
[3, 4, 5, 16]
[3, 4, 6, 9, 15]
[1, 2, 8, 14, 18]
[2, 4, 6, 8]
[16, 17, 18, 19, 20, 21, 22, 23, 24, 25, 26, 27, 28]


5
process id 0
stats
5, 15, 7, 100, 1000
20220818-061208
loosing coalitions taken
[1, 2, 8, 10, 17]
[1, 3, 7, 16, 17]
[1, 2, 7, 14, 24]
[1, 4, 8, 13, 14]
[1, 4, 7, 9, 10]
[2, 4, 6, 9, 16]
[2, 3, 6, 10]
[1, 3, 8, 11, 12]
[1, 4, 6, 25]
[1, 2, 9, 12, 13]
[2, 4, 5, 12, 24]
[2, 3, 5, 21]
[3, 4, 6, 8]
[3, 4, 5, 14]
[16, 17, 18, 19, 20, 21, 22, 23, 24, 25, 26, 27, 28]


