Results
15
0.61
0.645

5
process id 6
stats
5, 15, 7, 100, 1000
20220818-063526
loosing coalitions taken
[1, 3, 8, 12, 17]
[1, 3, 9, 10, 11]
[1, 3, 7, 13, 22]
[2, 3, 6, 14]
[3, 4, 5, 20, 23]
[1, 4, 7, 8]
[2, 4, 5, 18]
[2, 3, 5, 25]
[1, 2, 7, 9]
[2, 4, 6, 11, 24]
[1, 2, 10, 12, 14]
[1, 5, 6, 11, 23]
[1, 2, 8, 13, 20]
[3, 4, 6, 12, 19]
[16, 17, 18, 19, 20, 21, 22, 23, 24, 25, 26, 27, 28]


6
process id 7
stats
5, 15, 7, 100, 1000
20220818-063528
loosing coalitions taken
[1, 2, 7, 10, 26]
[1, 5, 6, 9, 25]
[2, 4, 5, 19]
[2, 3, 6, 10]
[1, 2, 8, 11, 18]
[2, 3, 5, 24, 27]
[1, 3, 7, 15, 18]
[3, 4, 5, 16]
[2, 4, 6, 14, 21]
[1, 4, 7, 11, 17]
[1, 4, 8, 10, 15]
[1, 3, 8, 12, 17]
[1, 2, 9, 12, 14]
[3, 4, 6, 11, 20]
[16, 17, 18, 19, 20, 21, 22, 23, 24, 25, 26, 27, 28]


5
process id 6
stats
5, 15, 7, 100, 1000
20220818-063529
loosing coalitions taken
[1, 4, 7, 8]
[1, 3, 9, 10, 12]
[2, 3, 6, 11]
[2, 4, 5, 17]
[1, 3, 7, 15, 20]
[1, 2, 7, 14, 24]
[2, 3, 5, 25]
[1, 2, 8, 10, 21]
[1, 2, 9, 11, 13]
[2, 4, 6, 9, 24]
[3, 4, 6, 13, 20]
[1, 5, 6, 13, 22]
[3, 4, 5, 15]
[1, 3, 8, 11, 19]
[16, 17, 18, 19, 20, 21, 22, 23, 24, 25, 26, 27, 28]


6
process id 7
stats
5, 15, 7, 100, 1000
20220818-063532
loosing coalitions taken
[1, 3, 8, 9, 19]
[2, 4, 6, 16, 17]
[1, 3, 7, 13, 22]
[1, 4, 7, 9, 17]
[1, 5, 6, 11, 25]
[1, 2, 7, 14, 24]
[2, 3, 6, 14]
[1, 2, 9, 10, 13]
[1, 2, 8, 15, 16]
[2, 3, 5, 22]
[3, 4, 6, 12, 19]
[2, 4, 5, 20]
[3, 4, 5, 15]
[1, 4, 8, 11, 14]
[16, 17, 18, 19, 20, 21, 22, 23, 24, 25, 26, 27, 28]


6
process id 5
stats
5, 15, 7, 100, 1000
20220818-063533
loosing coalitions taken
[1, 2, 7, 12, 26]
[1, 4, 7, 9, 19]
[1, 2, 8, 15, 17]
[1, 5, 6, 12, 24]
[1, 3, 7, 11, 23]
[1, 4, 8, 12, 14]
[2, 3, 5, 25, 26]
[2, 4, 5, 20]
[2, 3, 6, 10]
[1, 2, 10, 11, 13]
[3, 4, 5, 15]
[3, 4, 6, 11, 19]
[2, 4, 6, 16, 18]
[1, 3, 8, 10, 19]
[16, 17, 18, 19, 20, 21, 22, 23, 24, 25, 26, 27, 28]


6
process id 0
stats
5, 15, 7, 100, 1000
20220818-063533
loosing coalitions taken
[1, 2, 7, 9]
[2, 3, 5, 25]
[2, 4, 6, 13, 21]
[1, 3, 8, 11, 18]
[1, 4, 8, 10, 15]
[2, 3, 6, 10]
[3, 4, 5, 18, 27]
[1, 3, 9, 10, 12]
[3, 4, 6, 11, 19]
[1, 5, 6, 12, 23]
[2, 4, 5, 17, 26]
[1, 3, 7, 15, 20]
[1, 4, 7, 13, 16]
[1, 2, 8, 13, 19]
[16, 17, 18, 19, 20, 21, 22, 23, 24, 25, 26, 27, 28]


5
process id 5
stats
5, 15, 7, 100, 1000
20220818-063534
loosing coalitions taken
[1, 3, 8, 11, 19]
[1, 4, 7, 10, 19]
[1, 5, 6, 12, 24]
[3, 4, 6, 10, 21]
[1, 2, 7, 9]
[1, 4, 8, 13, 14]
[2, 3, 6, 12]
[2, 4, 6, 11, 22]
[1, 2, 8, 12, 18]
[3, 4, 5, 16]
[1, 3, 7, 16, 17]
[2, 3, 5, 23]
[2, 4, 5, 18]
[1, 2, 10, 11, 14]
[16, 17, 18, 19, 20, 21, 22, 23, 24, 25, 26, 27, 28]


6
process id 6
stats
5, 15, 7, 100, 1000
20220818-063535
loosing coalitions taken
[1, 4, 8, 10, 15]
[1, 5, 6, 16, 19]
[1, 2, 7, 14, 24]
[1, 3, 7, 15, 17]
[2, 4, 5, 18]
[1, 2, 8, 11, 21]
[1, 3, 8, 12, 18]
[2, 3, 6, 13, 26]
[1, 3, 9, 10, 11]
[2, 3, 5, 23]
[2, 3, 7, 8, 9]
[3, 4, 5, 16, 26]
[1, 4, 7, 11, 16]
[3, 4, 6, 9, 22]
[16, 17, 18, 19, 20, 21, 22, 23, 24, 25, 26, 27, 28]


5
process id 7
stats
5, 15, 7, 100, 1000
20220818-063536
loosing coalitions taken
[1, 2, 7, 9, 28]
[1, 2, 10, 12, 14]
[1, 5, 6, 9, 26]
[1, 3, 9, 10, 11]
[1, 4, 8, 11, 14]
[1, 2, 8, 15, 17]
[3, 4, 6, 13, 20]
[1, 3, 7, 15, 20]
[2, 4, 6, 14, 22]
[1, 4, 7, 10, 19]
[2, 3, 6, 9]
[2, 4, 5, 17, 25]
[3, 4, 5, 15]
[1, 3, 8, 13, 16]
[16, 17, 18, 19, 20, 21, 22, 23, 24, 25, 26, 27, 28]


6
process id 4
stats
5, 15, 7, 100, 1000
20220818-063536
loosing coalitions taken
[1, 5, 6, 10, 26]
[2, 3, 5, 25]
[1, 2, 8, 14, 20]
[1, 2, 7, 15, 22]
[1, 3, 7, 14, 21]
[1, 4, 8, 9, 15]
[1, 3, 8, 11, 19]
[2, 4, 6, 12, 22]
[2, 4, 5, 17]
[2, 3, 6, 13]
[2, 3, 7, 8, 9]
[3, 4, 6, 14, 19]
[3, 4, 5, 20, 24]
[1, 2, 9, 12, 13]
[16, 17, 18, 19, 20, 21, 22, 23, 24, 25, 26, 27, 28]


5
process id 6
stats
5, 15, 7, 100, 1000
20220818-063538
loosing coalitions taken
[1, 2, 7, 12, 26]
[2, 3, 6, 14]
[1, 3, 9, 10, 12]
[1, 3, 7, 16, 17]
[1, 4, 7, 8]
[3, 4, 5, 15]
[1, 5, 6, 9, 23]
[2, 4, 5, 19]
[2, 4, 6, 12, 23]
[1, 2, 9, 11, 14]
[3, 4, 6, 11, 18]
[2, 3, 5, 22]
[1, 2, 8, 13, 20]
[1, 3, 8, 14, 15]
[16, 17, 18, 19, 20, 21, 22, 23, 24, 25, 26, 27, 28]


6
process id 3
stats
5, 15, 7, 100, 1000
20220818-063539
loosing coalitions taken
[1, 4, 8, 12, 14]
[3, 4, 6, 13, 21]
[1, 3, 7, 10, 22]
[1, 2, 7, 17, 19]
[1, 2, 9, 10, 11]
[1, 2, 8, 13, 20]
[1, 3, 8, 11, 19]
[1, 5, 6, 10, 23]
[2, 4, 5, 20, 26]
[3, 4, 5, 16]
[1, 4, 7, 9, 16]
[2, 3, 6, 12]
[2, 4, 6, 15, 18]
[2, 3, 5, 25]
[16, 17, 18, 19, 20, 21, 22, 23, 24, 25, 26, 27, 28]


6
process id 5
stats
5, 15, 7, 100, 1000
20220818-063542
loosing coalitions taken
[1, 4, 7, 11, 17]
[1, 3, 7, 15, 21]
[1, 2, 9, 12, 14]
[2, 3, 6, 14]
[1, 2, 8, 10, 21]
[3, 4, 6, 12, 17]
[2, 3, 5, 24]
[2, 4, 5, 20]
[3, 4, 5, 15]
[1, 5, 6, 9, 26]
[2, 4, 6, 11, 23]
[2, 3, 7, 8, 9]
[1, 2, 7, 13, 25]
[1, 3, 8, 13, 16]
[16, 17, 18, 19, 20, 21, 22, 23, 24, 25, 26, 27, 28]


6
process id 3
stats
5, 15, 7, 100, 1000
20220818-063542
loosing coalitions taken
[1, 2, 7, 13, 25]
[1, 3, 7, 11, 22]
[1, 2, 9, 10, 14]
[1, 3, 8, 15, 16]
[1, 5, 6, 9, 26]
[1, 2, 8, 11, 20]
[2, 3, 6, 13]
[2, 4, 5, 19]
[2, 3, 5, 25, 26]
[3, 4, 5, 17, 23]
[2, 4, 6, 16, 18]
[1, 4, 8, 9, 13]
[3, 4, 6, 10, 20]
[1, 4, 7, 14, 16]
[16, 17, 18, 19, 20, 21, 22, 23, 24, 25, 26, 27, 28]


5
process id 6
stats
5, 15, 7, 100, 1000
20220818-063543
loosing coalitions taken
[1, 5, 6, 16, 17]
[1, 3, 9, 10, 12]
[2, 4, 5, 20, 25]
[2, 3, 6, 13]
[1, 2, 7, 15, 21]
[1, 4, 8, 11, 13]
[1, 3, 8, 15, 16]
[1, 2, 10, 11, 14]
[1, 2, 8, 12, 19]
[2, 4, 6, 10, 24]
[3, 4, 5, 16, 28]
[2, 3, 5, 23]
[3, 4, 6, 12, 20]
[1, 3, 7, 13, 20]
[16, 17, 18, 19, 20, 21, 22, 23, 24, 25, 26, 27, 28]


6
process id 4
stats
5, 15, 7, 100, 1000
20220818-063547
loosing coalitions taken
[1, 4, 8, 13, 14]
[1, 2, 7, 9]
[2, 4, 5, 20]
[1, 5, 6, 16, 18]
[2, 4, 6, 15, 18]
[2, 3, 5, 25]
[1, 3, 7, 16, 17]
[1, 2, 8, 11, 18]
[2, 3, 6, 17, 20]
[1, 4, 7, 10, 19]
[3, 4, 5, 15]
[1, 2, 10, 12, 13]
[3, 4, 6, 11, 19]
[1, 3, 9, 10, 11]
[16, 17, 18, 19, 20, 21, 22, 23, 24, 25, 26, 27, 28]


6
process id 5
stats
5, 15, 7, 100, 1000
20220818-063547
loosing coalitions taken
[1, 4, 7, 10, 18]
[3, 4, 6, 14, 20]
[2, 3, 5, 25]
[2, 4, 6, 12, 23]
[1, 2, 7, 11, 26]
[1, 3, 8, 11, 18]
[1, 2, 10, 12, 13]
[1, 5, 6, 12, 24]
[2, 3, 6, 11, 27]
[2, 4, 5, 17]
[3, 4, 5, 15]
[1, 3, 7, 13, 21]
[1, 2, 8, 15, 17]
[2, 3, 7, 8, 10]
[16, 17, 18, 19, 20, 21, 22, 23, 24, 25, 26, 27, 28]


6
process id 1
stats
5, 15, 7, 100, 1000
20220818-063549
loosing coalitions taken
[3, 4, 6, 9, 22]
[2, 4, 5, 20]
[1, 4, 7, 10, 19]
[1, 2, 10, 12, 14]
[2, 3, 6, 16, 24]
[1, 2, 8, 9, 22]
[1, 3, 8, 11, 18]
[1, 4, 8, 12, 13]
[3, 5, 6, 7, 15]
[1, 5, 6, 11, 24]
[2, 3, 5, 23]
[3, 4, 5, 17, 27]
[2, 4, 6, 12, 21]
[1, 2, 7, 13, 23]
[16, 17, 18, 19, 20, 21, 22, 23, 24, 25, 26, 27, 28]


6
process id 5
stats
5, 15, 7, 100, 1000
20220818-063549
loosing coalitions taken
[1, 3, 8, 12, 17]
[1, 5, 6, 16, 18]
[1, 2, 7, 9]
[2, 3, 6, 13]
[1, 4, 8, 10, 15]
[2, 4, 5, 19]
[2, 4, 6, 11, 22]
[3, 4, 5, 15]
[1, 2, 10, 12, 13]
[2, 3, 5, 24]
[3, 4, 6, 9, 20]
[1, 3, 7, 11, 22]
[1, 2, 8, 11, 18]
[1, 4, 7, 14, 16]
[16, 17, 18, 19, 20, 21, 22, 23, 24, 25, 26, 27, 28]


5
process id 3
stats
5, 15, 7, 100, 1000
20220818-063549
loosing coalitions taken
[2, 4, 5, 20]
[1, 5, 6, 11, 25]
[2, 3, 6, 14]
[1, 4, 8, 10, 14]
[1, 3, 7, 15, 17]
[2, 3, 5, 23]
[1, 2, 7, 16, 21]
[3, 4, 5, 19, 22]
[2, 4, 6, 12, 22]
[3, 4, 6, 11, 17]
[1, 2, 8, 11, 17]
[1, 2, 9, 12, 14]
[1, 3, 8, 13, 16]
[2, 3, 7, 8, 10]
[16, 17, 18, 19, 20, 21, 22, 23, 24, 25, 26, 27, 28]


6
process id 7
stats
5, 15, 7, 100, 1000
20220818-063549
loosing coalitions taken
[1, 3, 8, 12, 17]
[3, 4, 6, 13, 21]
[1, 3, 7, 15, 19]
[1, 2, 9, 12, 14]
[1, 2, 7, 13, 24]
[1, 2, 8, 10, 21]
[1, 4, 7, 8]
[2, 3, 6, 14, 26]
[1, 3, 9, 10, 11]
[2, 4, 5, 18, 26]
[3, 4, 5, 19, 24]
[1, 5, 6, 13, 23]
[2, 3, 5, 23]
[2, 4, 6, 15, 19]
[16, 17, 18, 19, 20, 21, 22, 23, 24, 25, 26, 27, 28]


7
process id 2
stats
5, 15, 7, 100, 1000
20220818-063550
loosing coalitions taken
[1, 3, 8, 10, 17]
[2, 4, 5, 20]
[2, 3, 6, 13]
[1, 5, 6, 9, 26]
[1, 4, 7, 11, 17]
[1, 2, 8, 14, 19]
[1, 3, 7, 14, 22]
[2, 3, 5, 24]
[1, 2, 7, 9]
[2, 4, 6, 12, 21]
[3, 4, 5, 16, 28]
[3, 4, 6, 14, 17]
[1, 4, 8, 12, 13]
[1, 2, 10, 11, 12]
[16, 17, 18, 19, 20, 21, 22, 23, 24, 25, 26, 27, 28]


6
process id 0
stats
5, 15, 7, 100, 1000
20220818-063551
loosing coalitions taken
[1, 3, 7, 13, 22]
[2, 3, 6, 14]
[1, 2, 7, 12, 26]
[1, 4, 8, 13, 14]
[1, 4, 7, 10, 17]
[1, 3, 8, 12, 19]
[2, 4, 5, 17]
[1, 2, 8, 10, 21]
[1, 2, 9, 11, 13]
[2, 3, 5, 25]
[3, 4, 6, 11, 21]
[3, 4, 5, 18, 22]
[2, 4, 6, 12, 22]
[1, 5, 6, 15, 17]
[16, 17, 18, 19, 20, 21, 22, 23, 24, 25, 26, 27, 28]


6
process id 5
stats
5, 15, 7, 100, 1000
20220818-063552
loosing coalitions taken
[2, 4, 6, 12, 23]
[1, 2, 7, 9]
[1, 3, 8, 12, 18]
[2, 3, 6, 13]
[1, 4, 8, 13, 14]
[1, 2, 8, 11, 21]
[1, 5, 6, 16, 18]
[2, 4, 5, 19, 25]
[2, 3, 5, 24]
[1, 2, 10, 12, 13]
[3, 4, 6, 14, 19]
[3, 4, 5, 20, 23]
[1, 3, 7, 10, 23]
[1, 4, 7, 11, 16]
[16, 17, 18, 19, 20, 21, 22, 23, 24, 25, 26, 27, 28]


6
process id 6
stats
5, 15, 7, 100, 1000
20220818-063554
loosing coalitions taken
[2, 4, 5, 20]
[1, 5, 6, 10, 24]
[1, 3, 7, 15, 21]
[1, 2, 7, 12, 25]
[1, 2, 8, 9, 22]
[1, 4, 8, 10, 15]
[2, 3, 6, 11]
[2, 3, 5, 25]
[3, 4, 5, 16]
[3, 4, 6, 13, 17]
[1, 3, 8, 14, 16]
[1, 4, 7, 9, 17]
[1, 2, 10, 11, 14]
[2, 4, 6, 12, 21]
[16, 17, 18, 19, 20, 21, 22, 23, 24, 25, 26, 27, 28]


6
process id 4
stats
5, 15, 7, 100, 1000
20220818-063554
loosing coalitions taken
[2, 3, 5, 25]
[2, 4, 6, 16, 17]
[1, 2, 7, 11, 27]
[1, 5, 6, 10, 26]
[1, 3, 8, 11, 19]
[1, 4, 8, 13, 14]
[1, 3, 7, 10, 23]
[1, 2, 9, 10, 14]
[1, 2, 8, 12, 21]
[2, 3, 6, 15, 27]
[2, 4, 5, 22, 23]
[3, 4, 5, 16]
[3, 4, 6, 13, 19]
[1, 4, 7, 9, 16]
[16, 17, 18, 19, 20, 21, 22, 23, 24, 25, 26, 27, 28]


6
process id 7
stats
5, 15, 7, 100, 1000
20220818-063556
loosing coalitions taken
[1, 4, 8, 13, 14]
[1, 2, 7, 15, 22]
[1, 3, 7, 9, 23]
[3, 4, 6, 11, 21]
[1, 3, 8, 15, 16]
[2, 3, 6, 13]
[2, 4, 5, 20]
[1, 2, 10, 12, 14]
[1, 5, 6, 16, 18]
[2, 3, 5, 24]
[2, 4, 6, 10, 22]
[3, 4, 5, 15]
[1, 4, 7, 11, 16]
[1, 2, 8, 11, 19]
[16, 17, 18, 19, 20, 21, 22, 23, 24, 25, 26, 27, 28]


6
process id 0
stats
5, 15, 7, 100, 1000
20220818-063556
loosing coalitions taken
[2, 3, 5, 25]
[2, 4, 6, 14, 22]
[1, 4, 8, 10, 15]
[1, 2, 7, 9]
[1, 5, 6, 11, 24]
[2, 4, 5, 19]
[2, 3, 6, 13]
[3, 4, 5, 16, 26]
[1, 2, 8, 12, 20]
[2, 3, 7, 8, 10]
[1, 3, 7, 12, 22]
[3, 4, 6, 12, 18]
[1, 2, 10, 11, 13]
[1, 3, 8, 9, 19]
[16, 17, 18, 19, 20, 21, 22, 23, 24, 25, 26, 27, 28]


5
process id 0
stats
5, 15, 7, 100, 1000
20220818-063557
loosing coalitions taken
[1, 2, 7, 15, 22]
[1, 3, 8, 15, 16]
[1, 2, 8, 12, 21]
[2, 3, 6, 13]
[1, 5, 6, 10, 26]
[2, 4, 5, 20]
[1, 4, 8, 11, 14]
[2, 4, 6, 10, 22]
[3, 4, 6, 12, 18]
[3, 4, 5, 16]
[2, 3, 5, 23]
[1, 3, 7, 13, 20]
[1, 2, 10, 11, 13]
[1, 4, 7, 12, 16]
[16, 17, 18, 19, 20, 21, 22, 23, 24, 25, 26, 27, 28]


6
process id 5
stats
5, 15, 7, 100, 1000
20220818-063558
loosing coalitions taken
[2, 4, 5, 18]
[1, 5, 6, 15, 20]
[1, 4, 7, 13, 16]
[1, 2, 8, 15, 17]
[1, 2, 7, 11, 24]
[1, 4, 8, 10, 14]
[1, 3, 8, 12, 18]
[2, 3, 6, 12]
[3, 4, 5, 16]
[2, 3, 5, 25]
[1, 3, 9, 10, 11]
[3, 4, 6, 9, 21]
[1, 2, 10, 12, 13]
[1, 3, 7, 14, 19]
[16, 17, 18, 19, 20, 21, 22, 23, 24, 25, 26, 27, 28]


6
process id 4
stats
5, 15, 7, 100, 1000
20220818-063558
loosing coalitions taken
[1, 4, 8, 12, 13]
[1, 5, 6, 13, 24]
[2, 4, 5, 20]
[1, 4, 7, 9, 19]
[1, 3, 7, 15, 20]
[1, 2, 8, 11, 21]
[1, 2, 7, 10, 25]
[2, 3, 6, 9]
[3, 4, 5, 16, 27]
[2, 3, 5, 24]
[3, 4, 6, 15, 17]
[1, 3, 9, 10, 11]
[2, 4, 6, 16, 19]
[1, 3, 8, 14, 16]
[16, 17, 18, 19, 20, 21, 22, 23, 24, 25, 26, 27, 28]


6
process id 3
stats
5, 15, 7, 100, 1000
20220818-063600
loosing coalitions taken
[1, 5, 6, 10, 25]
[3, 4, 6, 14, 20]
[2, 4, 5, 21, 26]
[1, 3, 7, 9, 24]
[1, 4, 8, 10, 15]
[1, 3, 8, 11, 18]
[1, 2, 9, 11, 14]
[1, 4, 7, 11, 17]
[1, 2, 8, 12, 20]
[2, 3, 5, 23]
[3, 4, 5, 17, 27]
[2, 3, 6, 13]
[2, 4, 6, 9, 22]
[1, 2, 7, 10, 26]
[16, 17, 18, 19, 20, 21, 22, 23, 24, 25, 26, 27, 28]


6
process id 5
stats
5, 15, 7, 100, 1000
20220818-063600
loosing coalitions taken
[1, 3, 8, 12, 18]
[1, 4, 7, 14, 16]
[1, 2, 7, 11, 27]
[3, 4, 6, 11, 21]
[1, 2, 8, 9, 22]
[1, 2, 10, 12, 14]
[1, 3, 7, 13, 22]
[1, 4, 8, 10, 15]
[2, 4, 5, 20]
[2, 3, 5, 25]
[2, 3, 6, 12, 26]
[3, 4, 5, 19, 24]
[1, 5, 6, 15, 20]
[2, 4, 6, 15, 17]
[16, 17, 18, 19, 20, 21, 22, 23, 24, 25, 26, 27, 28]


6
process id 2
stats
5, 15, 7, 100, 1000
20220818-063602
loosing coalitions taken
[1, 2, 10, 11, 12]
[1, 4, 8, 12, 14]
[2, 4, 6, 14, 22]
[2, 3, 6, 13]
[2, 4, 5, 19]
[1, 2, 7, 14, 24]
[1, 4, 7, 13, 16]
[1, 3, 8, 9, 18]
[1, 3, 7, 12, 22]
[2, 3, 5, 25]
[1, 5, 6, 16, 20]
[3, 4, 5, 15]
[1, 2, 8, 13, 20]
[3, 4, 6, 11, 18]
[16, 17, 18, 19, 20, 21, 22, 23, 24, 25, 26, 27, 28]


6
process id 1
stats
5, 15, 7, 100, 1000
20220818-063602
loosing coalitions taken
[1, 5, 6, 13, 23]
[1, 4, 7, 10, 19]
[1, 3, 7, 16, 17]
[1, 2, 7, 15, 22]
[2, 4, 6, 9, 24]
[3, 4, 6, 11, 20]
[1, 2, 8, 14, 19]
[2, 3, 6, 14]
[2, 3, 5, 24]
[1, 4, 8, 9, 15]
[2, 3, 7, 8, 9]
[3, 4, 5, 19, 26]
[2, 4, 5, 18]
[1, 2, 9, 10, 11]
[16, 17, 18, 19, 20, 21, 22, 23, 24, 25, 26, 27, 28]


6
process id 5
stats
5, 15, 7, 100, 1000
20220818-063604
loosing coalitions taken
[1, 5, 6, 10, 26]
[2, 4, 5, 22, 24]
[2, 3, 6, 14]
[1, 4, 7, 9, 18]
[1, 2, 9, 10, 13]
[1, 3, 8, 9, 19]
[1, 3, 7, 13, 22]
[1, 2, 7, 11, 25]
[3, 4, 5, 17, 27]
[2, 4, 6, 15, 19]
[2, 3, 5, 23]
[3, 4, 6, 12, 21]
[1, 2, 8, 14, 20]
[1, 4, 8, 11, 13]
[16, 17, 18, 19, 20, 21, 22, 23, 24, 25, 26, 27, 28]


5
process id 0
stats
5, 15, 7, 100, 1000
20220818-063612
loosing coalitions taken
[1, 5, 6, 16, 20]
[2, 4, 6, 11, 23]
[2, 3, 6, 13]
[1, 3, 7, 14, 22]
[1, 2, 8, 11, 21]
[1, 2, 7, 9]
[2, 4, 5, 20]
[2, 3, 5, 23]
[3, 4, 6, 14, 17]
[3, 4, 5, 21, 22]
[2, 3, 7, 8, 10]
[1, 4, 7, 13, 16]
[1, 3, 8, 12, 16]
[1, 2, 10, 12, 14]
[16, 17, 18, 19, 20, 21, 22, 23, 24, 25, 26, 27, 28]


5
process id 0
stats
5, 15, 7, 100, 1000
20220818-063614
loosing coalitions taken
[1, 3, 7, 13, 22]
[1, 2, 9, 11, 14]
[1, 3, 9, 10, 12]
[1, 2, 7, 16, 21]
[2, 4, 6, 13, 22]
[1, 2, 8, 15, 17]
[1, 4, 7, 8]
[2, 4, 5, 17]
[2, 3, 6, 9]
[1, 5, 6, 9, 26]
[3, 4, 5, 16]
[2, 3, 5, 25]
[1, 3, 8, 11, 16]
[3, 4, 6, 10, 18]
[16, 17, 18, 19, 20, 21, 22, 23, 24, 25, 26, 27, 28]


6
process id 2
stats
5, 15, 7, 100, 1000
20220818-063617
loosing coalitions taken
[1, 2, 9, 12, 13]
[1, 3, 8, 12, 19]
[1, 3, 7, 9, 24]
[3, 4, 6, 14, 20]
[1, 4, 8, 9, 15]
[1, 4, 7, 10, 19]
[1, 5, 6, 11, 23]
[2, 3, 5, 25]
[1, 2, 7, 11, 26]
[1, 2, 8, 14, 20]
[2, 4, 5, 19]
[3, 4, 5, 16, 26]
[2, 3, 6, 11]
[2, 4, 6, 12, 23]
[16, 17, 18, 19, 20, 21, 22, 23, 24, 25, 26, 27, 28]


6
process id 5
stats
5, 15, 7, 100, 1000
20220818-063617
loosing coalitions taken
[1, 5, 6, 14, 22]
[3, 4, 5, 17, 27]
[1, 3, 8, 15, 16]
[2, 4, 6, 16, 18]
[1, 2, 7, 9]
[1, 4, 8, 12, 14]
[2, 4, 5, 19]
[2, 3, 6, 11]
[1, 3, 7, 11, 22]
[2, 3, 5, 25, 26]
[1, 4, 7, 10, 19]
[3, 4, 6, 12, 20]
[1, 2, 8, 13, 19]
[2, 3, 7, 8, 10]
[16, 17, 18, 19, 20, 21, 22, 23, 24, 25, 26, 27, 28]


6
process id 7
stats
5, 15, 7, 100, 1000
20220818-063620
loosing coalitions taken
[1, 2, 7, 14, 23]
[3, 4, 6, 13, 20]
[1, 3, 8, 12, 18]
[1, 3, 7, 13, 22]
[1, 2, 10, 11, 13]
[3, 4, 5, 19, 25]
[1, 4, 7, 11, 17]
[2, 4, 5, 17]
[1, 2, 8, 9, 22]
[1, 5, 6, 16, 20]
[2, 3, 6, 9]
[2, 3, 5, 22]
[1, 4, 8, 13, 14]
[2, 4, 6, 15, 21]
[16, 17, 18, 19, 20, 21, 22, 23, 24, 25, 26, 27, 28]


6
process id 1
stats
5, 15, 7, 100, 1000
20220818-063622
loosing coalitions taken
[1, 3, 8, 11, 18]
[1, 3, 7, 13, 22]
[3, 4, 6, 15, 17]
[2, 3, 6, 18, 20]
[1, 4, 8, 13, 14]
[2, 3, 7, 8, 9]
[1, 2, 8, 12, 21]
[2, 3, 5, 25]
[2, 4, 6, 10, 24]
[1, 2, 9, 11, 13]
[1, 5, 6, 15, 19]
[1, 3, 9, 10, 12]
[1, 4, 7, 12, 16]
[1, 2, 7, 14, 24]
[16, 17, 18, 19, 20, 21, 22, 23, 24, 25, 26, 27, 28]


6
process id 6
stats
5, 15, 7, 100, 1000
20220818-063623
loosing coalitions taken
[1, 3, 8, 11, 18]
[1, 2, 10, 11, 13]
[1, 4, 8, 12, 14]
[2, 4, 5, 20]
[1, 2, 7, 15, 22]
[1, 3, 9, 10, 12]
[2, 3, 6, 12]
[1, 2, 8, 9, 21]
[1, 3, 7, 14, 21]
[2, 3, 5, 23]
[1, 5, 6, 14, 22]
[1, 4, 7, 9, 19]
[2, 4, 6, 15, 18]
[3, 4, 6, 9, 21]
[16, 17, 18, 19, 20, 21, 22, 23, 24, 25, 26, 27, 28]


6
process id 2
stats
5, 15, 7, 100, 1000
20220818-063624
loosing coalitions taken
[3, 4, 6, 9, 22]
[1, 3, 9, 10, 12]
[1, 2, 7, 14, 24]
[1, 3, 7, 16, 19]
[1, 5, 6, 11, 25]
[1, 2, 9, 11, 13]
[1, 4, 8, 13, 14]
[1, 4, 7, 10, 17]
[3, 4, 5, 16]
[1, 2, 8, 12, 18]
[2, 3, 6, 10, 28]
[2, 4, 5, 18]
[2, 3, 5, 23]
[2, 4, 6, 14, 20]
[16, 17, 18, 19, 20, 21, 22, 23, 24, 25, 26, 27, 28]


6
process id 3
stats
5, 15, 7, 100, 1000
20220818-063624
loosing coalitions taken
[1, 2, 8, 13, 17]
[1, 2, 9, 12, 14]
[1, 5, 6, 16, 17]
[1, 4, 7, 11, 17]
[1, 2, 7, 10, 27]
[1, 3, 8, 12, 19]
[2, 3, 7, 8, 9]
[1, 4, 8, 9, 15]
[2, 4, 5, 20, 28]
[3, 4, 5, 16, 27]
[2, 3, 5, 25]
[3, 4, 6, 13, 20]
[1, 3, 7, 14, 21]
[2, 4, 6, 15, 21]
[16, 17, 18, 19, 20, 21, 22, 23, 24, 25, 26, 27, 28]


5
process id 7
stats
5, 15, 7, 100, 1000
20220818-063625
loosing coalitions taken
[1, 3, 8, 14, 16]
[1, 2, 8, 10, 21]
[2, 4, 6, 14, 22]
[1, 4, 7, 9, 17]
[1, 3, 9, 10, 11]
[2, 4, 5, 19]
[3, 4, 5, 16]
[3, 4, 6, 12, 21]
[2, 3, 5, 22]
[1, 5, 6, 16, 19]
[1, 3, 7, 13, 22]
[2, 3, 6, 10]
[1, 4, 8, 11, 13]
[1, 2, 7, 11, 26]
[16, 17, 18, 19, 20, 21, 22, 23, 24, 25, 26, 27, 28]


6
process id 5
stats
5, 15, 7, 100, 1000
20220818-063625
loosing coalitions taken
[2, 4, 6, 10, 23]
[3, 4, 6, 9, 21]
[1, 2, 7, 9, 27]
[1, 3, 8, 14, 16]
[1, 2, 8, 12, 20]
[1, 3, 7, 15, 20]
[1, 4, 7, 8]
[2, 3, 5, 23, 28]
[2, 4, 5, 20]
[1, 3, 9, 10, 12]
[2, 3, 6, 14]
[1, 2, 10, 11, 13]
[1, 5, 6, 11, 22]
[3, 4, 5, 16]
[16, 17, 18, 19, 20, 21, 22, 23, 24, 25, 26, 27, 28]


6
process id 4
stats
5, 15, 7, 100, 1000
20220818-063627
loosing coalitions taken
[2, 4, 6, 15, 20]
[1, 4, 8, 12, 14]
[1, 3, 7, 12, 22]
[1, 4, 7, 9, 17]
[1, 2, 8, 15, 17]
[2, 3, 6, 13]
[1, 3, 8, 9, 18]
[1, 5, 6, 11, 25]
[1, 2, 9, 10, 14]
[1, 2, 7, 16, 18]
[2, 3, 5, 22]
[3, 4, 5, 15]
[2, 4, 5, 19]
[3, 4, 6, 9, 22]
[16, 17, 18, 19, 20, 21, 22, 23, 24, 25, 26, 27, 28]


6
process id 3
stats
5, 15, 7, 100, 1000
20220818-063628
loosing coalitions taken
[2, 3, 6, 14]
[1, 4, 8, 12, 14]
[2, 4, 5, 20, 26]
[3, 4, 5, 16]
[1, 3, 8, 10, 18]
[2, 3, 5, 23]
[1, 5, 6, 12, 22]
[1, 2, 7, 9]
[2, 4, 6, 10, 22]
[1, 2, 8, 13, 17]
[1, 3, 7, 16, 19]
[3, 4, 6, 11, 17]
[2, 5, 6, 7, 16]
[1, 2, 10, 11, 14]
[16, 17, 18, 19, 20, 21, 22, 23, 24, 25, 26, 27, 28]


6
process id 0
stats
5, 15, 7, 100, 1000
20220818-063628
loosing coalitions taken
[3, 4, 6, 15, 17]
[1, 4, 8, 12, 14]
[1, 4, 7, 9, 17]
[3, 4, 5, 20, 24]
[2, 4, 5, 21, 26]
[1, 2, 8, 13, 20]
[2, 4, 6, 9, 25]
[2, 3, 6, 16, 22]
[1, 3, 7, 10, 22]
[1, 2, 7, 14, 24]
[1, 5, 6, 11, 24]
[2, 3, 5, 25]
[1, 2, 9, 10, 11]
[1, 3, 8, 11, 16]
[16, 17, 18, 19, 20, 21, 22, 23, 24, 25, 26, 27, 28]


6
process id 7
stats
5, 15, 7, 100, 1000
20220818-063629
loosing coalitions taken
[1, 3, 8, 15, 16]
[1, 4, 8, 13, 14]
[1, 2, 9, 10, 14]
[2, 4, 6, 11, 23]
[1, 5, 6, 15, 21]
[1, 2, 7, 11, 27]
[1, 4, 7, 10, 18]
[2, 4, 5, 18]
[2, 3, 7, 8, 10]
[2, 3, 6, 14]
[1, 2, 8, 12, 20]
[3, 4, 5, 15]
[2, 3, 5, 25, 28]
[3, 4, 6, 9, 21]
[16, 17, 18, 19, 20, 21, 22, 23, 24, 25, 26, 27, 28]


5
process id 1
stats
5, 15, 7, 100, 1000
20220818-063629
loosing coalitions taken
[1, 2, 8, 11, 21]
[1, 4, 8, 12, 14]
[1, 2, 9, 10, 14]
[1, 3, 7, 12, 22]
[1, 5, 6, 11, 23]
[2, 4, 6, 11, 24]
[3, 4, 6, 14, 20]
[2, 4, 5, 20]
[1, 4, 7, 10, 17]
[2, 3, 6, 12]
[2, 3, 5, 22]
[3, 4, 5, 17, 24]
[1, 2, 7, 13, 23]
[1, 3, 8, 9, 20]
[16, 17, 18, 19, 20, 21, 22, 23, 24, 25, 26, 27, 28]


5
process id 4
stats
5, 15, 7, 100, 1000
20220818-063630
loosing coalitions taken
[1, 3, 8, 11, 17]
[1, 4, 8, 9, 15]
[1, 5, 6, 12, 23]
[1, 2, 8, 12, 20]
[3, 4, 6, 14, 18]
[2, 4, 6, 16, 17]
[1, 2, 9, 10, 14]
[3, 4, 5, 16]
[2, 4, 5, 20]
[2, 3, 5, 22]
[1, 3, 7, 12, 22]
[2, 3, 6, 13, 25]
[1, 4, 7, 10, 17]
[2, 3, 7, 8, 10]
[16, 17, 18, 19, 20, 21, 22, 23, 24, 25, 26, 27, 28]


5
process id 2
stats
5, 15, 7, 100, 1000
20220818-063631
loosing coalitions taken
[1, 4, 8, 11, 14]
[2, 3, 6, 14]
[1, 2, 7, 9, 28]
[1, 2, 10, 11, 13]
[1, 5, 6, 10, 26]
[1, 3, 7, 11, 23]
[1, 4, 7, 10, 18]
[1, 3, 8, 12, 18]
[2, 4, 5, 18]
[3, 4, 5, 16, 26]
[2, 3, 5, 24, 28]
[2, 5, 6, 8, 12]
[3, 4, 6, 13, 20]
[2, 4, 6, 9, 24]
[16, 17, 18, 19, 20, 21, 22, 23, 24, 25, 26, 27, 28]


6
process id 6
stats
5, 15, 7, 100, 1000
20220818-063632
loosing coalitions taken
[1, 4, 8, 11, 14]
[1, 3, 8, 12, 18]
[1, 2, 7, 11, 26]
[1, 4, 7, 9, 19]
[1, 2, 9, 10, 14]
[1, 3, 7, 14, 22]
[1, 5, 6, 11, 25]
[2, 4, 5, 21, 26]
[2, 3, 6, 13]
[2, 3, 5, 25]
[3, 4, 5, 15]
[3, 4, 6, 14, 20]
[2, 4, 6, 9, 22]
[1, 2, 8, 15, 16]
[16, 17, 18, 19, 20, 21, 22, 23, 24, 25, 26, 27, 28]


5
process id 5
stats
5, 15, 7, 100, 1000
20220818-063632
loosing coalitions taken
[2, 3, 6, 15, 26]
[2, 4, 5, 20]
[1, 2, 7, 11, 26]
[1, 5, 6, 12, 24]
[1, 2, 8, 15, 17]
[3, 4, 6, 14, 19]
[1, 3, 8, 10, 18]
[1, 4, 7, 10, 19]
[2, 3, 5, 25]
[2, 4, 6, 10, 24]
[1, 2, 9, 10, 12]
[3, 4, 5, 15]
[1, 3, 7, 13, 21]
[1, 4, 8, 12, 14]
[16, 17, 18, 19, 20, 21, 22, 23, 24, 25, 26, 27, 28]


6
process id 7
stats
5, 15, 7, 100, 1000
20220818-063635
loosing coalitions taken
[3, 4, 6, 12, 20]
[1, 2, 7, 11, 25]
[1, 5, 6, 16, 19]
[2, 4, 6, 9, 23]
[1, 4, 8, 13, 14]
[1, 3, 7, 12, 22]
[1, 4, 7, 9, 19]
[1, 2, 9, 12, 14]
[3, 4, 5, 21, 24]
[2, 3, 5, 25, 28]
[2, 4, 5, 19]
[2, 3, 6, 14]
[1, 2, 8, 10, 20]
[1, 3, 8, 9, 17]
[16, 17, 18, 19, 20, 21, 22, 23, 24, 25, 26, 27, 28]


6
process id 1
stats
5, 15, 7, 100, 1000
20220818-063635
loosing coalitions taken
[1, 3, 9, 10, 12]
[1, 2, 10, 11, 14]
[3, 4, 6, 14, 20]
[1, 2, 7, 17, 19]
[1, 4, 8, 13, 14]
[1, 4, 7, 10, 18]
[2, 3, 6, 16, 23]
[1, 5, 6, 9, 25]
[1, 3, 7, 14, 22]
[1, 2, 8, 12, 21]
[1, 3, 8, 11, 19]
[2, 4, 5, 17]
[2, 4, 6, 12, 22]
[2, 3, 5, 25]
[16, 17, 18, 19, 20, 21, 22, 23, 24, 25, 26, 27, 28]


6
process id 5
stats
5, 15, 7, 100, 1000
20220818-063637
loosing coalitions taken
[2, 3, 5, 25]
[3, 4, 6, 14, 20]
[1, 4, 8, 10, 15]
[2, 4, 6, 11, 24]
[1, 3, 7, 14, 22]
[1, 5, 6, 16, 20]
[1, 2, 7, 17, 19]
[2, 4, 5, 19, 27]
[3, 4, 5, 16]
[2, 3, 6, 12]
[1, 2, 8, 12, 21]
[1, 3, 9, 10, 12]
[2, 5, 6, 7, 15]
[1, 2, 10, 11, 14]
[16, 17, 18, 19, 20, 21, 22, 23, 24, 25, 26, 27, 28]


6
process id 0
stats
5, 15, 7, 100, 1000
20220818-063638
loosing coalitions taken
[2, 3, 6, 14]
[2, 4, 5, 20]
[1, 5, 6, 12, 23]
[1, 4, 7, 14, 16]
[1, 2, 7, 15, 22]
[1, 4, 8, 12, 13]
[1, 2, 10, 11, 13]
[2, 3, 5, 22]
[3, 4, 5, 19, 26]
[3, 4, 6, 12, 18]
[1, 2, 8, 14, 18]
[2, 4, 6, 10, 23]
[1, 3, 7, 10, 24]
[1, 3, 8, 9, 19]
[16, 17, 18, 19, 20, 21, 22, 23, 24, 25, 26, 27, 28]


5
process id 7
stats
5, 15, 7, 100, 1000
20220818-063640
loosing coalitions taken
[1, 2, 7, 9]
[1, 5, 6, 10, 26]
[1, 4, 8, 12, 14]
[2, 3, 5, 22]
[3, 4, 5, 16]
[2, 4, 5, 18]
[1, 4, 7, 11, 17]
[1, 2, 8, 11, 21]
[1, 3, 7, 14, 22]
[2, 3, 6, 14, 28]
[1, 3, 8, 9, 17]
[3, 4, 6, 11, 18]
[2, 4, 6, 10, 24]
[1, 2, 10, 12, 13]
[16, 17, 18, 19, 20, 21, 22, 23, 24, 25, 26, 27, 28]


6
process id 4
stats
5, 15, 7, 100, 1000
20220818-063640
loosing coalitions taken
[1, 5, 6, 16, 20]
[1, 3, 8, 9, 20]
[2, 3, 5, 25]
[1, 2, 7, 12, 26]
[1, 3, 7, 15, 21]
[3, 4, 6, 12, 20]
[1, 4, 8, 10, 15]
[2, 4, 6, 11, 23]
[2, 4, 5, 19]
[3, 4, 5, 15]
[2, 3, 6, 10]
[1, 2, 9, 10, 13]
[1, 2, 8, 14, 17]
[1, 4, 7, 9, 18]
[16, 17, 18, 19, 20, 21, 22, 23, 24, 25, 26, 27, 28]


6
process id 1
stats
5, 15, 7, 100, 1000
20220818-063641
loosing coalitions taken
[1, 5, 6, 12, 24]
[1, 2, 7, 17, 19]
[2, 3, 7, 8, 9]
[2, 4, 6, 16, 19]
[1, 2, 8, 11, 20]
[1, 4, 7, 10, 18]
[1, 3, 9, 10, 12]
[2, 4, 5, 18]
[1, 3, 7, 11, 22]
[3, 4, 6, 11, 20]
[1, 4, 8, 9, 14]
[2, 3, 5, 24, 26]
[2, 3, 6, 10]
[3, 4, 5, 16]
[16, 17, 18, 19, 20, 21, 22, 23, 24, 25, 26, 27, 28]


6
process id 0
stats
5, 15, 7, 100, 1000
20220818-063647
loosing coalitions taken
[1, 2, 7, 16, 21]
[1, 3, 7, 11, 22]
[1, 3, 8, 9, 18]
[1, 2, 8, 12, 20]
[1, 4, 8, 13, 14]
[1, 2, 10, 11, 14]
[1, 4, 7, 9, 17]
[2, 4, 5, 22, 24]
[2, 3, 6, 10]
[1, 5, 6, 12, 22]
[2, 3, 5, 27, 28]
[3, 4, 5, 15]
[2, 4, 6, 11, 21]
[3, 4, 6, 12, 20]
[16, 17, 18, 19, 20, 21, 22, 23, 24, 25, 26, 27, 28]


6
process id 3
stats
5, 15, 7, 100, 1000
20220818-063649
loosing coalitions taken
[1, 3, 7, 10, 23]
[1, 4, 7, 14, 16]
[2, 4, 5, 19]
[2, 3, 6, 11]
[1, 3, 8, 15, 16]
[1, 4, 8, 12, 13]
[1, 2, 8, 14, 18]
[1, 5, 6, 15, 19]
[2, 4, 6, 10, 24]
[2, 3, 5, 25]
[3, 4, 6, 13, 20]
[3, 4, 5, 17, 28]
[1, 2, 7, 13, 24]
[2, 3, 7, 8, 9]
[16, 17, 18, 19, 20, 21, 22, 23, 24, 25, 26, 27, 28]


6
process id 2
stats
5, 15, 7, 100, 1000
20220818-063650
loosing coalitions taken
[1, 5, 6, 9, 26]
[1, 2, 10, 12, 14]
[1, 3, 8, 9, 18]
[1, 2, 8, 15, 17]
[1, 4, 8, 11, 13]
[1, 2, 7, 11, 26]
[2, 4, 6, 16, 19]
[1, 4, 7, 10, 18]
[3, 4, 6, 14, 17]
[3, 4, 5, 15]
[2, 3, 5, 24]
[2, 3, 6, 10]
[2, 4, 5, 20]
[1, 3, 7, 15, 21]
[16, 17, 18, 19, 20, 21, 22, 23, 24, 25, 26, 27, 28]


6
process id 5
stats
5, 15, 7, 100, 1000
20220818-063650
loosing coalitions taken
[1, 5, 6, 11, 24]
[1, 2, 8, 12, 21]
[1, 4, 8, 10, 15]
[1, 3, 8, 11, 18]
[1, 2, 10, 11, 13]
[1, 2, 7, 9]
[2, 4, 5, 19]
[3, 4, 5, 17, 26]
[2, 3, 6, 11]
[2, 3, 5, 23]
[3, 4, 6, 13, 21]
[1, 3, 7, 15, 21]
[2, 4, 6, 15, 17]
[1, 4, 7, 13, 16]
[16, 17, 18, 19, 20, 21, 22, 23, 24, 25, 26, 27, 28]


6
process id 6
stats
5, 15, 7, 100, 1000
20220818-063652
loosing coalitions taken
[1, 2, 7, 9]
[1, 5, 6, 11, 24]
[2, 4, 5, 20]
[1, 3, 8, 12, 18]
[2, 3, 6, 13]
[3, 4, 5, 19, 26]
[1, 3, 7, 13, 22]
[2, 4, 6, 10, 24]
[2, 3, 5, 25]
[1, 4, 8, 11, 13]
[1, 4, 7, 14, 16]
[3, 4, 6, 14, 17]
[1, 2, 8, 14, 17]
[1, 3, 9, 10, 11]
[16, 17, 18, 19, 20, 21, 22, 23, 24, 25, 26, 27, 28]


6
process id 4
stats
5, 15, 7, 100, 1000
20220818-063652
loosing coalitions taken
[2, 3, 5, 25]
[2, 4, 6, 11, 24]
[3, 4, 6, 12, 21]
[1, 4, 7, 9, 17]
[1, 5, 6, 10, 26]
[1, 2, 8, 11, 21]
[1, 3, 8, 9, 20]
[1, 2, 7, 12, 26]
[2, 3, 6, 10]
[3, 4, 5, 16]
[1, 4, 8, 12, 13]
[1, 3, 7, 10, 24]
[2, 4, 5, 17, 27]
[1, 2, 9, 10, 13]
[16, 17, 18, 19, 20, 21, 22, 23, 24, 25, 26, 27, 28]


5
process id 0
stats
5, 15, 7, 100, 1000
20220818-063653
loosing coalitions taken
[2, 4, 5, 20]
[3, 4, 6, 15, 17]
[1, 2, 7, 16, 21]
[1, 5, 6, 11, 24]
[1, 4, 7, 9, 18]
[1, 2, 10, 11, 13]
[1, 2, 8, 12, 18]
[1, 3, 9, 10, 12]
[1, 3, 8, 11, 17]
[2, 3, 6, 9]
[1, 3, 7, 13, 20]
[2, 3, 5, 22]
[3, 4, 5, 16]
[1, 4, 8, 10, 15]
[16, 17, 18, 19, 20, 21, 22, 23, 24, 25, 26, 27, 28]


6
process id 3
stats
5, 15, 7, 100, 1000
20220818-063653
loosing coalitions taken
[1, 5, 6, 11, 24]
[2, 4, 5, 21, 27]
[1, 3, 9, 10, 11]
[1, 4, 8, 13, 14]
[1, 3, 8, 12, 17]
[3, 4, 6, 13, 20]
[3, 4, 5, 17, 23]
[2, 3, 6, 17, 19]
[2, 3, 5, 25]
[1, 2, 7, 16, 18]
[1, 2, 8, 10, 19]
[1, 2, 9, 12, 14]
[1, 4, 7, 9, 19]
[2, 4, 6, 14, 22]
[16, 17, 18, 19, 20, 21, 22, 23, 24, 25, 26, 27, 28]


5
process id 1
stats
5, 15, 7, 100, 1000
20220818-063654
loosing coalitions taken
[3, 4, 6, 13, 18]
[1, 3, 8, 11, 17]
[1, 2, 9, 12, 14]
[1, 4, 8, 12, 13]
[1, 5, 6, 10, 24]
[3, 5, 6, 7, 14]
[1, 2, 8, 10, 21]
[1, 2, 7, 17, 18]
[2, 3, 6, 10]
[2, 3, 5, 26, 27]
[3, 4, 5, 16, 28]
[2, 4, 5, 17, 25]
[2, 4, 6, 11, 22]
[1, 3, 7, 12, 22]
[16, 17, 18, 19, 20, 21, 22, 23, 24, 25, 26, 27, 28]


6
process id 5
stats
5, 15, 7, 100, 1000
20220818-063657
loosing coalitions taken
[1, 5, 6, 16, 17]
[1, 4, 7, 10, 19]
[1, 2, 7, 15, 22]
[2, 4, 6, 9, 24]
[1, 2, 9, 10, 14]
[3, 4, 6, 14, 17]
[1, 2, 8, 12, 19]
[2, 4, 5, 19]
[2, 3, 6, 13]
[1, 3, 8, 15, 16]
[3, 4, 5, 15]
[2, 3, 5, 23, 25]
[1, 3, 7, 14, 20]
[1, 4, 8, 11, 14]
[16, 17, 18, 19, 20, 21, 22, 23, 24, 25, 26, 27, 28]


6
process id 6
stats
5, 15, 7, 100, 1000
20220818-063657
loosing coalitions taken
[2, 4, 6, 9, 23]
[1, 3, 8, 12, 17]
[1, 4, 7, 9, 17]
[1, 5, 6, 14, 22]
[1, 4, 8, 13, 14]
[1, 2, 7, 12, 26]
[1, 2, 10, 11, 13]
[2, 4, 5, 18]
[1, 3, 7, 10, 24]
[3, 4, 5, 16, 28]
[3, 4, 6, 14, 20]
[2, 3, 6, 13]
[2, 3, 5, 24]
[1, 2, 8, 9, 18]
[16, 17, 18, 19, 20, 21, 22, 23, 24, 25, 26, 27, 28]


6
process id 3
stats
5, 15, 7, 100, 1000
20220818-063658
loosing coalitions taken
[1, 3, 7, 15, 21]
[1, 3, 9, 10, 12]
[1, 5, 6, 10, 24]
[1, 2, 7, 13, 23]
[1, 4, 8, 10, 15]
[3, 4, 6, 11, 21]
[3, 4, 5, 16]
[2, 4, 6, 14, 22]
[2, 3, 6, 12]
[2, 4, 5, 19, 26]
[2, 3, 5, 27, 28]
[1, 3, 8, 13, 16]
[1, 2, 9, 11, 14]
[2, 5, 6, 7, 16]
[16, 17, 18, 19, 20, 21, 22, 23, 24, 25, 26, 27, 28]


6
process id 1
stats
5, 15, 7, 100, 1000
20220818-063659
loosing coalitions taken
[3, 4, 5, 18, 26]
[1, 3, 8, 15, 16]
[1, 4, 7, 11, 17]
[1, 5, 6, 15, 21]
[1, 2, 8, 12, 20]
[1, 4, 8, 13, 14]
[2, 3, 5, 24]
[1, 2, 9, 10, 14]
[3, 4, 6, 12, 20]
[2, 3, 6, 11]
[2, 4, 6, 14, 21]
[2, 4, 5, 17, 28]
[3, 5, 6, 7, 13]
[1, 2, 7, 16, 19]
[16, 17, 18, 19, 20, 21, 22, 23, 24, 25, 26, 27, 28]


6
process id 0
stats
5, 15, 7, 100, 1000
20220818-063701
loosing coalitions taken
[1, 4, 7, 9, 17]
[2, 3, 6, 14]
[3, 4, 5, 17, 27]
[1, 4, 8, 10, 15]
[1, 2, 7, 16, 21]
[1, 3, 7, 13, 22]
[1, 3, 8, 9, 20]
[2, 4, 5, 18, 28]
[2, 3, 5, 23]
[3, 4, 6, 13, 18]
[1, 5, 6, 13, 21]
[2, 4, 6, 15, 20]
[2, 3, 7, 8, 10]
[1, 2, 10, 12, 14]
[16, 17, 18, 19, 20, 21, 22, 23, 24, 25, 26, 27, 28]


6
process id 3
stats
5, 15, 7, 100, 1000
20220818-063702
loosing coalitions taken
[1, 4, 7, 13, 16]
[1, 4, 8, 9, 15]
[1, 2, 8, 12, 21]
[3, 4, 6, 9, 22]
[2, 3, 6, 19, 21]
[1, 3, 8, 11, 17]
[1, 5, 6, 16, 17]
[1, 3, 9, 10, 12]
[1, 3, 7, 15, 20]
[2, 4, 6, 12, 23]
[2, 3, 5, 27, 28]
[2, 4, 5, 20]
[1, 2, 10, 11, 13]
[1, 2, 7, 9]
[16, 17, 18, 19, 20, 21, 22, 23, 24, 25, 26, 27, 28]


6
process id 2
stats
5, 15, 7, 100, 1000
20220818-063703
loosing coalitions taken
[1, 2, 7, 9]
[1, 4, 8, 12, 14]
[1, 3, 8, 11, 17]
[3, 4, 6, 9, 20]
[2, 4, 5, 20]
[2, 3, 6, 14]
[2, 3, 5, 26, 27]
[3, 4, 5, 18, 23]
[1, 3, 7, 14, 19]
[1, 4, 7, 10, 17]
[1, 5, 6, 15, 18]
[2, 5, 6, 8, 9]
[1, 2, 10, 11, 14]
[2, 4, 6, 15, 21]
[16, 17, 18, 19, 20, 21, 22, 23, 24, 25, 26, 27, 28]


6
process id 5
stats
5, 15, 7, 100, 1000
20220818-063703
loosing coalitions taken
[1, 3, 8, 11, 18]
[2, 3, 6, 14]
[1, 4, 8, 10, 15]
[2, 4, 5, 18, 26]
[1, 5, 6, 16, 19]
[2, 3, 5, 23, 25]
[3, 4, 5, 16]
[1, 4, 7, 9, 16]
[1, 2, 9, 11, 13]
[1, 2, 7, 10, 26]
[1, 2, 8, 12, 21]
[2, 4, 6, 13, 21]
[1, 3, 9, 10, 12]
[3, 4, 6, 15, 17]
[16, 17, 18, 19, 20, 21, 22, 23, 24, 25, 26, 27, 28]


6
process id 4
stats
5, 15, 7, 100, 1000
20220818-063705
loosing coalitions taken
[1, 2, 7, 14, 23]
[1, 4, 7, 10, 19]
[3, 4, 5, 18, 26]
[1, 3, 7, 16, 18]
[2, 3, 6, 13]
[1, 4, 8, 11, 14]
[1, 5, 6, 14, 22]
[1, 3, 9, 10, 12]
[2, 4, 5, 17, 25]
[2, 3, 5, 22]
[2, 4, 6, 15, 20]
[1, 2, 8, 12, 21]
[2, 5, 6, 8, 11]
[3, 4, 6, 12, 17]
[16, 17, 18, 19, 20, 21, 22, 23, 24, 25, 26, 27, 28]


5
process id 2
stats
5, 15, 7, 100, 1000
20220818-063705
loosing coalitions taken
[1, 5, 6, 12, 24]
[2, 3, 6, 16, 23]
[2, 3, 7, 8, 9]
[1, 2, 10, 11, 12]
[1, 4, 7, 10, 19]
[3, 4, 6, 13, 18]
[1, 3, 8, 11, 19]
[1, 3, 7, 16, 18]
[1, 2, 8, 15, 17]
[2, 4, 5, 18]
[3, 4, 5, 15]
[2, 3, 5, 24]
[1, 4, 8, 9, 12]
[2, 4, 6, 12, 22]
[16, 17, 18, 19, 20, 21, 22, 23, 24, 25, 26, 27, 28]


6
process id 3
stats
5, 15, 7, 100, 1000
20220818-063705
loosing coalitions taken
[2, 3, 6, 16, 24]
[2, 4, 5, 19]
[1, 4, 7, 8]
[1, 2, 10, 12, 13]
[1, 3, 9, 10, 11]
[2, 3, 5, 22]
[3, 4, 6, 11, 17]
[3, 4, 5, 16]
[1, 5, 6, 15, 21]
[1, 2, 7, 9]
[2, 4, 6, 15, 18]
[1, 3, 7, 15, 19]
[1, 2, 8, 14, 17]
[1, 3, 8, 12, 18]
[16, 17, 18, 19, 20, 21, 22, 23, 24, 25, 26, 27, 28]


6
process id 7
stats
5, 15, 7, 100, 1000
20220818-063706
loosing coalitions taken
[1, 2, 7, 12, 25]
[1, 3, 8, 11, 17]
[3, 4, 6, 14, 18]
[2, 3, 6, 15, 27]
[1, 3, 7, 15, 19]
[1, 2, 10, 11, 14]
[2, 3, 7, 8, 10]
[1, 4, 8, 12, 14]
[1, 2, 8, 13, 19]
[1, 5, 6, 13, 23]
[1, 3, 9, 10, 12]
[2, 3, 5, 22]
[1, 4, 7, 9, 18]
[2, 4, 6, 12, 23]
[16, 17, 18, 19, 20, 21, 22, 23, 24, 25, 26, 27, 28]


6
process id 6
stats
5, 15, 7, 100, 1000
20220818-063706
loosing coalitions taken
[1, 3, 8, 10, 19]
[2, 3, 5, 25]
[1, 2, 7, 10, 26]
[1, 3, 7, 13, 22]
[1, 2, 8, 13, 17]
[3, 4, 6, 9, 22]
[1, 4, 7, 9, 17]
[2, 3, 6, 10, 28]
[2, 4, 5, 20, 27]
[1, 4, 8, 11, 14]
[2, 4, 6, 16, 18]
[3, 4, 5, 16]
[1, 5, 6, 12, 23]
[2, 3, 7, 8, 9]
[16, 17, 18, 19, 20, 21, 22, 23, 24, 25, 26, 27, 28]


6
process id 5
stats
5, 15, 7, 100, 1000
20220818-063707
loosing coalitions taken
[1, 2, 7, 12, 26]
[1, 2, 9, 11, 14]
[1, 3, 9, 10, 12]
[1, 5, 6, 15, 21]
[1, 4, 8, 11, 13]
[1, 4, 7, 10, 17]
[1, 3, 8, 15, 16]
[2, 3, 6, 13, 28]
[3, 4, 5, 19, 24]
[3, 4, 6, 14, 20]
[1, 3, 7, 13, 22]
[2, 3, 5, 22]
[2, 4, 6, 12, 23]
[1, 2, 8, 10, 18]
[16, 17, 18, 19, 20, 21, 22, 23, 24, 25, 26, 27, 28]


6
process id 4
stats
5, 15, 7, 100, 1000
20220818-063708
loosing coalitions taken
[1, 2, 10, 11, 14]
[1, 5, 6, 9, 25]
[2, 4, 5, 22, 23]
[1, 4, 7, 10, 19]
[1, 2, 7, 9]
[3, 4, 5, 17, 26]
[2, 4, 6, 10, 24]
[1, 3, 8, 12, 19]
[3, 5, 6, 7, 14]
[2, 3, 6, 12]
[3, 4, 6, 15, 16]
[1, 4, 8, 9, 11]
[2, 3, 5, 25]
[1, 2, 8, 13, 18]
[16, 17, 18, 19, 20, 21, 22, 23, 24, 25, 26, 27, 28]


5
process id 7
stats
5, 15, 7, 100, 1000
20220818-063708
loosing coalitions taken
[1, 3, 7, 16, 17]
[1, 2, 7, 9]
[2, 3, 6, 12]
[2, 4, 5, 20, 27]
[1, 4, 8, 10, 14]
[1, 3, 9, 10, 12]
[2, 3, 5, 24, 28]
[1, 2, 8, 12, 17]
[3, 4, 5, 19, 25]
[3, 4, 6, 9, 22]
[2, 4, 6, 16, 19]
[1, 3, 8, 11, 19]
[1, 5, 6, 15, 17]
[2, 3, 7, 8, 10]
[16, 17, 18, 19, 20, 21, 22, 23, 24, 25, 26, 27, 28]


6
process id 0
stats
5, 15, 7, 100, 1000
20220818-063710
loosing coalitions taken
[1, 5, 6, 13, 23]
[2, 4, 5, 22, 24]
[1, 3, 8, 9, 17]
[1, 4, 7, 10, 19]
[1, 2, 7, 12, 25]
[1, 4, 8, 12, 13]
[1, 2, 8, 11, 20]
[2, 3, 6, 19, 21]
[1, 3, 7, 15, 21]
[2, 4, 6, 11, 23]
[2, 3, 7, 8, 10]
[3, 4, 6, 10, 20]
[2, 3, 5, 27, 28]
[3, 4, 5, 15]
[16, 17, 18, 19, 20, 21, 22, 23, 24, 25, 26, 27, 28]


5
process id 1
stats
5, 15, 7, 100, 1000
20220818-063712
loosing coalitions taken
[1, 2, 8, 13, 20]
[1, 3, 7, 10, 24]
[1, 4, 7, 9, 19]
[3, 4, 5, 19, 25]
[2, 4, 5, 20]
[1, 5, 6, 13, 24]
[1, 4, 8, 10, 14]
[3, 4, 6, 11, 18]
[2, 3, 6, 12]
[1, 3, 8, 12, 18]
[2, 3, 5, 24]
[1, 2, 7, 15, 22]
[2, 3, 7, 8, 9]
[2, 4, 6, 10, 23]
[16, 17, 18, 19, 20, 21, 22, 23, 24, 25, 26, 27, 28]


6
process id 7
stats
5, 15, 7, 100, 1000
20220818-063712
loosing coalitions taken
[1, 4, 8, 13, 14]
[1, 2, 9, 10, 13]
[1, 4, 7, 10, 19]
[1, 3, 7, 14, 22]
[1, 5, 6, 12, 24]
[3, 4, 5, 19, 24]
[1, 3, 8, 9, 17]
[1, 2, 8, 11, 21]
[2, 3, 5, 25]
[2, 4, 5, 18]
[2, 3, 6, 14]
[2, 4, 6, 13, 21]
[3, 4, 6, 15, 16]
[1, 2, 7, 12, 25]
[16, 17, 18, 19, 20, 21, 22, 23, 24, 25, 26, 27, 28]


6
process id 4
stats
5, 15, 7, 100, 1000
20220818-063713
loosing coalitions taken
[2, 3, 6, 14]
[1, 5, 6, 11, 23]
[1, 2, 7, 9]
[2, 4, 5, 17]
[2, 4, 6, 13, 21]
[1, 3, 8, 10, 19]
[1, 4, 8, 9, 13]
[2, 3, 5, 24, 27]
[3, 4, 6, 11, 17]
[3, 4, 5, 16]
[1, 4, 7, 14, 15]
[1, 2, 10, 12, 14]
[2, 5, 6, 8, 10]
[1, 3, 7, 11, 21]
[16, 17, 18, 19, 20, 21, 22, 23, 24, 25, 26, 27, 28]


6
process id 5
stats
5, 15, 7, 100, 1000
20220818-063715
loosing coalitions taken
[2, 3, 6, 14]
[1, 4, 8, 13, 14]
[3, 4, 5, 17, 28]
[1, 2, 8, 9, 22]
[1, 5, 6, 12, 23]
[1, 3, 8, 15, 16]
[1, 3, 7, 12, 22]
[2, 4, 5, 19]
[2, 4, 6, 15, 17]
[2, 3, 5, 25]
[1, 2, 10, 12, 13]
[1, 4, 7, 9, 17]
[1, 2, 7, 11, 23]
[3, 4, 6, 13, 18]
[16, 17, 18, 19, 20, 21, 22, 23, 24, 25, 26, 27, 28]


6
process id 6
stats
5, 15, 7, 100, 1000
20220818-063716
loosing coalitions taken
[1, 2, 8, 15, 17]
[2, 4, 6, 11, 24]
[2, 4, 5, 20, 28]
[1, 5, 6, 16, 18]
[1, 3, 9, 10, 11]
[3, 4, 5, 17, 26]
[2, 3, 6, 9]
[1, 2, 7, 9]
[1, 3, 7, 14, 20]
[1, 4, 8, 11, 14]
[2, 3, 5, 22]
[3, 5, 6, 7, 12]
[3, 4, 6, 10, 18]
[1, 3, 8, 12, 18]
[16, 17, 18, 19, 20, 21, 22, 23, 24, 25, 26, 27, 28]


6
process id 2
stats
5, 15, 7, 100, 1000
20220818-063716
loosing coalitions taken
[1, 4, 8, 13, 14]
[1, 2, 7, 13, 24]
[1, 4, 7, 9, 19]
[1, 5, 6, 9, 26]
[1, 3, 8, 9, 18]
[1, 3, 7, 11, 23]
[2, 3, 5, 24]
[1, 2, 10, 12, 14]
[2, 4, 6, 15, 20]
[1, 2, 8, 11, 21]
[2, 3, 6, 16, 23]
[3, 4, 5, 15]
[2, 4, 5, 19]
[3, 4, 6, 12, 18]
[16, 17, 18, 19, 20, 21, 22, 23, 24, 25, 26, 27, 28]


5
process id 3
stats
5, 15, 7, 100, 1000
20220818-063718
loosing coalitions taken
[1, 4, 7, 8]
[1, 5, 6, 13, 22]
[1, 2, 10, 12, 14]
[1, 3, 7, 16, 17]
[3, 4, 6, 11, 18]
[1, 3, 8, 12, 19]
[2, 4, 5, 20]
[2, 4, 6, 10, 22]
[3, 4, 5, 21, 24]
[1, 2, 7, 9]
[1, 2, 8, 13, 20]
[1, 3, 9, 10, 11]
[2, 3, 5, 25]
[2, 3, 6, 13]
[16, 17, 18, 19, 20, 21, 22, 23, 24, 25, 26, 27, 28]


6
process id 0
stats
5, 15, 7, 100, 1000
20220818-063719
loosing coalitions taken
[2, 4, 5, 19]
[1, 2, 10, 11, 14]
[2, 3, 6, 13]
[1, 3, 8, 12, 17]
[1, 4, 8, 11, 13]
[1, 5, 6, 10, 25]
[1, 2, 7, 12, 22]
[1, 2, 8, 9, 21]
[2, 3, 5, 25]
[2, 4, 6, 11, 21]
[1, 3, 7, 11, 23]
[3, 4, 5, 16]
[1, 4, 7, 9, 16]
[3, 4, 6, 15, 17]
[16, 17, 18, 19, 20, 21, 22, 23, 24, 25, 26, 27, 28]


6
process id 2
stats
5, 15, 7, 100, 1000
20220818-063719
loosing coalitions taken
[2, 4, 5, 17]
[1, 4, 8, 10, 15]
[1, 5, 6, 10, 24]
[3, 4, 6, 11, 20]
[1, 3, 8, 12, 17]
[2, 3, 5, 25]
[2, 3, 6, 12]
[1, 2, 9, 12, 13]
[1, 2, 7, 14, 23]
[1, 3, 7, 10, 22]
[3, 4, 5, 16]
[1, 2, 8, 11, 19]
[2, 4, 6, 15, 21]
[1, 4, 7, 11, 17]
[16, 17, 18, 19, 20, 21, 22, 23, 24, 25, 26, 27, 28]


6
process id 3
stats
5, 15, 7, 100, 1000
20220818-063725
loosing coalitions taken
[1, 4, 8, 11, 13]
[1, 2, 9, 10, 13]
[1, 3, 7, 11, 23]
[2, 4, 6, 13, 22]
[1, 5, 6, 10, 24]
[2, 5, 6, 8, 12]
[2, 4, 5, 19, 28]
[3, 4, 6, 12, 20]
[1, 3, 8, 9, 18]
[2, 3, 6, 16, 23]
[2, 3, 5, 25, 27]
[3, 4, 5, 16]
[1, 2, 7, 15, 22]
[1, 4, 7, 9, 17]
[16, 17, 18, 19, 20, 21, 22, 23, 24, 25, 26, 27, 28]


5
process id 1
stats
5, 15, 7, 100, 1000
20220818-063727
loosing coalitions taken
[1, 2, 10, 11, 13]
[1, 3, 9, 10, 12]
[1, 4, 7, 9, 17]
[2, 3, 6, 14]
[1, 2, 8, 9, 22]
[1, 3, 8, 13, 16]
[2, 4, 5, 19]
[1, 4, 8, 10, 15]
[2, 4, 6, 11, 22]
[3, 4, 5, 16]
[2, 3, 5, 24]
[1, 2, 7, 14, 24]
[3, 4, 6, 13, 21]
[1, 5, 6, 14, 22]
[16, 17, 18, 19, 20, 21, 22, 23, 24, 25, 26, 27, 28]


6
process id 4
stats
5, 15, 7, 100, 1000
20220818-063727
loosing coalitions taken
[1, 2, 10, 11, 14]
[1, 2, 7, 15, 22]
[2, 3, 6, 14]
[1, 4, 8, 10, 15]
[1, 3, 7, 10, 23]
[2, 4, 5, 22, 23]
[1, 3, 8, 11, 18]
[1, 5, 6, 9, 25]
[3, 4, 5, 21, 24]
[2, 3, 5, 25]
[2, 3, 7, 8, 9]
[2, 4, 6, 15, 19]
[3, 4, 6, 10, 18]
[1, 2, 8, 12, 20]
[16, 17, 18, 19, 20, 21, 22, 23, 24, 25, 26, 27, 28]


6
process id 0
stats
5, 15, 7, 100, 1000
20220818-063727
loosing coalitions taken
[1, 5, 6, 12, 24]
[1, 2, 7, 10, 26]
[1, 4, 7, 9, 19]
[1, 2, 8, 13, 20]
[1, 4, 8, 12, 14]
[1, 3, 9, 10, 12]
[1, 2, 9, 11, 14]
[2, 4, 5, 22, 24]
[1, 3, 8, 15, 16]
[2, 3, 6, 14]
[3, 4, 6, 12, 17]
[2, 3, 5, 23, 27]
[3, 4, 5, 15]
[2, 4, 6, 16, 19]
[16, 17, 18, 19, 20, 21, 22, 23, 24, 25, 26, 27, 28]


6
process id 0
stats
5, 15, 7, 100, 1000
20220818-063732
loosing coalitions taken
[1, 4, 8, 10, 15]
[1, 3, 8, 9, 19]
[1, 4, 7, 14, 16]
[1, 2, 8, 11, 21]
[2, 3, 7, 8, 10]
[1, 2, 7, 9]
[1, 5, 6, 16, 19]
[2, 3, 6, 14]
[3, 4, 5, 15]
[2, 3, 5, 25]
[2, 4, 5, 20]
[3, 4, 6, 12, 18]
[1, 3, 7, 15, 18]
[1, 2, 10, 12, 13]
[16, 17, 18, 19, 20, 21, 22, 23, 24, 25, 26, 27, 28]


6
process id 5
stats
5, 15, 7, 100, 1000
20220818-063733
loosing coalitions taken
[1, 4, 7, 11, 17]
[1, 4, 8, 13, 14]
[1, 3, 7, 14, 22]
[1, 2, 7, 13, 23]
[1, 5, 6, 15, 21]
[2, 3, 6, 13]
[2, 4, 5, 19, 27]
[1, 2, 9, 10, 11]
[3, 4, 5, 15]
[2, 3, 5, 22]
[2, 4, 6, 11, 23]
[1, 3, 8, 11, 19]
[3, 4, 6, 10, 20]
[1, 2, 8, 12, 17]
[16, 17, 18, 19, 20, 21, 22, 23, 24, 25, 26, 27, 28]


6
process id 4
stats
5, 15, 7, 100, 1000
20220818-063735
loosing coalitions taken
[1, 5, 6, 13, 24]
[1, 2, 7, 9]
[1, 3, 8, 15, 16]
[3, 4, 5, 18, 27]
[2, 4, 5, 17]
[2, 3, 6, 10]
[1, 4, 8, 9, 11]
[2, 3, 5, 24]
[1, 2, 8, 14, 19]
[3, 5, 6, 7, 14]
[3, 4, 6, 12, 20]
[2, 4, 6, 9, 25]
[1, 3, 9, 10, 12]
[1, 4, 7, 14, 15]
[16, 17, 18, 19, 20, 21, 22, 23, 24, 25, 26, 27, 28]


6
process id 2
stats
5, 15, 7, 100, 1000
20220818-063735
loosing coalitions taken
[2, 3, 7, 8, 10]
[3, 4, 6, 11, 21]
[3, 4, 5, 20, 23]
[1, 4, 7, 10, 18]
[1, 4, 8, 9, 15]
[1, 2, 9, 12, 13]
[1, 3, 7, 9, 24]
[1, 5, 6, 13, 22]
[1, 3, 8, 11, 17]
[2, 4, 6, 15, 18]
[2, 3, 6, 16, 22]
[2, 3, 5, 24]
[1, 2, 7, 16, 21]
[1, 2, 8, 14, 20]
[16, 17, 18, 19, 20, 21, 22, 23, 24, 25, 26, 27, 28]


6
process id 3
stats
5, 15, 7, 100, 1000
20220818-063735
loosing coalitions taken
[2, 4, 5, 19]
[1, 3, 8, 12, 17]
[1, 2, 10, 11, 13]
[1, 5, 6, 10, 26]
[1, 3, 7, 9, 23]
[2, 3, 6, 11]
[1, 4, 8, 11, 14]
[2, 3, 5, 22]
[3, 4, 5, 17, 27]
[3, 5, 6, 7, 14]
[3, 4, 6, 12, 19]
[1, 2, 7, 12, 25]
[2, 4, 6, 13, 22]
[1, 2, 8, 9, 21]
[16, 17, 18, 19, 20, 21, 22, 23, 24, 25, 26, 27, 28]


6
process id 5
stats
5, 15, 7, 100, 1000
20220818-063735
loosing coalitions taken
[1, 4, 7, 8]
[1, 2, 10, 12, 14]
[2, 4, 5, 20]
[2, 3, 6, 13]
[1, 3, 9, 10, 11]
[1, 5, 6, 16, 17]
[2, 3, 5, 23]
[1, 3, 7, 15, 19]
[1, 2, 8, 13, 20]
[2, 4, 6, 9, 24]
[3, 4, 5, 16]
[1, 2, 7, 9]
[3, 4, 6, 14, 17]
[1, 3, 8, 12, 16]
[16, 17, 18, 19, 20, 21, 22, 23, 24, 25, 26, 27, 28]


6
process id 6
stats
5, 15, 7, 100, 1000
20220818-063735
loosing coalitions taken
[3, 4, 5, 21, 24]
[1, 2, 7, 13, 23]
[1, 4, 8, 9, 15]
[1, 3, 7, 16, 18]
[2, 3, 5, 23, 27]
[1, 2, 8, 11, 21]
[2, 3, 6, 12, 28]
[3, 5, 6, 7, 11]
[2, 4, 5, 18]
[3, 4, 6, 10, 19]
[1, 5, 6, 13, 22]
[1, 3, 8, 12, 19]
[1, 2, 10, 12, 14]
[2, 3, 7, 8, 10]
[16, 17, 18, 19, 20, 21, 22, 23, 24, 25, 26, 27, 28]


6
process id 0
stats
5, 15, 7, 100, 1000
20220818-063736
loosing coalitions taken
[3, 4, 6, 9, 22]
[1, 2, 8, 14, 18]
[1, 2, 7, 15, 22]
[1, 3, 8, 12, 19]
[1, 5, 6, 16, 20]
[2, 4, 6, 15, 21]
[1, 2, 10, 11, 12]
[2, 4, 5, 18, 26]
[1, 4, 8, 11, 13]
[1, 3, 7, 16, 18]
[2, 3, 6, 16, 23]
[1, 4, 7, 9, 19]
[3, 4, 5, 19, 23]
[2, 3, 5, 24]
[16, 17, 18, 19, 20, 21, 22, 23, 24, 25, 26, 27, 28]


6
process id 7
stats
5, 15, 7, 100, 1000
20220818-063736
loosing coalitions taken
[1, 2, 10, 11, 14]
[1, 2, 7, 9]
[3, 5, 6, 7, 15]
[1, 5, 6, 10, 26]
[1, 3, 8, 12, 18]
[1, 4, 8, 10, 15]
[2, 4, 6, 14, 22]
[3, 4, 5, 16]
[2, 4, 5, 18]
[2, 3, 5, 25, 26]
[2, 3, 6, 13]
[3, 4, 6, 12, 17]
[1, 3, 7, 14, 20]
[1, 2, 8, 13, 17]
[16, 17, 18, 19, 20, 21, 22, 23, 24, 25, 26, 27, 28]


5
process id 2
stats
5, 15, 7, 100, 1000
20220818-063738
loosing coalitions taken
[2, 3, 5, 25]
[1, 2, 8, 13, 20]
[1, 2, 7, 9]
[1, 4, 8, 12, 14]
[1, 5, 6, 14, 22]
[2, 3, 6, 14]
[2, 4, 5, 20]
[3, 4, 5, 16]
[2, 4, 6, 9, 22]
[1, 3, 7, 12, 21]
[1, 4, 7, 11, 16]
[3, 4, 6, 11, 18]
[1, 3, 8, 10, 17]
[1, 2, 10, 11, 12]
[16, 17, 18, 19, 20, 21, 22, 23, 24, 25, 26, 27, 28]


5
process id 4
stats
5, 15, 7, 100, 1000
20220818-063739
loosing coalitions taken
[2, 3, 5, 25]
[1, 4, 8, 9, 15]
[1, 2, 8, 13, 20]
[1, 2, 7, 12, 23]
[1, 2, 10, 11, 14]
[1, 3, 8, 12, 17]
[3, 4, 6, 9, 20]
[2, 4, 6, 11, 21]
[2, 4, 5, 20, 24]
[2, 3, 6, 13]
[3, 4, 5, 21, 23]
[2, 3, 7, 8, 9]
[1, 4, 7, 10, 17]
[1, 3, 7, 15, 18]
[16, 17, 18, 19, 20, 21, 22, 23, 24, 25, 26, 27, 28]


6
process id 5
stats
5, 15, 7, 100, 1000
20220818-063741
loosing coalitions taken
[2, 4, 5, 21, 27]
[3, 4, 5, 18, 25]
[2, 3, 6, 15, 25]
[2, 4, 6, 16, 17]
[1, 3, 8, 12, 19]
[2, 3, 5, 23]
[3, 4, 6, 9, 21]
[1, 3, 7, 14, 18]
[1, 2, 7, 16, 19]
[1, 4, 7, 10, 17]
[1, 2, 8, 15, 17]
[1, 4, 8, 11, 13]
[1, 5, 6, 15, 21]
[1, 2, 9, 12, 14]
[16, 17, 18, 19, 20, 21, 22, 23, 24, 25, 26, 27, 28]


6
process id 0
stats
5, 15, 7, 100, 1000
20220818-063743
loosing coalitions taken
[1, 3, 8, 12, 17]
[1, 4, 7, 10, 18]
[1, 2, 7, 15, 22]
[1, 2, 10, 11, 13]
[2, 3, 6, 15, 26]
[1, 5, 6, 9, 25]
[1, 3, 7, 11, 23]
[3, 4, 6, 11, 21]
[2, 3, 5, 23, 27]
[2, 4, 5, 20, 26]
[3, 4, 5, 16]
[2, 4, 6, 10, 23]
[2, 5, 6, 8, 12]
[1, 2, 8, 9, 21]
[16, 17, 18, 19, 20, 21, 22, 23, 24, 25, 26, 27, 28]


6
process id 5
stats
5, 15, 7, 100, 1000
20220818-063743
loosing coalitions taken
[2, 4, 6, 16, 18]
[1, 5, 6, 13, 23]
[1, 4, 8, 12, 13]
[1, 2, 7, 13, 25]
[2, 4, 5, 17]
[1, 2, 9, 11, 14]
[1, 2, 8, 10, 21]
[2, 3, 6, 14]
[3, 4, 6, 10, 19]
[1, 3, 8, 9, 18]
[3, 4, 5, 16]
[2, 3, 5, 24]
[1, 3, 7, 10, 22]
[1, 4, 7, 11, 17]
[16, 17, 18, 19, 20, 21, 22, 23, 24, 25, 26, 27, 28]


5
process id 5
stats
5, 15, 7, 100, 1000
20220818-063745
loosing coalitions taken
[1, 2, 8, 9, 22]
[1, 2, 7, 17, 19]
[1, 4, 8, 10, 15]
[1, 3, 8, 11, 17]
[1, 4, 7, 9, 18]
[2, 4, 5, 22, 23]
[2, 3, 5, 25]
[1, 3, 7, 15, 21]
[2, 4, 6, 11, 24]
[1, 5, 6, 13, 24]
[3, 4, 6, 13, 21]
[1, 2, 10, 12, 13]
[2, 3, 6, 12]
[3, 4, 5, 15]
[16, 17, 18, 19, 20, 21, 22, 23, 24, 25, 26, 27, 28]


6
process id 0
stats
5, 15, 7, 100, 1000
20220818-063745
loosing coalitions taken
[1, 3, 7, 13, 22]
[2, 4, 5, 20]
[1, 3, 8, 12, 19]
[1, 2, 8, 14, 17]
[1, 4, 8, 9, 13]
[3, 4, 6, 12, 20]
[1, 5, 6, 12, 22]
[3, 4, 5, 17, 26]
[1, 4, 7, 14, 16]
[2, 3, 5, 23]
[1, 2, 7, 9, 27]
[2, 3, 6, 13]
[1, 3, 9, 10, 11]
[2, 4, 6, 15, 18]
[16, 17, 18, 19, 20, 21, 22, 23, 24, 25, 26, 27, 28]


5
process id 6
stats
5, 15, 7, 100, 1000
20220818-063746
loosing coalitions taken
[3, 4, 5, 20, 23]
[1, 2, 7, 16, 20]
[1, 2, 9, 11, 14]
[2, 3, 6, 16, 24]
[1, 3, 8, 15, 16]
[2, 3, 7, 8, 10]
[2, 4, 5, 18]
[1, 5, 6, 16, 19]
[1, 3, 7, 14, 21]
[3, 4, 6, 13, 19]
[1, 3, 9, 10, 12]
[2, 3, 5, 22]
[2, 4, 6, 11, 21]
[1, 2, 8, 12, 18]
[16, 17, 18, 19, 20, 21, 22, 23, 24, 25, 26, 27, 28]


6
process id 2
stats
5, 15, 7, 100, 1000
20220818-063746
loosing coalitions taken
[1, 5, 6, 11, 24]
[1, 4, 7, 8]
[2, 4, 6, 16, 18]
[3, 4, 6, 13, 21]
[1, 2, 9, 11, 14]
[2, 3, 6, 14]
[2, 3, 5, 24, 27]
[2, 4, 5, 20]
[1, 3, 7, 15, 19]
[3, 4, 5, 15]
[1, 2, 8, 10, 17]
[1, 3, 8, 13, 16]
[1, 3, 9, 10, 12]
[1, 2, 7, 13, 23]
[16, 17, 18, 19, 20, 21, 22, 23, 24, 25, 26, 27, 28]


6
process id 4
stats
5, 15, 7, 100, 1000
20220818-063747
loosing coalitions taken
[1, 4, 8, 12, 14]
[2, 3, 6, 14]
[1, 2, 7, 11, 26]
[2, 4, 5, 20]
[1, 3, 8, 11, 18]
[1, 3, 7, 10, 24]
[1, 2, 8, 9, 20]
[1, 5, 6, 14, 22]
[3, 4, 6, 12, 19]
[2, 3, 5, 23, 26]
[1, 2, 10, 12, 13]
[2, 4, 6, 11, 22]
[3, 4, 5, 17, 25]
[1, 4, 7, 9, 18]
[16, 17, 18, 19, 20, 21, 22, 23, 24, 25, 26, 27, 28]


5
process id 1
stats
5, 15, 7, 100, 1000
20220818-063747
loosing coalitions taken
[2, 3, 6, 14]
[1, 4, 7, 9, 17]
[1, 4, 8, 13, 14]
[1, 3, 8, 10, 17]
[2, 4, 5, 20]
[1, 2, 10, 11, 13]
[1, 3, 7, 15, 21]
[3, 4, 5, 15]
[2, 3, 5, 25]
[1, 5, 6, 13, 21]
[3, 4, 6, 12, 17]
[1, 2, 7, 12, 26]
[1, 2, 8, 15, 16]
[2, 4, 6, 11, 21]
[16, 17, 18, 19, 20, 21, 22, 23, 24, 25, 26, 27, 28]


6
process id 5
stats
5, 15, 7, 100, 1000
20220818-063749
loosing coalitions taken
[2, 4, 6, 9, 24]
[2, 4, 5, 21, 28]
[1, 4, 7, 9, 17]
[3, 4, 6, 13, 21]
[1, 2, 8, 13, 20]
[1, 4, 8, 10, 15]
[1, 3, 9, 10, 11]
[1, 2, 7, 12, 25]
[1, 3, 7, 15, 21]
[1, 5, 6, 10, 26]
[1, 3, 8, 12, 19]
[2, 3, 5, 23]
[2, 3, 6, 12]
[3, 4, 5, 18, 24]
[16, 17, 18, 19, 20, 21, 22, 23, 24, 25, 26, 27, 28]


6
process id 2
stats
5, 15, 7, 100, 1000
20220818-063749
loosing coalitions taken
[2, 3, 6, 14]
[1, 2, 10, 12, 13]
[1, 4, 8, 12, 14]
[1, 3, 8, 11, 17]
[1, 2, 7, 15, 22]
[1, 4, 7, 9, 17]
[1, 5, 6, 9, 25]
[2, 4, 5, 20]
[2, 3, 5, 25]
[3, 4, 5, 16]
[3, 4, 6, 12, 20]
[2, 4, 6, 13, 22]
[2, 3, 7, 8, 9]
[1, 3, 7, 14, 18]
[16, 17, 18, 19, 20, 21, 22, 23, 24, 25, 26, 27, 28]


5
process id 0
stats
5, 15, 7, 100, 1000
20220818-063749
loosing coalitions taken
[1, 4, 8, 11, 13]
[1, 5, 6, 16, 19]
[2, 3, 6, 13]
[3, 4, 5, 18, 24]
[1, 3, 7, 12, 22]
[1, 3, 8, 10, 17]
[2, 3, 5, 23]
[1, 2, 8, 12, 20]
[3, 4, 6, 15, 16]
[2, 4, 6, 11, 23]
[2, 4, 5, 19]
[1, 2, 7, 9]
[1, 4, 7, 10, 16]
[1, 2, 10, 11, 14]
[16, 17, 18, 19, 20, 21, 22, 23, 24, 25, 26, 27, 28]


6
process id 7
stats
5, 15, 7, 100, 1000
20220818-063751
loosing coalitions taken
[2, 4, 6, 11, 23]
[1, 2, 10, 11, 14]
[1, 2, 8, 12, 20]
[2, 3, 5, 23]
[1, 2, 7, 9]
[1, 3, 8, 10, 17]
[1, 4, 8, 9, 15]
[2, 3, 6, 14]
[2, 4, 5, 17]
[1, 3, 7, 14, 19]
[1, 5, 6, 12, 23]
[3, 4, 5, 16]
[3, 4, 6, 13, 20]
[1, 4, 7, 10, 18]
[16, 17, 18, 19, 20, 21, 22, 23, 24, 25, 26, 27, 28]


6
process id 3
stats
5, 15, 7, 100, 1000
20220818-063754
loosing coalitions taken
[1, 5, 6, 9, 26]
[1, 3, 8, 15, 16]
[1, 4, 8, 12, 13]
[1, 2, 8, 14, 19]
[1, 3, 7, 12, 22]
[1, 2, 7, 16, 20]
[2, 4, 5, 20]
[3, 4, 6, 13, 21]
[2, 3, 5, 25]
[1, 2, 9, 11, 12]
[2, 3, 6, 14, 26]
[2, 4, 6, 11, 22]
[1, 4, 7, 9, 18]
[3, 4, 5, 16]
[16, 17, 18, 19, 20, 21, 22, 23, 24, 25, 26, 27, 28]


5
process id 2
stats
5, 15, 7, 100, 1000
20220818-063755
loosing coalitions taken
[1, 2, 7, 13, 25]
[1, 3, 8, 15, 16]
[1, 3, 7, 14, 22]
[1, 4, 7, 9, 17]
[3, 4, 6, 14, 20]
[2, 3, 5, 25]
[2, 4, 6, 12, 22]
[1, 2, 10, 12, 14]
[1, 4, 8, 11, 14]
[2, 3, 6, 9]
[2, 4, 5, 19]
[3, 4, 5, 16]
[1, 5, 6, 15, 21]
[1, 2, 8, 9, 22]
[16, 17, 18, 19, 20, 21, 22, 23, 24, 25, 26, 27, 28]


6
process id 6
stats
5, 15, 7, 100, 1000
20220818-063756
loosing coalitions taken
[1, 3, 9, 10, 11]
[2, 4, 6, 11, 23]
[1, 2, 8, 9, 22]
[1, 3, 8, 12, 17]
[1, 2, 10, 12, 13]
[2, 3, 5, 25]
[3, 4, 6, 13, 21]
[2, 4, 5, 17]
[2, 3, 6, 14]
[3, 4, 5, 18, 26]
[1, 5, 6, 13, 22]
[1, 3, 7, 14, 18]
[1, 2, 7, 17, 19]
[1, 4, 7, 8]
[16, 17, 18, 19, 20, 21, 22, 23, 24, 25, 26, 27, 28]


5
process id 5
stats
5, 15, 7, 100, 1000
20220818-063757
loosing coalitions taken
[1, 3, 9, 10, 11]
[1, 3, 8, 12, 17]
[1, 5, 6, 15, 21]
[1, 2, 8, 9, 22]
[1, 4, 8, 10, 15]
[2, 4, 5, 18]
[1, 3, 7, 15, 19]
[2, 3, 6, 16, 24]
[1, 4, 7, 9, 17]
[3, 4, 6, 10, 19]
[3, 4, 5, 16]
[2, 3, 5, 22]
[1, 2, 7, 10, 25]
[2, 4, 6, 9, 23]
[16, 17, 18, 19, 20, 21, 22, 23, 24, 25, 26, 27, 28]


5
process id 3
stats
5, 15, 7, 100, 1000
20220818-063757
loosing coalitions taken
[2, 4, 5, 20]
[1, 2, 8, 14, 17]
[1, 3, 7, 14, 21]
[1, 2, 10, 11, 13]
[1, 2, 7, 9]
[2, 3, 6, 10]
[2, 3, 5, 22]
[1, 4, 8, 9, 15]
[1, 4, 7, 10, 17]
[2, 4, 6, 12, 23]
[1, 5, 6, 9, 26]
[1, 3, 8, 12, 18]
[3, 4, 5, 15]
[3, 4, 6, 13, 20]
[16, 17, 18, 19, 20, 21, 22, 23, 24, 25, 26, 27, 28]


6
process id 5
stats
5, 15, 7, 100, 1000
20220818-063800
loosing coalitions taken
[1, 3, 7, 16, 19]
[2, 4, 6, 13, 22]
[1, 2, 7, 10, 26]
[1, 5, 6, 14, 22]
[1, 3, 9, 10, 12]
[3, 4, 5, 18, 25]
[1, 2, 9, 11, 14]
[1, 4, 7, 9, 17]
[1, 3, 8, 11, 17]
[3, 4, 6, 12, 21]
[2, 3, 6, 17, 18]
[2, 4, 5, 21, 23]
[2, 3, 5, 22]
[1, 4, 8, 10, 13]
[16, 17, 18, 19, 20, 21, 22, 23, 24, 25, 26, 27, 28]


6
process id 1
stats
5, 15, 7, 100, 1000
20220818-063800
loosing coalitions taken
[3, 4, 5, 17, 26]
[1, 4, 7, 10, 17]
[1, 3, 8, 12, 19]
[1, 3, 7, 15, 20]
[1, 2, 7, 9]
[1, 4, 8, 13, 14]
[2, 3, 5, 25]
[2, 4, 6, 15, 19]
[2, 4, 5, 18]
[1, 2, 10, 11, 14]
[3, 4, 6, 14, 20]
[2, 3, 6, 9]
[2, 5, 6, 8, 12]
[1, 5, 6, 11, 22]
[16, 17, 18, 19, 20, 21, 22, 23, 24, 25, 26, 27, 28]


6
process id 4
stats
5, 15, 7, 100, 1000
20220818-063802
loosing coalitions taken
[1, 2, 8, 12, 21]
[1, 5, 6, 9, 25]
[2, 4, 5, 17]
[2, 3, 6, 14]
[2, 3, 5, 25]
[1, 3, 7, 10, 24]
[1, 3, 8, 9, 18]
[2, 4, 6, 12, 22]
[1, 2, 7, 17, 18]
[3, 4, 6, 15, 17]
[1, 4, 7, 12, 16]
[3, 4, 5, 16, 27]
[1, 2, 9, 10, 14]
[1, 4, 8, 13, 14]
[16, 17, 18, 19, 20, 21, 22, 23, 24, 25, 26, 27, 28]


6
process id 1
stats
5, 15, 7, 100, 1000
20220818-063802
loosing coalitions taken
[1, 2, 7, 9]
[2, 4, 5, 20]
[2, 3, 6, 14]
[1, 5, 6, 13, 23]
[3, 4, 6, 11, 17]
[1, 3, 7, 14, 21]
[1, 2, 8, 11, 21]
[2, 4, 6, 16, 19]
[2, 3, 5, 22]
[3, 4, 5, 15]
[1, 4, 7, 8]
[1, 3, 9, 10, 11]
[1, 2, 10, 12, 13]
[1, 3, 8, 12, 16]
[16, 17, 18, 19, 20, 21, 22, 23, 24, 25, 26, 27, 28]


6
process id 6
stats
5, 15, 7, 100, 1000
20220818-063804
loosing coalitions taken
[1, 5, 6, 9, 25]
[1, 4, 7, 9, 19]
[1, 4, 8, 11, 14]
[1, 3, 7, 13, 22]
[1, 3, 8, 12, 19]
[1, 2, 10, 11, 13]
[1, 2, 8, 15, 16]
[2, 3, 6, 12]
[2, 4, 5, 18]
[3, 4, 5, 16, 28]
[2, 3, 5, 22]
[2, 4, 6, 14, 20]
[3, 4, 6, 10, 21]
[1, 2, 7, 12, 25]
[16, 17, 18, 19, 20, 21, 22, 23, 24, 25, 26, 27, 28]


6
process id 3
stats
5, 15, 7, 100, 1000
20220818-063805
loosing coalitions taken
[1, 4, 7, 14, 16]
[2, 3, 6, 13]
[1, 2, 9, 12, 14]
[1, 4, 8, 12, 13]
[1, 3, 8, 9, 19]
[1, 2, 7, 17, 19]
[1, 5, 6, 10, 23]
[1, 3, 7, 10, 24]
[3, 4, 6, 15, 17]
[2, 4, 5, 19]
[2, 3, 5, 24, 25]
[1, 2, 8, 11, 20]
[3, 4, 5, 16]
[2, 4, 6, 10, 24]
[16, 17, 18, 19, 20, 21, 22, 23, 24, 25, 26, 27, 28]


6
process id 7
stats
5, 15, 7, 100, 1000
20220818-063805
loosing coalitions taken
[1, 3, 8, 12, 19]
[2, 3, 5, 25]
[1, 3, 9, 10, 11]
[1, 2, 7, 11, 26]
[2, 4, 6, 11, 23]
[3, 4, 6, 14, 20]
[1, 3, 7, 15, 21]
[1, 2, 10, 12, 13]
[1, 4, 7, 8]
[2, 3, 6, 10]
[3, 4, 5, 16]
[2, 4, 5, 20]
[1, 5, 6, 9, 22]
[1, 2, 8, 9, 20]
[16, 17, 18, 19, 20, 21, 22, 23, 24, 25, 26, 27, 28]


6
process id 1
stats
5, 15, 7, 100, 1000
20220818-063806
loosing coalitions taken
[1, 2, 8, 12, 21]
[1, 4, 7, 8]
[1, 2, 10, 11, 14]
[2, 4, 5, 18]
[2, 3, 6, 15, 26]
[3, 4, 6, 13, 17]
[1, 2, 7, 9, 28]
[2, 3, 5, 24, 27]
[1, 5, 6, 12, 22]
[1, 3, 8, 11, 16]
[3, 4, 5, 19, 25]
[1, 3, 7, 14, 21]
[2, 4, 6, 14, 20]
[1, 3, 9, 10, 12]
[16, 17, 18, 19, 20, 21, 22, 23, 24, 25, 26, 27, 28]


6
process id 0
stats
5, 15, 7, 100, 1000
20220818-063806
loosing coalitions taken
[1, 5, 6, 11, 25]
[1, 3, 9, 10, 12]
[1, 2, 9, 11, 13]
[3, 4, 5, 19, 26]
[3, 4, 6, 13, 21]
[2, 3, 6, 14]
[1, 4, 7, 8]
[1, 2, 7, 10, 26]
[1, 3, 7, 15, 21]
[2, 4, 5, 17]
[2, 4, 6, 12, 23]
[1, 2, 8, 12, 18]
[2, 3, 5, 23]
[1, 3, 8, 14, 16]
[16, 17, 18, 19, 20, 21, 22, 23, 24, 25, 26, 27, 28]


6
process id 3
stats
5, 15, 7, 100, 1000
20220818-063808
loosing coalitions taken
[2, 4, 5, 20]
[1, 4, 8, 11, 14]
[3, 4, 6, 12, 21]
[1, 2, 7, 15, 22]
[2, 3, 6, 16, 24]
[1, 2, 10, 11, 12]
[1, 3, 8, 10, 18]
[1, 5, 6, 10, 26]
[1, 3, 7, 12, 20]
[2, 3, 5, 23]
[3, 4, 5, 15]
[2, 3, 7, 8, 9]
[2, 4, 6, 15, 19]
[1, 4, 7, 9, 19]
[16, 17, 18, 19, 20, 21, 22, 23, 24, 25, 26, 27, 28]


6
process id 5
stats
5, 15, 7, 100, 1000
20220818-063809
loosing coalitions taken
[2, 3, 6, 14]
[1, 4, 7, 9, 17]
[1, 2, 7, 13, 24]
[1, 3, 8, 12, 17]
[1, 4, 8, 10, 15]
[1, 3, 7, 11, 22]
[1, 2, 8, 9, 22]
[1, 2, 10, 11, 12]
[2, 4, 5, 18]
[2, 3, 5, 25]
[3, 4, 5, 15]
[1, 5, 6, 13, 21]
[2, 4, 6, 9, 23]
[3, 4, 6, 10, 21]
[16, 17, 18, 19, 20, 21, 22, 23, 24, 25, 26, 27, 28]


6
process id 1
stats
5, 15, 7, 100, 1000
20220818-063809
loosing coalitions taken
[3, 4, 5, 20, 24]
[1, 3, 7, 10, 23]
[2, 4, 5, 18]
[1, 3, 8, 9, 19]
[1, 4, 8, 10, 15]
[1, 2, 7, 11, 24]
[1, 5, 6, 9, 24]
[2, 3, 6, 19, 20]
[1, 2, 9, 10, 13]
[1, 2, 8, 12, 20]
[1, 4, 7, 13, 16]
[2, 3, 5, 22]
[3, 4, 6, 14, 17]
[2, 4, 6, 12, 21]
[16, 17, 18, 19, 20, 21, 22, 23, 24, 25, 26, 27, 28]


6
process id 2
stats
5, 15, 7, 100, 1000
20220818-063809
loosing coalitions taken
[1, 3, 9, 10, 12]
[1, 4, 7, 9, 18]
[1, 2, 7, 13, 24]
[1, 2, 8, 11, 21]
[1, 3, 8, 15, 16]
[1, 5, 6, 11, 23]
[2, 4, 6, 10, 24]
[3, 4, 6, 12, 19]
[2, 4, 5, 18]
[3, 4, 5, 21, 24]
[2, 3, 5, 22]
[1, 4, 8, 13, 14]
[2, 3, 6, 15, 26]
[1, 3, 7, 14, 20]
[16, 17, 18, 19, 20, 21, 22, 23, 24, 25, 26, 27, 28]


6
process id 4
stats
5, 15, 7, 100, 1000
20220818-063810
loosing coalitions taken
[1, 3, 8, 11, 19]
[2, 4, 5, 17]
[1, 4, 7, 9, 19]
[1, 5, 6, 12, 22]
[2, 3, 6, 13]
[1, 2, 10, 11, 14]
[1, 2, 8, 9, 22]
[1, 4, 8, 13, 14]
[2, 3, 5, 22]
[1, 3, 7, 15, 20]
[3, 4, 5, 15]
[1, 2, 7, 12, 24]
[3, 4, 6, 10, 20]
[2, 4, 6, 11, 24]
[16, 17, 18, 19, 20, 21, 22, 23, 24, 25, 26, 27, 28]


6
process id 0
stats
5, 15, 7, 100, 1000
20220818-063811
loosing coalitions taken
[1, 5, 6, 10, 25]
[1, 3, 7, 11, 23]
[1, 4, 7, 8]
[1, 2, 9, 11, 13]
[1, 3, 9, 10, 12]
[2, 3, 5, 22]
[2, 3, 6, 12]
[3, 4, 5, 16, 28]
[1, 2, 7, 16, 17]
[2, 4, 5, 17]
[3, 4, 6, 14, 19]
[1, 2, 8, 12, 19]
[2, 4, 6, 9, 24]
[1, 3, 8, 14, 15]
[16, 17, 18, 19, 20, 21, 22, 23, 24, 25, 26, 27, 28]


6
process id 6
stats
5, 15, 7, 100, 1000
20220818-063812
loosing coalitions taken
[3, 4, 5, 18, 27]
[1, 2, 7, 9]
[1, 4, 8, 10, 15]
[1, 3, 8, 11, 17]
[2, 3, 6, 13]
[2, 4, 5, 17]
[1, 5, 6, 9, 25]
[1, 3, 7, 10, 22]
[1, 2, 10, 11, 13]
[3, 4, 6, 14, 19]
[2, 5, 6, 7, 16]
[2, 3, 5, 22]
[2, 4, 6, 10, 24]
[1, 2, 8, 12, 19]
[16, 17, 18, 19, 20, 21, 22, 23, 24, 25, 26, 27, 28]


6
process id 7
stats
5, 15, 7, 100, 1000
20220818-063812
loosing coalitions taken
[3, 4, 5, 19, 26]
[1, 3, 8, 15, 16]
[1, 5, 6, 13, 24]
[1, 3, 7, 11, 23]
[1, 4, 7, 9, 18]
[3, 4, 6, 11, 21]
[1, 2, 7, 17, 19]
[1, 2, 10, 11, 12]
[2, 3, 6, 13]
[2, 4, 5, 18, 28]
[2, 3, 5, 22]
[2, 4, 6, 16, 19]
[1, 4, 8, 12, 14]
[2, 3, 7, 8, 10]
[16, 17, 18, 19, 20, 21, 22, 23, 24, 25, 26, 27, 28]


6
process id 3
stats
5, 15, 7, 100, 1000
20220818-063812
loosing coalitions taken
[1, 3, 8, 11, 17]
[1, 4, 7, 9, 18]
[2, 3, 6, 14]
[1, 2, 7, 12, 26]
[3, 4, 5, 18, 27]
[2, 4, 5, 20]
[1, 3, 7, 10, 22]
[2, 4, 6, 10, 24]
[2, 3, 5, 23]
[1, 2, 8, 13, 19]
[1, 5, 6, 16, 17]
[1, 2, 9, 10, 14]
[3, 4, 6, 12, 17]
[1, 4, 8, 10, 15]
[16, 17, 18, 19, 20, 21, 22, 23, 24, 25, 26, 27, 28]


5
process id 7
stats
5, 15, 7, 100, 1000
20220818-063814
loosing coalitions taken
[1, 4, 7, 9, 18]
[1, 2, 9, 11, 14]
[1, 2, 7, 10, 28]
[1, 3, 7, 16, 17]
[2, 3, 6, 11]
[1, 4, 8, 11, 13]
[1, 5, 6, 12, 24]
[1, 3, 8, 10, 18]
[2, 3, 5, 24, 28]
[3, 4, 5, 15]
[2, 4, 6, 10, 24]
[2, 4, 5, 19]
[1, 2, 8, 15, 17]
[3, 4, 6, 14, 20]
[16, 17, 18, 19, 20, 21, 22, 23, 24, 25, 26, 27, 28]


6
process id 1
stats
5, 15, 7, 100, 1000
20220818-063815
loosing coalitions taken
[1, 4, 8, 13, 14]
[3, 4, 5, 16]
[1, 4, 7, 10, 19]
[1, 3, 8, 9, 18]
[2, 4, 6, 15, 20]
[1, 5, 6, 11, 23]
[1, 2, 7, 16, 17]
[2, 4, 5, 17, 26]
[2, 3, 5, 23]
[3, 4, 6, 14, 18]
[1, 3, 7, 14, 22]
[2, 3, 6, 12]
[2, 3, 7, 8, 10]
[1, 2, 9, 11, 12]
[16, 17, 18, 19, 20, 21, 22, 23, 24, 25, 26, 27, 28]


6
process id 5
stats
5, 15, 7, 100, 1000
20220818-063815
loosing coalitions taken
[2, 3, 5, 25]
[2, 4, 6, 11, 22]
[1, 4, 7, 9, 17]
[3, 4, 6, 15, 17]
[1, 3, 7, 13, 22]
[1, 3, 8, 11, 17]
[1, 2, 10, 11, 13]
[2, 3, 6, 12, 28]
[2, 4, 5, 19]
[3, 4, 5, 16]
[1, 2, 7, 12, 23]
[2, 3, 7, 8, 10]
[1, 5, 6, 9, 25]
[1, 4, 8, 10, 14]
[16, 17, 18, 19, 20, 21, 22, 23, 24, 25, 26, 27, 28]


6
process id 4
stats
5, 15, 7, 100, 1000
20220818-063816
loosing coalitions taken
[1, 3, 8, 10, 19]
[2, 4, 5, 17]
[1, 5, 6, 16, 19]
[3, 4, 6, 11, 20]
[1, 2, 7, 11, 27]
[1, 3, 7, 12, 22]
[1, 2, 8, 14, 20]
[1, 4, 8, 9, 15]
[2, 3, 5, 25]
[2, 4, 6, 9, 24]
[2, 3, 6, 12, 28]
[3, 4, 5, 18, 23]
[1, 4, 7, 10, 18]
[1, 2, 9, 10, 13]
[16, 17, 18, 19, 20, 21, 22, 23, 24, 25, 26, 27, 28]


6
process id 6
stats
5, 15, 7, 100, 1000
20220818-063816
loosing coalitions taken
[1, 4, 7, 10, 17]
[1, 3, 8, 11, 17]
[1, 4, 8, 12, 14]
[1, 5, 6, 9, 26]
[2, 4, 5, 18]
[1, 2, 8, 9, 21]
[1, 2, 10, 12, 13]
[1, 3, 7, 15, 18]
[2, 3, 6, 15, 22]
[2, 3, 5, 25]
[3, 4, 5, 15]
[3, 4, 6, 11, 20]
[1, 2, 7, 14, 23]
[2, 4, 6, 16, 17]
[16, 17, 18, 19, 20, 21, 22, 23, 24, 25, 26, 27, 28]


6
process id 3
stats
5, 15, 7, 100, 1000
20220818-063817
loosing coalitions taken
[1, 3, 8, 12, 17]
[3, 4, 6, 13, 21]
[1, 2, 8, 14, 20]
[1, 2, 10, 12, 13]
[2, 4, 5, 20]
[2, 3, 6, 14]
[1, 4, 7, 9, 19]
[1, 2, 7, 11, 26]
[2, 4, 6, 12, 23]
[3, 4, 5, 16]
[2, 3, 5, 23, 27]
[1, 3, 7, 10, 24]
[1, 5, 6, 13, 24]
[2, 3, 7, 8, 9]
[16, 17, 18, 19, 20, 21, 22, 23, 24, 25, 26, 27, 28]


6
process id 6
stats
5, 15, 7, 100, 1000
20220818-063820
loosing coalitions taken
[1, 5, 6, 16, 19]
[1, 2, 7, 17, 18]
[1, 3, 7, 15, 21]
[1, 4, 7, 10, 19]
[1, 2, 10, 11, 13]
[2, 4, 5, 20]
[2, 3, 6, 13]
[1, 2, 8, 9, 22]
[1, 3, 8, 10, 17]
[2, 3, 5, 22]
[3, 4, 5, 16]
[1, 4, 8, 13, 14]
[3, 4, 6, 11, 21]
[2, 4, 6, 9, 25]
[16, 17, 18, 19, 20, 21, 22, 23, 24, 25, 26, 27, 28]


6
process id 0
stats
5, 15, 7, 100, 1000
20220818-063820
loosing coalitions taken
[1, 5, 6, 10, 25]
[2, 4, 5, 20]
[1, 4, 8, 11, 14]
[1, 3, 7, 10, 22]
[1, 2, 7, 12, 26]
[3, 4, 6, 12, 18]
[2, 3, 6, 14]
[1, 3, 8, 13, 16]
[1, 4, 7, 9, 16]
[3, 4, 5, 17, 25]
[2, 3, 5, 23]
[2, 4, 6, 9, 25]
[1, 2, 8, 9, 19]
[1, 2, 10, 11, 13]
[16, 17, 18, 19, 20, 21, 22, 23, 24, 25, 26, 27, 28]


6
process id 1
stats
5, 15, 7, 100, 1000
20220818-063822
loosing coalitions taken
[2, 4, 5, 18]
[2, 3, 6, 13]
[1, 2, 8, 14, 20]
[1, 2, 7, 9]
[1, 3, 8, 11, 17]
[3, 4, 5, 15]
[2, 3, 5, 25]
[1, 2, 10, 12, 13]
[2, 4, 6, 11, 22]
[1, 5, 6, 16, 18]
[1, 4, 8, 9, 12]
[3, 4, 6, 14, 19]
[1, 4, 7, 14, 16]
[1, 3, 7, 15, 19]
[16, 17, 18, 19, 20, 21, 22, 23, 24, 25, 26, 27, 28]


6
process id 4
stats
5, 15, 7, 100, 1000
20220818-063822
loosing coalitions taken
[1, 5, 6, 11, 24]
[2, 4, 5, 22, 24]
[1, 2, 9, 11, 13]
[1, 3, 9, 10, 12]
[3, 4, 5, 18, 25]
[1, 4, 8, 10, 15]
[1, 4, 7, 13, 16]
[1, 2, 7, 12, 25]
[2, 3, 6, 19, 21]
[2, 3, 5, 23]
[1, 2, 8, 14, 20]
[2, 4, 6, 16, 18]
[1, 3, 7, 15, 20]
[3, 4, 6, 10, 20]
[16, 17, 18, 19, 20, 21, 22, 23, 24, 25, 26, 27, 28]


6
process id 3
stats
5, 15, 7, 100, 1000
20220818-063823
loosing coalitions taken
[1, 3, 7, 9, 23]
[1, 3, 8, 15, 16]
[1, 4, 7, 10, 19]
[1, 2, 7, 17, 18]
[1, 4, 8, 13, 14]
[2, 4, 5, 19]
[2, 3, 6, 14]
[1, 5, 6, 15, 20]
[2, 4, 6, 10, 22]
[3, 4, 5, 16]
[1, 2, 8, 11, 21]
[2, 3, 5, 23]
[1, 2, 9, 12, 13]
[3, 4, 6, 12, 19]
[16, 17, 18, 19, 20, 21, 22, 23, 24, 25, 26, 27, 28]


6
process id 2
stats
5, 15, 7, 100, 1000
20220818-063823
loosing coalitions taken
[1, 3, 8, 12, 17]
[1, 4, 8, 9, 15]
[1, 2, 8, 11, 21]
[1, 4, 7, 14, 16]
[2, 3, 7, 8, 9]
[1, 3, 9, 10, 11]
[3, 4, 6, 11, 21]
[1, 2, 7, 10, 28]
[1, 5, 6, 12, 23]
[2, 4, 6, 12, 22]
[2, 3, 6, 14]
[3, 4, 5, 18, 27]
[2, 4, 5, 20]
[2, 3, 5, 23]
[16, 17, 18, 19, 20, 21, 22, 23, 24, 25, 26, 27, 28]


6
process id 6
stats
5, 15, 7, 100, 1000
20220818-063823
loosing coalitions taken
[1, 3, 8, 11, 18]
[1, 5, 6, 16, 20]
[1, 2, 10, 11, 13]
[1, 2, 8, 15, 17]
[1, 3, 7, 12, 22]
[1, 2, 7, 9]
[2, 4, 5, 20]
[2, 3, 6, 12]
[1, 4, 8, 12, 13]
[2, 3, 5, 22]
[1, 4, 7, 10, 16]
[3, 4, 5, 18, 27]
[2, 4, 6, 11, 23]
[3, 4, 6, 9, 21]
[16, 17, 18, 19, 20, 21, 22, 23, 24, 25, 26, 27, 28]


6
process id 5
stats
5, 15, 7, 100, 1000
20220818-063824
loosing coalitions taken
[1, 5, 6, 12, 23]
[1, 3, 9, 10, 11]
[2, 3, 6, 14]
[1, 4, 7, 9, 16]
[2, 4, 5, 18]
[2, 3, 5, 23, 25]
[1, 3, 7, 15, 20]
[1, 2, 7, 12, 26]
[2, 3, 7, 8, 10]
[3, 4, 5, 19, 22]
[2, 4, 6, 11, 23]
[3, 4, 6, 15, 16]
[1, 2, 8, 13, 17]
[1, 3, 8, 12, 18]
[16, 17, 18, 19, 20, 21, 22, 23, 24, 25, 26, 27, 28]


6
process id 0
stats
5, 15, 7, 100, 1000
20220818-063827
loosing coalitions taken
[2, 3, 6, 14]
[1, 2, 7, 15, 22]
[1, 3, 8, 13, 16]
[2, 4, 5, 17]
[1, 5, 6, 11, 22]
[1, 4, 7, 8, 27]
[1, 3, 7, 12, 20]
[3, 4, 5, 15]
[2, 3, 5, 26, 27]
[2, 4, 6, 10, 23]
[1, 2, 8, 10, 21]
[3, 4, 6, 11, 17]
[1, 3, 9, 10, 11]
[1, 2, 9, 12, 13]
[16, 17, 18, 19, 20, 21, 22, 23, 24, 25, 26, 27, 28]


6
process id 3
stats
5, 15, 7, 100, 1000
20220818-063827
loosing coalitions taken
[1, 4, 8, 13, 14]
[1, 3, 7, 9, 23]
[3, 4, 6, 12, 21]
[1, 2, 10, 12, 13]
[1, 2, 8, 11, 21]
[1, 5, 6, 11, 23]
[2, 4, 5, 20]
[1, 2, 7, 17, 19]
[1, 3, 8, 12, 19]
[2, 4, 6, 16, 17]
[2, 3, 6, 13]
[2, 3, 5, 22]
[3, 4, 5, 16]
[1, 4, 7, 10, 18]
[16, 17, 18, 19, 20, 21, 22, 23, 24, 25, 26, 27, 28]


6
process id 1
stats
5, 15, 7, 100, 1000
20220818-063828
loosing coalitions taken
[2, 4, 5, 20]
[1, 3, 9, 10, 12]
[1, 2, 7, 14, 24]
[2, 3, 7, 8, 10]
[1, 5, 6, 16, 19]
[1, 4, 7, 13, 16]
[1, 4, 8, 11, 14]
[2, 3, 6, 13, 25]
[1, 2, 8, 12, 21]
[1, 2, 10, 11, 13]
[2, 3, 5, 24]
[3, 4, 5, 16]
[1, 3, 7, 15, 21]
[3, 4, 6, 15, 17]
[16, 17, 18, 19, 20, 21, 22, 23, 24, 25, 26, 27, 28]


6
process id 2
stats
5, 15, 7, 100, 1000
20220818-063828
loosing coalitions taken
[1, 4, 8, 10, 15]
[2, 4, 5, 20]
[1, 2, 8, 11, 21]
[3, 4, 5, 18, 27]
[1, 3, 7, 16, 18]
[3, 4, 6, 12, 21]
[2, 4, 6, 10, 23]
[2, 3, 6, 14]
[2, 3, 5, 25]
[1, 3, 8, 9, 17]
[1, 2, 9, 12, 13]
[1, 5, 6, 15, 19]
[1, 2, 7, 15, 22]
[2, 5, 6, 7, 16]
[16, 17, 18, 19, 20, 21, 22, 23, 24, 25, 26, 27, 28]


6
process id 6
stats
5, 15, 7, 100, 1000
20220818-063829
loosing coalitions taken
[2, 3, 6, 14]
[1, 5, 6, 12, 23]
[3, 4, 5, 18, 26]
[2, 4, 5, 20]
[1, 2, 7, 9, 26]
[1, 4, 8, 12, 13]
[1, 3, 8, 9, 18]
[1, 4, 7, 10, 19]
[3, 4, 6, 15, 17]
[1, 3, 7, 12, 22]
[1, 2, 10, 11, 14]
[2, 3, 5, 22]
[2, 4, 6, 11, 21]
[1, 2, 8, 15, 16]
[16, 17, 18, 19, 20, 21, 22, 23, 24, 25, 26, 27, 28]


6
process id 7
stats
5, 15, 7, 100, 1000
20220818-063829
loosing coalitions taken
[1, 4, 8, 10, 15]
[1, 2, 7, 9]
[2, 4, 5, 21, 27]
[2, 4, 6, 16, 17]
[1, 5, 6, 13, 22]
[3, 4, 5, 16]
[2, 3, 6, 12]
[3, 4, 6, 11, 19]
[1, 3, 7, 12, 22]
[2, 3, 5, 24, 25]
[1, 4, 7, 11, 17]
[1, 2, 8, 11, 20]
[1, 2, 10, 12, 14]
[1, 3, 8, 9, 17]
[16, 17, 18, 19, 20, 21, 22, 23, 24, 25, 26, 27, 28]


5
process id 1
stats
5, 15, 7, 100, 1000
20220818-063831
loosing coalitions taken
[1, 2, 7, 13, 25]
[2, 3, 6, 17, 21]
[1, 2, 9, 12, 14]
[1, 5, 6, 15, 21]
[1, 4, 7, 10, 17]
[2, 4, 6, 11, 24]
[1, 4, 8, 9, 15]
[1, 3, 7, 9, 22]
[2, 3, 5, 22]
[2, 4, 5, 19]
[3, 4, 6, 10, 20]
[1, 2, 8, 11, 20]
[3, 4, 5, 16]
[1, 3, 8, 12, 17]
[16, 17, 18, 19, 20, 21, 22, 23, 24, 25, 26, 27, 28]


6
process id 3
stats
5, 15, 7, 100, 1000
20220818-063832
loosing coalitions taken
[1, 4, 8, 9, 15]
[1, 4, 7, 10, 18]
[1, 2, 9, 12, 14]
[1, 2, 7, 13, 25]
[1, 5, 6, 11, 25]
[3, 4, 6, 12, 20]
[1, 2, 8, 11, 20]
[2, 4, 5, 19]
[2, 3, 6, 10]
[2, 4, 6, 11, 23]
[2, 3, 5, 24]
[3, 4, 5, 15]
[1, 3, 8, 13, 16]
[1, 3, 7, 15, 21]
[16, 17, 18, 19, 20, 21, 22, 23, 24, 25, 26, 27, 28]


5
process id 0
stats
5, 15, 7, 100, 1000
20220818-063832
loosing coalitions taken
[3, 4, 6, 13, 20]
[2, 4, 6, 16, 18]
[1, 2, 9, 10, 14]
[1, 3, 7, 15, 18]
[1, 4, 8, 10, 15]
[1, 3, 8, 14, 16]
[1, 2, 8, 13, 19]
[1, 4, 7, 9, 19]
[1, 5, 6, 13, 22]
[2, 4, 5, 21, 27]
[1, 2, 7, 16, 20]
[2, 3, 6, 15, 26]
[3, 4, 5, 18, 24]
[2, 3, 5, 22]
[16, 17, 18, 19, 20, 21, 22, 23, 24, 25, 26, 27, 28]


6
process id 7
stats
5, 15, 7, 100, 1000
20220818-063833
loosing coalitions taken
[2, 3, 6, 15, 26]
[1, 3, 8, 12, 18]
[1, 5, 6, 15, 21]
[1, 2, 8, 9, 22]
[1, 4, 8, 13, 14]
[2, 4, 6, 16, 17]
[3, 4, 6, 13, 20]
[2, 4, 5, 20, 28]
[2, 3, 5, 25]
[1, 3, 9, 10, 11]
[1, 3, 7, 14, 22]
[1, 2, 10, 12, 13]
[1, 2, 7, 15, 20]
[1, 4, 7, 9, 16]
[16, 17, 18, 19, 20, 21, 22, 23, 24, 25, 26, 27, 28]


6
process id 2
stats
5, 15, 7, 100, 1000
20220818-063834
loosing coalitions taken
[3, 4, 5, 17, 28]
[2, 3, 5, 23]
[1, 4, 7, 10, 18]
[1, 4, 8, 12, 14]
[1, 2, 7, 15, 22]
[2, 4, 6, 16, 18]
[1, 3, 8, 10, 19]
[1, 5, 6, 11, 25]
[3, 4, 6, 12, 19]
[2, 3, 6, 9]
[1, 2, 8, 11, 18]
[1, 2, 10, 12, 13]
[2, 4, 5, 20]
[1, 3, 7, 12, 21]
[16, 17, 18, 19, 20, 21, 22, 23, 24, 25, 26, 27, 28]


6
process id 4
stats
5, 15, 7, 100, 1000
20220818-063834
loosing coalitions taken
[1, 2, 9, 11, 13]
[2, 4, 6, 14, 22]
[1, 3, 7, 14, 22]
[1, 5, 6, 16, 19]
[1, 4, 7, 9, 17]
[2, 4, 5, 18]
[1, 2, 7, 12, 25]
[1, 2, 8, 14, 20]
[2, 3, 6, 12]
[2, 3, 5, 25]
[3, 4, 5, 16, 28]
[1, 4, 8, 10, 11]
[1, 3, 8, 12, 19]
[2, 3, 7, 8, 10]
[16, 17, 18, 19, 20, 21, 22, 23, 24, 25, 26, 27, 28]


6
process id 5
stats
5, 15, 7, 100, 1000
20220818-063835
loosing coalitions taken
[3, 4, 5, 19, 26]
[1, 2, 7, 12, 26]
[1, 4, 8, 12, 14]
[1, 4, 7, 9, 18]
[2, 4, 5, 22, 24]
[1, 2, 8, 9, 22]
[2, 3, 6, 13]
[1, 2, 10, 11, 14]
[1, 5, 6, 12, 22]
[3, 4, 6, 9, 20]
[1, 3, 8, 10, 19]
[2, 3, 5, 23]
[1, 3, 7, 11, 21]
[2, 4, 6, 14, 21]
[16, 17, 18, 19, 20, 21, 22, 23, 24, 25, 26, 27, 28]


6
process id 6
stats
5, 15, 7, 100, 1000
20220818-063835
loosing coalitions taken
[1, 2, 8, 15, 17]
[2, 3, 7, 8, 9]
[3, 4, 6, 12, 21]
[2, 4, 6, 10, 23]
[1, 4, 8, 13, 14]
[1, 2, 9, 12, 14]
[1, 3, 8, 11, 19]
[1, 5, 6, 16, 20]
[2, 3, 6, 14]
[1, 2, 7, 10, 27]
[1, 3, 7, 15, 20]
[2, 4, 5, 18, 28]
[3, 4, 5, 16]
[2, 3, 5, 25]
[16, 17, 18, 19, 20, 21, 22, 23, 24, 25, 26, 27, 28]


6
process id 7
stats
5, 15, 7, 100, 1000
20220818-063835
loosing coalitions taken
[3, 4, 6, 9, 22]
[1, 4, 7, 9, 19]
[1, 2, 10, 11, 14]
[1, 4, 8, 12, 14]
[1, 3, 7, 15, 20]
[1, 3, 8, 11, 18]
[2, 3, 5, 23]
[2, 3, 6, 14]
[2, 4, 5, 20]
[2, 4, 6, 15, 21]
[2, 3, 7, 8, 9]
[3, 4, 5, 16]
[1, 5, 6, 13, 24]
[1, 2, 7, 12, 26]
[16, 17, 18, 19, 20, 21, 22, 23, 24, 25, 26, 27, 28]


5
process id 6
stats
5, 15, 7, 100, 1000
20220818-063837
loosing coalitions taken
[1, 2, 9, 12, 14]
[1, 4, 8, 10, 15]
[1, 3, 7, 15, 18]
[2, 4, 6, 13, 21]
[1, 2, 7, 16, 21]
[1, 3, 8, 12, 17]
[1, 5, 6, 9, 24]
[2, 4, 5, 19]
[3, 5, 6, 7, 13]
[2, 3, 7, 8, 10]
[2, 3, 6, 11, 28]
[3, 4, 6, 12, 20]
[1, 2, 8, 11, 20]
[1, 3, 9, 10, 11]
[16, 17, 18, 19, 20, 21, 22, 23, 24, 25, 26, 27, 28]


6
process id 1
stats
5, 15, 7, 100, 1000
20220818-063837
loosing coalitions taken
[1, 5, 6, 16, 19]
[1, 4, 7, 10, 18]
[1, 2, 8, 13, 20]
[1, 2, 7, 14, 24]
[2, 4, 6, 15, 21]
[1, 3, 8, 10, 19]
[2, 3, 6, 14]
[2, 3, 5, 24]
[3, 4, 6, 11, 19]
[1, 4, 8, 9, 15]
[2, 4, 5, 18]
[3, 4, 5, 15]
[1, 2, 10, 11, 12]
[1, 3, 7, 15, 17]
[16, 17, 18, 19, 20, 21, 22, 23, 24, 25, 26, 27, 28]


6
process id 7
stats
5, 15, 7, 100, 1000
20220818-063837
loosing coalitions taken
[1, 2, 7, 13, 25]
[2, 4, 6, 16, 17]
[1, 4, 8, 10, 15]
[1, 4, 7, 14, 16]
[1, 2, 8, 14, 19]
[1, 5, 6, 16, 19]
[1, 3, 7, 10, 24]
[1, 3, 8, 12, 17]
[2, 3, 6, 11]
[3, 4, 5, 17, 24]
[2, 3, 5, 23]
[2, 4, 5, 19]
[3, 4, 6, 10, 20]
[1, 2, 9, 11, 12]
[16, 17, 18, 19, 20, 21, 22, 23, 24, 25, 26, 27, 28]


6
process id 0
stats
5, 15, 7, 100, 1000
20220818-063837
loosing coalitions taken
[1, 2, 7, 16, 21]
[1, 3, 8, 12, 18]
[1, 4, 7, 9, 17]
[1, 5, 6, 12, 24]
[2, 4, 5, 19]
[2, 3, 7, 8, 10]
[1, 4, 8, 10, 15]
[1, 2, 8, 14, 17]
[3, 4, 6, 10, 21]
[1, 3, 7, 14, 22]
[2, 4, 6, 9, 25]
[2, 3, 5, 24]
[2, 3, 6, 17, 19]
[3, 4, 5, 16]
[16, 17, 18, 19, 20, 21, 22, 23, 24, 25, 26, 27, 28]


5
process id 6
stats
5, 15, 7, 100, 1000
20220818-063839
loosing coalitions taken
[1, 3, 8, 11, 18]
[1, 2, 8, 12, 21]
[1, 3, 7, 9, 23]
[1, 5, 6, 13, 23]
[1, 2, 7, 11, 26]
[1, 4, 7, 10, 17]
[2, 3, 6, 13]
[1, 2, 9, 10, 14]
[3, 4, 5, 19, 24]
[2, 4, 5, 17]
[2, 3, 5, 23]
[3, 4, 6, 11, 17]
[2, 4, 6, 10, 22]
[1, 4, 8, 9, 15]
[16, 17, 18, 19, 20, 21, 22, 23, 24, 25, 26, 27, 28]


5
process id 1
stats
5, 15, 7, 100, 1000
20220818-063839
loosing coalitions taken
[1, 4, 8, 13, 14]
[1, 3, 7, 15, 21]
[2, 4, 6, 9, 25]
[1, 2, 8, 11, 21]
[1, 2, 7, 12, 26]
[1, 3, 8, 9, 20]
[2, 4, 5, 20]
[1, 5, 6, 11, 24]
[2, 3, 6, 11, 26]
[3, 4, 6, 14, 20]
[2, 3, 5, 25]
[3, 4, 5, 15]
[2, 3, 7, 8, 10]
[1, 2, 9, 10, 13]
[16, 17, 18, 19, 20, 21, 22, 23, 24, 25, 26, 27, 28]


6
process id 5
stats
5, 15, 7, 100, 1000
20220818-063841
loosing coalitions taken
[2, 4, 5, 18]
[3, 4, 6, 10, 21]
[1, 4, 7, 8]
[1, 5, 6, 13, 24]
[1, 2, 7, 10, 27]
[2, 3, 6, 11]
[3, 4, 5, 19, 23]
[1, 3, 8, 12, 17]
[1, 2, 9, 12, 14]
[2, 3, 5, 25, 26]
[1, 2, 8, 13, 18]
[1, 3, 7, 15, 18]
[1, 3, 9, 10, 11]
[2, 4, 6, 9, 23]
[16, 17, 18, 19, 20, 21, 22, 23, 24, 25, 26, 27, 28]


6
process id 3
stats
5, 15, 7, 100, 1000
20220818-063843
loosing coalitions taken
[2, 3, 5, 25]
[3, 4, 6, 12, 20]
[1, 2, 7, 15, 22]
[1, 4, 7, 13, 16]
[1, 4, 8, 9, 15]
[1, 3, 7, 9, 23]
[1, 3, 8, 11, 19]
[2, 4, 6, 15, 21]
[1, 2, 8, 14, 20]
[2, 3, 6, 11]
[2, 4, 5, 19]
[3, 4, 5, 17, 26]
[1, 5, 6, 11, 22]
[1, 2, 9, 10, 11]
[16, 17, 18, 19, 20, 21, 22, 23, 24, 25, 26, 27, 28]


6
process id 2
stats
5, 15, 7, 100, 1000
20220818-063843
loosing coalitions taken
[2, 4, 5, 20, 25]
[1, 5, 6, 11, 25]
[2, 3, 6, 14]
[1, 4, 8, 10, 14]
[1, 3, 8, 12, 19]
[3, 4, 5, 15]
[1, 2, 7, 9]
[1, 3, 7, 14, 22]
[1, 2, 8, 13, 18]
[2, 3, 5, 22, 28]
[2, 4, 6, 9, 24]
[2, 3, 7, 8, 10]
[3, 4, 6, 13, 19]
[1, 4, 7, 13, 16]
[16, 17, 18, 19, 20, 21, 22, 23, 24, 25, 26, 27, 28]


6
process id 0
stats
5, 15, 7, 100, 1000
20220818-063844
loosing coalitions taken
[1, 5, 6, 11, 25]
[1, 2, 7, 15, 22]
[2, 3, 6, 14]
[1, 2, 9, 12, 13]
[1, 2, 8, 10, 21]
[1, 4, 8, 11, 14]
[1, 3, 9, 10, 11]
[2, 3, 5, 25, 27]
[3, 4, 6, 11, 21]
[2, 4, 5, 20]
[3, 4, 5, 16]
[1, 3, 7, 14, 21]
[2, 4, 6, 15, 17]
[1, 4, 7, 13, 16]
[16, 17, 18, 19, 20, 21, 22, 23, 24, 25, 26, 27, 28]


6
process id 0
stats
5, 15, 7, 100, 1000
20220818-063846
loosing coalitions taken
[2, 3, 6, 14]
[1, 2, 10, 11, 13]
[1, 5, 6, 16, 20]
[1, 3, 9, 10, 12]
[1, 2, 7, 9]
[1, 4, 7, 11, 17]
[2, 4, 6, 12, 22]
[2, 4, 5, 18]
[3, 4, 5, 16]
[2, 3, 5, 25]
[1, 2, 8, 14, 19]
[1, 3, 8, 11, 18]
[3, 4, 6, 13, 21]
[1, 3, 7, 14, 21]
[16, 17, 18, 19, 20, 21, 22, 23, 24, 25, 26, 27, 28]


6
process id 1
stats
5, 15, 7, 100, 1000
20220818-063846
loosing coalitions taken
[1, 2, 7, 9]
[1, 4, 8, 10, 15]
[1, 3, 8, 12, 18]
[1, 5, 6, 11, 24]
[2, 3, 6, 13]
[2, 4, 5, 17]
[2, 4, 6, 10, 22]
[1, 3, 7, 13, 21]
[2, 3, 5, 24]
[3, 4, 5, 15]
[3, 4, 6, 12, 17]
[1, 2, 8, 13, 20]
[1, 2, 10, 11, 14]
[1, 4, 7, 12, 16]
[16, 17, 18, 19, 20, 21, 22, 23, 24, 25, 26, 27, 28]


7
process id 6
stats
5, 15, 7, 100, 1000
20220818-063848
loosing coalitions taken
[1, 5, 6, 16, 18]
[1, 3, 9, 10, 11]
[3, 4, 5, 21, 24]
[1, 2, 7, 9]
[2, 3, 6, 13]
[2, 4, 6, 11, 23]
[2, 3, 5, 23]
[1, 3, 7, 14, 22]
[3, 4, 6, 12, 19]
[2, 4, 5, 20, 27]
[1, 2, 8, 15, 17]
[1, 4, 7, 12, 16]
[2, 3, 7, 8, 10]
[1, 4, 8, 11, 14]
[16, 17, 18, 19, 20, 21, 22, 23, 24, 25, 26, 27, 28]


6
process id 3
stats
5, 15, 7, 100, 1000
20220818-063849
loosing coalitions taken
[1, 3, 7, 11, 22]
[1, 2, 7, 17, 19]
[1, 3, 8, 12, 17]
[2, 3, 6, 13]
[1, 4, 7, 14, 16]
[3, 4, 5, 18, 25]
[1, 4, 8, 9, 15]
[2, 4, 5, 19]
[2, 4, 6, 10, 23]
[2, 3, 5, 23, 27]
[1, 2, 10, 12, 14]
[1, 5, 6, 13, 24]
[1, 2, 9, 11, 13]
[3, 4, 6, 11, 20]
[16, 17, 18, 19, 20, 21, 22, 23, 24, 25, 26, 27, 28]


5
process id 4
stats
5, 15, 7, 100, 1000
20220818-063849
loosing coalitions taken
[1, 3, 7, 9, 23]
[1, 4, 7, 10, 17]
[1, 4, 8, 9, 15]
[1, 2, 9, 10, 14]
[2, 4, 5, 20]
[1, 2, 7, 11, 25]
[1, 2, 8, 12, 21]
[1, 5, 6, 14, 22]
[2, 4, 6, 12, 23]
[2, 3, 5, 22]
[3, 4, 5, 15]
[2, 3, 6, 14]
[2, 3, 7, 8, 10]
[3, 4, 6, 11, 19]
[16, 17, 18, 19, 20, 21, 22, 23, 24, 25, 26, 27, 28]


5
process id 0
stats
5, 15, 7, 100, 1000
20220818-063849
loosing coalitions taken
[1, 5, 6, 10, 26]
[1, 3, 8, 12, 17]
[2, 3, 5, 23]
[2, 4, 6, 9, 22]
[1, 2, 9, 12, 13]
[1, 4, 7, 9, 19]
[1, 2, 7, 11, 26]
[2, 3, 6, 10]
[2, 4, 5, 18]
[3, 4, 5, 16]
[3, 4, 6, 13, 17]
[1, 3, 7, 15, 18]
[1, 2, 8, 14, 19]
[1, 4, 8, 10, 11]
[16, 17, 18, 19, 20, 21, 22, 23, 24, 25, 26, 27, 28]


6
process id 6
stats
5, 15, 7, 100, 1000
20220818-063852
loosing coalitions taken
[3, 4, 6, 11, 21]
[1, 4, 8, 12, 14]
[1, 3, 8, 10, 18]
[2, 4, 5, 18]
[1, 2, 8, 15, 17]
[1, 2, 9, 11, 12]
[1, 5, 6, 9, 24]
[1, 3, 7, 9, 22]
[2, 3, 6, 14]
[3, 4, 5, 16]
[2, 3, 5, 24, 27]
[1, 2, 7, 10, 28]
[2, 5, 6, 7, 15]
[2, 4, 6, 12, 23]
[16, 17, 18, 19, 20, 21, 22, 23, 24, 25, 26, 27, 28]


5
process id 7
stats
5, 15, 7, 100, 1000
20220818-063852
loosing coalitions taken
[1, 5, 6, 12, 24]
[1, 3, 8, 10, 17]
[1, 2, 7, 16, 20]
[1, 2, 9, 12, 14]
[2, 3, 5, 24]
[1, 4, 8, 11, 14]
[2, 4, 6, 9, 23]
[3, 4, 6, 12, 21]
[2, 4, 5, 18]
[2, 3, 6, 13]
[3, 4, 5, 15]
[1, 3, 7, 11, 22]
[1, 2, 10, 11, 13]
[2, 3, 7, 8, 9]
[16, 17, 18, 19, 20, 21, 22, 23, 24, 25, 26, 27, 28]


6
process id 0
stats
5, 15, 7, 100, 1000
20220818-063853
loosing coalitions taken
[1, 4, 7, 8]
[1, 2, 9, 11, 14]
[1, 3, 9, 10, 12]
[1, 5, 6, 12, 24]
[2, 3, 6, 13]
[2, 4, 5, 19]
[1, 2, 8, 13, 19]
[2, 4, 6, 11, 24]
[2, 3, 5, 22]
[3, 4, 6, 12, 17]
[1, 2, 7, 10, 25]
[1, 3, 7, 15, 21]
[3, 4, 5, 16, 27]
[1, 3, 8, 11, 17]
[16, 17, 18, 19, 20, 21, 22, 23, 24, 25, 26, 27, 28]


6
process id 1
stats
5, 15, 7, 100, 1000
20220818-063853
loosing coalitions taken
[1, 2, 7, 9]
[1, 3, 8, 15, 16]
[3, 4, 6, 11, 21]
[1, 4, 8, 11, 13]
[2, 3, 6, 12]
[2, 4, 6, 9, 23]
[2, 3, 5, 25]
[2, 4, 5, 21, 28]
[1, 5, 6, 12, 23]
[1, 4, 7, 10, 19]
[3, 4, 5, 19, 26]
[1, 2, 8, 12, 21]
[1, 2, 10, 11, 14]
[1, 3, 7, 14, 22]
[16, 17, 18, 19, 20, 21, 22, 23, 24, 25, 26, 27, 28]


6
process id 2
stats
5, 15, 7, 100, 1000
20220818-063854
loosing coalitions taken
[1, 2, 8, 13, 20]
[1, 3, 8, 11, 19]
[2, 3, 6, 13]
[1, 4, 8, 9, 15]
[1, 5, 6, 10, 25]
[2, 4, 5, 19]
[3, 4, 5, 16]
[1, 3, 7, 12, 21]
[2, 3, 5, 25, 26]
[1, 2, 7, 9]
[2, 4, 6, 9, 23]
[3, 4, 6, 10, 21]
[3, 5, 6, 7, 15]
[1, 2, 10, 11, 14]
[16, 17, 18, 19, 20, 21, 22, 23, 24, 25, 26, 27, 28]


6
process id 3
stats
5, 15, 7, 100, 1000
20220818-063855
loosing coalitions taken
[3, 4, 5, 17, 27]
[2, 4, 5, 20]
[1, 4, 7, 9, 19]
[2, 3, 6, 14]
[1, 4, 8, 12, 14]
[1, 3, 8, 9, 20]
[1, 3, 7, 15, 17]
[1, 2, 8, 13, 19]
[1, 5, 6, 15, 20]
[1, 2, 7, 12, 22]
[3, 4, 6, 12, 18]
[2, 3, 5, 22]
[2, 4, 6, 11, 23]
[1, 2, 10, 11, 14]
[16, 17, 18, 19, 20, 21, 22, 23, 24, 25, 26, 27, 28]


6
process id 7
stats
5, 15, 7, 100, 1000
20220818-063856
loosing coalitions taken
[1, 5, 6, 9, 25]
[1, 2, 7, 9]
[2, 3, 5, 24]
[1, 4, 8, 12, 13]
[3, 4, 6, 10, 21]
[2, 4, 6, 16, 17]
[3, 4, 5, 16, 28]
[1, 3, 7, 13, 21]
[2, 3, 6, 9]
[1, 3, 9, 10, 11]
[2, 4, 5, 18]
[1, 2, 8, 11, 20]
[1, 3, 8, 15, 16]
[1, 4, 7, 10, 18]
[16, 17, 18, 19, 20, 21, 22, 23, 24, 25, 26, 27, 28]


6
process id 5
stats
5, 15, 7, 100, 1000
20220818-063857
loosing coalitions taken
[1, 5, 6, 13, 23]
[1, 2, 7, 11, 27]
[1, 3, 8, 10, 18]
[1, 2, 8, 12, 20]
[1, 4, 7, 10, 19]
[3, 4, 5, 17, 26]
[2, 4, 6, 11, 22]
[2, 3, 5, 23]
[3, 4, 6, 13, 19]
[1, 3, 7, 15, 20]
[2, 3, 6, 18, 20]
[2, 4, 5, 20]
[1, 2, 9, 10, 13]
[2, 3, 7, 8, 9]
[16, 17, 18, 19, 20, 21, 22, 23, 24, 25, 26, 27, 28]


5
process id 7
stats
5, 15, 7, 100, 1000
20220818-063858
loosing coalitions taken
[1, 3, 8, 11, 17]
[1, 4, 8, 10, 15]
[1, 3, 7, 10, 24]
[1, 2, 10, 11, 13]
[1, 2, 7, 12, 26]
[3, 4, 5, 16]
[1, 2, 8, 14, 19]
[2, 4, 6, 9, 23]
[1, 5, 6, 11, 25]
[2, 3, 6, 11]
[2, 4, 5, 20]
[2, 3, 5, 25]
[1, 4, 7, 9, 19]
[3, 4, 6, 13, 20]
[16, 17, 18, 19, 20, 21, 22, 23, 24, 25, 26, 27, 28]


6
process id 0
stats
5, 15, 7, 100, 1000
20220818-063900
loosing coalitions taken
[1, 2, 7, 9]
[2, 3, 6, 14]
[1, 3, 8, 15, 16]
[2, 4, 5, 20]
[1, 5, 6, 10, 25]
[2, 3, 5, 25, 28]
[1, 4, 7, 11, 16]
[2, 4, 6, 11, 24]
[3, 4, 6, 13, 19]
[3, 4, 5, 21, 22]
[1, 2, 8, 12, 21]
[2, 5, 6, 8, 9]
[1, 3, 7, 10, 22]
[1, 2, 10, 11, 14]
[16, 17, 18, 19, 20, 21, 22, 23, 24, 25, 26, 27, 28]


6
process id 5
stats
5, 15, 7, 100, 1000
20220818-063901
loosing coalitions taken
[2, 4, 5, 20]
[1, 2, 10, 12, 14]
[1, 3, 8, 12, 19]
[2, 3, 6, 14]
[1, 5, 6, 11, 24]
[1, 2, 7, 9, 26]
[1, 2, 8, 13, 18]
[3, 4, 6, 15, 17]
[1, 3, 7, 13, 20]
[3, 4, 5, 16, 26]
[2, 3, 5, 23]
[1, 4, 7, 8]
[2, 4, 6, 9, 25]
[1, 3, 9, 10, 11]
[16, 17, 18, 19, 20, 21, 22, 23, 24, 25, 26, 27, 28]


6
process id 1
stats
5, 15, 7, 100, 1000
20220818-063901
loosing coalitions taken
[1, 5, 6, 14, 22]
[1, 4, 7, 9, 18]
[1, 2, 8, 14, 18]
[2, 4, 6, 12, 22]
[1, 3, 8, 11, 19]
[3, 4, 5, 16]
[1, 2, 7, 12, 25]
[2, 3, 7, 8, 9]
[2, 3, 6, 13]
[2, 3, 5, 23]
[2, 4, 5, 17]
[1, 4, 8, 10, 12]
[1, 3, 7, 15, 20]
[3, 4, 6, 10, 21]
[16, 17, 18, 19, 20, 21, 22, 23, 24, 25, 26, 27, 28]


6
process id 2
stats
5, 15, 7, 100, 1000
20220818-063902
loosing coalitions taken
[1, 2, 8, 11, 20]
[1, 2, 9, 12, 13]
[1, 4, 8, 9, 15]
[2, 3, 6, 14]
[1, 3, 8, 12, 18]
[1, 2, 7, 10, 26]
[2, 4, 5, 19]
[1, 4, 7, 12, 16]
[1, 5, 6, 14, 20]
[2, 4, 6, 9, 25]
[2, 3, 5, 22]
[3, 4, 5, 18, 27]
[3, 4, 6, 13, 20]
[1, 3, 7, 13, 22]
[16, 17, 18, 19, 20, 21, 22, 23, 24, 25, 26, 27, 28]


6
process id 0
stats
5, 15, 7, 100, 1000
20220818-063902
loosing coalitions taken
[2, 4, 5, 20]
[1, 4, 7, 9, 18]
[1, 5, 6, 16, 17]
[2, 3, 6, 14]
[1, 2, 9, 11, 12]
[1, 2, 7, 16, 21]
[1, 3, 8, 12, 18]
[1, 4, 8, 11, 13]
[3, 4, 5, 16]
[2, 4, 6, 10, 24]
[2, 3, 5, 25]
[3, 4, 6, 13, 21]
[1, 3, 7, 15, 17]
[2, 3, 7, 8, 10]
[16, 17, 18, 19, 20, 21, 22, 23, 24, 25, 26, 27, 28]


6
process id 7
stats
5, 15, 7, 100, 1000
20220818-063903
loosing coalitions taken
[1, 2, 8, 14, 20]
[2, 3, 6, 14]
[1, 3, 8, 12, 19]
[1, 3, 7, 15, 20]
[2, 4, 5, 20]
[1, 4, 7, 10, 17]
[3, 4, 5, 16, 26]
[1, 5, 6, 9, 26]
[2, 3, 5, 25]
[2, 4, 6, 15, 21]
[1, 2, 7, 12, 25]
[3, 4, 6, 11, 19]
[1, 2, 9, 10, 11]
[1, 4, 8, 9, 13]
[16, 17, 18, 19, 20, 21, 22, 23, 24, 25, 26, 27, 28]


6
process id 6
stats
5, 15, 7, 100, 1000
20220818-063905
loosing coalitions taken
[1, 5, 6, 16, 20]
[1, 4, 8, 10, 15]
[3, 4, 6, 15, 17]
[1, 3, 7, 16, 19]
[2, 3, 5, 25]
[1, 3, 9, 10, 11]
[1, 2, 8, 14, 20]
[2, 4, 5, 19]
[3, 4, 5, 18, 27]
[2, 3, 6, 12]
[1, 2, 9, 12, 13]
[2, 3, 7, 8, 10]
[1, 2, 7, 15, 22]
[1, 3, 8, 12, 18]
[16, 17, 18, 19, 20, 21, 22, 23, 24, 25, 26, 27, 28]


6
process id 4
stats
5, 15, 7, 100, 1000
20220818-063905
loosing coalitions taken
[1, 2, 7, 11, 27]
[1, 5, 6, 9, 25]
[1, 3, 8, 11, 18]
[2, 4, 5, 20]
[1, 2, 10, 12, 13]
[1, 3, 7, 10, 22]
[1, 4, 7, 9, 18]
[2, 3, 6, 13]
[2, 3, 5, 25]
[1, 2, 8, 15, 16]
[2, 4, 6, 16, 19]
[3, 4, 6, 14, 20]
[2, 3, 7, 8, 9]
[3, 4, 5, 16]
[16, 17, 18, 19, 20, 21, 22, 23, 24, 25, 26, 27, 28]


6
process id 1
stats
5, 15, 7, 100, 1000
20220818-063906
loosing coalitions taken
[1, 2, 7, 12, 26]
[1, 2, 10, 11, 14]
[2, 3, 5, 25]
[3, 4, 6, 14, 20]
[1, 5, 6, 14, 22]
[1, 3, 7, 9, 24]
[1, 4, 8, 12, 13]
[1, 2, 8, 9, 22]
[2, 3, 6, 12]
[2, 4, 5, 21, 27]
[3, 4, 5, 15]
[2, 4, 6, 10, 24]
[1, 4, 7, 10, 16]
[1, 3, 8, 10, 19]
[16, 17, 18, 19, 20, 21, 22, 23, 24, 25, 26, 27, 28]


6
process id 3
stats
5, 15, 7, 100, 1000
20220818-063908
loosing coalitions taken
[1, 2, 7, 9]
[2, 3, 6, 14]
[2, 4, 5, 17]
[1, 4, 8, 10, 15]
[2, 3, 5, 23]
[1, 3, 7, 11, 23]
[3, 4, 6, 15, 16]
[1, 3, 8, 12, 16]
[3, 4, 5, 21, 24]
[1, 2, 10, 11, 12]
[1, 5, 6, 10, 23]
[1, 4, 7, 13, 16]
[1, 2, 8, 13, 20]
[2, 4, 6, 12, 22]
[16, 17, 18, 19, 20, 21, 22, 23, 24, 25, 26, 27, 28]


5
process id 5
stats
5, 15, 7, 100, 1000
20220818-063908
loosing coalitions taken
[1, 3, 9, 10, 11]
[1, 3, 7, 15, 20]
[1, 4, 8, 12, 14]
[2, 5, 6, 8, 11]
[1, 4, 7, 11, 17]
[1, 2, 7, 9]
[2, 3, 6, 14]
[2, 4, 6, 13, 21]
[2, 4, 5, 20, 27]
[3, 4, 5, 18, 23]
[1, 5, 6, 15, 21]
[3, 4, 6, 9, 20]
[1, 2, 8, 10, 21]
[2, 3, 5, 24]
[16, 17, 18, 19, 20, 21, 22, 23, 24, 25, 26, 27, 28]


5
process id 6
stats
5, 15, 7, 100, 1000
20220818-063910
loosing coalitions taken
[1, 4, 7, 11, 17]
[1, 3, 8, 9, 20]
[2, 3, 6, 14]
[2, 4, 5, 20]
[1, 2, 7, 9]
[1, 5, 6, 11, 23]
[2, 3, 5, 25]
[1, 3, 7, 10, 24]
[1, 2, 8, 13, 18]
[3, 4, 5, 16]
[3, 4, 6, 12, 20]
[1, 4, 8, 12, 14]
[2, 4, 6, 10, 23]
[1, 2, 10, 11, 14]
[16, 17, 18, 19, 20, 21, 22, 23, 24, 25, 26, 27, 28]


6
process id 0
stats
5, 15, 7, 100, 1000
20220818-063911
loosing coalitions taken
[3, 4, 6, 9, 22]
[1, 2, 10, 12, 13]
[1, 4, 7, 9, 18]
[2, 4, 6, 11, 24]
[1, 2, 7, 15, 22]
[2, 3, 6, 14]
[1, 5, 6, 10, 26]
[2, 4, 5, 22, 23]
[1, 3, 7, 16, 17]
[3, 4, 5, 16]
[2, 3, 5, 25]
[1, 2, 8, 11, 17]
[1, 4, 8, 12, 14]
[1, 3, 8, 9, 20]
[16, 17, 18, 19, 20, 21, 22, 23, 24, 25, 26, 27, 28]


6
process id 1
stats
5, 15, 7, 100, 1000
20220818-063911
loosing coalitions taken
[2, 4, 5, 20, 27]
[1, 3, 9, 10, 11]
[2, 3, 6, 14]
[1, 5, 6, 9, 24]
[1, 2, 9, 12, 13]
[3, 4, 5, 21, 23]
[1, 4, 7, 14, 15]
[2, 3, 5, 25]
[2, 5, 6, 8, 11]
[1, 3, 8, 13, 16]
[3, 4, 6, 11, 19]
[2, 4, 6, 15, 21]
[1, 2, 7, 10, 24]
[1, 4, 8, 10, 12]
[16, 17, 18, 19, 20, 21, 22, 23, 24, 25, 26, 27, 28]


6
process id 4
stats
5, 15, 7, 100, 1000
20220818-063914
loosing coalitions taken
[1, 5, 6, 12, 23]
[3, 4, 5, 16]
[1, 2, 9, 11, 13]
[1, 3, 7, 11, 23]
[1, 2, 10, 12, 14]
[1, 4, 7, 10, 18]
[2, 3, 6, 14]
[1, 3, 8, 10, 17]
[2, 3, 5, 24]
[2, 4, 5, 19, 25]
[1, 4, 8, 13, 14]
[2, 4, 6, 15, 21]
[1, 2, 7, 16, 19]
[3, 4, 6, 13, 18]
[16, 17, 18, 19, 20, 21, 22, 23, 24, 25, 26, 27, 28]


6
process id 5
stats
5, 15, 7, 100, 1000
20220818-063914
loosing coalitions taken
[1, 2, 9, 11, 13]
[2, 3, 5, 25]
[3, 4, 6, 14, 20]
[1, 3, 7, 15, 21]
[1, 5, 6, 13, 24]
[1, 4, 8, 10, 13]
[1, 3, 8, 12, 17]
[2, 4, 6, 15, 19]
[1, 4, 7, 9, 18]
[2, 4, 5, 17, 28]
[2, 3, 6, 10]
[1, 2, 7, 12, 25]
[3, 4, 5, 15]
[2, 5, 6, 8, 9]
[16, 17, 18, 19, 20, 21, 22, 23, 24, 25, 26, 27, 28]


6
process id 6
stats
5, 15, 7, 100, 1000
20220818-063915
loosing coalitions taken
[1, 3, 7, 11, 22]
[1, 5, 6, 13, 23]
[1, 2, 9, 10, 11]
[2, 4, 6, 15, 18]
[3, 4, 6, 13, 19]
[1, 4, 8, 13, 14]
[1, 2, 8, 15, 16]
[1, 4, 7, 9, 19]
[1, 2, 7, 12, 25]
[1, 3, 8, 10, 18]
[2, 3, 5, 26, 28]
[2, 3, 6, 14]
[3, 4, 5, 18, 22]
[2, 4, 5, 20]
[16, 17, 18, 19, 20, 21, 22, 23, 24, 25, 26, 27, 28]


6
process id 7
stats
5, 15, 7, 100, 1000
20220818-063916
loosing coalitions taken
[1, 3, 7, 11, 23]
[1, 4, 7, 10, 18]
[1, 3, 8, 10, 19]
[1, 5, 6, 9, 25]
[1, 2, 8, 12, 20]
[3, 4, 5, 19, 25]
[1, 2, 7, 16, 21]
[2, 4, 5, 20, 28]
[3, 4, 6, 13, 20]
[2, 3, 6, 11, 27]
[2, 3, 5, 23]
[2, 4, 6, 16, 19]
[1, 4, 8, 11, 14]
[1, 2, 9, 10, 13]
[16, 17, 18, 19, 20, 21, 22, 23, 24, 25, 26, 27, 28]


6
process id 5
stats
5, 15, 7, 100, 1000
20220818-063916
loosing coalitions taken
[2, 3, 5, 25]
[2, 4, 6, 13, 22]
[1, 4, 8, 10, 15]
[1, 5, 6, 16, 19]
[1, 3, 8, 12, 17]
[2, 3, 6, 10]
[2, 4, 5, 17]
[3, 4, 5, 16]
[1, 2, 9, 12, 14]
[1, 3, 7, 13, 21]
[1, 2, 8, 11, 18]
[3, 4, 6, 11, 21]
[1, 2, 7, 10, 27]
[1, 4, 7, 14, 16]
[16, 17, 18, 19, 20, 21, 22, 23, 24, 25, 26, 27, 28]


5
process id 5
stats
5, 15, 7, 100, 1000
20220818-063919
loosing coalitions taken
[2, 3, 5, 25]
[1, 2, 8, 15, 17]
[1, 3, 9, 10, 11]
[1, 5, 6, 12, 24]
[2, 3, 6, 10]
[2, 4, 5, 19]
[3, 4, 6, 12, 20]
[1, 4, 8, 11, 13]
[1, 2, 7, 9]
[1, 4, 7, 12, 16]
[1, 3, 7, 15, 21]
[3, 4, 5, 15]
[2, 4, 6, 9, 24]
[1, 3, 8, 12, 18]
[16, 17, 18, 19, 20, 21, 22, 23, 24, 25, 26, 27, 28]


6
process id 1
stats
5, 15, 7, 100, 1000
20220818-063919
loosing coalitions taken
[1, 4, 7, 14, 16]
[1, 2, 9, 11, 14]
[1, 3, 7, 15, 21]
[1, 2, 8, 15, 17]
[1, 2, 10, 12, 13]
[1, 5, 6, 10, 24]
[2, 4, 5, 19]
[2, 3, 6, 13]
[3, 4, 6, 15, 16]
[2, 3, 5, 23]
[2, 3, 7, 8, 10]
[2, 4, 6, 12, 21]
[3, 4, 5, 17, 24]
[1, 4, 8, 9, 12]
[16, 17, 18, 19, 20, 21, 22, 23, 24, 25, 26, 27, 28]


6
process id 7
stats
5, 15, 7, 100, 1000
20220818-063920
loosing coalitions taken
[1, 2, 9, 12, 14]
[2, 4, 5, 20]
[1, 4, 8, 13, 14]
[1, 2, 7, 15, 22]
[1, 5, 6, 16, 18]
[1, 3, 8, 9, 20]
[1, 4, 7, 10, 18]
[3, 4, 5, 19, 24]
[2, 3, 6, 11]
[2, 3, 5, 23]
[2, 4, 6, 15, 18]
[3, 4, 6, 13, 21]
[1, 3, 7, 16, 17]
[1, 2, 8, 11, 17]
[16, 17, 18, 19, 20, 21, 22, 23, 24, 25, 26, 27, 28]


6
process id 3
stats
5, 15, 7, 100, 1000
20220818-063920
loosing coalitions taken
[1, 5, 6, 10, 26]
[1, 3, 9, 10, 12]
[1, 2, 8, 13, 20]
[2, 4, 5, 21, 28]
[3, 4, 5, 20, 24]
[2, 3, 5, 25]
[1, 2, 10, 11, 14]
[1, 3, 7, 15, 17]
[2, 4, 6, 15, 19]
[1, 2, 7, 16, 19]
[2, 3, 6, 11]
[3, 4, 6, 14, 18]
[1, 4, 7, 8]
[2, 5, 6, 8, 12]
[16, 17, 18, 19, 20, 21, 22, 23, 24, 25, 26, 27, 28]


6
process id 1
stats
5, 15, 7, 100, 1000
20220818-063922
loosing coalitions taken
[1, 4, 8, 10, 15]
[1, 5, 6, 16, 19]
[1, 2, 8, 12, 20]
[1, 3, 8, 11, 19]
[1, 2, 7, 9]
[2, 3, 6, 14]
[2, 3, 5, 24, 27]
[2, 4, 6, 15, 19]
[2, 4, 5, 17, 26]
[3, 4, 5, 16]
[1, 2, 10, 11, 13]
[1, 3, 7, 15, 20]
[3, 4, 6, 9, 22]
[1, 4, 7, 12, 16]
[16, 17, 18, 19, 20, 21, 22, 23, 24, 25, 26, 27, 28]


6
process id 0
stats
5, 15, 7, 100, 1000
20220818-063922
loosing coalitions taken
[1, 2, 7, 16, 21]
[2, 4, 5, 20]
[1, 4, 8, 13, 14]
[2, 3, 7, 8, 9]
[2, 3, 6, 14]
[1, 3, 9, 10, 11]
[1, 4, 7, 10, 19]
[2, 4, 6, 10, 24]
[2, 3, 5, 24]
[3, 4, 5, 15]
[1, 5, 6, 9, 26]
[1, 3, 7, 12, 20]
[3, 4, 6, 11, 19]
[1, 2, 8, 12, 17]
[16, 17, 18, 19, 20, 21, 22, 23, 24, 25, 26, 27, 28]


6
process id 4
stats
5, 15, 7, 100, 1000
20220818-063923
loosing coalitions taken
[1, 2, 10, 11, 14]
[1, 5, 6, 9, 25]
[2, 3, 7, 8, 10]
[2, 4, 6, 16, 17]
[1, 4, 8, 12, 13]
[1, 3, 7, 12, 22]
[1, 2, 7, 9]
[2, 3, 6, 13]
[2, 3, 5, 24, 28]
[2, 4, 5, 20]
[1, 3, 8, 11, 17]
[3, 4, 6, 12, 19]
[3, 4, 5, 15]
[1, 4, 7, 11, 16]
[16, 17, 18, 19, 20, 21, 22, 23, 24, 25, 26, 27, 28]


5
process id 7
stats
5, 15, 7, 100, 1000
20220818-063924
loosing coalitions taken
[1, 2, 10, 11, 14]
[1, 5, 6, 11, 25]
[2, 3, 6, 14]
[1, 2, 7, 13, 25]
[1, 4, 8, 10, 15]
[1, 3, 8, 9, 20]
[1, 2, 8, 12, 21]
[2, 4, 5, 20]
[2, 3, 5, 25]
[2, 4, 6, 10, 24]
[3, 4, 6, 12, 19]
[3, 4, 5, 16]
[1, 4, 7, 9, 19]
[2, 3, 7, 8, 10]
[16, 17, 18, 19, 20, 21, 22, 23, 24, 25, 26, 27, 28]


5
process id 5
stats
5, 15, 7, 100, 1000
20220818-063927
loosing coalitions taken
[2, 3, 6, 14]
[1, 2, 9, 11, 12]
[1, 5, 6, 16, 20]
[1, 4, 8, 9, 15]
[1, 3, 8, 11, 19]
[2, 4, 5, 21, 28]
[1, 4, 7, 10, 19]
[3, 4, 5, 17, 23]
[2, 3, 5, 24]
[1, 3, 7, 13, 21]
[3, 4, 6, 12, 20]
[1, 2, 8, 13, 20]
[1, 2, 7, 16, 18]
[2, 3, 7, 8, 9]
[16, 17, 18, 19, 20, 21, 22, 23, 24, 25, 26, 27, 28]


6
process id 1
stats
5, 15, 7, 100, 1000
20220818-063927
loosing coalitions taken
[1, 4, 8, 12, 14]
[1, 5, 6, 10, 26]
[1, 4, 7, 9, 17]
[1, 3, 8, 11, 17]
[2, 3, 6, 14]
[2, 4, 5, 22, 24]
[1, 2, 8, 15, 16]
[1, 3, 7, 15, 21]
[3, 4, 6, 13, 17]
[3, 4, 5, 15]
[2, 4, 6, 12, 23]
[1, 2, 10, 11, 13]
[2, 3, 5, 23]
[1, 2, 7, 12, 26]
[16, 17, 18, 19, 20, 21, 22, 23, 24, 25, 26, 27, 28]


6
process id 0
stats
5, 15, 7, 100, 1000
20220818-063927
loosing coalitions taken
[1, 2, 10, 12, 14]
[1, 5, 6, 16, 20]
[3, 4, 6, 14, 20]
[2, 4, 6, 11, 23]
[2, 3, 5, 24]
[1, 4, 7, 10, 17]
[1, 2, 7, 9]
[2, 4, 5, 19]
[2, 3, 6, 13]
[1, 3, 8, 12, 16]
[1, 2, 8, 11, 21]
[3, 4, 5, 15]
[1, 4, 8, 9, 13]
[1, 3, 7, 15, 20]
[16, 17, 18, 19, 20, 21, 22, 23, 24, 25, 26, 27, 28]


6
process id 6
stats
5, 15, 7, 100, 1000
20220818-063929
loosing coalitions taken
[1, 5, 6, 16, 19]
[1, 4, 8, 11, 12]
[1, 3, 8, 10, 19]
[1, 2, 8, 13, 18]
[3, 4, 5, 20, 22]
[1, 2, 7, 10, 27]
[2, 4, 6, 13, 21]
[1, 2, 9, 11, 14]
[2, 4, 5, 18]
[2, 3, 6, 16, 23]
[3, 4, 6, 11, 17]
[1, 3, 7, 13, 20]
[1, 4, 7, 14, 15]
[2, 3, 7, 8, 9]
[16, 17, 18, 19, 20, 21, 22, 23, 24, 25, 26, 27, 28]


6
process id 3
stats
5, 15, 7, 100, 1000
20220818-063930
loosing coalitions taken
[1, 4, 8, 11, 14]
[1, 2, 7, 11, 27]
[2, 3, 6, 13]
[1, 2, 8, 15, 17]
[1, 4, 7, 10, 17]
[2, 4, 5, 19]
[1, 5, 6, 15, 18]
[2, 4, 6, 11, 23]
[3, 4, 5, 16, 27]
[2, 3, 7, 8, 10]
[2, 3, 5, 24]
[1, 3, 7, 16, 19]
[3, 4, 6, 12, 21]
[1, 3, 8, 9, 20]
[16, 17, 18, 19, 20, 21, 22, 23, 24, 25, 26, 27, 28]


5
process id 0
stats
5, 15, 7, 100, 1000
20220818-063931
loosing coalitions taken
[1, 2, 8, 14, 17]
[1, 3, 7, 11, 22]
[1, 4, 7, 9, 18]
[1, 2, 9, 11, 12]
[1, 4, 8, 10, 13]
[2, 4, 6, 16, 19]
[3, 4, 6, 12, 17]
[2, 4, 5, 20]
[1, 3, 8, 15, 16]
[2, 3, 5, 25, 27]
[2, 3, 6, 11]
[3, 4, 5, 19, 23]
[1, 5, 6, 12, 23]
[1, 2, 7, 15, 21]
[16, 17, 18, 19, 20, 21, 22, 23, 24, 25, 26, 27, 28]


7
process id 2
stats
5, 15, 7, 100, 1000
20220818-063932
loosing coalitions taken
[1, 2, 7, 16, 21]
[1, 4, 7, 10, 19]
[1, 3, 7, 13, 22]
[1, 3, 8, 15, 16]
[2, 3, 6, 13]
[1, 2, 8, 14, 18]
[2, 4, 5, 19, 26]
[3, 4, 5, 18, 27]
[2, 3, 5, 25]
[1, 4, 8, 9, 12]
[1, 5, 6, 14, 21]
[3, 4, 6, 11, 20]
[2, 4, 6, 9, 23]
[1, 2, 10, 11, 12]
[16, 17, 18, 19, 20, 21, 22, 23, 24, 25, 26, 27, 28]


6
process id 5
stats
5, 15, 7, 100, 1000
20220818-063932
loosing coalitions taken
[1, 2, 9, 11, 13]
[1, 4, 7, 8]
[2, 3, 5, 25]
[1, 3, 9, 10, 12]
[2, 4, 6, 16, 18]
[3, 4, 5, 15]
[2, 4, 5, 20, 23]
[2, 3, 6, 11]
[1, 2, 7, 12, 23]
[1, 2, 8, 10, 17]
[3, 4, 6, 10, 19]
[1, 3, 7, 15, 17]
[1, 5, 6, 12, 24]
[1, 3, 8, 11, 18]
[16, 17, 18, 19, 20, 21, 22, 23, 24, 25, 26, 27, 28]


5
process id 7
stats
5, 15, 7, 100, 1000
20220818-063934
loosing coalitions taken
[1, 3, 8, 12, 19]
[2, 4, 5, 20]
[1, 4, 8, 13, 14]
[1, 5, 6, 10, 24]
[2, 3, 6, 14]
[3, 4, 5, 15]
[2, 3, 5, 24]
[1, 2, 8, 11, 20]
[2, 4, 6, 9, 22]
[1, 2, 7, 14, 23]
[1, 4, 7, 9, 17]
[1, 3, 9, 10, 11]
[3, 4, 6, 10, 19]
[1, 3, 7, 15, 21]
[16, 17, 18, 19, 20, 21, 22, 23, 24, 25, 26, 27, 28]


6
process id 6
stats
5, 15, 7, 100, 1000
20220818-063934
loosing coalitions taken
[2, 4, 5, 21, 27]
[1, 2, 9, 11, 12]
[1, 2, 8, 14, 19]
[1, 4, 7, 10, 17]
[3, 4, 6, 15, 17]
[1, 2, 7, 13, 25]
[1, 3, 7, 14, 21]
[1, 3, 8, 10, 18]
[1, 4, 8, 11, 13]
[3, 4, 5, 18, 23]
[2, 3, 6, 14, 27]
[2, 3, 5, 22]
[1, 5, 6, 14, 20]
[2, 4, 6, 16, 19]
[16, 17, 18, 19, 20, 21, 22, 23, 24, 25, 26, 27, 28]


6
process id 3
stats
5, 15, 7, 100, 1000
20220818-063934
loosing coalitions taken
[1, 4, 7, 14, 16]
[1, 2, 10, 12, 14]
[1, 3, 8, 9, 20]
[1, 3, 7, 15, 21]
[1, 5, 6, 14, 22]
[1, 2, 8, 13, 18]
[1, 2, 7, 11, 23]
[2, 3, 6, 11]
[2, 3, 5, 22]
[2, 4, 5, 18]
[1, 4, 8, 10, 11]
[2, 4, 6, 12, 21]
[3, 4, 6, 15, 16]
[3, 4, 5, 17, 27]
[16, 17, 18, 19, 20, 21, 22, 23, 24, 25, 26, 27, 28]


6
process id 5
stats
5, 15, 7, 100, 1000
20220818-063936
loosing coalitions taken
[2, 4, 6, 9, 24]
[1, 2, 10, 12, 13]
[1, 5, 6, 11, 23]
[3, 4, 5, 19, 25]
[1, 2, 8, 14, 18]
[1, 2, 7, 9]
[1, 3, 8, 12, 19]
[3, 4, 6, 14, 20]
[2, 3, 6, 10]
[2, 3, 5, 22]
[2, 4, 5, 20]
[1, 4, 8, 9, 15]
[1, 4, 7, 12, 16]
[1, 3, 7, 15, 21]
[16, 17, 18, 19, 20, 21, 22, 23, 24, 25, 26, 27, 28]


5
process id 1
stats
5, 15, 7, 100, 1000
20220818-063936
loosing coalitions taken
[2, 3, 6, 17, 21]
[2, 3, 5, 25]
[1, 3, 8, 10, 19]
[1, 4, 8, 12, 13]
[1, 5, 6, 15, 21]
[1, 2, 7, 9]
[2, 4, 6, 11, 23]
[3, 4, 5, 15]
[1, 2, 8, 14, 18]
[2, 4, 5, 18]
[3, 4, 6, 12, 20]
[1, 3, 7, 14, 22]
[1, 4, 7, 10, 18]
[1, 2, 10, 11, 12]
[16, 17, 18, 19, 20, 21, 22, 23, 24, 25, 26, 27, 28]


6
process id 0
stats
5, 15, 7, 100, 1000
20220818-063938
loosing coalitions taken
[1, 5, 6, 10, 24]
[1, 3, 8, 15, 16]
[1, 4, 7, 13, 16]
[1, 2, 10, 11, 12]
[1, 4, 8, 12, 14]
[2, 4, 5, 22, 24]
[1, 3, 7, 9, 24]
[1, 2, 8, 13, 19]
[3, 4, 5, 16, 26]
[2, 4, 6, 10, 23]
[2, 3, 6, 12, 28]
[2, 3, 5, 23]
[3, 4, 6, 14, 19]
[1, 2, 7, 17, 18]
[16, 17, 18, 19, 20, 21, 22, 23, 24, 25, 26, 27, 28]


5
process id 5
stats
5, 15, 7, 100, 1000
20220818-063938
loosing coalitions taken
[1, 4, 7, 9, 18]
[2, 3, 6, 13]
[1, 2, 9, 12, 14]
[1, 3, 8, 15, 16]
[1, 2, 7, 17, 19]
[1, 3, 7, 11, 23]
[1, 4, 8, 10, 14]
[2, 4, 5, 19]
[2, 4, 6, 9, 23]
[2, 3, 5, 24]
[3, 4, 5, 15]
[1, 5, 6, 10, 23]
[3, 4, 6, 10, 18]
[1, 2, 8, 13, 18]
[16, 17, 18, 19, 20, 21, 22, 23, 24, 25, 26, 27, 28]


6
process id 7
stats
5, 15, 7, 100, 1000
20220818-063939
loosing coalitions taken
[1, 3, 8, 11, 18]
[1, 5, 6, 14, 22]
[2, 4, 6, 10, 23]
[2, 4, 5, 21, 26]
[1, 4, 8, 12, 13]
[1, 2, 9, 10, 13]
[3, 4, 6, 9, 22]
[1, 2, 8, 14, 20]
[1, 2, 7, 11, 27]
[2, 3, 6, 15, 25]
[1, 4, 7, 10, 17]
[3, 4, 5, 17, 25]
[2, 3, 5, 22]
[1, 3, 7, 16, 19]
[16, 17, 18, 19, 20, 21, 22, 23, 24, 25, 26, 27, 28]


5
process id 0
stats
5, 15, 7, 100, 1000
20220818-063943
loosing coalitions taken
[2, 3, 5, 24]
[1, 2, 7, 9, 26]
[3, 4, 6, 12, 20]
[1, 3, 8, 15, 16]
[1, 3, 9, 10, 11]
[1, 5, 6, 11, 23]
[1, 2, 8, 11, 21]
[1, 3, 7, 13, 21]
[1, 2, 10, 12, 13]
[3, 4, 5, 15]
[2, 4, 6, 10, 23]
[2, 4, 5, 20]
[2, 3, 6, 13]
[2, 3, 7, 8, 10]
[16, 17, 18, 19, 20, 21, 22, 23, 24, 25, 26, 27, 28]


5
process id 4
stats
5, 15, 7, 100, 1000
20220818-063944
loosing coalitions taken
[2, 4, 5, 20]
[1, 4, 8, 12, 13]
[1, 4, 7, 9, 19]
[1, 3, 8, 10, 19]
[1, 3, 7, 16, 18]
[1, 5, 6, 11, 24]
[3, 4, 6, 15, 17]
[1, 2, 10, 11, 13]
[2, 3, 6, 13]
[2, 3, 5, 22]
[3, 4, 5, 16]
[2, 4, 6, 11, 23]
[1, 2, 7, 14, 23]
[2, 3, 7, 8, 9]
[16, 17, 18, 19, 20, 21, 22, 23, 24, 25, 26, 27, 28]


6
process id 5
stats
5, 15, 7, 100, 1000
20220818-063945
loosing coalitions taken
[1, 3, 7, 16, 17]
[1, 5, 6, 14, 22]
[1, 3, 8, 11, 18]
[3, 4, 6, 11, 21]
[1, 2, 7, 10, 28]
[2, 3, 6, 13]
[1, 3, 9, 10, 12]
[1, 2, 9, 11, 14]
[2, 3, 5, 24]
[1, 4, 7, 13, 15]
[2, 3, 7, 8, 9]
[2, 4, 5, 20]
[3, 4, 5, 17, 25]
[2, 4, 6, 9, 24]
[16, 17, 18, 19, 20, 21, 22, 23, 24, 25, 26, 27, 28]


5
process id 4
stats
5, 15, 7, 100, 1000
20220818-063945
loosing coalitions taken
[1, 3, 8, 15, 16]
[1, 5, 6, 10, 25]
[1, 2, 10, 11, 13]
[1, 2, 7, 9]
[1, 4, 8, 11, 14]
[2, 3, 5, 25]
[2, 4, 6, 14, 21]
[2, 4, 5, 18]
[2, 3, 6, 10]
[1, 4, 7, 12, 16]
[3, 4, 6, 13, 18]
[3, 4, 5, 15]
[1, 3, 7, 14, 19]
[1, 2, 8, 12, 20]
[16, 17, 18, 19, 20, 21, 22, 23, 24, 25, 26, 27, 28]


6
process id 3
stats
5, 15, 7, 100, 1000
20220818-063945
loosing coalitions taken
[1, 4, 7, 9, 18]
[1, 3, 7, 11, 22]
[1, 3, 9, 10, 12]
[1, 4, 8, 11, 14]
[2, 4, 5, 19]
[1, 5, 6, 16, 20]
[1, 2, 8, 12, 20]
[2, 3, 6, 14]
[2, 4, 6, 15, 21]
[3, 4, 6, 12, 18]
[3, 4, 5, 15]
[2, 3, 5, 22, 28]
[1, 2, 7, 16, 19]
[2, 5, 6, 8, 11]
[16, 17, 18, 19, 20, 21, 22, 23, 24, 25, 26, 27, 28]


6
process id 2
stats
5, 15, 7, 100, 1000
20220818-063945
loosing coalitions taken
[1, 4, 7, 10, 19]
[2, 4, 5, 20]
[1, 2, 9, 12, 13]
[1, 3, 8, 12, 18]
[1, 4, 8, 13, 14]
[1, 2, 7, 15, 22]
[3, 4, 6, 12, 17]
[2, 3, 6, 10]
[1, 2, 8, 11, 21]
[2, 3, 5, 24]
[2, 4, 6, 15, 21]
[3, 4, 5, 15]
[1, 5, 6, 9, 26]
[1, 3, 7, 13, 20]
[16, 17, 18, 19, 20, 21, 22, 23, 24, 25, 26, 27, 28]


6
process id 4
stats
5, 15, 7, 100, 1000
20220818-063947
loosing coalitions taken
[2, 3, 6, 14]
[1, 3, 8, 10, 18]
[1, 2, 7, 10, 26]
[1, 2, 8, 15, 17]
[2, 4, 5, 20]
[1, 4, 8, 11, 14]
[1, 4, 7, 9, 17]
[2, 3, 5, 22]
[3, 4, 5, 19, 23]
[1, 3, 7, 12, 20]
[2, 4, 6, 10, 22]
[1, 2, 9, 12, 13]
[1, 5, 6, 11, 23]
[3, 4, 6, 15, 17]
[16, 17, 18, 19, 20, 21, 22, 23, 24, 25, 26, 27, 28]


5
process id 3
stats
5, 15, 7, 100, 1000
20220818-063948
loosing coalitions taken
[2, 4, 5, 20]
[1, 5, 6, 11, 24]
[1, 2, 9, 11, 13]
[1, 2, 7, 12, 26]
[1, 3, 8, 10, 17]
[1, 3, 7, 13, 21]
[3, 4, 6, 14, 18]
[1, 4, 8, 12, 13]
[1, 4, 7, 14, 16]
[3, 4, 5, 16]
[2, 3, 5, 24]
[2, 3, 6, 13]
[1, 2, 8, 14, 20]
[2, 4, 6, 11, 23]
[16, 17, 18, 19, 20, 21, 22, 23, 24, 25, 26, 27, 28]


6
process id 7
stats
5, 15, 7, 100, 1000
20220818-063948
loosing coalitions taken
[1, 2, 10, 12, 14]
[2, 4, 5, 20]
[1, 3, 7, 15, 20]
[1, 5, 6, 16, 19]
[1, 4, 8, 12, 13]
[1, 3, 8, 10, 19]
[3, 4, 6, 11, 18]
[1, 2, 7, 13, 24]
[1, 2, 8, 15, 17]
[3, 4, 5, 16]
[2, 3, 6, 13]
[2, 3, 5, 23]
[2, 4, 6, 9, 24]
[1, 4, 7, 10, 16]
[16, 17, 18, 19, 20, 21, 22, 23, 24, 25, 26, 27, 28]


6
process id 2
stats
5, 15, 7, 100, 1000
20220818-063949
loosing coalitions taken
[2, 3, 5, 26, 27]
[3, 4, 5, 16]
[1, 4, 7, 9, 17]
[1, 3, 8, 12, 19]
[1, 5, 6, 15, 20]
[2, 3, 6, 14]
[1, 2, 7, 16, 21]
[1, 3, 7, 10, 22]
[2, 4, 6, 11, 21]
[2, 4, 5, 17]
[3, 4, 6, 13, 17]
[2, 5, 6, 8, 12]
[1, 4, 8, 10, 11]
[1, 2, 9, 11, 14]
[16, 17, 18, 19, 20, 21, 22, 23, 24, 25, 26, 27, 28]


6
process id 5
stats
5, 15, 7, 100, 1000
20220818-063950
loosing coalitions taken
[1, 3, 7, 10, 23]
[1, 2, 8, 10, 21]
[2, 4, 5, 19]
[1, 2, 9, 11, 14]
[1, 5, 6, 13, 24]
[2, 3, 6, 12, 27]
[3, 4, 6, 14, 20]
[1, 2, 7, 15, 20]
[1, 3, 8, 12, 19]
[1, 4, 7, 14, 16]
[2, 3, 5, 22]
[3, 4, 5, 15]
[2, 4, 6, 16, 18]
[1, 4, 8, 9, 13]
[16, 17, 18, 19, 20, 21, 22, 23, 24, 25, 26, 27, 28]


6
process id 6
stats
5, 15, 7, 100, 1000
20220818-063951
loosing coalitions taken
[2, 3, 6, 15, 27]
[1, 5, 6, 13, 23]
[3, 4, 6, 14, 20]
[1, 2, 9, 12, 14]
[2, 5, 6, 7, 16]
[2, 4, 6, 11, 24]
[1, 2, 8, 15, 17]
[1, 3, 7, 14, 22]
[1, 2, 10, 11, 13]
[1, 4, 7, 8, 26]
[3, 4, 5, 15]
[1, 3, 8, 10, 18]
[2, 4, 5, 21, 26]
[2, 3, 5, 24]
[16, 17, 18, 19, 20, 21, 22, 23, 24, 25, 26, 27, 28]


6
process id 5
stats
5, 15, 7, 100, 1000
20220818-063952
loosing coalitions taken
[1, 3, 7, 11, 22]
[2, 4, 6, 11, 23]
[3, 4, 6, 12, 20]
[1, 4, 8, 13, 14]
[2, 3, 6, 14]
[3, 4, 5, 16]
[1, 5, 6, 15, 17]
[1, 2, 7, 13, 23]
[1, 2, 10, 11, 12]
[2, 3, 5, 25]
[2, 4, 5, 17]
[2, 3, 7, 8, 10]
[1, 2, 8, 9, 20]
[1, 3, 8, 12, 19]
[16, 17, 18, 19, 20, 21, 22, 23, 24, 25, 26, 27, 28]


6
process id 5
stats
5, 15, 7, 100, 1000
20220818-063954
loosing coalitions taken
[2, 4, 5, 20]
[1, 3, 8, 12, 19]
[1, 3, 7, 10, 23]
[1, 4, 8, 10, 15]
[1, 2, 8, 13, 17]
[2, 3, 6, 14, 27]
[1, 2, 7, 12, 26]
[3, 4, 6, 12, 21]
[3, 5, 6, 7, 15]
[3, 4, 5, 18, 27]
[2, 3, 5, 25]
[1, 5, 6, 16, 19]
[1, 2, 9, 11, 14]
[2, 4, 6, 11, 23]
[16, 17, 18, 19, 20, 21, 22, 23, 24, 25, 26, 27, 28]


6
process id 7
stats
5, 15, 7, 100, 1000
20220818-063955
loosing coalitions taken
[1, 2, 10, 11, 13]
[1, 3, 8, 15, 16]
[1, 5, 6, 12, 23]
[1, 4, 8, 13, 14]
[2, 4, 5, 22, 24]
[3, 4, 5, 17, 28]
[2, 3, 6, 11, 28]
[1, 2, 9, 12, 14]
[2, 3, 5, 25]
[3, 4, 6, 12, 18]
[1, 4, 7, 10, 16]
[1, 2, 7, 17, 19]
[1, 3, 7, 11, 21]
[2, 4, 6, 13, 20]
[16, 17, 18, 19, 20, 21, 22, 23, 24, 25, 26, 27, 28]


6
process id 3
stats
5, 15, 7, 100, 1000
20220818-063955
loosing coalitions taken
[2, 4, 5, 19]
[1, 4, 7, 14, 16]
[2, 3, 7, 8, 9]
[1, 2, 8, 12, 20]
[2, 3, 6, 14]
[1, 2, 7, 11, 25]
[1, 5, 6, 9, 26]
[1, 3, 7, 13, 22]
[3, 4, 5, 16]
[2, 3, 5, 22]
[1, 3, 8, 11, 16]
[3, 4, 6, 12, 20]
[1, 4, 8, 10, 13]
[2, 4, 6, 11, 22]
[16, 17, 18, 19, 20, 21, 22, 23, 24, 25, 26, 27, 28]


6
process id 6
stats
5, 15, 7, 100, 1000
20220818-063955
loosing coalitions taken
[1, 3, 9, 10, 11]
[1, 4, 8, 13, 14]
[1, 2, 7, 9]
[1, 3, 8, 12, 19]
[1, 5, 6, 13, 23]
[3, 4, 6, 14, 18]
[2, 3, 6, 12]
[2, 4, 5, 19]
[2, 3, 5, 24]
[1, 3, 7, 14, 22]
[3, 4, 5, 21, 23]
[2, 4, 6, 10, 22]
[1, 2, 8, 11, 18]
[1, 4, 7, 11, 17]
[16, 17, 18, 19, 20, 21, 22, 23, 24, 25, 26, 27, 28]


