Results
15
0.61
0.615

5
process id 5
stats
5, 15, 7, 100, 1000
20220818-054015
loosing coalitions taken
[3, 4, 5, 10, 28]
[1, 2, 8, 12, 18]
[1, 3, 7, 11, 23]
[1, 3, 8, 13, 16]
[1, 4, 7, 9, 16]
[1, 4, 8, 10, 11]
[2, 4, 6, 10, 20]
[1, 2, 7, 13, 24]
[1, 2, 9, 10, 14]
[1, 3, 6, 20]
[2, 3, 5, 14]
[1, 4, 6, 27]
[2, 3, 6, 13]
[2, 4, 5, 18]
[16, 17, 18, 19, 20, 21, 22, 23, 24, 25, 26, 27, 28]


5
process id 1
stats
5, 15, 7, 100, 1000
20220818-054224
loosing coalitions taken
[2, 3, 5, 23]
[1, 2, 7, 10, 21]
[1, 4, 7, 9, 16]
[1, 3, 7, 11, 13]
[3, 4, 6, 14, 15]
[1, 3, 8, 14, 16]
[1, 2, 9, 11, 14]
[2, 4, 6, 13, 19]
[1, 4, 6, 21, 27]
[2, 4, 5, 12, 18]
[1, 4, 5, 25]
[3, 4, 5, 17, 26]
[2, 3, 6, 12, 17]
[1, 5, 6, 10, 26]
[16, 17, 18, 19, 20, 21, 22, 23, 24, 25, 26, 27, 28]


