Results
15
0.61
0.6174999999999999

5
process id 3
stats
5, 15, 7, 100, 1000
20220818-054507
loosing coalitions taken
[1, 3, 8, 11, 17]
[1, 4, 7, 10, 18]
[1, 2, 10, 11, 13]
[1, 3, 7, 12, 20]
[1, 5, 6, 8]
[2, 3, 6, 9]
[2, 4, 5, 17]
[1, 2, 7, 8, 24]
[2, 3, 5, 19]
[1, 3, 5, 27]
[1, 4, 5, 28]
[3, 4, 6, 7]
[2, 3, 4, 25]
[2, 4, 6, 13, 20]
[16, 17, 18, 19, 20, 21, 22, 23, 24, 25, 26, 27, 28]


5
process id 7
stats
5, 15, 7, 100, 1000
20220818-054513
loosing coalitions taken
[2, 3, 6, 15, 25]
[1, 3, 8, 13, 14]
[3, 4, 6, 13, 19]
[1, 4, 8, 10, 12]
[1, 3, 7, 16, 18]
[1, 2, 7, 14, 15]
[1, 2, 8, 11, 16]
[1, 3, 6, 24]
[2, 4, 5, 17, 22]
[2, 3, 5, 23, 26]
[2, 4, 6, 10, 20]
[3, 4, 5, 16]
[1, 4, 7, 9, 13]
[1, 2, 5, 27]
[16, 17, 18, 19, 20, 21, 22, 23, 24, 25, 26, 27, 28]


