Results
15
0.61
0.62

5
process id 7
stats
5, 15, 7, 100, 1000
20220818-054954
loosing coalitions taken
[1, 5, 6, 15, 19]
[1, 4, 8, 9, 14]
[1, 4, 6, 26]
[3, 4, 5, 10]
[2, 3, 6, 9, 27]
[1, 3, 7, 16, 17]
[1, 2, 9, 10, 13]
[2, 4, 5, 21, 27]
[1, 2, 7, 14, 15]
[2, 3, 5, 16]
[2, 4, 6, 13, 18]
[1, 4, 7, 10, 11]
[1, 3, 5, 27]
[3, 4, 6, 7]
[16, 17, 18, 19, 20, 21, 22, 23, 24, 25, 26, 27, 28]


5
process id 5
stats
5, 15, 7, 100, 1000
20220818-055044
loosing coalitions taken
[1, 5, 6, 16, 19]
[2, 4, 5, 20, 27]
[1, 2, 7, 12, 26]
[1, 2, 8, 9, 16]
[2, 3, 6, 13]
[3, 4, 5, 12]
[1, 4, 8, 10, 11]
[1, 3, 8, 13, 15]
[1, 3, 7, 14, 17]
[1, 2, 6, 25]
[2, 3, 4, 25]
[2, 3, 5, 11, 24]
[1, 4, 6, 14]
[1, 4, 5, 21]
[16, 17, 18, 19, 20, 21, 22, 23, 24, 25, 26, 27, 28]


5
process id 0
stats
5, 15, 7, 100, 1000
20220818-055140
loosing coalitions taken
[1, 4, 8, 11, 12]
[3, 4, 5, 20, 23]
[1, 3, 7, 14, 19]
[1, 2, 7, 11, 16]
[2, 4, 5, 21, 24]
[1, 5, 6, 11, 21]
[1, 4, 7, 9, 15]
[1, 2, 8, 9, 10]
[1, 3, 6, 23, 28]
[2, 3, 6, 13, 22]
[1, 4, 6, 18]
[2, 3, 5, 14, 27]
[1, 3, 8, 13, 16]
[2, 3, 4, 28]
[16, 17, 18, 19, 20, 21, 22, 23, 24, 25, 26, 27, 28]


5
process id 5
stats
5, 15, 7, 100, 1000
20220818-055229
loosing coalitions taken
[1, 5, 6, 11, 24]
[1, 2, 7, 13, 25]
[1, 2, 10, 11, 12]
[1, 3, 8, 10, 16]
[2, 3, 6, 13, 14]
[1, 3, 7, 11, 15]
[1, 2, 8, 9, 22]
[1, 3, 6, 21]
[2, 4, 5, 21, 28]
[3, 4, 5, 18, 19]
[2, 3, 5, 12]
[1, 4, 7, 9, 19]
[2, 4, 6, 8, 26]
[1, 4, 5, 20]
[16, 17, 18, 19, 20, 21, 22, 23, 24, 25, 26, 27, 28]


