Results
15
0.61
0.6224999999999999

5
process id 1
stats
5, 15, 7, 100, 1000
20220818-055406
loosing coalitions taken
[1, 2, 9, 11, 13]
[2, 3, 6, 14]
[1, 4, 6, 22, 27]
[2, 4, 5, 12, 28]
[1, 5, 6, 16, 19]
[3, 4, 5, 19, 24]
[1, 2, 7, 10, 23]
[1, 3, 7, 12, 16]
[2, 3, 5, 15]
[1, 3, 6, 21]
[3, 4, 6, 8]
[1, 4, 7, 8, 20]
[1, 2, 8, 14, 16]
[1, 4, 5, 26]
[16, 17, 18, 19, 20, 21, 22, 23, 24, 25, 26, 27, 28]


5
process id 2
stats
5, 15, 7, 100, 1000
20220818-055443
loosing coalitions taken
[3, 4, 5, 19, 22]
[1, 3, 7, 13, 20]
[1, 3, 8, 12, 16]
[1, 2, 7, 12, 22]
[3, 4, 6, 8, 23]
[2, 3, 6, 11, 25]
[2, 4, 5, 13, 27]
[2, 3, 7, 8, 10]
[1, 4, 7, 10, 19]
[1, 4, 6, 24, 28]
[1, 4, 5, 26]
[1, 2, 8, 9, 18]
[2, 3, 5, 18]
[2, 4, 6, 15, 17]
[16, 17, 18, 19, 20, 21, 22, 23, 24, 25, 26, 27, 28]


5
process id 0
stats
5, 15, 7, 100, 1000
20220818-055445
loosing coalitions taken
[1, 3, 7, 14, 19]
[2, 3, 5, 21, 27]
[1, 2, 8, 12, 19]
[1, 5, 6, 12, 21]
[1, 3, 8, 9, 11]
[1, 3, 6, 25]
[1, 4, 8, 10, 14]
[2, 4, 5, 14, 25]
[3, 4, 5, 13, 20]
[1, 4, 7, 12, 15]
[1, 4, 5, 23]
[2, 4, 6, 15, 16]
[1, 2, 7, 9, 21]
[2, 3, 4, 28]
[16, 17, 18, 19, 20, 21, 22, 23, 24, 25, 26, 27, 28]


6
process id 3
stats
5, 15, 7, 100, 1000
20220818-055512
loosing coalitions taken
[1, 2, 8, 14, 18]
[1, 3, 7, 10, 17]
[3, 4, 5, 11, 22]
[1, 3, 8, 15, 16]
[1, 4, 7, 9, 19]
[1, 2, 9, 10, 12]
[1, 2, 7, 11, 25]
[2, 3, 5, 24, 25]
[1, 4, 5, 26]
[1, 5, 6, 12, 23]
[1, 3, 6, 25]
[2, 3, 6, 12, 15]
[2, 4, 5, 13, 28]
[3, 4, 6, 14, 19]
[16, 17, 18, 19, 20, 21, 22, 23, 24, 25, 26, 27, 28]


6
process id 1
stats
5, 15, 7, 100, 1000
20220818-055538
loosing coalitions taken
[1, 3, 7, 14, 17]
[3, 4, 5, 13, 24]
[3, 4, 6, 11, 21]
[2, 4, 6, 14, 19]
[2, 3, 5, 20, 23]
[1, 2, 9, 12, 14]
[1, 2, 7, 10, 28]
[1, 4, 6, 24, 25]
[1, 2, 8, 13, 18]
[1, 4, 8, 10, 14]
[1, 4, 7, 9, 18]
[2, 4, 5, 17, 26]
[1, 3, 8, 11, 15]
[2, 3, 6, 12]
[16, 17, 18, 19, 20, 21, 22, 23, 24, 25, 26, 27, 28]


6
process id 3
stats
5, 15, 7, 100, 1000
20220818-055550
loosing coalitions taken
[3, 4, 6, 9, 18]
[2, 4, 6, 10, 23]
[2, 3, 6, 13]
[3, 4, 5, 16]
[1, 2, 10, 11, 12]
[1, 2, 8, 14, 20]
[1, 3, 7, 15, 21]
[1, 4, 6, 26]
[1, 3, 6, 28]
[2, 3, 5, 23]
[1, 5, 6, 13, 21]
[1, 4, 5, 27]
[1, 2, 7, 9]
[1, 3, 8, 11, 19]
[16, 17, 18, 19, 20, 21, 22, 23, 24, 25, 26, 27, 28]


5
process id 0
stats
5, 15, 7, 100, 1000
20220818-055654
loosing coalitions taken
[2, 4, 6, 14, 21]
[1, 2, 7, 15, 21]
[1, 2, 9, 11, 14]
[2, 3, 7, 8, 9]
[1, 2, 8, 13, 17]
[1, 4, 6, 25]
[1, 3, 7, 11, 19]
[1, 3, 8, 10, 15]
[3, 4, 5, 15, 28]
[2, 4, 5, 13]
[2, 3, 5, 16]
[1, 5, 6, 7]
[1, 4, 5, 27]
[2, 3, 6, 12]
[16, 17, 18, 19, 20, 21, 22, 23, 24, 25, 26, 27, 28]


5
process id 5
stats
5, 15, 7, 100, 1000
20220818-055700
loosing coalitions taken
[1, 5, 6, 16, 18]
[1, 4, 7, 9, 19]
[3, 4, 6, 12, 20]
[2, 4, 5, 13, 28]
[3, 4, 5, 16, 23]
[1, 3, 7, 10, 24]
[1, 4, 8, 11, 13]
[2, 3, 6, 16, 24]
[2, 3, 5, 22]
[2, 4, 6, 15, 17]
[1, 4, 6, 24]
[1, 2, 7, 12, 25]
[1, 3, 8, 12, 17]
[1, 2, 8, 9, 18]
[16, 17, 18, 19, 20, 21, 22, 23, 24, 25, 26, 27, 28]


5
process id 7
stats
5, 15, 7, 100, 1000
20220818-055811
loosing coalitions taken
[1, 3, 7, 14, 15]
[2, 3, 5, 22, 26]
[1, 2, 7, 13, 19]
[1, 5, 6, 9, 19]
[2, 4, 5, 13]
[1, 3, 6, 24, 27]
[1, 3, 8, 12, 19]
[1, 4, 6, 16]
[1, 2, 9, 10, 14]
[1, 4, 5, 22]
[2, 3, 6, 15, 23]
[1, 4, 7, 8, 23]
[2, 3, 4, 28]
[3, 4, 5, 12]
[16, 17, 18, 19, 20, 21, 22, 23, 24, 25, 26, 27, 28]


