Results
Max overall: 16
Min avg pop: 0.645
Min pop: 0.645

6
process id 1
stats
5, 16, 7, 100, 1000
20220820-171413
loosing coalitions taken
[1, 4, 7, 11, 17]
[1, 4, 8, 13, 14]
[1, 2, 10, 11, 14]
[1, 5, 6, 13, 23]
[3, 4, 6, 9, 22]
[1, 3, 9, 10, 12]
[1, 3, 7, 15, 20]
[2, 3, 6, 13]
[2, 3, 5, 22]
[2, 4, 5, 19]
[1, 2, 7, 9]
[3, 4, 5, 15]
[1, 3, 8, 11, 16]
[2, 4, 6, 15, 21]
[1, 2, 8, 12, 20]
[16, 17, 18, 19, 20, 21, 22, 23, 24, 25, 26, 27, 28]


6
process id 0
stats
5, 16, 7, 100, 1000
20220820-171416
loosing coalitions taken
[1, 3, 8, 15, 16]
[1, 5, 6, 16, 18]
[2, 3, 6, 13]
[1, 2, 8, 11, 21]
[1, 3, 7, 11, 23]
[1, 4, 8, 12, 14]
[2, 4, 5, 19]
[3, 4, 6, 11, 19]
[3, 4, 5, 17, 23]
[2, 4, 6, 12, 22]
[1, 2, 9, 10, 12]
[1, 4, 7, 9, 17]
[2, 3, 5, 22]
[2, 3, 7, 8, 10]
[1, 2, 7, 14, 24]
[16, 17, 18, 19, 20, 21, 22, 23, 24, 25, 26, 27, 28]


5
process id 7
stats
5, 16, 7, 100, 1000
20220820-171424
loosing coalitions taken
[1, 3, 8, 12, 19]
[1, 3, 9, 10, 11]
[1, 2, 10, 12, 14]
[2, 3, 6, 14]
[1, 4, 8, 10, 15]
[2, 4, 5, 19]
[1, 4, 7, 9, 18]
[3, 4, 5, 15]
[2, 3, 5, 25]
[2, 4, 6, 9, 23]
[3, 4, 6, 10, 20]
[1, 3, 7, 13, 20]
[1, 2, 7, 15, 22]
[1, 5, 6, 14, 21]
[1, 2, 8, 9, 20]
[16, 17, 18, 19, 20, 21, 22, 23, 24, 25, 26, 27, 28]


6
process id 0
stats
5, 16, 7, 100, 1000
20220820-171432
loosing coalitions taken
[1, 5, 6, 11, 25]
[1, 3, 8, 12, 18]
[1, 4, 7, 9, 18]
[2, 4, 5, 19]
[3, 4, 6, 9, 21]
[2, 3, 6, 12]
[1, 2, 8, 13, 17]
[1, 2, 7, 10, 28]
[1, 3, 9, 10, 11]
[2, 3, 5, 22]
[3, 4, 5, 16]
[1, 3, 7, 15, 20]
[2, 4, 6, 13, 20]
[1, 2, 9, 12, 14]
[1, 4, 8, 10, 14]
[16, 17, 18, 19, 20, 21, 22, 23, 24, 25, 26, 27, 28]


5
process id 6
stats
5, 16, 7, 100, 1000
20220820-171437
loosing coalitions taken
[3, 4, 6, 9, 22]
[1, 3, 9, 10, 11]
[1, 2, 7, 10, 26]
[1, 4, 7, 9, 18]
[1, 2, 9, 12, 13]
[1, 4, 8, 10, 15]
[1, 2, 8, 14, 20]
[2, 4, 5, 19]
[1, 5, 6, 11, 24]
[1, 3, 8, 12, 19]
[3, 4, 5, 15]
[2, 3, 5, 25]
[2, 3, 6, 13, 27]
[2, 4, 6, 10, 24]
[1, 3, 7, 15, 20]
[16, 17, 18, 19, 20, 21, 22, 23, 24, 25, 26, 27, 28]


6
process id 0
stats
5, 16, 7, 100, 1000
20220820-171438
loosing coalitions taken
[1, 3, 7, 15, 20]
[1, 2, 7, 12, 26]
[2, 3, 6, 14]
[1, 4, 7, 13, 16]
[1, 5, 6, 12, 24]
[1, 4, 8, 12, 14]
[2, 3, 5, 23]
[3, 4, 5, 16]
[2, 4, 6, 15, 20]
[1, 2, 8, 9, 20]
[1, 2, 10, 11, 13]
[1, 3, 8, 11, 17]
[2, 4, 5, 19]
[3, 4, 6, 13, 18]
[2, 3, 7, 8, 10]
[16, 17, 18, 19, 20, 21, 22, 23, 24, 25, 26, 27, 28]


6
process id 7
stats
5, 16, 7, 100, 1000
20220820-171445
loosing coalitions taken
[1, 5, 6, 10, 25]
[2, 3, 6, 14]
[1, 3, 7, 15, 20]
[1, 3, 8, 12, 17]
[1, 4, 8, 11, 14]
[1, 2, 7, 13, 23]
[1, 3, 9, 10, 11]
[2, 3, 5, 23, 28]
[3, 5, 6, 7, 11]
[3, 4, 5, 17, 25]
[2, 4, 6, 9, 22]
[2, 4, 5, 21, 27]
[3, 4, 6, 12, 19]
[1, 2, 8, 10, 19]
[1, 2, 9, 12, 14]
[16, 17, 18, 19, 20, 21, 22, 23, 24, 25, 26, 27, 28]


6
process id 3
stats
5, 16, 7, 100, 1000
20220820-171457
loosing coalitions taken
[1, 4, 7, 11, 17]
[2, 4, 5, 18]
[1, 3, 7, 10, 24]
[1, 3, 8, 14, 16]
[1, 2, 7, 16, 21]
[1, 5, 6, 15, 21]
[1, 2, 8, 13, 18]
[2, 3, 6, 14, 27]
[1, 2, 9, 11, 12]
[3, 4, 6, 13, 21]
[3, 4, 5, 19, 23]
[2, 4, 6, 16, 19]
[2, 3, 5, 22]
[2, 3, 7, 8, 9]
[1, 4, 8, 9, 15]
[16, 17, 18, 19, 20, 21, 22, 23, 24, 25, 26, 27, 28]


6
process id 2
stats
5, 16, 7, 100, 1000
20220820-171457
loosing coalitions taken
[1, 5, 6, 16, 20]
[1, 3, 7, 15, 21]
[2, 3, 6, 14]
[1, 4, 7, 9, 17]
[3, 4, 5, 21, 24]
[1, 2, 10, 12, 13]
[2, 4, 5, 18]
[1, 3, 8, 14, 16]
[2, 3, 5, 25]
[1, 3, 9, 10, 11]
[1, 2, 8, 9, 20]
[3, 4, 6, 12, 19]
[1, 2, 7, 16, 18]
[1, 4, 8, 11, 13]
[2, 4, 6, 10, 23]
[16, 17, 18, 19, 20, 21, 22, 23, 24, 25, 26, 27, 28]


6
process id 6
stats
5, 16, 7, 100, 1000
20220820-171505
loosing coalitions taken
[1, 4, 7, 10, 18]
[2, 4, 5, 18]
[1, 3, 8, 10, 19]
[1, 3, 7, 15, 21]
[1, 2, 7, 14, 24]
[3, 4, 5, 16]
[2, 3, 5, 25]
[1, 4, 8, 9, 15]
[2, 4, 6, 15, 20]
[1, 5, 6, 16, 19]
[1, 2, 8, 12, 20]
[1, 2, 10, 11, 13]
[2, 3, 6, 13]
[2, 3, 7, 8, 9]
[3, 4, 6, 14, 18]
[16, 17, 18, 19, 20, 21, 22, 23, 24, 25, 26, 27, 28]


6
process id 7
stats
5, 16, 7, 100, 1000
20220820-171515
loosing coalitions taken
[1, 2, 10, 12, 13]
[1, 4, 8, 13, 14]
[1, 2, 8, 11, 21]
[2, 4, 5, 20]
[1, 2, 7, 14, 24]
[1, 3, 7, 13, 22]
[1, 4, 7, 10, 19]
[1, 3, 9, 10, 11]
[1, 5, 6, 16, 18]
[2, 3, 6, 12]
[3, 4, 5, 18, 26]
[2, 3, 5, 22]
[3, 4, 6, 9, 20]
[2, 4, 6, 10, 24]
[1, 3, 8, 12, 18]
[16, 17, 18, 19, 20, 21, 22, 23, 24, 25, 26, 27, 28]


6
process id 2
stats
5, 16, 7, 100, 1000
20220820-171516
loosing coalitions taken
[3, 4, 6, 9, 22]
[2, 3, 6, 13]
[1, 4, 8, 10, 15]
[1, 3, 8, 11, 19]
[1, 2, 8, 12, 21]
[1, 3, 7, 16, 17]
[2, 3, 7, 8, 10]
[1, 2, 7, 11, 25]
[2, 3, 5, 25]
[1, 5, 6, 13, 24]
[1, 2, 9, 10, 14]
[1, 4, 7, 9, 19]
[2, 4, 6, 14, 21]
[2, 4, 5, 19]
[3, 4, 5, 16]
[16, 17, 18, 19, 20, 21, 22, 23, 24, 25, 26, 27, 28]


6
process id 6
stats
5, 16, 7, 100, 1000
20220820-171518
loosing coalitions taken
[3, 4, 6, 13, 21]
[1, 3, 9, 10, 12]
[1, 2, 9, 11, 13]
[1, 4, 7, 9, 19]
[1, 2, 8, 14, 18]
[1, 5, 6, 10, 25]
[1, 3, 7, 11, 23]
[1, 4, 8, 11, 12]
[2, 3, 6, 15, 27]
[3, 4, 5, 19, 24]
[1, 3, 8, 15, 16]
[2, 4, 6, 9, 23]
[2, 4, 5, 20, 28]
[2, 3, 5, 22]
[1, 2, 7, 10, 27]
[16, 17, 18, 19, 20, 21, 22, 23, 24, 25, 26, 27, 28]


5
process id 7
stats
5, 16, 7, 100, 1000
20220820-171532
loosing coalitions taken
[1, 2, 7, 12, 26]
[2, 3, 5, 25]
[1, 2, 8, 15, 17]
[1, 4, 7, 11, 17]
[1, 2, 9, 11, 14]
[3, 4, 6, 11, 21]
[2, 4, 6, 16, 17]
[1, 3, 7, 9, 23]
[2, 4, 5, 18]
[3, 4, 5, 16]
[2, 3, 6, 9]
[1, 5, 6, 9, 22]
[2, 3, 7, 8, 10]
[1, 3, 8, 11, 16]
[1, 4, 8, 10, 13]
[16, 17, 18, 19, 20, 21, 22, 23, 24, 25, 26, 27, 28]


6
process id 0
stats
5, 16, 7, 100, 1000
20220820-171540
loosing coalitions taken
[1, 3, 9, 10, 11]
[1, 5, 6, 16, 19]
[1, 4, 8, 10, 15]
[2, 3, 6, 16, 24]
[3, 4, 6, 13, 20]
[2, 4, 5, 20]
[1, 3, 7, 14, 19]
[1, 2, 7, 9]
[2, 3, 5, 22]
[1, 2, 8, 11, 21]
[3, 4, 5, 15]
[2, 4, 6, 12, 22]
[1, 2, 10, 12, 14]
[1, 4, 7, 11, 16]
[1, 3, 8, 12, 17]
[16, 17, 18, 19, 20, 21, 22, 23, 24, 25, 26, 27, 28]


6
process id 6
stats
5, 16, 7, 100, 1000
20220820-171553
loosing coalitions taken
[2, 3, 6, 15, 25]
[1, 5, 6, 11, 25]
[1, 3, 8, 12, 18]
[1, 4, 7, 10, 17]
[1, 2, 7, 15, 22]
[1, 2, 8, 11, 21]
[2, 4, 6, 12, 23]
[2, 4, 5, 20]
[1, 4, 8, 9, 15]
[2, 3, 7, 8, 9]
[3, 4, 5, 17, 26]
[2, 3, 5, 23]
[3, 4, 6, 14, 19]
[1, 2, 10, 12, 13]
[1, 3, 7, 13, 20]
[16, 17, 18, 19, 20, 21, 22, 23, 24, 25, 26, 27, 28]


6
process id 1
stats
5, 16, 7, 100, 1000
20220820-171556
loosing coalitions taken
[3, 4, 5, 17, 27]
[2, 3, 6, 14]
[2, 4, 5, 20]
[1, 2, 7, 14, 24]
[2, 4, 6, 16, 17]
[3, 4, 6, 13, 18]
[1, 2, 8, 11, 21]
[2, 3, 7, 8, 10]
[1, 5, 6, 10, 23]
[1, 4, 8, 13, 14]
[1, 2, 9, 12, 13]
[2, 3, 5, 22]
[1, 3, 8, 12, 19]
[1, 4, 7, 10, 17]
[1, 3, 7, 16, 18]
[16, 17, 18, 19, 20, 21, 22, 23, 24, 25, 26, 27, 28]


6
process id 2
stats
5, 16, 7, 100, 1000
20220820-171557
loosing coalitions taken
[1, 5, 6, 10, 26]
[1, 2, 9, 12, 14]
[1, 2, 8, 13, 20]
[2, 4, 5, 20]
[3, 4, 6, 9, 21]
[1, 2, 7, 10, 28]
[2, 3, 6, 12]
[1, 4, 8, 9, 15]
[1, 3, 7, 14, 22]
[2, 3, 5, 22]
[3, 4, 5, 16, 28]
[1, 3, 8, 12, 19]
[2, 4, 6, 11, 22]
[1, 4, 7, 13, 16]
[1, 3, 9, 10, 11]
[16, 17, 18, 19, 20, 21, 22, 23, 24, 25, 26, 27, 28]


6
process id 3
stats
5, 16, 7, 100, 1000
20220820-171603
loosing coalitions taken
[1, 5, 6, 16, 20]
[1, 2, 8, 12, 21]
[2, 4, 5, 20]
[1, 4, 7, 10, 18]
[1, 3, 8, 11, 17]
[1, 2, 7, 9]
[3, 4, 6, 14, 19]
[3, 4, 5, 16]
[2, 3, 6, 11]
[1, 4, 8, 9, 14]
[1, 3, 7, 14, 22]
[2, 3, 7, 8, 10]
[2, 3, 5, 23]
[2, 4, 6, 12, 22]
[1, 2, 10, 11, 14]
[16, 17, 18, 19, 20, 21, 22, 23, 24, 25, 26, 27, 28]


6
process id 0
stats
5, 16, 7, 100, 1000
20220820-171606
loosing coalitions taken
[1, 5, 6, 11, 24]
[1, 2, 7, 12, 26]
[1, 3, 8, 12, 18]
[1, 2, 8, 9, 22]
[1, 4, 7, 10, 18]
[2, 3, 6, 14]
[2, 4, 5, 17]
[3, 4, 5, 16]
[2, 3, 5, 22]
[3, 4, 6, 10, 20]
[2, 4, 6, 12, 21]
[1, 3, 7, 16, 19]
[1, 4, 8, 13, 14]
[1, 3, 9, 10, 11]
[2, 3, 7, 8, 10]
[16, 17, 18, 19, 20, 21, 22, 23, 24, 25, 26, 27, 28]


6
process id 5
stats
5, 16, 7, 100, 1000
20220820-171612
loosing coalitions taken
[3, 4, 6, 13, 20]
[2, 4, 5, 19]
[1, 2, 7, 11, 26]
[1, 3, 8, 12, 19]
[2, 3, 6, 15, 25]
[1, 2, 8, 14, 18]
[1, 3, 7, 10, 23]
[2, 3, 7, 8, 9]
[1, 5, 6, 11, 24]
[1, 4, 7, 14, 16]
[2, 3, 5, 24]
[1, 4, 8, 9, 13]
[2, 4, 6, 10, 24]
[1, 2, 10, 12, 13]
[3, 4, 5, 15]
[16, 17, 18, 19, 20, 21, 22, 23, 24, 25, 26, 27, 28]


6
process id 2
stats
5, 16, 7, 100, 1000
20220820-171614
loosing coalitions taken
[1, 2, 9, 11, 14]
[1, 2, 7, 13, 23]
[1, 4, 7, 10, 18]
[2, 4, 6, 11, 22]
[1, 4, 8, 9, 15]
[1, 3, 9, 10, 12]
[3, 4, 5, 17, 27]
[1, 3, 8, 11, 16]
[1, 5, 6, 16, 19]
[2, 3, 5, 25]
[3, 4, 6, 14, 20]
[1, 2, 8, 12, 19]
[2, 3, 6, 13]
[2, 4, 5, 18]
[1, 3, 7, 14, 22]
[16, 17, 18, 19, 20, 21, 22, 23, 24, 25, 26, 27, 28]


6
process id 6
stats
5, 16, 7, 100, 1000
20220820-171614
loosing coalitions taken
[1, 2, 8, 11, 20]
[3, 4, 6, 14, 20]
[1, 2, 10, 12, 14]
[2, 3, 6, 13]
[1, 5, 6, 16, 20]
[2, 4, 6, 9, 25]
[2, 4, 5, 19]
[1, 3, 7, 11, 22]
[1, 2, 7, 9]
[1, 3, 8, 12, 17]
[2, 3, 5, 23]
[3, 4, 5, 16]
[1, 4, 7, 8]
[2, 4, 6, 15, 21]
[1, 5, 6, 15, 19]
[16, 17, 18, 19, 20, 21, 22, 23, 24, 25, 26, 27, 28]


6
process id 5
stats
5, 16, 7, 100, 1000
20220820-171632
loosing coalitions taken
[1, 4, 7, 10, 18]
[1, 3, 8, 11, 19]
[1, 5, 6, 16, 20]
[3, 4, 6, 14, 20]
[2, 5, 6, 8, 12]
[1, 4, 8, 13, 14]
[2, 4, 6, 11, 23]
[2, 4, 5, 19]
[2, 3, 6, 10]
[1, 2, 7, 9]
[2, 3, 5, 26, 27]
[3, 4, 5, 18, 24]
[1, 3, 7, 15, 17]
[1, 3, 9, 10, 12]
[1, 2, 10, 11, 13]
[16, 17, 18, 19, 20, 21, 22, 23, 24, 25, 26, 27, 28]


7
process id 4
stats
5, 16, 7, 100, 1000
20220820-171658
loosing coalitions taken
[1, 3, 8, 11, 19]
[1, 5, 6, 10, 26]
[1, 2, 8, 14, 18]
[2, 3, 6, 14]
[1, 4, 7, 11, 17]
[2, 4, 5, 20]
[1, 2, 9, 11, 13]
[3, 4, 5, 16]
[2, 3, 7, 8, 9]
[1, 3, 7, 12, 20]
[1, 4, 8, 10, 13]
[2, 3, 5, 25, 27]
[1, 2, 7, 15, 22]
[2, 4, 6, 13, 22]
[3, 4, 6, 12, 17]
[16, 17, 18, 19, 20, 21, 22, 23, 24, 25, 26, 27, 28]


6
process id 3
stats
5, 16, 7, 100, 1000
20220820-171702
loosing coalitions taken
[1, 2, 7, 14, 24]
[1, 4, 8, 10, 15]
[2, 4, 5, 18]
[1, 3, 7, 15, 20]
[1, 2, 8, 12, 20]
[2, 3, 6, 13]
[2, 4, 6, 15, 21]
[3, 4, 5, 17, 25]
[1, 4, 7, 9, 18]
[1, 3, 9, 10, 12]
[3, 4, 6, 10, 20]
[2, 3, 5, 24]
[2, 3, 7, 8, 9]
[1, 5, 6, 10, 22]
[1, 3, 8, 11, 18]
[16, 17, 18, 19, 20, 21, 22, 23, 24, 25, 26, 27, 28]


6
process id 5
stats
5, 16, 7, 100, 1000
20220820-171705
loosing coalitions taken
[1, 3, 8, 10, 18]
[1, 4, 7, 10, 19]
[2, 3, 6, 16, 23]
[1, 4, 8, 12, 13]
[1, 2, 10, 11, 13]
[2, 3, 7, 8, 9]
[1, 5, 6, 14, 22]
[1, 3, 7, 11, 23]
[1, 2, 8, 15, 17]
[1, 2, 7, 16, 21]
[3, 4, 5, 21, 24]
[2, 4, 5, 20, 27]
[2, 3, 5, 25]
[3, 4, 6, 14, 17]
[2, 4, 6, 13, 21]
[16, 17, 18, 19, 20, 21, 22, 23, 24, 25, 26, 27, 28]


5
process id 6
stats
5, 16, 7, 100, 1000
20220820-171708
loosing coalitions taken
[2, 4, 6, 12, 23]
[1, 3, 8, 11, 18]
[1, 2, 7, 9]
[3, 4, 6, 13, 19]
[2, 4, 5, 19]
[2, 3, 6, 14]
[1, 2, 8, 14, 17]
[1, 3, 7, 13, 20]
[3, 4, 5, 15]
[1, 5, 6, 15, 19]
[2, 3, 5, 24]
[1, 4, 8, 9, 15]
[1, 4, 7, 12, 16]
[2, 3, 7, 8, 10]
[1, 2, 10, 12, 13]
[16, 17, 18, 19, 20, 21, 22, 23, 24, 25, 26, 27, 28]


6
process id 0
stats
5, 16, 7, 100, 1000
20220820-171726
loosing coalitions taken
[1, 4, 7, 9, 18]
[1, 5, 6, 10, 25]
[1, 3, 7, 16, 19]
[1, 2, 8, 15, 17]
[1, 2, 7, 11, 25]
[2, 4, 6, 15, 18]
[3, 4, 6, 14, 19]
[1, 3, 9, 10, 11]
[2, 3, 6, 11]
[3, 4, 5, 16]
[1, 2, 10, 12, 13]
[2, 4, 5, 19]
[2, 3, 5, 22]
[1, 3, 8, 12, 18]
[2, 3, 7, 8, 10]
[16, 17, 18, 19, 20, 21, 22, 23, 24, 25, 26, 27, 28]


6
process id 5
stats
5, 16, 7, 100, 1000
20220820-171731
loosing coalitions taken
[1, 4, 8, 12, 14]
[1, 4, 7, 10, 17]
[1, 2, 7, 12, 25]
[1, 3, 7, 16, 18]
[1, 5, 6, 11, 23]
[1, 3, 8, 9, 17]
[2, 4, 5, 18]
[2, 3, 5, 23]
[3, 4, 6, 12, 20]
[3, 4, 5, 19, 26]
[2, 3, 7, 8, 10]
[2, 4, 6, 11, 22]
[2, 3, 6, 14]
[1, 2, 8, 15, 16]
[1, 2, 9, 11, 14]
[16, 17, 18, 19, 20, 21, 22, 23, 24, 25, 26, 27, 28]


6
process id 5
stats
5, 16, 7, 100, 1000
20220820-171741
loosing coalitions taken
[2, 4, 6, 16, 17]
[1, 3, 9, 10, 12]
[1, 2, 8, 12, 20]
[1, 2, 7, 9, 28]
[1, 3, 8, 15, 16]
[1, 5, 6, 14, 22]
[2, 3, 6, 14]
[1, 4, 7, 10, 18]
[3, 4, 5, 16]
[2, 3, 5, 25]
[2, 4, 5, 18]
[3, 4, 6, 10, 21]
[1, 2, 10, 11, 13]
[1, 3, 7, 13, 20]
[1, 4, 8, 9, 11]
[16, 17, 18, 19, 20, 21, 22, 23, 24, 25, 26, 27, 28]


6
process id 6
stats
5, 16, 7, 100, 1000
20220820-171757
loosing coalitions taken
[2, 4, 6, 9, 23]
[1, 3, 8, 9, 18]
[1, 2, 9, 11, 14]
[2, 4, 5, 21, 28]
[1, 2, 8, 13, 20]
[1, 3, 7, 15, 21]
[2, 3, 6, 14]
[1, 5, 6, 10, 24]
[1, 4, 7, 9, 17]
[1, 2, 7, 12, 24]
[2, 3, 5, 22]
[1, 4, 8, 12, 14]
[3, 4, 6, 13, 17]
[3, 4, 5, 15]
[2, 3, 7, 8, 10]
[16, 17, 18, 19, 20, 21, 22, 23, 24, 25, 26, 27, 28]


6
process id 3
stats
5, 16, 7, 100, 1000
20220820-171759
loosing coalitions taken
[1, 3, 7, 11, 23]
[1, 2, 8, 12, 21]
[1, 4, 7, 10, 19]
[2, 4, 5, 20]
[2, 3, 6, 14]
[1, 5, 6, 16, 18]
[2, 3, 5, 24]
[1, 2, 7, 13, 24]
[1, 3, 8, 9, 19]
[2, 3, 7, 8, 10]
[3, 4, 6, 13, 20]
[2, 4, 6, 15, 17]
[3, 4, 5, 16]
[1, 4, 8, 11, 13]
[1, 2, 10, 11, 14]
[16, 17, 18, 19, 20, 21, 22, 23, 24, 25, 26, 27, 28]


6
process id 1
stats
5, 16, 7, 100, 1000
20220820-171802
loosing coalitions taken
[3, 4, 6, 13, 21]
[1, 5, 6, 15, 21]
[1, 2, 7, 9]
[1, 4, 8, 12, 14]
[2, 4, 5, 17]
[2, 3, 6, 9]
[2, 3, 5, 23]
[1, 2, 8, 15, 17]
[1, 4, 7, 10, 18]
[3, 4, 5, 16]
[1, 3, 8, 9, 20]
[1, 3, 7, 16, 17]
[2, 3, 7, 8, 10]
[1, 2, 10, 11, 13]
[2, 4, 6, 14, 22]
[16, 17, 18, 19, 20, 21, 22, 23, 24, 25, 26, 27, 28]


6
process id 2
stats
5, 16, 7, 100, 1000
20220820-171804
loosing coalitions taken
[1, 5, 6, 11, 24]
[1, 4, 7, 13, 16]
[3, 4, 6, 15, 17]
[2, 4, 5, 18]
[1, 3, 8, 11, 19]
[1, 2, 8, 13, 20]
[1, 3, 7, 10, 24]
[1, 4, 8, 10, 15]
[1, 2, 7, 17, 19]
[2, 3, 6, 14]
[2, 3, 5, 24]
[2, 3, 7, 8, 9]
[3, 4, 5, 16]
[2, 4, 6, 10, 23]
[1, 2, 9, 10, 12]
[16, 17, 18, 19, 20, 21, 22, 23, 24, 25, 26, 27, 28]


6
process id 5
stats
5, 16, 7, 100, 1000
20220820-171804
loosing coalitions taken
[1, 3, 7, 14, 22]
[1, 3, 8, 15, 16]
[3, 4, 5, 17, 26]
[1, 2, 8, 12, 21]
[1, 4, 8, 13, 14]
[1, 5, 6, 9, 25]
[1, 4, 7, 9, 17]
[2, 3, 6, 14]
[2, 4, 5, 18]
[3, 4, 6, 13, 18]
[2, 3, 5, 22]
[1, 3, 9, 10, 12]
[1, 2, 7, 13, 23]
[2, 4, 6, 12, 22]
[1, 2, 10, 11, 14]
[16, 17, 18, 19, 20, 21, 22, 23, 24, 25, 26, 27, 28]


6
process id 0
stats
5, 16, 7, 100, 1000
20220820-171805
loosing coalitions taken
[2, 4, 5, 20]
[1, 4, 8, 12, 14]
[1, 2, 9, 11, 13]
[1, 5, 6, 15, 21]
[1, 4, 7, 9, 18]
[1, 2, 8, 15, 17]
[3, 4, 6, 10, 21]
[1, 3, 7, 15, 20]
[1, 3, 8, 13, 16]
[2, 3, 5, 25]
[2, 3, 6, 14]
[3, 4, 5, 16]
[2, 3, 7, 8, 10]
[2, 4, 6, 9, 24]
[1, 2, 7, 12, 25]
[16, 17, 18, 19, 20, 21, 22, 23, 24, 25, 26, 27, 28]


6
process id 6
stats
5, 16, 7, 100, 1000
20220820-171811
loosing coalitions taken
[1, 4, 7, 9, 19]
[1, 3, 8, 11, 18]
[1, 5, 6, 16, 20]
[2, 3, 6, 14, 28]
[1, 2, 8, 14, 20]
[1, 2, 7, 15, 22]
[1, 2, 9, 12, 13]
[1, 3, 7, 16, 17]
[1, 4, 8, 10, 13]
[2, 3, 5, 25, 27]
[2, 4, 5, 18]
[3, 4, 5, 16]
[3, 4, 6, 10, 20]
[2, 3, 7, 8, 10]
[2, 4, 6, 9, 25]
[16, 17, 18, 19, 20, 21, 22, 23, 24, 25, 26, 27, 28]


