Results
Max overall: 16
Min avg pop: 0.645
Min pop: 0.6455

6
process id 7
stats
5, 16, 7, 100, 1000
20220820-171833
loosing coalitions taken
[1, 3, 9, 10, 12]
[1, 5, 6, 14, 22]
[1, 4, 7, 9, 17]
[2, 3, 5, 25]
[2, 4, 6, 16, 19]
[1, 4, 8, 10, 15]
[1, 3, 7, 15, 21]
[3, 4, 6, 13, 20]
[1, 3, 8, 11, 19]
[1, 2, 10, 11, 14]
[2, 4, 5, 18]
[2, 3, 6, 11, 27]
[3, 4, 5, 19, 23]
[1, 2, 8, 9, 20]
[1, 2, 7, 13, 22]
[16, 17, 18, 19, 20, 21, 22, 23, 24, 25, 26, 27, 28]


6
process id 2
stats
5, 16, 7, 100, 1000
20220820-171836
loosing coalitions taken
[1, 2, 8, 11, 21]
[2, 4, 6, 16, 17]
[1, 4, 8, 10, 15]
[3, 4, 6, 11, 21]
[2, 3, 5, 25]
[1, 2, 9, 10, 14]
[1, 4, 7, 9, 17]
[1, 5, 6, 13, 24]
[2, 4, 5, 18, 27]
[1, 3, 8, 12, 19]
[1, 2, 7, 16, 20]
[3, 4, 5, 19, 23]
[2, 3, 7, 8, 10]
[2, 3, 6, 9]
[1, 3, 7, 11, 23]
[16, 17, 18, 19, 20, 21, 22, 23, 24, 25, 26, 27, 28]


6
process id 5
stats
5, 16, 7, 100, 1000
20220820-171842
loosing coalitions taken
[1, 2, 7, 9, 27]
[1, 5, 6, 11, 24]
[1, 4, 7, 10, 17]
[1, 2, 10, 12, 14]
[2, 3, 6, 13]
[1, 4, 8, 9, 15]
[3, 4, 5, 17, 28]
[2, 4, 5, 18]
[2, 3, 5, 24]
[1, 3, 8, 12, 19]
[1, 2, 8, 11, 20]
[3, 4, 6, 12, 20]
[2, 4, 6, 9, 22]
[1, 3, 7, 16, 18]
[1, 3, 9, 10, 11]
[16, 17, 18, 19, 20, 21, 22, 23, 24, 25, 26, 27, 28]


6
process id 6
stats
5, 16, 7, 100, 1000
20220820-171845
loosing coalitions taken
[2, 4, 6, 9, 24]
[1, 2, 8, 15, 17]
[1, 4, 8, 12, 14]
[2, 4, 5, 20]
[1, 5, 6, 16, 18]
[1, 2, 9, 11, 14]
[1, 4, 7, 10, 17]
[1, 3, 8, 9, 18]
[2, 3, 6, 14]
[2, 3, 5, 25, 28]
[1, 2, 7, 13, 22]
[3, 4, 6, 11, 17]
[1, 3, 7, 15, 21]
[3, 4, 5, 16]
[2, 3, 7, 8, 10]
[16, 17, 18, 19, 20, 21, 22, 23, 24, 25, 26, 27, 28]


6
process id 7
stats
5, 16, 7, 100, 1000
20220820-171846
loosing coalitions taken
[1, 5, 6, 11, 25]
[3, 4, 6, 9, 22]
[1, 4, 7, 10, 19]
[1, 3, 7, 15, 21]
[1, 3, 8, 11, 19]
[1, 2, 8, 12, 21]
[1, 2, 7, 14, 24]
[2, 3, 6, 14]
[3, 4, 5, 19, 25]
[2, 4, 5, 18]
[2, 4, 6, 15, 20]
[1, 4, 8, 13, 14]
[2, 3, 7, 8, 9]
[2, 3, 5, 23]
[1, 2, 10, 11, 13]
[16, 17, 18, 19, 20, 21, 22, 23, 24, 25, 26, 27, 28]


6
process id 2
stats
5, 16, 7, 100, 1000
20220820-171852
loosing coalitions taken
[3, 4, 6, 14, 18]
[1, 5, 6, 11, 24]
[2, 4, 5, 20, 27]
[1, 2, 7, 12, 26]
[1, 2, 10, 11, 13]
[1, 2, 8, 14, 18]
[1, 4, 7, 8]
[1, 3, 7, 13, 22]
[3, 4, 5, 19, 26]
[1, 3, 8, 9, 17]
[2, 3, 5, 25]
[2, 4, 6, 15, 18]
[2, 4, 5, 21, 23]
[1, 5, 6, 10, 22]
[2, 3, 6, 10]
[16, 17, 18, 19, 20, 21, 22, 23, 24, 25, 26, 27, 28]


6
process id 0
stats
5, 16, 7, 100, 1000
20220820-171858
loosing coalitions taken
[1, 4, 8, 13, 14]
[2, 3, 7, 8, 9]
[2, 4, 6, 13, 22]
[1, 3, 8, 11, 17]
[1, 2, 8, 12, 21]
[1, 3, 7, 14, 22]
[1, 2, 10, 11, 14]
[2, 3, 6, 14]
[1, 3, 9, 10, 12]
[1, 4, 7, 9, 17]
[2, 3, 5, 25]
[2, 4, 5, 20]
[3, 4, 5, 16]
[1, 5, 6, 13, 23]
[3, 4, 6, 9, 21]
[16, 17, 18, 19, 20, 21, 22, 23, 24, 25, 26, 27, 28]


6
process id 3
stats
5, 16, 7, 100, 1000
20220820-171904
loosing coalitions taken
[1, 3, 7, 11, 22]
[2, 4, 6, 12, 23]
[1, 2, 7, 12, 26]
[3, 4, 6, 13, 21]
[2, 4, 5, 17]
[1, 3, 8, 15, 16]
[2, 3, 5, 24]
[3, 4, 5, 16, 28]
[2, 3, 6, 15, 26]
[1, 4, 7, 10, 17]
[2, 3, 7, 8, 9]
[1, 4, 8, 9, 13]
[1, 2, 9, 10, 14]
[1, 5, 6, 15, 20]
[1, 2, 8, 11, 21]
[16, 17, 18, 19, 20, 21, 22, 23, 24, 25, 26, 27, 28]


6
process id 1
stats
5, 16, 7, 100, 1000
20220820-171907
loosing coalitions taken
[3, 4, 6, 13, 20]
[1, 3, 9, 10, 11]
[1, 5, 6, 11, 24]
[2, 3, 6, 14]
[2, 4, 5, 20]
[1, 3, 8, 15, 16]
[2, 3, 5, 24, 27]
[1, 2, 7, 17, 18]
[2, 4, 6, 15, 19]
[2, 3, 7, 8, 10]
[1, 4, 7, 14, 16]
[3, 4, 5, 16]
[1, 4, 8, 10, 12]
[1, 2, 8, 11, 20]
[1, 3, 7, 13, 21]
[16, 17, 18, 19, 20, 21, 22, 23, 24, 25, 26, 27, 28]


6
process id 5
stats
5, 16, 7, 100, 1000
20220820-171911
loosing coalitions taken
[3, 4, 6, 14, 20]
[1, 4, 7, 9, 19]
[2, 4, 5, 19]
[1, 5, 6, 11, 25]
[1, 4, 8, 12, 13]
[1, 3, 7, 14, 21]
[1, 2, 8, 10, 20]
[1, 3, 9, 10, 12]
[2, 3, 5, 24]
[2, 3, 6, 12]
[3, 4, 5, 16]
[2, 3, 7, 8, 9]
[2, 4, 6, 10, 24]
[1, 3, 8, 11, 17]
[1, 2, 7, 15, 22]
[16, 17, 18, 19, 20, 21, 22, 23, 24, 25, 26, 27, 28]


6
process id 7
stats
5, 16, 7, 100, 1000
20220820-171920
loosing coalitions taken
[2, 4, 5, 20]
[1, 4, 8, 9, 15]
[1, 5, 6, 12, 23]
[1, 2, 7, 12, 26]
[1, 3, 7, 15, 20]
[1, 4, 7, 11, 16]
[1, 2, 8, 14, 18]
[3, 4, 5, 18, 24]
[2, 3, 7, 8, 9]
[2, 4, 6, 15, 21]
[1, 3, 9, 10, 11]
[3, 4, 6, 14, 20]
[2, 3, 6, 11]
[2, 3, 5, 23, 28]
[1, 3, 8, 12, 16]
[16, 17, 18, 19, 20, 21, 22, 23, 24, 25, 26, 27, 28]


6
process id 2
stats
5, 16, 7, 100, 1000
20220820-171920
loosing coalitions taken
[1, 3, 9, 10, 11]
[1, 2, 7, 11, 27]
[1, 4, 7, 10, 18]
[3, 4, 6, 15, 17]
[1, 3, 7, 14, 22]
[1, 2, 8, 14, 20]
[1, 3, 8, 12, 18]
[1, 4, 8, 9, 15]
[2, 4, 5, 20]
[1, 5, 6, 10, 25]
[2, 3, 7, 8, 9]
[2, 3, 5, 25]
[2, 3, 6, 14]
[3, 4, 5, 21, 24]
[2, 4, 6, 12, 22]
[16, 17, 18, 19, 20, 21, 22, 23, 24, 25, 26, 27, 28]


6
process id 4
stats
5, 16, 7, 100, 1000
20220820-171926
loosing coalitions taken
[2, 3, 6, 15, 27]
[2, 4, 6, 16, 18]
[2, 3, 7, 8, 9]
[1, 3, 7, 11, 22]
[2, 3, 5, 26, 28]
[2, 4, 5, 20]
[1, 3, 8, 12, 18]
[1, 2, 8, 10, 21]
[1, 4, 7, 14, 16]
[1, 5, 6, 15, 21]
[1, 2, 7, 17, 19]
[1, 4, 8, 9, 15]
[3, 4, 6, 11, 20]
[3, 4, 5, 18, 23]
[1, 2, 9, 11, 13]
[16, 17, 18, 19, 20, 21, 22, 23, 24, 25, 26, 27, 28]


6
process id 5
stats
5, 16, 7, 100, 1000
20220820-171928
loosing coalitions taken
[1, 5, 6, 13, 23]
[1, 4, 8, 9, 15]
[1, 2, 9, 12, 14]
[1, 3, 7, 15, 20]
[2, 4, 5, 20]
[1, 2, 7, 11, 26]
[1, 4, 7, 10, 17]
[3, 4, 5, 18, 23]
[3, 4, 6, 12, 17]
[2, 3, 5, 24]
[1, 3, 8, 12, 19]
[2, 4, 6, 16, 19]
[2, 3, 6, 10]
[1, 2, 8, 13, 17]
[1, 3, 9, 10, 11]
[16, 17, 18, 19, 20, 21, 22, 23, 24, 25, 26, 27, 28]


6
process id 1
stats
5, 16, 7, 100, 1000
20220820-171931
loosing coalitions taken
[1, 2, 10, 12, 14]
[2, 3, 6, 15, 26]
[1, 3, 7, 15, 21]
[1, 3, 8, 12, 17]
[2, 4, 6, 11, 22]
[2, 3, 7, 8, 9]
[2, 4, 5, 17]
[1, 3, 9, 10, 11]
[1, 4, 7, 9, 18]
[3, 4, 6, 14, 19]
[1, 4, 8, 11, 14]
[2, 3, 5, 25]
[3, 4, 5, 18, 23]
[1, 2, 8, 13, 19]
[1, 5, 6, 15, 20]
[16, 17, 18, 19, 20, 21, 22, 23, 24, 25, 26, 27, 28]


6
process id 7
stats
5, 16, 7, 100, 1000
20220820-171935
loosing coalitions taken
[2, 4, 6, 15, 20]
[1, 4, 8, 13, 14]
[1, 2, 7, 11, 26]
[1, 5, 6, 10, 25]
[1, 4, 7, 9, 19]
[1, 3, 9, 10, 12]
[1, 3, 8, 11, 17]
[1, 2, 8, 12, 20]
[2, 3, 5, 23]
[2, 3, 7, 8, 10]
[2, 4, 5, 18]
[2, 3, 6, 13]
[3, 4, 5, 17, 25]
[1, 3, 7, 14, 22]
[3, 4, 6, 12, 19]
[16, 17, 18, 19, 20, 21, 22, 23, 24, 25, 26, 27, 28]


6
process id 0
stats
5, 16, 7, 100, 1000
20220820-171945
loosing coalitions taken
[1, 2, 8, 15, 17]
[1, 3, 7, 15, 21]
[2, 4, 5, 20]
[1, 2, 7, 9]
[1, 3, 8, 11, 18]
[1, 4, 8, 12, 13]
[2, 4, 6, 14, 21]
[2, 3, 6, 12]
[3, 4, 5, 18, 23]
[2, 3, 5, 24]
[3, 4, 6, 15, 16]
[2, 3, 7, 8, 10]
[1, 5, 6, 10, 25]
[1, 4, 7, 11, 17]
[1, 2, 10, 12, 14]
[16, 17, 18, 19, 20, 21, 22, 23, 24, 25, 26, 27, 28]


6
process id 3
stats
5, 16, 7, 100, 1000
20220820-171947
loosing coalitions taken
[1, 3, 8, 15, 16]
[1, 4, 8, 11, 12]
[1, 5, 6, 10, 25]
[2, 4, 6, 16, 18]
[1, 2, 8, 14, 18]
[3, 4, 6, 12, 19]
[1, 3, 9, 10, 11]
[1, 3, 7, 12, 22]
[1, 4, 7, 9, 19]
[3, 4, 5, 18, 24]
[2, 4, 5, 19]
[1, 2, 7, 16, 21]
[2, 3, 6, 17, 21]
[1, 2, 10, 12, 13]
[2, 3, 7, 8, 10]
[16, 17, 18, 19, 20, 21, 22, 23, 24, 25, 26, 27, 28]


6
process id 5
stats
5, 16, 7, 100, 1000
20220820-171950
loosing coalitions taken
[1, 3, 7, 16, 19]
[2, 4, 5, 20]
[1, 2, 7, 14, 24]
[1, 2, 8, 9, 21]
[3, 4, 6, 14, 18]
[2, 3, 6, 13]
[1, 5, 6, 9, 26]
[1, 3, 8, 11, 18]
[3, 4, 5, 16]
[2, 3, 5, 22]
[2, 3, 7, 8, 10]
[2, 4, 6, 15, 21]
[1, 4, 7, 10, 18]
[1, 4, 8, 12, 14]
[1, 2, 10, 11, 13]
[16, 17, 18, 19, 20, 21, 22, 23, 24, 25, 26, 27, 28]


6
process id 4
stats
5, 16, 7, 100, 1000
20220820-171950
loosing coalitions taken
[2, 3, 6, 13]
[1, 4, 8, 13, 14]
[1, 5, 6, 11, 24]
[2, 4, 5, 19]
[2, 3, 5, 25]
[1, 3, 7, 12, 22]
[3, 4, 6, 14, 18]
[2, 4, 6, 12, 22]
[1, 3, 8, 15, 16]
[3, 4, 5, 16]
[1, 2, 7, 9, 28]
[2, 3, 7, 8, 10]
[1, 2, 8, 12, 17]
[1, 3, 9, 10, 11]
[1, 4, 7, 10, 16]
[16, 17, 18, 19, 20, 21, 22, 23, 24, 25, 26, 27, 28]


6
process id 0
stats
5, 16, 7, 100, 1000
20220820-171950
loosing coalitions taken
[1, 2, 10, 11, 13]
[1, 3, 9, 10, 12]
[1, 2, 8, 14, 19]
[1, 4, 8, 12, 13]
[1, 3, 8, 11, 17]
[1, 5, 6, 12, 24]
[1, 2, 7, 9]
[2, 3, 6, 17, 20]
[2, 4, 5, 20]
[2, 3, 5, 23]
[3, 4, 5, 16]
[3, 4, 6, 14, 19]
[1, 3, 7, 15, 21]
[2, 4, 6, 15, 21]
[1, 4, 7, 10, 19]
[16, 17, 18, 19, 20, 21, 22, 23, 24, 25, 26, 27, 28]


7
process id 6
stats
5, 16, 7, 100, 1000
20220820-172004
loosing coalitions taken
[1, 3, 8, 12, 17]
[1, 3, 7, 9, 23]
[1, 4, 8, 11, 14]
[1, 5, 6, 15, 21]
[1, 2, 10, 12, 13]
[1, 4, 7, 13, 16]
[1, 2, 7, 17, 18]
[2, 4, 6, 9, 24]
[2, 4, 5, 17, 27]
[2, 3, 6, 11]
[3, 4, 5, 16]
[2, 3, 5, 25, 26]
[3, 4, 6, 13, 20]
[2, 3, 7, 8, 10]
[1, 2, 8, 9, 22]
[16, 17, 18, 19, 20, 21, 22, 23, 24, 25, 26, 27, 28]


6
process id 0
stats
5, 16, 7, 100, 1000
20220820-172008
loosing coalitions taken
[1, 3, 9, 10, 11]
[1, 4, 8, 12, 14]
[3, 4, 6, 14, 20]
[1, 2, 7, 11, 27]
[1, 3, 7, 14, 22]
[1, 5, 6, 12, 24]
[1, 4, 7, 9, 19]
[2, 4, 5, 19]
[3, 4, 5, 16]
[1, 2, 8, 13, 18]
[2, 3, 6, 11]
[2, 3, 5, 24]
[2, 4, 6, 12, 21]
[1, 3, 8, 15, 16]
[2, 3, 7, 8, 10]
[16, 17, 18, 19, 20, 21, 22, 23, 24, 25, 26, 27, 28]


6
process id 4
stats
5, 16, 7, 100, 1000
20220820-172016
loosing coalitions taken
[2, 3, 5, 26, 28]
[1, 4, 8, 13, 14]
[1, 2, 7, 15, 22]
[1, 4, 7, 10, 18]
[2, 3, 6, 14]
[1, 3, 7, 16, 17]
[1, 2, 9, 12, 13]
[1, 5, 6, 9, 26]
[1, 3, 8, 11, 19]
[2, 4, 5, 20]
[2, 4, 6, 12, 23]
[3, 4, 5, 19, 24]
[2, 3, 7, 8, 9]
[3, 4, 6, 10, 20]
[1, 2, 8, 10, 20]
[16, 17, 18, 19, 20, 21, 22, 23, 24, 25, 26, 27, 28]


6
process id 3
stats
5, 16, 7, 100, 1000
20220820-172022
loosing coalitions taken
[1, 2, 7, 12, 26]
[1, 5, 6, 13, 24]
[1, 4, 8, 10, 15]
[1, 3, 9, 10, 11]
[1, 3, 7, 15, 20]
[2, 3, 6, 14, 27]
[2, 3, 7, 8, 10]
[3, 4, 6, 15, 17]
[1, 3, 8, 13, 16]
[1, 4, 7, 9, 18]
[1, 2, 8, 11, 17]
[2, 3, 5, 25, 28]
[2, 4, 5, 17, 26]
[2, 4, 6, 16, 18]
[3, 4, 5, 16]
[16, 17, 18, 19, 20, 21, 22, 23, 24, 25, 26, 27, 28]


6
process id 2
stats
5, 16, 7, 100, 1000
20220820-172029
loosing coalitions taken
[1, 2, 7, 11, 26]
[1, 3, 7, 12, 22]
[2, 3, 5, 27, 28]
[2, 3, 6, 14]
[1, 4, 8, 12, 14]
[2, 4, 5, 19]
[1, 2, 8, 15, 17]
[1, 5, 6, 13, 23]
[3, 4, 5, 20, 23]
[1, 4, 7, 13, 16]
[3, 4, 6, 10, 21]
[1, 2, 9, 10, 13]
[1, 3, 8, 10, 19]
[2, 4, 6, 9, 25]
[2, 3, 7, 8, 9]
[16, 17, 18, 19, 20, 21, 22, 23, 24, 25, 26, 27, 28]


6
process id 6
stats
5, 16, 7, 100, 1000
20220820-172036
loosing coalitions taken
[1, 2, 7, 17, 19]
[1, 5, 6, 13, 24]
[2, 3, 6, 16, 23]
[1, 4, 7, 10, 18]
[1, 2, 8, 11, 21]
[1, 2, 10, 12, 14]
[3, 4, 6, 13, 21]
[1, 3, 7, 15, 21]
[2, 3, 7, 8, 9]
[1, 3, 9, 10, 11]
[2, 4, 5, 18, 28]
[3, 4, 5, 17, 27]
[2, 3, 5, 24]
[2, 4, 6, 10, 22]
[1, 3, 8, 12, 16]
[16, 17, 18, 19, 20, 21, 22, 23, 24, 25, 26, 27, 28]


6
process id 5
stats
5, 16, 7, 100, 1000
20220820-172037
loosing coalitions taken
[1, 4, 8, 9, 15]
[2, 3, 6, 14]
[1, 4, 7, 10, 18]
[1, 3, 7, 16, 17]
[1, 3, 8, 12, 18]
[1, 2, 10, 12, 13]
[1, 5, 6, 16, 20]
[1, 3, 9, 10, 11]
[1, 2, 7, 9]
[3, 4, 5, 16]
[2, 4, 5, 19, 28]
[2, 3, 5, 23]
[2, 4, 6, 15, 18]
[1, 2, 8, 11, 20]
[3, 4, 6, 12, 21]
[16, 17, 18, 19, 20, 21, 22, 23, 24, 25, 26, 27, 28]


6
process id 1
stats
5, 16, 7, 100, 1000
20220820-172042
loosing coalitions taken
[1, 3, 9, 10, 11]
[1, 2, 7, 9]
[1, 4, 8, 12, 14]
[2, 3, 6, 14]
[2, 4, 5, 21, 26]
[2, 4, 6, 13, 20]
[3, 4, 5, 19, 25]
[3, 4, 6, 15, 17]
[1, 2, 8, 11, 18]
[2, 3, 5, 24]
[1, 5, 6, 15, 18]
[2, 5, 6, 8, 9]
[1, 3, 7, 15, 20]
[1, 4, 7, 11, 16]
[1, 2, 10, 12, 13]
[16, 17, 18, 19, 20, 21, 22, 23, 24, 25, 26, 27, 28]


6
process id 7
stats
5, 16, 7, 100, 1000
20220820-172049
loosing coalitions taken
[1, 3, 8, 11, 18]
[2, 4, 5, 20]
[3, 4, 6, 13, 21]
[1, 5, 6, 11, 24]
[1, 2, 7, 17, 19]
[1, 2, 10, 12, 13]
[2, 3, 6, 11]
[2, 3, 5, 22]
[1, 4, 8, 9, 14]
[2, 4, 6, 15, 17]
[1, 4, 7, 12, 16]
[1, 3, 7, 14, 20]
[2, 3, 7, 8, 9]
[3, 4, 5, 18, 24]
[1, 2, 8, 15, 16]
[16, 17, 18, 19, 20, 21, 22, 23, 24, 25, 26, 27, 28]


6
process id 4
stats
5, 16, 7, 100, 1000
20220820-172050
loosing coalitions taken
[1, 2, 7, 9, 27]
[1, 3, 8, 12, 18]
[2, 4, 5, 22, 24]
[1, 2, 10, 11, 14]
[3, 4, 5, 16]
[1, 5, 6, 10, 26]
[1, 3, 7, 15, 20]
[1, 4, 8, 9, 15]
[2, 3, 6, 13]
[3, 4, 6, 11, 19]
[2, 3, 5, 23]
[1, 4, 7, 13, 16]
[2, 4, 6, 14, 21]
[2, 3, 7, 8, 10]
[1, 2, 8, 13, 19]
[16, 17, 18, 19, 20, 21, 22, 23, 24, 25, 26, 27, 28]


5
process id 1
stats
5, 16, 7, 100, 1000
20220820-172050
loosing coalitions taken
[1, 4, 7, 10, 18]
[1, 3, 7, 11, 23]
[1, 3, 9, 10, 12]
[3, 4, 5, 18, 25]
[2, 3, 6, 15, 26]
[2, 4, 5, 20]
[1, 4, 8, 11, 14]
[1, 2, 8, 10, 21]
[3, 4, 6, 14, 19]
[1, 2, 9, 11, 13]
[1, 3, 8, 15, 16]
[1, 5, 6, 15, 19]
[2, 3, 5, 24]
[2, 4, 6, 11, 22]
[1, 2, 7, 12, 26]
[16, 17, 18, 19, 20, 21, 22, 23, 24, 25, 26, 27, 28]


6
process id 2
stats
5, 16, 7, 100, 1000
20220820-172051
loosing coalitions taken
[1, 3, 8, 11, 19]
[1, 2, 7, 17, 18]
[1, 5, 6, 12, 24]
[1, 3, 9, 10, 12]
[2, 3, 6, 16, 23]
[2, 3, 5, 25]
[1, 4, 8, 9, 14]
[1, 2, 8, 12, 20]
[2, 4, 6, 15, 19]
[2, 4, 5, 18]
[3, 4, 5, 16, 28]
[2, 3, 7, 8, 10]
[1, 2, 9, 11, 13]
[3, 4, 6, 11, 21]
[1, 4, 7, 13, 16]
[16, 17, 18, 19, 20, 21, 22, 23, 24, 25, 26, 27, 28]


6
process id 1
stats
5, 16, 7, 100, 1000
20220820-172056
loosing coalitions taken
[1, 4, 8, 13, 14]
[1, 3, 8, 12, 17]
[1, 3, 9, 10, 11]
[1, 3, 7, 16, 18]
[1, 4, 7, 9, 17]
[1, 2, 8, 9, 22]
[3, 4, 5, 19, 25]
[1, 2, 10, 12, 14]
[3, 4, 6, 14, 20]
[2, 4, 6, 16, 19]
[2, 3, 6, 9]
[2, 4, 5, 20]
[1, 2, 7, 11, 27]
[2, 3, 5, 22]
[1, 5, 6, 10, 23]
[16, 17, 18, 19, 20, 21, 22, 23, 24, 25, 26, 27, 28]


6
process id 6
stats
5, 16, 7, 100, 1000
20220820-172059
loosing coalitions taken
[1, 3, 9, 10, 12]
[1, 5, 6, 11, 24]
[1, 3, 7, 15, 20]
[1, 4, 7, 9, 18]
[1, 4, 8, 12, 14]
[2, 3, 7, 8, 9]
[3, 4, 5, 20, 24]
[1, 3, 8, 11, 17]
[2, 3, 6, 15, 27]
[3, 4, 6, 12, 21]
[1, 2, 10, 11, 14]
[2, 3, 5, 25]
[2, 4, 6, 14, 20]
[1, 2, 7, 13, 24]
[1, 2, 8, 15, 16]
[16, 17, 18, 19, 20, 21, 22, 23, 24, 25, 26, 27, 28]


6
process id 5
stats
5, 16, 7, 100, 1000
20220820-172108
loosing coalitions taken
[1, 3, 8, 10, 19]
[1, 2, 8, 15, 17]
[1, 2, 7, 13, 25]
[2, 3, 6, 14]
[1, 4, 7, 10, 17]
[1, 4, 8, 12, 14]
[2, 3, 5, 23]
[3, 4, 5, 16]
[2, 3, 7, 8, 9]
[2, 4, 6, 16, 19]
[1, 5, 6, 10, 26]
[3, 4, 6, 12, 21]
[2, 4, 5, 21, 27]
[1, 3, 7, 11, 21]
[1, 2, 9, 11, 12]
[16, 17, 18, 19, 20, 21, 22, 23, 24, 25, 26, 27, 28]


6
process id 7
stats
5, 16, 7, 100, 1000
20220820-172112
loosing coalitions taken
[1, 2, 7, 11, 27]
[2, 3, 6, 14]
[1, 3, 7, 15, 21]
[1, 4, 8, 13, 14]
[1, 3, 8, 11, 18]
[1, 2, 8, 15, 17]
[1, 5, 6, 16, 19]
[1, 3, 9, 10, 12]
[2, 4, 5, 20]
[2, 3, 5, 23]
[3, 4, 5, 16]
[3, 4, 6, 13, 20]
[1, 4, 7, 10, 17]
[2, 4, 6, 15, 21]
[2, 3, 7, 8, 10]
[16, 17, 18, 19, 20, 21, 22, 23, 24, 25, 26, 27, 28]


6
process id 3
stats
5, 16, 7, 100, 1000
20220820-172114
loosing coalitions taken
[1, 3, 7, 16, 17]
[1, 4, 8, 10, 15]
[1, 2, 10, 11, 13]
[1, 3, 8, 11, 19]
[1, 5, 6, 13, 23]
[1, 2, 7, 14, 22]
[2, 4, 5, 18]
[3, 4, 5, 17, 26]
[2, 3, 6, 9]
[2, 3, 5, 22]
[2, 4, 6, 11, 24]
[1, 2, 8, 9, 20]
[3, 4, 6, 10, 20]
[3, 5, 6, 7, 15]
[1, 3, 9, 10, 12]
[16, 17, 18, 19, 20, 21, 22, 23, 24, 25, 26, 27, 28]


6
process id 0
stats
5, 16, 7, 100, 1000
20220820-172116
loosing coalitions taken
[1, 3, 7, 15, 21]
[1, 4, 7, 10, 18]
[2, 3, 7, 8, 9]
[1, 2, 7, 14, 23]
[2, 3, 6, 14]
[1, 5, 6, 16, 17]
[2, 4, 5, 19]
[3, 4, 5, 17, 24]
[1, 2, 9, 11, 13]
[2, 4, 6, 15, 18]
[1, 2, 8, 12, 20]
[1, 4, 8, 9, 14]
[2, 3, 5, 23]
[3, 4, 6, 11, 20]
[1, 3, 8, 11, 16]
[16, 17, 18, 19, 20, 21, 22, 23, 24, 25, 26, 27, 28]


6
process id 1
stats
5, 16, 7, 100, 1000
20220820-172124
loosing coalitions taken
[1, 5, 6, 9, 26]
[1, 4, 8, 13, 14]
[1, 2, 8, 12, 21]
[2, 4, 5, 20, 28]
[3, 4, 5, 18, 26]
[1, 4, 7, 10, 18]
[1, 2, 7, 9]
[2, 3, 6, 10]
[1, 3, 7, 16, 19]
[2, 3, 5, 25]
[2, 4, 6, 15, 18]
[1, 3, 9, 10, 12]
[3, 4, 6, 13, 20]
[1, 3, 8, 11, 17]
[1, 2, 10, 11, 14]
[16, 17, 18, 19, 20, 21, 22, 23, 24, 25, 26, 27, 28]


6
process id 0
stats
5, 16, 7, 100, 1000
20220820-172138
loosing coalitions taken
[2, 3, 6, 14]
[1, 3, 7, 15, 20]
[1, 3, 9, 10, 12]
[1, 4, 8, 13, 14]
[1, 2, 10, 11, 13]
[1, 2, 7, 9]
[1, 5, 6, 16, 18]
[2, 4, 5, 20]
[2, 4, 6, 10, 22]
[2, 3, 5, 25]
[3, 4, 5, 16]
[1, 2, 8, 12, 18]
[1, 3, 8, 11, 19]
[1, 4, 7, 10, 17]
[3, 4, 6, 9, 21]
[16, 17, 18, 19, 20, 21, 22, 23, 24, 25, 26, 27, 28]


6
process id 4
stats
5, 16, 7, 100, 1000
20220820-172141
loosing coalitions taken
[1, 5, 6, 14, 22]
[1, 3, 8, 10, 18]
[1, 4, 8, 12, 13]
[3, 4, 6, 13, 20]
[2, 3, 5, 24]
[2, 4, 6, 10, 23]
[2, 4, 5, 20]
[2, 3, 6, 12]
[1, 2, 7, 16, 18]
[1, 2, 8, 15, 17]
[2, 3, 7, 8, 9]
[1, 3, 7, 12, 21]
[1, 2, 10, 12, 14]
[1, 4, 7, 10, 19]
[3, 4, 5, 18, 26]
[16, 17, 18, 19, 20, 21, 22, 23, 24, 25, 26, 27, 28]


6
process id 7
stats
5, 16, 7, 100, 1000
20220820-172143
loosing coalitions taken
[1, 4, 7, 9, 18]
[2, 3, 5, 25]
[1, 2, 9, 12, 14]
[1, 3, 9, 10, 11]
[1, 4, 8, 10, 15]
[1, 3, 7, 16, 17]
[1, 5, 6, 12, 24]
[1, 2, 8, 13, 20]
[1, 2, 7, 10, 26]
[2, 3, 6, 11, 28]
[2, 4, 5, 17]
[3, 4, 6, 13, 18]
[3, 4, 5, 20, 24]
[1, 3, 8, 12, 18]
[2, 4, 6, 15, 21]
[16, 17, 18, 19, 20, 21, 22, 23, 24, 25, 26, 27, 28]


6
process id 3
stats
5, 16, 7, 100, 1000
20220820-172213
loosing coalitions taken
[1, 3, 9, 10, 12]
[1, 2, 9, 11, 13]
[3, 4, 5, 17, 26]
[2, 3, 6, 14]
[2, 4, 5, 18]
[2, 3, 5, 23]
[3, 4, 6, 13, 20]
[2, 4, 6, 9, 24]
[1, 3, 7, 15, 17]
[1, 3, 8, 13, 16]
[1, 2, 7, 10, 28]
[1, 4, 8, 10, 15]
[1, 5, 6, 15, 20]
[2, 3, 7, 8, 9]
[1, 4, 7, 11, 16]
[16, 17, 18, 19, 20, 21, 22, 23, 24, 25, 26, 27, 28]


6
process id 6
stats
5, 16, 7, 100, 1000
20220820-172215
loosing coalitions taken
[1, 5, 6, 16, 19]
[1, 3, 8, 11, 19]
[2, 3, 7, 8, 9]
[1, 2, 8, 12, 21]
[1, 3, 7, 12, 22]
[1, 4, 8, 13, 14]
[2, 4, 5, 20]
[2, 3, 6, 14]
[2, 3, 5, 23]
[2, 4, 6, 11, 24]
[3, 4, 5, 16]
[1, 4, 7, 10, 17]
[1, 2, 7, 11, 26]
[3, 4, 6, 13, 20]
[1, 2, 9, 10, 14]
[16, 17, 18, 19, 20, 21, 22, 23, 24, 25, 26, 27, 28]


6
process id 4
stats
5, 16, 7, 100, 1000
20220820-172222
loosing coalitions taken
[1, 2, 8, 13, 20]
[2, 3, 7, 8, 9]
[1, 4, 7, 14, 16]
[3, 4, 6, 12, 21]
[1, 3, 8, 11, 18]
[1, 3, 7, 10, 24]
[1, 2, 7, 15, 22]
[2, 3, 6, 13]
[1, 5, 6, 12, 23]
[1, 2, 9, 11, 14]
[2, 4, 5, 18]
[2, 3, 5, 22]
[1, 4, 8, 10, 12]
[3, 4, 5, 16]
[2, 4, 6, 15, 17]
[16, 17, 18, 19, 20, 21, 22, 23, 24, 25, 26, 27, 28]


