Results
Max overall: 16
Min avg pop: 0.645
Min pop: 0.649

6
process id 4
stats
5, 16, 7, 100, 1000
20220820-174809
loosing coalitions taken
[1, 2, 8, 15, 17]
[1, 5, 6, 9, 26]
[1, 3, 7, 14, 22]
[1, 2, 7, 9]
[3, 4, 6, 13, 21]
[1, 3, 8, 11, 19]
[2, 3, 5, 25]
[2, 4, 5, 20]
[2, 3, 6, 15, 26]
[1, 4, 8, 13, 14]
[2, 4, 6, 16, 18]
[1, 2, 10, 11, 13]
[1, 4, 7, 10, 18]
[1, 3, 9, 10, 12]
[3, 4, 5, 18, 27]
[16, 17, 18, 19, 20, 21, 22, 23, 24, 25, 26, 27, 28]


6
process id 2
stats
5, 16, 7, 100, 1000
20220820-174810
loosing coalitions taken
[1, 2, 8, 15, 17]
[1, 3, 9, 10, 11]
[1, 2, 7, 11, 27]
[1, 3, 8, 12, 18]
[3, 4, 6, 15, 17]
[1, 2, 10, 12, 14]
[2, 4, 6, 16, 18]
[1, 4, 8, 13, 14]
[1, 3, 7, 16, 17]
[2, 4, 5, 20]
[3, 4, 5, 21, 23]
[2, 3, 5, 25]
[1, 5, 6, 13, 24]
[1, 4, 7, 10, 19]
[2, 3, 7, 8, 10]
[16, 17, 18, 19, 20, 21, 22, 23, 24, 25, 26, 27, 28]


6
process id 3
stats
5, 16, 7, 100, 1000
20220820-174812
loosing coalitions taken
[1, 2, 8, 9, 22]
[1, 2, 10, 12, 14]
[1, 2, 7, 11, 27]
[1, 3, 8, 12, 18]
[1, 5, 6, 11, 25]
[2, 4, 5, 20]
[3, 4, 6, 9, 22]
[2, 3, 6, 15, 27]
[1, 3, 9, 10, 11]
[2, 3, 5, 25]
[1, 3, 7, 15, 21]
[1, 4, 7, 10, 19]
[2, 4, 6, 16, 18]
[3, 4, 5, 18, 26]
[2, 3, 7, 8, 10]
[16, 17, 18, 19, 20, 21, 22, 23, 24, 25, 26, 27, 28]


6
process id 7
stats
5, 16, 7, 100, 1000
20220820-174816
loosing coalitions taken
[1, 5, 6, 16, 20]
[1, 2, 10, 11, 14]
[1, 4, 7, 11, 17]
[1, 2, 8, 9, 22]
[1, 2, 7, 12, 26]
[3, 4, 5, 21, 23]
[3, 4, 6, 9, 22]
[2, 4, 6, 16, 19]
[1, 4, 8, 10, 15]
[1, 3, 8, 12, 19]
[2, 3, 5, 25]
[2, 4, 5, 20]
[1, 3, 7, 15, 21]
[2, 3, 6, 15, 26]
[2, 3, 7, 8, 10]
[16, 17, 18, 19, 20, 21, 22, 23, 24, 25, 26, 27, 28]


6
process id 2
stats
5, 16, 7, 100, 1000
20220820-174816
loosing coalitions taken
[2, 3, 6, 15, 27]
[3, 4, 6, 13, 21]
[1, 5, 6, 13, 23]
[3, 4, 5, 17, 27]
[2, 4, 6, 16, 19]
[1, 4, 7, 11, 17]
[1, 3, 7, 16, 19]
[1, 3, 8, 11, 18]
[1, 4, 8, 10, 15]
[1, 2, 10, 12, 13]
[2, 4, 5, 20]
[2, 3, 5, 25]
[1, 2, 7, 9]
[1, 2, 8, 14, 20]
[2, 3, 7, 8, 10]
[16, 17, 18, 19, 20, 21, 22, 23, 24, 25, 26, 27, 28]


6
process id 1
stats
5, 16, 7, 100, 1000
20220820-174817
loosing coalitions taken
[2, 4, 5, 20]
[1, 3, 7, 16, 19]
[3, 4, 6, 15, 17]
[1, 5, 6, 13, 23]
[1, 2, 10, 12, 13]
[1, 2, 7, 9]
[1, 4, 8, 13, 14]
[2, 3, 6, 16, 24]
[1, 3, 8, 9, 20]
[2, 4, 6, 13, 22]
[3, 4, 5, 19, 26]
[2, 3, 7, 8, 10]
[2, 3, 5, 25]
[1, 4, 7, 11, 17]
[1, 2, 8, 15, 17]
[16, 17, 18, 19, 20, 21, 22, 23, 24, 25, 26, 27, 28]


6
process id 6
stats
5, 16, 7, 100, 1000
20220820-174820
loosing coalitions taken
[1, 3, 8, 9, 20]
[1, 5, 6, 13, 23]
[3, 4, 6, 9, 22]
[1, 2, 8, 15, 17]
[2, 4, 5, 20]
[1, 2, 10, 12, 14]
[1, 3, 7, 14, 22]
[1, 2, 7, 9]
[3, 4, 5, 18, 26]
[1, 4, 7, 11, 17]
[1, 4, 8, 13, 14]
[2, 3, 5, 25]
[2, 4, 6, 16, 18]
[2, 3, 6, 15, 27]
[2, 3, 7, 8, 10]
[16, 17, 18, 19, 20, 21, 22, 23, 24, 25, 26, 27, 28]


6
process id 7
stats
5, 16, 7, 100, 1000
20220820-174822
loosing coalitions taken
[2, 4, 5, 20]
[1, 3, 8, 11, 18]
[3, 4, 6, 13, 21]
[1, 2, 7, 9]
[2, 3, 6, 16, 24]
[2, 3, 5, 25]
[1, 4, 7, 11, 17]
[1, 2, 10, 11, 13]
[3, 4, 5, 19, 26]
[1, 5, 6, 10, 25]
[1, 4, 8, 13, 14]
[1, 3, 9, 10, 12]
[1, 2, 8, 15, 17]
[2, 4, 6, 9, 25]
[1, 3, 7, 13, 22]
[16, 17, 18, 19, 20, 21, 22, 23, 24, 25, 26, 27, 28]


6
process id 5
stats
5, 16, 7, 100, 1000
20220820-174826
loosing coalitions taken
[3, 4, 6, 9, 22]
[2, 4, 5, 20]
[1, 5, 6, 10, 26]
[2, 3, 6, 15, 27]
[1, 3, 8, 11, 19]
[1, 3, 7, 13, 22]
[1, 3, 9, 10, 12]
[1, 2, 7, 9]
[2, 3, 5, 25]
[2, 3, 7, 8, 10]
[3, 4, 5, 17, 26]
[2, 4, 6, 16, 18]
[1, 2, 8, 15, 17]
[1, 2, 10, 11, 14]
[1, 4, 7, 11, 17]
[16, 17, 18, 19, 20, 21, 22, 23, 24, 25, 26, 27, 28]


6
process id 1
stats
5, 16, 7, 100, 1000
20220820-174828
loosing coalitions taken
[2, 3, 6, 15, 27]
[1, 3, 8, 15, 16]
[1, 2, 7, 17, 18]
[1, 2, 8, 14, 20]
[3, 4, 6, 9, 22]
[2, 4, 6, 12, 23]
[1, 3, 9, 10, 11]
[1, 4, 7, 10, 19]
[1, 5, 6, 13, 23]
[2, 3, 5, 25]
[1, 2, 10, 12, 13]
[1, 3, 7, 14, 22]
[2, 4, 5, 20]
[2, 3, 7, 8, 10]
[3, 4, 5, 19, 26]
[16, 17, 18, 19, 20, 21, 22, 23, 24, 25, 26, 27, 28]


7
process id 0
stats
5, 16, 7, 100, 1000
20220820-174830
loosing coalitions taken
[1, 2, 7, 9]
[2, 4, 6, 16, 18]
[1, 3, 8, 12, 19]
[1, 5, 6, 13, 24]
[1, 4, 8, 13, 14]
[3, 4, 5, 17, 28]
[3, 4, 6, 9, 22]
[2, 4, 5, 20]
[1, 3, 7, 13, 22]
[2, 3, 5, 25]
[2, 3, 7, 8, 10]
[1, 2, 10, 11, 14]
[2, 3, 6, 15, 26]
[1, 2, 8, 15, 17]
[1, 4, 7, 10, 18]
[16, 17, 18, 19, 20, 21, 22, 23, 24, 25, 26, 27, 28]


6
process id 4
stats
5, 16, 7, 100, 1000
20220820-174832
loosing coalitions taken
[1, 2, 10, 11, 14]
[1, 3, 7, 14, 22]
[1, 3, 9, 10, 12]
[2, 4, 5, 20]
[2, 3, 6, 15, 27]
[3, 4, 6, 9, 22]
[1, 3, 8, 15, 16]
[1, 4, 7, 11, 17]
[3, 4, 5, 17, 28]
[1, 2, 7, 9]
[2, 3, 5, 25]
[1, 5, 6, 10, 26]
[2, 3, 7, 8, 10]
[1, 2, 8, 13, 20]
[2, 4, 6, 11, 23]
[16, 17, 18, 19, 20, 21, 22, 23, 24, 25, 26, 27, 28]


6
process id 6
stats
5, 16, 7, 100, 1000
20220820-174837
loosing coalitions taken
[3, 4, 6, 15, 17]
[1, 3, 8, 11, 19]
[2, 4, 6, 13, 22]
[1, 4, 8, 13, 14]
[3, 4, 5, 21, 23]
[1, 2, 10, 12, 14]
[2, 4, 5, 20]
[2, 3, 6, 16, 23]
[1, 2, 8, 15, 17]
[1, 2, 7, 9]
[1, 3, 7, 14, 22]
[2, 3, 7, 8, 10]
[1, 5, 6, 9, 26]
[2, 3, 5, 25]
[1, 4, 7, 10, 18]
[16, 17, 18, 19, 20, 21, 22, 23, 24, 25, 26, 27, 28]


6
process id 3
stats
5, 16, 7, 100, 1000
20220820-174838
loosing coalitions taken
[1, 2, 7, 17, 19]
[2, 4, 6, 14, 22]
[3, 4, 6, 15, 17]
[1, 2, 8, 9, 22]
[1, 3, 7, 14, 22]
[1, 3, 9, 10, 12]
[1, 2, 10, 11, 14]
[2, 4, 5, 20]
[2, 3, 6, 16, 24]
[1, 3, 8, 11, 19]
[2, 3, 5, 25]
[1, 4, 8, 13, 14]
[2, 3, 7, 8, 10]
[1, 5, 6, 13, 24]
[3, 4, 5, 21, 24]
[16, 17, 18, 19, 20, 21, 22, 23, 24, 25, 26, 27, 28]


6
process id 4
stats
5, 16, 7, 100, 1000
20220820-174838
loosing coalitions taken
[1, 3, 7, 15, 21]
[1, 2, 9, 12, 14]
[3, 4, 6, 9, 22]
[1, 3, 8, 12, 18]
[1, 2, 8, 15, 17]
[1, 2, 7, 11, 27]
[1, 3, 9, 10, 11]
[1, 4, 7, 10, 19]
[1, 4, 8, 13, 14]
[2, 3, 7, 8, 10]
[1, 5, 6, 13, 24]
[2, 3, 6, 16, 23]
[2, 3, 5, 25]
[3, 4, 5, 21, 24]
[2, 4, 5, 20]
[16, 17, 18, 19, 20, 21, 22, 23, 24, 25, 26, 27, 28]


6
process id 5
stats
5, 16, 7, 100, 1000
20220820-174841
loosing coalitions taken
[3, 4, 6, 15, 17]
[1, 2, 7, 9]
[1, 4, 8, 10, 15]
[2, 4, 5, 20]
[1, 3, 8, 11, 18]
[2, 3, 5, 25]
[1, 3, 9, 10, 12]
[2, 3, 6, 16, 23]
[1, 2, 10, 11, 14]
[2, 4, 6, 14, 22]
[1, 5, 6, 13, 24]
[2, 3, 7, 8, 10]
[1, 3, 7, 16, 17]
[3, 4, 5, 18, 26]
[1, 2, 8, 13, 20]
[16, 17, 18, 19, 20, 21, 22, 23, 24, 25, 26, 27, 28]


6
process id 1
stats
5, 16, 7, 100, 1000
20220820-174842
loosing coalitions taken
[2, 4, 5, 20]
[1, 5, 6, 13, 23]
[3, 4, 6, 9, 22]
[2, 3, 6, 15, 27]
[1, 2, 7, 15, 22]
[2, 3, 5, 25]
[3, 4, 5, 17, 26]
[1, 2, 9, 12, 14]
[2, 4, 6, 16, 18]
[1, 3, 8, 11, 17]
[1, 4, 7, 10, 18]
[1, 2, 10, 11, 13]
[2, 3, 7, 8, 10]
[1, 4, 8, 13, 14]
[1, 3, 7, 16, 19]
[16, 17, 18, 19, 20, 21, 22, 23, 24, 25, 26, 27, 28]


6
process id 0
stats
5, 16, 7, 100, 1000
20220820-174843
loosing coalitions taken
[1, 3, 8, 12, 18]
[2, 4, 5, 21, 28]
[3, 4, 6, 14, 20]
[1, 5, 6, 13, 24]
[1, 2, 7, 9]
[3, 4, 5, 17, 27]
[2, 3, 5, 25]
[1, 2, 10, 11, 14]
[2, 3, 6, 15, 26]
[2, 4, 6, 13, 22]
[1, 3, 7, 16, 17]
[1, 4, 8, 10, 15]
[2, 3, 7, 8, 10]
[1, 2, 8, 13, 20]
[2, 5, 6, 7, 16]
[16, 17, 18, 19, 20, 21, 22, 23, 24, 25, 26, 27, 28]


6
process id 4
stats
5, 16, 7, 100, 1000
20220820-174845
loosing coalitions taken
[1, 5, 6, 11, 25]
[2, 4, 5, 21, 27]
[1, 4, 8, 10, 15]
[1, 2, 9, 12, 14]
[1, 3, 9, 10, 11]
[3, 4, 6, 13, 21]
[1, 3, 7, 14, 22]
[3, 4, 5, 18, 26]
[2, 3, 6, 16, 23]
[1, 3, 8, 12, 18]
[1, 2, 7, 17, 18]
[2, 3, 5, 25]
[1, 2, 8, 13, 20]
[2, 4, 6, 11, 24]
[3, 5, 6, 7, 15]
[16, 17, 18, 19, 20, 21, 22, 23, 24, 25, 26, 27, 28]


6
process id 2
stats
5, 16, 7, 100, 1000
20220820-174847
loosing coalitions taken
[1, 5, 6, 11, 25]
[3, 4, 6, 13, 21]
[2, 4, 5, 20]
[1, 3, 8, 15, 16]
[1, 2, 7, 11, 27]
[1, 4, 8, 13, 14]
[1, 3, 7, 13, 22]
[3, 4, 5, 18, 26]
[2, 3, 7, 8, 10]
[1, 2, 10, 12, 13]
[1, 2, 8, 9, 22]
[1, 4, 7, 10, 19]
[2, 3, 5, 25]
[2, 4, 6, 16, 17]
[2, 3, 6, 15, 27]
[16, 17, 18, 19, 20, 21, 22, 23, 24, 25, 26, 27, 28]


6
process id 4
stats
5, 16, 7, 100, 1000
20220820-174851
loosing coalitions taken
[1, 5, 6, 13, 24]
[1, 4, 7, 11, 17]
[1, 3, 7, 15, 21]
[3, 4, 6, 13, 21]
[1, 2, 8, 15, 17]
[2, 4, 5, 20]
[1, 2, 9, 12, 14]
[1, 4, 8, 13, 14]
[1, 3, 8, 12, 19]
[2, 3, 6, 16, 23]
[2, 3, 5, 25]
[3, 4, 5, 17, 28]
[1, 2, 7, 10, 28]
[1, 3, 9, 10, 11]
[2, 4, 6, 11, 24]
[16, 17, 18, 19, 20, 21, 22, 23, 24, 25, 26, 27, 28]


6
process id 0
stats
5, 16, 7, 100, 1000
20220820-174854
loosing coalitions taken
[2, 4, 5, 20]
[1, 5, 6, 11, 25]
[3, 4, 6, 13, 21]
[1, 3, 7, 16, 17]
[2, 3, 6, 15, 27]
[2, 3, 7, 8, 10]
[3, 4, 5, 17, 27]
[1, 2, 8, 14, 20]
[1, 4, 8, 10, 15]
[1, 3, 9, 10, 12]
[2, 4, 6, 14, 22]
[1, 2, 7, 9]
[2, 3, 5, 25]
[1, 3, 8, 11, 18]
[1, 2, 10, 11, 13]
[16, 17, 18, 19, 20, 21, 22, 23, 24, 25, 26, 27, 28]


6
process id 3
stats
5, 16, 7, 100, 1000
20220820-174856
loosing coalitions taken
[1, 2, 9, 12, 14]
[1, 2, 8, 15, 17]
[1, 3, 7, 15, 21]
[1, 3, 9, 10, 11]
[2, 3, 6, 15, 27]
[1, 4, 7, 11, 17]
[3, 4, 5, 18, 26]
[2, 4, 6, 11, 24]
[2, 4, 5, 20]
[1, 5, 6, 13, 23]
[1, 4, 8, 13, 14]
[1, 3, 8, 12, 18]
[2, 3, 7, 8, 10]
[3, 4, 6, 9, 22]
[1, 2, 7, 13, 25]
[16, 17, 18, 19, 20, 21, 22, 23, 24, 25, 26, 27, 28]


6
process id 2
stats
5, 16, 7, 100, 1000
20220820-174859
loosing coalitions taken
[2, 4, 5, 20]
[1, 3, 9, 10, 12]
[1, 2, 8, 15, 17]
[1, 5, 6, 10, 26]
[1, 2, 10, 11, 14]
[3, 4, 6, 9, 22]
[1, 2, 7, 9]
[1, 3, 8, 11, 19]
[2, 3, 5, 25]
[1, 4, 8, 13, 14]
[2, 3, 6, 16, 24]
[3, 4, 5, 17, 26]
[1, 3, 7, 16, 17]
[2, 4, 6, 12, 23]
[2, 3, 7, 8, 10]
[16, 17, 18, 19, 20, 21, 22, 23, 24, 25, 26, 27, 28]


6
process id 5
stats
5, 16, 7, 100, 1000
20220820-174904
loosing coalitions taken
[1, 2, 7, 17, 19]
[1, 3, 7, 16, 18]
[1, 4, 8, 10, 15]
[3, 4, 5, 18, 27]
[1, 3, 9, 10, 12]
[2, 4, 5, 20]
[1, 2, 8, 9, 22]
[1, 3, 8, 11, 19]
[3, 4, 6, 9, 22]
[1, 5, 6, 11, 25]
[3, 5, 6, 7, 15]
[2, 3, 5, 25]
[2, 4, 6, 12, 23]
[1, 2, 10, 11, 13]
[2, 3, 6, 16, 24]
[16, 17, 18, 19, 20, 21, 22, 23, 24, 25, 26, 27, 28]


6
process id 1
stats
5, 16, 7, 100, 1000
20220820-174907
loosing coalitions taken
[3, 4, 5, 17, 27]
[1, 2, 7, 11, 27]
[3, 4, 6, 14, 20]
[1, 3, 7, 13, 22]
[1, 5, 6, 9, 26]
[2, 4, 6, 15, 21]
[1, 2, 10, 12, 13]
[2, 4, 5, 20]
[3, 5, 6, 7, 15]
[2, 3, 7, 8, 10]
[1, 4, 8, 13, 14]
[1, 3, 8, 12, 18]
[2, 3, 6, 16, 24]
[1, 3, 9, 10, 11]
[1, 2, 8, 15, 17]
[16, 17, 18, 19, 20, 21, 22, 23, 24, 25, 26, 27, 28]


6
process id 3
stats
5, 16, 7, 100, 1000
20220820-174912
loosing coalitions taken
[3, 4, 6, 15, 17]
[1, 3, 8, 9, 20]
[2, 3, 6, 16, 24]
[2, 4, 5, 20]
[1, 3, 7, 16, 18]
[1, 2, 10, 12, 14]
[1, 4, 7, 11, 17]
[1, 5, 6, 9, 26]
[1, 2, 7, 9]
[2, 3, 7, 8, 10]
[2, 3, 5, 25]
[3, 4, 5, 21, 24]
[1, 4, 8, 13, 14]
[2, 4, 6, 13, 22]
[1, 2, 8, 15, 17]
[16, 17, 18, 19, 20, 21, 22, 23, 24, 25, 26, 27, 28]


6
process id 1
stats
5, 16, 7, 100, 1000
20220820-174913
loosing coalitions taken
[1, 2, 7, 17, 18]
[3, 4, 6, 9, 22]
[2, 4, 5, 20]
[2, 3, 6, 15, 27]
[1, 3, 7, 11, 23]
[1, 3, 9, 10, 12]
[1, 4, 7, 10, 19]
[1, 2, 8, 9, 22]
[1, 5, 6, 13, 23]
[1, 3, 8, 15, 16]
[2, 4, 6, 16, 18]
[1, 4, 8, 13, 14]
[2, 3, 7, 8, 10]
[2, 3, 5, 25]
[3, 4, 5, 21, 24]
[16, 17, 18, 19, 20, 21, 22, 23, 24, 25, 26, 27, 28]


6
process id 2
stats
5, 16, 7, 100, 1000
20220820-174915
loosing coalitions taken
[2, 4, 5, 20]
[1, 3, 8, 12, 19]
[1, 3, 9, 10, 11]
[1, 2, 10, 12, 14]
[1, 5, 6, 11, 25]
[1, 2, 7, 9]
[1, 4, 8, 10, 15]
[2, 3, 5, 25]
[2, 3, 7, 8, 10]
[3, 4, 5, 18, 26]
[2, 4, 6, 16, 19]
[1, 3, 7, 13, 22]
[2, 3, 6, 15, 27]
[1, 2, 8, 13, 20]
[3, 4, 6, 13, 21]
[16, 17, 18, 19, 20, 21, 22, 23, 24, 25, 26, 27, 28]


7
process id 7
stats
5, 16, 7, 100, 1000
20220820-174922
loosing coalitions taken
[2, 3, 6, 15, 27]
[1, 5, 6, 13, 24]
[2, 4, 5, 20]
[1, 2, 7, 9]
[1, 3, 8, 12, 19]
[3, 4, 5, 17, 26]
[2, 3, 5, 25]
[1, 2, 10, 11, 14]
[3, 4, 6, 9, 22]
[1, 4, 7, 10, 18]
[2, 4, 6, 11, 23]
[1, 3, 7, 14, 22]
[1, 4, 8, 13, 14]
[2, 3, 7, 8, 10]
[1, 2, 8, 15, 17]
[16, 17, 18, 19, 20, 21, 22, 23, 24, 25, 26, 27, 28]


6
process id 0
stats
5, 16, 7, 100, 1000
20220820-174923
loosing coalitions taken
[3, 4, 6, 13, 21]
[2, 3, 6, 15, 27]
[1, 5, 6, 13, 24]
[1, 2, 9, 12, 14]
[1, 2, 8, 15, 17]
[1, 3, 9, 10, 11]
[1, 3, 8, 12, 19]
[1, 4, 7, 10, 19]
[1, 3, 7, 16, 18]
[2, 4, 6, 16, 19]
[3, 4, 5, 19, 26]
[1, 2, 7, 11, 27]
[2, 4, 5, 20]
[2, 3, 7, 8, 10]
[1, 4, 8, 13, 14]
[16, 17, 18, 19, 20, 21, 22, 23, 24, 25, 26, 27, 28]


5
process id 1
stats
5, 16, 7, 100, 1000
20220820-174923
loosing coalitions taken
[3, 4, 6, 15, 17]
[1, 2, 8, 9, 22]
[1, 5, 6, 9, 26]
[1, 2, 7, 12, 26]
[2, 4, 6, 11, 23]
[2, 4, 5, 20]
[1, 4, 7, 11, 17]
[1, 3, 8, 11, 18]
[1, 3, 7, 13, 22]
[1, 4, 8, 10, 15]
[1, 3, 9, 10, 12]
[1, 2, 10, 11, 14]
[2, 3, 5, 25]
[2, 3, 7, 8, 10]
[3, 4, 5, 21, 24]
[16, 17, 18, 19, 20, 21, 22, 23, 24, 25, 26, 27, 28]


6
process id 5
stats
5, 16, 7, 100, 1000
20220820-174926
loosing coalitions taken
[2, 3, 6, 15, 27]
[1, 3, 8, 11, 19]
[1, 2, 10, 12, 14]
[2, 4, 6, 11, 24]
[1, 3, 7, 13, 22]
[1, 4, 8, 13, 14]
[1, 2, 8, 15, 17]
[1, 4, 7, 10, 19]
[1, 2, 7, 9]
[2, 4, 5, 21, 27]
[1, 5, 6, 13, 23]
[2, 3, 5, 25]
[3, 4, 6, 13, 20]
[3, 4, 5, 18, 26]
[2, 3, 7, 8, 10]
[16, 17, 18, 19, 20, 21, 22, 23, 24, 25, 26, 27, 28]


6
process id 2
stats
5, 16, 7, 100, 1000
20220820-174928
loosing coalitions taken
[3, 4, 6, 13, 21]
[1, 5, 6, 11, 25]
[2, 4, 5, 20]
[1, 4, 8, 10, 15]
[1, 2, 7, 9]
[1, 3, 8, 12, 19]
[2, 3, 5, 25]
[2, 4, 6, 14, 22]
[2, 3, 6, 16, 24]
[3, 4, 5, 18, 26]
[1, 3, 7, 13, 22]
[1, 2, 8, 13, 20]
[1, 4, 7, 11, 17]
[1, 3, 9, 10, 11]
[1, 2, 10, 12, 14]
[16, 17, 18, 19, 20, 21, 22, 23, 24, 25, 26, 27, 28]


6
process id 3
stats
5, 16, 7, 100, 1000
20220820-174928
loosing coalitions taken
[1, 5, 6, 11, 25]
[2, 4, 5, 20]
[1, 2, 7, 12, 26]
[2, 3, 6, 15, 27]
[1, 4, 7, 10, 19]
[3, 4, 6, 13, 21]
[1, 2, 8, 9, 22]
[1, 3, 8, 12, 19]
[1, 3, 7, 13, 22]
[2, 4, 6, 16, 17]
[2, 3, 7, 8, 10]
[3, 4, 5, 17, 28]
[2, 3, 5, 25]
[1, 4, 8, 13, 14]
[1, 3, 9, 10, 11]
[16, 17, 18, 19, 20, 21, 22, 23, 24, 25, 26, 27, 28]


6
process id 6
stats
5, 16, 7, 100, 1000
20220820-174929
loosing coalitions taken
[1, 3, 7, 16, 19]
[2, 3, 6, 15, 27]
[3, 4, 6, 13, 21]
[1, 4, 7, 11, 17]
[1, 3, 9, 10, 11]
[1, 2, 10, 12, 14]
[1, 2, 7, 13, 25]
[1, 2, 8, 9, 22]
[2, 4, 6, 16, 18]
[2, 3, 7, 8, 10]
[2, 4, 5, 20]
[3, 4, 5, 19, 26]
[2, 3, 5, 25]
[1, 5, 6, 10, 25]
[1, 3, 8, 12, 18]
[16, 17, 18, 19, 20, 21, 22, 23, 24, 25, 26, 27, 28]


6
process id 0
stats
5, 16, 7, 100, 1000
20220820-174943
loosing coalitions taken
[1, 2, 7, 17, 19]
[3, 4, 6, 9, 22]
[2, 4, 6, 12, 23]
[2, 3, 7, 8, 10]
[1, 2, 10, 12, 14]
[1, 3, 9, 10, 11]
[1, 4, 7, 10, 18]
[2, 4, 5, 21, 27]
[1, 3, 8, 12, 18]
[1, 5, 6, 13, 24]
[2, 3, 6, 16, 24]
[1, 3, 7, 15, 21]
[2, 3, 5, 25]
[1, 4, 8, 13, 14]
[1, 2, 8, 9, 22]
[16, 17, 18, 19, 20, 21, 22, 23, 24, 25, 26, 27, 28]


6
process id 5
stats
5, 16, 7, 100, 1000
20220820-174945
loosing coalitions taken
[1, 5, 6, 13, 23]
[1, 3, 8, 12, 19]
[1, 2, 7, 11, 27]
[1, 2, 8, 9, 22]
[2, 4, 5, 20]
[2, 3, 7, 8, 10]
[1, 4, 8, 10, 15]
[1, 3, 9, 10, 11]
[1, 3, 7, 14, 22]
[3, 4, 6, 9, 22]
[2, 3, 5, 25]
[2, 5, 6, 7, 16]
[2, 4, 6, 12, 23]
[3, 4, 5, 17, 27]
[2, 3, 6, 15, 26]
[16, 17, 18, 19, 20, 21, 22, 23, 24, 25, 26, 27, 28]


6
process id 0
stats
5, 16, 7, 100, 1000
20220820-174948
loosing coalitions taken
[1, 5, 6, 13, 23]
[3, 4, 6, 15, 17]
[1, 2, 8, 9, 22]
[1, 2, 7, 12, 26]
[1, 3, 7, 11, 23]
[2, 4, 5, 20]
[2, 3, 6, 16, 24]
[1, 2, 10, 11, 14]
[1, 3, 8, 15, 16]
[1, 4, 7, 10, 19]
[2, 3, 5, 25]
[2, 4, 6, 13, 22]
[3, 4, 5, 18, 26]
[1, 4, 8, 13, 14]
[1, 3, 9, 10, 12]
[16, 17, 18, 19, 20, 21, 22, 23, 24, 25, 26, 27, 28]


7
process id 4
stats
5, 16, 7, 100, 1000
20220820-174951
loosing coalitions taken
[2, 4, 5, 20]
[3, 4, 6, 15, 17]
[2, 3, 6, 16, 24]
[1, 2, 10, 12, 14]
[1, 2, 8, 13, 20]
[1, 3, 7, 16, 19]
[3, 4, 5, 18, 26]
[2, 4, 6, 12, 23]
[2, 3, 7, 8, 10]
[1, 4, 8, 10, 15]
[1, 2, 7, 9]
[1, 3, 8, 11, 18]
[1, 5, 6, 13, 24]
[2, 3, 5, 25]
[1, 4, 7, 11, 17]
[16, 17, 18, 19, 20, 21, 22, 23, 24, 25, 26, 27, 28]


6
process id 6
stats
5, 16, 7, 100, 1000
20220820-174952
loosing coalitions taken
[3, 4, 6, 15, 17]
[1, 2, 7, 17, 19]
[1, 5, 6, 13, 24]
[1, 2, 10, 12, 14]
[1, 2, 8, 9, 22]
[1, 3, 7, 15, 21]
[1, 4, 8, 10, 15]
[1, 3, 9, 10, 11]
[2, 4, 5, 20]
[2, 4, 6, 9, 25]
[2, 3, 6, 16, 24]
[3, 4, 5, 18, 26]
[2, 3, 5, 25]
[2, 3, 7, 8, 10]
[1, 3, 8, 12, 18]
[16, 17, 18, 19, 20, 21, 22, 23, 24, 25, 26, 27, 28]


6
process id 3
stats
5, 16, 7, 100, 1000
20220820-174955
loosing coalitions taken
[1, 3, 7, 16, 19]
[3, 4, 5, 18, 27]
[2, 4, 5, 20]
[2, 3, 6, 15, 27]
[3, 4, 6, 9, 22]
[1, 2, 7, 9]
[1, 2, 10, 12, 13]
[1, 4, 8, 13, 14]
[1, 3, 8, 11, 18]
[1, 4, 7, 10, 18]
[2, 4, 6, 16, 19]
[2, 3, 7, 8, 10]
[2, 3, 5, 25]
[1, 5, 6, 16, 20]
[1, 2, 8, 15, 17]
[16, 17, 18, 19, 20, 21, 22, 23, 24, 25, 26, 27, 28]


6
process id 7
stats
5, 16, 7, 100, 1000
20220820-174957
loosing coalitions taken
[1, 3, 8, 15, 16]
[3, 4, 6, 15, 17]
[2, 4, 5, 20]
[1, 2, 8, 9, 22]
[1, 4, 7, 10, 19]
[1, 2, 10, 12, 14]
[2, 3, 7, 8, 10]
[1, 3, 9, 10, 11]
[1, 4, 8, 13, 14]
[1, 3, 7, 14, 22]
[2, 3, 6, 16, 23]
[2, 3, 5, 25]
[1, 5, 6, 16, 20]
[1, 2, 7, 17, 18]
[2, 4, 6, 11, 24]
[16, 17, 18, 19, 20, 21, 22, 23, 24, 25, 26, 27, 28]


6
process id 1
stats
5, 16, 7, 100, 1000
20220820-175000
loosing coalitions taken
[3, 4, 6, 9, 22]
[2, 4, 6, 11, 23]
[1, 3, 7, 14, 22]
[1, 2, 7, 9]
[1, 5, 6, 13, 24]
[1, 4, 8, 10, 15]
[1, 3, 8, 11, 19]
[2, 3, 5, 25]
[2, 4, 5, 20]
[1, 4, 7, 11, 17]
[1, 3, 9, 10, 12]
[3, 4, 5, 18, 27]
[2, 3, 7, 8, 10]
[1, 2, 10, 11, 14]
[2, 3, 6, 16, 24]
[16, 17, 18, 19, 20, 21, 22, 23, 24, 25, 26, 27, 28]


6
process id 5
stats
5, 16, 7, 100, 1000
20220820-175001
loosing coalitions taken
[2, 4, 5, 20]
[1, 3, 8, 12, 19]
[1, 2, 7, 9]
[2, 3, 6, 16, 24]
[1, 2, 10, 11, 14]
[3, 4, 5, 18, 27]
[1, 3, 7, 11, 23]
[1, 5, 6, 11, 25]
[1, 2, 8, 15, 17]
[1, 4, 8, 13, 14]
[1, 4, 7, 10, 19]
[2, 4, 6, 12, 23]
[2, 3, 5, 25]
[3, 4, 6, 9, 22]
[2, 3, 7, 8, 10]
[16, 17, 18, 19, 20, 21, 22, 23, 24, 25, 26, 27, 28]


6
process id 0
stats
5, 16, 7, 100, 1000
20220820-175008
loosing coalitions taken
[2, 3, 6, 15, 27]
[3, 4, 6, 13, 21]
[1, 3, 8, 12, 19]
[1, 3, 7, 16, 18]
[1, 2, 7, 11, 27]
[1, 5, 6, 11, 25]
[1, 4, 8, 10, 15]
[2, 4, 5, 20]
[1, 2, 10, 12, 13]
[1, 3, 9, 10, 11]
[2, 4, 6, 12, 23]
[3, 4, 5, 18, 26]
[2, 3, 5, 25]
[1, 2, 8, 14, 20]
[2, 3, 7, 8, 10]
[16, 17, 18, 19, 20, 21, 22, 23, 24, 25, 26, 27, 28]


6
process id 7
stats
5, 16, 7, 100, 1000
20220820-175011
loosing coalitions taken
[1, 3, 8, 12, 19]
[1, 2, 9, 12, 14]
[1, 3, 7, 15, 21]
[2, 4, 5, 20]
[3, 4, 6, 9, 22]
[1, 2, 7, 13, 25]
[2, 3, 6, 15, 27]
[1, 4, 8, 13, 14]
[1, 4, 7, 10, 19]
[1, 3, 9, 10, 11]
[2, 3, 5, 25]
[2, 4, 6, 16, 17]
[1, 2, 8, 15, 17]
[3, 4, 5, 21, 23]
[1, 5, 6, 13, 23]
[16, 17, 18, 19, 20, 21, 22, 23, 24, 25, 26, 27, 28]


6
process id 1
stats
5, 16, 7, 100, 1000
20220820-175011
loosing coalitions taken
[1, 3, 9, 10, 12]
[3, 4, 6, 9, 22]
[1, 5, 6, 13, 23]
[2, 3, 6, 15, 27]
[2, 4, 5, 20]
[1, 3, 7, 13, 22]
[1, 2, 10, 11, 14]
[1, 3, 8, 11, 18]
[3, 4, 5, 21, 23]
[2, 4, 6, 12, 23]
[1, 4, 8, 13, 14]
[2, 3, 7, 8, 10]
[2, 3, 5, 25]
[1, 2, 7, 9]
[1, 4, 7, 11, 17]
[16, 17, 18, 19, 20, 21, 22, 23, 24, 25, 26, 27, 28]


7
process id 2
stats
5, 16, 7, 100, 1000
20220820-175012
loosing coalitions taken
[1, 3, 8, 15, 16]
[3, 4, 6, 13, 21]
[1, 3, 9, 10, 11]
[1, 2, 10, 12, 14]
[2, 4, 5, 20]
[1, 5, 6, 11, 25]
[1, 2, 7, 17, 19]
[1, 2, 8, 9, 22]
[1, 4, 7, 10, 18]
[2, 3, 5, 25]
[2, 3, 6, 15, 27]
[3, 4, 5, 17, 26]
[1, 3, 7, 14, 22]
[2, 4, 6, 14, 22]
[2, 3, 7, 8, 10]
[16, 17, 18, 19, 20, 21, 22, 23, 24, 25, 26, 27, 28]


6
process id 4
stats
5, 16, 7, 100, 1000
20220820-175016
loosing coalitions taken
[2, 4, 5, 20]
[1, 5, 6, 11, 25]
[3, 4, 6, 9, 22]
[1, 2, 7, 9]
[2, 3, 6, 15, 27]
[1, 3, 7, 16, 18]
[3, 4, 5, 21, 23]
[1, 4, 8, 10, 15]
[2, 3, 7, 8, 10]
[2, 4, 6, 11, 23]
[2, 3, 5, 25]
[1, 2, 8, 13, 20]
[1, 4, 7, 11, 17]
[1, 2, 10, 11, 14]
[1, 3, 8, 12, 17]
[16, 17, 18, 19, 20, 21, 22, 23, 24, 25, 26, 27, 28]


6
process id 2
stats
5, 16, 7, 100, 1000
20220820-175017
loosing coalitions taken
[3, 4, 6, 9, 22]
[1, 3, 9, 10, 12]
[1, 5, 6, 13, 24]
[1, 2, 7, 9]
[1, 3, 8, 11, 19]
[2, 4, 5, 20]
[2, 3, 6, 16, 24]
[2, 3, 5, 25]
[1, 3, 7, 15, 21]
[1, 2, 10, 11, 13]
[1, 4, 8, 13, 14]
[1, 2, 8, 15, 17]
[1, 4, 7, 10, 18]
[3, 4, 5, 17, 26]
[2, 4, 6, 15, 21]
[16, 17, 18, 19, 20, 21, 22, 23, 24, 25, 26, 27, 28]


6
process id 5
stats
5, 16, 7, 100, 1000
20220820-175018
loosing coalitions taken
[1, 5, 6, 13, 23]
[3, 4, 6, 9, 22]
[1, 3, 8, 11, 19]
[1, 3, 7, 15, 21]
[1, 2, 7, 17, 18]
[1, 2, 10, 11, 14]
[2, 4, 6, 12, 23]
[2, 3, 5, 27, 28]
[3, 4, 5, 21, 24]
[1, 4, 7, 10, 19]
[2, 4, 5, 20]
[1, 3, 9, 10, 12]
[2, 3, 6, 15, 26]
[1, 2, 8, 13, 20]
[2, 3, 7, 8, 10]
[16, 17, 18, 19, 20, 21, 22, 23, 24, 25, 26, 27, 28]


6
process id 3
stats
5, 16, 7, 100, 1000
20220820-175018
loosing coalitions taken
[3, 4, 6, 15, 17]
[1, 5, 6, 11, 25]
[1, 3, 8, 12, 18]
[2, 4, 5, 20]
[1, 4, 8, 13, 14]
[1, 2, 7, 17, 19]
[1, 3, 9, 10, 11]
[2, 3, 7, 8, 10]
[3, 4, 5, 18, 27]
[2, 3, 6, 16, 23]
[1, 3, 7, 14, 22]
[2, 3, 5, 25]
[1, 2, 10, 12, 13]
[2, 4, 6, 13, 22]
[1, 2, 8, 9, 22]
[16, 17, 18, 19, 20, 21, 22, 23, 24, 25, 26, 27, 28]


6
process id 1
stats
5, 16, 7, 100, 1000
20220820-175020
loosing coalitions taken
[3, 4, 6, 9, 22]
[1, 3, 7, 16, 18]
[1, 3, 8, 9, 20]
[2, 3, 6, 15, 27]
[2, 4, 6, 11, 23]
[1, 5, 6, 11, 25]
[1, 2, 10, 12, 14]
[1, 2, 7, 9]
[2, 3, 5, 25]
[2, 4, 5, 20]
[3, 4, 5, 18, 27]
[1, 2, 8, 15, 17]
[1, 4, 7, 11, 17]
[1, 4, 8, 13, 14]
[2, 3, 7, 8, 10]
[16, 17, 18, 19, 20, 21, 22, 23, 24, 25, 26, 27, 28]


6
process id 2
stats
5, 16, 7, 100, 1000
20220820-175025
loosing coalitions taken
[1, 3, 7, 16, 18]
[3, 4, 6, 15, 17]
[2, 4, 6, 11, 23]
[2, 4, 5, 20]
[1, 3, 8, 12, 19]
[1, 5, 6, 13, 23]
[1, 4, 8, 10, 15]
[1, 2, 7, 12, 26]
[1, 2, 8, 9, 22]
[2, 3, 7, 8, 10]
[1, 2, 10, 11, 14]
[2, 3, 5, 25]
[2, 3, 6, 16, 24]
[1, 4, 7, 11, 17]
[3, 4, 5, 21, 24]
[16, 17, 18, 19, 20, 21, 22, 23, 24, 25, 26, 27, 28]


6
process id 0
stats
5, 16, 7, 100, 1000
20220820-175026
loosing coalitions taken
[1, 2, 9, 12, 14]
[1, 4, 7, 10, 18]
[1, 3, 8, 12, 17]
[2, 4, 6, 11, 23]
[1, 2, 7, 17, 19]
[1, 3, 7, 15, 21]
[1, 5, 6, 13, 23]
[3, 4, 5, 18, 26]
[2, 4, 5, 20]
[3, 4, 6, 14, 20]
[1, 2, 8, 13, 20]
[2, 3, 7, 8, 10]
[2, 3, 5, 25]
[2, 3, 6, 16, 24]
[1, 3, 9, 10, 11]
[16, 17, 18, 19, 20, 21, 22, 23, 24, 25, 26, 27, 28]


6
process id 3
stats
5, 16, 7, 100, 1000
20220820-175028
loosing coalitions taken
[2, 4, 5, 20]
[1, 2, 7, 9]
[1, 5, 6, 13, 24]
[3, 4, 6, 15, 17]
[1, 2, 10, 12, 14]
[3, 4, 5, 18, 26]
[1, 3, 7, 15, 21]
[1, 4, 7, 10, 18]
[1, 4, 8, 13, 14]
[2, 3, 7, 8, 10]
[1, 2, 8, 15, 17]
[1, 3, 8, 12, 19]
[2, 4, 6, 12, 23]
[2, 3, 5, 25]
[2, 3, 6, 16, 24]
[16, 17, 18, 19, 20, 21, 22, 23, 24, 25, 26, 27, 28]


7
process id 6
stats
5, 16, 7, 100, 1000
20220820-175034
loosing coalitions taken
[2, 4, 5, 20]
[3, 4, 6, 15, 17]
[1, 2, 7, 11, 27]
[1, 2, 8, 9, 22]
[1, 3, 7, 13, 22]
[1, 2, 10, 12, 14]
[2, 3, 6, 16, 24]
[1, 5, 6, 9, 26]
[1, 4, 7, 10, 19]
[2, 3, 5, 25]
[2, 4, 6, 13, 22]
[1, 3, 8, 11, 18]
[2, 3, 7, 8, 10]
[3, 4, 5, 18, 26]
[1, 4, 8, 13, 14]
[16, 17, 18, 19, 20, 21, 22, 23, 24, 25, 26, 27, 28]


6
process id 0
stats
5, 16, 7, 100, 1000
20220820-175038
loosing coalitions taken
[1, 3, 7, 11, 23]
[3, 4, 6, 13, 21]
[1, 5, 6, 11, 25]
[1, 4, 8, 13, 14]
[1, 2, 10, 11, 14]
[1, 2, 8, 9, 22]
[1, 3, 8, 15, 16]
[1, 3, 9, 10, 12]
[1, 2, 7, 13, 25]
[1, 4, 7, 10, 19]
[2, 3, 6, 15, 27]
[2, 4, 5, 20]
[3, 4, 5, 17, 27]
[2, 3, 5, 25]
[2, 4, 6, 14, 22]
[16, 17, 18, 19, 20, 21, 22, 23, 24, 25, 26, 27, 28]


6
process id 7
stats
5, 16, 7, 100, 1000
20220820-175038
loosing coalitions taken
[3, 5, 6, 7, 15]
[2, 4, 6, 11, 23]
[2, 4, 5, 20]
[1, 2, 8, 9, 22]
[1, 3, 9, 10, 11]
[1, 4, 8, 10, 15]
[1, 2, 7, 11, 27]
[1, 5, 6, 13, 24]
[3, 4, 6, 13, 21]
[1, 2, 10, 12, 14]
[1, 3, 8, 12, 18]
[3, 4, 5, 18, 27]
[2, 3, 5, 25]
[1, 3, 7, 13, 22]
[2, 3, 7, 8, 10]
[16, 17, 18, 19, 20, 21, 22, 23, 24, 25, 26, 27, 28]


6
process id 6
stats
5, 16, 7, 100, 1000
20220820-175043
loosing coalitions taken
[3, 4, 6, 13, 21]
[3, 5, 6, 7, 15]
[1, 5, 6, 11, 25]
[1, 3, 7, 16, 18]
[1, 2, 8, 9, 22]
[1, 2, 7, 17, 19]
[1, 3, 9, 10, 12]
[1, 4, 8, 10, 15]
[1, 2, 10, 11, 14]
[2, 3, 5, 27, 28]
[2, 3, 6, 16, 24]
[1, 3, 8, 11, 19]
[2, 4, 6, 14, 22]
[3, 4, 5, 19, 26]
[2, 4, 5, 20]
[16, 17, 18, 19, 20, 21, 22, 23, 24, 25, 26, 27, 28]


6
process id 4
stats
5, 16, 7, 100, 1000
20220820-175043
loosing coalitions taken
[2, 4, 5, 20]
[1, 2, 8, 15, 17]
[1, 2, 7, 9]
[1, 3, 8, 12, 19]
[3, 4, 6, 9, 22]
[1, 5, 6, 11, 25]
[2, 3, 6, 16, 24]
[2, 3, 5, 25]
[3, 4, 5, 21, 23]
[1, 2, 10, 12, 13]
[2, 4, 6, 12, 23]
[1, 3, 7, 14, 22]
[2, 3, 7, 8, 10]
[1, 4, 8, 13, 14]
[1, 4, 7, 10, 19]
[16, 17, 18, 19, 20, 21, 22, 23, 24, 25, 26, 27, 28]


6
process id 7
stats
5, 16, 7, 100, 1000
20220820-175046
loosing coalitions taken
[1, 3, 8, 12, 19]
[2, 4, 5, 20]
[1, 3, 7, 13, 22]
[1, 5, 6, 9, 26]
[1, 2, 7, 9]
[3, 4, 6, 13, 21]
[1, 4, 8, 10, 15]
[2, 3, 5, 25]
[2, 3, 6, 15, 26]
[2, 4, 6, 12, 23]
[1, 2, 8, 13, 20]
[1, 2, 10, 12, 14]
[3, 4, 5, 18, 26]
[1, 4, 7, 11, 17]
[2, 3, 7, 8, 10]
[16, 17, 18, 19, 20, 21, 22, 23, 24, 25, 26, 27, 28]


6
process id 3
stats
5, 16, 7, 100, 1000
20220820-175050
loosing coalitions taken
[3, 4, 6, 9, 22]
[1, 3, 7, 11, 23]
[1, 2, 7, 9]
[1, 3, 8, 12, 17]
[2, 4, 6, 12, 23]
[1, 4, 8, 10, 15]
[2, 4, 5, 20]
[2, 3, 5, 25]
[3, 4, 5, 17, 27]
[2, 3, 6, 15, 26]
[1, 2, 8, 14, 20]
[1, 2, 10, 11, 13]
[2, 5, 6, 7, 16]
[1, 5, 6, 11, 25]
[2, 3, 7, 8, 10]
[16, 17, 18, 19, 20, 21, 22, 23, 24, 25, 26, 27, 28]


6
process id 2
stats
5, 16, 7, 100, 1000
20220820-175050
loosing coalitions taken
[2, 4, 5, 20]
[3, 4, 6, 15, 17]
[1, 2, 8, 9, 22]
[1, 2, 7, 17, 18]
[1, 2, 10, 11, 14]
[2, 3, 6, 16, 24]
[1, 5, 6, 11, 25]
[1, 3, 7, 13, 22]
[1, 3, 9, 10, 12]
[2, 3, 5, 25]
[3, 4, 5, 21, 24]
[2, 4, 6, 12, 23]
[1, 4, 8, 13, 14]
[1, 4, 7, 10, 19]
[2, 3, 7, 8, 10]
[16, 17, 18, 19, 20, 21, 22, 23, 24, 25, 26, 27, 28]


6
process id 0
stats
5, 16, 7, 100, 1000
20220820-175051
loosing coalitions taken
[2, 4, 6, 12, 23]
[1, 3, 9, 10, 12]
[1, 2, 8, 9, 22]
[2, 4, 5, 20]
[1, 5, 6, 9, 26]
[1, 4, 7, 11, 17]
[1, 2, 7, 12, 26]
[1, 3, 8, 11, 19]
[2, 3, 6, 16, 24]
[3, 4, 6, 15, 17]
[2, 3, 7, 8, 10]
[2, 3, 5, 27, 28]
[1, 3, 7, 15, 21]
[1, 4, 8, 10, 15]
[3, 4, 5, 21, 24]
[16, 17, 18, 19, 20, 21, 22, 23, 24, 25, 26, 27, 28]


6
process id 4
stats
5, 16, 7, 100, 1000
20220820-175053
loosing coalitions taken
[1, 5, 6, 13, 24]
[1, 3, 7, 16, 18]
[1, 2, 7, 9]
[1, 3, 8, 11, 19]
[2, 3, 6, 16, 24]
[3, 4, 6, 13, 21]
[2, 3, 5, 25]
[1, 3, 9, 10, 12]
[1, 2, 8, 13, 20]
[2, 4, 6, 14, 22]
[2, 4, 5, 20]
[3, 4, 5, 19, 26]
[2, 3, 7, 8, 10]
[1, 2, 10, 11, 14]
[1, 4, 7, 11, 17]
[16, 17, 18, 19, 20, 21, 22, 23, 24, 25, 26, 27, 28]


6
process id 6
stats
5, 16, 7, 100, 1000
20220820-175057
loosing coalitions taken
[2, 4, 5, 20]
[1, 2, 7, 17, 18]
[1, 3, 7, 13, 22]
[3, 4, 6, 13, 21]
[1, 3, 8, 12, 19]
[1, 2, 8, 9, 22]
[1, 2, 10, 12, 14]
[1, 5, 6, 9, 26]
[3, 5, 6, 7, 15]
[2, 4, 6, 11, 23]
[2, 3, 5, 25]
[3, 4, 5, 19, 26]
[1, 3, 9, 10, 11]
[2, 3, 6, 16, 24]
[1, 4, 8, 10, 15]
[16, 17, 18, 19, 20, 21, 22, 23, 24, 25, 26, 27, 28]


6
process id 7
stats
5, 16, 7, 100, 1000
20220820-175058
loosing coalitions taken
[3, 4, 6, 9, 22]
[2, 3, 6, 15, 27]
[1, 3, 8, 12, 19]
[1, 4, 7, 11, 17]
[1, 3, 7, 14, 22]
[3, 4, 5, 17, 27]
[2, 4, 5, 20]
[1, 2, 10, 12, 14]
[1, 2, 7, 13, 25]
[1, 2, 8, 9, 22]
[1, 4, 8, 13, 14]
[2, 3, 5, 25]
[2, 4, 6, 11, 24]
[1, 5, 6, 10, 25]
[1, 3, 9, 10, 11]
[16, 17, 18, 19, 20, 21, 22, 23, 24, 25, 26, 27, 28]


6
process id 1
stats
5, 16, 7, 100, 1000
20220820-175101
loosing coalitions taken
[1, 2, 8, 9, 22]
[1, 2, 10, 11, 14]
[1, 2, 7, 12, 26]
[2, 4, 6, 12, 23]
[2, 4, 5, 20]
[1, 3, 7, 14, 22]
[1, 5, 6, 11, 25]
[1, 3, 8, 11, 18]
[1, 4, 8, 10, 15]
[2, 3, 7, 8, 10]
[2, 3, 5, 27, 28]
[3, 4, 6, 9, 22]
[3, 4, 5, 17, 26]
[1, 3, 9, 10, 12]
[3, 5, 6, 7, 15]
[16, 17, 18, 19, 20, 21, 22, 23, 24, 25, 26, 27, 28]


6
process id 3
stats
5, 16, 7, 100, 1000
20220820-175102
loosing coalitions taken
[1, 4, 7, 11, 17]
[3, 4, 6, 15, 17]
[1, 5, 6, 13, 24]
[1, 3, 9, 10, 11]
[2, 4, 6, 12, 23]
[2, 4, 5, 20]
[1, 3, 7, 13, 22]
[2, 3, 7, 8, 10]
[1, 2, 9, 12, 14]
[2, 3, 5, 27, 28]
[2, 3, 6, 16, 24]
[1, 2, 7, 16, 21]
[1, 4, 8, 10, 15]
[3, 4, 5, 21, 24]
[1, 3, 8, 12, 17]
[16, 17, 18, 19, 20, 21, 22, 23, 24, 25, 26, 27, 28]


6
process id 4
stats
5, 16, 7, 100, 1000
20220820-175103
loosing coalitions taken
[3, 4, 6, 15, 17]
[1, 2, 7, 13, 25]
[1, 3, 7, 16, 18]
[1, 2, 10, 12, 14]
[1, 2, 8, 15, 17]
[2, 4, 5, 20]
[1, 3, 8, 12, 19]
[1, 4, 7, 10, 19]
[1, 3, 9, 10, 11]
[1, 5, 6, 13, 23]
[2, 3, 6, 16, 24]
[3, 4, 5, 21, 23]
[2, 3, 5, 25]
[1, 4, 8, 13, 14]
[2, 4, 6, 14, 22]
[16, 17, 18, 19, 20, 21, 22, 23, 24, 25, 26, 27, 28]


6
process id 6
stats
5, 16, 7, 100, 1000
20220820-175107
loosing coalitions taken
[1, 5, 6, 10, 26]
[1, 3, 7, 16, 17]
[1, 2, 9, 12, 14]
[1, 2, 7, 11, 27]
[1, 2, 8, 15, 17]
[1, 4, 8, 13, 14]
[2, 3, 6, 16, 24]
[1, 3, 9, 10, 11]
[3, 4, 6, 9, 22]
[1, 3, 8, 12, 19]
[2, 3, 7, 8, 10]
[2, 4, 6, 11, 23]
[2, 4, 5, 21, 27]
[3, 4, 5, 17, 26]
[2, 3, 5, 25]
[16, 17, 18, 19, 20, 21, 22, 23, 24, 25, 26, 27, 28]


6
process id 2
stats
5, 16, 7, 100, 1000
20220820-175107
loosing coalitions taken
[1, 5, 6, 11, 25]
[2, 4, 5, 20]
[1, 2, 8, 9, 22]
[1, 2, 7, 17, 19]
[1, 3, 7, 13, 22]
[1, 3, 9, 10, 11]
[3, 4, 6, 13, 21]
[1, 4, 8, 13, 14]
[1, 2, 10, 12, 14]
[1, 3, 8, 12, 19]
[2, 3, 6, 16, 24]
[2, 3, 5, 25]
[3, 4, 5, 19, 26]
[2, 4, 6, 14, 22]
[2, 3, 7, 8, 10]
[16, 17, 18, 19, 20, 21, 22, 23, 24, 25, 26, 27, 28]


6
process id 3
stats
5, 16, 7, 100, 1000
20220820-175110
loosing coalitions taken
[1, 3, 8, 12, 19]
[3, 5, 6, 7, 15]
[2, 3, 6, 16, 24]
[1, 3, 9, 10, 11]
[1, 5, 6, 13, 23]
[2, 4, 5, 20]
[1, 2, 10, 12, 14]
[1, 3, 7, 14, 22]
[3, 4, 6, 13, 21]
[1, 2, 7, 17, 18]
[3, 4, 5, 19, 26]
[2, 4, 6, 9, 25]
[2, 3, 5, 25]
[1, 2, 8, 9, 22]
[1, 4, 8, 10, 15]
[16, 17, 18, 19, 20, 21, 22, 23, 24, 25, 26, 27, 28]


6
process id 4
stats
5, 16, 7, 100, 1000
20220820-175115
loosing coalitions taken
[1, 3, 7, 16, 18]
[1, 2, 8, 9, 22]
[1, 2, 10, 11, 14]
[1, 2, 7, 17, 19]
[3, 4, 6, 13, 21]
[2, 4, 6, 14, 22]
[1, 3, 8, 12, 17]
[1, 5, 6, 13, 23]
[1, 4, 8, 13, 14]
[2, 4, 5, 20]
[3, 4, 5, 18, 26]
[2, 3, 5, 25]
[2, 3, 6, 15, 27]
[2, 5, 6, 7, 16]
[2, 3, 7, 8, 10]
[16, 17, 18, 19, 20, 21, 22, 23, 24, 25, 26, 27, 28]


6
process id 2
stats
5, 16, 7, 100, 1000
20220820-175118
loosing coalitions taken
[1, 2, 7, 9]
[2, 4, 6, 12, 23]
[1, 5, 6, 13, 23]
[1, 3, 8, 11, 18]
[1, 4, 8, 10, 15]
[2, 3, 5, 26, 27]
[2, 4, 5, 20]
[1, 3, 7, 16, 19]
[1, 4, 7, 11, 17]
[1, 2, 8, 14, 20]
[3, 4, 5, 21, 23]
[3, 4, 6, 9, 22]
[2, 3, 6, 16, 24]
[2, 3, 7, 8, 10]
[1, 2, 10, 12, 13]
[16, 17, 18, 19, 20, 21, 22, 23, 24, 25, 26, 27, 28]


6
process id 0
stats
5, 16, 7, 100, 1000
20220820-175124
loosing coalitions taken
[1, 2, 7, 9]
[2, 4, 5, 20]
[1, 5, 6, 11, 25]
[1, 4, 8, 10, 15]
[1, 3, 8, 12, 18]
[3, 4, 6, 9, 22]
[3, 4, 5, 18, 27]
[2, 3, 5, 26, 28]
[2, 3, 6, 16, 24]
[1, 2, 10, 12, 14]
[2, 4, 6, 15, 21]
[3, 5, 6, 7, 15]
[1, 3, 7, 16, 19]
[2, 3, 7, 8, 10]
[1, 3, 9, 10, 11]
[16, 17, 18, 19, 20, 21, 22, 23, 24, 25, 26, 27, 28]


6
process id 5
stats
5, 16, 7, 100, 1000
20220820-175129
loosing coalitions taken
[1, 2, 7, 17, 19]
[1, 3, 9, 10, 11]
[1, 3, 7, 14, 22]
[1, 2, 10, 12, 14]
[1, 3, 8, 12, 18]
[1, 2, 8, 9, 22]
[1, 4, 7, 10, 18]
[2, 4, 6, 12, 23]
[3, 4, 6, 14, 20]
[1, 4, 8, 13, 14]
[3, 4, 5, 17, 28]
[2, 4, 5, 20]
[1, 5, 6, 9, 26]
[2, 3, 6, 15, 26]
[2, 3, 7, 8, 10]
[16, 17, 18, 19, 20, 21, 22, 23, 24, 25, 26, 27, 28]


6
process id 0
stats
5, 16, 7, 100, 1000
20220820-175129
loosing coalitions taken
[1, 5, 6, 10, 26]
[2, 4, 5, 20]
[1, 3, 9, 10, 11]
[1, 3, 7, 15, 21]
[1, 2, 8, 15, 17]
[1, 3, 8, 12, 18]
[3, 4, 6, 15, 17]
[1, 2, 7, 9]
[2, 3, 6, 16, 24]
[2, 3, 5, 25]
[3, 4, 5, 21, 23]
[2, 4, 6, 14, 22]
[1, 4, 8, 13, 14]
[1, 2, 10, 12, 14]
[2, 3, 7, 8, 10]
[16, 17, 18, 19, 20, 21, 22, 23, 24, 25, 26, 27, 28]


6
process id 3
stats
5, 16, 7, 100, 1000
20220820-175130
loosing coalitions taken
[1, 5, 6, 16, 20]
[1, 3, 8, 12, 19]
[3, 4, 6, 13, 21]
[1, 4, 8, 13, 14]
[1, 2, 7, 17, 19]
[1, 2, 8, 9, 22]
[1, 3, 7, 15, 21]
[1, 2, 10, 12, 14]
[1, 3, 9, 10, 11]
[1, 4, 7, 10, 18]
[3, 4, 5, 18, 27]
[2, 4, 6, 16, 19]
[2, 3, 7, 8, 10]
[2, 4, 5, 20]
[2, 3, 6, 15, 26]
[16, 17, 18, 19, 20, 21, 22, 23, 24, 25, 26, 27, 28]


6
process id 4
stats
5, 16, 7, 100, 1000
20220820-175133
loosing coalitions taken
[1, 5, 6, 13, 23]
[3, 4, 6, 13, 21]
[2, 3, 6, 16, 24]
[1, 2, 10, 12, 14]
[1, 3, 9, 10, 11]
[1, 3, 8, 12, 18]
[1, 2, 7, 11, 27]
[1, 3, 7, 16, 19]
[2, 4, 6, 9, 25]
[2, 4, 5, 20]
[3, 4, 5, 18, 27]
[2, 3, 5, 25]
[1, 2, 8, 9, 22]
[3, 5, 6, 7, 15]
[1, 4, 8, 10, 15]
[16, 17, 18, 19, 20, 21, 22, 23, 24, 25, 26, 27, 28]


6
process id 1
stats
5, 16, 7, 100, 1000
20220820-175136
loosing coalitions taken
[1, 5, 6, 9, 26]
[1, 4, 7, 10, 18]
[3, 4, 6, 15, 17]
[1, 3, 7, 14, 22]
[2, 4, 5, 20]
[1, 2, 10, 12, 14]
[2, 3, 7, 8, 10]
[1, 2, 8, 9, 22]
[1, 4, 8, 13, 14]
[2, 3, 6, 16, 24]
[2, 3, 5, 25]
[1, 3, 8, 12, 17]
[2, 4, 6, 14, 22]
[1, 2, 7, 17, 19]
[3, 4, 5, 21, 24]
[16, 17, 18, 19, 20, 21, 22, 23, 24, 25, 26, 27, 28]


6
process id 6
stats
5, 16, 7, 100, 1000
20220820-175136
loosing coalitions taken
[3, 4, 6, 13, 21]
[1, 2, 8, 14, 20]
[1, 2, 7, 12, 26]
[1, 5, 6, 16, 20]
[1, 4, 7, 11, 17]
[2, 4, 6, 16, 19]
[1, 3, 7, 14, 22]
[1, 4, 8, 10, 15]
[1, 3, 8, 11, 19]
[2, 3, 5, 26, 28]
[2, 4, 5, 22, 24]
[1, 2, 10, 11, 13]
[3, 4, 5, 18, 27]
[2, 3, 7, 8, 10]
[2, 3, 6, 15, 27]
[16, 17, 18, 19, 20, 21, 22, 23, 24, 25, 26, 27, 28]


6
process id 3
stats
5, 16, 7, 100, 1000
20220820-175141
loosing coalitions taken
[1, 3, 8, 12, 19]
[3, 4, 5, 17, 27]
[1, 5, 6, 16, 20]
[3, 4, 6, 9, 22]
[2, 4, 6, 11, 24]
[2, 3, 6, 15, 27]
[2, 4, 5, 20]
[2, 3, 5, 25]
[1, 2, 8, 15, 17]
[1, 3, 7, 16, 17]
[2, 3, 7, 8, 10]
[1, 2, 7, 9]
[1, 2, 10, 11, 14]
[1, 4, 8, 13, 14]
[1, 4, 7, 10, 19]
[16, 17, 18, 19, 20, 21, 22, 23, 24, 25, 26, 27, 28]


7
process id 7
stats
5, 16, 7, 100, 1000
20220820-175141
loosing coalitions taken
[1, 3, 8, 11, 18]
[3, 4, 6, 9, 22]
[1, 2, 7, 9]
[1, 4, 8, 10, 15]
[2, 4, 6, 16, 19]
[1, 5, 6, 13, 23]
[3, 4, 5, 17, 27]
[1, 2, 8, 14, 20]
[1, 4, 7, 11, 17]
[1, 3, 9, 10, 12]
[2, 4, 5, 20]
[2, 3, 7, 8, 10]
[2, 3, 5, 25]
[1, 3, 7, 15, 21]
[2, 3, 6, 15, 27]
[16, 17, 18, 19, 20, 21, 22, 23, 24, 25, 26, 27, 28]


6
process id 4
stats
5, 16, 7, 100, 1000
20220820-175142
loosing coalitions taken
[1, 2, 7, 9]
[3, 4, 6, 15, 17]
[1, 5, 6, 13, 24]
[1, 3, 8, 12, 18]
[1, 2, 10, 12, 13]
[1, 4, 8, 10, 15]
[2, 4, 5, 20]
[2, 3, 6, 16, 24]
[1, 4, 7, 11, 17]
[3, 4, 5, 21, 23]
[2, 3, 7, 8, 10]
[1, 2, 8, 14, 20]
[2, 3, 5, 25]
[2, 4, 6, 11, 23]
[1, 3, 7, 15, 21]
[16, 17, 18, 19, 20, 21, 22, 23, 24, 25, 26, 27, 28]


6
process id 5
stats
5, 16, 7, 100, 1000
20220820-175143
loosing coalitions taken
[1, 3, 8, 12, 18]
[2, 4, 5, 20]
[1, 5, 6, 11, 25]
[1, 2, 7, 9]
[1, 4, 8, 13, 14]
[3, 4, 6, 13, 21]
[2, 4, 6, 16, 17]
[2, 3, 5, 25]
[1, 3, 7, 11, 23]
[2, 3, 6, 15, 27]
[1, 4, 7, 10, 19]
[3, 4, 5, 19, 26]
[1, 2, 10, 11, 13]
[2, 3, 7, 8, 10]
[1, 2, 8, 15, 17]
[16, 17, 18, 19, 20, 21, 22, 23, 24, 25, 26, 27, 28]


6
process id 0
stats
5, 16, 7, 100, 1000
20220820-175143
loosing coalitions taken
[1, 2, 10, 12, 14]
[1, 2, 7, 17, 18]
[3, 4, 6, 13, 21]
[1, 3, 9, 10, 11]
[1, 3, 7, 15, 21]
[1, 3, 8, 12, 19]
[2, 3, 6, 16, 24]
[1, 5, 6, 13, 24]
[3, 4, 5, 18, 27]
[2, 4, 5, 20]
[2, 3, 7, 8, 10]
[2, 3, 5, 25]
[2, 4, 6, 12, 23]
[1, 2, 8, 9, 22]
[1, 4, 8, 13, 14]
[16, 17, 18, 19, 20, 21, 22, 23, 24, 25, 26, 27, 28]


6
process id 7
stats
5, 16, 7, 100, 1000
20220820-175148
loosing coalitions taken
[3, 4, 6, 9, 22]
[1, 2, 7, 13, 25]
[1, 3, 9, 10, 11]
[1, 5, 6, 13, 24]
[1, 3, 8, 12, 19]
[1, 2, 8, 9, 22]
[2, 3, 6, 16, 24]
[1, 3, 7, 16, 17]
[1, 4, 8, 13, 14]
[1, 2, 10, 12, 14]
[3, 5, 6, 7, 15]
[2, 3, 5, 25]
[2, 4, 5, 20]
[3, 4, 5, 17, 26]
[2, 4, 6, 12, 23]
[16, 17, 18, 19, 20, 21, 22, 23, 24, 25, 26, 27, 28]


6
process id 3
stats
5, 16, 7, 100, 1000
20220820-175152
loosing coalitions taken
[2, 3, 6, 15, 27]
[2, 4, 6, 16, 18]
[2, 4, 5, 20]
[1, 4, 8, 13, 14]
[1, 5, 6, 13, 24]
[3, 4, 6, 9, 22]
[1, 4, 7, 10, 19]
[1, 2, 10, 11, 14]
[2, 3, 5, 25]
[1, 3, 8, 9, 20]
[1, 2, 7, 9]
[1, 3, 7, 14, 22]
[3, 4, 5, 21, 23]
[2, 3, 7, 8, 10]
[1, 2, 8, 15, 17]
[16, 17, 18, 19, 20, 21, 22, 23, 24, 25, 26, 27, 28]


6
process id 2
stats
5, 16, 7, 100, 1000
20220820-175152
loosing coalitions taken
[2, 4, 5, 20]
[1, 5, 6, 11, 25]
[1, 2, 7, 13, 25]
[1, 2, 8, 9, 22]
[3, 4, 6, 9, 22]
[1, 3, 8, 11, 18]
[2, 3, 6, 15, 27]
[1, 3, 7, 15, 21]
[1, 4, 8, 13, 14]
[1, 4, 7, 11, 17]
[2, 3, 5, 25]
[3, 4, 5, 18, 27]
[2, 3, 7, 8, 10]
[2, 4, 6, 16, 17]
[1, 3, 9, 10, 12]
[16, 17, 18, 19, 20, 21, 22, 23, 24, 25, 26, 27, 28]


6
process id 3
stats
5, 16, 7, 100, 1000
20220820-175155
loosing coalitions taken
[3, 4, 5, 18, 27]
[3, 4, 6, 9, 22]
[2, 3, 6, 15, 27]
[2, 4, 5, 20]
[1, 5, 6, 13, 24]
[1, 3, 7, 16, 18]
[2, 3, 5, 25]
[1, 2, 7, 9]
[1, 3, 8, 11, 19]
[1, 4, 7, 10, 19]
[1, 2, 10, 11, 13]
[2, 4, 6, 16, 19]
[1, 4, 8, 13, 14]
[1, 2, 8, 15, 17]
[1, 3, 9, 10, 12]
[16, 17, 18, 19, 20, 21, 22, 23, 24, 25, 26, 27, 28]


6
process id 1
stats
5, 16, 7, 100, 1000
20220820-175155
loosing coalitions taken
[3, 4, 6, 15, 17]
[2, 3, 6, 16, 24]
[1, 2, 8, 9, 22]
[1, 2, 7, 17, 18]
[1, 3, 9, 10, 12]
[1, 5, 6, 11, 25]
[1, 3, 8, 11, 19]
[2, 4, 5, 20]
[1, 4, 8, 10, 15]
[1, 2, 10, 11, 14]
[2, 3, 5, 25]
[1, 3, 7, 13, 22]
[2, 3, 7, 8, 10]
[2, 4, 6, 12, 23]
[3, 4, 5, 19, 26]
[16, 17, 18, 19, 20, 21, 22, 23, 24, 25, 26, 27, 28]


6
process id 0
stats
5, 16, 7, 100, 1000
20220820-175157
loosing coalitions taken
[3, 4, 6, 9, 22]
[1, 3, 8, 12, 19]
[1, 2, 7, 9]
[1, 4, 8, 10, 15]
[3, 4, 5, 17, 28]
[1, 3, 7, 16, 17]
[1, 5, 6, 13, 24]
[2, 3, 6, 15, 27]
[2, 4, 6, 11, 24]
[2, 4, 5, 20]
[2, 3, 5, 25]
[1, 2, 10, 11, 14]
[1, 2, 8, 13, 20]
[2, 5, 6, 7, 16]
[2, 3, 7, 8, 10]
[16, 17, 18, 19, 20, 21, 22, 23, 24, 25, 26, 27, 28]


6
process id 6
stats
5, 16, 7, 100, 1000
20220820-175158
loosing coalitions taken
[2, 4, 5, 20]
[1, 3, 7, 14, 22]
[3, 4, 6, 15, 17]
[1, 3, 9, 10, 12]
[1, 4, 8, 10, 15]
[2, 4, 6, 16, 19]
[1, 2, 8, 14, 20]
[1, 5, 6, 16, 20]
[1, 2, 7, 9]
[1, 3, 8, 11, 19]
[1, 2, 10, 11, 13]
[2, 3, 5, 25]
[3, 4, 5, 21, 23]
[1, 4, 7, 11, 17]
[2, 3, 7, 8, 10]
[16, 17, 18, 19, 20, 21, 22, 23, 24, 25, 26, 27, 28]


6
process id 7
stats
5, 16, 7, 100, 1000
20220820-175158
loosing coalitions taken
[2, 3, 6, 15, 27]
[1, 2, 8, 9, 22]
[3, 4, 6, 13, 21]
[1, 2, 7, 13, 25]
[1, 4, 7, 10, 19]
[2, 4, 5, 20]
[1, 4, 8, 13, 14]
[1, 3, 7, 14, 22]
[1, 3, 9, 10, 11]
[1, 3, 8, 15, 16]
[1, 2, 10, 12, 14]
[2, 4, 6, 16, 19]
[1, 5, 6, 9, 26]
[3, 4, 5, 17, 27]
[2, 3, 5, 25]
[16, 17, 18, 19, 20, 21, 22, 23, 24, 25, 26, 27, 28]


6
process id 1
stats
5, 16, 7, 100, 1000
20220820-175158
loosing coalitions taken
[1, 3, 8, 11, 18]
[3, 4, 6, 13, 21]
[1, 3, 9, 10, 12]
[1, 5, 6, 13, 24]
[2, 3, 6, 15, 27]
[1, 2, 8, 15, 17]
[2, 4, 6, 16, 19]
[1, 4, 7, 10, 18]
[3, 4, 5, 19, 26]
[1, 3, 7, 16, 17]
[1, 4, 8, 13, 14]
[2, 4, 5, 20]
[1, 2, 7, 9]
[2, 3, 5, 25]
[1, 2, 10, 11, 14]
[16, 17, 18, 19, 20, 21, 22, 23, 24, 25, 26, 27, 28]


6
process id 5
stats
5, 16, 7, 100, 1000
20220820-175159
loosing coalitions taken
[1, 3, 8, 11, 18]
[3, 4, 6, 13, 21]
[2, 4, 5, 20]
[2, 3, 6, 15, 27]
[1, 3, 7, 15, 21]
[1, 2, 7, 17, 19]
[1, 2, 10, 11, 14]
[1, 4, 8, 13, 14]
[2, 3, 5, 25]
[1, 5, 6, 16, 20]
[3, 4, 5, 19, 26]
[2, 3, 7, 8, 10]
[2, 4, 6, 16, 17]
[1, 3, 9, 10, 12]
[1, 4, 7, 10, 18]
[16, 17, 18, 19, 20, 21, 22, 23, 24, 25, 26, 27, 28]


6
process id 4
stats
5, 16, 7, 100, 1000
20220820-175200
loosing coalitions taken
[3, 4, 5, 18, 27]
[1, 5, 6, 13, 24]
[1, 3, 7, 13, 22]
[1, 4, 7, 10, 19]
[2, 4, 5, 20]
[1, 2, 9, 12, 14]
[3, 4, 6, 13, 21]
[1, 2, 7, 11, 27]
[1, 3, 8, 15, 16]
[2, 3, 6, 16, 24]
[1, 4, 8, 13, 14]
[2, 3, 5, 25]
[2, 3, 7, 8, 10]
[2, 4, 6, 14, 22]
[1, 3, 9, 10, 11]
[16, 17, 18, 19, 20, 21, 22, 23, 24, 25, 26, 27, 28]


6
process id 1
stats
5, 16, 7, 100, 1000
20220820-175203
loosing coalitions taken
[2, 4, 6, 14, 22]
[2, 3, 6, 15, 27]
[1, 4, 8, 13, 14]
[1, 5, 6, 13, 23]
[1, 3, 8, 12, 19]
[3, 4, 6, 13, 21]
[2, 4, 5, 20]
[1, 2, 7, 10, 28]
[2, 3, 5, 25]
[3, 4, 5, 19, 26]
[2, 5, 6, 7, 16]
[1, 2, 9, 12, 14]
[1, 3, 9, 10, 11]
[1, 3, 7, 16, 17]
[1, 2, 8, 15, 17]
[16, 17, 18, 19, 20, 21, 22, 23, 24, 25, 26, 27, 28]


6
process id 2
stats
5, 16, 7, 100, 1000
20220820-175207
loosing coalitions taken
[1, 2, 7, 17, 18]
[1, 5, 6, 9, 26]
[1, 4, 8, 10, 15]
[1, 2, 10, 12, 14]
[2, 4, 6, 12, 23]
[1, 2, 8, 9, 22]
[3, 4, 6, 13, 21]
[1, 3, 7, 14, 22]
[1, 3, 8, 12, 19]
[2, 3, 7, 8, 10]
[1, 3, 9, 10, 11]
[2, 3, 6, 16, 24]
[3, 4, 5, 18, 26]
[2, 4, 5, 20]
[3, 5, 6, 7, 15]
[16, 17, 18, 19, 20, 21, 22, 23, 24, 25, 26, 27, 28]


6
process id 0
stats
5, 16, 7, 100, 1000
20220820-175211
loosing coalitions taken
[2, 4, 5, 20]
[3, 4, 6, 15, 17]
[1, 2, 7, 9]
[1, 3, 8, 9, 20]
[1, 5, 6, 16, 20]
[1, 4, 8, 13, 14]
[3, 4, 5, 19, 26]
[2, 3, 6, 16, 24]
[1, 2, 10, 11, 14]
[2, 4, 6, 9, 25]
[1, 3, 7, 14, 22]
[2, 3, 7, 8, 10]
[2, 3, 5, 25]
[1, 2, 8, 15, 17]
[1, 4, 7, 10, 19]
[16, 17, 18, 19, 20, 21, 22, 23, 24, 25, 26, 27, 28]


6
process id 5
stats
5, 16, 7, 100, 1000
20220820-175212
loosing coalitions taken
[2, 3, 6, 15, 27]
[2, 4, 5, 20]
[3, 4, 6, 13, 21]
[1, 2, 7, 9]
[2, 4, 6, 16, 18]
[1, 2, 10, 11, 14]
[1, 3, 7, 14, 22]
[2, 3, 7, 8, 10]
[1, 4, 7, 11, 17]
[1, 4, 8, 13, 14]
[1, 5, 6, 11, 25]
[1, 3, 8, 9, 20]
[2, 3, 5, 25]
[3, 4, 5, 18, 26]
[1, 2, 8, 15, 17]
[16, 17, 18, 19, 20, 21, 22, 23, 24, 25, 26, 27, 28]


