Results
Max overall: 15
Min avg pop: 0.645
Min pop: 0.649

6
process id 0
stats
5, 15, 7, 100, 1000
20220819-151749
loosing coalitions taken
[1, 5, 6, 16, 20]
[3, 4, 5, 21, 24]
[1, 2, 7, 11, 27]
[1, 3, 7, 16, 19]
[1, 2, 8, 13, 20]
[1, 2, 9, 12, 14]
[1, 4, 7, 10, 18]
[1, 3, 8, 11, 18]
[2, 3, 5, 27, 28]
[2, 4, 6, 12, 23]
[2, 3, 6, 15, 26]
[2, 4, 5, 20]
[3, 4, 6, 9, 22]
[2, 3, 7, 8, 10]
[16, 17, 18, 19, 20, 21, 22, 23, 24, 25, 26, 27, 28]


6
process id 2
stats
5, 15, 7, 100, 1000
20220819-151751
loosing coalitions taken
[1, 2, 8, 15, 17]
[2, 4, 5, 20]
[1, 2, 7, 9]
[1, 5, 6, 10, 26]
[2, 3, 6, 15, 27]
[1, 3, 8, 12, 18]
[1, 3, 9, 10, 11]
[2, 3, 5, 25]
[3, 4, 5, 17, 26]
[2, 4, 6, 13, 22]
[1, 4, 8, 13, 14]
[2, 5, 6, 7, 16]
[1, 4, 7, 11, 17]
[1, 2, 10, 12, 14]
[16, 17, 18, 19, 20, 21, 22, 23, 24, 25, 26, 27, 28]


6
process id 1
stats
5, 15, 7, 100, 1000
20220819-151751
loosing coalitions taken
[1, 5, 6, 16, 20]
[1, 3, 8, 12, 19]
[2, 4, 5, 20]
[1, 3, 7, 14, 22]
[1, 2, 8, 9, 22]
[1, 3, 9, 10, 11]
[1, 2, 7, 17, 18]
[1, 2, 10, 12, 14]
[3, 4, 6, 13, 21]
[2, 3, 6, 16, 24]
[2, 3, 5, 25]
[1, 4, 8, 13, 14]
[2, 4, 6, 9, 25]
[3, 4, 5, 17, 26]
[16, 17, 18, 19, 20, 21, 22, 23, 24, 25, 26, 27, 28]


6
process id 0
stats
5, 15, 7, 100, 1000
20220819-151751
loosing coalitions taken
[1, 5, 6, 13, 23]
[1, 3, 7, 14, 22]
[3, 4, 6, 9, 22]
[1, 2, 8, 9, 22]
[1, 3, 8, 15, 16]
[1, 3, 9, 10, 12]
[2, 4, 6, 11, 24]
[1, 4, 7, 10, 19]
[3, 4, 5, 21, 24]
[2, 3, 5, 25]
[2, 4, 5, 20]
[1, 4, 8, 13, 14]
[1, 2, 10, 11, 14]
[1, 2, 7, 17, 18]
[16, 17, 18, 19, 20, 21, 22, 23, 24, 25, 26, 27, 28]


6
process id 4
stats
5, 15, 7, 100, 1000
20220819-151753
loosing coalitions taken
[2, 4, 6, 14, 22]
[3, 5, 6, 7, 15]
[3, 4, 6, 13, 21]
[2, 3, 6, 16, 24]
[1, 2, 7, 9]
[1, 4, 8, 13, 14]
[1, 5, 6, 16, 20]
[2, 3, 5, 25]
[1, 3, 7, 10, 23]
[2, 4, 5, 20]
[1, 3, 8, 11, 19]
[1, 2, 8, 15, 17]
[3, 4, 5, 17, 26]
[1, 2, 10, 11, 13]
[16, 17, 18, 19, 20, 21, 22, 23, 24, 25, 26, 27, 28]


6
process id 2
stats
5, 15, 7, 100, 1000
20220819-151753
loosing coalitions taken
[1, 5, 6, 10, 26]
[3, 4, 6, 9, 22]
[2, 4, 5, 20]
[1, 2, 7, 9]
[1, 2, 8, 15, 17]
[1, 3, 7, 10, 24]
[3, 4, 5, 18, 26]
[2, 3, 5, 25]
[1, 4, 7, 11, 17]
[2, 4, 6, 11, 23]
[1, 4, 8, 13, 14]
[1, 3, 8, 11, 19]
[2, 3, 6, 16, 24]
[1, 2, 10, 12, 14]
[16, 17, 18, 19, 20, 21, 22, 23, 24, 25, 26, 27, 28]


6
process id 7
stats
5, 15, 7, 100, 1000
20220819-151753
loosing coalitions taken
[1, 5, 6, 13, 23]
[1, 2, 7, 17, 18]
[2, 3, 5, 27, 28]
[2, 4, 6, 11, 23]
[1, 4, 7, 10, 19]
[2, 4, 5, 20]
[2, 3, 6, 15, 26]
[1, 2, 10, 12, 13]
[1, 3, 8, 11, 19]
[1, 3, 7, 15, 21]
[2, 3, 7, 8, 10]
[1, 2, 9, 11, 14]
[3, 4, 6, 9, 22]
[1, 4, 8, 13, 14]
[16, 17, 18, 19, 20, 21, 22, 23, 24, 25, 26, 27, 28]


6
process id 3
stats
5, 15, 7, 100, 1000
20220819-151753
loosing coalitions taken
[2, 4, 5, 20]
[1, 5, 6, 13, 23]
[2, 3, 6, 15, 27]
[3, 4, 6, 13, 21]
[2, 3, 5, 25]
[3, 4, 5, 17, 26]
[2, 3, 7, 8, 10]
[1, 2, 7, 12, 26]
[2, 4, 6, 11, 24]
[1, 2, 8, 13, 20]
[1, 3, 8, 15, 16]
[1, 4, 7, 11, 17]
[1, 2, 9, 11, 14]
[1, 3, 7, 14, 22]
[16, 17, 18, 19, 20, 21, 22, 23, 24, 25, 26, 27, 28]


6
process id 5
stats
5, 15, 7, 100, 1000
20220819-151753
loosing coalitions taken
[1, 5, 6, 13, 23]
[2, 4, 5, 20]
[1, 3, 8, 12, 19]
[1, 2, 7, 9]
[3, 4, 5, 18, 27]
[2, 3, 5, 25]
[2, 4, 6, 9, 25]
[2, 3, 7, 8, 10]
[3, 4, 6, 15, 17]
[1, 4, 8, 13, 14]
[2, 3, 6, 16, 24]
[1, 4, 7, 11, 17]
[1, 3, 7, 13, 22]
[1, 2, 8, 15, 17]
[16, 17, 18, 19, 20, 21, 22, 23, 24, 25, 26, 27, 28]


6
process id 6
stats
5, 15, 7, 100, 1000
20220819-151755
loosing coalitions taken
[1, 3, 8, 15, 16]
[1, 3, 7, 14, 22]
[2, 4, 5, 20]
[3, 4, 6, 9, 22]
[1, 2, 7, 11, 27]
[1, 2, 8, 9, 22]
[1, 3, 9, 10, 12]
[1, 5, 6, 13, 23]
[2, 3, 5, 25]
[3, 4, 5, 19, 26]
[1, 4, 7, 10, 18]
[2, 4, 6, 16, 17]
[2, 3, 7, 8, 10]
[1, 4, 8, 13, 14]
[16, 17, 18, 19, 20, 21, 22, 23, 24, 25, 26, 27, 28]


6
process id 4
stats
5, 15, 7, 100, 1000
20220819-151756
loosing coalitions taken
[1, 2, 7, 12, 26]
[1, 5, 6, 16, 20]
[1, 3, 8, 11, 18]
[1, 3, 7, 16, 19]
[1, 3, 9, 10, 12]
[1, 2, 8, 9, 22]
[3, 4, 6, 13, 21]
[1, 2, 10, 11, 14]
[1, 4, 7, 11, 17]
[1, 4, 8, 10, 15]
[3, 4, 5, 17, 27]
[2, 3, 6, 16, 23]
[2, 3, 5, 25]
[2, 4, 6, 11, 24]
[16, 17, 18, 19, 20, 21, 22, 23, 24, 25, 26, 27, 28]


6
process id 0
stats
5, 15, 7, 100, 1000
20220819-151757
loosing coalitions taken
[1, 5, 6, 13, 24]
[2, 3, 6, 15, 27]
[1, 2, 10, 11, 14]
[1, 2, 8, 9, 22]
[3, 4, 6, 13, 21]
[2, 4, 6, 11, 24]
[2, 4, 5, 20]
[1, 2, 7, 17, 19]
[1, 3, 7, 13, 22]
[2, 3, 5, 25]
[1, 4, 8, 10, 15]
[1, 3, 8, 11, 17]
[3, 4, 5, 17, 27]
[2, 3, 7, 8, 10]
[16, 17, 18, 19, 20, 21, 22, 23, 24, 25, 26, 27, 28]


5
process id 6
stats
5, 15, 7, 100, 1000
20220819-151757
loosing coalitions taken
[1, 5, 6, 11, 25]
[1, 2, 7, 9]
[2, 4, 5, 20]
[1, 3, 8, 15, 16]
[3, 4, 6, 9, 22]
[1, 2, 8, 14, 20]
[2, 3, 5, 25]
[2, 4, 6, 15, 21]
[2, 3, 6, 16, 24]
[1, 4, 7, 11, 17]
[1, 2, 10, 11, 13]
[3, 4, 5, 21, 23]
[1, 3, 7, 14, 22]
[1, 3, 9, 10, 12]
[16, 17, 18, 19, 20, 21, 22, 23, 24, 25, 26, 27, 28]


6
process id 2
stats
5, 15, 7, 100, 1000
20220819-151758
loosing coalitions taken
[2, 3, 6, 15, 27]
[1, 5, 6, 13, 24]
[1, 3, 8, 12, 19]
[1, 2, 7, 9]
[3, 4, 6, 9, 22]
[2, 4, 5, 20]
[2, 3, 5, 25]
[1, 3, 7, 14, 22]
[1, 2, 8, 13, 20]
[1, 3, 9, 10, 11]
[3, 4, 5, 21, 23]
[2, 4, 6, 12, 23]
[1, 4, 8, 10, 15]
[1, 4, 7, 11, 17]
[16, 17, 18, 19, 20, 21, 22, 23, 24, 25, 26, 27, 28]


6
process id 1
stats
5, 15, 7, 100, 1000
20220819-151759
loosing coalitions taken
[2, 4, 5, 20]
[1, 2, 7, 9]
[3, 4, 6, 13, 21]
[1, 5, 6, 11, 25]
[1, 3, 8, 12, 18]
[2, 3, 5, 25]
[3, 4, 5, 17, 26]
[2, 4, 6, 14, 22]
[1, 2, 10, 12, 13]
[1, 4, 8, 10, 15]
[1, 3, 7, 13, 22]
[1, 2, 8, 14, 20]
[2, 3, 6, 16, 23]
[3, 5, 6, 7, 15]
[16, 17, 18, 19, 20, 21, 22, 23, 24, 25, 26, 27, 28]


6
process id 7
stats
5, 15, 7, 100, 1000
20220819-151800
loosing coalitions taken
[1, 3, 8, 15, 16]
[1, 5, 6, 10, 26]
[2, 4, 5, 20]
[1, 3, 7, 14, 22]
[3, 5, 6, 7, 15]
[3, 4, 6, 13, 21]
[2, 3, 5, 25]
[1, 2, 7, 9]
[2, 4, 6, 16, 19]
[1, 3, 9, 10, 12]
[1, 2, 10, 11, 14]
[2, 3, 7, 8, 10]
[3, 4, 5, 17, 28]
[1, 2, 8, 13, 20]
[16, 17, 18, 19, 20, 21, 22, 23, 24, 25, 26, 27, 28]


6
process id 6
stats
5, 15, 7, 100, 1000
20220819-151801
loosing coalitions taken
[1, 5, 6, 16, 20]
[2, 4, 5, 20]
[1, 2, 7, 13, 25]
[1, 2, 8, 9, 22]
[1, 2, 10, 12, 14]
[2, 3, 6, 16, 24]
[1, 3, 8, 12, 18]
[1, 4, 7, 10, 19]
[1, 3, 7, 15, 21]
[1, 3, 9, 10, 11]
[2, 4, 6, 12, 23]
[2, 3, 5, 25]
[2, 3, 7, 8, 10]
[3, 4, 5, 18, 27]
[16, 17, 18, 19, 20, 21, 22, 23, 24, 25, 26, 27, 28]


5
process id 7
stats
5, 15, 7, 100, 1000
20220819-151801
loosing coalitions taken
[3, 4, 6, 15, 17]
[1, 3, 8, 15, 16]
[2, 4, 5, 20]
[2, 3, 5, 25]
[1, 2, 8, 13, 20]
[2, 4, 6, 11, 23]
[1, 2, 10, 12, 14]
[1, 4, 7, 11, 17]
[1, 2, 7, 9]
[2, 3, 6, 16, 24]
[1, 5, 6, 13, 23]
[2, 3, 7, 8, 10]
[1, 3, 7, 14, 22]
[3, 4, 5, 21, 23]
[16, 17, 18, 19, 20, 21, 22, 23, 24, 25, 26, 27, 28]


6
process id 0
stats
5, 15, 7, 100, 1000
20220819-151802
loosing coalitions taken
[1, 5, 6, 13, 24]
[1, 2, 7, 9]
[3, 5, 6, 7, 15]
[1, 3, 8, 12, 18]
[2, 3, 5, 25]
[2, 4, 6, 9, 25]
[1, 4, 8, 13, 14]
[1, 2, 8, 15, 17]
[2, 4, 5, 20]
[1, 3, 7, 16, 17]
[2, 3, 6, 16, 23]
[1, 2, 10, 12, 13]
[3, 4, 5, 19, 26]
[3, 4, 6, 14, 20]
[16, 17, 18, 19, 20, 21, 22, 23, 24, 25, 26, 27, 28]


6
process id 3
stats
5, 15, 7, 100, 1000
20220819-151803
loosing coalitions taken
[1, 5, 6, 13, 24]
[2, 4, 5, 20]
[1, 3, 8, 9, 20]
[1, 4, 7, 11, 17]
[3, 4, 6, 9, 22]
[1, 2, 10, 11, 14]
[1, 4, 8, 10, 15]
[1, 2, 7, 9]
[2, 3, 6, 15, 27]
[1, 3, 7, 13, 22]
[2, 3, 5, 25]
[3, 4, 5, 17, 26]
[2, 3, 7, 8, 10]
[2, 4, 6, 11, 24]
[16, 17, 18, 19, 20, 21, 22, 23, 24, 25, 26, 27, 28]


6
process id 4
stats
5, 15, 7, 100, 1000
20220819-151803
loosing coalitions taken
[2, 4, 6, 11, 23]
[1, 3, 7, 15, 21]
[1, 2, 7, 9]
[1, 3, 8, 12, 18]
[1, 4, 8, 13, 14]
[2, 4, 5, 20]
[2, 3, 5, 25]
[1, 5, 6, 10, 25]
[3, 4, 5, 17, 28]
[2, 3, 7, 8, 10]
[2, 3, 6, 16, 24]
[1, 3, 9, 10, 11]
[1, 2, 8, 15, 17]
[3, 4, 6, 13, 20]
[16, 17, 18, 19, 20, 21, 22, 23, 24, 25, 26, 27, 28]


6
process id 5
stats
5, 15, 7, 100, 1000
20220819-151803
loosing coalitions taken
[2, 4, 5, 20]
[3, 5, 6, 7, 15]
[1, 4, 8, 10, 15]
[1, 3, 8, 12, 19]
[3, 4, 6, 13, 21]
[1, 2, 7, 17, 19]
[1, 3, 7, 14, 22]
[2, 3, 5, 25]
[2, 4, 6, 12, 23]
[1, 5, 6, 13, 24]
[2, 3, 7, 8, 10]
[3, 4, 5, 17, 28]
[1, 2, 8, 14, 20]
[1, 2, 10, 11, 13]
[16, 17, 18, 19, 20, 21, 22, 23, 24, 25, 26, 27, 28]


6
process id 1
stats
5, 15, 7, 100, 1000
20220819-151803
loosing coalitions taken
[1, 5, 6, 16, 20]
[3, 4, 6, 15, 17]
[1, 3, 8, 15, 16]
[2, 4, 5, 20]
[1, 2, 7, 10, 28]
[2, 3, 5, 25]
[2, 3, 6, 16, 24]
[1, 4, 7, 11, 17]
[3, 4, 5, 21, 23]
[2, 4, 6, 9, 25]
[1, 2, 9, 11, 14]
[1, 4, 8, 13, 14]
[1, 3, 7, 14, 22]
[1, 3, 9, 10, 12]
[16, 17, 18, 19, 20, 21, 22, 23, 24, 25, 26, 27, 28]


6
process id 0
stats
5, 15, 7, 100, 1000
20220819-151804
loosing coalitions taken
[1, 4, 7, 11, 17]
[1, 2, 7, 9]
[1, 5, 6, 13, 23]
[1, 3, 8, 12, 18]
[2, 4, 5, 20]
[2, 3, 6, 15, 27]
[2, 3, 5, 25]
[2, 4, 6, 16, 19]
[3, 4, 5, 17, 27]
[1, 2, 10, 12, 14]
[3, 4, 6, 9, 22]
[1, 3, 7, 10, 23]
[1, 2, 8, 15, 17]
[1, 4, 8, 13, 14]
[16, 17, 18, 19, 20, 21, 22, 23, 24, 25, 26, 27, 28]


6
process id 6
stats
5, 15, 7, 100, 1000
20220819-151805
loosing coalitions taken
[2, 4, 6, 9, 25]
[1, 5, 6, 16, 20]
[1, 2, 7, 17, 18]
[1, 3, 8, 12, 19]
[2, 4, 5, 20]
[1, 2, 9, 12, 14]
[1, 3, 7, 13, 22]
[1, 3, 9, 10, 11]
[3, 5, 6, 7, 15]
[1, 4, 8, 13, 14]
[2, 3, 7, 8, 10]
[3, 4, 5, 18, 26]
[2, 3, 5, 25]
[3, 4, 6, 13, 21]
[16, 17, 18, 19, 20, 21, 22, 23, 24, 25, 26, 27, 28]


6
process id 4
stats
5, 15, 7, 100, 1000
20220819-151805
loosing coalitions taken
[1, 2, 7, 9]
[2, 3, 5, 27, 28]
[1, 5, 6, 11, 25]
[1, 3, 8, 12, 18]
[3, 5, 6, 7, 15]
[2, 4, 5, 20]
[3, 4, 6, 13, 21]
[2, 4, 6, 11, 24]
[1, 2, 8, 15, 17]
[1, 2, 10, 12, 14]
[1, 4, 8, 13, 14]
[1, 3, 9, 10, 11]
[1, 4, 7, 10, 19]
[2, 3, 6, 16, 23]
[16, 17, 18, 19, 20, 21, 22, 23, 24, 25, 26, 27, 28]


6
process id 2
stats
5, 15, 7, 100, 1000
20220819-151806
loosing coalitions taken
[1, 2, 8, 15, 17]
[1, 3, 8, 12, 18]
[1, 2, 7, 12, 26]
[1, 4, 7, 11, 17]
[1, 5, 6, 10, 26]
[3, 4, 6, 15, 17]
[1, 3, 7, 14, 22]
[2, 4, 5, 20]
[1, 4, 8, 13, 14]
[2, 3, 5, 25]
[3, 4, 5, 21, 24]
[2, 3, 6, 16, 24]
[2, 4, 6, 13, 22]
[1, 3, 9, 10, 11]
[16, 17, 18, 19, 20, 21, 22, 23, 24, 25, 26, 27, 28]


5
process id 5
stats
5, 15, 7, 100, 1000
20220819-151807
loosing coalitions taken
[3, 4, 6, 15, 17]
[2, 4, 5, 20]
[1, 2, 7, 9]
[1, 5, 6, 10, 26]
[1, 3, 8, 12, 18]
[2, 4, 6, 16, 18]
[1, 3, 7, 15, 21]
[1, 4, 7, 11, 17]
[2, 3, 7, 8, 10]
[3, 4, 5, 21, 23]
[2, 3, 5, 25]
[1, 2, 10, 11, 13]
[1, 2, 8, 15, 17]
[1, 4, 8, 13, 14]
[16, 17, 18, 19, 20, 21, 22, 23, 24, 25, 26, 27, 28]


6
process id 3
stats
5, 15, 7, 100, 1000
20220819-151807
loosing coalitions taken
[1, 2, 8, 9, 22]
[1, 5, 6, 13, 23]
[1, 3, 7, 11, 23]
[1, 2, 10, 11, 14]
[3, 4, 6, 13, 21]
[2, 4, 5, 20]
[1, 2, 7, 12, 26]
[2, 4, 6, 11, 23]
[3, 4, 5, 17, 28]
[2, 3, 6, 15, 27]
[1, 3, 8, 12, 19]
[2, 3, 5, 25]
[1, 4, 8, 10, 15]
[2, 3, 7, 8, 10]
[16, 17, 18, 19, 20, 21, 22, 23, 24, 25, 26, 27, 28]


5
process id 1
stats
5, 15, 7, 100, 1000
20220819-151807
loosing coalitions taken
[1, 2, 8, 9, 22]
[1, 3, 7, 11, 23]
[1, 3, 9, 10, 12]
[1, 4, 8, 13, 14]
[2, 3, 6, 15, 27]
[1, 5, 6, 9, 26]
[1, 2, 7, 13, 25]
[1, 3, 8, 15, 16]
[2, 3, 7, 8, 10]
[2, 3, 5, 25]
[1, 2, 10, 11, 14]
[3, 4, 6, 13, 20]
[2, 4, 6, 16, 18]
[1, 4, 7, 10, 18]
[16, 17, 18, 19, 20, 21, 22, 23, 24, 25, 26, 27, 28]


6
process id 7
stats
5, 15, 7, 100, 1000
20220819-151808
loosing coalitions taken
[1, 3, 9, 10, 11]
[3, 4, 6, 14, 20]
[2, 4, 6, 12, 23]
[1, 4, 8, 13, 14]
[1, 5, 6, 13, 23]
[1, 3, 7, 14, 22]
[3, 4, 5, 17, 28]
[1, 3, 8, 12, 19]
[1, 2, 7, 17, 19]
[1, 2, 8, 9, 22]
[1, 4, 7, 10, 18]
[2, 4, 5, 20]
[2, 3, 6, 16, 24]
[1, 2, 10, 12, 13]
[16, 17, 18, 19, 20, 21, 22, 23, 24, 25, 26, 27, 28]


6
process id 6
stats
5, 15, 7, 100, 1000
20220819-151808
loosing coalitions taken
[2, 4, 6, 16, 18]
[1, 4, 8, 13, 14]
[1, 2, 9, 12, 14]
[2, 4, 5, 21, 28]
[1, 2, 7, 11, 26]
[3, 4, 6, 13, 21]
[1, 5, 6, 9, 26]
[1, 4, 7, 10, 18]
[1, 3, 8, 12, 19]
[1, 3, 9, 10, 11]
[1, 3, 7, 15, 21]
[3, 4, 5, 18, 27]
[2, 3, 5, 25]
[1, 2, 8, 15, 17]
[16, 17, 18, 19, 20, 21, 22, 23, 24, 25, 26, 27, 28]


5
process id 4
stats
5, 15, 7, 100, 1000
20220819-151809
loosing coalitions taken
[1, 2, 7, 9]
[1, 5, 6, 13, 23]
[1, 4, 8, 10, 15]
[2, 4, 5, 20]
[1, 3, 8, 11, 18]
[2, 3, 5, 25]
[1, 2, 8, 14, 20]
[1, 4, 7, 11, 17]
[1, 3, 7, 10, 24]
[3, 4, 6, 13, 20]
[2, 3, 6, 16, 23]
[2, 4, 6, 14, 22]
[1, 2, 10, 12, 13]
[3, 4, 5, 21, 24]
[16, 17, 18, 19, 20, 21, 22, 23, 24, 25, 26, 27, 28]


6
process id 1
stats
5, 15, 7, 100, 1000
20220819-151809
loosing coalitions taken
[1, 5, 6, 16, 20]
[2, 3, 5, 27, 28]
[2, 4, 5, 20]
[3, 4, 6, 13, 21]
[1, 4, 8, 10, 15]
[1, 2, 7, 9]
[1, 3, 8, 11, 18]
[1, 3, 7, 14, 22]
[2, 4, 6, 12, 23]
[3, 5, 6, 7, 15]
[1, 2, 8, 13, 20]
[3, 4, 5, 19, 26]
[1, 3, 9, 10, 12]
[1, 2, 10, 11, 14]
[16, 17, 18, 19, 20, 21, 22, 23, 24, 25, 26, 27, 28]


6
process id 6
stats
5, 15, 7, 100, 1000
20220819-151810
loosing coalitions taken
[3, 4, 6, 15, 17]
[2, 4, 5, 20]
[1, 2, 10, 12, 14]
[1, 5, 6, 13, 23]
[2, 3, 6, 16, 24]
[2, 3, 5, 25]
[1, 2, 8, 9, 22]
[3, 4, 5, 21, 24]
[1, 3, 7, 15, 21]
[2, 4, 6, 13, 22]
[1, 4, 7, 10, 18]
[1, 2, 7, 11, 27]
[1, 3, 8, 12, 19]
[2, 3, 7, 8, 10]
[16, 17, 18, 19, 20, 21, 22, 23, 24, 25, 26, 27, 28]


6
process id 0
stats
5, 15, 7, 100, 1000
20220819-151813
loosing coalitions taken
[2, 4, 6, 12, 23]
[1, 2, 7, 13, 25]
[2, 3, 5, 27, 28]
[3, 4, 6, 15, 17]
[1, 4, 7, 10, 19]
[2, 3, 7, 8, 10]
[1, 3, 9, 10, 11]
[1, 3, 8, 12, 18]
[2, 4, 5, 20]
[1, 5, 6, 11, 25]
[1, 3, 7, 14, 22]
[1, 2, 9, 12, 14]
[1, 2, 8, 15, 17]
[1, 4, 8, 13, 14]
[16, 17, 18, 19, 20, 21, 22, 23, 24, 25, 26, 27, 28]


6
process id 6
stats
5, 15, 7, 100, 1000
20220819-151814
loosing coalitions taken
[3, 4, 5, 18, 27]
[1, 5, 6, 11, 25]
[2, 3, 5, 26, 28]
[1, 2, 7, 11, 27]
[1, 3, 7, 14, 22]
[3, 4, 6, 13, 21]
[2, 3, 7, 8, 10]
[3, 5, 6, 7, 15]
[1, 2, 10, 12, 14]
[1, 4, 8, 10, 15]
[1, 2, 8, 9, 22]
[2, 4, 5, 20]
[1, 3, 8, 11, 17]
[2, 3, 6, 16, 24]
[16, 17, 18, 19, 20, 21, 22, 23, 24, 25, 26, 27, 28]


6
process id 4
stats
5, 15, 7, 100, 1000
20220819-151814
loosing coalitions taken
[1, 3, 7, 16, 18]
[1, 2, 8, 9, 22]
[3, 4, 6, 15, 17]
[3, 4, 5, 19, 26]
[2, 4, 5, 21, 27]
[2, 3, 5, 25]
[2, 4, 6, 11, 23]
[1, 2, 7, 12, 26]
[1, 3, 8, 11, 17]
[1, 5, 6, 9, 26]
[1, 2, 10, 11, 13]
[1, 4, 7, 10, 19]
[1, 4, 8, 13, 14]
[1, 3, 9, 10, 12]
[16, 17, 18, 19, 20, 21, 22, 23, 24, 25, 26, 27, 28]


6
process id 7
stats
5, 15, 7, 100, 1000
20220819-151814
loosing coalitions taken
[1, 3, 8, 12, 19]
[1, 5, 6, 10, 26]
[3, 4, 6, 9, 22]
[1, 4, 7, 11, 17]
[2, 4, 5, 20]
[2, 3, 5, 26, 27]
[1, 4, 8, 13, 14]
[1, 2, 7, 9]
[1, 2, 8, 15, 17]
[3, 4, 5, 21, 24]
[2, 3, 6, 16, 24]
[2, 3, 7, 8, 10]
[2, 4, 6, 15, 21]
[1, 2, 10, 12, 13]
[16, 17, 18, 19, 20, 21, 22, 23, 24, 25, 26, 27, 28]


6
process id 3
stats
5, 15, 7, 100, 1000
20220819-151815
loosing coalitions taken
[1, 2, 8, 15, 17]
[3, 4, 6, 13, 21]
[2, 4, 5, 20]
[1, 5, 6, 13, 24]
[1, 3, 8, 12, 19]
[1, 3, 7, 15, 21]
[1, 4, 7, 11, 17]
[1, 2, 7, 13, 25]
[2, 3, 7, 8, 10]
[2, 3, 5, 25]
[2, 3, 6, 15, 26]
[1, 2, 10, 11, 14]
[3, 4, 5, 17, 26]
[2, 4, 6, 12, 23]
[16, 17, 18, 19, 20, 21, 22, 23, 24, 25, 26, 27, 28]


6
process id 0
stats
5, 15, 7, 100, 1000
20220819-151817
loosing coalitions taken
[1, 2, 8, 15, 17]
[1, 2, 7, 9]
[3, 4, 6, 13, 21]
[1, 4, 8, 13, 14]
[1, 3, 8, 12, 19]
[2, 4, 5, 20]
[1, 5, 6, 11, 25]
[3, 4, 5, 18, 27]
[2, 3, 5, 25]
[1, 2, 10, 12, 13]
[2, 3, 6, 15, 27]
[1, 3, 7, 10, 23]
[1, 4, 7, 11, 17]
[2, 4, 6, 16, 19]
[16, 17, 18, 19, 20, 21, 22, 23, 24, 25, 26, 27, 28]


6
process id 4
stats
5, 15, 7, 100, 1000
20220819-151817
loosing coalitions taken
[3, 4, 6, 9, 22]
[2, 4, 6, 16, 19]
[1, 5, 6, 13, 24]
[1, 2, 8, 15, 17]
[1, 3, 7, 16, 19]
[1, 2, 7, 9]
[2, 4, 5, 20]
[1, 4, 8, 13, 14]
[2, 3, 5, 25]
[3, 4, 5, 18, 27]
[2, 3, 7, 8, 10]
[1, 2, 10, 11, 13]
[1, 4, 7, 11, 17]
[2, 3, 6, 15, 27]
[16, 17, 18, 19, 20, 21, 22, 23, 24, 25, 26, 27, 28]


6
process id 3
stats
5, 15, 7, 100, 1000
20220819-151818
loosing coalitions taken
[1, 5, 6, 13, 24]
[1, 2, 7, 17, 18]
[2, 4, 6, 9, 25]
[3, 4, 5, 17, 28]
[2, 4, 5, 22, 24]
[2, 3, 5, 26, 27]
[1, 3, 8, 15, 16]
[1, 2, 10, 12, 14]
[1, 3, 9, 10, 11]
[1, 4, 8, 13, 14]
[3, 4, 6, 13, 20]
[2, 3, 6, 16, 23]
[1, 3, 7, 13, 22]
[1, 2, 8, 9, 22]
[16, 17, 18, 19, 20, 21, 22, 23, 24, 25, 26, 27, 28]


6
process id 6
stats
5, 15, 7, 100, 1000
20220819-151818
loosing coalitions taken
[2, 4, 5, 20]
[3, 4, 6, 13, 21]
[1, 5, 6, 13, 24]
[1, 3, 8, 12, 19]
[1, 2, 7, 9]
[1, 4, 8, 10, 15]
[2, 3, 5, 25]
[3, 4, 5, 17, 27]
[2, 4, 6, 14, 22]
[2, 3, 7, 8, 10]
[1, 3, 7, 11, 23]
[2, 3, 6, 15, 26]
[2, 5, 6, 7, 16]
[1, 2, 10, 12, 14]
[16, 17, 18, 19, 20, 21, 22, 23, 24, 25, 26, 27, 28]


6
process id 7
stats
5, 15, 7, 100, 1000
20220819-151818
loosing coalitions taken
[2, 4, 6, 11, 23]
[3, 4, 6, 14, 20]
[2, 4, 5, 20]
[1, 3, 8, 15, 16]
[1, 5, 6, 10, 26]
[2, 3, 5, 26, 28]
[3, 4, 5, 21, 23]
[1, 2, 10, 12, 14]
[1, 4, 7, 11, 17]
[2, 3, 6, 16, 24]
[1, 2, 7, 9]
[1, 3, 9, 10, 11]
[3, 5, 6, 7, 15]
[1, 2, 8, 13, 20]
[16, 17, 18, 19, 20, 21, 22, 23, 24, 25, 26, 27, 28]


6
process id 2
stats
5, 15, 7, 100, 1000
20220819-151818
loosing coalitions taken
[1, 5, 6, 13, 24]
[3, 4, 6, 9, 22]
[1, 3, 8, 11, 19]
[1, 4, 8, 10, 15]
[1, 3, 9, 10, 12]
[2, 3, 7, 8, 10]
[1, 2, 7, 12, 26]
[1, 2, 10, 11, 14]
[1, 4, 7, 11, 17]
[1, 3, 7, 13, 22]
[2, 3, 5, 27, 28]
[2, 4, 5, 20]
[1, 2, 8, 9, 22]
[2, 3, 6, 15, 26]
[16, 17, 18, 19, 20, 21, 22, 23, 24, 25, 26, 27, 28]


6
process id 7
stats
5, 15, 7, 100, 1000
20220819-151821
loosing coalitions taken
[2, 4, 5, 20]
[1, 2, 7, 9]
[1, 3, 8, 12, 18]
[1, 4, 8, 10, 15]
[1, 5, 6, 11, 25]
[2, 3, 5, 25]
[3, 4, 6, 9, 22]
[2, 4, 6, 12, 23]
[3, 4, 5, 21, 23]
[2, 3, 6, 16, 24]
[1, 3, 7, 11, 23]
[1, 2, 8, 14, 20]
[1, 2, 10, 12, 13]
[2, 3, 7, 8, 10]
[16, 17, 18, 19, 20, 21, 22, 23, 24, 25, 26, 27, 28]


6
process id 3
stats
5, 15, 7, 100, 1000
20220819-151822
loosing coalitions taken
[2, 4, 6, 11, 23]
[1, 2, 7, 17, 18]
[1, 2, 9, 12, 14]
[1, 3, 7, 13, 22]
[1, 3, 9, 10, 11]
[1, 3, 8, 12, 19]
[1, 5, 6, 11, 25]
[3, 5, 6, 7, 15]
[2, 4, 5, 20]
[2, 3, 6, 16, 24]
[3, 4, 6, 9, 22]
[3, 4, 5, 19, 26]
[2, 3, 5, 25]
[1, 4, 8, 10, 15]
[16, 17, 18, 19, 20, 21, 22, 23, 24, 25, 26, 27, 28]


6
process id 1
stats
5, 15, 7, 100, 1000
20220819-151823
loosing coalitions taken
[1, 5, 6, 13, 24]
[1, 2, 7, 11, 27]
[2, 4, 6, 14, 22]
[2, 4, 5, 20]
[1, 3, 7, 15, 21]
[2, 3, 6, 16, 24]
[1, 3, 8, 12, 18]
[3, 4, 6, 15, 17]
[2, 3, 7, 8, 10]
[1, 4, 8, 13, 14]
[1, 3, 9, 10, 11]
[1, 2, 10, 12, 14]
[1, 4, 7, 10, 18]
[1, 2, 8, 15, 17]
[16, 17, 18, 19, 20, 21, 22, 23, 24, 25, 26, 27, 28]


6
process id 4
stats
5, 15, 7, 100, 1000
20220819-151824
loosing coalitions taken
[1, 2, 8, 14, 20]
[1, 2, 7, 13, 25]
[1, 3, 8, 12, 19]
[2, 3, 6, 16, 24]
[1, 4, 8, 10, 15]
[2, 4, 5, 21, 27]
[1, 4, 7, 11, 17]
[1, 3, 9, 10, 11]
[3, 4, 6, 15, 17]
[2, 4, 6, 11, 23]
[1, 5, 6, 13, 23]
[2, 3, 7, 8, 10]
[2, 3, 5, 25]
[1, 3, 7, 16, 18]
[16, 17, 18, 19, 20, 21, 22, 23, 24, 25, 26, 27, 28]


7
process id 0
stats
5, 15, 7, 100, 1000
20220819-151826
loosing coalitions taken
[1, 2, 7, 11, 27]
[2, 4, 6, 16, 18]
[1, 3, 8, 11, 18]
[3, 4, 6, 13, 21]
[1, 5, 6, 9, 26]
[1, 2, 10, 12, 14]
[2, 3, 6, 15, 27]
[1, 2, 8, 15, 17]
[2, 4, 5, 20]
[3, 4, 5, 17, 28]
[2, 3, 5, 25]
[1, 3, 7, 14, 22]
[1, 4, 8, 13, 14]
[1, 4, 7, 10, 18]
[16, 17, 18, 19, 20, 21, 22, 23, 24, 25, 26, 27, 28]


6
process id 7
stats
5, 15, 7, 100, 1000
20220819-151826
loosing coalitions taken
[2, 4, 5, 20]
[3, 4, 6, 13, 21]
[1, 2, 7, 9]
[1, 4, 8, 10, 15]
[1, 3, 8, 11, 18]
[2, 4, 6, 16, 18]
[3, 4, 5, 19, 26]
[2, 3, 5, 25]
[1, 3, 9, 10, 12]
[1, 5, 6, 9, 26]
[1, 2, 8, 14, 20]
[1, 3, 7, 16, 19]
[1, 2, 10, 11, 13]
[1, 4, 7, 11, 17]
[16, 17, 18, 19, 20, 21, 22, 23, 24, 25, 26, 27, 28]


6
process id 5
stats
5, 15, 7, 100, 1000
20220819-151827
loosing coalitions taken
[3, 4, 6, 13, 21]
[1, 5, 6, 13, 23]
[2, 4, 6, 16, 18]
[2, 4, 5, 20]
[1, 3, 8, 12, 19]
[2, 3, 6, 15, 27]
[1, 2, 7, 11, 27]
[1, 2, 10, 12, 14]
[2, 3, 7, 8, 10]
[1, 2, 8, 9, 22]
[1, 4, 7, 10, 18]
[1, 3, 7, 13, 22]
[1, 4, 8, 13, 14]
[1, 3, 9, 10, 11]
[16, 17, 18, 19, 20, 21, 22, 23, 24, 25, 26, 27, 28]


6
process id 2
stats
5, 15, 7, 100, 1000
20220819-151827
loosing coalitions taken
[1, 2, 7, 9]
[1, 3, 8, 12, 18]
[3, 4, 6, 9, 22]
[2, 3, 6, 15, 27]
[2, 4, 6, 11, 23]
[2, 4, 5, 20]
[1, 5, 6, 16, 20]
[1, 2, 10, 11, 13]
[1, 4, 7, 11, 17]
[2, 3, 5, 25]
[1, 3, 7, 16, 19]
[3, 4, 5, 18, 27]
[2, 3, 7, 8, 10]
[1, 2, 8, 14, 20]
[16, 17, 18, 19, 20, 21, 22, 23, 24, 25, 26, 27, 28]


5
process id 6
stats
5, 15, 7, 100, 1000
20220819-151828
loosing coalitions taken
[1, 5, 6, 11, 25]
[2, 4, 5, 20]
[3, 4, 6, 15, 17]
[1, 3, 8, 15, 16]
[1, 2, 7, 9]
[1, 2, 10, 11, 14]
[2, 3, 5, 25]
[1, 3, 7, 11, 23]
[2, 3, 6, 16, 23]
[3, 4, 5, 21, 24]
[2, 4, 6, 13, 22]
[1, 2, 8, 13, 20]
[1, 3, 9, 10, 12]
[1, 4, 7, 10, 18]
[16, 17, 18, 19, 20, 21, 22, 23, 24, 25, 26, 27, 28]


6
process id 1
stats
5, 15, 7, 100, 1000
20220819-151829
loosing coalitions taken
[1, 3, 8, 12, 19]
[3, 4, 6, 15, 17]
[1, 3, 7, 16, 17]
[1, 2, 8, 15, 17]
[2, 4, 6, 14, 22]
[1, 3, 9, 10, 11]
[1, 4, 8, 13, 14]
[1, 5, 6, 16, 20]
[1, 4, 7, 10, 18]
[1, 2, 9, 12, 14]
[2, 4, 5, 20]
[2, 3, 7, 8, 10]
[2, 3, 6, 16, 24]
[1, 2, 7, 13, 25]
[16, 17, 18, 19, 20, 21, 22, 23, 24, 25, 26, 27, 28]


6
process id 7
stats
5, 15, 7, 100, 1000
20220819-151830
loosing coalitions taken
[3, 4, 6, 9, 22]
[1, 2, 7, 9]
[2, 4, 6, 11, 24]
[2, 4, 5, 20]
[1, 5, 6, 13, 23]
[1, 3, 8, 15, 16]
[2, 3, 5, 25]
[1, 3, 7, 11, 23]
[3, 4, 5, 17, 26]
[1, 4, 8, 13, 14]
[2, 3, 6, 15, 26]
[1, 2, 10, 11, 14]
[1, 4, 7, 10, 18]
[1, 3, 9, 10, 12]
[16, 17, 18, 19, 20, 21, 22, 23, 24, 25, 26, 27, 28]


6
process id 3
stats
5, 15, 7, 100, 1000
20220819-151831
loosing coalitions taken
[3, 4, 6, 13, 21]
[2, 4, 5, 20]
[1, 3, 8, 12, 19]
[1, 5, 6, 13, 24]
[2, 3, 5, 25]
[1, 2, 7, 9]
[2, 4, 6, 11, 24]
[1, 4, 8, 10, 15]
[1, 3, 9, 10, 11]
[1, 2, 10, 12, 14]
[1, 3, 7, 15, 21]
[1, 4, 7, 11, 17]
[3, 4, 5, 18, 27]
[2, 3, 6, 15, 27]
[16, 17, 18, 19, 20, 21, 22, 23, 24, 25, 26, 27, 28]


6
process id 4
stats
5, 15, 7, 100, 1000
20220819-151834
loosing coalitions taken
[1, 3, 8, 15, 16]
[1, 5, 6, 13, 24]
[2, 4, 5, 20]
[1, 2, 10, 11, 14]
[1, 2, 7, 9]
[3, 4, 6, 9, 22]
[2, 3, 5, 25]
[2, 3, 6, 16, 24]
[1, 3, 9, 10, 12]
[2, 4, 6, 12, 23]
[3, 4, 5, 17, 27]
[1, 4, 7, 10, 19]
[1, 2, 8, 13, 20]
[1, 3, 7, 11, 23]
[16, 17, 18, 19, 20, 21, 22, 23, 24, 25, 26, 27, 28]


6
process id 1
stats
5, 15, 7, 100, 1000
20220819-151834
loosing coalitions taken
[3, 4, 6, 13, 21]
[1, 5, 6, 13, 24]
[1, 3, 7, 11, 23]
[2, 4, 5, 20]
[1, 3, 8, 15, 16]
[2, 3, 6, 15, 27]
[2, 4, 6, 16, 17]
[2, 3, 5, 25]
[1, 2, 7, 9]
[1, 2, 8, 13, 20]
[3, 4, 5, 17, 26]
[1, 2, 10, 11, 14]
[1, 3, 9, 10, 12]
[1, 4, 7, 10, 18]
[16, 17, 18, 19, 20, 21, 22, 23, 24, 25, 26, 27, 28]


6
process id 6
stats
5, 15, 7, 100, 1000
20220819-151834
loosing coalitions taken
[1, 3, 8, 12, 19]
[3, 4, 5, 18, 27]
[1, 3, 7, 16, 17]
[1, 2, 9, 12, 14]
[2, 3, 6, 16, 23]
[1, 5, 6, 13, 24]
[1, 4, 8, 10, 15]
[1, 3, 9, 10, 11]
[2, 3, 7, 8, 10]
[2, 4, 6, 15, 21]
[2, 3, 5, 25]
[3, 4, 6, 14, 20]
[1, 2, 8, 13, 20]
[1, 2, 7, 15, 22]
[16, 17, 18, 19, 20, 21, 22, 23, 24, 25, 26, 27, 28]


6
process id 7
stats
5, 15, 7, 100, 1000
20220819-151835
loosing coalitions taken
[3, 4, 5, 17, 28]
[1, 2, 7, 13, 25]
[1, 5, 6, 10, 26]
[1, 3, 7, 14, 22]
[2, 4, 5, 20]
[1, 3, 9, 10, 11]
[1, 4, 8, 13, 14]
[1, 3, 8, 12, 18]
[2, 3, 6, 16, 24]
[2, 3, 7, 8, 10]
[3, 4, 6, 9, 22]
[1, 2, 8, 15, 17]
[1, 2, 9, 12, 14]
[3, 5, 6, 7, 15]
[16, 17, 18, 19, 20, 21, 22, 23, 24, 25, 26, 27, 28]


6
process id 4
stats
5, 15, 7, 100, 1000
20220819-151836
loosing coalitions taken
[1, 5, 6, 13, 24]
[3, 4, 5, 19, 26]
[3, 4, 6, 9, 22]
[2, 4, 6, 11, 23]
[1, 2, 9, 12, 14]
[2, 3, 6, 15, 27]
[1, 2, 8, 15, 17]
[2, 4, 5, 20]
[1, 4, 8, 13, 14]
[1, 4, 7, 10, 18]
[1, 3, 7, 16, 19]
[1, 3, 8, 12, 18]
[1, 3, 9, 10, 11]
[1, 2, 7, 11, 27]
[16, 17, 18, 19, 20, 21, 22, 23, 24, 25, 26, 27, 28]


6
process id 3
stats
5, 15, 7, 100, 1000
20220819-151836
loosing coalitions taken
[1, 3, 7, 15, 21]
[1, 3, 9, 10, 12]
[1, 5, 6, 11, 25]
[2, 3, 6, 15, 27]
[1, 2, 7, 12, 26]
[1, 3, 8, 11, 18]
[1, 4, 7, 10, 19]
[1, 4, 8, 13, 14]
[2, 4, 6, 16, 19]
[1, 2, 10, 11, 14]
[1, 2, 8, 15, 17]
[2, 4, 5, 21, 27]
[2, 3, 5, 25]
[3, 4, 6, 9, 22]
[16, 17, 18, 19, 20, 21, 22, 23, 24, 25, 26, 27, 28]


6
process id 0
stats
5, 15, 7, 100, 1000
20220819-151838
loosing coalitions taken
[3, 4, 6, 15, 17]
[1, 2, 7, 17, 19]
[1, 2, 8, 14, 20]
[1, 3, 9, 10, 11]
[2, 4, 5, 20]
[1, 5, 6, 10, 26]
[2, 3, 7, 8, 10]
[1, 3, 8, 12, 19]
[2, 3, 6, 16, 24]
[3, 4, 5, 18, 26]
[2, 4, 6, 11, 23]
[2, 3, 5, 25]
[1, 2, 10, 12, 13]
[1, 3, 7, 15, 21]
[16, 17, 18, 19, 20, 21, 22, 23, 24, 25, 26, 27, 28]


6
process id 5
stats
5, 15, 7, 100, 1000
20220819-151838
loosing coalitions taken
[2, 4, 6, 14, 22]
[1, 3, 8, 12, 18]
[1, 5, 6, 13, 23]
[1, 2, 8, 9, 22]
[1, 3, 7, 16, 17]
[2, 3, 6, 16, 24]
[1, 4, 7, 10, 19]
[1, 2, 7, 11, 27]
[1, 4, 8, 13, 14]
[2, 3, 7, 8, 10]
[1, 2, 10, 12, 13]
[2, 4, 5, 20]
[1, 3, 9, 10, 11]
[3, 4, 6, 15, 17]
[16, 17, 18, 19, 20, 21, 22, 23, 24, 25, 26, 27, 28]


6
process id 7
stats
5, 15, 7, 100, 1000
20220819-151840
loosing coalitions taken
[3, 4, 6, 15, 17]
[1, 5, 6, 13, 23]
[1, 2, 7, 9]
[2, 4, 5, 20]
[1, 2, 10, 11, 14]
[3, 4, 5, 18, 27]
[2, 4, 6, 11, 24]
[1, 4, 7, 11, 17]
[1, 4, 8, 13, 14]
[1, 3, 7, 15, 21]
[2, 3, 5, 25]
[2, 3, 6, 16, 23]
[1, 3, 8, 12, 17]
[2, 3, 7, 8, 10]
[16, 17, 18, 19, 20, 21, 22, 23, 24, 25, 26, 27, 28]


6
process id 1
stats
5, 15, 7, 100, 1000
20220819-151841
loosing coalitions taken
[3, 4, 5, 17, 28]
[2, 4, 6, 14, 22]
[1, 5, 6, 13, 23]
[2, 4, 5, 20]
[3, 4, 6, 13, 21]
[2, 3, 5, 25]
[1, 3, 7, 16, 17]
[1, 2, 7, 9]
[2, 5, 6, 7, 16]
[1, 3, 8, 11, 19]
[2, 3, 7, 8, 10]
[1, 4, 8, 10, 15]
[1, 3, 9, 10, 12]
[1, 2, 8, 13, 20]
[16, 17, 18, 19, 20, 21, 22, 23, 24, 25, 26, 27, 28]


6
process id 3
stats
5, 15, 7, 100, 1000
20220819-151841
loosing coalitions taken
[2, 3, 6, 15, 27]
[2, 4, 6, 12, 23]
[1, 3, 8, 11, 18]
[1, 4, 7, 10, 19]
[1, 2, 10, 11, 14]
[1, 5, 6, 9, 26]
[1, 2, 8, 9, 22]
[1, 2, 7, 17, 18]
[1, 4, 8, 13, 14]
[1, 3, 9, 10, 12]
[3, 4, 6, 14, 20]
[3, 4, 5, 21, 23]
[2, 4, 5, 20]
[1, 3, 7, 15, 21]
[16, 17, 18, 19, 20, 21, 22, 23, 24, 25, 26, 27, 28]


6
process id 4
stats
5, 15, 7, 100, 1000
20220819-151841
loosing coalitions taken
[2, 3, 6, 15, 27]
[3, 4, 6, 13, 21]
[2, 4, 6, 12, 23]
[2, 4, 5, 20]
[1, 5, 6, 13, 24]
[1, 2, 8, 9, 22]
[1, 3, 9, 10, 11]
[1, 3, 7, 15, 21]
[2, 3, 5, 25]
[1, 2, 10, 12, 14]
[1, 4, 8, 13, 14]
[1, 3, 8, 12, 17]
[3, 4, 5, 18, 27]
[2, 3, 7, 8, 10]
[16, 17, 18, 19, 20, 21, 22, 23, 24, 25, 26, 27, 28]


6
process id 6
stats
5, 15, 7, 100, 1000
20220819-151841
loosing coalitions taken
[3, 4, 6, 15, 17]
[2, 4, 5, 20]
[1, 2, 7, 13, 25]
[1, 3, 9, 10, 11]
[1, 2, 9, 12, 14]
[1, 3, 7, 16, 17]
[1, 4, 7, 10, 19]
[1, 5, 6, 9, 26]
[2, 3, 6, 16, 24]
[1, 2, 8, 15, 17]
[1, 3, 8, 12, 19]
[2, 3, 5, 25]
[3, 4, 5, 18, 26]
[2, 4, 6, 11, 23]
[16, 17, 18, 19, 20, 21, 22, 23, 24, 25, 26, 27, 28]


6
process id 3
stats
5, 15, 7, 100, 1000
20220819-151842
loosing coalitions taken
[1, 3, 8, 12, 18]
[2, 4, 5, 20]
[3, 4, 6, 13, 21]
[1, 2, 7, 9]
[1, 5, 6, 13, 24]
[2, 3, 5, 25]
[2, 3, 6, 15, 26]
[3, 4, 5, 17, 26]
[1, 4, 7, 10, 19]
[1, 3, 7, 11, 23]
[1, 2, 10, 11, 13]
[2, 3, 7, 8, 10]
[1, 2, 8, 14, 20]
[2, 4, 6, 14, 22]
[16, 17, 18, 19, 20, 21, 22, 23, 24, 25, 26, 27, 28]


6
process id 0
stats
5, 15, 7, 100, 1000
20220819-151842
loosing coalitions taken
[2, 3, 6, 15, 27]
[1, 5, 6, 11, 25]
[1, 2, 7, 9]
[1, 3, 8, 12, 18]
[3, 4, 5, 18, 27]
[1, 4, 8, 10, 15]
[2, 3, 5, 25]
[2, 4, 6, 16, 18]
[2, 4, 5, 20]
[1, 3, 7, 13, 22]
[1, 2, 10, 12, 14]
[3, 4, 6, 14, 20]
[2, 3, 7, 8, 10]
[1, 2, 8, 13, 20]
[16, 17, 18, 19, 20, 21, 22, 23, 24, 25, 26, 27, 28]


6
process id 4
stats
5, 15, 7, 100, 1000
20220819-151843
loosing coalitions taken
[1, 5, 6, 13, 24]
[2, 3, 6, 15, 27]
[1, 3, 8, 15, 16]
[2, 4, 5, 20]
[2, 3, 5, 25]
[1, 2, 7, 9]
[2, 4, 6, 16, 17]
[1, 3, 9, 10, 12]
[1, 3, 7, 13, 22]
[3, 4, 6, 9, 22]
[1, 4, 7, 10, 18]
[3, 4, 5, 17, 28]
[1, 2, 10, 11, 13]
[1, 2, 8, 14, 20]
[16, 17, 18, 19, 20, 21, 22, 23, 24, 25, 26, 27, 28]


6
process id 5
stats
5, 15, 7, 100, 1000
20220819-151844
loosing coalitions taken
[1, 2, 7, 17, 19]
[2, 4, 6, 12, 23]
[2, 3, 5, 27, 28]
[2, 4, 5, 20]
[1, 5, 6, 13, 24]
[1, 3, 7, 15, 21]
[3, 4, 6, 13, 21]
[1, 2, 10, 12, 14]
[1, 2, 8, 9, 22]
[1, 3, 8, 12, 17]
[1, 4, 8, 10, 15]
[1, 3, 9, 10, 11]
[2, 3, 7, 8, 10]
[2, 3, 6, 16, 24]
[16, 17, 18, 19, 20, 21, 22, 23, 24, 25, 26, 27, 28]


6
process id 7
stats
5, 15, 7, 100, 1000
20220819-151845
loosing coalitions taken
[2, 4, 5, 20]
[1, 3, 9, 10, 11]
[1, 3, 7, 16, 17]
[1, 2, 9, 12, 14]
[3, 4, 6, 13, 21]
[1, 2, 8, 15, 17]
[1, 3, 8, 12, 18]
[2, 3, 6, 16, 24]
[1, 4, 7, 10, 19]
[2, 3, 7, 8, 10]
[2, 3, 5, 25]
[1, 2, 7, 11, 27]
[2, 4, 6, 14, 22]
[1, 5, 6, 16, 20]
[16, 17, 18, 19, 20, 21, 22, 23, 24, 25, 26, 27, 28]


6
process id 4
stats
5, 15, 7, 100, 1000
20220819-151845
loosing coalitions taken
[3, 4, 6, 9, 22]
[1, 3, 8, 12, 19]
[1, 2, 7, 9]
[2, 4, 6, 11, 24]
[1, 5, 6, 13, 23]
[1, 4, 8, 10, 15]
[2, 4, 5, 20]
[1, 2, 10, 11, 14]
[2, 3, 5, 25]
[3, 4, 5, 21, 24]
[1, 3, 7, 16, 18]
[1, 2, 8, 13, 20]
[2, 3, 6, 15, 27]
[1, 4, 7, 11, 17]
[16, 17, 18, 19, 20, 21, 22, 23, 24, 25, 26, 27, 28]


6
process id 0
stats
5, 15, 7, 100, 1000
20220819-151846
loosing coalitions taken
[1, 2, 7, 9]
[2, 4, 5, 20]
[1, 5, 6, 10, 26]
[1, 4, 8, 13, 14]
[1, 3, 8, 11, 19]
[2, 3, 5, 25]
[2, 4, 6, 9, 25]
[1, 4, 7, 10, 19]
[1, 2, 10, 11, 14]
[3, 4, 6, 15, 17]
[1, 3, 7, 15, 21]
[1, 2, 8, 15, 17]
[3, 4, 5, 19, 26]
[2, 3, 6, 16, 23]
[16, 17, 18, 19, 20, 21, 22, 23, 24, 25, 26, 27, 28]


6
process id 6
stats
5, 15, 7, 100, 1000
20220819-151847
loosing coalitions taken
[2, 4, 6, 16, 18]
[1, 3, 8, 11, 18]
[1, 2, 8, 15, 17]
[2, 3, 6, 15, 27]
[2, 4, 5, 21, 28]
[3, 4, 5, 17, 26]
[2, 3, 5, 25]
[1, 4, 8, 13, 14]
[1, 2, 10, 11, 14]
[1, 5, 6, 9, 26]
[3, 4, 6, 13, 20]
[1, 2, 7, 9]
[1, 4, 7, 11, 17]
[1, 3, 7, 16, 19]
[16, 17, 18, 19, 20, 21, 22, 23, 24, 25, 26, 27, 28]


6
process id 5
stats
5, 15, 7, 100, 1000
20220819-151847
loosing coalitions taken
[1, 3, 7, 16, 19]
[1, 2, 8, 15, 17]
[1, 2, 7, 9]
[1, 3, 8, 11, 18]
[2, 4, 5, 20]
[3, 5, 6, 7, 15]
[2, 3, 6, 16, 24]
[1, 5, 6, 16, 20]
[2, 3, 5, 25]
[1, 2, 10, 12, 13]
[3, 4, 5, 17, 27]
[3, 4, 6, 13, 21]
[1, 4, 8, 13, 14]
[2, 4, 6, 11, 23]
[16, 17, 18, 19, 20, 21, 22, 23, 24, 25, 26, 27, 28]


6
process id 3
stats
5, 15, 7, 100, 1000
20220819-151847
loosing coalitions taken
[3, 4, 6, 13, 21]
[1, 2, 8, 9, 22]
[1, 2, 7, 11, 27]
[2, 3, 6, 16, 24]
[2, 4, 5, 20]
[1, 5, 6, 11, 25]
[1, 3, 8, 11, 19]
[1, 4, 8, 10, 15]
[2, 4, 6, 9, 25]
[3, 4, 5, 17, 28]
[1, 3, 7, 15, 21]
[2, 3, 5, 25]
[1, 2, 10, 12, 13]
[2, 3, 7, 8, 10]
[16, 17, 18, 19, 20, 21, 22, 23, 24, 25, 26, 27, 28]


5
process id 4
stats
5, 15, 7, 100, 1000
20220819-151847
loosing coalitions taken
[2, 4, 5, 20]
[1, 3, 7, 14, 22]
[1, 5, 6, 13, 24]
[1, 3, 8, 11, 19]
[1, 2, 8, 15, 17]
[1, 2, 7, 9]
[3, 4, 5, 17, 28]
[2, 3, 5, 25]
[2, 5, 6, 7, 16]
[1, 2, 10, 11, 14]
[1, 4, 8, 13, 14]
[1, 3, 9, 10, 12]
[2, 3, 7, 8, 10]
[3, 4, 6, 13, 21]
[16, 17, 18, 19, 20, 21, 22, 23, 24, 25, 26, 27, 28]


6
process id 2
stats
5, 15, 7, 100, 1000
20220819-151848
loosing coalitions taken
[1, 5, 6, 10, 26]
[1, 3, 8, 11, 18]
[1, 2, 7, 12, 26]
[3, 4, 6, 9, 22]
[1, 3, 9, 10, 12]
[1, 3, 7, 15, 21]
[1, 2, 10, 11, 14]
[2, 3, 7, 8, 10]
[1, 2, 8, 9, 22]
[1, 4, 7, 11, 17]
[2, 4, 6, 11, 24]
[2, 4, 5, 20]
[2, 3, 6, 16, 23]
[1, 4, 8, 13, 14]
[16, 17, 18, 19, 20, 21, 22, 23, 24, 25, 26, 27, 28]


6
process id 1
stats
5, 15, 7, 100, 1000
20220819-151849
loosing coalitions taken
[2, 4, 5, 20]
[2, 3, 6, 15, 27]
[1, 2, 7, 13, 25]
[1, 4, 7, 11, 17]
[1, 3, 9, 10, 12]
[1, 3, 7, 15, 21]
[1, 5, 6, 13, 23]
[1, 4, 8, 13, 14]
[1, 3, 8, 11, 19]
[2, 3, 7, 8, 10]
[2, 4, 6, 16, 19]
[3, 4, 5, 17, 27]
[3, 4, 6, 9, 22]
[2, 3, 5, 25]
[16, 17, 18, 19, 20, 21, 22, 23, 24, 25, 26, 27, 28]


6
process id 4
stats
5, 15, 7, 100, 1000
20220819-151849
loosing coalitions taken
[1, 5, 6, 11, 25]
[1, 2, 10, 11, 14]
[1, 3, 7, 16, 19]
[1, 2, 8, 9, 22]
[1, 2, 7, 17, 18]
[1, 3, 9, 10, 12]
[2, 4, 5, 20]
[1, 3, 8, 11, 18]
[3, 5, 6, 7, 15]
[1, 4, 8, 10, 15]
[2, 3, 6, 16, 24]
[2, 4, 6, 15, 21]
[2, 3, 5, 25]
[3, 4, 6, 13, 20]
[16, 17, 18, 19, 20, 21, 22, 23, 24, 25, 26, 27, 28]


6
process id 7
stats
5, 15, 7, 100, 1000
20220819-151850
loosing coalitions taken
[1, 2, 7, 9]
[1, 5, 6, 13, 24]
[2, 4, 5, 20]
[3, 4, 6, 9, 22]
[1, 4, 8, 10, 15]
[1, 3, 8, 12, 18]
[2, 3, 5, 27, 28]
[1, 2, 10, 11, 14]
[2, 3, 6, 16, 24]
[1, 3, 7, 13, 22]
[3, 4, 5, 21, 24]
[2, 4, 6, 15, 21]
[2, 3, 7, 8, 10]
[1, 2, 8, 13, 20]
[16, 17, 18, 19, 20, 21, 22, 23, 24, 25, 26, 27, 28]


7
process id 6
stats
5, 15, 7, 100, 1000
20220819-151851
loosing coalitions taken
[1, 3, 8, 12, 19]
[1, 2, 7, 9]
[2, 3, 6, 15, 27]
[3, 4, 6, 9, 22]
[1, 4, 8, 13, 14]
[2, 4, 6, 11, 24]
[2, 4, 5, 20]
[2, 3, 5, 25]
[3, 4, 5, 17, 26]
[1, 5, 6, 13, 23]
[1, 2, 8, 15, 17]
[1, 4, 7, 10, 19]
[1, 2, 10, 12, 14]
[1, 3, 7, 15, 21]
[16, 17, 18, 19, 20, 21, 22, 23, 24, 25, 26, 27, 28]


6
process id 7
stats
5, 15, 7, 100, 1000
20220819-151851
loosing coalitions taken
[3, 5, 6, 7, 15]
[1, 3, 7, 16, 18]
[1, 2, 7, 11, 27]
[1, 3, 8, 12, 19]
[1, 3, 9, 10, 11]
[1, 5, 6, 9, 26]
[1, 2, 8, 9, 22]
[3, 4, 6, 13, 21]
[2, 4, 5, 20]
[1, 4, 8, 10, 15]
[3, 4, 5, 17, 27]
[2, 3, 5, 25]
[2, 3, 6, 16, 23]
[2, 4, 6, 14, 22]
[16, 17, 18, 19, 20, 21, 22, 23, 24, 25, 26, 27, 28]


