Results
15
0.64
0.625

5
process id 4
stats
5, 15, 7, 100, 1000
20220818-012136
loosing coalitions taken
[1, 3, 7, 12, 17]
[2, 4, 5, 20, 22]
[1, 3, 8, 13, 16]
[1, 2, 8, 11, 18]
[2, 3, 6, 9, 27]
[1, 2, 10, 12, 13]
[3, 4, 5, 14, 27]
[2, 4, 6, 12, 15]
[3, 4, 6, 10, 11]
[1, 3, 6, 26]
[2, 3, 5, 17]
[1, 2, 7, 15, 21]
[1, 4, 7, 9, 10]
[1, 4, 5, 28]
[16, 17, 18, 19, 20, 21, 22, 23, 24, 25, 26, 27, 28]


5
process id 3
stats
5, 15, 7, 100, 1000
20220818-012154
loosing coalitions taken
[2, 3, 6, 14]
[1, 2, 8, 9, 21]
[1, 2, 7, 17, 19]
[1, 5, 6, 10, 25]
[1, 3, 7, 13, 22]
[1, 3, 8, 12, 17]
[1, 4, 6, 22]
[2, 3, 5, 18]
[2, 4, 5, 17, 26]
[2, 4, 6, 9, 25]
[1, 4, 7, 10, 15]
[3, 4, 5, 10]
[3, 4, 6, 8]
[1, 3, 6, 27]
[16, 17, 18, 19, 20, 21, 22, 23, 24, 25, 26, 27, 28]


5
process id 7
stats
5, 15, 7, 100, 1000
20220818-012216
loosing coalitions taken
[2, 4, 5, 19]
[1, 2, 8, 9, 17]
[1, 5, 6, 13, 21]
[1, 3, 8, 13, 15]
[1, 4, 8, 11, 12]
[1, 3, 9, 10, 11]
[2, 3, 6, 11, 28]
[1, 2, 7, 11, 26]
[1, 4, 5, 27]
[2, 4, 6, 12, 15]
[1, 2, 6, 20]
[3, 4, 5, 9, 24]
[2, 3, 5, 21]
[1, 3, 7, 12, 16]
[16, 17, 18, 19, 20, 21, 22, 23, 24, 25, 26, 27, 28]


6
process id 7
stats
5, 15, 7, 100, 1000
20220818-012218
loosing coalitions taken
[2, 4, 5, 17]
[1, 2, 10, 12, 13]
[2, 3, 6, 10]
[1, 2, 7, 11, 26]
[1, 4, 8, 13, 14]
[1, 5, 6, 12, 21]
[1, 3, 8, 11, 19]
[1, 4, 6, 27]
[1, 3, 7, 9, 23]
[1, 4, 5, 26]
[3, 4, 5, 16, 22]
[3, 4, 6, 14, 18]
[1, 3, 6, 17]
[2, 3, 5, 24, 25]
[16, 17, 18, 19, 20, 21, 22, 23, 24, 25, 26, 27, 28]


6
process id 6
stats
5, 15, 7, 100, 1000
20220818-012253
loosing coalitions taken
[1, 5, 6, 15, 21]
[3, 4, 6, 14, 20]
[2, 4, 6, 13, 19]
[1, 2, 8, 14, 19]
[1, 4, 7, 9, 16]
[2, 4, 5, 16, 23]
[1, 4, 8, 10, 15]
[2, 3, 5, 26, 28]
[1, 2, 9, 11, 12]
[1, 2, 7, 13, 24]
[1, 3, 7, 11, 21]
[1, 4, 6, 24]
[3, 4, 5, 10, 18]
[2, 3, 6, 9]
[16, 17, 18, 19, 20, 21, 22, 23, 24, 25, 26, 27, 28]


6
process id 3
stats
5, 15, 7, 100, 1000
20220818-012311
loosing coalitions taken
[2, 4, 6, 16, 19]
[1, 3, 8, 9, 17]
[1, 2, 8, 12, 21]
[1, 2, 7, 10, 23]
[1, 3, 7, 11, 18]
[3, 4, 5, 19, 24]
[2, 4, 5, 11]
[1, 4, 7, 8]
[3, 4, 6, 12, 21]
[1, 5, 6, 13, 18]
[1, 2, 6, 22]
[2, 3, 5, 23]
[1, 4, 5, 25]
[2, 3, 6, 9, 15]
[16, 17, 18, 19, 20, 21, 22, 23, 24, 25, 26, 27, 28]


5
process id 0
stats
5, 15, 7, 100, 1000
20220818-012443
loosing coalitions taken
[2, 4, 6, 15, 20]
[1, 2, 9, 12, 14]
[2, 3, 6, 12]
[1, 2, 8, 11, 18]
[1, 3, 7, 10, 23]
[1, 3, 8, 14, 16]
[1, 2, 7, 13, 25]
[2, 4, 5, 18]
[1, 4, 7, 8]
[1, 4, 6, 21]
[2, 3, 5, 16]
[1, 5, 6, 11, 17]
[1, 4, 5, 28]
[1, 3, 6, 27]
[16, 17, 18, 19, 20, 21, 22, 23, 24, 25, 26, 27, 28]


5
process id 6
stats
5, 15, 7, 100, 1000
20220818-012455
loosing coalitions taken
[1, 2, 8, 12, 16]
[1, 3, 8, 10, 17]
[1, 3, 7, 11, 22]
[3, 4, 5, 16]
[1, 4, 6, 25]
[1, 2, 7, 13, 23]
[2, 3, 5, 21]
[1, 2, 6, 27]
[2, 3, 6, 13]
[2, 4, 5, 20]
[1, 5, 6, 9, 20]
[1, 4, 7, 10, 14]
[1, 4, 5, 28]
[3, 4, 6, 11, 19]
[16, 17, 18, 19, 20, 21, 22, 23, 24, 25, 26, 27, 28]


6
process id 7
stats
5, 15, 7, 100, 1000
20220818-012455
loosing coalitions taken
[2, 4, 6, 11, 22]
[1, 2, 7, 16, 18]
[1, 2, 9, 10, 14]
[3, 4, 6, 12, 18]
[1, 4, 6, 26]
[1, 2, 8, 12, 21]
[2, 3, 5, 16]
[1, 5, 6, 10, 24]
[3, 4, 5, 8]
[2, 3, 6, 17, 21]
[2, 4, 5, 20, 26]
[1, 4, 7, 8, 22]
[1, 3, 8, 11, 19]
[1, 4, 5, 23]
[16, 17, 18, 19, 20, 21, 22, 23, 24, 25, 26, 27, 28]


5
process id 0
stats
5, 15, 7, 100, 1000
20220818-012502
loosing coalitions taken
[1, 4, 7, 13, 14]
[2, 3, 5, 27, 28]
[3, 4, 5, 15]
[1, 3, 7, 11, 19]
[1, 2, 8, 12, 19]
[2, 4, 6, 11, 23]
[1, 4, 8, 9, 11]
[1, 2, 7, 10, 26]
[1, 3, 8, 14, 16]
[2, 3, 6, 15, 21]
[3, 4, 6, 7, 17]
[1, 4, 5, 27]
[2, 4, 5, 14, 17]
[1, 3, 6, 26]
[16, 17, 18, 19, 20, 21, 22, 23, 24, 25, 26, 27, 28]


6
process id 6
stats
5, 15, 7, 100, 1000
20220818-012525
loosing coalitions taken
[1, 2, 10, 11, 12]
[1, 3, 8, 10, 18]
[1, 4, 6, 27]
[2, 4, 5, 17, 26]
[2, 3, 6, 13]
[3, 4, 5, 14, 23]
[1, 2, 8, 9, 21]
[1, 2, 7, 16, 17]
[2, 4, 6, 11, 16]
[1, 4, 7, 12, 14]
[1, 4, 5, 25]
[1, 5, 6, 9, 26]
[1, 3, 7, 9, 11]
[2, 3, 5, 22]
[16, 17, 18, 19, 20, 21, 22, 23, 24, 25, 26, 27, 28]


6
process id 0
stats
5, 15, 7, 100, 1000
20220818-012539
loosing coalitions taken
[2, 4, 5, 18]
[1, 5, 6, 10, 22]
[1, 4, 6, 27]
[2, 3, 6, 16, 17]
[1, 2, 10, 11, 13]
[1, 3, 7, 15, 19]
[1, 2, 7, 9, 22]
[1, 2, 8, 14, 15]
[1, 4, 5, 26]
[1, 3, 6, 23]
[3, 4, 5, 14, 22]
[1, 3, 8, 12, 13]
[2, 3, 5, 19, 26]
[3, 4, 6, 8]
[16, 17, 18, 19, 20, 21, 22, 23, 24, 25, 26, 27, 28]


