Results
15
0.64
0.6275

6
process id 4
stats
5, 15, 7, 100, 1000
20220818-012627
loosing coalitions taken
[1, 4, 8, 12, 13]
[1, 2, 7, 12, 26]
[1, 2, 9, 10, 14]
[2, 3, 6, 13]
[1, 4, 7, 9, 15]
[1, 3, 8, 9, 18]
[1, 3, 7, 14, 17]
[1, 2, 8, 11, 17]
[2, 4, 5, 18, 28]
[2, 3, 5, 16]
[1, 3, 6, 26]
[1, 5, 6, 11, 15]
[1, 4, 6, 24]
[3, 4, 5, 11]
[16, 17, 18, 19, 20, 21, 22, 23, 24, 25, 26, 27, 28]


5
process id 5
stats
5, 15, 7, 100, 1000
20220818-012635
loosing coalitions taken
[1, 3, 8, 12, 17]
[1, 4, 7, 11, 15]
[1, 2, 7, 12, 20]
[1, 3, 7, 13, 22]
[2, 4, 5, 17]
[1, 2, 10, 11, 14]
[2, 3, 6, 10]
[1, 2, 8, 15, 16]
[1, 4, 8, 9, 14]
[1, 3, 6, 25]
[2, 3, 5, 15]
[3, 4, 6, 13, 21]
[2, 4, 6, 8]
[1, 4, 5, 27]
[16, 17, 18, 19, 20, 21, 22, 23, 24, 25, 26, 27, 28]


5
process id 1
stats
5, 15, 7, 100, 1000
20220818-012701
loosing coalitions taken
[1, 2, 8, 12, 19]
[2, 4, 5, 16]
[2, 3, 6, 10]
[1, 3, 7, 14, 18]
[1, 2, 9, 11, 13]
[1, 2, 7, 15, 17]
[1, 3, 8, 11, 15]
[1, 5, 6, 13, 22]
[3, 4, 6, 11, 17]
[2, 3, 5, 14, 25]
[3, 4, 5, 9, 24]
[2, 4, 6, 8, 27]
[1, 4, 6, 20]
[1, 4, 7, 8, 26]
[16, 17, 18, 19, 20, 21, 22, 23, 24, 25, 26, 27, 28]


5
process id 6
stats
5, 15, 7, 100, 1000
20220818-012710
loosing coalitions taken
[1, 3, 8, 14, 16]
[2, 3, 5, 23]
[1, 4, 6, 27]
[1, 2, 7, 12, 25]
[1, 3, 7, 15, 19]
[1, 2, 8, 9, 21]
[2, 4, 5, 18, 22]
[3, 4, 5, 12]
[3, 4, 6, 8]
[1, 3, 6, 26]
[1, 5, 6, 14, 22]
[2, 3, 6, 10]
[2, 4, 6, 12, 23]
[1, 4, 7, 9, 16]
[16, 17, 18, 19, 20, 21, 22, 23, 24, 25, 26, 27, 28]


5
process id 7
stats
5, 15, 7, 100, 1000
20220818-012716
loosing coalitions taken
[1, 5, 6, 10, 25]
[1, 2, 8, 11, 21]
[1, 2, 7, 12, 23]
[2, 3, 6, 15, 22]
[2, 4, 5, 16, 25]
[3, 4, 5, 11]
[1, 4, 5, 28]
[1, 3, 6, 21]
[1, 4, 7, 9, 19]
[3, 4, 6, 13, 20]
[2, 3, 5, 21]
[1, 3, 7, 8]
[2, 4, 6, 10, 17]
[1, 4, 8, 10, 12]
[16, 17, 18, 19, 20, 21, 22, 23, 24, 25, 26, 27, 28]


5
process id 1
stats
5, 15, 7, 100, 1000
20220818-012735
loosing coalitions taken
[1, 3, 7, 14, 21]
[1, 3, 8, 9, 19]
[1, 2, 8, 15, 17]
[3, 4, 5, 13]
[1, 4, 7, 8]
[2, 4, 6, 14, 22]
[2, 3, 6, 9]
[1, 3, 6, 28]
[3, 4, 6, 10, 16]
[1, 2, 7, 10, 19]
[2, 4, 5, 10]
[2, 3, 5, 23, 24]
[1, 4, 6, 25]
[1, 4, 5, 26]
[16, 17, 18, 19, 20, 21, 22, 23, 24, 25, 26, 27, 28]


5
process id 7
stats
5, 15, 7, 100, 1000
20220818-012751
loosing coalitions taken
[2, 3, 6, 9]
[1, 2, 7, 13, 23]
[1, 5, 6, 16, 18]
[3, 4, 5, 15]
[1, 2, 8, 15, 16]
[1, 2, 10, 12, 14]
[1, 4, 7, 8]
[2, 4, 5, 10, 21]
[2, 3, 5, 24]
[1, 3, 6, 19]
[1, 3, 8, 10, 13]
[1, 4, 5, 27]
[2, 4, 6, 8, 18]
[1, 3, 7, 9, 15]
[16, 17, 18, 19, 20, 21, 22, 23, 24, 25, 26, 27, 28]


6
process id 3
stats
5, 15, 7, 100, 1000
20220818-012817
loosing coalitions taken
[1, 2, 9, 10, 12]
[1, 5, 6, 10, 26]
[1, 3, 8, 11, 18]
[1, 4, 7, 8, 26]
[2, 3, 6, 14]
[1, 2, 8, 13, 16]
[1, 3, 7, 16, 17]
[2, 4, 5, 19]
[1, 3, 6, 24]
[3, 4, 6, 8]
[2, 3, 5, 24]
[3, 4, 5, 9, 26]
[1, 2, 7, 11, 19]
[1, 4, 6, 27]
[16, 17, 18, 19, 20, 21, 22, 23, 24, 25, 26, 27, 28]


5
process id 2
stats
5, 15, 7, 100, 1000
20220818-012839
loosing coalitions taken
[2, 3, 6, 15, 22]
[1, 4, 7, 10, 18]
[1, 3, 7, 11, 21]
[1, 2, 10, 11, 12]
[1, 2, 8, 14, 17]
[2, 3, 5, 20, 28]
[2, 4, 5, 18]
[1, 2, 7, 9, 24]
[1, 5, 6, 13, 22]
[3, 4, 6, 8, 23]
[3, 4, 5, 16, 22]
[1, 4, 6, 24]
[1, 3, 6, 19]
[1, 4, 5, 28]
[16, 17, 18, 19, 20, 21, 22, 23, 24, 25, 26, 27, 28]


5
process id 5
stats
5, 15, 7, 100, 1000
20220818-012955
loosing coalitions taken
[1, 2, 7, 12, 22]
[1, 3, 8, 11, 18]
[1, 2, 8, 15, 16]
[1, 5, 6, 12, 17]
[2, 3, 6, 15, 27]
[2, 3, 5, 23]
[1, 2, 9, 11, 14]
[1, 4, 7, 8, 26]
[1, 3, 7, 9, 17]
[1, 3, 6, 20]
[1, 4, 6, 24]
[2, 4, 5, 14]
[3, 4, 6, 13, 19]
[3, 4, 5, 11]
[16, 17, 18, 19, 20, 21, 22, 23, 24, 25, 26, 27, 28]


6
process id 4
stats
5, 15, 7, 100, 1000
20220818-013018
loosing coalitions taken
[1, 3, 8, 9, 17]
[1, 5, 6, 15, 20]
[1, 2, 8, 12, 15]
[1, 4, 8, 11, 13]
[2, 4, 5, 20]
[1, 4, 7, 10, 16]
[1, 2, 10, 11, 14]
[2, 3, 6, 13, 24]
[1, 3, 6, 27]
[1, 2, 7, 9]
[3, 4, 5, 12]
[2, 3, 5, 15, 22]
[1, 3, 7, 12, 13]
[1, 4, 6, 18]
[16, 17, 18, 19, 20, 21, 22, 23, 24, 25, 26, 27, 28]


6
process id 4
stats
5, 15, 7, 100, 1000
20220818-013020
loosing coalitions taken
[2, 3, 6, 13]
[1, 3, 8, 11, 18]
[2, 4, 5, 20]
[1, 3, 7, 14, 21]
[1, 4, 6, 23, 27]
[1, 5, 6, 16, 17]
[1, 4, 7, 12, 13]
[1, 2, 9, 11, 14]
[2, 3, 5, 21]
[3, 4, 5, 10]
[1, 2, 7, 10, 26]
[2, 4, 6, 11, 18]
[3, 4, 6, 9, 16]
[1, 2, 8, 12, 17]
[16, 17, 18, 19, 20, 21, 22, 23, 24, 25, 26, 27, 28]


