Results
15
0.64
0.63

6
process id 2
stats
5, 15, 7, 100, 1000
20220818-013058
loosing coalitions taken
[2, 3, 5, 24]
[1, 2, 7, 12, 23]
[1, 2, 9, 10, 11]
[1, 2, 8, 13, 20]
[1, 3, 7, 15, 18]
[3, 4, 6, 13, 17]
[1, 4, 6, 26]
[2, 3, 6, 12]
[1, 5, 6, 16, 20]
[1, 3, 6, 23]
[3, 4, 5, 15]
[1, 4, 7, 9, 19]
[2, 4, 5, 20, 25]
[1, 4, 8, 10, 15]
[16, 17, 18, 19, 20, 21, 22, 23, 24, 25, 26, 27, 28]


5
process id 7
stats
5, 15, 7, 100, 1000
20220818-013105
loosing coalitions taken
[1, 5, 6, 9, 23]
[2, 4, 5, 19]
[2, 3, 6, 12]
[1, 2, 7, 14, 21]
[1, 3, 8, 14, 15]
[1, 2, 8, 11, 17]
[3, 4, 6, 11, 19]
[1, 4, 6, 22]
[2, 3, 5, 16, 26]
[2, 4, 6, 10, 23]
[1, 3, 7, 12, 18]
[3, 4, 5, 12, 24]
[1, 4, 7, 8]
[1, 3, 6, 26]
[16, 17, 18, 19, 20, 21, 22, 23, 24, 25, 26, 27, 28]


6
process id 7
stats
5, 15, 7, 100, 1000
20220818-013109
loosing coalitions taken
[1, 2, 9, 12, 14]
[2, 3, 7, 8, 10]
[1, 4, 8, 9, 10]
[1, 3, 8, 14, 16]
[1, 2, 7, 13, 24]
[1, 5, 6, 13, 21]
[2, 3, 6, 14, 28]
[1, 4, 6, 25]
[3, 4, 5, 10]
[2, 4, 5, 19]
[1, 2, 8, 11, 17]
[1, 3, 6, 23, 26]
[1, 3, 7, 12, 20]
[2, 3, 5, 24]
[16, 17, 18, 19, 20, 21, 22, 23, 24, 25, 26, 27, 28]


6
process id 1
stats
5, 15, 7, 100, 1000
20220818-013118
loosing coalitions taken
[1, 5, 6, 9, 26]
[3, 4, 5, 18, 24]
[1, 4, 8, 11, 13]
[1, 3, 7, 9, 17]
[1, 3, 8, 10, 16]
[1, 4, 7, 10, 19]
[2, 4, 6, 10, 21]
[1, 2, 10, 11, 12]
[1, 2, 8, 14, 18]
[2, 4, 5, 14]
[2, 3, 5, 20]
[3, 4, 6, 13, 15]
[2, 3, 6, 12, 22]
[1, 4, 6, 23]
[16, 17, 18, 19, 20, 21, 22, 23, 24, 25, 26, 27, 28]


6
process id 1
stats
5, 15, 7, 100, 1000
20220818-013128
loosing coalitions taken
[1, 2, 7, 11, 27]
[1, 3, 8, 9, 18]
[2, 4, 5, 11]
[1, 4, 8, 10, 15]
[1, 4, 7, 9, 14]
[1, 2, 8, 12, 21]
[1, 5, 6, 12, 23]
[1, 4, 6, 26]
[1, 2, 9, 10, 13]
[3, 4, 5, 16, 19]
[2, 4, 6, 8, 25]
[2, 3, 6, 13]
[2, 3, 5, 14]
[3, 4, 6, 9, 17]
[16, 17, 18, 19, 20, 21, 22, 23, 24, 25, 26, 27, 28]


5
process id 4
stats
5, 15, 7, 100, 1000
20220818-013141
loosing coalitions taken
[1, 3, 7, 10, 21]
[2, 3, 6, 11, 25]
[3, 4, 5, 9, 28]
[1, 5, 6, 14, 22]
[1, 2, 8, 14, 15]
[3, 4, 6, 13, 19]
[1, 3, 6, 26]
[1, 4, 7, 12, 14]
[2, 4, 5, 14, 27]
[1, 4, 8, 9, 13]
[2, 3, 5, 20]
[1, 2, 7, 11, 16]
[2, 4, 6, 8, 22]
[1, 2, 9, 10, 12]
[16, 17, 18, 19, 20, 21, 22, 23, 24, 25, 26, 27, 28]


5
process id 5
stats
5, 15, 7, 100, 1000
20220818-013148
loosing coalitions taken
[1, 3, 8, 12, 18]
[3, 4, 6, 11, 20]
[1, 5, 6, 11, 25]
[1, 2, 9, 10, 11]
[1, 2, 8, 15, 17]
[3, 4, 5, 18, 19]
[1, 4, 7, 8, 20]
[1, 4, 6, 24, 27]
[1, 3, 7, 10, 17]
[1, 2, 7, 12, 25]
[2, 4, 5, 13, 22]
[2, 3, 6, 13]
[2, 4, 6, 14, 15]
[2, 3, 5, 16]
[16, 17, 18, 19, 20, 21, 22, 23, 24, 25, 26, 27, 28]


5
process id 4
stats
5, 15, 7, 100, 1000
20220818-013248
loosing coalitions taken
[1, 2, 9, 11, 14]
[1, 3, 8, 9, 15]
[1, 4, 8, 10, 11]
[2, 3, 7, 8, 10]
[1, 2, 7, 15, 22]
[1, 2, 8, 12, 17]
[1, 4, 7, 9, 17]
[1, 4, 6, 26]
[3, 4, 5, 15]
[2, 3, 6, 12]
[2, 4, 5, 18, 24]
[1, 3, 6, 23]
[1, 3, 7, 11, 20]
[2, 3, 5, 17]
[16, 17, 18, 19, 20, 21, 22, 23, 24, 25, 26, 27, 28]


5
process id 6
stats
5, 15, 7, 100, 1000
20220818-013248
loosing coalitions taken
[1, 2, 9, 11, 13]
[2, 3, 6, 14]
[1, 3, 8, 12, 19]
[1, 2, 7, 15, 19]
[1, 4, 7, 9, 16]
[2, 4, 5, 20]
[1, 5, 6, 13, 23]
[3, 4, 5, 10]
[2, 3, 5, 13]
[3, 4, 6, 9, 18]
[1, 4, 6, 25]
[1, 2, 6, 26]
[1, 3, 7, 11, 14]
[2, 3, 7, 8, 10]
[16, 17, 18, 19, 20, 21, 22, 23, 24, 25, 26, 27, 28]


6
process id 2
stats
5, 15, 7, 100, 1000
20220818-013257
loosing coalitions taken
[1, 3, 7, 15, 21]
[1, 2, 8, 14, 20]
[1, 5, 6, 9, 26]
[2, 4, 5, 13, 26]
[2, 4, 6, 11, 23]
[1, 2, 7, 11, 19]
[1, 4, 7, 12, 14]
[1, 4, 8, 9, 13]
[2, 3, 6, 15, 26]
[3, 4, 5, 21, 22]
[1, 4, 6, 16]
[1, 2, 9, 10, 12]
[2, 3, 5, 12]
[1, 3, 8, 11, 18]
[16, 17, 18, 19, 20, 21, 22, 23, 24, 25, 26, 27, 28]


5
process id 0
stats
5, 15, 7, 100, 1000
20220818-013313
loosing coalitions taken
[1, 4, 7, 12, 15]
[1, 3, 7, 9, 23]
[1, 4, 8, 9, 11]
[2, 3, 6, 14]
[2, 4, 5, 18]
[1, 3, 8, 10, 17]
[1, 2, 9, 10, 12]
[1, 2, 7, 13, 24]
[2, 4, 6, 11, 22]
[2, 3, 5, 17]
[1, 2, 6, 27]
[1, 5, 6, 8, 26]
[1, 4, 6, 28]
[3, 4, 5, 12]
[16, 17, 18, 19, 20, 21, 22, 23, 24, 25, 26, 27, 28]


5
process id 0
stats
5, 15, 7, 100, 1000
20220818-013323
loosing coalitions taken
[1, 3, 7, 11, 23]
[3, 4, 5, 15]
[1, 2, 10, 11, 14]
[2, 4, 6, 13, 18]
[2, 3, 6, 14, 20]
[1, 5, 6, 9, 25]
[1, 2, 7, 16, 20]
[1, 4, 7, 10, 17]
[2, 4, 5, 19]
[2, 3, 5, 13]
[1, 2, 8, 9, 21]
[3, 4, 6, 7, 25]
[1, 3, 8, 10, 19]
[1, 4, 6, 23, 27]
[16, 17, 18, 19, 20, 21, 22, 23, 24, 25, 26, 27, 28]


5
process id 5
stats
5, 15, 7, 100, 1000
20220818-013400
loosing coalitions taken
[1, 3, 8, 14, 15]
[1, 2, 7, 14, 22]
[1, 2, 8, 12, 21]
[2, 3, 5, 20]
[1, 2, 9, 11, 13]
[1, 4, 7, 13, 15]
[1, 3, 7, 16, 17]
[3, 4, 6, 13, 17]
[1, 3, 9, 10, 12]
[3, 4, 5, 11]
[1, 4, 6, 28]
[2, 3, 6, 10, 23]
[2, 4, 5, 18]
[1, 5, 6, 8]
[16, 17, 18, 19, 20, 21, 22, 23, 24, 25, 26, 27, 28]


5
process id 1
stats
5, 15, 7, 100, 1000
20220818-013418
loosing coalitions taken
[1, 2, 9, 10, 13]
[1, 2, 7, 12, 24]
[2, 4, 6, 12, 23]
[1, 3, 8, 10, 18]
[1, 2, 8, 11, 21]
[1, 4, 6, 22, 25]
[1, 4, 8, 9, 15]
[2, 4, 5, 20, 21]
[1, 3, 7, 13, 19]
[3, 4, 5, 11, 23]
[1, 5, 6, 9, 18]
[1, 3, 6, 23]
[2, 3, 5, 24]
[1, 4, 7, 10, 11]
[16, 17, 18, 19, 20, 21, 22, 23, 24, 25, 26, 27, 28]


6
process id 7
stats
5, 15, 7, 100, 1000
20220818-013446
loosing coalitions taken
[1, 3, 8, 12, 18]
[3, 4, 5, 17, 22]
[1, 5, 6, 15, 16]
[1, 2, 9, 12, 14]
[1, 2, 7, 11, 19]
[1, 4, 8, 10, 11]
[2, 4, 6, 13, 17]
[1, 4, 7, 14, 16]
[2, 4, 5, 16, 19]
[1, 4, 6, 24]
[1, 3, 7, 13, 22]
[2, 3, 5, 13]
[2, 3, 6, 10]
[1, 3, 6, 25, 28]
[16, 17, 18, 19, 20, 21, 22, 23, 24, 25, 26, 27, 28]


5
process id 3
stats
5, 15, 7, 100, 1000
20220818-013459
loosing coalitions taken
[1, 3, 7, 9, 24]
[2, 3, 6, 12]
[1, 2, 8, 9, 20]
[2, 4, 5, 20]
[1, 5, 6, 10, 24]
[1, 2, 7, 15, 21]
[3, 4, 5, 19, 23]
[2, 3, 5, 16]
[1, 3, 6, 28]
[1, 4, 6, 25, 26]
[3, 4, 6, 8, 27]
[1, 3, 8, 13, 15]
[1, 4, 7, 13, 16]
[2, 4, 6, 10, 23]
[16, 17, 18, 19, 20, 21, 22, 23, 24, 25, 26, 27, 28]


