Results
15
0.64
0.6375

5
process id 3
stats
5, 15, 7, 100, 1000
20220818-014425
loosing coalitions taken
[2, 4, 6, 13, 22]
[1, 2, 8, 10, 20]
[2, 4, 5, 20]
[1, 5, 6, 11, 23]
[1, 3, 7, 15, 20]
[1, 3, 8, 11, 19]
[2, 3, 6, 10]
[3, 4, 6, 8]
[1, 4, 7, 13, 16]
[2, 3, 5, 24]
[1, 4, 6, 28]
[1, 2, 7, 11, 24]
[3, 4, 5, 14]
[2, 3, 7, 8, 9]
[16, 17, 18, 19, 20, 21, 22, 23, 24, 25, 26, 27, 28]


5
process id 1
stats
5, 15, 7, 100, 1000
20220818-014425
loosing coalitions taken
[1, 5, 6, 11, 24]
[1, 2, 7, 10, 27]
[1, 3, 7, 14, 21]
[1, 4, 8, 10, 14]
[3, 4, 6, 12, 21]
[2, 3, 6, 9]
[1, 2, 8, 12, 21]
[2, 4, 5, 17]
[2, 3, 5, 25]
[3, 4, 5, 13, 23]
[2, 4, 6, 11, 20]
[1, 4, 6, 25]
[1, 4, 7, 12, 13]
[1, 3, 8, 9, 15]
[16, 17, 18, 19, 20, 21, 22, 23, 24, 25, 26, 27, 28]


6
process id 2
stats
5, 15, 7, 100, 1000
20220818-014426
loosing coalitions taken
[1, 3, 9, 10, 12]
[2, 3, 6, 14]
[1, 2, 7, 10, 25]
[2, 4, 5, 18]
[1, 3, 8, 11, 19]
[1, 2, 9, 11, 13]
[1, 5, 6, 9, 25]
[1, 3, 7, 13, 17]
[3, 4, 5, 21, 22]
[2, 4, 6, 10, 24]
[3, 4, 6, 13, 20]
[2, 3, 5, 25]
[1, 4, 6, 27]
[1, 4, 7, 12, 15]
[16, 17, 18, 19, 20, 21, 22, 23, 24, 25, 26, 27, 28]


6
process id 3
stats
5, 15, 7, 100, 1000
20220818-014427
loosing coalitions taken
[2, 3, 6, 14]
[1, 3, 7, 11, 22]
[1, 4, 8, 10, 15]
[2, 4, 5, 17]
[1, 5, 6, 11, 21]
[1, 3, 8, 12, 18]
[1, 2, 10, 11, 13]
[2, 4, 6, 8]
[2, 3, 5, 22]
[3, 4, 5, 15]
[1, 4, 6, 24, 26]
[1, 2, 8, 14, 20]
[1, 2, 7, 9, 24]
[3, 4, 6, 12, 16]
[16, 17, 18, 19, 20, 21, 22, 23, 24, 25, 26, 27, 28]


5
process id 1
stats
5, 15, 7, 100, 1000
20220818-014427
loosing coalitions taken
[2, 3, 5, 24]
[1, 2, 7, 15, 22]
[1, 5, 6, 13, 22]
[3, 4, 6, 10, 21]
[1, 2, 9, 11, 12]
[1, 3, 8, 13, 16]
[1, 2, 8, 14, 18]
[1, 4, 8, 9, 15]
[2, 4, 6, 8]
[1, 4, 7, 12, 13]
[2, 4, 5, 17, 23]
[1, 4, 6, 25]
[3, 4, 5, 13]
[2, 3, 6, 14]
[16, 17, 18, 19, 20, 21, 22, 23, 24, 25, 26, 27, 28]


6
process id 0
stats
5, 15, 7, 100, 1000
20220818-014428
loosing coalitions taken
[2, 4, 5, 22, 24]
[3, 4, 6, 9, 20]
[2, 3, 5, 23]
[2, 4, 6, 12, 21]
[1, 3, 7, 14, 20]
[1, 2, 8, 9, 17]
[1, 4, 7, 8]
[1, 2, 7, 15, 19]
[1, 4, 6, 24]
[2, 3, 6, 16, 19]
[3, 4, 5, 12]
[1, 5, 6, 15, 18]
[1, 3, 8, 11, 13]
[1, 2, 10, 11, 14]
[16, 17, 18, 19, 20, 21, 22, 23, 24, 25, 26, 27, 28]


6
process id 7
stats
5, 15, 7, 100, 1000
20220818-014428
loosing coalitions taken
[2, 3, 6, 11]
[1, 3, 8, 9, 17]
[3, 4, 5, 15]
[1, 5, 6, 16, 18]
[1, 4, 8, 11, 13]
[1, 2, 7, 10, 23]
[1, 3, 7, 12, 18]
[1, 2, 8, 14, 20]
[1, 4, 6, 23]
[2, 3, 5, 17]
[2, 4, 5, 19, 20]
[3, 4, 6, 12, 21]
[2, 4, 6, 13, 17]
[1, 4, 7, 14, 15]
[16, 17, 18, 19, 20, 21, 22, 23, 24, 25, 26, 27, 28]


6
process id 6
stats
5, 15, 7, 100, 1000
20220818-014429
loosing coalitions taken
[1, 2, 8, 14, 18]
[1, 5, 6, 15, 19]
[1, 3, 8, 10, 16]
[1, 2, 9, 12, 13]
[2, 3, 5, 24]
[2, 4, 6, 11, 18]
[3, 4, 6, 8, 26]
[3, 4, 5, 15]
[2, 4, 5, 16]
[1, 4, 6, 22]
[2, 3, 6, 12]
[1, 3, 7, 9, 22]
[1, 2, 7, 16, 17]
[1, 4, 7, 8]
[16, 17, 18, 19, 20, 21, 22, 23, 24, 25, 26, 27, 28]


6
process id 4
stats
5, 15, 7, 100, 1000
20220818-014432
loosing coalitions taken
[3, 4, 6, 11, 17]
[1, 2, 9, 10, 14]
[1, 3, 7, 13, 19]
[1, 5, 6, 16, 18]
[2, 3, 5, 24]
[1, 3, 8, 12, 18]
[1, 2, 7, 12, 23]
[1, 2, 8, 11, 21]
[2, 4, 6, 12, 19]
[3, 4, 5, 15]
[2, 4, 5, 20, 26]
[1, 4, 6, 23]
[2, 3, 6, 10]
[1, 4, 7, 8]
[16, 17, 18, 19, 20, 21, 22, 23, 24, 25, 26, 27, 28]


6
process id 3
stats
5, 15, 7, 100, 1000
20220818-014432
loosing coalitions taken
[1, 5, 6, 11, 24]
[1, 4, 8, 13, 14]
[2, 3, 6, 16, 22]
[1, 3, 8, 10, 16]
[2, 4, 5, 17, 22]
[3, 4, 6, 13, 18]
[1, 2, 9, 12, 14]
[3, 4, 5, 20, 24]
[2, 3, 5, 23]
[1, 2, 7, 16, 20]
[2, 4, 6, 8]
[1, 2, 10, 11, 13]
[1, 3, 7, 13, 19]
[1, 4, 7, 12, 15]
[16, 17, 18, 19, 20, 21, 22, 23, 24, 25, 26, 27, 28]


6
process id 2
stats
5, 15, 7, 100, 1000
20220818-014432
loosing coalitions taken
[1, 2, 7, 12, 25]
[2, 3, 6, 15, 27]
[2, 3, 5, 25]
[3, 4, 6, 9, 22]
[1, 5, 6, 13, 24]
[1, 2, 8, 9, 22]
[1, 4, 7, 8]
[1, 4, 6, 25]
[3, 4, 5, 16]
[1, 2, 10, 11, 14]
[2, 4, 6, 11, 17]
[2, 4, 5, 12]
[1, 3, 7, 11, 23]
[1, 3, 8, 14, 15]
[16, 17, 18, 19, 20, 21, 22, 23, 24, 25, 26, 27, 28]


6
process id 6
stats
5, 15, 7, 100, 1000
20220818-014433
loosing coalitions taken
[1, 3, 8, 12, 16]
[2, 4, 5, 16]
[1, 2, 8, 11, 17]
[1, 3, 7, 15, 20]
[1, 2, 7, 9]
[2, 3, 5, 25]
[3, 4, 5, 15, 28]
[3, 4, 6, 11, 21]
[1, 4, 7, 8]
[1, 5, 6, 14, 15]
[2, 3, 6, 12]
[1, 4, 6, 27, 28]
[2, 4, 6, 9, 25]
[1, 3, 9, 10, 11]
[16, 17, 18, 19, 20, 21, 22, 23, 24, 25, 26, 27, 28]


5
process id 7
stats
5, 15, 7, 100, 1000
20220818-014436
loosing coalitions taken
[1, 2, 9, 11, 14]
[1, 3, 7, 12, 22]
[3, 4, 6, 12, 20]
[1, 2, 8, 15, 17]
[2, 4, 6, 11, 23]
[2, 3, 6, 9]
[1, 5, 6, 14, 16]
[1, 4, 7, 8, 18]
[3, 4, 5, 15, 28]
[1, 4, 6, 26]
[2, 3, 5, 22, 25]
[2, 4, 5, 16]
[1, 3, 8, 10, 11]
[2, 5, 6, 7, 10]
[16, 17, 18, 19, 20, 21, 22, 23, 24, 25, 26, 27, 28]


6
process id 1
stats
5, 15, 7, 100, 1000
20220818-014438
loosing coalitions taken
[1, 2, 7, 9, 24]
[1, 4, 7, 11, 17]
[1, 3, 8, 14, 16]
[2, 3, 5, 25, 26]
[2, 4, 5, 20]
[1, 3, 7, 15, 21]
[1, 2, 8, 13, 18]
[1, 2, 10, 11, 14]
[1, 5, 6, 12, 23]
[3, 4, 6, 9, 22]
[1, 4, 6, 26]
[2, 4, 6, 8]
[2, 3, 6, 11]
[3, 4, 5, 14]
[16, 17, 18, 19, 20, 21, 22, 23, 24, 25, 26, 27, 28]


5
process id 2
stats
5, 15, 7, 100, 1000
20220818-014439
loosing coalitions taken
[1, 2, 8, 13, 18]
[1, 3, 7, 12, 21]
[1, 3, 9, 10, 11]
[1, 3, 8, 15, 16]
[3, 4, 5, 17, 23]
[1, 2, 7, 11, 25]
[2, 3, 6, 11]
[1, 4, 6, 25]
[2, 3, 5, 24]
[2, 4, 6, 9, 19]
[1, 5, 6, 15, 21]
[1, 4, 8, 11, 12]
[2, 4, 5, 14]
[3, 4, 6, 7]
[16, 17, 18, 19, 20, 21, 22, 23, 24, 25, 26, 27, 28]


6
process id 5
stats
5, 15, 7, 100, 1000
20220818-014440
loosing coalitions taken
[1, 3, 8, 12, 17]
[1, 2, 7, 16, 17]
[3, 4, 5, 18, 25]
[1, 2, 10, 11, 14]
[1, 5, 6, 16, 19]
[2, 4, 5, 19]
[1, 4, 8, 10, 15]
[1, 3, 7, 10, 20]
[1, 4, 6, 28]
[3, 4, 6, 8, 22]
[2, 4, 6, 14, 21]
[2, 3, 5, 23]
[2, 3, 6, 12, 20]
[1, 4, 7, 9, 13]
[16, 17, 18, 19, 20, 21, 22, 23, 24, 25, 26, 27, 28]


6
process id 0
stats
5, 15, 7, 100, 1000
20220818-014442
loosing coalitions taken
[3, 4, 5, 17, 28]
[1, 2, 7, 16, 21]
[1, 3, 8, 14, 15]
[1, 3, 7, 13, 20]
[1, 2, 8, 11, 17]
[2, 4, 5, 21, 27]
[1, 5, 6, 11, 25]
[1, 2, 10, 12, 13]
[2, 3, 6, 14]
[2, 3, 5, 19, 25]
[1, 4, 6, 26]
[1, 4, 7, 10, 17]
[2, 4, 6, 15, 17]
[3, 4, 6, 9, 21]
[16, 17, 18, 19, 20, 21, 22, 23, 24, 25, 26, 27, 28]


6
process id 3
stats
5, 15, 7, 100, 1000
20220818-014442
loosing coalitions taken
[2, 4, 5, 20]
[1, 2, 9, 12, 14]
[2, 3, 6, 12]
[1, 3, 8, 9, 16]
[1, 4, 7, 10, 16]
[1, 3, 7, 13, 21]
[1, 2, 8, 10, 18]
[2, 3, 5, 19]
[1, 4, 6, 22]
[2, 4, 6, 8, 25]
[3, 4, 5, 16, 26]
[3, 4, 6, 7]
[1, 2, 7, 15, 22]
[1, 5, 6, 9, 24]
[16, 17, 18, 19, 20, 21, 22, 23, 24, 25, 26, 27, 28]


6
process id 6
stats
5, 15, 7, 100, 1000
20220818-014443
loosing coalitions taken
[2, 4, 5, 19]
[1, 4, 7, 10, 17]
[1, 3, 7, 9, 24]
[2, 3, 6, 14]
[1, 4, 8, 12, 14]
[1, 2, 7, 13, 20]
[1, 5, 6, 16, 20]
[2, 3, 5, 22, 27]
[3, 4, 6, 8]
[3, 4, 5, 13]
[2, 4, 6, 9, 21]
[1, 2, 8, 9, 22]
[1, 4, 6, 23]
[1, 3, 8, 11, 19]
[16, 17, 18, 19, 20, 21, 22, 23, 24, 25, 26, 27, 28]


6
process id 4
stats
5, 15, 7, 100, 1000
20220818-014444
loosing coalitions taken
[1, 2, 7, 13, 22]
[1, 2, 8, 11, 21]
[1, 2, 9, 12, 14]
[1, 3, 7, 11, 20]
[1, 4, 7, 8]
[1, 5, 6, 10, 25]
[3, 4, 6, 14, 20]
[2, 3, 6, 13, 26]
[1, 4, 6, 22]
[2, 4, 5, 17, 26]
[2, 3, 5, 24]
[3, 4, 5, 13]
[2, 4, 6, 9, 16]
[1, 3, 8, 13, 15]
[16, 17, 18, 19, 20, 21, 22, 23, 24, 25, 26, 27, 28]


6
process id 0
stats
5, 15, 7, 100, 1000
20220818-014445
loosing coalitions taken
[1, 3, 7, 15, 19]
[2, 3, 6, 14]
[1, 5, 6, 10, 22]
[2, 4, 6, 13, 18]
[2, 3, 5, 25]
[1, 4, 7, 8]
[1, 2, 10, 11, 12]
[1, 2, 7, 9, 28]
[3, 4, 6, 8]
[1, 3, 8, 14, 16]
[1, 4, 6, 26, 27]
[2, 4, 5, 11]
[3, 4, 5, 16, 23]
[1, 2, 8, 13, 17]
[16, 17, 18, 19, 20, 21, 22, 23, 24, 25, 26, 27, 28]


6
process id 5
stats
5, 15, 7, 100, 1000
20220818-014446
loosing coalitions taken
[3, 4, 6, 14, 20]
[1, 2, 7, 11, 25]
[1, 3, 7, 16, 17]
[1, 2, 8, 12, 18]
[1, 2, 9, 10, 13]
[2, 3, 5, 23]
[1, 5, 6, 15, 21]
[1, 4, 6, 27]
[2, 4, 5, 13]
[3, 4, 5, 17, 24]
[1, 4, 8, 9, 11]
[2, 4, 6, 8]
[2, 3, 6, 16, 22]
[1, 3, 8, 10, 15]
[16, 17, 18, 19, 20, 21, 22, 23, 24, 25, 26, 27, 28]


5
process id 3
stats
5, 15, 7, 100, 1000
20220818-014447
loosing coalitions taken
[1, 2, 8, 15, 17]
[3, 4, 5, 16]
[1, 2, 9, 11, 13]
[2, 3, 7, 8, 10]
[1, 5, 6, 11, 22]
[1, 3, 8, 11, 18]
[1, 4, 7, 9, 19]
[1, 4, 6, 28]
[2, 3, 6, 12]
[3, 4, 6, 8]
[2, 4, 5, 20]
[2, 4, 6, 9, 18]
[2, 3, 5, 18]
[1, 3, 7, 15, 16]
[16, 17, 18, 19, 20, 21, 22, 23, 24, 25, 26, 27, 28]


6
process id 1
stats
5, 15, 7, 100, 1000
20220818-014449
loosing coalitions taken
[1, 2, 8, 9, 17]
[1, 3, 8, 10, 16]
[1, 4, 7, 9, 19]
[1, 2, 7, 14, 21]
[1, 2, 10, 11, 13]
[2, 4, 5, 17, 28]
[2, 3, 6, 13]
[1, 4, 6, 26]
[3, 4, 5, 16, 26]
[2, 4, 6, 14, 18]
[2, 3, 5, 23]
[1, 5, 6, 16, 20]
[3, 4, 6, 8, 25]
[1, 3, 7, 13, 20]
[16, 17, 18, 19, 20, 21, 22, 23, 24, 25, 26, 27, 28]


6
process id 4
stats
5, 15, 7, 100, 1000
20220818-014450
loosing coalitions taken
[1, 2, 8, 13, 18]
[2, 3, 6, 14]
[1, 5, 6, 16, 17]
[1, 4, 8, 10, 14]
[2, 4, 5, 20]
[1, 2, 7, 9, 28]
[3, 4, 5, 15]
[3, 4, 6, 7]
[1, 4, 6, 23]
[2, 4, 6, 13, 22]
[2, 3, 5, 24]
[1, 2, 10, 11, 12]
[1, 3, 7, 13, 17]
[1, 3, 8, 11, 19]
[16, 17, 18, 19, 20, 21, 22, 23, 24, 25, 26, 27, 28]


6
process id 6
stats
5, 15, 7, 100, 1000
20220818-014452
loosing coalitions taken
[2, 4, 6, 14, 22]
[1, 5, 6, 13, 24]
[2, 4, 5, 17]
[1, 4, 7, 8]
[1, 2, 9, 12, 14]
[3, 4, 5, 10, 27]
[2, 3, 6, 12]
[2, 3, 5, 22]
[1, 4, 6, 28]
[3, 4, 6, 11, 19]
[1, 3, 7, 13, 18]
[1, 2, 8, 10, 18]
[1, 3, 8, 15, 16]
[1, 2, 7, 11, 22]
[16, 17, 18, 19, 20, 21, 22, 23, 24, 25, 26, 27, 28]


6
process id 7
stats
5, 15, 7, 100, 1000
20220818-014452
loosing coalitions taken
[1, 2, 9, 10, 11]
[1, 3, 7, 15, 19]
[2, 4, 5, 20]
[1, 3, 8, 10, 17]
[2, 3, 6, 11]
[1, 4, 8, 11, 12]
[1, 4, 7, 13, 16]
[2, 3, 5, 23]
[1, 4, 6, 26]
[3, 4, 6, 10, 20]
[1, 5, 6, 8]
[3, 4, 5, 18, 26]
[1, 2, 7, 14, 23]
[2, 4, 6, 9, 24]
[16, 17, 18, 19, 20, 21, 22, 23, 24, 25, 26, 27, 28]


6
process id 5
stats
5, 15, 7, 100, 1000
20220818-014453
loosing coalitions taken
[1, 2, 7, 9]
[2, 3, 5, 24]
[1, 3, 8, 10, 19]
[2, 3, 6, 17, 21]
[1, 3, 7, 14, 15]
[1, 4, 6, 27]
[2, 4, 5, 19]
[1, 5, 6, 15, 16]
[1, 4, 7, 8, 25]
[3, 4, 5, 9]
[3, 4, 6, 14, 20]
[2, 4, 6, 12, 22]
[1, 2, 10, 12, 13]
[1, 2, 8, 14, 17]
[16, 17, 18, 19, 20, 21, 22, 23, 24, 25, 26, 27, 28]


5
process id 2
stats
5, 15, 7, 100, 1000
20220818-014453
loosing coalitions taken
[2, 4, 5, 20]
[1, 4, 7, 8, 26]
[1, 2, 7, 14, 21]
[1, 3, 7, 12, 22]
[1, 3, 8, 13, 15]
[1, 2, 8, 10, 19]
[2, 4, 6, 10, 24]
[2, 3, 5, 19]
[1, 4, 6, 28]
[1, 5, 6, 9, 18]
[3, 4, 5, 13]
[3, 4, 6, 7]
[2, 3, 6, 11]
[1, 2, 9, 11, 12]
[16, 17, 18, 19, 20, 21, 22, 23, 24, 25, 26, 27, 28]


6
process id 0
stats
5, 15, 7, 100, 1000
20220818-014453
loosing coalitions taken
[1, 3, 8, 11, 19]
[1, 2, 10, 11, 13]
[1, 2, 7, 9]
[2, 3, 6, 13]
[2, 3, 5, 25]
[1, 2, 8, 12, 20]
[1, 4, 7, 8]
[2, 4, 5, 19, 24]
[1, 5, 6, 9, 26]
[3, 4, 6, 12, 18]
[1, 3, 7, 10, 17]
[3, 4, 5, 9]
[2, 4, 6, 8]
[1, 4, 6, 28]
[16, 17, 18, 19, 20, 21, 22, 23, 24, 25, 26, 27, 28]


6
process id 1
stats
5, 15, 7, 100, 1000
20220818-014456
loosing coalitions taken
[1, 3, 8, 10, 18]
[3, 4, 6, 13, 21]
[1, 3, 7, 16, 17]
[1, 4, 7, 8]
[1, 5, 6, 11, 24]
[3, 4, 5, 17, 26]
[1, 2, 9, 10, 14]
[2, 3, 5, 22]
[2, 3, 6, 12, 26]
[2, 4, 5, 15, 24]
[2, 4, 6, 14, 20]
[1, 4, 6, 27]
[1, 2, 8, 13, 20]
[1, 2, 7, 12, 23]
[16, 17, 18, 19, 20, 21, 22, 23, 24, 25, 26, 27, 28]


6
process id 3
stats
5, 15, 7, 100, 1000
20220818-014456
loosing coalitions taken
[1, 3, 7, 9, 20]
[1, 2, 8, 10, 17]
[1, 4, 7, 8, 28]
[1, 2, 7, 15, 19]
[1, 2, 9, 11, 12]
[1, 5, 6, 11, 18]
[3, 4, 5, 16, 27]
[1, 3, 8, 15, 16]
[2, 3, 6, 14]
[2, 3, 5, 22]
[2, 4, 6, 9, 25]
[2, 4, 5, 12]
[1, 4, 6, 24]
[3, 4, 6, 12, 15]
[16, 17, 18, 19, 20, 21, 22, 23, 24, 25, 26, 27, 28]


6
process id 2
stats
5, 15, 7, 100, 1000
20220818-014458
loosing coalitions taken
[2, 4, 5, 20, 26]
[1, 5, 6, 16, 17]
[1, 2, 10, 11, 14]
[1, 3, 8, 11, 19]
[1, 2, 7, 9]
[2, 3, 6, 19, 21]
[2, 4, 6, 13, 17]
[1, 4, 6, 26]
[1, 2, 8, 15, 16]
[3, 4, 6, 8, 24]
[1, 4, 7, 8, 28]
[1, 3, 7, 10, 22]
[2, 3, 5, 22]
[3, 4, 5, 14]
[16, 17, 18, 19, 20, 21, 22, 23, 24, 25, 26, 27, 28]


5
process id 0
stats
5, 15, 7, 100, 1000
20220818-014459
loosing coalitions taken
[3, 4, 6, 12, 19]
[1, 3, 8, 13, 15]
[1, 4, 8, 10, 11]
[1, 2, 7, 12, 26]
[1, 5, 6, 14, 21]
[1, 3, 7, 11, 22]
[1, 2, 8, 9, 18]
[2, 4, 5, 17]
[2, 3, 6, 10]
[2, 3, 5, 21]
[2, 4, 6, 8]
[1, 4, 7, 13, 14]
[3, 4, 5, 14]
[1, 3, 9, 10, 12]
[16, 17, 18, 19, 20, 21, 22, 23, 24, 25, 26, 27, 28]


6
process id 0
stats
5, 15, 7, 100, 1000
20220818-014502
loosing coalitions taken
[2, 3, 7, 8, 9]
[1, 3, 7, 12, 20]
[2, 4, 5, 20]
[1, 5, 6, 10, 24]
[1, 2, 9, 12, 14]
[2, 3, 6, 11]
[1, 4, 8, 9, 13]
[1, 2, 7, 13, 19]
[1, 4, 6, 27]
[1, 2, 8, 10, 16]
[3, 4, 5, 10]
[3, 4, 6, 12, 16]
[2, 3, 5, 22]
[1, 3, 8, 11, 15]
[16, 17, 18, 19, 20, 21, 22, 23, 24, 25, 26, 27, 28]


6
process id 5
stats
5, 15, 7, 100, 1000
20220818-014502
loosing coalitions taken
[1, 2, 7, 12, 23]
[2, 3, 5, 25]
[2, 4, 6, 10, 24]
[1, 5, 6, 9, 23]
[3, 4, 6, 15, 16]
[1, 3, 8, 9, 20]
[1, 2, 8, 15, 16]
[1, 2, 10, 11, 13]
[1, 4, 6, 28]
[1, 4, 8, 12, 14]
[1, 4, 7, 9, 19]
[2, 3, 6, 12]
[2, 4, 5, 16]
[1, 3, 7, 13, 22]
[16, 17, 18, 19, 20, 21, 22, 23, 24, 25, 26, 27, 28]


5
process id 7
stats
5, 15, 7, 100, 1000
20220818-014503
loosing coalitions taken
[1, 4, 7, 8]
[1, 3, 9, 10, 12]
[2, 4, 6, 10, 23]
[1, 5, 6, 13, 22]
[3, 4, 6, 9, 22]
[1, 4, 6, 27]
[2, 3, 6, 11]
[2, 3, 5, 21, 25]
[1, 2, 7, 9]
[1, 3, 7, 15, 21]
[1, 3, 8, 13, 14]
[3, 4, 5, 11]
[2, 4, 5, 17]
[1, 2, 8, 11, 18]
[16, 17, 18, 19, 20, 21, 22, 23, 24, 25, 26, 27, 28]


6
process id 0
stats
5, 15, 7, 100, 1000
20220818-014503
loosing coalitions taken
[2, 4, 6, 12, 20]
[1, 5, 6, 9, 24]
[1, 2, 9, 10, 14]
[1, 2, 8, 13, 19]
[2, 4, 5, 16]
[1, 3, 7, 16, 19]
[1, 4, 7, 8, 24]
[2, 3, 6, 13]
[1, 2, 7, 15, 18]
[1, 3, 8, 11, 14]
[2, 3, 5, 18]
[1, 4, 6, 22]
[3, 4, 5, 14]
[3, 4, 6, 10, 17]
[16, 17, 18, 19, 20, 21, 22, 23, 24, 25, 26, 27, 28]


5
process id 3
stats
5, 15, 7, 100, 1000
20220818-014510
loosing coalitions taken
[1, 3, 8, 13, 16]
[1, 4, 8, 10, 11]
[1, 5, 6, 9, 21]
[1, 4, 7, 12, 16]
[1, 2, 7, 10, 25]
[1, 3, 7, 11, 22]
[2, 3, 6, 14, 24]
[2, 3, 7, 8, 9]
[2, 3, 5, 22, 26]
[2, 4, 5, 19]
[3, 4, 6, 10, 18]
[1, 3, 9, 10, 12]
[1, 4, 6, 23, 28]
[1, 2, 8, 12, 21]
[16, 17, 18, 19, 20, 21, 22, 23, 24, 25, 26, 27, 28]


6
process id 6
stats
5, 15, 7, 100, 1000
20220818-014510
loosing coalitions taken
[2, 3, 6, 12]
[1, 2, 7, 10, 27]
[1, 2, 9, 11, 14]
[1, 2, 8, 13, 20]
[1, 5, 6, 16, 20]
[3, 4, 5, 16, 28]
[1, 4, 7, 8, 22]
[2, 4, 5, 13]
[1, 3, 7, 11, 16]
[1, 3, 8, 9, 12]
[1, 4, 6, 27]
[2, 3, 5, 19]
[3, 4, 6, 7]
[2, 4, 6, 11, 18]
[16, 17, 18, 19, 20, 21, 22, 23, 24, 25, 26, 27, 28]


6
process id 0
stats
5, 15, 7, 100, 1000
20220818-014511
loosing coalitions taken
[3, 4, 6, 14, 19]
[2, 4, 6, 10, 24]
[1, 3, 8, 15, 16]
[1, 2, 7, 9]
[2, 3, 6, 11]
[2, 4, 5, 16]
[2, 3, 5, 23]
[3, 4, 5, 15]
[1, 2, 8, 14, 18]
[1, 5, 6, 13, 20]
[1, 4, 6, 26]
[1, 4, 8, 12, 13]
[1, 3, 9, 10, 11]
[1, 3, 7, 13, 21]
[16, 17, 18, 19, 20, 21, 22, 23, 24, 25, 26, 27, 28]


6
process id 7
stats
5, 15, 7, 100, 1000
20220818-014511
loosing coalitions taken
[3, 4, 5, 21, 23]
[1, 2, 8, 13, 18]
[1, 2, 7, 16, 20]
[2, 3, 6, 9]
[2, 4, 5, 22, 24]
[1, 5, 6, 13, 22]
[1, 3, 7, 10, 22]
[1, 2, 10, 12, 14]
[1, 4, 6, 27]
[2, 3, 5, 17, 26]
[2, 4, 6, 14, 20]
[3, 4, 6, 7]
[1, 4, 7, 8, 28]
[1, 3, 8, 12, 17]
[16, 17, 18, 19, 20, 21, 22, 23, 24, 25, 26, 27, 28]


6
process id 1
stats
5, 15, 7, 100, 1000
20220818-014511
loosing coalitions taken
[1, 2, 8, 10, 19]
[1, 3, 8, 9, 18]
[1, 2, 7, 12, 24]
[1, 2, 9, 11, 14]
[2, 3, 6, 13]
[1, 3, 7, 11, 23]
[3, 4, 5, 14]
[1, 5, 6, 11, 21]
[2, 3, 5, 19]
[2, 4, 6, 8]
[1, 4, 6, 27]
[2, 4, 5, 22, 24]
[1, 4, 8, 12, 14]
[1, 4, 7, 10, 17]
[16, 17, 18, 19, 20, 21, 22, 23, 24, 25, 26, 27, 28]


6
process id 5
stats
5, 15, 7, 100, 1000
20220818-014515
loosing coalitions taken
[1, 2, 7, 16, 20]
[1, 4, 8, 9, 14]
[3, 4, 6, 14, 16]
[2, 3, 5, 23, 26]
[2, 4, 5, 17]
[1, 2, 10, 11, 13]
[2, 3, 6, 13, 25]
[1, 2, 8, 12, 18]
[1, 3, 8, 11, 16]
[3, 4, 5, 15]
[1, 4, 6, 27]
[1, 5, 6, 10, 23]
[1, 4, 7, 11, 15]
[2, 3, 7, 8, 9]
[16, 17, 18, 19, 20, 21, 22, 23, 24, 25, 26, 27, 28]


6
process id 7
stats
5, 15, 7, 100, 1000
20220818-014516
loosing coalitions taken
[1, 2, 10, 11, 12]
[1, 5, 6, 9, 26]
[3, 4, 5, 17, 27]
[1, 2, 7, 14, 19]
[1, 3, 8, 11, 19]
[3, 4, 6, 10, 15]
[1, 4, 7, 11, 15]
[2, 4, 6, 16, 19]
[1, 4, 6, 28]
[2, 3, 6, 13, 25]
[2, 5, 6, 8, 12]
[2, 4, 5, 20, 22]
[1, 2, 8, 9, 21]
[1, 3, 7, 10, 16]
[16, 17, 18, 19, 20, 21, 22, 23, 24, 25, 26, 27, 28]


5
process id 4
stats
5, 15, 7, 100, 1000
20220818-014516
loosing coalitions taken
[2, 4, 6, 15, 18]
[1, 2, 8, 12, 17]
[1, 4, 8, 10, 15]
[2, 3, 6, 13]
[1, 5, 6, 11, 24]
[2, 4, 5, 20]
[3, 4, 6, 12, 21]
[2, 3, 5, 21]
[1, 3, 7, 13, 19]
[3, 4, 5, 15]
[1, 4, 7, 9, 12]
[1, 4, 6, 26]
[1, 3, 8, 11, 16]
[1, 2, 7, 11, 26]
[16, 17, 18, 19, 20, 21, 22, 23, 24, 25, 26, 27, 28]


6
process id 2
stats
5, 15, 7, 100, 1000
20220818-014516
loosing coalitions taken
[2, 3, 6, 12]
[1, 4, 8, 9, 13]
[2, 4, 5, 20]
[1, 4, 7, 10, 18]
[1, 2, 9, 11, 14]
[1, 5, 6, 13, 23]
[1, 3, 8, 14, 16]
[1, 3, 7, 11, 22]
[3, 4, 5, 14]
[2, 3, 5, 26, 27]
[1, 2, 8, 12, 20]
[2, 4, 6, 15, 17]
[3, 5, 6, 7, 10]
[3, 4, 6, 13, 21]
[16, 17, 18, 19, 20, 21, 22, 23, 24, 25, 26, 27, 28]


6
process id 1
stats
5, 15, 7, 100, 1000
20220818-014518
loosing coalitions taken
[2, 3, 6, 14]
[1, 3, 7, 15, 17]
[3, 4, 5, 21, 24]
[1, 4, 7, 10, 18]
[1, 3, 9, 10, 12]
[1, 2, 7, 16, 21]
[1, 3, 8, 11, 16]
[1, 2, 8, 12, 17]
[1, 4, 6, 28]
[3, 4, 6, 11, 20]
[2, 4, 5, 14]
[2, 3, 5, 17, 27]
[2, 4, 6, 8]
[1, 5, 6, 11, 21]
[16, 17, 18, 19, 20, 21, 22, 23, 24, 25, 26, 27, 28]


6
process id 3
stats
5, 15, 7, 100, 1000
20220818-014519
loosing coalitions taken
[1, 3, 8, 15, 16]
[2, 4, 5, 20]
[1, 2, 10, 11, 13]
[1, 2, 7, 9]
[1, 4, 6, 26]
[2, 3, 5, 21]
[2, 3, 6, 11]
[3, 4, 6, 8]
[2, 4, 6, 12, 21]
[1, 5, 6, 10, 25]
[1, 3, 7, 11, 19]
[3, 4, 5, 14, 28]
[1, 4, 8, 9, 13]
[1, 2, 8, 14, 18]
[16, 17, 18, 19, 20, 21, 22, 23, 24, 25, 26, 27, 28]


6
process id 2
stats
5, 15, 7, 100, 1000
20220818-014520
loosing coalitions taken
[1, 5, 6, 10, 26]
[1, 3, 7, 12, 21]
[1, 2, 9, 11, 14]
[1, 2, 7, 15, 20]
[1, 4, 7, 10, 19]
[1, 3, 8, 11, 18]
[1, 4, 8, 12, 14]
[1, 2, 8, 13, 17]
[3, 4, 6, 8, 26]
[2, 3, 5, 22, 27]
[2, 3, 6, 13]
[2, 4, 5, 18, 24]
[1, 4, 6, 25]
[3, 4, 5, 21, 23]
[16, 17, 18, 19, 20, 21, 22, 23, 24, 25, 26, 27, 28]


6
process id 6
stats
5, 15, 7, 100, 1000
20220818-014520
loosing coalitions taken
[1, 4, 7, 8]
[3, 4, 6, 12, 21]
[1, 3, 9, 10, 12]
[3, 4, 5, 16]
[2, 4, 5, 18]
[2, 4, 6, 8]
[1, 2, 8, 10, 17]
[2, 3, 5, 23, 26]
[1, 4, 6, 28]
[1, 5, 6, 9, 25]
[2, 3, 6, 13]
[1, 2, 7, 15, 16]
[1, 3, 8, 11, 14]
[1, 3, 7, 13, 17]
[16, 17, 18, 19, 20, 21, 22, 23, 24, 25, 26, 27, 28]


6
process id 0
stats
5, 15, 7, 100, 1000
20220818-014520
loosing coalitions taken
[3, 4, 6, 9, 22]
[1, 2, 7, 9]
[1, 5, 6, 11, 20]
[1, 4, 8, 11, 13]
[2, 4, 6, 16, 18]
[1, 4, 6, 26]
[2, 3, 6, 12]
[3, 4, 5, 14]
[2, 3, 5, 17]
[1, 4, 7, 14, 16]
[2, 4, 5, 21, 27]
[1, 3, 7, 10, 21]
[1, 3, 8, 12, 15]
[2, 5, 6, 8, 10]
[16, 17, 18, 19, 20, 21, 22, 23, 24, 25, 26, 27, 28]


6
process id 5
stats
5, 15, 7, 100, 1000
20220818-014521
loosing coalitions taken
[2, 3, 6, 10]
[3, 4, 5, 13]
[1, 3, 8, 12, 18]
[1, 2, 7, 13, 18]
[1, 3, 7, 11, 21]
[2, 3, 5, 22, 26]
[1, 4, 6, 25]
[1, 4, 7, 9, 17]
[2, 4, 5, 14]
[1, 5, 6, 10, 20]
[1, 4, 8, 11, 13]
[1, 2, 8, 15, 17]
[2, 4, 6, 12, 23]
[3, 4, 6, 7]
[16, 17, 18, 19, 20, 21, 22, 23, 24, 25, 26, 27, 28]


5
process id 4
stats
5, 15, 7, 100, 1000
20220818-014522
loosing coalitions taken
[1, 3, 7, 15, 21]
[1, 4, 8, 10, 12]
[1, 2, 7, 11, 27]
[1, 5, 6, 13, 21]
[2, 3, 6, 10]
[1, 3, 8, 11, 16]
[3, 4, 5, 13]
[2, 4, 5, 17]
[1, 4, 6, 28]
[2, 4, 6, 8]
[1, 4, 7, 9, 14]
[3, 4, 6, 7]
[2, 3, 5, 19]
[1, 2, 8, 13, 15]
[16, 17, 18, 19, 20, 21, 22, 23, 24, 25, 26, 27, 28]


5
process id 2
stats
5, 15, 7, 100, 1000
20220818-014522
loosing coalitions taken
[1, 2, 7, 9]
[1, 3, 8, 11, 19]
[1, 4, 6, 28]
[2, 3, 5, 23]
[1, 5, 6, 10, 26]
[3, 4, 5, 11]
[2, 3, 6, 9]
[1, 3, 7, 13, 15]
[2, 4, 5, 15, 24]
[2, 4, 6, 8]
[1, 4, 7, 11, 14]
[3, 4, 6, 7]
[1, 4, 8, 9, 12]
[1, 2, 10, 11, 12]
[16, 17, 18, 19, 20, 21, 22, 23, 24, 25, 26, 27, 28]


6
process id 1
stats
5, 15, 7, 100, 1000
20220818-014522
loosing coalitions taken
[1, 2, 7, 15, 22]
[2, 3, 6, 11]
[2, 4, 5, 21, 24]
[1, 3, 7, 16, 17]
[1, 5, 6, 10, 23]
[1, 2, 8, 13, 20]
[1, 4, 7, 9, 18]
[3, 4, 5, 16]
[3, 4, 6, 12, 17]
[2, 3, 5, 17, 28]
[2, 4, 6, 13, 19]
[1, 4, 6, 22]
[1, 3, 8, 12, 18]
[2, 3, 7, 8, 10]
[16, 17, 18, 19, 20, 21, 22, 23, 24, 25, 26, 27, 28]


6
process id 3
stats
5, 15, 7, 100, 1000
20220818-014523
loosing coalitions taken
[1, 3, 7, 11, 22]
[1, 2, 7, 16, 21]
[1, 2, 9, 11, 12]
[1, 5, 6, 11, 23]
[1, 4, 8, 10, 12]
[3, 4, 6, 9, 22]
[1, 3, 8, 13, 15]
[1, 2, 8, 14, 20]
[2, 4, 6, 10, 23]
[2, 3, 6, 11]
[3, 4, 5, 12]
[2, 4, 5, 19, 26]
[2, 3, 5, 21, 23]
[1, 4, 6, 26, 27]
[16, 17, 18, 19, 20, 21, 22, 23, 24, 25, 26, 27, 28]


5
process id 5
stats
5, 15, 7, 100, 1000
20220818-014523
loosing coalitions taken
[2, 3, 6, 9]
[2, 4, 5, 19, 25]
[1, 2, 8, 12, 17]
[1, 3, 8, 13, 15]
[1, 2, 7, 11, 25]
[1, 3, 7, 12, 22]
[1, 4, 7, 9, 19]
[1, 4, 6, 26, 27]
[2, 4, 6, 12, 23]
[1, 5, 6, 15, 17]
[3, 4, 5, 11]
[2, 3, 5, 21]
[3, 4, 6, 13, 14]
[1, 4, 8, 10, 14]
[16, 17, 18, 19, 20, 21, 22, 23, 24, 25, 26, 27, 28]


6
process id 7
stats
5, 15, 7, 100, 1000
20220818-014526
loosing coalitions taken
[1, 4, 8, 10, 13]
[1, 2, 8, 15, 16]
[3, 4, 5, 16]
[1, 4, 7, 14, 15]
[2, 3, 6, 14]
[1, 2, 7, 13, 23]
[1, 3, 8, 12, 19]
[1, 3, 7, 10, 24]
[1, 2, 9, 10, 11]
[2, 3, 5, 22]
[3, 4, 6, 8]
[2, 4, 6, 11, 19]
[2, 4, 5, 17, 25]
[1, 4, 6, 25]
[16, 17, 18, 19, 20, 21, 22, 23, 24, 25, 26, 27, 28]


6
process id 3
stats
5, 15, 7, 100, 1000
20220818-014526
loosing coalitions taken
[1, 3, 8, 15, 16]
[1, 5, 6, 16, 20]
[2, 3, 6, 14]
[1, 2, 8, 11, 20]
[1, 4, 8, 13, 14]
[1, 2, 7, 9, 28]
[1, 4, 6, 27]
[3, 4, 6, 12, 21]
[3, 4, 5, 13]
[1, 3, 7, 11, 17]
[2, 4, 5, 20]
[2, 3, 5, 22, 25]
[1, 2, 10, 12, 14]
[2, 4, 6, 8]
[16, 17, 18, 19, 20, 21, 22, 23, 24, 25, 26, 27, 28]


6
process id 6
stats
5, 15, 7, 100, 1000
20220818-014527
loosing coalitions taken
[2, 3, 6, 12]
[1, 2, 9, 11, 14]
[1, 3, 7, 15, 18]
[1, 4, 7, 8, 24]
[1, 3, 8, 10, 19]
[1, 2, 7, 10, 23]
[2, 4, 5, 17]
[1, 4, 6, 28]
[1, 5, 6, 14, 21]
[2, 3, 5, 22]
[3, 4, 6, 10, 18]
[2, 4, 6, 13, 19]
[3, 4, 5, 16]
[1, 2, 8, 12, 18]
[16, 17, 18, 19, 20, 21, 22, 23, 24, 25, 26, 27, 28]


5
process id 7
stats
5, 15, 7, 100, 1000
20220818-014528
loosing coalitions taken
[1, 2, 9, 10, 12]
[1, 3, 8, 10, 18]
[2, 4, 6, 9, 25]
[1, 3, 7, 9, 24]
[2, 3, 5, 23]
[1, 2, 8, 13, 17]
[1, 4, 6, 26]
[2, 4, 5, 20]
[3, 4, 5, 15, 25]
[2, 3, 6, 14, 24]
[1, 5, 6, 14, 15]
[1, 4, 7, 8]
[3, 4, 6, 10, 17]
[1, 2, 7, 15, 21]
[16, 17, 18, 19, 20, 21, 22, 23, 24, 25, 26, 27, 28]


6
process id 4
stats
5, 15, 7, 100, 1000
20220818-014528
loosing coalitions taken
[2, 3, 6, 14]
[1, 4, 6, 26]
[1, 2, 7, 13, 21]
[1, 3, 7, 10, 24]
[1, 2, 9, 10, 11]
[1, 5, 6, 10, 25]
[1, 2, 8, 12, 15]
[2, 4, 5, 19, 28]
[2, 4, 6, 16, 17]
[2, 3, 5, 23]
[1, 3, 8, 9, 18]
[3, 4, 6, 11, 19]
[3, 4, 5, 13]
[1, 4, 8, 11, 14]
[16, 17, 18, 19, 20, 21, 22, 23, 24, 25, 26, 27, 28]


5
process id 3
stats
5, 15, 7, 100, 1000
20220818-014528
loosing coalitions taken
[1, 3, 8, 9, 20]
[1, 2, 10, 12, 13]
[1, 2, 8, 11, 19]
[1, 4, 7, 8]
[2, 3, 6, 18, 21]
[2, 4, 5, 18, 28]
[2, 4, 6, 13, 19]
[2, 3, 5, 25]
[3, 4, 5, 12]
[1, 4, 6, 25]
[1, 5, 6, 12, 22]
[3, 4, 6, 10, 20]
[1, 2, 7, 9, 23]
[1, 3, 7, 10, 24]
[16, 17, 18, 19, 20, 21, 22, 23, 24, 25, 26, 27, 28]


5
process id 5
stats
5, 15, 7, 100, 1000
20220818-014528
loosing coalitions taken
[2, 3, 6, 14]
[1, 3, 8, 13, 16]
[1, 4, 6, 28]
[1, 2, 7, 11, 19]
[2, 4, 5, 17]
[3, 4, 6, 13, 21]
[2, 3, 5, 19]
[3, 4, 5, 11, 25]
[1, 5, 6, 10, 20]
[1, 3, 7, 12, 20]
[2, 4, 6, 10, 22]
[1, 4, 7, 8]
[1, 2, 8, 14, 17]
[1, 2, 9, 10, 12]
[16, 17, 18, 19, 20, 21, 22, 23, 24, 25, 26, 27, 28]


5
process id 4
stats
5, 15, 7, 100, 1000
20220818-014529
loosing coalitions taken
[2, 3, 5, 25]
[1, 4, 7, 8]
[1, 2, 9, 10, 13]
[1, 5, 6, 16, 18]
[1, 4, 6, 22]
[1, 2, 7, 12, 26]
[3, 4, 6, 9, 16]
[2, 4, 6, 13, 20]
[2, 4, 5, 18, 23]
[3, 4, 5, 10]
[1, 3, 8, 13, 15]
[2, 3, 6, 12]
[1, 2, 8, 11, 17]
[1, 3, 7, 16, 17]
[16, 17, 18, 19, 20, 21, 22, 23, 24, 25, 26, 27, 28]


6
process id 5
stats
5, 15, 7, 100, 1000
20220818-014530
loosing coalitions taken
[1, 3, 8, 9, 18]
[1, 2, 9, 11, 13]
[1, 2, 7, 10, 25]
[2, 4, 5, 17]
[1, 3, 7, 12, 22]
[2, 3, 6, 10]
[1, 4, 6, 23]
[3, 4, 6, 14, 17]
[2, 3, 5, 18]
[1, 4, 7, 14, 16]
[1, 5, 6, 9, 20]
[2, 4, 6, 15, 20]
[1, 2, 8, 12, 19]
[3, 4, 5, 13]
[16, 17, 18, 19, 20, 21, 22, 23, 24, 25, 26, 27, 28]


6
process id 0
stats
5, 15, 7, 100, 1000
20220818-014534
loosing coalitions taken
[1, 3, 8, 11, 18]
[1, 4, 8, 9, 14]
[1, 4, 7, 12, 16]
[2, 4, 5, 19]
[2, 3, 6, 11]
[3, 4, 6, 8]
[1, 2, 8, 13, 20]
[1, 4, 6, 25]
[2, 3, 5, 24]
[3, 4, 5, 17, 25]
[2, 4, 6, 10, 23]
[1, 2, 7, 9, 17]
[1, 5, 6, 15, 17]
[1, 3, 7, 10, 23]
[16, 17, 18, 19, 20, 21, 22, 23, 24, 25, 26, 27, 28]


5
process id 7
stats
5, 15, 7, 100, 1000
20220818-014535
loosing coalitions taken
[2, 4, 5, 18]
[1, 2, 8, 13, 17]
[1, 3, 8, 10, 19]
[2, 3, 6, 14]
[1, 5, 6, 13, 23]
[1, 2, 7, 9]
[2, 3, 5, 22, 28]
[3, 4, 5, 9]
[1, 4, 7, 10, 11]
[2, 4, 6, 9, 22]
[1, 3, 7, 13, 20]
[3, 4, 6, 7]
[1, 4, 8, 12, 14]
[1, 4, 6, 27]
[16, 17, 18, 19, 20, 21, 22, 23, 24, 25, 26, 27, 28]


6
process id 4
stats
5, 15, 7, 100, 1000
20220818-014536
loosing coalitions taken
[1, 3, 8, 9, 18]
[2, 4, 5, 17]
[2, 3, 6, 13]
[1, 3, 7, 12, 22]
[1, 2, 8, 11, 19]
[2, 3, 5, 23]
[3, 4, 6, 12, 15]
[3, 4, 5, 19, 24]
[1, 2, 7, 9]
[1, 4, 7, 10, 15]
[1, 4, 6, 22]
[1, 5, 6, 8]
[2, 4, 6, 11, 23]
[1, 2, 10, 12, 14]
[16, 17, 18, 19, 20, 21, 22, 23, 24, 25, 26, 27, 28]


6
process id 2
stats
5, 15, 7, 100, 1000
20220818-014537
loosing coalitions taken
[1, 4, 7, 8]
[1, 2, 9, 12, 13]
[2, 4, 6, 15, 21]
[1, 5, 6, 10, 21]
[2, 3, 5, 26, 28]
[2, 3, 6, 11]
[2, 4, 5, 19]
[1, 4, 6, 26]
[2, 5, 6, 7, 14]
[3, 4, 6, 12, 20]
[1, 3, 8, 9, 17]
[3, 4, 5, 16, 27]
[1, 2, 7, 10, 19]
[1, 2, 8, 11, 15]
[16, 17, 18, 19, 20, 21, 22, 23, 24, 25, 26, 27, 28]


6
process id 3
stats
5, 15, 7, 100, 1000
20220818-014537
loosing coalitions taken
[1, 3, 8, 15, 16]
[1, 2, 8, 11, 20]
[1, 4, 7, 14, 15]
[1, 2, 7, 17, 18]
[1, 4, 6, 27]
[2, 3, 6, 14]
[2, 4, 5, 18, 22]
[1, 3, 9, 10, 11]
[2, 3, 5, 19]
[3, 4, 6, 11, 21]
[2, 4, 6, 8, 28]
[1, 5, 6, 16, 19]
[3, 4, 5, 12, 27]
[1, 3, 7, 12, 21]
[16, 17, 18, 19, 20, 21, 22, 23, 24, 25, 26, 27, 28]


5
process id 5
stats
5, 15, 7, 100, 1000
20220818-014538
loosing coalitions taken
[1, 2, 9, 11, 13]
[2, 4, 6, 16, 19]
[2, 4, 5, 18]
[1, 4, 8, 9, 15]
[2, 3, 6, 13, 28]
[1, 4, 7, 12, 14]
[1, 5, 6, 11, 17]
[1, 4, 6, 24]
[1, 3, 7, 9, 18]
[3, 4, 5, 11]
[1, 2, 7, 8]
[3, 4, 6, 7]
[2, 3, 5, 22]
[1, 3, 8, 12, 17]
[16, 17, 18, 19, 20, 21, 22, 23, 24, 25, 26, 27, 28]


5
process id 3
stats
5, 15, 7, 100, 1000
20220818-014539
loosing coalitions taken
[1, 3, 8, 10, 19]
[1, 5, 6, 13, 24]
[1, 2, 10, 12, 13]
[2, 3, 6, 10, 26]
[1, 4, 6, 25]
[2, 4, 5, 13]
[1, 2, 7, 9, 23]
[2, 3, 5, 24]
[3, 4, 5, 19, 26]
[1, 4, 7, 11, 16]
[1, 3, 7, 12, 21]
[1, 4, 8, 9, 15]
[2, 4, 6, 15, 16]
[3, 4, 6, 12, 18]
[16, 17, 18, 19, 20, 21, 22, 23, 24, 25, 26, 27, 28]


5
process id 3
stats
5, 15, 7, 100, 1000
20220818-014542
loosing coalitions taken
[1, 5, 6, 15, 19]
[1, 2, 10, 11, 13]
[2, 4, 5, 19]
[3, 4, 6, 12, 17]
[1, 2, 7, 14, 21]
[1, 2, 8, 12, 18]
[1, 3, 8, 14, 16]
[2, 3, 6, 11]
[3, 4, 5, 15, 25]
[1, 4, 6, 24]
[2, 3, 5, 21, 24]
[1, 3, 7, 13, 18]
[1, 4, 7, 8, 26]
[2, 4, 6, 13, 21]
[16, 17, 18, 19, 20, 21, 22, 23, 24, 25, 26, 27, 28]


6
process id 6
stats
5, 15, 7, 100, 1000
20220818-014544
loosing coalitions taken
[2, 3, 6, 10]
[1, 2, 8, 11, 19]
[1, 4, 7, 8]
[2, 4, 5, 17]
[1, 4, 6, 24]
[2, 3, 5, 24]
[1, 3, 7, 14, 18]
[1, 2, 9, 12, 13]
[3, 4, 5, 11]
[1, 3, 9, 10, 11]
[2, 4, 6, 14, 15]
[3, 4, 6, 9, 21]
[1, 5, 6, 13, 23]
[1, 2, 7, 15, 17]
[16, 17, 18, 19, 20, 21, 22, 23, 24, 25, 26, 27, 28]


5
process id 7
stats
5, 15, 7, 100, 1000
20220818-014546
loosing coalitions taken
[1, 2, 9, 11, 13]
[2, 3, 6, 14, 26]
[1, 2, 7, 12, 26]
[1, 3, 9, 10, 12]
[3, 4, 5, 15]
[2, 4, 6, 12, 20]
[1, 4, 7, 8]
[2, 3, 5, 21, 24]
[2, 4, 5, 13]
[1, 3, 7, 16, 18]
[1, 4, 6, 23, 28]
[1, 5, 6, 8]
[3, 4, 6, 13, 21]
[1, 3, 8, 11, 17]
[16, 17, 18, 19, 20, 21, 22, 23, 24, 25, 26, 27, 28]


5
process id 5
stats
5, 15, 7, 100, 1000
20220818-014546
loosing coalitions taken
[1, 3, 8, 14, 16]
[1, 2, 9, 10, 12]
[2, 3, 6, 11]
[1, 3, 7, 15, 21]
[1, 4, 6, 25]
[3, 4, 5, 14]
[2, 4, 5, 19]
[1, 5, 6, 10, 19]
[1, 2, 7, 17, 18]
[3, 4, 6, 9, 22]
[2, 3, 5, 24]
[2, 4, 6, 8, 27]
[1, 4, 7, 8]
[1, 2, 8, 11, 20]
[16, 17, 18, 19, 20, 21, 22, 23, 24, 25, 26, 27, 28]


6
process id 0
stats
5, 15, 7, 100, 1000
20220818-014546
loosing coalitions taken
[2, 3, 6, 10]
[3, 4, 5, 15]
[1, 3, 8, 12, 17]
[1, 4, 7, 14, 16]
[1, 5, 6, 13, 23]
[1, 3, 7, 11, 19]
[1, 4, 6, 27]
[2, 4, 5, 21, 23]
[3, 4, 6, 12, 16]
[2, 3, 5, 16]
[1, 2, 7, 9]
[1, 4, 8, 10, 11]
[1, 2, 8, 13, 14]
[2, 4, 6, 9, 24]
[16, 17, 18, 19, 20, 21, 22, 23, 24, 25, 26, 27, 28]


6
process id 6
stats
5, 15, 7, 100, 1000
20220818-014547
loosing coalitions taken
[2, 3, 6, 10]
[2, 4, 5, 17]
[1, 5, 6, 11, 23]
[1, 4, 8, 10, 11]
[1, 2, 8, 14, 16]
[2, 3, 5, 20]
[1, 4, 6, 28]
[3, 4, 6, 9, 18]
[1, 3, 7, 10, 18]
[1, 2, 7, 15, 20]
[3, 4, 5, 10]
[1, 2, 9, 11, 13]
[2, 4, 6, 16, 19]
[1, 3, 8, 9, 17]
[16, 17, 18, 19, 20, 21, 22, 23, 24, 25, 26, 27, 28]


6
process id 4
stats
5, 15, 7, 100, 1000
20220818-014547
loosing coalitions taken
[1, 2, 7, 10, 26]
[1, 2, 9, 12, 13]
[1, 5, 6, 14, 22]
[2, 3, 5, 20]
[1, 4, 6, 28]
[3, 4, 6, 12, 16]
[1, 4, 7, 11, 13]
[3, 4, 5, 15, 26]
[2, 3, 6, 9]
[1, 3, 8, 12, 19]
[1, 3, 7, 14, 15]
[1, 2, 8, 11, 15]
[2, 4, 5, 14]
[2, 4, 6, 10, 24]
[16, 17, 18, 19, 20, 21, 22, 23, 24, 25, 26, 27, 28]


6
process id 1
stats
5, 15, 7, 100, 1000
20220818-014548
loosing coalitions taken
[1, 4, 7, 8]
[2, 3, 5, 24]
[3, 4, 6, 14, 18]
[1, 2, 8, 13, 20]
[2, 4, 5, 16]
[1, 2, 7, 11, 24]
[2, 3, 6, 17, 21]
[3, 4, 5, 15, 28]
[2, 4, 6, 8]
[1, 3, 7, 12, 21]
[1, 3, 8, 15, 16]
[1, 5, 6, 10, 23]
[1, 4, 6, 26]
[1, 2, 9, 12, 14]
[16, 17, 18, 19, 20, 21, 22, 23, 24, 25, 26, 27, 28]


5
process id 3
stats
5, 15, 7, 100, 1000
20220818-014548
loosing coalitions taken
[3, 4, 6, 15, 17]
[1, 2, 9, 12, 13]
[1, 4, 7, 12, 16]
[3, 4, 5, 16]
[1, 2, 7, 11, 23]
[1, 4, 8, 9, 14]
[1, 5, 6, 9, 25]
[1, 2, 8, 10, 20]
[1, 3, 8, 12, 19]
[2, 3, 6, 12]
[2, 3, 5, 24]
[1, 4, 6, 24, 27]
[2, 4, 5, 14]
[2, 4, 6, 10, 19]
[16, 17, 18, 19, 20, 21, 22, 23, 24, 25, 26, 27, 28]


5
process id 7
stats
5, 15, 7, 100, 1000
20220818-014548
loosing coalitions taken
[2, 3, 5, 24]
[2, 4, 6, 10, 22]
[1, 3, 7, 16, 19]
[1, 2, 8, 13, 18]
[1, 2, 7, 12, 25]
[1, 3, 8, 10, 17]
[2, 4, 5, 13]
[3, 4, 6, 13, 15]
[2, 3, 6, 9]
[3, 4, 5, 16]
[1, 2, 9, 10, 11]
[1, 4, 6, 27]
[1, 4, 7, 8, 22]
[1, 5, 6, 9, 17]
[16, 17, 18, 19, 20, 21, 22, 23, 24, 25, 26, 27, 28]


5
process id 3
stats
5, 15, 7, 100, 1000
20220818-014550
loosing coalitions taken
[1, 2, 9, 10, 11]
[2, 3, 6, 10]
[2, 4, 5, 21, 23]
[1, 3, 8, 13, 15]
[1, 5, 6, 13, 22]
[1, 2, 8, 12, 18]
[1, 2, 7, 15, 19]
[1, 3, 7, 11, 21]
[3, 4, 5, 13]
[1, 4, 7, 8, 27]
[2, 3, 5, 18]
[3, 4, 6, 8]
[2, 4, 6, 12, 22]
[1, 4, 6, 28]
[16, 17, 18, 19, 20, 21, 22, 23, 24, 25, 26, 27, 28]


6
process id 5
stats
5, 15, 7, 100, 1000
20220818-014550
loosing coalitions taken
[1, 4, 7, 13, 15]
[2, 3, 6, 10]
[1, 2, 8, 15, 16]
[1, 2, 7, 9]
[1, 4, 8, 11, 14]
[1, 4, 6, 25]
[3, 4, 5, 17, 22]
[3, 4, 6, 13, 20]
[1, 5, 6, 11, 19]
[2, 4, 5, 18, 27]
[2, 3, 5, 19]
[2, 4, 6, 16, 17]
[1, 3, 7, 14, 20]
[1, 3, 8, 12, 17]
[16, 17, 18, 19, 20, 21, 22, 23, 24, 25, 26, 27, 28]


6
process id 7
stats
5, 15, 7, 100, 1000
20220818-014551
loosing coalitions taken
[2, 4, 5, 19]
[1, 3, 7, 11, 23]
[1, 2, 7, 16, 20]
[1, 3, 8, 12, 17]
[1, 2, 8, 14, 18]
[1, 2, 9, 12, 13]
[3, 4, 6, 9, 15]
[2, 3, 5, 20]
[2, 3, 6, 14]
[3, 4, 5, 14, 26]
[1, 4, 7, 9, 17]
[2, 4, 6, 11, 18]
[1, 5, 6, 13, 20]
[1, 4, 6, 23]
[16, 17, 18, 19, 20, 21, 22, 23, 24, 25, 26, 27, 28]


5
process id 4
stats
5, 15, 7, 100, 1000
20220818-014551
loosing coalitions taken
[1, 5, 6, 9, 26]
[3, 4, 5, 16]
[1, 3, 9, 10, 12]
[1, 3, 7, 14, 21]
[2, 3, 6, 11, 23]
[1, 2, 7, 15, 22]
[1, 3, 8, 11, 15]
[1, 4, 6, 23]
[2, 4, 5, 15]
[1, 2, 8, 9, 18]
[2, 3, 5, 24]
[3, 4, 6, 12, 18]
[1, 4, 7, 8]
[2, 4, 6, 8, 28]
[16, 17, 18, 19, 20, 21, 22, 23, 24, 25, 26, 27, 28]


5
process id 5
stats
5, 15, 7, 100, 1000
20220818-014552
loosing coalitions taken
[2, 3, 6, 11]
[1, 3, 8, 10, 16]
[1, 2, 10, 12, 13]
[1, 2, 7, 9, 27]
[1, 4, 8, 13, 14]
[1, 4, 6, 28]
[1, 3, 7, 13, 22]
[2, 3, 5, 19]
[2, 4, 5, 17, 20]
[3, 4, 5, 15]
[1, 5, 6, 16, 20]
[2, 4, 6, 8]
[1, 4, 7, 10, 19]
[3, 4, 6, 7]
[16, 17, 18, 19, 20, 21, 22, 23, 24, 25, 26, 27, 28]


6
process id 2
stats
5, 15, 7, 100, 1000
20220818-014552
loosing coalitions taken
[1, 2, 7, 16, 21]
[1, 3, 8, 11, 17]
[2, 3, 7, 8, 9]
[3, 4, 6, 10, 21]
[1, 2, 8, 10, 20]
[2, 3, 5, 23, 27]
[2, 4, 5, 20, 24]
[2, 4, 6, 9, 18]
[1, 4, 7, 11, 15]
[3, 4, 5, 16]
[1, 3, 7, 10, 24]
[1, 4, 6, 28]
[1, 2, 9, 11, 13]
[2, 3, 6, 14]
[16, 17, 18, 19, 20, 21, 22, 23, 24, 25, 26, 27, 28]


6
process id 6
stats
5, 15, 7, 100, 1000
20220818-014558
loosing coalitions taken
[1, 5, 6, 15, 21]
[3, 4, 5, 19, 25]
[1, 2, 7, 13, 23]
[2, 4, 5, 16]
[1, 2, 8, 9, 21]
[1, 4, 8, 13, 14]
[2, 3, 6, 13]
[1, 3, 8, 12, 17]
[2, 3, 5, 18, 28]
[1, 4, 6, 25]
[3, 4, 6, 12, 16]
[1, 4, 7, 12, 15]
[1, 2, 10, 11, 14]
[1, 3, 7, 9, 20]
[16, 17, 18, 19, 20, 21, 22, 23, 24, 25, 26, 27, 28]


5
process id 4
stats
5, 15, 7, 100, 1000
20220818-014558
loosing coalitions taken
[2, 3, 6, 15, 26]
[3, 4, 6, 13, 19]
[1, 2, 10, 12, 13]
[2, 3, 7, 8, 10]
[1, 2, 8, 9, 19]
[1, 5, 6, 13, 20]
[1, 3, 8, 12, 16]
[3, 4, 5, 16]
[2, 4, 6, 14, 17]
[1, 4, 8, 10, 15]
[1, 4, 6, 26]
[2, 4, 5, 11]
[2, 3, 5, 21, 24]
[1, 2, 7, 15, 20]
[16, 17, 18, 19, 20, 21, 22, 23, 24, 25, 26, 27, 28]


6
process id 6
stats
5, 15, 7, 100, 1000
20220818-014559
loosing coalitions taken
[1, 5, 6, 11, 24]
[1, 2, 7, 17, 19]
[3, 4, 5, 20, 22]
[2, 3, 5, 24]
[1, 3, 8, 10, 16]
[1, 2, 10, 12, 13]
[1, 4, 7, 11, 16]
[2, 4, 6, 14, 16]
[1, 2, 9, 11, 14]
[1, 3, 7, 15, 21]
[2, 3, 6, 12]
[1, 4, 6, 26]
[2, 4, 5, 17]
[3, 4, 6, 13, 21]
[16, 17, 18, 19, 20, 21, 22, 23, 24, 25, 26, 27, 28]


5
process id 0
stats
5, 15, 7, 100, 1000
20220818-014600
loosing coalitions taken
[1, 2, 9, 10, 12]
[2, 3, 6, 11]
[1, 2, 8, 13, 18]
[3, 4, 5, 15]
[1, 4, 7, 8, 23]
[1, 3, 8, 9, 19]
[2, 4, 6, 16, 17]
[2, 4, 5, 18]
[1, 3, 7, 12, 16]
[3, 4, 6, 8]
[1, 5, 6, 14, 19]
[2, 3, 5, 22]
[1, 2, 7, 15, 21]
[1, 4, 6, 22]
[16, 17, 18, 19, 20, 21, 22, 23, 24, 25, 26, 27, 28]


5
process id 3
stats
5, 15, 7, 100, 1000
20220818-014600
loosing coalitions taken
[1, 2, 7, 15, 21]
[1, 3, 7, 16, 19]
[1, 3, 9, 10, 11]
[1, 2, 9, 12, 14]
[2, 3, 6, 9]
[1, 4, 7, 8]
[2, 4, 5, 19, 25]
[2, 3, 5, 16]
[1, 4, 6, 23]
[1, 5, 6, 10, 20]
[3, 4, 5, 11]
[1, 3, 8, 12, 17]
[2, 4, 6, 12, 17]
[1, 2, 8, 11, 16]
[16, 17, 18, 19, 20, 21, 22, 23, 24, 25, 26, 27, 28]


5
process id 6
stats
5, 15, 7, 100, 1000
20220818-014602
loosing coalitions taken
[1, 2, 9, 11, 13]
[1, 4, 7, 8]
[2, 4, 5, 17]
[1, 5, 6, 13, 22]
[2, 3, 5, 20]
[2, 4, 6, 14, 22]
[1, 2, 8, 10, 16]
[2, 3, 6, 9]
[1, 2, 7, 15, 21]
[3, 4, 5, 16]
[1, 4, 6, 27]
[1, 3, 8, 11, 14]
[3, 4, 6, 8]
[1, 3, 7, 9, 22]
[16, 17, 18, 19, 20, 21, 22, 23, 24, 25, 26, 27, 28]


5
process id 4
stats
5, 15, 7, 100, 1000
20220818-014603
loosing coalitions taken
[1, 2, 8, 9, 19]
[2, 3, 6, 18, 20]
[1, 3, 7, 11, 17]
[3, 4, 6, 10, 19]
[1, 4, 7, 10, 18]
[1, 4, 6, 27, 28]
[1, 3, 8, 15, 16]
[1, 2, 7, 12, 21]
[1, 5, 6, 15, 17]
[2, 3, 5, 17]
[3, 4, 5, 11]
[2, 4, 5, 12]
[2, 4, 6, 13, 22]
[1, 4, 8, 13, 14]
[16, 17, 18, 19, 20, 21, 22, 23, 24, 25, 26, 27, 28]


6
process id 0
stats
5, 15, 7, 100, 1000
20220818-014603
loosing coalitions taken
[2, 4, 6, 15, 19]
[2, 3, 6, 11, 28]
[2, 4, 5, 21, 22]
[1, 3, 7, 13, 22]
[1, 3, 8, 12, 17]
[1, 3, 9, 10, 11]
[1, 2, 10, 12, 13]
[1, 2, 7, 9, 23]
[1, 2, 8, 11, 18]
[3, 4, 5, 12, 27]
[1, 4, 6, 22, 26]
[2, 3, 5, 16]
[1, 4, 8, 9, 15]
[1, 5, 6, 11, 24]
[16, 17, 18, 19, 20, 21, 22, 23, 24, 25, 26, 27, 28]


5
process id 2
stats
5, 15, 7, 100, 1000
20220818-014605
loosing coalitions taken
[1, 5, 6, 15, 20]
[1, 4, 8, 12, 13]
[2, 3, 6, 12]
[1, 2, 8, 15, 16]
[1, 3, 9, 10, 11]
[2, 4, 5, 19]
[1, 4, 7, 10, 18]
[1, 2, 7, 9, 23]
[2, 4, 6, 9, 16]
[1, 4, 6, 28]
[1, 3, 7, 8, 28]
[3, 4, 5, 14, 23]
[2, 3, 5, 16]
[3, 4, 6, 7]
[16, 17, 18, 19, 20, 21, 22, 23, 24, 25, 26, 27, 28]


6
process id 5
stats
5, 15, 7, 100, 1000
20220818-014606
loosing coalitions taken
[1, 2, 8, 9, 19]
[1, 3, 7, 12, 20]
[1, 3, 9, 10, 11]
[2, 4, 5, 18, 28]
[2, 3, 6, 10, 27]
[1, 2, 7, 14, 17]
[1, 4, 8, 12, 14]
[1, 5, 6, 14, 22]
[2, 3, 5, 20]
[1, 4, 7, 10, 16]
[3, 4, 6, 13, 19]
[2, 4, 6, 11, 22]
[1, 4, 6, 23]
[1, 2, 10, 12, 13]
[16, 17, 18, 19, 20, 21, 22, 23, 24, 25, 26, 27, 28]


5
process id 3
stats
5, 15, 7, 100, 1000
20220818-014607
loosing coalitions taken
[1, 3, 8, 12, 18]
[1, 2, 7, 10, 28]
[1, 2, 8, 13, 19]
[1, 4, 7, 8]
[2, 3, 5, 25]
[2, 4, 6, 9, 23]
[3, 4, 5, 13]
[2, 4, 5, 11]
[1, 4, 6, 25]
[3, 4, 6, 8, 24]
[2, 3, 6, 14]
[1, 5, 6, 13, 22]
[1, 3, 7, 15, 16]
[1, 2, 9, 11, 14]
[16, 17, 18, 19, 20, 21, 22, 23, 24, 25, 26, 27, 28]


5
process id 7
stats
5, 15, 7, 100, 1000
20220818-014609
loosing coalitions taken
[2, 3, 5, 24]
[1, 3, 9, 10, 11]
[1, 2, 7, 9]
[1, 3, 8, 12, 17]
[3, 4, 6, 14, 19]
[1, 5, 6, 10, 20]
[2, 4, 5, 19]
[3, 4, 5, 9, 26]
[1, 4, 7, 10, 19]
[2, 3, 6, 15, 21]
[1, 2, 8, 11, 15]
[1, 4, 6, 23]
[1, 3, 7, 14, 21]
[2, 4, 6, 8]
[16, 17, 18, 19, 20, 21, 22, 23, 24, 25, 26, 27, 28]


6
process id 5
stats
5, 15, 7, 100, 1000
20220818-014609
loosing coalitions taken
[1, 2, 9, 10, 13]
[1, 4, 8, 11, 14]
[1, 4, 7, 13, 16]
[2, 3, 6, 9]
[1, 3, 7, 14, 17]
[2, 4, 5, 20, 24]
[1, 2, 7, 11, 23]
[3, 4, 5, 16, 26]
[1, 2, 8, 15, 17]
[3, 4, 6, 8, 28]
[1, 5, 6, 13, 24]
[2, 4, 6, 10, 22]
[2, 3, 5, 23, 27]
[1, 4, 6, 25]
[16, 17, 18, 19, 20, 21, 22, 23, 24, 25, 26, 27, 28]


6
process id 3
stats
5, 15, 7, 100, 1000
20220818-014611
loosing coalitions taken
[1, 3, 8, 11, 16]
[1, 3, 9, 10, 12]
[1, 4, 7, 8]
[1, 2, 10, 11, 14]
[2, 4, 5, 21, 28]
[2, 3, 6, 13]
[3, 4, 5, 16]
[3, 4, 6, 8, 26]
[2, 3, 5, 22]
[2, 4, 6, 14, 18]
[3, 5, 6, 7, 10]
[1, 2, 7, 12, 19]
[1, 5, 6, 9, 24]
[1, 4, 6, 27]
[16, 17, 18, 19, 20, 21, 22, 23, 24, 25, 26, 27, 28]


6
process id 4
stats
5, 15, 7, 100, 1000
20220818-014613
loosing coalitions taken
[1, 2, 8, 14, 18]
[2, 4, 6, 11, 21]
[1, 4, 8, 9, 15]
[1, 3, 9, 10, 11]
[1, 2, 7, 9]
[3, 4, 6, 8]
[2, 4, 5, 20]
[2, 3, 6, 12, 26]
[3, 4, 5, 19, 24]
[1, 4, 6, 27]
[1, 5, 6, 13, 23]
[1, 4, 7, 14, 16]
[2, 3, 5, 16]
[1, 3, 7, 8, 27]
[16, 17, 18, 19, 20, 21, 22, 23, 24, 25, 26, 27, 28]


6
process id 2
stats
5, 15, 7, 100, 1000
20220818-014613
loosing coalitions taken
[1, 3, 8, 9, 19]
[1, 2, 7, 16, 18]
[1, 2, 9, 10, 13]
[3, 4, 5, 16]
[1, 2, 8, 12, 20]
[2, 3, 6, 9]
[1, 3, 7, 13, 22]
[1, 4, 6, 28]
[1, 4, 7, 8, 27]
[2, 4, 6, 11, 20]
[2, 3, 5, 19, 26]
[2, 4, 5, 18]
[3, 4, 6, 7]
[1, 5, 6, 10, 18]
[16, 17, 18, 19, 20, 21, 22, 23, 24, 25, 26, 27, 28]


5
process id 5
stats
5, 15, 7, 100, 1000
20220818-014613
loosing coalitions taken
[1, 2, 8, 13, 18]
[2, 4, 6, 10, 23]
[1, 2, 9, 10, 12]
[3, 4, 6, 15, 16]
[1, 5, 6, 13, 24]
[2, 3, 6, 13]
[1, 4, 6, 27]
[1, 3, 7, 10, 23]
[2, 4, 5, 18]
[3, 4, 5, 14]
[1, 4, 7, 8]
[1, 3, 8, 11, 16]
[2, 3, 5, 20]
[1, 2, 7, 11, 27]
[16, 17, 18, 19, 20, 21, 22, 23, 24, 25, 26, 27, 28]


6
process id 4
stats
5, 15, 7, 100, 1000
20220818-014614
loosing coalitions taken
[1, 2, 8, 11, 20]
[2, 3, 6, 13]
[1, 5, 6, 15, 21]
[1, 3, 7, 14, 22]
[1, 4, 7, 11, 16]
[1, 3, 8, 12, 18]
[3, 4, 5, 15]
[1, 2, 9, 10, 12]
[2, 4, 6, 9, 24]
[2, 3, 5, 22]
[2, 4, 5, 16]
[1, 2, 7, 13, 24]
[1, 4, 6, 26]
[3, 4, 6, 12, 16]
[16, 17, 18, 19, 20, 21, 22, 23, 24, 25, 26, 27, 28]


6
process id 6
stats
5, 15, 7, 100, 1000
20220818-014616
loosing coalitions taken
[1, 5, 6, 11, 24]
[1, 2, 7, 12, 23]
[3, 4, 5, 16]
[1, 2, 9, 11, 13]
[2, 3, 6, 11]
[1, 2, 8, 14, 18]
[1, 3, 8, 12, 17]
[2, 4, 5, 17, 28]
[1, 4, 6, 25]
[1, 4, 7, 14, 16]
[1, 3, 7, 13, 19]
[2, 3, 5, 25]
[2, 4, 6, 10, 21]
[3, 4, 6, 7]
[16, 17, 18, 19, 20, 21, 22, 23, 24, 25, 26, 27, 28]


6
process id 3
stats
5, 15, 7, 100, 1000
20220818-014617
loosing coalitions taken
[1, 5, 6, 16, 20]
[1, 3, 7, 13, 17]
[2, 4, 5, 17, 28]
[3, 4, 5, 13]
[1, 2, 7, 9, 25]
[1, 2, 8, 13, 19]
[1, 3, 8, 10, 15]
[1, 4, 7, 8]
[1, 4, 6, 27]
[2, 3, 6, 11]
[2, 3, 5, 19]
[3, 4, 6, 7]
[2, 4, 6, 12, 20]
[1, 2, 10, 11, 12]
[16, 17, 18, 19, 20, 21, 22, 23, 24, 25, 26, 27, 28]


6
process id 6
stats
5, 15, 7, 100, 1000
20220818-014619
loosing coalitions taken
[1, 3, 7, 10, 23]
[1, 2, 7, 9, 25]
[2, 4, 5, 18]
[1, 4, 7, 8]
[3, 4, 6, 12, 19]
[2, 3, 6, 13]
[1, 5, 6, 9, 22]
[1, 4, 6, 28]
[2, 3, 5, 21]
[3, 4, 5, 16, 26]
[2, 4, 6, 8]
[1, 3, 8, 13, 14]
[1, 2, 10, 11, 13]
[1, 2, 8, 12, 20]
[16, 17, 18, 19, 20, 21, 22, 23, 24, 25, 26, 27, 28]


6
process id 2
stats
5, 15, 7, 100, 1000
20220818-014620
loosing coalitions taken
[1, 3, 9, 10, 12]
[1, 4, 7, 9, 16]
[1, 2, 7, 12, 25]
[1, 3, 7, 11, 22]
[1, 3, 8, 14, 16]
[1, 2, 9, 11, 13]
[1, 5, 6, 15, 19]
[3, 4, 6, 15, 16]
[1, 4, 8, 12, 13]
[1, 2, 8, 10, 19]
[1, 4, 6, 26]
[3, 4, 5, 17, 18]
[2, 4, 5, 16]
[2, 3, 6, 12]
[16, 17, 18, 19, 20, 21, 22, 23, 24, 25, 26, 27, 28]


6
process id 1
stats
5, 15, 7, 100, 1000
20220818-014620
loosing coalitions taken
[1, 3, 8, 9, 20]
[1, 2, 9, 11, 13]
[1, 3, 7, 12, 22]
[2, 3, 6, 12, 28]
[3, 4, 6, 15, 16]
[2, 4, 6, 10, 17]
[1, 5, 6, 14, 17]
[2, 4, 5, 21, 28]
[1, 4, 6, 28]
[1, 2, 8, 15, 17]
[1, 2, 7, 10, 27]
[2, 3, 5, 20, 25]
[3, 4, 5, 19, 22]
[2, 5, 6, 7, 9]
[16, 17, 18, 19, 20, 21, 22, 23, 24, 25, 26, 27, 28]


5
process id 1
stats
5, 15, 7, 100, 1000
20220818-014621
loosing coalitions taken
[1, 5, 6, 10, 26]
[1, 2, 8, 10, 21]
[1, 2, 9, 12, 14]
[1, 3, 7, 15, 20]
[1, 4, 7, 10, 18]
[1, 2, 7, 16, 17]
[1, 3, 8, 11, 17]
[2, 4, 5, 20]
[1, 4, 6, 23]
[3, 4, 5, 16]
[3, 4, 6, 12, 13]
[2, 3, 5, 24]
[2, 3, 6, 9]
[2, 4, 6, 8]
[16, 17, 18, 19, 20, 21, 22, 23, 24, 25, 26, 27, 28]


6
process id 3
stats
5, 15, 7, 100, 1000
20220818-014621
loosing coalitions taken
[1, 3, 8, 11, 17]
[2, 3, 6, 12]
[1, 4, 6, 26]
[1, 2, 7, 16, 21]
[1, 2, 8, 14, 15]
[1, 4, 8, 10, 13]
[3, 4, 5, 10]
[2, 3, 5, 19]
[2, 4, 6, 8]
[1, 4, 7, 9, 11]
[2, 4, 5, 12]
[1, 5, 6, 9, 24]
[1, 3, 7, 12, 22]
[3, 4, 6, 11, 20]
[16, 17, 18, 19, 20, 21, 22, 23, 24, 25, 26, 27, 28]


6
process id 0
stats
5, 15, 7, 100, 1000
20220818-014622
loosing coalitions taken
[2, 4, 5, 18]
[1, 3, 8, 12, 18]
[1, 2, 9, 12, 14]
[1, 2, 8, 11, 17]
[1, 5, 6, 16, 17]
[1, 4, 7, 10, 17]
[1, 2, 7, 15, 20]
[3, 4, 6, 14, 19]
[1, 4, 6, 24]
[3, 4, 5, 9, 27]
[2, 3, 5, 23, 24]
[2, 3, 6, 11]
[2, 4, 6, 10, 20]
[1, 3, 7, 9, 21]
[16, 17, 18, 19, 20, 21, 22, 23, 24, 25, 26, 27, 28]


6
process id 7
stats
5, 15, 7, 100, 1000
20220818-014622
loosing coalitions taken
[2, 3, 6, 13]
[1, 2, 7, 12, 26]
[2, 4, 5, 20, 26]
[1, 4, 6, 28]
[2, 3, 5, 24]
[3, 4, 6, 8]
[1, 3, 8, 14, 16]
[1, 4, 7, 8]
[2, 4, 6, 14, 22]
[1, 2, 8, 13, 17]
[3, 4, 5, 17, 23]
[1, 5, 6, 15, 19]
[2, 5, 6, 7, 11]
[1, 3, 9, 10, 12]
[16, 17, 18, 19, 20, 21, 22, 23, 24, 25, 26, 27, 28]


5
process id 3
stats
5, 15, 7, 100, 1000
20220818-014623
loosing coalitions taken
[1, 2, 9, 10, 13]
[3, 4, 6, 14, 20]
[2, 3, 6, 10]
[2, 4, 5, 20]
[1, 4, 7, 10, 17]
[1, 4, 6, 27]
[1, 3, 8, 12, 15]
[1, 5, 6, 11, 24]
[3, 4, 5, 13]
[1, 2, 8, 11, 20]
[2, 3, 5, 17]
[1, 3, 7, 13, 21]
[2, 3, 7, 8, 9]
[2, 4, 6, 8]
[16, 17, 18, 19, 20, 21, 22, 23, 24, 25, 26, 27, 28]


6
process id 4
stats
5, 15, 7, 100, 1000
20220818-014624
loosing coalitions taken
[3, 5, 6, 7, 15]
[3, 4, 6, 12, 21]
[2, 3, 6, 14]
[2, 4, 5, 18]
[1, 5, 6, 11, 25]
[1, 2, 7, 11, 26]
[1, 2, 8, 13, 17]
[1, 4, 8, 9, 15]
[3, 4, 5, 10]
[2, 4, 6, 16, 19]
[1, 4, 6, 23]
[1, 3, 7, 10, 24]
[2, 3, 5, 22, 28]
[1, 3, 8, 12, 18]
[16, 17, 18, 19, 20, 21, 22, 23, 24, 25, 26, 27, 28]


5
process id 3
stats
5, 15, 7, 100, 1000
20220818-014625
loosing coalitions taken
[2, 3, 5, 25]
[1, 4, 7, 8, 26]
[3, 4, 6, 11, 20]
[1, 5, 6, 16, 20]
[2, 4, 6, 9, 23]
[1, 2, 8, 15, 16]
[1, 2, 7, 9, 27]
[1, 2, 10, 12, 14]
[2, 3, 6, 12]
[1, 3, 7, 13, 19]
[2, 4, 5, 18]
[1, 4, 6, 25]
[3, 4, 5, 10]
[1, 3, 8, 12, 17]
[16, 17, 18, 19, 20, 21, 22, 23, 24, 25, 26, 27, 28]


6
process id 2
stats
5, 15, 7, 100, 1000
20220818-014626
loosing coalitions taken
[1, 2, 10, 12, 14]
[2, 3, 5, 25]
[1, 4, 7, 8]
[3, 4, 6, 15, 17]
[1, 5, 6, 14, 22]
[1, 3, 9, 10, 11]
[1, 4, 6, 25]
[2, 3, 6, 10]
[2, 4, 5, 17]
[3, 4, 5, 21, 23]
[1, 2, 8, 11, 20]
[2, 4, 6, 14, 20]
[1, 3, 7, 16, 19]
[1, 2, 7, 9]
[16, 17, 18, 19, 20, 21, 22, 23, 24, 25, 26, 27, 28]


5
process id 0
stats
5, 15, 7, 100, 1000
20220818-014629
loosing coalitions taken
[2, 3, 5, 25]
[1, 2, 8, 9, 17]
[1, 2, 7, 11, 20]
[1, 4, 7, 8]
[2, 4, 6, 11, 18]
[1, 4, 6, 22]
[2, 4, 5, 19]
[1, 5, 6, 9, 25]
[3, 4, 5, 18, 21]
[2, 3, 6, 9, 23]
[1, 3, 8, 11, 16]
[1, 2, 10, 12, 13]
[3, 4, 6, 8]
[1, 3, 7, 14, 19]
[16, 17, 18, 19, 20, 21, 22, 23, 24, 25, 26, 27, 28]


6
process id 5
stats
5, 15, 7, 100, 1000
20220818-014630
loosing coalitions taken
[2, 3, 6, 16, 24]
[1, 5, 6, 12, 23]
[1, 3, 8, 11, 17]
[1, 2, 9, 11, 12]
[3, 4, 6, 13, 18]
[1, 4, 8, 12, 14]
[1, 2, 7, 14, 21]
[1, 4, 6, 25, 27]
[2, 4, 6, 11, 22]
[1, 4, 7, 10, 18]
[3, 5, 6, 7, 15]
[2, 3, 5, 20, 23]
[3, 4, 5, 10, 26]
[2, 4, 5, 15]
[16, 17, 18, 19, 20, 21, 22, 23, 24, 25, 26, 27, 28]


6
process id 4
stats
5, 15, 7, 100, 1000
20220818-014630
loosing coalitions taken
[3, 4, 5, 18, 27]
[1, 4, 7, 8]
[1, 5, 6, 15, 21]
[1, 2, 9, 12, 14]
[3, 4, 6, 9, 22]
[2, 3, 5, 21]
[2, 4, 6, 8]
[1, 4, 6, 26]
[2, 3, 6, 12]
[2, 4, 5, 13]
[1, 2, 8, 13, 20]
[1, 2, 7, 11, 27]
[1, 3, 8, 10, 14]
[3, 5, 6, 7, 11]
[16, 17, 18, 19, 20, 21, 22, 23, 24, 25, 26, 27, 28]


6
process id 3
stats
5, 15, 7, 100, 1000
20220818-014630
loosing coalitions taken
[2, 4, 5, 19]
[1, 4, 7, 8, 28]
[2, 3, 6, 13, 28]
[1, 2, 8, 15, 16]
[1, 2, 7, 9, 25]
[1, 3, 8, 11, 19]
[2, 3, 5, 25]
[3, 4, 6, 10, 20]
[3, 4, 5, 17, 27]
[1, 5, 6, 14, 18]
[1, 4, 6, 25]
[1, 2, 10, 11, 14]
[1, 3, 9, 10, 12]
[2, 4, 6, 8]
[16, 17, 18, 19, 20, 21, 22, 23, 24, 25, 26, 27, 28]


5
process id 6
stats
5, 15, 7, 100, 1000
20220818-014631
loosing coalitions taken
[1, 2, 8, 10, 21]
[3, 5, 6, 7, 15]
[1, 5, 6, 13, 23]
[2, 4, 6, 12, 23]
[2, 3, 6, 10]
[1, 2, 9, 11, 13]
[3, 4, 5, 18, 26]
[1, 2, 7, 16, 19]
[1, 3, 8, 11, 18]
[2, 3, 5, 21]
[1, 4, 6, 25]
[1, 3, 7, 9, 21]
[3, 4, 6, 14, 20]
[2, 4, 5, 14]
[16, 17, 18, 19, 20, 21, 22, 23, 24, 25, 26, 27, 28]


6
process id 2
stats
5, 15, 7, 100, 1000
20220818-014632
loosing coalitions taken
[3, 4, 5, 19, 26]
[1, 3, 7, 11, 23]
[2, 3, 5, 24]
[1, 2, 7, 15, 21]
[1, 3, 8, 9, 19]
[1, 2, 10, 11, 14]
[1, 2, 8, 12, 18]
[3, 4, 6, 8]
[1, 4, 6, 26]
[2, 3, 6, 11, 21]
[1, 4, 7, 8, 28]
[2, 4, 5, 16]
[2, 4, 6, 9, 17]
[1, 5, 6, 14, 22]
[16, 17, 18, 19, 20, 21, 22, 23, 24, 25, 26, 27, 28]


6
process id 7
stats
5, 15, 7, 100, 1000
20220818-014632
loosing coalitions taken
[2, 4, 5, 21, 27]
[1, 2, 7, 9, 23]
[1, 3, 7, 15, 20]
[3, 4, 6, 13, 17]
[2, 5, 6, 8, 9]
[3, 4, 5, 15]
[1, 4, 8, 9, 12]
[1, 5, 6, 10, 21]
[2, 3, 6, 12, 26]
[1, 4, 6, 28]
[1, 4, 7, 11, 16]
[2, 3, 5, 19]
[1, 2, 8, 14, 16]
[2, 4, 6, 11, 23]
[16, 17, 18, 19, 20, 21, 22, 23, 24, 25, 26, 27, 28]


6
process id 3
stats
5, 15, 7, 100, 1000
20220818-014635
loosing coalitions taken
[2, 4, 5, 17]
[1, 2, 7, 9, 23]
[1, 3, 8, 9, 18]
[1, 2, 10, 12, 13]
[1, 2, 8, 14, 20]
[1, 4, 7, 13, 15]
[1, 5, 6, 13, 20]
[1, 4, 6, 28]
[2, 3, 6, 9, 27]
[2, 3, 5, 18]
[1, 3, 7, 11, 19]
[3, 4, 5, 16]
[2, 4, 6, 15, 19]
[1, 4, 8, 11, 12]
[16, 17, 18, 19, 20, 21, 22, 23, 24, 25, 26, 27, 28]


5
process id 5
stats
5, 15, 7, 100, 1000
20220818-014635
loosing coalitions taken
[1, 3, 9, 10, 11]
[2, 3, 6, 14]
[1, 2, 8, 9, 21]
[1, 2, 7, 16, 20]
[1, 3, 8, 12, 17]
[3, 4, 5, 16]
[1, 3, 7, 13, 21]
[1, 4, 6, 27]
[1, 2, 10, 12, 13]
[2, 4, 6, 11, 17]
[1, 5, 6, 11, 23]
[2, 3, 5, 18]
[3, 4, 6, 8]
[2, 4, 5, 19]
[16, 17, 18, 19, 20, 21, 22, 23, 24, 25, 26, 27, 28]


6
process id 4
stats
5, 15, 7, 100, 1000
20220818-014636
loosing coalitions taken
[1, 3, 7, 14, 19]
[1, 4, 7, 8]
[2, 3, 6, 14, 25]
[1, 2, 10, 11, 13]
[3, 4, 5, 18, 22]
[2, 4, 5, 19]
[1, 5, 6, 16, 20]
[2, 3, 5, 20]
[1, 3, 8, 9, 11]
[1, 4, 6, 23]
[3, 4, 6, 10, 17]
[2, 4, 6, 8, 28]
[1, 2, 7, 9, 18]
[1, 2, 8, 14, 17]
[16, 17, 18, 19, 20, 21, 22, 23, 24, 25, 26, 27, 28]


5
process id 0
stats
5, 15, 7, 100, 1000
20220818-014638
loosing coalitions taken
[1, 4, 8, 11, 14]
[1, 2, 9, 12, 14]
[1, 2, 8, 10, 21]
[2, 3, 6, 16, 24]
[2, 4, 5, 18]
[1, 3, 7, 9, 22]
[1, 2, 7, 13, 23]
[3, 4, 5, 13, 25]
[1, 4, 6, 25]
[1, 5, 6, 13, 24]
[2, 4, 6, 10, 17]
[2, 3, 5, 22]
[1, 4, 7, 10, 18]
[3, 4, 6, 8]
[16, 17, 18, 19, 20, 21, 22, 23, 24, 25, 26, 27, 28]


6
process id 5
stats
5, 15, 7, 100, 1000
20220818-014639
loosing coalitions taken
[3, 4, 6, 14, 18]
[1, 2, 8, 10, 17]
[1, 4, 6, 25]
[1, 3, 7, 14, 19]
[1, 2, 7, 12, 24]
[1, 2, 9, 11, 13]
[2, 3, 5, 25]
[2, 3, 6, 16, 22]
[2, 4, 6, 9, 20]
[1, 5, 6, 10, 24]
[3, 4, 5, 15]
[1, 3, 8, 9, 16]
[2, 4, 5, 19]
[1, 4, 8, 11, 12]
[16, 17, 18, 19, 20, 21, 22, 23, 24, 25, 26, 27, 28]


5
process id 3
stats
5, 15, 7, 100, 1000
20220818-014640
loosing coalitions taken
[1, 2, 7, 13, 25]
[2, 4, 5, 19]
[1, 5, 6, 16, 20]
[1, 2, 8, 9, 21]
[2, 3, 6, 9]
[3, 4, 5, 18, 25]
[2, 4, 6, 10, 16]
[3, 4, 6, 13, 21]
[2, 3, 5, 16]
[1, 4, 6, 27]
[1, 4, 7, 11, 17]
[1, 3, 7, 8, 26]
[1, 4, 8, 10, 12]
[1, 3, 9, 10, 11]
[16, 17, 18, 19, 20, 21, 22, 23, 24, 25, 26, 27, 28]


6
process id 6
stats
5, 15, 7, 100, 1000
20220818-014640
loosing coalitions taken
[1, 3, 7, 13, 22]
[1, 4, 6, 28]
[1, 2, 8, 11, 17]
[1, 2, 7, 12, 23]
[2, 3, 6, 13]
[2, 4, 6, 16, 19]
[1, 5, 6, 9, 21]
[3, 4, 6, 7]
[2, 4, 5, 20]
[3, 4, 5, 11]
[2, 3, 5, 22]
[1, 4, 7, 11, 14]
[1, 3, 8, 14, 15]
[1, 2, 9, 10, 14]
[16, 17, 18, 19, 20, 21, 22, 23, 24, 25, 26, 27, 28]


6
process id 5
stats
5, 15, 7, 100, 1000
20220818-014642
loosing coalitions taken
[1, 3, 8, 15, 16]
[2, 4, 5, 20]
[1, 3, 9, 10, 12]
[2, 3, 7, 8, 10]
[1, 5, 6, 12, 23]
[2, 3, 6, 12]
[1, 2, 8, 9, 18]
[1, 2, 10, 11, 13]
[1, 3, 7, 14, 22]
[2, 3, 5, 24]
[1, 4, 6, 24, 26]
[3, 4, 5, 14]
[1, 4, 7, 9, 13]
[3, 4, 6, 8]
[16, 17, 18, 19, 20, 21, 22, 23, 24, 25, 26, 27, 28]


5
process id 1
stats
5, 15, 7, 100, 1000
20220818-014643
loosing coalitions taken
[3, 4, 5, 21, 22]
[2, 3, 6, 9]
[1, 2, 10, 11, 14]
[1, 2, 7, 13, 22]
[1, 3, 7, 14, 20]
[2, 4, 5, 17, 25]
[1, 3, 8, 11, 16]
[1, 4, 6, 25]
[2, 4, 6, 8]
[1, 4, 7, 9, 18]
[2, 3, 5, 20]
[3, 4, 6, 11, 19]
[1, 2, 8, 12, 18]
[1, 5, 6, 9, 26]
[16, 17, 18, 19, 20, 21, 22, 23, 24, 25, 26, 27, 28]


6
process id 6
stats
5, 15, 7, 100, 1000
20220818-014644
loosing coalitions taken
[1, 3, 8, 15, 16]
[3, 4, 6, 14, 17]
[1, 4, 8, 10, 12]
[2, 3, 6, 13]
[1, 2, 9, 12, 14]
[1, 2, 7, 10, 25]
[2, 4, 5, 18]
[1, 5, 6, 12, 24]
[1, 4, 6, 26]
[3, 4, 5, 9, 28]
[2, 3, 5, 19]
[2, 4, 6, 8]
[1, 2, 8, 11, 20]
[1, 4, 7, 11, 13]
[16, 17, 18, 19, 20, 21, 22, 23, 24, 25, 26, 27, 28]


6
process id 4
stats
5, 15, 7, 100, 1000
20220818-014646
loosing coalitions taken
[1, 3, 7, 16, 18]
[1, 2, 8, 12, 21]
[2, 4, 5, 19]
[2, 3, 6, 12]
[1, 4, 7, 9, 17]
[1, 4, 6, 23]
[3, 4, 6, 14, 20]
[2, 4, 6, 11, 24]
[1, 2, 7, 11, 20]
[2, 3, 5, 22]
[1, 3, 8, 13, 14]
[1, 5, 6, 8]
[3, 4, 5, 15]
[1, 2, 9, 10, 14]
[16, 17, 18, 19, 20, 21, 22, 23, 24, 25, 26, 27, 28]


5
process id 7
stats
5, 15, 7, 100, 1000
20220818-014646
loosing coalitions taken
[2, 3, 6, 9]
[3, 4, 5, 19, 22]
[1, 3, 7, 15, 18]
[1, 4, 6, 25, 28]
[2, 4, 6, 13, 21]
[1, 5, 6, 9, 23]
[1, 4, 7, 8]
[3, 4, 6, 14, 16]
[1, 2, 7, 13, 23]
[1, 2, 8, 10, 17]
[1, 2, 9, 11, 12]
[2, 4, 5, 12]
[2, 3, 5, 18]
[1, 3, 8, 11, 19]
[16, 17, 18, 19, 20, 21, 22, 23, 24, 25, 26, 27, 28]


6
process id 3
stats
5, 15, 7, 100, 1000
20220818-014647
loosing coalitions taken
[1, 5, 6, 15, 21]
[1, 2, 10, 12, 13]
[2, 3, 6, 9]
[1, 3, 8, 10, 19]
[1, 3, 7, 12, 22]
[2, 4, 5, 17, 26]
[1, 4, 7, 11, 16]
[1, 2, 7, 15, 17]
[3, 4, 6, 8, 22]
[3, 4, 5, 16]
[2, 3, 5, 24]
[1, 4, 6, 27]
[2, 4, 6, 11, 20]
[1, 2, 8, 9, 16]
[16, 17, 18, 19, 20, 21, 22, 23, 24, 25, 26, 27, 28]


5
process id 6
stats
5, 15, 7, 100, 1000
20220818-014647
loosing coalitions taken
[3, 4, 5, 21, 23]
[1, 2, 9, 10, 14]
[1, 3, 7, 13, 21]
[2, 3, 6, 10, 26]
[1, 2, 7, 16, 18]
[1, 2, 8, 12, 19]
[2, 4, 5, 20]
[1, 4, 6, 22]
[2, 4, 6, 13, 19]
[3, 4, 6, 14, 20]
[1, 5, 6, 14, 21]
[2, 3, 5, 18]
[1, 4, 7, 8]
[1, 3, 8, 15, 16]
[16, 17, 18, 19, 20, 21, 22, 23, 24, 25, 26, 27, 28]


6
process id 4
stats
5, 15, 7, 100, 1000
20220818-014648
loosing coalitions taken
[2, 3, 6, 16, 20]
[1, 3, 8, 15, 16]
[1, 2, 7, 13, 24]
[1, 2, 10, 12, 14]
[1, 2, 8, 11, 21]
[2, 4, 5, 20, 25]
[2, 4, 6, 10, 22]
[3, 4, 6, 12, 21]
[3, 4, 5, 17, 28]
[2, 3, 5, 21]
[1, 5, 6, 9, 23]
[1, 4, 7, 10, 15]
[1, 4, 6, 24]
[1, 3, 7, 9, 17]
[16, 17, 18, 19, 20, 21, 22, 23, 24, 25, 26, 27, 28]


6
process id 3
stats
5, 15, 7, 100, 1000
20220818-014650
loosing coalitions taken
[1, 5, 6, 16, 17]
[2, 3, 6, 13, 26]
[1, 2, 8, 15, 17]
[1, 3, 9, 10, 11]
[1, 3, 7, 8]
[2, 3, 5, 20]
[1, 2, 10, 12, 13]
[3, 4, 5, 12]
[3, 4, 6, 9, 16]
[1, 4, 8, 11, 14]
[1, 2, 7, 9, 28]
[1, 4, 6, 27]
[2, 4, 5, 16]
[2, 4, 6, 8]
[16, 17, 18, 19, 20, 21, 22, 23, 24, 25, 26, 27, 28]


6
process id 7
stats
5, 15, 7, 100, 1000
20220818-014650
loosing coalitions taken
[1, 2, 10, 11, 12]
[1, 2, 7, 16, 20]
[1, 2, 8, 13, 18]
[1, 5, 6, 10, 24]
[2, 3, 6, 13]
[1, 4, 6, 27]
[2, 3, 5, 16]
[2, 4, 5, 18]
[1, 3, 8, 9, 15]
[3, 4, 5, 9]
[1, 3, 7, 10, 19]
[2, 4, 6, 8]
[3, 4, 6, 14, 20]
[1, 4, 7, 8]
[16, 17, 18, 19, 20, 21, 22, 23, 24, 25, 26, 27, 28]


6
process id 4
stats
5, 15, 7, 100, 1000
20220818-014651
loosing coalitions taken
[2, 4, 5, 16]
[1, 4, 7, 11, 17]
[1, 5, 6, 11, 22]
[1, 2, 9, 11, 14]
[2, 3, 5, 20]
[3, 4, 5, 15]
[3, 4, 6, 14, 20]
[1, 4, 6, 24]
[1, 3, 7, 15, 21]
[2, 4, 6, 8]
[1, 3, 8, 14, 16]
[1, 2, 8, 12, 18]
[2, 3, 6, 13]
[2, 3, 7, 8, 9]
[16, 17, 18, 19, 20, 21, 22, 23, 24, 25, 26, 27, 28]


6
process id 3
stats
5, 15, 7, 100, 1000
20220818-014654
loosing coalitions taken
[1, 2, 9, 11, 13]
[2, 3, 6, 12]
[1, 2, 8, 10, 19]
[1, 4, 7, 9, 14]
[1, 4, 6, 25, 28]
[2, 4, 5, 15]
[1, 2, 7, 16, 17]
[1, 5, 6, 14, 22]
[1, 3, 7, 8]
[2, 3, 5, 20]
[2, 4, 6, 10, 18]
[3, 4, 5, 11]
[3, 4, 6, 15, 17]
[1, 4, 8, 11, 12]
[16, 17, 18, 19, 20, 21, 22, 23, 24, 25, 26, 27, 28]


5
process id 5
stats
5, 15, 7, 100, 1000
20220818-014656
loosing coalitions taken
[1, 3, 7, 13, 21]
[1, 3, 8, 11, 17]
[1, 2, 7, 17, 18]
[1, 4, 7, 8]
[3, 4, 5, 16]
[1, 2, 10, 11, 13]
[1, 5, 6, 10, 21]
[2, 4, 5, 19]
[3, 4, 6, 8]
[2, 3, 5, 23]
[1, 4, 6, 28]
[2, 3, 6, 12]
[1, 2, 8, 14, 19]
[2, 4, 6, 16, 17]
[16, 17, 18, 19, 20, 21, 22, 23, 24, 25, 26, 27, 28]


6
process id 4
stats
5, 15, 7, 100, 1000
20220818-014657
loosing coalitions taken
[1, 4, 7, 13, 15]
[1, 2, 8, 9, 22]
[1, 4, 6, 26]
[2, 3, 6, 10]
[1, 3, 8, 14, 16]
[1, 3, 7, 12, 20]
[2, 3, 5, 21]
[1, 5, 6, 8]
[2, 4, 5, 17, 27]
[1, 2, 7, 14, 17]
[3, 4, 5, 11]
[2, 4, 6, 14, 21]
[3, 4, 6, 15, 17]
[1, 2, 10, 11, 12]
[16, 17, 18, 19, 20, 21, 22, 23, 24, 25, 26, 27, 28]


6
process id 6
stats
5, 15, 7, 100, 1000
20220818-014702
loosing coalitions taken
[1, 3, 7, 16, 17]
[1, 2, 9, 11, 12]
[3, 4, 6, 13, 21]
[1, 2, 7, 14, 24]
[2, 4, 5, 18]
[1, 5, 6, 11, 22]
[2, 3, 6, 12]
[2, 4, 6, 10, 19]
[3, 4, 5, 15, 27]
[1, 3, 8, 12, 14]
[1, 4, 6, 25]
[2, 3, 5, 17, 25]
[1, 4, 7, 8]
[1, 2, 8, 13, 20]
[16, 17, 18, 19, 20, 21, 22, 23, 24, 25, 26, 27, 28]


6
process id 7
stats
5, 15, 7, 100, 1000
20220818-014703
loosing coalitions taken
[1, 3, 9, 10, 12]
[2, 3, 6, 14]
[1, 5, 6, 9, 25]
[1, 4, 6, 24]
[3, 4, 6, 8]
[1, 2, 7, 16, 20]
[2, 3, 5, 16]
[3, 4, 5, 10]
[1, 4, 8, 10, 13]
[2, 4, 5, 20, 28]
[2, 4, 6, 12, 22]
[1, 2, 9, 11, 14]
[1, 3, 7, 14, 19]
[1, 3, 8, 11, 17]
[16, 17, 18, 19, 20, 21, 22, 23, 24, 25, 26, 27, 28]


5
process id 5
stats
5, 15, 7, 100, 1000
20220818-014706
loosing coalitions taken
[1, 2, 9, 12, 14]
[1, 2, 7, 11, 26]
[1, 3, 7, 9, 23]
[2, 3, 6, 14]
[1, 4, 6, 25, 27]
[1, 4, 7, 8]
[2, 4, 5, 20]
[2, 3, 5, 17]
[1, 5, 6, 11, 17]
[3, 4, 5, 11]
[2, 4, 6, 8]
[1, 3, 8, 10, 18]
[3, 4, 6, 13, 21]
[1, 2, 8, 13, 17]
[16, 17, 18, 19, 20, 21, 22, 23, 24, 25, 26, 27, 28]


6
process id 1
stats
5, 15, 7, 100, 1000
20220818-014706
loosing coalitions taken
[1, 2, 9, 10, 14]
[3, 4, 5, 17, 25]
[1, 3, 8, 9, 18]
[3, 4, 6, 13, 18]
[2, 3, 5, 23]
[1, 2, 7, 15, 21]
[2, 4, 6, 14, 20]
[1, 3, 7, 13, 19]
[1, 4, 6, 26]
[2, 3, 6, 12]
[1, 5, 6, 11, 24]
[2, 4, 5, 19]
[1, 4, 7, 8]
[1, 2, 8, 11, 20]
[16, 17, 18, 19, 20, 21, 22, 23, 24, 25, 26, 27, 28]


6
process id 2
stats
5, 15, 7, 100, 1000
20220818-014708
loosing coalitions taken
[1, 5, 6, 13, 24]
[1, 3, 7, 14, 22]
[1, 2, 7, 10, 25]
[2, 4, 5, 20]
[1, 4, 7, 9, 17]
[2, 3, 6, 12, 27]
[1, 2, 8, 13, 16]
[2, 3, 5, 24]
[1, 4, 6, 22]
[3, 4, 5, 11]
[3, 4, 6, 8, 26]
[1, 2, 9, 11, 14]
[1, 3, 8, 10, 17]
[2, 4, 6, 10, 24]
[16, 17, 18, 19, 20, 21, 22, 23, 24, 25, 26, 27, 28]


6
process id 1
stats
5, 15, 7, 100, 1000
20220818-014710
loosing coalitions taken
[1, 3, 9, 10, 12]
[3, 4, 6, 11, 19]
[1, 2, 7, 16, 18]
[1, 3, 8, 11, 16]
[1, 5, 6, 16, 17]
[1, 3, 7, 15, 19]
[2, 4, 5, 18]
[2, 3, 6, 9]
[1, 4, 6, 28]
[3, 4, 5, 10]
[1, 2, 8, 12, 20]
[1, 4, 7, 8]
[2, 3, 5, 21]
[2, 4, 6, 10, 22]
[16, 17, 18, 19, 20, 21, 22, 23, 24, 25, 26, 27, 28]


6
process id 7
stats
5, 15, 7, 100, 1000
20220818-014710
loosing coalitions taken
[1, 2, 9, 10, 11]
[1, 3, 7, 11, 23]
[2, 4, 6, 15, 21]
[2, 3, 6, 10]
[1, 5, 6, 13, 18]
[2, 4, 5, 19]
[1, 2, 7, 16, 18]
[1, 3, 8, 9, 17]
[1, 4, 7, 8]
[1, 4, 6, 22]
[3, 4, 6, 8]
[2, 3, 5, 24, 27]
[2, 5, 6, 8, 12]
[3, 4, 5, 16]
[16, 17, 18, 19, 20, 21, 22, 23, 24, 25, 26, 27, 28]


6
process id 0
stats
5, 15, 7, 100, 1000
20220818-014711
loosing coalitions taken
[3, 4, 6, 9, 20]
[3, 4, 5, 19, 24]
[1, 4, 7, 8]
[1, 2, 9, 10, 11]
[2, 4, 5, 17]
[1, 5, 6, 13, 21]
[2, 4, 6, 12, 23]
[1, 4, 6, 25]
[2, 3, 6, 14]
[1, 3, 7, 9, 19]
[2, 3, 5, 22, 25]
[1, 2, 7, 12, 18]
[1, 2, 8, 13, 19]
[1, 3, 8, 10, 12]
[16, 17, 18, 19, 20, 21, 22, 23, 24, 25, 26, 27, 28]


5
process id 3
stats
5, 15, 7, 100, 1000
20220818-014712
loosing coalitions taken
[3, 4, 6, 13, 18]
[1, 2, 8, 9, 20]
[2, 4, 5, 17]
[1, 4, 7, 8]
[1, 4, 6, 26]
[3, 4, 5, 10]
[2, 3, 6, 11]
[1, 3, 8, 10, 17]
[1, 5, 6, 12, 20]
[1, 2, 7, 17, 19]
[2, 3, 5, 18, 28]
[1, 2, 10, 12, 14]
[1, 3, 7, 15, 16]
[2, 4, 6, 9, 19]
[16, 17, 18, 19, 20, 21, 22, 23, 24, 25, 26, 27, 28]


6
process id 4
stats
5, 15, 7, 100, 1000
20220818-014713
loosing coalitions taken
[1, 2, 10, 11, 14]
[2, 3, 6, 12]
[3, 4, 5, 15]
[1, 3, 7, 14, 17]
[1, 4, 7, 8, 28]
[1, 2, 7, 13, 24]
[1, 2, 8, 9, 18]
[2, 4, 5, 13]
[2, 3, 5, 21]
[2, 4, 6, 14, 20]
[1, 3, 8, 12, 16]
[1, 5, 6, 10, 26]
[3, 4, 6, 7]
[1, 4, 6, 23]
[16, 17, 18, 19, 20, 21, 22, 23, 24, 25, 26, 27, 28]


6
process id 0
stats
5, 15, 7, 100, 1000
20220818-014713
loosing coalitions taken
[1, 3, 8, 9, 18]
[2, 3, 6, 13]
[1, 5, 6, 10, 24]
[1, 4, 8, 11, 13]
[1, 2, 7, 11, 25]
[2, 4, 5, 21, 24]
[1, 3, 7, 16, 17]
[3, 4, 5, 14]
[2, 3, 5, 23]
[2, 4, 6, 8, 26]
[3, 4, 6, 12, 18]
[1, 4, 6, 22, 28]
[1, 2, 8, 15, 17]
[1, 2, 9, 12, 14]
[16, 17, 18, 19, 20, 21, 22, 23, 24, 25, 26, 27, 28]


5
process id 1
stats
5, 15, 7, 100, 1000
20220818-014714
loosing coalitions taken
[2, 3, 6, 11]
[1, 2, 7, 9]
[1, 5, 6, 15, 21]
[3, 4, 6, 15, 17]
[2, 3, 5, 24]
[3, 4, 5, 12]
[1, 2, 8, 11, 21]
[2, 4, 6, 8]
[1, 4, 7, 10, 18]
[2, 4, 5, 17]
[1, 4, 6, 27, 28]
[1, 3, 7, 8]
[1, 2, 10, 12, 14]
[1, 4, 8, 12, 13]
[16, 17, 18, 19, 20, 21, 22, 23, 24, 25, 26, 27, 28]


6
process id 2
stats
5, 15, 7, 100, 1000
20220818-014715
loosing coalitions taken
[1, 2, 7, 11, 24]
[1, 2, 8, 13, 20]
[1, 3, 8, 9, 19]
[2, 3, 6, 12]
[1, 2, 9, 10, 14]
[1, 4, 6, 26, 28]
[1, 5, 6, 11, 21]
[2, 4, 5, 19]
[2, 4, 6, 8, 25]
[2, 3, 5, 21]
[3, 4, 5, 11]
[1, 4, 7, 12, 16]
[3, 4, 6, 13, 20]
[1, 3, 7, 10, 23]
[16, 17, 18, 19, 20, 21, 22, 23, 24, 25, 26, 27, 28]


6
process id 7
stats
5, 15, 7, 100, 1000
20220818-014715
loosing coalitions taken
[3, 4, 5, 17, 28]
[1, 2, 9, 10, 14]
[2, 3, 6, 10]
[2, 4, 5, 20, 23]
[1, 4, 7, 10, 17]
[1, 2, 8, 15, 17]
[1, 2, 7, 16, 20]
[1, 4, 6, 27]
[2, 3, 5, 24]
[2, 4, 6, 12, 22]
[1, 5, 6, 13, 23]
[3, 4, 6, 8]
[1, 3, 7, 9, 23]
[1, 3, 8, 11, 16]
[16, 17, 18, 19, 20, 21, 22, 23, 24, 25, 26, 27, 28]


6
process id 5
stats
5, 15, 7, 100, 1000
20220818-014715
loosing coalitions taken
[1, 5, 6, 15, 17]
[1, 2, 10, 12, 14]
[2, 3, 6, 11]
[2, 4, 5, 17, 26]
[3, 4, 5, 15]
[1, 4, 7, 11, 13]
[1, 3, 7, 10, 21]
[2, 4, 6, 12, 19]
[2, 3, 5, 22]
[1, 4, 6, 25]
[1, 4, 8, 9, 12]
[3, 4, 6, 7]
[1, 2, 8, 11, 17]
[2, 3, 7, 8, 9]
[16, 17, 18, 19, 20, 21, 22, 23, 24, 25, 26, 27, 28]


5
process id 6
stats
5, 15, 7, 100, 1000
20220818-014717
loosing coalitions taken
[1, 2, 7, 12, 26]
[1, 3, 8, 10, 17]
[1, 5, 6, 10, 26]
[1, 2, 9, 11, 14]
[2, 3, 6, 13]
[1, 4, 6, 25]
[2, 3, 5, 23]
[2, 4, 6, 15, 17]
[2, 4, 5, 13]
[3, 4, 5, 16, 26]
[3, 4, 6, 10, 19]
[1, 3, 7, 9, 20]
[1, 4, 7, 8]
[1, 2, 8, 13, 18]
[16, 17, 18, 19, 20, 21, 22, 23, 24, 25, 26, 27, 28]


5
process id 6
stats
5, 15, 7, 100, 1000
20220818-014718
loosing coalitions taken
[1, 3, 7, 10, 22]
[1, 4, 7, 8]
[1, 2, 9, 12, 14]
[2, 3, 6, 13]
[1, 5, 6, 11, 25]
[1, 4, 6, 28]
[2, 3, 5, 25]
[2, 4, 5, 13]
[3, 4, 6, 10, 21]
[3, 4, 5, 18, 20]
[1, 3, 8, 9, 16]
[1, 2, 7, 13, 19]
[2, 4, 6, 11, 17]
[1, 2, 8, 11, 20]
[16, 17, 18, 19, 20, 21, 22, 23, 24, 25, 26, 27, 28]


6
process id 4
stats
5, 15, 7, 100, 1000
20220818-014718
loosing coalitions taken
[1, 3, 8, 9, 17]
[1, 3, 7, 11, 23]
[1, 4, 7, 8, 25]
[1, 2, 8, 13, 18]
[2, 3, 6, 12]
[1, 5, 6, 15, 18]
[1, 2, 7, 14, 24]
[3, 4, 5, 15]
[2, 4, 5, 20, 25]
[1, 4, 6, 28]
[2, 3, 5, 27, 28]
[1, 2, 9, 10, 11]
[3, 4, 6, 8]
[2, 4, 6, 11, 22]
[16, 17, 18, 19, 20, 21, 22, 23, 24, 25, 26, 27, 28]


6
process id 2
stats
5, 15, 7, 100, 1000
20220818-014719
loosing coalitions taken
[1, 2, 9, 11, 12]
[1, 2, 7, 13, 24]
[1, 3, 7, 15, 20]
[2, 4, 5, 19]
[2, 3, 6, 12]
[1, 4, 8, 10, 12]
[1, 3, 8, 11, 18]
[2, 4, 6, 9, 23]
[3, 4, 5, 10]
[1, 4, 6, 27]
[2, 3, 5, 23]
[1, 5, 6, 14, 20]
[1, 2, 8, 15, 16]
[3, 4, 6, 8]
[16, 17, 18, 19, 20, 21, 22, 23, 24, 25, 26, 27, 28]


5
process id 7
stats
5, 15, 7, 100, 1000
20220818-014719
loosing coalitions taken
[1, 4, 6, 27]
[1, 3, 7, 12, 18]
[1, 2, 7, 16, 21]
[2, 3, 6, 11]
[3, 4, 5, 15]
[2, 4, 5, 19, 20]
[1, 4, 7, 8, 19]
[2, 4, 6, 10, 23]
[2, 3, 5, 21]
[1, 2, 10, 11, 13]
[1, 5, 6, 10, 26]
[1, 3, 8, 13, 15]
[3, 4, 6, 7]
[1, 2, 8, 9, 17]
[16, 17, 18, 19, 20, 21, 22, 23, 24, 25, 26, 27, 28]


6
process id 5
stats
5, 15, 7, 100, 1000
20220818-014721
loosing coalitions taken
[3, 4, 6, 14, 19]
[1, 4, 8, 9, 15]
[1, 3, 7, 13, 17]
[2, 3, 5, 24]
[1, 4, 7, 10, 18]
[2, 4, 6, 15, 17]
[1, 2, 7, 14, 22]
[1, 3, 9, 10, 12]
[1, 2, 10, 11, 13]
[2, 3, 6, 12]
[2, 4, 5, 20]
[1, 2, 8, 12, 21]
[2, 5, 6, 8, 11]
[1, 4, 6, 23]
[16, 17, 18, 19, 20, 21, 22, 23, 24, 25, 26, 27, 28]


5
process id 3
stats
5, 15, 7, 100, 1000
20220818-014723
loosing coalitions taken
[1, 2, 7, 9]
[1, 5, 6, 10, 24]
[2, 4, 5, 19]
[1, 4, 6, 25]
[1, 3, 8, 15, 16]
[2, 3, 5, 23]
[3, 4, 5, 12]
[2, 3, 6, 14]
[3, 4, 6, 10, 18]
[2, 4, 6, 12, 22]
[1, 2, 8, 10, 20]
[1, 4, 8, 11, 14]
[1, 3, 7, 12, 17]
[1, 4, 7, 13, 16]
[16, 17, 18, 19, 20, 21, 22, 23, 24, 25, 26, 27, 28]


5
process id 4
stats
5, 15, 7, 100, 1000
20220818-014725
loosing coalitions taken
[1, 5, 6, 10, 26]
[1, 3, 7, 15, 19]
[1, 4, 7, 8]
[2, 4, 6, 15, 20]
[3, 4, 6, 14, 16]
[3, 4, 5, 9]
[2, 3, 6, 10]
[1, 4, 6, 25]
[1, 2, 7, 11, 24]
[2, 3, 5, 22]
[2, 4, 5, 13]
[1, 2, 8, 15, 16]
[1, 3, 8, 11, 17]
[1, 3, 9, 10, 12]
[16, 17, 18, 19, 20, 21, 22, 23, 24, 25, 26, 27, 28]


6
process id 2
stats
5, 15, 7, 100, 1000
20220818-014727
loosing coalitions taken
[1, 2, 9, 10, 13]
[3, 4, 6, 12, 20]
[1, 3, 7, 14, 21]
[1, 4, 7, 10, 19]
[1, 2, 8, 12, 21]
[1, 3, 8, 11, 17]
[3, 4, 5, 16]
[1, 2, 7, 15, 16]
[2, 3, 6, 16, 23]
[1, 5, 6, 13, 22]
[2, 4, 6, 11, 17]
[2, 3, 5, 25]
[2, 4, 5, 18]
[1, 4, 6, 28]
[16, 17, 18, 19, 20, 21, 22, 23, 24, 25, 26, 27, 28]


6
process id 0
stats
5, 15, 7, 100, 1000
20220818-014727
loosing coalitions taken
[2, 3, 6, 13]
[1, 3, 8, 10, 17]
[1, 4, 6, 25]
[1, 2, 8, 12, 20]
[3, 4, 5, 14]
[1, 5, 6, 12, 22]
[1, 4, 7, 8]
[2, 3, 5, 22, 27]
[1, 3, 7, 15, 20]
[1, 2, 7, 14, 16]
[3, 4, 6, 7]
[2, 4, 5, 11]
[2, 4, 6, 15, 18]
[1, 2, 9, 10, 13]
[16, 17, 18, 19, 20, 21, 22, 23, 24, 25, 26, 27, 28]


6
process id 1
stats
5, 15, 7, 100, 1000
20220818-014728
loosing coalitions taken
[1, 3, 8, 12, 18]
[3, 4, 6, 11, 19]
[1, 2, 7, 17, 18]
[1, 2, 10, 12, 13]
[2, 4, 5, 20]
[2, 3, 7, 8, 10]
[2, 3, 6, 12]
[1, 4, 7, 13, 16]
[1, 3, 9, 10, 11]
[3, 4, 5, 16, 28]
[2, 4, 6, 14, 18]
[1, 5, 6, 10, 22]
[2, 3, 5, 23, 25]
[1, 4, 6, 27]
[16, 17, 18, 19, 20, 21, 22, 23, 24, 25, 26, 27, 28]


5
process id 0
stats
5, 15, 7, 100, 1000
20220818-014729
loosing coalitions taken
[2, 4, 5, 19]
[1, 2, 8, 10, 20]
[1, 4, 7, 13, 16]
[1, 3, 7, 14, 19]
[1, 3, 9, 10, 11]
[3, 4, 6, 10, 21]
[1, 3, 8, 13, 15]
[2, 3, 6, 11]
[1, 4, 6, 22]
[2, 3, 5, 22]
[2, 4, 6, 8]
[3, 4, 5, 15]
[1, 5, 6, 15, 20]
[1, 2, 7, 12, 21]
[16, 17, 18, 19, 20, 21, 22, 23, 24, 25, 26, 27, 28]


5
process id 5
stats
5, 15, 7, 100, 1000
20220818-014731
loosing coalitions taken
[2, 3, 5, 23]
[2, 4, 6, 12, 22]
[1, 2, 7, 12, 26]
[1, 5, 6, 12, 24]
[1, 2, 10, 11, 13]
[1, 4, 8, 13, 14]
[3, 4, 6, 13, 21]
[1, 3, 7, 11, 19]
[1, 2, 8, 15, 16]
[1, 4, 7, 9, 16]
[3, 4, 5, 16, 28]
[2, 4, 5, 15]
[1, 4, 6, 25]
[2, 3, 6, 9]
[16, 17, 18, 19, 20, 21, 22, 23, 24, 25, 26, 27, 28]


6
process id 2
stats
5, 15, 7, 100, 1000
20220818-014731
loosing coalitions taken
[1, 5, 6, 11, 25]
[1, 2, 7, 12, 23]
[2, 3, 6, 12, 26]
[1, 3, 7, 13, 19]
[1, 2, 8, 10, 20]
[1, 3, 9, 10, 12]
[1, 4, 6, 27, 28]
[1, 3, 8, 14, 15]
[1, 4, 8, 9, 13]
[3, 4, 6, 13, 16]
[2, 3, 5, 19]
[2, 4, 6, 14, 18]
[1, 4, 7, 11, 15]
[1, 2, 9, 11, 14]
[16, 17, 18, 19, 20, 21, 22, 23, 24, 25, 26, 27, 28]


5
process id 0
stats
5, 15, 7, 100, 1000
20220818-014732
loosing coalitions taken
[1, 3, 9, 10, 11]
[2, 3, 6, 12]
[1, 5, 6, 14, 22]
[1, 3, 7, 15, 18]
[1, 2, 7, 10, 28]
[1, 4, 6, 23]
[1, 3, 8, 13, 14]
[2, 4, 5, 20]
[3, 4, 5, 13]
[2, 3, 5, 22, 23]
[1, 4, 7, 8]
[2, 4, 6, 16, 18]
[3, 4, 6, 8, 22]
[1, 2, 8, 9, 19]
[16, 17, 18, 19, 20, 21, 22, 23, 24, 25, 26, 27, 28]


5
process id 5
stats
5, 15, 7, 100, 1000
20220818-014736
loosing coalitions taken
[1, 4, 7, 8]
[2, 3, 6, 14]
[1, 2, 10, 11, 12]
[3, 4, 5, 10]
[1, 5, 6, 16, 19]
[2, 3, 5, 24]
[2, 4, 5, 20, 22]
[1, 3, 8, 10, 19]
[1, 2, 7, 13, 16]
[2, 4, 6, 8]
[1, 3, 7, 14, 21]
[1, 4, 6, 24]
[3, 4, 6, 9, 16]
[1, 2, 8, 14, 18]
[16, 17, 18, 19, 20, 21, 22, 23, 24, 25, 26, 27, 28]


6
process id 6
stats
5, 15, 7, 100, 1000
20220818-014736
loosing coalitions taken
[1, 2, 9, 10, 14]
[1, 3, 8, 12, 18]
[1, 4, 7, 8]
[1, 5, 6, 16, 18]
[2, 3, 5, 21]
[2, 3, 6, 14]
[1, 3, 7, 16, 19]
[1, 4, 6, 26]
[2, 4, 5, 17]
[3, 4, 6, 8]
[1, 2, 7, 15, 22]
[3, 4, 5, 11, 27]
[1, 2, 8, 13, 17]
[2, 4, 6, 10, 22]
[16, 17, 18, 19, 20, 21, 22, 23, 24, 25, 26, 27, 28]


5
process id 0
stats
5, 15, 7, 100, 1000
20220818-014736
loosing coalitions taken
[1, 4, 8, 11, 13]
[3, 4, 5, 15]
[1, 2, 7, 16, 21]
[1, 2, 8, 9, 17]
[2, 3, 6, 12]
[1, 4, 7, 9, 18]
[1, 5, 6, 10, 23]
[2, 4, 5, 13]
[2, 4, 6, 9, 21]
[1, 4, 6, 26]
[3, 4, 6, 10, 20]
[2, 3, 5, 17]
[1, 3, 8, 10, 14]
[1, 3, 7, 12, 17]
[16, 17, 18, 19, 20, 21, 22, 23, 24, 25, 26, 27, 28]


5
process id 4
stats
5, 15, 7, 100, 1000
20220818-014737
loosing coalitions taken
[1, 5, 6, 13, 24]
[1, 4, 8, 9, 14]
[1, 3, 7, 9, 24]
[1, 2, 9, 10, 12]
[1, 3, 8, 11, 16]
[2, 3, 6, 14]
[1, 2, 8, 15, 17]
[2, 4, 5, 20]
[3, 4, 5, 10]
[3, 4, 6, 7]
[2, 3, 5, 16]
[1, 4, 7, 12, 16]
[1, 4, 6, 27]
[2, 4, 6, 8]
[16, 17, 18, 19, 20, 21, 22, 23, 24, 25, 26, 27, 28]


5
process id 6
stats
5, 15, 7, 100, 1000
20220818-014739
loosing coalitions taken
[1, 2, 9, 12, 13]
[1, 3, 7, 13, 22]
[1, 2, 7, 10, 26]
[1, 4, 7, 8]
[1, 5, 6, 12, 22]
[2, 3, 6, 9, 26]
[1, 4, 6, 25]
[2, 4, 6, 8]
[3, 4, 6, 12, 18]
[2, 3, 5, 19]
[3, 4, 5, 10]
[2, 4, 5, 13]
[1, 2, 8, 11, 14]
[1, 3, 8, 9, 17]
[16, 17, 18, 19, 20, 21, 22, 23, 24, 25, 26, 27, 28]


6
process id 4
stats
5, 15, 7, 100, 1000
20220818-014742
loosing coalitions taken
[2, 3, 6, 19, 21]
[1, 2, 10, 12, 14]
[1, 5, 6, 16, 20]
[2, 4, 5, 20]
[1, 4, 6, 25]
[1, 2, 9, 11, 13]
[3, 4, 5, 15]
[1, 2, 7, 8, 28]
[2, 4, 6, 9, 22]
[2, 3, 5, 23]
[3, 4, 6, 8, 24]
[1, 3, 8, 10, 11]
[1, 4, 7, 9, 17]
[1, 3, 7, 14, 21]
[16, 17, 18, 19, 20, 21, 22, 23, 24, 25, 26, 27, 28]


6
process id 3
stats
5, 15, 7, 100, 1000
20220818-014743
loosing coalitions taken
[2, 4, 6, 10, 24]
[2, 3, 6, 13, 26]
[1, 3, 9, 10, 12]
[1, 2, 7, 9, 25]
[1, 3, 7, 15, 20]
[2, 3, 7, 8, 10]
[3, 4, 5, 19, 22]
[2, 3, 5, 20, 28]
[2, 4, 5, 18, 25]
[3, 4, 6, 9, 17]
[1, 4, 8, 9, 14]
[1, 5, 6, 11, 23]
[1, 4, 6, 26]
[1, 2, 8, 13, 17]
[16, 17, 18, 19, 20, 21, 22, 23, 24, 25, 26, 27, 28]


6
process id 1
stats
5, 15, 7, 100, 1000
20220818-014743
loosing coalitions taken
[1, 3, 8, 12, 17]
[1, 5, 6, 10, 26]
[2, 4, 5, 19]
[2, 3, 7, 8, 9]
[1, 2, 7, 12, 26]
[1, 3, 7, 13, 22]
[1, 2, 8, 11, 21]
[1, 2, 9, 10, 14]
[2, 3, 5, 27, 28]
[2, 3, 6, 12]
[3, 4, 6, 8, 27]
[3, 4, 5, 17, 26]
[1, 4, 6, 22]
[2, 4, 6, 9, 16]
[16, 17, 18, 19, 20, 21, 22, 23, 24, 25, 26, 27, 28]


6
process id 2
stats
5, 15, 7, 100, 1000
20220818-014743
loosing coalitions taken
[1, 2, 8, 14, 20]
[1, 2, 7, 12, 22]
[2, 3, 6, 9]
[3, 4, 5, 17, 21]
[1, 5, 6, 13, 24]
[1, 4, 6, 27]
[1, 4, 7, 8]
[2, 4, 5, 13]
[1, 3, 8, 11, 19]
[2, 3, 5, 18, 28]
[3, 4, 6, 8, 25]
[1, 3, 7, 10, 21]
[2, 4, 6, 14, 15]
[1, 2, 9, 11, 13]
[16, 17, 18, 19, 20, 21, 22, 23, 24, 25, 26, 27, 28]


6
process id 7
stats
5, 15, 7, 100, 1000
20220818-014743
loosing coalitions taken
[2, 3, 6, 13]
[1, 4, 6, 28]
[1, 2, 9, 11, 14]
[1, 3, 8, 10, 18]
[3, 4, 5, 17, 24]
[1, 3, 7, 11, 22]
[3, 4, 6, 7]
[2, 3, 5, 18, 28]
[1, 4, 8, 9, 12]
[2, 4, 6, 10, 20]
[2, 4, 5, 21, 26]
[1, 4, 7, 13, 14]
[1, 5, 6, 16, 17]
[1, 2, 7, 15, 20]
[16, 17, 18, 19, 20, 21, 22, 23, 24, 25, 26, 27, 28]


5
process id 5
stats
5, 15, 7, 100, 1000
20220818-014744
loosing coalitions taken
[3, 4, 5, 16]
[2, 3, 7, 8, 9]
[1, 5, 6, 15, 18]
[2, 4, 6, 12, 22]
[1, 2, 8, 10, 19]
[1, 2, 7, 15, 21]
[2, 3, 6, 14]
[1, 2, 9, 11, 12]
[1, 3, 8, 11, 17]
[1, 4, 6, 28]
[2, 4, 5, 17, 21]
[2, 3, 5, 23]
[3, 4, 6, 11, 15]
[1, 4, 8, 9, 13]
[16, 17, 18, 19, 20, 21, 22, 23, 24, 25, 26, 27, 28]


5
process id 1
stats
5, 15, 7, 100, 1000
20220818-014744
loosing coalitions taken
[1, 2, 7, 9]
[2, 3, 6, 14]
[1, 3, 8, 12, 17]
[2, 3, 5, 17]
[3, 4, 5, 11]
[2, 4, 6, 13, 22]
[1, 4, 7, 11, 14]
[1, 2, 8, 10, 20]
[1, 4, 6, 27]
[2, 4, 5, 16]
[1, 5, 6, 14, 20]
[1, 3, 7, 10, 22]
[1, 4, 8, 9, 15]
[3, 4, 6, 10, 18]
[16, 17, 18, 19, 20, 21, 22, 23, 24, 25, 26, 27, 28]


6
process id 3
stats
5, 15, 7, 100, 1000
20220818-014745
loosing coalitions taken
[1, 3, 8, 11, 17]
[1, 3, 7, 10, 24]
[1, 2, 10, 11, 13]
[3, 4, 5, 14]
[2, 3, 6, 11]
[1, 2, 8, 9, 20]
[2, 3, 5, 20]
[1, 4, 7, 8, 23]
[2, 4, 5, 16]
[3, 4, 6, 12, 19]
[1, 5, 6, 9, 25]
[1, 4, 6, 22]
[2, 4, 6, 10, 20]
[1, 2, 7, 15, 18]
[16, 17, 18, 19, 20, 21, 22, 23, 24, 25, 26, 27, 28]


6
process id 4
stats
5, 15, 7, 100, 1000
20220818-014748
loosing coalitions taken
[1, 3, 7, 14, 20]
[1, 4, 7, 12, 16]
[1, 2, 7, 15, 21]
[1, 3, 8, 9, 17]
[2, 3, 6, 12]
[2, 4, 5, 21, 28]
[1, 2, 8, 13, 20]
[2, 3, 5, 25]
[2, 4, 6, 8]
[3, 4, 5, 13]
[1, 4, 6, 26]
[3, 4, 6, 14, 16]
[1, 5, 6, 15, 17]
[1, 2, 10, 11, 14]
[16, 17, 18, 19, 20, 21, 22, 23, 24, 25, 26, 27, 28]


5
process id 1
stats
5, 15, 7, 100, 1000
20220818-014748
loosing coalitions taken
[1, 2, 7, 13, 24]
[2, 4, 5, 20]
[1, 2, 8, 10, 17]
[1, 4, 8, 12, 14]
[1, 2, 9, 11, 12]
[1, 5, 6, 13, 23]
[1, 3, 7, 12, 20]
[2, 3, 6, 13, 27]
[3, 4, 6, 9, 21]
[1, 4, 6, 27]
[2, 3, 5, 23]
[2, 4, 6, 12, 19]
[3, 4, 5, 18, 25]
[1, 4, 7, 9, 18]
[16, 17, 18, 19, 20, 21, 22, 23, 24, 25, 26, 27, 28]


5
process id 1
stats
5, 15, 7, 100, 1000
20220818-014751
loosing coalitions taken
[1, 2, 8, 15, 16]
[2, 3, 6, 9]
[2, 4, 5, 20, 23]
[1, 2, 7, 14, 21]
[1, 4, 7, 13, 15]
[1, 4, 6, 27]
[1, 5, 6, 11, 24]
[3, 4, 5, 16]
[2, 3, 5, 22]
[3, 4, 6, 14, 18]
[2, 4, 6, 11, 19]
[1, 3, 7, 11, 23]
[1, 2, 9, 10, 12]
[1, 4, 8, 9, 14]
[16, 17, 18, 19, 20, 21, 22, 23, 24, 25, 26, 27, 28]


6
process id 0
stats
5, 15, 7, 100, 1000
20220818-014751
loosing coalitions taken
[2, 3, 6, 11]
[1, 4, 7, 14, 16]
[2, 4, 5, 16]
[1, 5, 6, 14, 21]
[1, 2, 10, 12, 13]
[1, 3, 8, 9, 16]
[1, 3, 7, 13, 22]
[1, 2, 7, 8]
[3, 4, 5, 14]
[2, 3, 5, 23, 26]
[3, 4, 6, 8]
[1, 4, 6, 24]
[2, 4, 6, 9, 18]
[1, 4, 8, 10, 11]
[16, 17, 18, 19, 20, 21, 22, 23, 24, 25, 26, 27, 28]


6
process id 6
stats
5, 15, 7, 100, 1000
20220818-014752
loosing coalitions taken
[3, 4, 6, 11, 18]
[1, 3, 7, 10, 21]
[1, 2, 7, 15, 20]
[1, 5, 6, 15, 18]
[2, 4, 6, 9, 25]
[1, 3, 8, 9, 20]
[1, 2, 8, 12, 16]
[2, 3, 6, 16, 17]
[2, 4, 5, 17]
[3, 4, 5, 14]
[1, 4, 8, 10, 11]
[2, 3, 5, 21, 27]
[1, 4, 6, 28]
[3, 5, 6, 7, 13]
[16, 17, 18, 19, 20, 21, 22, 23, 24, 25, 26, 27, 28]


6
process id 3
stats
5, 15, 7, 100, 1000
20220818-014752
loosing coalitions taken
[2, 3, 6, 11]
[1, 2, 8, 12, 19]
[1, 3, 7, 12, 21]
[3, 4, 5, 16, 26]
[1, 2, 7, 16, 20]
[2, 3, 5, 25]
[3, 5, 6, 7, 13]
[1, 4, 8, 10, 14]
[2, 4, 6, 9, 20]
[1, 4, 6, 26]
[3, 4, 6, 8]
[2, 4, 5, 15]
[1, 3, 8, 11, 16]
[1, 5, 6, 15, 17]
[16, 17, 18, 19, 20, 21, 22, 23, 24, 25, 26, 27, 28]


5
process id 4
stats
5, 15, 7, 100, 1000
20220818-014753
loosing coalitions taken
[2, 4, 5, 18]
[1, 3, 7, 12, 17]
[1, 2, 9, 11, 14]
[1, 2, 7, 13, 21]
[2, 4, 6, 12, 21]
[1, 3, 8, 9, 16]
[3, 4, 6, 8]
[1, 5, 6, 10, 20]
[2, 3, 6, 9]
[2, 3, 5, 22, 24]
[1, 4, 6, 28]
[3, 4, 5, 17, 23]
[1, 4, 7, 10, 11]
[1, 2, 8, 10, 17]
[16, 17, 18, 19, 20, 21, 22, 23, 24, 25, 26, 27, 28]


6
process id 5
stats
5, 15, 7, 100, 1000
20220818-014753
loosing coalitions taken
[2, 3, 6, 11]
[1, 2, 8, 10, 19]
[3, 4, 5, 16]
[1, 4, 7, 14, 15]
[1, 5, 6, 15, 21]
[1, 2, 7, 9]
[1, 3, 8, 15, 16]
[2, 4, 6, 9, 18]
[1, 4, 6, 27]
[3, 4, 6, 10, 19]
[1, 3, 7, 10, 24]
[2, 4, 5, 17, 21]
[2, 3, 5, 27, 28]
[1, 4, 8, 9, 13]
[16, 17, 18, 19, 20, 21, 22, 23, 24, 25, 26, 27, 28]


6
process id 7
stats
5, 15, 7, 100, 1000
20220818-014755
loosing coalitions taken
[1, 2, 10, 12, 13]
[2, 3, 6, 10]
[2, 4, 5, 20, 28]
[1, 3, 7, 13, 22]
[1, 5, 6, 12, 22]
[3, 4, 5, 19, 26]
[2, 3, 5, 22]
[1, 2, 7, 9]
[1, 3, 8, 9, 19]
[2, 4, 6, 14, 21]
[1, 4, 7, 10, 14]
[1, 2, 8, 15, 17]
[3, 4, 6, 12, 18]
[1, 4, 6, 26]
[16, 17, 18, 19, 20, 21, 22, 23, 24, 25, 26, 27, 28]


6
process id 2
stats
5, 15, 7, 100, 1000
20220818-014757
loosing coalitions taken
[1, 2, 8, 14, 20]
[1, 3, 7, 14, 22]
[1, 5, 6, 13, 21]
[2, 4, 6, 16, 17]
[1, 3, 8, 10, 18]
[1, 2, 9, 10, 12]
[1, 2, 7, 15, 21]
[1, 4, 6, 24]
[3, 4, 5, 12]
[2, 4, 5, 19]
[3, 4, 6, 14, 19]
[1, 4, 7, 9, 13]
[2, 3, 6, 10, 21]
[2, 3, 5, 23, 26]
[16, 17, 18, 19, 20, 21, 22, 23, 24, 25, 26, 27, 28]


6
process id 3
stats
5, 15, 7, 100, 1000
20220818-014757
loosing coalitions taken
[1, 3, 8, 11, 17]
[1, 2, 7, 16, 18]
[1, 2, 8, 9, 19]
[3, 4, 5, 15]
[1, 2, 10, 12, 14]
[1, 3, 7, 14, 21]
[2, 4, 5, 20]
[2, 3, 5, 19]
[2, 3, 6, 11]
[2, 4, 6, 14, 17]
[1, 4, 6, 28]
[1, 4, 7, 8]
[1, 5, 6, 12, 22]
[3, 4, 6, 13, 18]
[16, 17, 18, 19, 20, 21, 22, 23, 24, 25, 26, 27, 28]


6
process id 5
stats
5, 15, 7, 100, 1000
20220818-014759
loosing coalitions taken
[1, 2, 7, 11, 26]
[2, 3, 6, 14]
[1, 5, 6, 11, 22]
[3, 4, 5, 15]
[1, 3, 8, 12, 18]
[1, 3, 9, 10, 11]
[1, 3, 7, 13, 20]
[1, 2, 8, 9, 21]
[3, 4, 6, 7]
[1, 4, 6, 27, 28]
[2, 3, 5, 17, 26]
[1, 4, 7, 8]
[2, 4, 5, 20]
[2, 4, 6, 13, 16]
[16, 17, 18, 19, 20, 21, 22, 23, 24, 25, 26, 27, 28]


6
process id 2
stats
5, 15, 7, 100, 1000
20220818-014800
loosing coalitions taken
[1, 5, 6, 11, 22]
[2, 4, 5, 16]
[1, 2, 8, 14, 20]
[2, 3, 6, 9]
[1, 2, 7, 10, 26]
[1, 3, 7, 14, 19]
[1, 3, 8, 11, 16]
[1, 4, 7, 8]
[2, 4, 6, 12, 21]
[2, 3, 5, 22]
[3, 4, 5, 15, 28]
[3, 4, 6, 7]
[1, 4, 6, 25]
[1, 2, 9, 11, 13]
[16, 17, 18, 19, 20, 21, 22, 23, 24, 25, 26, 27, 28]


6
process id 0
stats
5, 15, 7, 100, 1000
20220818-014801
loosing coalitions taken
[1, 2, 9, 12, 14]
[2, 3, 6, 11]
[1, 4, 8, 10, 13]
[1, 5, 6, 13, 19]
[3, 4, 5, 18, 23]
[2, 4, 5, 21, 28]
[1, 4, 6, 27]
[1, 3, 8, 12, 16]
[2, 3, 5, 19]
[1, 2, 7, 15, 19]
[2, 5, 6, 8, 10]
[1, 3, 7, 14, 21]
[2, 4, 6, 9, 17]
[3, 4, 6, 10, 21]
[16, 17, 18, 19, 20, 21, 22, 23, 24, 25, 26, 27, 28]


5
process id 5
stats
5, 15, 7, 100, 1000
20220818-014803
loosing coalitions taken
[1, 3, 8, 11, 18]
[1, 2, 8, 15, 16]
[1, 3, 7, 10, 24]
[2, 3, 6, 11]
[1, 4, 7, 11, 16]
[1, 2, 7, 17, 18]
[1, 2, 10, 12, 13]
[2, 4, 5, 19]
[1, 5, 6, 13, 18]
[1, 4, 6, 23]
[2, 3, 5, 16]
[3, 4, 6, 8, 28]
[3, 4, 5, 17, 27]
[2, 4, 6, 12, 17]
[16, 17, 18, 19, 20, 21, 22, 23, 24, 25, 26, 27, 28]


5
process id 2
stats
5, 15, 7, 100, 1000
20220818-014803
loosing coalitions taken
[3, 4, 6, 8, 28]
[1, 2, 10, 11, 13]
[1, 3, 7, 13, 17]
[1, 2, 7, 16, 21]
[2, 3, 6, 12]
[1, 4, 6, 27]
[3, 4, 5, 9]
[2, 4, 5, 11]
[1, 4, 7, 8, 26]
[1, 5, 6, 15, 18]
[2, 4, 6, 13, 17]
[1, 2, 8, 9, 18]
[2, 3, 5, 23]
[1, 3, 8, 12, 14]
[16, 17, 18, 19, 20, 21, 22, 23, 24, 25, 26, 27, 28]


6
process id 4
stats
5, 15, 7, 100, 1000
20220818-014804
loosing coalitions taken
[2, 3, 6, 14]
[1, 4, 7, 8]
[1, 3, 9, 10, 12]
[1, 5, 6, 16, 19]
[2, 4, 6, 8]
[3, 4, 5, 19, 21]
[2, 4, 5, 20]
[1, 2, 7, 9]
[1, 4, 6, 24]
[1, 3, 7, 13, 19]
[2, 3, 5, 25, 26]
[3, 4, 6, 9, 15]
[1, 2, 8, 10, 21]
[1, 3, 8, 15, 16]
[16, 17, 18, 19, 20, 21, 22, 23, 24, 25, 26, 27, 28]


6
process id 7
stats
5, 15, 7, 100, 1000
20220818-014805
loosing coalitions taken
[1, 5, 6, 13, 23]
[1, 4, 7, 10, 19]
[2, 4, 5, 16]
[1, 3, 7, 14, 17]
[1, 4, 8, 11, 13]
[1, 4, 6, 26]
[1, 2, 9, 12, 14]
[3, 4, 5, 9]
[2, 3, 6, 9, 25]
[2, 3, 5, 19]
[3, 4, 6, 8]
[1, 3, 9, 10, 11]
[1, 2, 7, 16, 18]
[2, 4, 6, 10, 24]
[16, 17, 18, 19, 20, 21, 22, 23, 24, 25, 26, 27, 28]


6
process id 3
stats
5, 15, 7, 100, 1000
20220818-014805
loosing coalitions taken
[1, 4, 8, 12, 14]
[1, 2, 10, 11, 13]
[3, 4, 5, 18, 22]
[1, 2, 7, 9]
[3, 4, 6, 11, 19]
[2, 4, 5, 19]
[2, 3, 6, 13]
[1, 5, 6, 16, 20]
[2, 3, 5, 24, 27]
[1, 3, 7, 16, 18]
[1, 4, 6, 27]
[2, 4, 6, 15, 21]
[3, 5, 6, 7, 12]
[1, 3, 8, 11, 17]
[16, 17, 18, 19, 20, 21, 22, 23, 24, 25, 26, 27, 28]


5
process id 7
stats
5, 15, 7, 100, 1000
20220818-014807
loosing coalitions taken
[1, 3, 8, 14, 16]
[1, 2, 8, 11, 17]
[1, 2, 9, 10, 13]
[1, 2, 7, 16, 20]
[1, 4, 7, 8]
[2, 4, 5, 19, 27]
[3, 4, 5, 21, 22]
[2, 4, 6, 11, 18]
[3, 4, 6, 8, 26]
[2, 3, 5, 25]
[1, 4, 6, 27]
[2, 3, 6, 17, 19]
[1, 5, 6, 11, 23]
[1, 3, 7, 10, 17]
[16, 17, 18, 19, 20, 21, 22, 23, 24, 25, 26, 27, 28]


6
process id 2
stats
5, 15, 7, 100, 1000
20220818-014807
loosing coalitions taken
[1, 2, 7, 15, 21]
[1, 3, 8, 14, 16]
[2, 4, 5, 20]
[3, 4, 6, 14, 18]
[1, 2, 8, 9, 19]
[1, 2, 10, 11, 14]
[2, 3, 6, 13, 28]
[1, 4, 6, 25, 26]
[3, 4, 5, 16]
[2, 3, 5, 21]
[1, 3, 7, 11, 18]
[1, 5, 6, 9, 22]
[1, 4, 7, 12, 16]
[2, 4, 6, 9, 21]
[16, 17, 18, 19, 20, 21, 22, 23, 24, 25, 26, 27, 28]


5
process id 5
stats
5, 15, 7, 100, 1000
20220818-014809
loosing coalitions taken
[1, 3, 7, 15, 18]
[1, 3, 8, 12, 17]
[1, 2, 8, 13, 16]
[1, 2, 7, 10, 24]
[2, 3, 6, 12]
[1, 4, 6, 25]
[2, 4, 5, 11]
[3, 4, 5, 14]
[2, 4, 6, 15, 16]
[2, 3, 5, 16]
[1, 5, 6, 10, 23]
[1, 2, 9, 11, 14]
[3, 4, 6, 8]
[1, 4, 7, 8, 27]
[16, 17, 18, 19, 20, 21, 22, 23, 24, 25, 26, 27, 28]


5
process id 6
stats
5, 15, 7, 100, 1000
20220818-014809
loosing coalitions taken
[1, 2, 7, 15, 22]
[2, 3, 5, 23]
[1, 3, 8, 14, 16]
[1, 2, 8, 12, 20]
[1, 4, 7, 12, 16]
[3, 4, 6, 10, 19]
[1, 2, 9, 10, 14]
[3, 4, 5, 12]
[2, 4, 5, 19]
[1, 5, 6, 9, 20]
[1, 4, 6, 28]
[2, 3, 6, 14]
[2, 4, 6, 15, 17]
[1, 3, 7, 9, 18]
[16, 17, 18, 19, 20, 21, 22, 23, 24, 25, 26, 27, 28]


6
process id 1
stats
5, 15, 7, 100, 1000
20220818-014810
loosing coalitions taken
[1, 2, 8, 9, 20]
[1, 3, 9, 10, 12]
[1, 5, 6, 16, 20]
[1, 4, 7, 8]
[3, 4, 6, 13, 20]
[1, 2, 7, 12, 24]
[2, 3, 6, 11]
[2, 4, 6, 15, 19]
[1, 2, 10, 11, 14]
[2, 4, 5, 18, 24]
[3, 4, 5, 9, 26]
[2, 3, 5, 25, 27]
[1, 4, 6, 26, 27]
[1, 3, 8, 15, 16]
[16, 17, 18, 19, 20, 21, 22, 23, 24, 25, 26, 27, 28]


6
process id 2
stats
5, 15, 7, 100, 1000
20220818-014811
loosing coalitions taken
[1, 3, 7, 9, 24]
[3, 4, 5, 17, 22]
[1, 4, 6, 25]
[2, 3, 6, 12]
[1, 3, 8, 11, 19]
[1, 2, 8, 10, 18]
[2, 4, 5, 14]
[3, 4, 6, 9, 20]
[2, 4, 6, 8]
[1, 4, 7, 8]
[2, 3, 5, 23, 26]
[1, 2, 7, 15, 16]
[1, 5, 6, 15, 17]
[1, 2, 9, 11, 12]
[16, 17, 18, 19, 20, 21, 22, 23, 24, 25, 26, 27, 28]


5
process id 7
stats
5, 15, 7, 100, 1000
20220818-014812
loosing coalitions taken
[3, 4, 6, 10, 18]
[2, 3, 5, 21]
[1, 2, 9, 10, 11]
[1, 3, 7, 9, 20]
[2, 4, 6, 11, 23]
[1, 4, 7, 8]
[2, 4, 5, 16, 25]
[1, 4, 6, 24]
[3, 4, 5, 13]
[1, 5, 6, 14, 16]
[2, 3, 6, 9]
[1, 3, 8, 11, 19]
[1, 2, 7, 15, 21]
[1, 2, 8, 14, 17]
[16, 17, 18, 19, 20, 21, 22, 23, 24, 25, 26, 27, 28]


6
process id 4
stats
5, 15, 7, 100, 1000
20220818-014814
loosing coalitions taken
[2, 4, 6, 16, 19]
[1, 2, 8, 10, 21]
[1, 5, 6, 14, 21]
[1, 3, 7, 15, 19]
[1, 3, 9, 10, 11]
[2, 3, 5, 19]
[1, 4, 8, 11, 12]
[2, 4, 5, 20]
[2, 3, 6, 14]
[1, 4, 6, 26, 27]
[1, 2, 9, 12, 13]
[3, 4, 6, 13, 17]
[3, 4, 5, 9]
[1, 4, 7, 13, 14]
[16, 17, 18, 19, 20, 21, 22, 23, 24, 25, 26, 27, 28]


6
process id 3
stats
5, 15, 7, 100, 1000
20220818-014815
loosing coalitions taken
[1, 5, 6, 12, 23]
[1, 2, 9, 12, 14]
[1, 4, 8, 13, 14]
[1, 3, 7, 14, 20]
[3, 4, 5, 16]
[1, 2, 8, 10, 18]
[1, 3, 8, 12, 19]
[2, 3, 5, 18, 28]
[1, 4, 6, 24]
[2, 4, 6, 10, 20]
[2, 4, 5, 17]
[1, 2, 7, 11, 23]
[3, 4, 6, 9, 17]
[1, 4, 7, 9, 19]
[16, 17, 18, 19, 20, 21, 22, 23, 24, 25, 26, 27, 28]


6
process id 6
stats
5, 15, 7, 100, 1000
20220818-014816
loosing coalitions taken
[2, 4, 5, 22, 23]
[1, 4, 7, 14, 15]
[1, 3, 7, 11, 21]
[2, 3, 6, 9]
[1, 2, 10, 11, 13]
[3, 4, 5, 15]
[1, 2, 7, 9]
[2, 3, 5, 19]
[1, 4, 6, 26]
[1, 2, 8, 12, 16]
[2, 4, 6, 14, 19]
[1, 5, 6, 16, 17]
[1, 3, 8, 10, 14]
[3, 4, 6, 10, 20]
[16, 17, 18, 19, 20, 21, 22, 23, 24, 25, 26, 27, 28]


5
process id 5
stats
5, 15, 7, 100, 1000
20220818-014817
loosing coalitions taken
[1, 5, 6, 11, 22]
[2, 3, 6, 10]
[1, 4, 7, 11, 17]
[1, 2, 8, 14, 17]
[1, 2, 7, 9, 22]
[1, 3, 7, 14, 21]
[1, 3, 8, 9, 18]
[2, 4, 6, 8]
[3, 4, 5, 20, 24]
[2, 4, 5, 11]
[2, 3, 5, 23]
[1, 4, 6, 28]
[3, 4, 6, 9, 22]
[1, 4, 8, 10, 15]
[16, 17, 18, 19, 20, 21, 22, 23, 24, 25, 26, 27, 28]


6
process id 0
stats
5, 15, 7, 100, 1000
20220818-014818
loosing coalitions taken
[2, 4, 5, 17]
[1, 3, 7, 16, 17]
[1, 4, 7, 9, 18]
[1, 3, 8, 11, 19]
[1, 2, 7, 13, 24]
[1, 4, 6, 23]
[2, 3, 6, 12]
[3, 4, 5, 11]
[2, 4, 6, 10, 19]
[3, 4, 6, 8]
[2, 3, 5, 21]
[1, 2, 10, 11, 14]
[1, 5, 6, 14, 17]
[1, 2, 8, 12, 16]
[16, 17, 18, 19, 20, 21, 22, 23, 24, 25, 26, 27, 28]


5
process id 3
stats
5, 15, 7, 100, 1000
20220818-014818
loosing coalitions taken
[1, 2, 8, 11, 21]
[1, 3, 9, 10, 11]
[1, 2, 10, 12, 13]
[1, 3, 7, 15, 21]
[2, 4, 6, 12, 23]
[1, 2, 7, 9]
[1, 3, 8, 12, 18]
[3, 4, 5, 10]
[2, 3, 5, 22]
[1, 4, 7, 8]
[2, 4, 5, 14]
[3, 4, 6, 8]
[1, 4, 6, 25]
[2, 3, 6, 10]
[16, 17, 18, 19, 20, 21, 22, 23, 24, 25, 26, 27, 28]


6
process id 5
stats
5, 15, 7, 100, 1000
20220818-014818
loosing coalitions taken
[2, 4, 5, 20]
[2, 3, 6, 14]
[1, 4, 6, 28]
[3, 4, 5, 13]
[1, 2, 10, 11, 12]
[1, 3, 7, 10, 17]
[2, 4, 6, 15, 21]
[2, 3, 5, 24]
[1, 4, 7, 8, 25]
[1, 5, 6, 13, 22]
[1, 2, 7, 13, 16]
[3, 4, 6, 11, 18]
[1, 2, 8, 14, 19]
[1, 3, 8, 9, 20]
[16, 17, 18, 19, 20, 21, 22, 23, 24, 25, 26, 27, 28]


5
process id 4
stats
5, 15, 7, 100, 1000
20220818-014820
loosing coalitions taken
[2, 4, 5, 20]
[1, 3, 8, 11, 17]
[1, 2, 7, 16, 19]
[1, 2, 9, 12, 14]
[3, 4, 6, 11, 21]
[2, 3, 6, 12]
[2, 3, 5, 22]
[3, 4, 5, 13]
[1, 4, 7, 10, 15]
[1, 4, 6, 26]
[2, 4, 6, 13, 19]
[1, 5, 6, 8]
[1, 3, 7, 14, 21]
[1, 2, 8, 10, 21]
[16, 17, 18, 19, 20, 21, 22, 23, 24, 25, 26, 27, 28]


6
process id 2
stats
5, 15, 7, 100, 1000
20220818-014821
loosing coalitions taken
[2, 4, 5, 21, 27]
[1, 2, 9, 11, 14]
[1, 3, 8, 11, 19]
[1, 5, 6, 15, 19]
[3, 4, 5, 17, 18]
[1, 3, 7, 16, 17]
[2, 3, 6, 12]
[1, 2, 7, 13, 18]
[2, 4, 6, 8]
[1, 4, 6, 25]
[2, 3, 5, 24]
[3, 4, 6, 11, 14]
[1, 4, 7, 8, 24]
[1, 3, 9, 10, 12]
[16, 17, 18, 19, 20, 21, 22, 23, 24, 25, 26, 27, 28]


5
process id 7
stats
5, 15, 7, 100, 1000
20220818-014824
loosing coalitions taken
[1, 2, 8, 9, 21]
[1, 4, 6, 27]
[3, 4, 5, 14]
[1, 3, 7, 12, 22]
[2, 3, 6, 9]
[1, 5, 6, 9, 22]
[2, 3, 5, 22]
[2, 4, 5, 19]
[1, 2, 7, 15, 20]
[1, 2, 10, 11, 13]
[1, 4, 7, 14, 16]
[2, 4, 6, 11, 24]
[1, 3, 8, 11, 15]
[3, 4, 6, 8]
[16, 17, 18, 19, 20, 21, 22, 23, 24, 25, 26, 27, 28]


6
process id 6
stats
5, 15, 7, 100, 1000
20220818-014824
loosing coalitions taken
[1, 2, 8, 15, 17]
[1, 3, 8, 14, 16]
[1, 4, 7, 8]
[2, 3, 6, 14, 26]
[1, 5, 6, 13, 23]
[2, 4, 5, 17]
[1, 2, 9, 10, 13]
[3, 4, 6, 10, 21]
[2, 3, 5, 18, 28]
[3, 4, 5, 11]
[1, 4, 6, 22]
[2, 4, 6, 8]
[1, 2, 7, 14, 24]
[1, 3, 7, 13, 22]
[16, 17, 18, 19, 20, 21, 22, 23, 24, 25, 26, 27, 28]


6
process id 2
stats
5, 15, 7, 100, 1000
20220818-014826
loosing coalitions taken
[1, 2, 10, 11, 14]
[1, 5, 6, 16, 20]
[2, 3, 6, 13]
[1, 3, 7, 10, 24]
[1, 3, 8, 15, 16]
[1, 2, 8, 9, 21]
[1, 4, 7, 13, 15]
[1, 4, 6, 27]
[2, 3, 5, 24]
[2, 4, 5, 16]
[3, 4, 5, 14]
[3, 4, 6, 9, 22]
[1, 2, 7, 12, 22]
[2, 4, 6, 11, 17]
[16, 17, 18, 19, 20, 21, 22, 23, 24, 25, 26, 27, 28]


6
process id 1
stats
5, 15, 7, 100, 1000
20220818-014828
loosing coalitions taken
[1, 3, 7, 14, 20]
[1, 2, 9, 10, 11]
[1, 2, 7, 13, 23]
[2, 3, 6, 18, 19]
[2, 4, 5, 21, 26]
[2, 4, 6, 13, 20]
[3, 4, 6, 14, 17]
[1, 4, 7, 9, 15]
[1, 5, 6, 11, 18]
[3, 4, 5, 11]
[1, 4, 6, 24, 27]
[1, 3, 8, 9, 19]
[1, 2, 8, 14, 16]
[2, 3, 7, 8, 10]
[16, 17, 18, 19, 20, 21, 22, 23, 24, 25, 26, 27, 28]


6
process id 2
stats
5, 15, 7, 100, 1000
20220818-014829
loosing coalitions taken
[1, 2, 7, 16, 18]
[3, 4, 5, 15]
[1, 4, 7, 10, 17]
[1, 3, 7, 13, 20]
[1, 3, 8, 12, 16]
[2, 3, 6, 13]
[1, 5, 6, 10, 24]
[2, 4, 5, 18]
[1, 4, 6, 27]
[1, 2, 9, 10, 14]
[2, 4, 6, 11, 23]
[2, 3, 5, 16]
[1, 2, 8, 11, 17]
[3, 4, 6, 8]
[16, 17, 18, 19, 20, 21, 22, 23, 24, 25, 26, 27, 28]


6
process id 2
stats
5, 15, 7, 100, 1000
20220818-014831
loosing coalitions taken
[1, 2, 10, 11, 14]
[1, 5, 6, 14, 22]
[1, 3, 7, 11, 22]
[1, 2, 7, 9, 28]
[1, 3, 8, 12, 18]
[1, 4, 6, 26]
[2, 3, 5, 21]
[2, 3, 6, 10, 24]
[2, 4, 5, 20]
[3, 4, 5, 14, 24]
[3, 4, 6, 12, 21]
[2, 4, 6, 11, 19]
[1, 2, 8, 13, 15]
[1, 4, 7, 8, 25]
[16, 17, 18, 19, 20, 21, 22, 23, 24, 25, 26, 27, 28]


6
process id 5
stats
5, 15, 7, 100, 1000
20220818-014833
loosing coalitions taken
[1, 5, 6, 9, 26]
[1, 2, 9, 12, 14]
[1, 3, 7, 14, 22]
[1, 2, 7, 16, 21]
[1, 3, 8, 15, 16]
[1, 2, 8, 11, 19]
[2, 3, 7, 8, 9]
[1, 3, 9, 10, 11]
[3, 4, 5, 17, 27]
[1, 4, 7, 11, 17]
[2, 4, 5, 19]
[2, 3, 6, 11, 23]
[1, 4, 6, 27, 28]
[3, 4, 6, 12, 21]
[16, 17, 18, 19, 20, 21, 22, 23, 24, 25, 26, 27, 28]


6
process id 1
stats
5, 15, 7, 100, 1000
20220818-014834
loosing coalitions taken
[2, 4, 5, 18, 27]
[2, 5, 6, 8, 10]
[2, 3, 5, 23]
[2, 4, 6, 14, 19]
[1, 2, 7, 11, 27]
[1, 2, 9, 10, 14]
[1, 4, 6, 25]
[3, 4, 5, 11]
[2, 3, 6, 12]
[3, 4, 6, 13, 16]
[1, 3, 7, 9, 19]
[1, 2, 8, 13, 15]
[1, 5, 6, 15, 19]
[1, 4, 8, 11, 12]
[16, 17, 18, 19, 20, 21, 22, 23, 24, 25, 26, 27, 28]


6
process id 4
stats
5, 15, 7, 100, 1000
20220818-014835
loosing coalitions taken
[2, 4, 5, 17, 28]
[1, 3, 9, 10, 12]
[3, 4, 6, 10, 21]
[2, 4, 6, 9, 25]
[2, 3, 6, 11]
[1, 5, 6, 14, 22]
[1, 4, 6, 28]
[3, 4, 5, 13]
[1, 3, 7, 11, 21]
[1, 2, 7, 16, 20]
[1, 4, 8, 11, 12]
[1, 2, 8, 15, 17]
[2, 3, 5, 24]
[1, 3, 8, 14, 16]
[16, 17, 18, 19, 20, 21, 22, 23, 24, 25, 26, 27, 28]


5
process id 7
stats
5, 15, 7, 100, 1000
20220818-014837
loosing coalitions taken
[2, 3, 6, 10, 26]
[1, 4, 7, 8]
[2, 4, 6, 9, 22]
[1, 2, 9, 10, 12]
[1, 5, 6, 12, 24]
[1, 3, 7, 14, 20]
[1, 4, 6, 26]
[3, 4, 5, 14, 28]
[2, 4, 5, 12]
[1, 3, 8, 13, 16]
[3, 4, 6, 15, 16]
[2, 5, 6, 8, 11]
[2, 3, 5, 23]
[1, 2, 7, 11, 23]
[16, 17, 18, 19, 20, 21, 22, 23, 24, 25, 26, 27, 28]


5
process id 7
stats
5, 15, 7, 100, 1000
20220818-014838
loosing coalitions taken
[2, 3, 6, 13, 28]
[1, 2, 7, 12, 20]
[1, 2, 8, 13, 17]
[2, 3, 5, 24]
[1, 3, 8, 9, 20]
[1, 4, 6, 27]
[1, 5, 6, 14, 19]
[3, 4, 5, 15]
[2, 4, 6, 15, 18]
[2, 4, 5, 16, 22]
[2, 3, 7, 8, 10]
[1, 4, 7, 13, 14]
[1, 3, 7, 16, 18]
[3, 4, 6, 9, 19]
[16, 17, 18, 19, 20, 21, 22, 23, 24, 25, 26, 27, 28]


6
process id 3
stats
5, 15, 7, 100, 1000
20220818-014839
loosing coalitions taken
[1, 5, 6, 11, 22]
[1, 3, 8, 12, 18]
[1, 3, 7, 15, 17]
[1, 2, 7, 14, 22]
[2, 4, 5, 19, 28]
[1, 4, 8, 9, 14]
[1, 2, 8, 11, 19]
[3, 4, 6, 13, 20]
[1, 2, 9, 12, 13]
[1, 4, 6, 25, 28]
[3, 4, 5, 18, 23]
[2, 3, 5, 22, 25]
[2, 3, 6, 12]
[1, 4, 7, 11, 13]
[16, 17, 18, 19, 20, 21, 22, 23, 24, 25, 26, 27, 28]


6
process id 0
stats
5, 15, 7, 100, 1000
20220818-014840
loosing coalitions taken
[2, 4, 6, 13, 22]
[1, 4, 7, 8]
[3, 4, 6, 11, 21]
[1, 2, 10, 12, 14]
[2, 3, 5, 25]
[1, 3, 7, 11, 16]
[1, 2, 7, 9]
[1, 5, 6, 12, 17]
[1, 3, 8, 10, 19]
[1, 4, 6, 28]
[2, 3, 6, 10]
[2, 4, 5, 18]
[3, 4, 5, 9, 26]
[1, 2, 8, 11, 13]
[16, 17, 18, 19, 20, 21, 22, 23, 24, 25, 26, 27, 28]


6
process id 6
stats
5, 15, 7, 100, 1000
20220818-014841
loosing coalitions taken
[3, 4, 5, 16]
[1, 2, 9, 12, 13]
[1, 3, 7, 14, 19]
[1, 2, 8, 10, 21]
[2, 3, 6, 14, 27]
[1, 3, 8, 9, 18]
[1, 5, 6, 12, 21]
[1, 4, 7, 10, 16]
[1, 4, 6, 26]
[2, 4, 5, 19]
[2, 3, 5, 21]
[2, 4, 6, 8]
[1, 2, 7, 11, 20]
[3, 4, 6, 10, 15]
[16, 17, 18, 19, 20, 21, 22, 23, 24, 25, 26, 27, 28]


6
process id 4
stats
5, 15, 7, 100, 1000
20220818-014841
loosing coalitions taken
[1, 2, 7, 16, 20]
[1, 2, 10, 11, 13]
[2, 3, 6, 12, 25]
[2, 3, 7, 8, 9]
[1, 4, 6, 27]
[1, 3, 8, 14, 15]
[1, 3, 7, 11, 23]
[3, 4, 5, 20, 24]
[2, 3, 5, 22]
[1, 5, 6, 12, 22]
[3, 4, 6, 8]
[1, 4, 8, 11, 12]
[2, 4, 5, 17]
[1, 4, 7, 9, 15]
[16, 17, 18, 19, 20, 21, 22, 23, 24, 25, 26, 27, 28]


6
process id 1
stats
5, 15, 7, 100, 1000
20220818-014842
loosing coalitions taken
[2, 3, 5, 24]
[1, 5, 6, 13, 22]
[3, 4, 6, 14, 16]
[1, 2, 9, 11, 12]
[1, 3, 8, 12, 16]
[1, 2, 8, 10, 21]
[1, 2, 7, 13, 24]
[2, 4, 6, 8]
[1, 4, 6, 26]
[1, 4, 7, 8]
[1, 3, 7, 14, 18]
[3, 4, 5, 12]
[2, 4, 5, 17]
[2, 3, 6, 9]
[16, 17, 18, 19, 20, 21, 22, 23, 24, 25, 26, 27, 28]


5
process id 2
stats
5, 15, 7, 100, 1000
20220818-014845
loosing coalitions taken
[1, 3, 8, 12, 17]
[1, 3, 9, 10, 11]
[2, 3, 5, 23]
[3, 4, 6, 14, 18]
[2, 4, 6, 11, 24]
[1, 2, 8, 10, 16]
[1, 2, 7, 9]
[1, 4, 7, 8]
[2, 3, 6, 12]
[1, 3, 7, 15, 21]
[2, 4, 5, 20, 21]
[1, 4, 6, 26]
[3, 4, 5, 11]
[1, 5, 6, 12, 22]
[16, 17, 18, 19, 20, 21, 22, 23, 24, 25, 26, 27, 28]


5
process id 7
stats
5, 15, 7, 100, 1000
20220818-014845
loosing coalitions taken
[3, 4, 5, 19, 22]
[1, 3, 8, 10, 19]
[2, 4, 5, 17]
[2, 3, 6, 13]
[1, 2, 8, 14, 18]
[1, 2, 7, 15, 22]
[1, 5, 6, 16, 18]
[1, 3, 7, 14, 21]
[1, 4, 7, 8, 20]
[2, 3, 5, 25]
[3, 4, 6, 10, 16]
[1, 2, 10, 11, 13]
[2, 4, 6, 8]
[1, 4, 6, 23]
[16, 17, 18, 19, 20, 21, 22, 23, 24, 25, 26, 27, 28]


6
process id 6
stats
5, 15, 7, 100, 1000
20220818-014845
loosing coalitions taken
[1, 2, 7, 15, 21]
[1, 3, 7, 14, 18]
[2, 3, 6, 15, 24]
[3, 4, 5, 18, 25]
[2, 3, 5, 23]
[1, 4, 7, 11, 16]
[2, 4, 6, 10, 22]
[1, 3, 8, 13, 15]
[1, 5, 6, 12, 22]
[1, 2, 8, 11, 19]
[2, 4, 5, 13]
[1, 4, 6, 24]
[3, 4, 6, 9, 19]
[1, 2, 9, 12, 13]
[16, 17, 18, 19, 20, 21, 22, 23, 24, 25, 26, 27, 28]


5
process id 3
stats
5, 15, 7, 100, 1000
20220818-014846
loosing coalitions taken
[1, 2, 7, 10, 27]
[2, 3, 6, 19, 21]
[1, 3, 9, 10, 11]
[2, 4, 6, 11, 23]
[2, 4, 5, 21, 24]
[3, 4, 5, 20, 23]
[3, 4, 6, 12, 18]
[2, 3, 5, 22]
[1, 4, 7, 8, 24]
[1, 2, 8, 15, 17]
[1, 5, 6, 9, 26]
[1, 3, 7, 12, 17]
[1, 4, 6, 27]
[1, 2, 9, 12, 14]
[16, 17, 18, 19, 20, 21, 22, 23, 24, 25, 26, 27, 28]


6
process id 5
stats
5, 15, 7, 100, 1000
20220818-014846
loosing coalitions taken
[1, 5, 6, 14, 22]
[2, 3, 6, 11]
[1, 4, 8, 11, 12]
[1, 3, 8, 10, 18]
[1, 2, 8, 13, 17]
[1, 2, 9, 12, 14]
[1, 2, 7, 10, 23]
[1, 3, 7, 15, 21]
[2, 3, 5, 24]
[2, 4, 6, 14, 20]
[2, 4, 5, 13]
[1, 4, 6, 23]
[3, 4, 6, 8]
[1, 4, 7, 9, 16]
[16, 17, 18, 19, 20, 21, 22, 23, 24, 25, 26, 27, 28]


6
process id 3
stats
5, 15, 7, 100, 1000
20220818-014847
loosing coalitions taken
[1, 3, 8, 15, 16]
[2, 4, 5, 18]
[1, 2, 7, 12, 23]
[2, 3, 5, 24]
[1, 5, 6, 11, 25]
[1, 4, 6, 22]
[3, 4, 5, 10]
[1, 4, 8, 9, 12]
[2, 4, 6, 8]
[1, 3, 7, 11, 21]
[2, 3, 6, 10]
[1, 4, 7, 13, 15]
[1, 2, 8, 10, 19]
[1, 2, 9, 11, 14]
[16, 17, 18, 19, 20, 21, 22, 23, 24, 25, 26, 27, 28]


5
process id 1
stats
5, 15, 7, 100, 1000
20220818-014848
loosing coalitions taken
[2, 4, 5, 17]
[1, 2, 10, 11, 13]
[1, 4, 8, 12, 13]
[1, 4, 7, 14, 15]
[2, 3, 6, 10]
[1, 3, 8, 11, 17]
[1, 2, 7, 16, 18]
[2, 3, 5, 24]
[1, 3, 7, 9, 21]
[3, 4, 5, 15, 25]
[1, 4, 6, 28]
[2, 4, 6, 9, 19]
[3, 4, 6, 7]
[1, 5, 6, 10, 23]
[16, 17, 18, 19, 20, 21, 22, 23, 24, 25, 26, 27, 28]


5
process id 7
stats
5, 15, 7, 100, 1000
20220818-014848
loosing coalitions taken
[2, 4, 5, 17]
[1, 3, 7, 10, 24]
[1, 2, 8, 9, 20]
[1, 2, 7, 12, 25]
[1, 5, 6, 11, 24]
[2, 3, 6, 13]
[1, 3, 8, 11, 18]
[1, 4, 7, 8]
[3, 4, 5, 12]
[1, 4, 6, 22]
[3, 4, 6, 7]
[2, 3, 5, 24]
[2, 4, 6, 15, 21]
[1, 2, 10, 11, 13]
[16, 17, 18, 19, 20, 21, 22, 23, 24, 25, 26, 27, 28]


6
process id 2
stats
5, 15, 7, 100, 1000
20220818-014849
loosing coalitions taken
[1, 2, 10, 12, 13]
[1, 4, 7, 8]
[2, 3, 5, 25]
[3, 4, 6, 10, 21]
[2, 4, 6, 14, 17]
[2, 4, 5, 18]
[1, 2, 7, 9, 17]
[1, 2, 8, 11, 20]
[1, 3, 8, 12, 17]
[3, 4, 5, 14]
[1, 5, 6, 11, 22]
[1, 4, 6, 26]
[2, 3, 6, 9]
[1, 3, 7, 14, 19]
[16, 17, 18, 19, 20, 21, 22, 23, 24, 25, 26, 27, 28]


6
process id 5
stats
5, 15, 7, 100, 1000
20220818-014850
loosing coalitions taken
[1, 5, 6, 13, 22]
[3, 4, 5, 15, 28]
[2, 3, 5, 25]
[1, 3, 8, 10, 17]
[1, 2, 7, 15, 20]
[1, 3, 7, 9, 23]
[1, 2, 8, 12, 18]
[2, 3, 6, 13]
[2, 4, 6, 8, 26]
[2, 4, 5, 21, 27]
[1, 4, 7, 10, 16]
[3, 4, 6, 14, 18]
[1, 4, 6, 27]
[1, 2, 10, 11, 14]
[16, 17, 18, 19, 20, 21, 22, 23, 24, 25, 26, 27, 28]


6
process id 3
stats
5, 15, 7, 100, 1000
20220818-014850
loosing coalitions taken
[1, 3, 7, 16, 17]
[1, 2, 9, 11, 13]
[1, 4, 6, 27]
[1, 2, 8, 14, 17]
[1, 2, 7, 15, 19]
[2, 4, 5, 14, 28]
[1, 4, 7, 13, 14]
[3, 4, 6, 8]
[2, 3, 5, 19, 26]
[2, 3, 6, 10]
[3, 4, 5, 11]
[2, 4, 6, 12, 21]
[1, 5, 6, 11, 19]
[1, 3, 8, 10, 18]
[16, 17, 18, 19, 20, 21, 22, 23, 24, 25, 26, 27, 28]


6
process id 0
stats
5, 15, 7, 100, 1000
20220818-014851
loosing coalitions taken
[1, 2, 8, 12, 19]
[1, 3, 8, 11, 16]
[3, 4, 6, 12, 19]
[1, 5, 6, 12, 24]
[1, 4, 7, 9, 18]
[2, 4, 6, 14, 18]
[1, 2, 9, 11, 13]
[1, 2, 7, 10, 27]
[1, 3, 7, 14, 21]
[2, 3, 5, 17, 25]
[1, 4, 6, 22]
[2, 4, 5, 21, 28]
[3, 4, 5, 15]
[2, 3, 6, 10]
[16, 17, 18, 19, 20, 21, 22, 23, 24, 25, 26, 27, 28]


5
process id 1
stats
5, 15, 7, 100, 1000
20220818-014852
loosing coalitions taken
[1, 2, 8, 9, 22]
[3, 4, 6, 10, 17]
[1, 4, 7, 9, 19]
[1, 3, 7, 14, 20]
[1, 3, 9, 10, 12]
[1, 4, 6, 27]
[1, 2, 7, 13, 21]
[2, 3, 5, 20]
[2, 4, 5, 18]
[1, 3, 8, 11, 19]
[3, 4, 5, 19, 21]
[2, 3, 6, 9, 26]
[2, 4, 6, 14, 22]
[1, 2, 10, 11, 14]
[16, 17, 18, 19, 20, 21, 22, 23, 24, 25, 26, 27, 28]


6
process id 7
stats
5, 15, 7, 100, 1000
20220818-014852
loosing coalitions taken
[1, 3, 8, 11, 18]
[1, 2, 9, 12, 14]
[1, 3, 7, 9, 22]
[1, 2, 7, 10, 26]
[3, 4, 5, 20, 22]
[1, 2, 8, 15, 16]
[2, 4, 5, 17, 28]
[1, 4, 6, 23]
[3, 4, 6, 8]
[2, 3, 5, 19]
[2, 4, 6, 13, 21]
[2, 3, 6, 11]
[1, 5, 6, 10, 25]
[1, 4, 7, 8]
[16, 17, 18, 19, 20, 21, 22, 23, 24, 25, 26, 27, 28]


5
process id 0
stats
5, 15, 7, 100, 1000
20220818-014853
loosing coalitions taken
[2, 3, 6, 12]
[2, 4, 5, 18]
[1, 5, 6, 9, 25]
[1, 2, 8, 11, 17]
[1, 2, 7, 10, 25]
[1, 3, 8, 10, 19]
[1, 4, 6, 22]
[2, 3, 5, 23]
[1, 3, 7, 12, 22]
[2, 4, 6, 14, 15]
[3, 4, 5, 16]
[3, 4, 6, 7]
[1, 2, 9, 12, 13]
[1, 4, 7, 8]
[16, 17, 18, 19, 20, 21, 22, 23, 24, 25, 26, 27, 28]


5
process id 6
stats
5, 15, 7, 100, 1000
20220818-014853
loosing coalitions taken
[1, 3, 8, 12, 19]
[3, 4, 5, 15]
[2, 3, 6, 13, 27]
[1, 2, 7, 13, 25]
[1, 5, 6, 14, 18]
[1, 3, 7, 16, 17]
[3, 4, 6, 11, 19]
[2, 3, 5, 19]
[2, 4, 5, 18, 25]
[1, 4, 6, 24, 25]
[2, 4, 6, 10, 16]
[1, 4, 7, 8]
[1, 3, 9, 10, 11]
[1, 2, 8, 11, 20]
[16, 17, 18, 19, 20, 21, 22, 23, 24, 25, 26, 27, 28]


6
process id 3
stats
5, 15, 7, 100, 1000
20220818-014853
loosing coalitions taken
[1, 4, 7, 8]
[2, 4, 5, 20]
[1, 2, 9, 10, 14]
[3, 4, 6, 12, 21]
[1, 5, 6, 13, 17]
[2, 4, 6, 9, 24]
[1, 4, 6, 23]
[2, 3, 5, 19, 28]
[1, 2, 8, 11, 19]
[1, 3, 8, 12, 14]
[1, 2, 7, 15, 21]
[1, 3, 7, 10, 17]
[3, 4, 5, 10, 27]
[2, 3, 6, 14]
[16, 17, 18, 19, 20, 21, 22, 23, 24, 25, 26, 27, 28]


5
process id 5
stats
5, 15, 7, 100, 1000
20220818-014854
loosing coalitions taken
[1, 2, 7, 17, 19]
[1, 4, 8, 9, 13]
[2, 3, 6, 9]
[1, 2, 10, 12, 13]
[1, 2, 8, 14, 20]
[1, 3, 8, 11, 18]
[2, 4, 5, 21, 25]
[3, 4, 5, 15]
[1, 4, 6, 27]
[1, 5, 6, 10, 25]
[2, 3, 5, 18]
[1, 3, 7, 13, 22]
[2, 4, 6, 8]
[3, 4, 6, 7]
[16, 17, 18, 19, 20, 21, 22, 23, 24, 25, 26, 27, 28]


5
process id 7
stats
5, 15, 7, 100, 1000
20220818-014854
loosing coalitions taken
[2, 4, 5, 17, 25]
[1, 2, 7, 15, 18]
[1, 5, 6, 10, 26]
[1, 3, 7, 13, 17]
[3, 4, 6, 10, 21]
[1, 3, 8, 9, 16]
[1, 2, 8, 10, 21]
[2, 3, 6, 14]
[3, 4, 5, 16]
[1, 4, 7, 8]
[1, 4, 6, 22]
[2, 3, 5, 21]
[2, 4, 6, 8]
[1, 2, 9, 12, 13]
[16, 17, 18, 19, 20, 21, 22, 23, 24, 25, 26, 27, 28]


5
process id 4
stats
5, 15, 7, 100, 1000
20220818-014854
loosing coalitions taken
[1, 5, 6, 11, 25]
[1, 4, 8, 12, 13]
[1, 2, 7, 16, 17]
[2, 3, 6, 10]
[1, 3, 8, 11, 17]
[1, 2, 9, 11, 12]
[1, 3, 7, 13, 20]
[3, 4, 5, 15]
[2, 3, 5, 25]
[2, 4, 5, 19]
[2, 4, 6, 9, 16]
[1, 4, 6, 28]
[2, 3, 7, 8, 9]
[3, 4, 6, 8, 23]
[16, 17, 18, 19, 20, 21, 22, 23, 24, 25, 26, 27, 28]


