Results
15
0.64
0.6224999999999999

5
process id 2
stats
5, 15, 7, 100, 1000
20220818-011824
loosing coalitions taken
[1, 3, 7, 14, 22]
[1, 5, 6, 12, 21]
[1, 4, 7, 11, 16]
[2, 4, 5, 21, 23]
[1, 2, 7, 10, 24]
[1, 3, 8, 9, 13]
[1, 2, 8, 14, 18]
[1, 4, 6, 22, 25]
[3, 4, 5, 14, 26]
[2, 3, 6, 18, 21]
[2, 4, 6, 13, 17]
[2, 3, 5, 25]
[1, 3, 6, 20]
[1, 4, 5, 24]
[16, 17, 18, 19, 20, 21, 22, 23, 24, 25, 26, 27, 28]


5
process id 1
stats
5, 15, 7, 100, 1000
20220818-011838
loosing coalitions taken
[1, 2, 7, 14, 21]
[1, 3, 7, 16, 17]
[1, 3, 8, 10, 19]
[3, 4, 5, 16, 18]
[2, 3, 5, 22, 25]
[1, 2, 8, 11, 20]
[2, 4, 5, 17, 27]
[2, 3, 6, 11, 27]
[1, 5, 6, 15, 21]
[3, 4, 6, 9, 12]
[1, 3, 6, 22]
[2, 4, 6, 8, 24]
[1, 4, 7, 8]
[1, 2, 9, 10, 12]
[16, 17, 18, 19, 20, 21, 22, 23, 24, 25, 26, 27, 28]


5
process id 3
stats
5, 15, 7, 100, 1000
20220818-011949
loosing coalitions taken
[1, 2, 8, 9, 21]
[1, 3, 7, 15, 19]
[1, 5, 6, 13, 22]
[2, 3, 6, 12]
[1, 3, 9, 10, 11]
[1, 3, 8, 13, 16]
[1, 2, 7, 16, 17]
[2, 4, 5, 13]
[3, 4, 5, 15]
[1, 2, 6, 18]
[1, 4, 6, 27]
[2, 3, 5, 22, 25]
[3, 4, 6, 11, 21]
[1, 4, 5, 26]
[16, 17, 18, 19, 20, 21, 22, 23, 24, 25, 26, 27, 28]


5
process id 1
stats
5, 15, 7, 100, 1000
20220818-012001
loosing coalitions taken
[1, 4, 6, 25]
[1, 2, 7, 12, 20]
[3, 4, 5, 18, 27]
[1, 2, 8, 14, 17]
[1, 3, 7, 11, 22]
[2, 3, 6, 12]
[2, 4, 5, 13]
[1, 5, 6, 15, 21]
[2, 3, 5, 23]
[2, 3, 4, 28]
[1, 3, 6, 28]
[3, 4, 6, 9, 22]
[1, 4, 5, 22]
[1, 4, 7, 8, 16]
[16, 17, 18, 19, 20, 21, 22, 23, 24, 25, 26, 27, 28]


5
process id 7
stats
5, 15, 7, 100, 1000
20220818-012023
loosing coalitions taken
[1, 5, 6, 16, 20]
[1, 2, 8, 15, 17]
[1, 4, 7, 9, 19]
[1, 3, 7, 10, 24]
[1, 3, 8, 12, 16]
[2, 4, 5, 15, 24]
[3, 4, 5, 18, 21]
[2, 4, 6, 10, 23]
[2, 3, 5, 22]
[3, 4, 6, 9, 17]
[1, 4, 5, 26]
[1, 2, 6, 21, 28]
[1, 2, 10, 11, 13]
[1, 3, 6, 27]
[16, 17, 18, 19, 20, 21, 22, 23, 24, 25, 26, 27, 28]


6
process id 6
stats
5, 15, 7, 100, 1000
20220818-012058
loosing coalitions taken
[2, 4, 6, 9, 22]
[1, 2, 10, 11, 12]
[1, 5, 6, 10, 25]
[3, 4, 5, 17, 19]
[1, 3, 7, 13, 20]
[1, 2, 7, 8, 27]
[1, 3, 8, 9, 18]
[2, 4, 5, 15, 24]
[2, 3, 6, 16, 21]
[2, 3, 5, 20]
[1, 4, 8, 12, 13]
[1, 2, 6, 18]
[1, 4, 5, 27]
[3, 4, 6, 7]
[16, 17, 18, 19, 20, 21, 22, 23, 24, 25, 26, 27, 28]


5
process id 7
stats
5, 15, 7, 100, 1000
20220818-012110
loosing coalitions taken
[1, 3, 7, 9, 20]
[1, 2, 7, 14, 24]
[1, 3, 8, 14, 16]
[3, 4, 5, 18, 24]
[1, 2, 8, 13, 17]
[1, 4, 6, 25]
[2, 3, 6, 14, 28]
[2, 4, 6, 7]
[1, 3, 6, 21, 24]
[2, 4, 5, 11, 27]
[2, 3, 5, 16]
[1, 4, 7, 8]
[1, 4, 5, 23]
[1, 2, 9, 10, 11]
[16, 17, 18, 19, 20, 21, 22, 23, 24, 25, 26, 27, 28]


