Results
Max overall: 15
Min avg pop: 0.62
Min pop: 0.638

6
process id 0
stats
5, 15, 7, 100, 1000
20220818-190429
loosing coalitions taken
[1, 5, 6, 14, 19]
[1, 4, 7, 9, 18]
[1, 2, 7, 14, 24]
[1, 4, 8, 12, 14]
[1, 2, 8, 15, 16]
[2, 4, 5, 21, 23]
[1, 4, 6, 28]
[3, 4, 5, 11, 26]
[2, 3, 6, 10, 27]
[2, 3, 5, 19]
[1, 3, 7, 15, 21]
[1, 2, 9, 11, 13]
[1, 3, 8, 11, 18]
[1, 3, 9, 10, 12]
[16, 17, 18, 19, 20, 21, 22, 23, 24, 25, 26, 27, 28]


5
process id 3
stats
5, 15, 7, 100, 1000
20220818-190430
loosing coalitions taken
[1, 3, 7, 11, 20]
[1, 3, 8, 10, 17]
[3, 4, 5, 19, 20]
[2, 3, 6, 12, 25]
[1, 4, 6, 27]
[2, 3, 5, 18]
[2, 4, 5, 13]
[1, 2, 7, 9, 21]
[1, 4, 8, 9, 11]
[1, 2, 10, 11, 12]
[1, 5, 6, 13, 22]
[3, 4, 6, 10, 21]
[1, 4, 7, 10, 16]
[1, 2, 8, 13, 18]
[16, 17, 18, 19, 20, 21, 22, 23, 24, 25, 26, 27, 28]


5
process id 7
stats
5, 15, 7, 100, 1000
20220818-190432
loosing coalitions taken
[1, 2, 9, 10, 12]
[1, 3, 8, 11, 16]
[1, 2, 8, 14, 17]
[2, 3, 6, 11]
[1, 3, 7, 12, 19]
[1, 4, 7, 8]
[2, 4, 5, 12]
[3, 4, 5, 15]
[3, 4, 6, 9, 17]
[2, 3, 5, 18]
[1, 4, 6, 28]
[1, 5, 6, 14, 19]
[1, 2, 7, 11, 18]
[2, 4, 6, 15, 21]
[16, 17, 18, 19, 20, 21, 22, 23, 24, 25, 26, 27, 28]


6
process id 2
stats
5, 15, 7, 100, 1000
20220818-190432
loosing coalitions taken
[3, 4, 6, 15, 16]
[1, 2, 9, 10, 11]
[2, 4, 6, 10, 22]
[2, 3, 6, 14, 26]
[1, 5, 6, 9, 25]
[3, 4, 5, 13, 25]
[1, 2, 7, 13, 17]
[1, 4, 6, 24]
[2, 3, 5, 24]
[1, 3, 7, 11, 19]
[1, 2, 8, 14, 15]
[1, 3, 8, 13, 16]
[1, 4, 7, 8]
[2, 4, 5, 20, 21]
[16, 17, 18, 19, 20, 21, 22, 23, 24, 25, 26, 27, 28]


5
process id 1
stats
5, 15, 7, 100, 1000
20220818-190433
loosing coalitions taken
[1, 5, 6, 10, 24]
[3, 4, 5, 16]
[1, 3, 8, 12, 19]
[2, 3, 6, 18, 19]
[1, 4, 8, 11, 13]
[1, 2, 7, 15, 19]
[2, 3, 5, 24]
[2, 4, 5, 18, 20]
[1, 4, 6, 22]
[1, 2, 8, 14, 17]
[1, 3, 7, 9, 24]
[3, 4, 6, 7]
[2, 4, 6, 12, 23]
[1, 2, 9, 11, 12]
[16, 17, 18, 19, 20, 21, 22, 23, 24, 25, 26, 27, 28]


5
process id 2
stats
5, 15, 7, 100, 1000
20220818-190434
loosing coalitions taken
[1, 3, 7, 9, 23]
[1, 4, 7, 10, 18]
[1, 2, 10, 12, 13]
[1, 5, 6, 12, 24]
[2, 3, 6, 13]
[1, 2, 7, 14, 24]
[2, 4, 5, 20]
[1, 2, 8, 11, 18]
[3, 4, 6, 7]
[2, 4, 6, 8, 27]
[2, 3, 5, 23]
[3, 4, 5, 14]
[1, 3, 8, 10, 17]
[1, 4, 6, 25, 26]
[16, 17, 18, 19, 20, 21, 22, 23, 24, 25, 26, 27, 28]


6
process id 3
stats
5, 15, 7, 100, 1000
20220818-190434
loosing coalitions taken
[2, 4, 6, 14, 18]
[2, 3, 6, 12, 28]
[1, 2, 7, 9]
[1, 5, 6, 15, 18]
[3, 4, 5, 14]
[1, 3, 7, 10, 24]
[2, 4, 5, 19]
[1, 4, 8, 10, 12]
[1, 2, 8, 11, 16]
[2, 3, 5, 18, 26]
[1, 3, 8, 9, 15]
[3, 4, 6, 9, 22]
[1, 4, 6, 24]
[1, 4, 7, 11, 17]
[16, 17, 18, 19, 20, 21, 22, 23, 24, 25, 26, 27, 28]


5
process id 7
stats
5, 15, 7, 100, 1000
20220818-190435
loosing coalitions taken
[1, 2, 7, 15, 22]
[1, 2, 8, 11, 21]
[1, 2, 10, 12, 13]
[1, 3, 8, 15, 16]
[1, 5, 6, 10, 25]
[2, 4, 5, 17, 25]
[3, 4, 6, 10, 20]
[2, 3, 5, 20]
[2, 4, 6, 13, 18]
[3, 4, 5, 15, 28]
[1, 4, 7, 9, 13]
[2, 3, 6, 15, 25]
[1, 4, 6, 27]
[1, 3, 7, 14, 21]
[16, 17, 18, 19, 20, 21, 22, 23, 24, 25, 26, 27, 28]


6
process id 6
stats
5, 15, 7, 100, 1000
20220818-190435
loosing coalitions taken
[2, 4, 5, 19, 25]
[1, 4, 7, 14, 16]
[1, 2, 7, 11, 25]
[1, 2, 8, 14, 19]
[2, 4, 6, 11, 24]
[3, 4, 6, 9, 17]
[2, 3, 6, 12]
[2, 3, 5, 22]
[3, 4, 5, 14, 27]
[1, 4, 6, 26]
[1, 2, 9, 10, 13]
[1, 3, 7, 15, 19]
[1, 5, 6, 8]
[1, 3, 8, 9, 20]
[16, 17, 18, 19, 20, 21, 22, 23, 24, 25, 26, 27, 28]


6
process id 0
stats
5, 15, 7, 100, 1000
20220818-190436
loosing coalitions taken
[1, 5, 6, 10, 26]
[1, 2, 8, 15, 17]
[1, 2, 9, 10, 12]
[2, 4, 5, 20, 23]
[3, 4, 6, 11, 17]
[2, 3, 6, 12]
[1, 2, 7, 13, 21]
[1, 3, 8, 11, 14]
[1, 3, 7, 9, 19]
[1, 4, 7, 8, 24]
[3, 4, 5, 12]
[2, 3, 5, 21]
[1, 4, 6, 28]
[2, 4, 6, 14, 16]
[16, 17, 18, 19, 20, 21, 22, 23, 24, 25, 26, 27, 28]


6
process id 2
stats
5, 15, 7, 100, 1000
20220818-190438
loosing coalitions taken
[2, 3, 6, 10, 28]
[1, 5, 6, 16, 18]
[1, 2, 10, 12, 13]
[2, 3, 5, 25]
[1, 3, 8, 14, 15]
[1, 2, 8, 9, 22]
[1, 4, 6, 26]
[3, 4, 5, 9, 28]
[2, 4, 5, 16]
[3, 4, 6, 8]
[1, 4, 7, 11, 14]
[2, 4, 6, 14, 21]
[1, 3, 7, 12, 22]
[1, 2, 7, 15, 17]
[16, 17, 18, 19, 20, 21, 22, 23, 24, 25, 26, 27, 28]


5
process id 3
stats
5, 15, 7, 100, 1000
20220818-190438
loosing coalitions taken
[1, 2, 8, 12, 18]
[2, 3, 6, 14]
[1, 2, 10, 11, 13]
[1, 3, 7, 10, 22]
[3, 4, 5, 17, 24]
[1, 2, 7, 9]
[1, 3, 8, 11, 17]
[2, 3, 5, 22]
[1, 4, 6, 25]
[1, 5, 6, 15, 21]
[1, 4, 7, 8]
[2, 4, 5, 14]
[2, 4, 6, 16, 17]
[3, 4, 6, 12, 21]
[16, 17, 18, 19, 20, 21, 22, 23, 24, 25, 26, 27, 28]


6
process id 1
stats
5, 15, 7, 100, 1000
20220818-190439
loosing coalitions taken
[2, 4, 6, 12, 23]
[1, 4, 7, 8]
[1, 2, 9, 11, 12]
[2, 3, 6, 19, 20]
[1, 5, 6, 11, 25]
[1, 2, 7, 15, 22]
[1, 2, 8, 14, 16]
[1, 4, 6, 27]
[2, 3, 5, 21]
[3, 4, 6, 13, 17]
[2, 4, 5, 18]
[1, 3, 7, 10, 18]
[3, 4, 5, 9]
[1, 3, 8, 9, 13]
[16, 17, 18, 19, 20, 21, 22, 23, 24, 25, 26, 27, 28]


6
process id 2
stats
5, 15, 7, 100, 1000
20220818-190441
loosing coalitions taken
[2, 3, 5, 23]
[1, 3, 8, 9, 18]
[3, 4, 6, 14, 18]
[1, 2, 9, 10, 11]
[1, 2, 8, 14, 19]
[1, 2, 7, 13, 22]
[3, 4, 5, 11]
[2, 4, 5, 12]
[1, 5, 6, 16, 20]
[1, 4, 6, 23]
[1, 3, 7, 15, 20]
[2, 4, 6, 9, 19]
[2, 3, 6, 12, 28]
[1, 4, 7, 11, 12]
[16, 17, 18, 19, 20, 21, 22, 23, 24, 25, 26, 27, 28]


6
process id 4
stats
5, 15, 7, 100, 1000
20220818-190442
loosing coalitions taken
[1, 2, 8, 10, 20]
[1, 2, 7, 11, 24]
[1, 4, 7, 8]
[1, 5, 6, 11, 23]
[3, 4, 5, 16]
[1, 2, 9, 12, 13]
[2, 3, 6, 9]
[2, 3, 5, 24]
[1, 3, 8, 12, 19]
[1, 3, 7, 14, 17]
[2, 4, 5, 19, 28]
[1, 4, 6, 27]
[2, 4, 6, 12, 22]
[3, 4, 6, 13, 17]
[16, 17, 18, 19, 20, 21, 22, 23, 24, 25, 26, 27, 28]


5
process id 3
stats
5, 15, 7, 100, 1000
20220818-190442
loosing coalitions taken
[1, 2, 7, 9]
[1, 3, 8, 12, 17]
[2, 4, 5, 19, 23]
[1, 5, 6, 13, 17]
[3, 4, 5, 15]
[1, 3, 7, 15, 16]
[2, 3, 6, 9]
[1, 2, 8, 13, 18]
[1, 4, 7, 8]
[2, 3, 5, 17]
[2, 4, 6, 10, 20]
[3, 4, 6, 7]
[1, 4, 6, 22]
[1, 2, 10, 11, 14]
[16, 17, 18, 19, 20, 21, 22, 23, 24, 25, 26, 27, 28]


6
process id 0
stats
5, 15, 7, 100, 1000
20220818-190443
loosing coalitions taken
[2, 3, 6, 12]
[1, 3, 8, 14, 16]
[1, 3, 7, 11, 21]
[1, 2, 8, 11, 18]
[1, 2, 7, 13, 23]
[1, 5, 6, 15, 21]
[2, 3, 5, 21]
[2, 4, 6, 15, 18]
[1, 4, 6, 26]
[1, 4, 8, 9, 12]
[3, 4, 6, 13, 20]
[3, 4, 5, 9]
[2, 4, 5, 19]
[2, 3, 7, 8, 9]
[16, 17, 18, 19, 20, 21, 22, 23, 24, 25, 26, 27, 28]


6
process id 4
stats
5, 15, 7, 100, 1000
20220818-190444
loosing coalitions taken
[1, 2, 7, 16, 17]
[3, 4, 6, 13, 19]
[1, 2, 8, 13, 18]
[2, 3, 7, 8, 9]
[1, 2, 10, 11, 12]
[2, 4, 6, 10, 23]
[1, 3, 8, 12, 16]
[3, 4, 5, 16]
[2, 3, 6, 12, 28]
[1, 3, 7, 11, 22]
[2, 3, 5, 20]
[2, 4, 5, 13]
[1, 5, 6, 15, 20]
[1, 4, 6, 24]
[16, 17, 18, 19, 20, 21, 22, 23, 24, 25, 26, 27, 28]


5
process id 2
stats
5, 15, 7, 100, 1000
20220818-190444
loosing coalitions taken
[1, 5, 6, 10, 24]
[2, 3, 6, 16, 22]
[1, 2, 8, 13, 19]
[1, 3, 8, 10, 18]
[1, 2, 7, 14, 24]
[1, 2, 9, 10, 12]
[2, 4, 6, 9, 21]
[3, 4, 6, 7]
[2, 4, 5, 18]
[1, 4, 7, 8]
[3, 4, 5, 15]
[2, 3, 5, 21]
[1, 4, 6, 26]
[1, 3, 7, 13, 17]
[16, 17, 18, 19, 20, 21, 22, 23, 24, 25, 26, 27, 28]


6
process id 7
stats
5, 15, 7, 100, 1000
20220818-190445
loosing coalitions taken
[1, 4, 7, 11, 16]
[2, 3, 6, 14]
[1, 3, 8, 15, 16]
[2, 4, 5, 17, 28]
[1, 2, 10, 12, 13]
[1, 2, 7, 9, 28]
[1, 2, 8, 11, 20]
[3, 4, 5, 21, 24]
[2, 4, 6, 12, 22]
[2, 3, 5, 19]
[1, 5, 6, 9, 20]
[1, 4, 6, 24, 25]
[3, 4, 6, 13, 16]
[1, 3, 7, 12, 21]
[16, 17, 18, 19, 20, 21, 22, 23, 24, 25, 26, 27, 28]


6
process id 4
stats
5, 15, 7, 100, 1000
20220818-190450
loosing coalitions taken
[1, 4, 8, 10, 15]
[2, 4, 6, 12, 22]
[1, 3, 8, 9, 19]
[1, 2, 7, 11, 25]
[1, 3, 7, 15, 17]
[1, 2, 9, 10, 14]
[2, 3, 6, 11, 26]
[3, 4, 5, 16, 26]
[2, 4, 5, 18]
[1, 2, 8, 13, 20]
[1, 4, 7, 14, 16]
[1, 5, 6, 9, 24]
[3, 4, 6, 10, 19]
[1, 4, 6, 28]
[16, 17, 18, 19, 20, 21, 22, 23, 24, 25, 26, 27, 28]


5
process id 7
stats
5, 15, 7, 100, 1000
20220818-190451
loosing coalitions taken
[2, 3, 6, 12]
[1, 3, 7, 15, 19]
[1, 4, 6, 27]
[1, 2, 8, 10, 19]
[1, 2, 7, 16, 20]
[1, 2, 9, 11, 14]
[1, 5, 6, 10, 23]
[2, 3, 5, 18]
[3, 4, 5, 21, 22]
[2, 4, 6, 14, 20]
[2, 4, 5, 15]
[3, 4, 6, 7]
[1, 4, 7, 8]
[1, 3, 8, 9, 18]
[16, 17, 18, 19, 20, 21, 22, 23, 24, 25, 26, 27, 28]


6
process id 5
stats
5, 15, 7, 100, 1000
20220818-190452
loosing coalitions taken
[1, 5, 6, 12, 24]
[1, 4, 7, 9, 19]
[3, 4, 5, 16]
[1, 3, 9, 10, 12]
[1, 3, 8, 11, 19]
[1, 2, 10, 11, 13]
[2, 3, 7, 8, 10]
[2, 3, 6, 14]
[1, 4, 6, 22]
[2, 3, 5, 21]
[1, 2, 8, 14, 18]
[2, 4, 5, 13]
[2, 4, 6, 15, 17]
[3, 4, 6, 8]
[16, 17, 18, 19, 20, 21, 22, 23, 24, 25, 26, 27, 28]


6
process id 3
stats
5, 15, 7, 100, 1000
20220818-190454
loosing coalitions taken
[1, 2, 8, 11, 21]
[1, 5, 6, 10, 23]
[1, 2, 7, 12, 22]
[1, 2, 9, 10, 13]
[1, 3, 7, 13, 18]
[3, 4, 5, 18, 24]
[2, 3, 6, 11]
[2, 4, 5, 16]
[3, 4, 6, 9, 20]
[2, 4, 6, 8, 28]
[2, 3, 5, 25]
[1, 4, 6, 25]
[1, 4, 7, 9, 11]
[1, 3, 8, 12, 19]
[16, 17, 18, 19, 20, 21, 22, 23, 24, 25, 26, 27, 28]


5
process id 5
stats
5, 15, 7, 100, 1000
20220818-190455
loosing coalitions taken
[1, 3, 8, 13, 16]
[1, 2, 7, 16, 18]
[2, 4, 6, 10, 23]
[1, 2, 9, 10, 12]
[1, 2, 8, 11, 19]
[3, 4, 5, 15]
[2, 3, 6, 9]
[1, 5, 6, 13, 22]
[1, 3, 7, 11, 22]
[2, 3, 5, 20]
[2, 4, 5, 12]
[3, 4, 6, 8]
[1, 4, 6, 25]
[1, 4, 7, 13, 14]
[16, 17, 18, 19, 20, 21, 22, 23, 24, 25, 26, 27, 28]


6
process id 1
stats
5, 15, 7, 100, 1000
20220818-190456
loosing coalitions taken
[1, 2, 9, 12, 13]
[2, 3, 5, 25, 27]
[3, 4, 5, 16]
[1, 3, 7, 15, 18]
[1, 4, 8, 9, 14]
[1, 4, 6, 28]
[2, 4, 5, 14]
[1, 4, 7, 10, 12]
[2, 4, 6, 8]
[1, 2, 7, 11, 21]
[1, 5, 6, 11, 22]
[3, 4, 6, 7]
[1, 2, 8, 10, 20]
[2, 3, 6, 13]
[16, 17, 18, 19, 20, 21, 22, 23, 24, 25, 26, 27, 28]


5
process id 4
stats
5, 15, 7, 100, 1000
20220818-190457
loosing coalitions taken
[2, 3, 6, 11]
[1, 4, 7, 10, 16]
[1, 5, 6, 13, 21]
[1, 3, 7, 13, 18]
[1, 2, 7, 17, 19]
[1, 2, 9, 12, 13]
[1, 2, 8, 14, 18]
[2, 4, 5, 17]
[3, 4, 5, 9]
[2, 3, 5, 23]
[2, 4, 6, 8]
[3, 4, 6, 10, 17]
[1, 4, 6, 23]
[1, 3, 8, 9, 11]
[16, 17, 18, 19, 20, 21, 22, 23, 24, 25, 26, 27, 28]


6
process id 6
stats
5, 15, 7, 100, 1000
20220818-190500
loosing coalitions taken
[1, 3, 8, 9, 16]
[1, 4, 7, 10, 16]
[2, 3, 5, 25]
[1, 5, 6, 15, 21]
[1, 2, 9, 10, 14]
[1, 3, 7, 11, 20]
[1, 4, 8, 11, 13]
[1, 4, 6, 27]
[2, 3, 6, 11]
[2, 4, 5, 12]
[3, 4, 5, 14]
[1, 2, 7, 15, 22]
[2, 4, 6, 10, 22]
[2, 3, 7, 8, 10]
[16, 17, 18, 19, 20, 21, 22, 23, 24, 25, 26, 27, 28]


5
process id 3
stats
5, 15, 7, 100, 1000
20220818-190500
loosing coalitions taken
[2, 4, 5, 20]
[1, 2, 7, 17, 18]
[1, 3, 7, 14, 22]
[1, 4, 7, 11, 16]
[2, 3, 6, 13]
[1, 5, 6, 16, 17]
[1, 2, 8, 15, 16]
[1, 4, 6, 24, 28]
[1, 3, 8, 12, 18]
[1, 2, 10, 12, 13]
[3, 4, 5, 15]
[2, 4, 6, 12, 19]
[3, 4, 6, 8]
[2, 3, 5, 19]
[16, 17, 18, 19, 20, 21, 22, 23, 24, 25, 26, 27, 28]


6
process id 5
stats
5, 15, 7, 100, 1000
20220818-190501
loosing coalitions taken
[1, 2, 10, 12, 13]
[2, 3, 5, 24]
[1, 2, 8, 14, 17]
[1, 4, 7, 8]
[3, 4, 6, 11, 20]
[2, 5, 6, 7, 9]
[3, 4, 5, 9, 26]
[2, 3, 6, 16, 19]
[1, 2, 7, 11, 27]
[1, 3, 8, 9, 19]
[2, 4, 5, 14]
[1, 5, 6, 14, 22]
[2, 4, 6, 13, 18]
[1, 4, 6, 27]
[16, 17, 18, 19, 20, 21, 22, 23, 24, 25, 26, 27, 28]


6
process id 1
stats
5, 15, 7, 100, 1000
20220818-190502
loosing coalitions taken
[2, 4, 5, 19]
[1, 2, 7, 11, 27]
[2, 3, 7, 8, 9]
[1, 2, 9, 12, 13]
[1, 3, 8, 12, 19]
[1, 2, 8, 15, 16]
[1, 3, 9, 10, 11]
[2, 3, 6, 11]
[3, 4, 6, 14, 18]
[1, 4, 6, 27]
[3, 4, 5, 9]
[2, 3, 5, 24]
[1, 5, 6, 13, 20]
[1, 3, 7, 13, 21]
[16, 17, 18, 19, 20, 21, 22, 23, 24, 25, 26, 27, 28]


6
process id 6
stats
5, 15, 7, 100, 1000
20220818-190502
loosing coalitions taken
[1, 5, 6, 16, 17]
[1, 3, 8, 12, 17]
[1, 2, 8, 10, 20]
[2, 4, 6, 9, 22]
[1, 2, 7, 16, 19]
[2, 4, 5, 17]
[1, 2, 9, 12, 13]
[1, 4, 6, 27]
[3, 4, 6, 7]
[3, 4, 5, 15]
[2, 3, 6, 10]
[1, 3, 7, 14, 18]
[1, 4, 8, 9, 11]
[2, 3, 5, 18, 28]
[16, 17, 18, 19, 20, 21, 22, 23, 24, 25, 26, 27, 28]


6
process id 2
stats
5, 15, 7, 100, 1000
20220818-190504
loosing coalitions taken
[2, 4, 6, 11, 22]
[1, 3, 7, 15, 20]
[2, 3, 6, 12]
[2, 4, 5, 18]
[1, 5, 6, 10, 24]
[1, 4, 6, 27]
[1, 4, 7, 8, 24]
[1, 2, 8, 9, 22]
[1, 2, 10, 11, 12]
[3, 4, 6, 13, 19]
[2, 3, 5, 19]
[3, 4, 5, 15]
[1, 2, 7, 13, 25]
[1, 3, 8, 11, 19]
[16, 17, 18, 19, 20, 21, 22, 23, 24, 25, 26, 27, 28]


6
process id 1
stats
5, 15, 7, 100, 1000
20220818-190505
loosing coalitions taken
[1, 3, 7, 16, 17]
[1, 2, 7, 9, 28]
[1, 5, 6, 15, 20]
[1, 2, 8, 14, 16]
[2, 4, 6, 10, 21]
[2, 4, 5, 17, 24]
[1, 4, 6, 27]
[1, 2, 10, 11, 13]
[2, 3, 6, 12]
[3, 4, 5, 16, 20]
[3, 4, 6, 8]
[1, 4, 7, 12, 13]
[2, 3, 5, 23]
[1, 3, 9, 10, 12]
[16, 17, 18, 19, 20, 21, 22, 23, 24, 25, 26, 27, 28]


6
process id 0
stats
5, 15, 7, 100, 1000
20220818-190506
loosing coalitions taken
[1, 2, 8, 9, 21]
[1, 2, 7, 12, 25]
[1, 4, 7, 11, 16]
[2, 3, 6, 11]
[1, 3, 8, 13, 16]
[2, 4, 5, 20]
[1, 4, 6, 28]
[2, 4, 6, 9, 18]
[3, 4, 5, 15]
[1, 3, 7, 14, 21]
[2, 3, 5, 18]
[1, 5, 6, 12, 22]
[3, 4, 6, 7]
[1, 3, 9, 10, 12]
[16, 17, 18, 19, 20, 21, 22, 23, 24, 25, 26, 27, 28]


6
process id 2
stats
5, 15, 7, 100, 1000
20220818-190507
loosing coalitions taken
[2, 3, 6, 9, 26]
[1, 2, 8, 14, 18]
[1, 2, 7, 16, 19]
[3, 4, 5, 14]
[2, 4, 6, 12, 18]
[1, 5, 6, 15, 17]
[1, 3, 7, 11, 20]
[1, 2, 9, 10, 12]
[2, 3, 5, 23]
[2, 4, 5, 20]
[1, 4, 6, 22, 27]
[1, 4, 8, 10, 11]
[3, 4, 6, 8]
[1, 3, 8, 15, 16]
[16, 17, 18, 19, 20, 21, 22, 23, 24, 25, 26, 27, 28]


6
process id 4
stats
5, 15, 7, 100, 1000
20220818-190508
loosing coalitions taken
[2, 3, 6, 11]
[1, 3, 9, 10, 12]
[1, 4, 7, 8]
[3, 4, 5, 16]
[1, 2, 7, 9]
[2, 4, 5, 18]
[1, 3, 7, 16, 17]
[2, 4, 6, 8]
[1, 4, 6, 24]
[1, 2, 10, 11, 13]
[1, 5, 6, 12, 21]
[2, 3, 5, 25]
[1, 2, 8, 12, 16]
[1, 3, 8, 13, 15]
[16, 17, 18, 19, 20, 21, 22, 23, 24, 25, 26, 27, 28]


5
process id 4
stats
5, 15, 7, 100, 1000
20220818-190510
loosing coalitions taken
[1, 2, 7, 14, 24]
[1, 3, 7, 13, 21]
[1, 4, 8, 9, 14]
[1, 2, 9, 11, 12]
[3, 4, 6, 10, 21]
[2, 3, 6, 13]
[3, 4, 5, 16]
[1, 5, 6, 12, 20]
[2, 3, 5, 17]
[1, 2, 8, 10, 20]
[1, 4, 7, 10, 12]
[2, 4, 6, 8]
[1, 4, 6, 24]
[2, 4, 5, 15]
[16, 17, 18, 19, 20, 21, 22, 23, 24, 25, 26, 27, 28]


6
process id 1
stats
5, 15, 7, 100, 1000
20220818-190510
loosing coalitions taken
[1, 3, 7, 15, 20]
[2, 3, 6, 16, 22]
[1, 2, 9, 10, 12]
[1, 2, 8, 11, 21]
[2, 4, 5, 21, 28]
[1, 3, 8, 10, 16]
[2, 5, 6, 7, 14]
[1, 4, 7, 9, 14]
[2, 3, 5, 23, 24]
[1, 4, 6, 25, 26]
[1, 5, 6, 9, 22]
[3, 4, 5, 17, 19]
[2, 4, 6, 12, 20]
[3, 4, 6, 8]
[16, 17, 18, 19, 20, 21, 22, 23, 24, 25, 26, 27, 28]


6
process id 0
stats
5, 15, 7, 100, 1000
20220818-190510
loosing coalitions taken
[2, 3, 6, 14, 26]
[1, 3, 7, 14, 20]
[1, 2, 7, 9]
[1, 4, 6, 27]
[1, 4, 7, 8, 26]
[2, 4, 6, 13, 22]
[2, 4, 5, 15, 24]
[2, 3, 5, 18]
[3, 4, 5, 20, 23]
[3, 4, 6, 8]
[1, 2, 8, 15, 16]
[1, 2, 10, 12, 13]
[1, 3, 8, 11, 17]
[1, 5, 6, 10, 25]
[16, 17, 18, 19, 20, 21, 22, 23, 24, 25, 26, 27, 28]


6
process id 2
stats
5, 15, 7, 100, 1000
20220818-190511
loosing coalitions taken
[2, 3, 6, 14]
[1, 2, 9, 11, 13]
[1, 2, 8, 10, 17]
[1, 3, 7, 12, 20]
[1, 2, 7, 15, 22]
[1, 5, 6, 11, 24]
[1, 4, 7, 8]
[2, 4, 5, 17]
[3, 4, 5, 15]
[2, 3, 5, 19, 27]
[1, 4, 6, 22]
[3, 4, 6, 8]
[2, 4, 6, 16, 18]
[1, 3, 8, 9, 15]
[16, 17, 18, 19, 20, 21, 22, 23, 24, 25, 26, 27, 28]


5
process id 1
stats
5, 15, 7, 100, 1000
20220818-190512
loosing coalitions taken
[1, 5, 6, 9, 26]
[1, 3, 7, 12, 22]
[2, 4, 5, 16]
[1, 4, 8, 9, 12]
[1, 2, 7, 9]
[2, 3, 5, 25]
[2, 3, 6, 12]
[2, 4, 6, 8]
[3, 4, 6, 10, 16]
[3, 4, 5, 13]
[1, 4, 7, 10, 15]
[1, 4, 6, 27]
[1, 2, 8, 13, 18]
[1, 2, 10, 12, 14]
[16, 17, 18, 19, 20, 21, 22, 23, 24, 25, 26, 27, 28]


6
process id 6
stats
5, 15, 7, 100, 1000
20220818-190513
loosing coalitions taken
[2, 4, 6, 13, 22]
[1, 5, 6, 9, 25]
[1, 3, 8, 10, 19]
[1, 3, 7, 15, 18]
[2, 3, 6, 14]
[1, 2, 7, 11, 24]
[2, 4, 5, 17]
[3, 4, 5, 13]
[1, 2, 8, 13, 18]
[2, 3, 5, 24]
[3, 4, 6, 8]
[1, 4, 7, 9, 13]
[1, 4, 6, 28]
[1, 4, 8, 11, 14]
[16, 17, 18, 19, 20, 21, 22, 23, 24, 25, 26, 27, 28]


5
process id 1
stats
5, 15, 7, 100, 1000
20220818-190514
loosing coalitions taken
[3, 4, 5, 16]
[1, 4, 8, 11, 13]
[2, 3, 6, 10]
[1, 2, 8, 14, 16]
[1, 3, 7, 11, 22]
[1, 3, 8, 9, 20]
[1, 4, 7, 9, 16]
[1, 5, 6, 12, 23]
[1, 4, 6, 26]
[2, 4, 5, 15]
[2, 3, 5, 20]
[1, 2, 7, 10, 28]
[3, 4, 6, 7]
[2, 4, 6, 8]
[16, 17, 18, 19, 20, 21, 22, 23, 24, 25, 26, 27, 28]


6
process id 5
stats
5, 15, 7, 100, 1000
20220818-190515
loosing coalitions taken
[1, 5, 6, 9, 23]
[1, 2, 8, 14, 18]
[2, 3, 6, 12]
[1, 3, 7, 13, 20]
[1, 3, 8, 10, 16]
[1, 2, 7, 9]
[2, 4, 5, 18]
[2, 3, 5, 23, 28]
[3, 4, 6, 7]
[3, 4, 5, 13]
[1, 4, 6, 26]
[1, 4, 7, 10, 11]
[2, 4, 6, 14, 20]
[1, 4, 8, 9, 15]
[16, 17, 18, 19, 20, 21, 22, 23, 24, 25, 26, 27, 28]


6
process id 3
stats
5, 15, 7, 100, 1000
20220818-190515
loosing coalitions taken
[2, 3, 6, 11]
[1, 5, 6, 9, 25]
[1, 2, 7, 9]
[1, 3, 8, 10, 17]
[1, 4, 6, 27]
[2, 4, 5, 17]
[3, 4, 5, 12]
[2, 3, 5, 24, 28]
[1, 4, 7, 8]
[2, 4, 6, 10, 22]
[1, 2, 10, 12, 13]
[1, 3, 7, 11, 22]
[3, 4, 6, 8]
[1, 2, 8, 11, 21]
[16, 17, 18, 19, 20, 21, 22, 23, 24, 25, 26, 27, 28]


6
process id 0
stats
5, 15, 7, 100, 1000
20220818-190515
loosing coalitions taken
[1, 2, 9, 12, 13]
[3, 4, 6, 13, 19]
[2, 3, 5, 22]
[1, 3, 8, 13, 16]
[1, 4, 7, 10, 16]
[2, 4, 6, 11, 21]
[1, 2, 8, 14, 19]
[1, 2, 7, 17, 18]
[2, 3, 6, 12]
[1, 4, 6, 26]
[2, 4, 5, 15]
[1, 5, 6, 10, 24]
[3, 4, 5, 20, 23]
[1, 3, 7, 15, 21]
[16, 17, 18, 19, 20, 21, 22, 23, 24, 25, 26, 27, 28]


5
process id 7
stats
5, 15, 7, 100, 1000
20220818-190516
loosing coalitions taken
[3, 4, 5, 16]
[1, 3, 8, 10, 18]
[1, 2, 9, 12, 14]
[2, 4, 6, 9, 23]
[1, 5, 6, 12, 20]
[2, 3, 6, 13]
[1, 3, 7, 14, 22]
[2, 4, 5, 17, 21]
[1, 4, 6, 24]
[1, 2, 7, 15, 17]
[2, 3, 5, 20]
[3, 4, 6, 10, 15]
[1, 2, 8, 11, 20]
[1, 4, 7, 8, 25]
[16, 17, 18, 19, 20, 21, 22, 23, 24, 25, 26, 27, 28]


5
process id 5
stats
5, 15, 7, 100, 1000
20220818-190516
loosing coalitions taken
[1, 4, 7, 8]
[1, 5, 6, 11, 24]
[1, 2, 9, 11, 12]
[2, 4, 5, 19]
[1, 3, 8, 12, 13]
[3, 4, 5, 9]
[1, 3, 7, 15, 20]
[2, 4, 6, 11, 20]
[1, 4, 6, 28]
[2, 3, 5, 25]
[3, 4, 6, 10, 18]
[2, 3, 6, 12, 23]
[1, 2, 7, 10, 26]
[1, 2, 8, 15, 17]
[16, 17, 18, 19, 20, 21, 22, 23, 24, 25, 26, 27, 28]


6
process id 0
stats
5, 15, 7, 100, 1000
20220818-190519
loosing coalitions taken
[1, 2, 8, 14, 18]
[1, 3, 7, 12, 20]
[1, 2, 7, 17, 19]
[2, 3, 6, 14]
[1, 2, 10, 11, 12]
[2, 4, 5, 21, 26]
[1, 4, 7, 9, 18]
[1, 5, 6, 11, 22]
[3, 4, 5, 9]
[3, 4, 6, 8, 27]
[2, 4, 6, 15, 17]
[1, 4, 6, 24]
[2, 3, 5, 20]
[1, 3, 8, 10, 19]
[16, 17, 18, 19, 20, 21, 22, 23, 24, 25, 26, 27, 28]


5
process id 3
stats
5, 15, 7, 100, 1000
20220818-190520
loosing coalitions taken
[2, 4, 5, 18]
[1, 3, 7, 14, 19]
[1, 5, 6, 13, 21]
[1, 2, 8, 9, 19]
[2, 3, 6, 9]
[1, 2, 10, 11, 14]
[1, 3, 8, 11, 12]
[2, 3, 5, 17]
[1, 4, 6, 22]
[1, 2, 7, 15, 20]
[3, 4, 5, 14]
[3, 4, 6, 13, 16]
[1, 4, 7, 8]
[2, 4, 6, 8]
[16, 17, 18, 19, 20, 21, 22, 23, 24, 25, 26, 27, 28]


5
process id 5
stats
5, 15, 7, 100, 1000
20220818-190521
loosing coalitions taken
[1, 2, 7, 13, 24]
[1, 3, 8, 11, 17]
[2, 3, 6, 10]
[1, 3, 7, 15, 18]
[1, 2, 8, 12, 19]
[1, 4, 7, 8]
[1, 5, 6, 11, 20]
[2, 4, 5, 20]
[2, 3, 5, 24]
[3, 4, 6, 8, 26]
[3, 4, 5, 10]
[1, 4, 6, 23]
[2, 4, 6, 9, 22]
[1, 2, 10, 11, 14]
[16, 17, 18, 19, 20, 21, 22, 23, 24, 25, 26, 27, 28]


5
process id 3
stats
5, 15, 7, 100, 1000
20220818-190521
loosing coalitions taken
[1, 3, 7, 16, 19]
[1, 3, 8, 11, 17]
[1, 5, 6, 11, 23]
[2, 3, 6, 11]
[1, 2, 8, 13, 20]
[1, 4, 8, 10, 14]
[1, 2, 7, 10, 27]
[2, 4, 5, 14]
[3, 4, 5, 9]
[2, 4, 6, 8]
[1, 4, 6, 28]
[2, 3, 5, 19]
[3, 4, 6, 12, 18]
[1, 4, 7, 9, 12]
[16, 17, 18, 19, 20, 21, 22, 23, 24, 25, 26, 27, 28]


6
process id 5
stats
5, 15, 7, 100, 1000
20220818-190523
loosing coalitions taken
[2, 3, 6, 11]
[1, 2, 7, 16, 18]
[1, 2, 8, 14, 17]
[2, 4, 5, 17]
[1, 2, 10, 12, 13]
[1, 4, 8, 9, 12]
[1, 3, 8, 15, 16]
[2, 4, 6, 8]
[3, 4, 5, 15]
[1, 4, 6, 26]
[2, 3, 5, 24]
[1, 5, 6, 14, 22]
[3, 4, 6, 10, 16]
[1, 3, 7, 10, 21]
[16, 17, 18, 19, 20, 21, 22, 23, 24, 25, 26, 27, 28]


6
process id 7
stats
5, 15, 7, 100, 1000
20220818-190523
loosing coalitions taken
[1, 3, 7, 13, 19]
[1, 4, 7, 14, 15]
[1, 2, 7, 10, 28]
[2, 3, 6, 10]
[1, 2, 8, 11, 21]
[1, 2, 9, 12, 13]
[2, 4, 5, 17]
[3, 4, 5, 10]
[2, 3, 5, 18, 25]
[1, 3, 8, 9, 17]
[1, 4, 6, 26]
[2, 4, 6, 8]
[1, 5, 6, 11, 22]
[3, 4, 6, 9, 19]
[16, 17, 18, 19, 20, 21, 22, 23, 24, 25, 26, 27, 28]


5
process id 1
stats
5, 15, 7, 100, 1000
20220818-190524
loosing coalitions taken
[2, 4, 5, 21, 25]
[2, 3, 5, 23]
[1, 2, 7, 9, 26]
[1, 2, 8, 13, 18]
[1, 3, 9, 10, 12]
[1, 4, 7, 8]
[3, 4, 6, 12, 20]
[1, 5, 6, 10, 25]
[3, 4, 5, 16, 27]
[2, 3, 6, 15, 18]
[2, 4, 6, 16, 17]
[1, 4, 6, 26]
[2, 5, 6, 8, 11]
[1, 2, 10, 11, 14]
[16, 17, 18, 19, 20, 21, 22, 23, 24, 25, 26, 27, 28]


5
process id 0
stats
5, 15, 7, 100, 1000
20220818-190525
loosing coalitions taken
[1, 3, 8, 12, 17]
[1, 2, 7, 9]
[3, 4, 6, 8]
[3, 4, 5, 14, 26]
[2, 3, 5, 22, 23]
[2, 3, 6, 14, 28]
[1, 5, 6, 10, 18]
[2, 4, 6, 11, 24]
[1, 4, 7, 12, 15]
[2, 4, 5, 15]
[1, 4, 6, 26]
[1, 4, 8, 9, 13]
[1, 3, 7, 13, 19]
[1, 2, 10, 11, 12]
[16, 17, 18, 19, 20, 21, 22, 23, 24, 25, 26, 27, 28]


6
process id 4
stats
5, 15, 7, 100, 1000
20220818-190525
loosing coalitions taken
[2, 3, 6, 16, 22]
[1, 5, 6, 15, 20]
[1, 2, 7, 11, 23]
[1, 2, 8, 13, 18]
[1, 3, 8, 12, 17]
[1, 4, 6, 23]
[3, 4, 5, 11]
[2, 4, 5, 20, 27]
[2, 3, 5, 21, 28]
[1, 4, 7, 8, 26]
[2, 4, 6, 9, 25]
[1, 3, 7, 10, 18]
[3, 4, 6, 7]
[1, 2, 9, 10, 12]
[16, 17, 18, 19, 20, 21, 22, 23, 24, 25, 26, 27, 28]


6
process id 6
stats
5, 15, 7, 100, 1000
20220818-190526
loosing coalitions taken
[1, 2, 7, 9]
[2, 3, 6, 18, 21]
[2, 4, 5, 17, 27]
[2, 3, 5, 25]
[1, 4, 6, 28]
[3, 4, 5, 18, 26]
[1, 3, 8, 9, 13]
[2, 4, 6, 8]
[1, 5, 6, 13, 24]
[1, 4, 8, 10, 12]
[3, 4, 6, 14, 20]
[1, 4, 7, 11, 17]
[1, 2, 8, 14, 19]
[1, 3, 7, 15, 18]
[16, 17, 18, 19, 20, 21, 22, 23, 24, 25, 26, 27, 28]


6
process id 2
stats
5, 15, 7, 100, 1000
20220818-190527
loosing coalitions taken
[2, 3, 6, 13]
[1, 2, 9, 10, 12]
[1, 3, 8, 9, 18]
[1, 4, 7, 8]
[1, 5, 6, 10, 23]
[3, 4, 5, 17, 20]
[2, 4, 5, 13]
[1, 3, 7, 12, 17]
[3, 4, 6, 8, 27]
[1, 4, 6, 24, 28]
[2, 3, 5, 19]
[1, 2, 8, 14, 16]
[2, 4, 6, 15, 21]
[1, 2, 7, 11, 26]
[16, 17, 18, 19, 20, 21, 22, 23, 24, 25, 26, 27, 28]


5
process id 3
stats
5, 15, 7, 100, 1000
20220818-190527
loosing coalitions taken
[1, 3, 7, 9, 23]
[1, 2, 8, 11, 20]
[3, 4, 6, 14, 17]
[1, 3, 8, 13, 15]
[1, 5, 6, 9, 22]
[1, 2, 10, 12, 13]
[3, 4, 5, 15]
[1, 2, 7, 14, 24]
[1, 4, 6, 28]
[2, 4, 6, 10, 21]
[2, 3, 6, 9]
[2, 4, 5, 14]
[2, 3, 5, 25]
[1, 4, 7, 8, 21]
[16, 17, 18, 19, 20, 21, 22, 23, 24, 25, 26, 27, 28]


6
process id 7
stats
5, 15, 7, 100, 1000
20220818-190528
loosing coalitions taken
[1, 2, 8, 15, 17]
[1, 2, 9, 11, 12]
[1, 4, 7, 8]
[1, 5, 6, 13, 24]
[2, 4, 6, 16, 19]
[2, 3, 6, 10, 28]
[3, 4, 6, 15, 17]
[2, 4, 5, 14]
[2, 3, 5, 17]
[1, 4, 6, 26]
[3, 4, 5, 11]
[1, 3, 8, 12, 16]
[1, 3, 7, 9, 24]
[1, 2, 7, 10, 21]
[16, 17, 18, 19, 20, 21, 22, 23, 24, 25, 26, 27, 28]


6
process id 0
stats
5, 15, 7, 100, 1000
20220818-190529
loosing coalitions taken
[3, 4, 5, 20, 24]
[1, 2, 9, 11, 14]
[1, 3, 7, 10, 22]
[2, 4, 5, 18]
[1, 2, 8, 12, 20]
[1, 5, 6, 16, 17]
[1, 2, 7, 16, 21]
[1, 3, 8, 11, 17]
[2, 3, 6, 14]
[1, 4, 7, 11, 13]
[2, 4, 6, 15, 17]
[2, 3, 5, 19]
[1, 4, 6, 23]
[3, 4, 6, 10, 21]
[16, 17, 18, 19, 20, 21, 22, 23, 24, 25, 26, 27, 28]


6
process id 5
stats
5, 15, 7, 100, 1000
20220818-190529
loosing coalitions taken
[1, 3, 8, 15, 16]
[2, 3, 6, 12, 27]
[1, 5, 6, 14, 22]
[1, 3, 9, 10, 12]
[3, 4, 6, 11, 17]
[3, 4, 5, 18, 27]
[1, 3, 7, 11, 23]
[1, 2, 7, 15, 19]
[2, 4, 6, 10, 18]
[2, 4, 5, 19, 28]
[2, 3, 5, 20]
[1, 4, 7, 12, 13]
[1, 4, 6, 26]
[1, 2, 10, 11, 13]
[16, 17, 18, 19, 20, 21, 22, 23, 24, 25, 26, 27, 28]


6
process id 2
stats
5, 15, 7, 100, 1000
20220818-190530
loosing coalitions taken
[1, 5, 6, 10, 26]
[1, 3, 7, 11, 23]
[1, 2, 9, 12, 14]
[1, 2, 7, 15, 20]
[3, 4, 6, 11, 20]
[1, 4, 6, 27]
[2, 3, 6, 14]
[2, 4, 5, 21, 28]
[2, 3, 5, 25]
[3, 4, 5, 9]
[1, 4, 8, 10, 14]
[2, 4, 6, 16, 18]
[1, 2, 8, 13, 19]
[1, 3, 8, 9, 17]
[16, 17, 18, 19, 20, 21, 22, 23, 24, 25, 26, 27, 28]


6
process id 0
stats
5, 15, 7, 100, 1000
20220818-190530
loosing coalitions taken
[3, 4, 5, 19, 23]
[2, 3, 6, 10]
[1, 2, 7, 9]
[1, 3, 8, 12, 18]
[2, 4, 5, 16]
[2, 4, 6, 14, 20]
[3, 4, 6, 9, 22]
[1, 4, 6, 26]
[1, 3, 7, 10, 20]
[1, 5, 6, 16, 19]
[1, 2, 8, 11, 17]
[2, 3, 5, 22]
[1, 4, 8, 10, 15]
[1, 2, 10, 12, 13]
[16, 17, 18, 19, 20, 21, 22, 23, 24, 25, 26, 27, 28]


5
process id 6
stats
5, 15, 7, 100, 1000
20220818-190531
loosing coalitions taken
[1, 4, 8, 10, 14]
[1, 3, 8, 12, 19]
[2, 4, 5, 19]
[1, 5, 6, 15, 17]
[1, 2, 7, 10, 26]
[2, 3, 6, 12]
[1, 2, 8, 15, 16]
[1, 4, 7, 11, 17]
[2, 4, 6, 8]
[3, 4, 5, 13]
[2, 3, 5, 24]
[1, 3, 7, 14, 20]
[3, 4, 6, 9, 22]
[1, 4, 6, 23]
[16, 17, 18, 19, 20, 21, 22, 23, 24, 25, 26, 27, 28]


6
process id 1
stats
5, 15, 7, 100, 1000
20220818-190533
loosing coalitions taken
[1, 4, 7, 9, 18]
[2, 3, 6, 10, 27]
[1, 5, 6, 10, 25]
[1, 2, 7, 13, 23]
[1, 2, 10, 11, 14]
[1, 2, 8, 12, 17]
[2, 4, 5, 20]
[1, 3, 8, 10, 19]
[2, 4, 6, 11, 23]
[2, 3, 5, 24]
[3, 4, 5, 11, 28]
[1, 4, 6, 24]
[3, 4, 6, 15, 17]
[1, 3, 7, 14, 15]
[16, 17, 18, 19, 20, 21, 22, 23, 24, 25, 26, 27, 28]


6
process id 3
stats
5, 15, 7, 100, 1000
20220818-190533
loosing coalitions taken
[1, 5, 6, 9, 26]
[1, 3, 7, 11, 22]
[3, 4, 5, 16]
[1, 3, 9, 10, 12]
[1, 2, 8, 10, 18]
[1, 2, 7, 9, 25]
[1, 4, 6, 28]
[2, 4, 5, 20]
[2, 3, 5, 22]
[1, 4, 7, 8, 23]
[3, 4, 6, 8, 24]
[2, 3, 6, 16, 21]
[1, 3, 8, 14, 15]
[2, 4, 6, 11, 22]
[16, 17, 18, 19, 20, 21, 22, 23, 24, 25, 26, 27, 28]


6
process id 4
stats
5, 15, 7, 100, 1000
20220818-190535
loosing coalitions taken
[1, 5, 6, 16, 17]
[1, 3, 8, 13, 15]
[1, 2, 8, 12, 21]
[1, 4, 6, 26, 27]
[1, 4, 7, 12, 16]
[2, 4, 6, 10, 22]
[2, 3, 6, 9]
[1, 2, 7, 10, 27]
[1, 4, 8, 9, 14]
[3, 4, 5, 15]
[2, 4, 5, 18, 27]
[2, 3, 5, 23, 25]
[1, 3, 7, 14, 17]
[3, 4, 6, 14, 19]
[16, 17, 18, 19, 20, 21, 22, 23, 24, 25, 26, 27, 28]


5
process id 2
stats
5, 15, 7, 100, 1000
20220818-190536
loosing coalitions taken
[3, 4, 5, 20, 23]
[1, 2, 9, 11, 12]
[1, 5, 6, 10, 26]
[2, 4, 6, 16, 18]
[3, 4, 6, 13, 21]
[2, 3, 6, 12]
[1, 3, 8, 13, 14]
[1, 2, 7, 13, 25]
[2, 3, 5, 19]
[1, 4, 6, 27, 28]
[1, 3, 7, 10, 23]
[2, 4, 5, 17, 22]
[1, 4, 7, 9, 18]
[1, 2, 8, 10, 21]
[16, 17, 18, 19, 20, 21, 22, 23, 24, 25, 26, 27, 28]


6
process id 6
stats
5, 15, 7, 100, 1000
20220818-190536
loosing coalitions taken
[1, 3, 9, 10, 12]
[2, 3, 5, 24]
[1, 2, 8, 14, 17]
[1, 3, 8, 11, 18]
[1, 4, 7, 8]
[3, 4, 6, 11, 20]
[1, 5, 6, 13, 21]
[2, 4, 6, 8]
[3, 4, 5, 16]
[1, 4, 6, 28]
[2, 4, 5, 15]
[1, 3, 7, 13, 16]
[2, 3, 6, 10]
[1, 2, 7, 9]
[16, 17, 18, 19, 20, 21, 22, 23, 24, 25, 26, 27, 28]


6
process id 3
stats
5, 15, 7, 100, 1000
20220818-190539
loosing coalitions taken
[2, 4, 5, 18]
[1, 2, 10, 12, 13]
[1, 4, 6, 23, 25]
[1, 4, 7, 8]
[3, 4, 5, 15]
[1, 3, 7, 15, 17]
[2, 4, 6, 8]
[3, 4, 6, 9, 18]
[2, 3, 5, 20, 26]
[1, 5, 6, 16, 20]
[1, 2, 8, 14, 19]
[2, 3, 6, 10, 22]
[1, 2, 7, 11, 26]
[1, 3, 8, 12, 16]
[16, 17, 18, 19, 20, 21, 22, 23, 24, 25, 26, 27, 28]


5
process id 6
stats
5, 15, 7, 100, 1000
20220818-190540
loosing coalitions taken
[1, 3, 7, 11, 20]
[1, 2, 7, 10, 24]
[2, 3, 5, 23]
[1, 3, 8, 12, 17]
[2, 4, 6, 10, 22]
[1, 4, 7, 9, 17]
[3, 4, 6, 7]
[1, 5, 6, 14, 18]
[3, 4, 5, 14, 27]
[1, 2, 8, 9, 22]
[2, 3, 6, 13, 25]
[2, 4, 5, 16]
[1, 4, 6, 23, 25]
[1, 4, 8, 13, 14]
[16, 17, 18, 19, 20, 21, 22, 23, 24, 25, 26, 27, 28]


6
process id 5
stats
5, 15, 7, 100, 1000
20220818-190541
loosing coalitions taken
[1, 3, 8, 11, 18]
[1, 2, 10, 12, 13]
[1, 3, 7, 12, 19]
[1, 2, 7, 11, 27]
[3, 4, 5, 16]
[1, 2, 8, 9, 17]
[2, 5, 6, 8, 10]
[2, 3, 6, 13]
[3, 4, 6, 7]
[2, 4, 5, 20, 28]
[2, 3, 5, 22]
[1, 4, 6, 26]
[1, 5, 6, 14, 17]
[1, 4, 7, 9, 13]
[16, 17, 18, 19, 20, 21, 22, 23, 24, 25, 26, 27, 28]


6
process id 1
stats
5, 15, 7, 100, 1000
20220818-190541
loosing coalitions taken
[1, 2, 8, 12, 19]
[1, 5, 6, 15, 20]
[3, 4, 6, 9, 22]
[1, 2, 7, 9, 23]
[1, 3, 8, 10, 17]
[1, 2, 10, 11, 13]
[1, 4, 7, 8, 28]
[1, 3, 7, 11, 18]
[2, 3, 6, 11, 24]
[2, 4, 6, 10, 19]
[1, 4, 6, 23]
[3, 4, 5, 14, 25]
[2, 4, 5, 21, 22]
[2, 3, 5, 17]
[16, 17, 18, 19, 20, 21, 22, 23, 24, 25, 26, 27, 28]


6
process id 7
stats
5, 15, 7, 100, 1000
20220818-190544
loosing coalitions taken
[1, 5, 6, 16, 17]
[1, 3, 7, 13, 19]
[1, 2, 10, 11, 12]
[1, 2, 7, 14, 24]
[1, 3, 8, 11, 18]
[2, 4, 5, 18]
[1, 2, 8, 9, 20]
[3, 4, 6, 10, 20]
[2, 3, 6, 13]
[2, 3, 5, 21]
[1, 4, 6, 22]
[1, 4, 7, 8]
[2, 4, 6, 12, 21]
[3, 4, 5, 9]
[16, 17, 18, 19, 20, 21, 22, 23, 24, 25, 26, 27, 28]


6
process id 1
stats
5, 15, 7, 100, 1000
20220818-190544
loosing coalitions taken
[2, 4, 5, 18]
[3, 4, 6, 9, 20]
[1, 3, 7, 10, 23]
[1, 2, 10, 12, 14]
[2, 3, 6, 10]
[1, 2, 7, 9, 27]
[1, 4, 6, 26]
[2, 3, 5, 21]
[3, 4, 5, 13]
[1, 4, 7, 8]
[1, 3, 8, 11, 16]
[1, 2, 8, 13, 17]
[1, 5, 6, 14, 21]
[2, 4, 6, 8]
[16, 17, 18, 19, 20, 21, 22, 23, 24, 25, 26, 27, 28]


5
process id 5
stats
5, 15, 7, 100, 1000
20220818-190544
loosing coalitions taken
[2, 4, 5, 19]
[1, 2, 8, 13, 18]
[2, 3, 6, 13]
[1, 3, 7, 11, 23]
[1, 2, 7, 9]
[1, 5, 6, 10, 24]
[1, 3, 8, 10, 19]
[1, 2, 10, 12, 14]
[2, 3, 5, 18, 27]
[3, 4, 6, 11, 19]
[3, 4, 5, 15]
[1, 4, 6, 28]
[2, 4, 6, 9, 16]
[1, 4, 7, 8]
[16, 17, 18, 19, 20, 21, 22, 23, 24, 25, 26, 27, 28]


6
process id 2
stats
5, 15, 7, 100, 1000
20220818-190545
loosing coalitions taken
[1, 3, 7, 13, 21]
[2, 4, 6, 14, 22]
[2, 3, 6, 12]
[1, 4, 8, 12, 14]
[1, 5, 6, 15, 18]
[1, 2, 8, 15, 17]
[1, 2, 7, 10, 26]
[2, 3, 5, 25]
[2, 4, 5, 19, 26]
[3, 4, 5, 15, 22]
[3, 4, 6, 9, 19]
[1, 2, 9, 11, 13]
[1, 4, 6, 28]
[1, 4, 7, 9, 18]
[16, 17, 18, 19, 20, 21, 22, 23, 24, 25, 26, 27, 28]


6
process id 5
stats
5, 15, 7, 100, 1000
20220818-190549
loosing coalitions taken
[1, 3, 8, 10, 18]
[1, 2, 8, 15, 16]
[1, 2, 10, 11, 14]
[1, 2, 9, 12, 13]
[3, 4, 5, 20, 22]
[2, 4, 5, 18]
[3, 4, 6, 8]
[1, 4, 7, 12, 16]
[2, 3, 5, 23, 27]
[2, 4, 6, 12, 23]
[1, 4, 6, 27]
[1, 5, 6, 11, 22]
[2, 3, 6, 9]
[1, 3, 7, 9, 24]
[16, 17, 18, 19, 20, 21, 22, 23, 24, 25, 26, 27, 28]


5
process id 3
stats
5, 15, 7, 100, 1000
20220818-190549
loosing coalitions taken
[1, 4, 7, 10, 17]
[1, 2, 8, 11, 17]
[1, 3, 7, 15, 20]
[2, 3, 6, 15, 23]
[2, 4, 6, 13, 20]
[1, 2, 7, 16, 18]
[1, 4, 6, 26]
[1, 2, 10, 12, 13]
[1, 5, 6, 8]
[3, 4, 5, 12]
[2, 4, 5, 14]
[2, 3, 5, 18]
[3, 4, 6, 9, 17]
[1, 4, 8, 13, 14]
[16, 17, 18, 19, 20, 21, 22, 23, 24, 25, 26, 27, 28]


6
process id 1
stats
5, 15, 7, 100, 1000
20220818-190550
loosing coalitions taken
[2, 3, 5, 23]
[1, 2, 8, 13, 19]
[1, 2, 7, 10, 25]
[1, 2, 9, 11, 12]
[3, 4, 6, 12, 18]
[2, 4, 5, 17, 28]
[2, 3, 6, 9]
[1, 4, 7, 8, 21]
[3, 4, 5, 16]
[1, 5, 6, 15, 19]
[1, 4, 6, 25]
[2, 4, 6, 11, 23]
[1, 3, 7, 11, 16]
[1, 3, 8, 10, 15]
[16, 17, 18, 19, 20, 21, 22, 23, 24, 25, 26, 27, 28]


6
process id 0
stats
5, 15, 7, 100, 1000
20220818-190551
loosing coalitions taken
[1, 5, 6, 9, 23]
[1, 4, 7, 8]
[2, 4, 6, 16, 18]
[1, 2, 9, 10, 11]
[2, 3, 5, 17]
[2, 3, 6, 10]
[1, 4, 6, 28]
[1, 3, 8, 10, 18]
[3, 4, 6, 12, 17]
[3, 4, 5, 18, 26]
[1, 2, 8, 12, 16]
[1, 3, 7, 11, 23]
[2, 4, 5, 14]
[1, 2, 7, 13, 19]
[16, 17, 18, 19, 20, 21, 22, 23, 24, 25, 26, 27, 28]


6
process id 4
stats
5, 15, 7, 100, 1000
20220818-190552
loosing coalitions taken
[1, 5, 6, 9, 26]
[1, 2, 9, 11, 14]
[3, 4, 5, 16, 27]
[2, 4, 5, 18]
[2, 3, 6, 12]
[1, 3, 8, 11, 16]
[1, 4, 8, 9, 10]
[1, 2, 7, 15, 22]
[1, 3, 7, 10, 19]
[2, 3, 5, 25, 26]
[1, 4, 6, 22]
[3, 4, 6, 7]
[2, 4, 6, 8]
[1, 4, 7, 12, 13]
[16, 17, 18, 19, 20, 21, 22, 23, 24, 25, 26, 27, 28]


6
process id 5
stats
5, 15, 7, 100, 1000
20220818-190552
loosing coalitions taken
[1, 4, 7, 12, 16]
[1, 2, 8, 11, 18]
[2, 4, 5, 17]
[1, 5, 6, 15, 20]
[1, 3, 7, 14, 21]
[3, 4, 5, 16]
[2, 3, 6, 10]
[1, 2, 7, 9, 27]
[2, 4, 6, 9, 23]
[2, 3, 5, 22]
[1, 4, 6, 24]
[1, 2, 10, 12, 13]
[1, 3, 8, 10, 16]
[3, 4, 6, 13, 19]
[16, 17, 18, 19, 20, 21, 22, 23, 24, 25, 26, 27, 28]


6
process id 3
stats
5, 15, 7, 100, 1000
20220818-190553
loosing coalitions taken
[1, 2, 7, 16, 17]
[2, 4, 5, 19]
[1, 2, 9, 11, 12]
[2, 3, 7, 8, 10]
[1, 3, 8, 9, 19]
[1, 5, 6, 10, 23]
[3, 4, 6, 10, 20]
[2, 3, 6, 14]
[1, 4, 7, 11, 15]
[2, 4, 6, 13, 17]
[1, 3, 7, 12, 22]
[2, 3, 5, 21]
[3, 4, 5, 15, 25]
[1, 4, 6, 22]
[16, 17, 18, 19, 20, 21, 22, 23, 24, 25, 26, 27, 28]


5
process id 6
stats
5, 15, 7, 100, 1000
20220818-190553
loosing coalitions taken
[1, 2, 7, 17, 18]
[3, 4, 5, 18, 25]
[2, 4, 5, 20]
[2, 3, 6, 14]
[1, 3, 8, 10, 18]
[1, 3, 7, 13, 22]
[1, 2, 10, 12, 13]
[1, 4, 7, 8]
[2, 3, 5, 24]
[3, 4, 6, 8]
[1, 5, 6, 10, 20]
[2, 4, 6, 12, 22]
[1, 4, 6, 25, 27]
[1, 2, 9, 11, 14]
[16, 17, 18, 19, 20, 21, 22, 23, 24, 25, 26, 27, 28]


6
process id 7
stats
5, 15, 7, 100, 1000
20220818-190553
loosing coalitions taken
[3, 4, 6, 10, 21]
[1, 5, 6, 10, 26]
[2, 3, 6, 15, 24]
[2, 3, 5, 25]
[3, 4, 5, 12]
[1, 3, 7, 9, 18]
[1, 4, 6, 23]
[1, 3, 8, 12, 15]
[2, 4, 5, 18]
[1, 4, 7, 11, 14]
[1, 2, 8, 14, 19]
[1, 2, 7, 12, 20]
[2, 4, 6, 11, 16]
[1, 2, 9, 10, 11]
[16, 17, 18, 19, 20, 21, 22, 23, 24, 25, 26, 27, 28]


6
process id 1
stats
5, 15, 7, 100, 1000
20220818-190555
loosing coalitions taken
[2, 3, 6, 13]
[1, 2, 9, 10, 12]
[1, 4, 8, 12, 14]
[1, 2, 8, 11, 17]
[1, 5, 6, 11, 24]
[2, 4, 5, 17]
[1, 4, 6, 28]
[2, 4, 6, 9, 22]
[2, 3, 5, 25, 27]
[3, 4, 5, 14, 28]
[1, 2, 7, 14, 23]
[1, 3, 8, 10, 15]
[3, 4, 6, 15, 16]
[1, 4, 7, 10, 18]
[16, 17, 18, 19, 20, 21, 22, 23, 24, 25, 26, 27, 28]


5
process id 3
stats
5, 15, 7, 100, 1000
20220818-190555
loosing coalitions taken
[1, 2, 10, 11, 12]
[1, 3, 8, 11, 18]
[1, 2, 8, 15, 16]
[2, 3, 5, 24]
[1, 4, 8, 10, 14]
[2, 4, 6, 15, 21]
[1, 3, 7, 15, 20]
[3, 4, 5, 13]
[2, 3, 6, 12]
[1, 2, 7, 9, 26]
[2, 4, 5, 12]
[1, 4, 6, 28]
[1, 5, 6, 9, 21]
[3, 4, 6, 11, 19]
[16, 17, 18, 19, 20, 21, 22, 23, 24, 25, 26, 27, 28]


6
process id 4
stats
5, 15, 7, 100, 1000
20220818-190555
loosing coalitions taken
[1, 5, 6, 11, 21]
[2, 4, 5, 20]
[1, 3, 8, 9, 17]
[2, 3, 6, 10]
[1, 2, 9, 11, 13]
[1, 4, 6, 27]
[1, 2, 8, 14, 16]
[3, 4, 5, 12, 26]
[2, 3, 5, 19]
[1, 2, 7, 12, 21]
[2, 4, 6, 8]
[1, 4, 7, 14, 15]
[3, 4, 6, 13, 19]
[3, 5, 6, 7, 14]
[16, 17, 18, 19, 20, 21, 22, 23, 24, 25, 26, 27, 28]


6
process id 5
stats
5, 15, 7, 100, 1000
20220818-190556
loosing coalitions taken
[1, 5, 6, 12, 23]
[2, 4, 5, 18]
[2, 3, 6, 17, 19]
[1, 3, 8, 14, 15]
[1, 4, 8, 10, 13]
[3, 4, 5, 15, 27]
[2, 3, 5, 25]
[3, 5, 6, 7, 13]
[2, 4, 6, 11, 24]
[1, 3, 7, 12, 21]
[1, 2, 7, 9]
[1, 2, 8, 12, 17]
[3, 4, 6, 8, 23]
[1, 4, 6, 28]
[16, 17, 18, 19, 20, 21, 22, 23, 24, 25, 26, 27, 28]


5
process id 7
stats
5, 15, 7, 100, 1000
20220818-190556
loosing coalitions taken
[1, 3, 8, 9, 19]
[1, 2, 7, 13, 25]
[1, 4, 7, 8]
[2, 3, 6, 13]
[2, 4, 5, 18, 23]
[1, 4, 6, 24]
[2, 3, 5, 21]
[1, 3, 7, 14, 15]
[2, 4, 6, 14, 21]
[3, 4, 5, 15]
[1, 5, 6, 14, 18]
[3, 4, 6, 9, 22]
[1, 2, 9, 10, 12]
[1, 2, 8, 15, 17]
[16, 17, 18, 19, 20, 21, 22, 23, 24, 25, 26, 27, 28]


6
process id 0
stats
5, 15, 7, 100, 1000
20220818-190557
loosing coalitions taken
[1, 3, 7, 9, 24]
[2, 3, 6, 9]
[1, 3, 8, 10, 19]
[1, 2, 8, 15, 17]
[1, 2, 7, 10, 26]
[2, 4, 5, 14]
[2, 3, 5, 25, 27]
[1, 5, 6, 16, 19]
[1, 4, 6, 28]
[3, 4, 5, 16, 28]
[1, 4, 7, 8, 27]
[2, 4, 6, 12, 20]
[3, 4, 6, 7]
[1, 2, 9, 11, 12]
[16, 17, 18, 19, 20, 21, 22, 23, 24, 25, 26, 27, 28]


5
process id 1
stats
5, 15, 7, 100, 1000
20220818-190559
loosing coalitions taken
[1, 3, 8, 14, 16]
[1, 2, 7, 14, 21]
[1, 3, 7, 11, 20]
[1, 2, 10, 12, 13]
[2, 3, 6, 13]
[2, 4, 5, 19]
[2, 4, 6, 9, 18]
[2, 3, 5, 21]
[1, 4, 6, 24]
[1, 5, 6, 16, 19]
[3, 4, 6, 8]
[3, 4, 5, 14]
[1, 4, 7, 8]
[1, 2, 8, 9, 19]
[16, 17, 18, 19, 20, 21, 22, 23, 24, 25, 26, 27, 28]


6
process id 1
stats
5, 15, 7, 100, 1000
20220818-190604
loosing coalitions taken
[2, 4, 6, 12, 20]
[1, 3, 7, 14, 18]
[1, 3, 8, 13, 15]
[1, 2, 7, 9]
[1, 4, 6, 25]
[2, 3, 6, 9]
[1, 4, 7, 11, 13]
[1, 5, 6, 11, 24]
[3, 4, 5, 13]
[1, 2, 8, 10, 19]
[2, 3, 5, 23]
[2, 4, 5, 19, 25]
[1, 3, 9, 10, 11]
[3, 4, 6, 8, 23]
[16, 17, 18, 19, 20, 21, 22, 23, 24, 25, 26, 27, 28]


6
process id 0
stats
5, 15, 7, 100, 1000
20220818-190605
loosing coalitions taken
[1, 3, 7, 13, 18]
[1, 2, 8, 9, 19]
[1, 2, 7, 15, 22]
[3, 4, 5, 16, 27]
[2, 3, 6, 14]
[1, 4, 6, 23]
[1, 2, 10, 12, 13]
[2, 4, 5, 20]
[2, 3, 5, 24]
[3, 4, 6, 7]
[1, 4, 7, 8]
[1, 5, 6, 10, 22]
[2, 4, 6, 12, 18]
[1, 3, 8, 10, 16]
[16, 17, 18, 19, 20, 21, 22, 23, 24, 25, 26, 27, 28]


5
process id 4
stats
5, 15, 7, 100, 1000
20220818-190606
loosing coalitions taken
[1, 5, 6, 10, 24]
[1, 2, 10, 12, 14]
[1, 2, 8, 13, 20]
[2, 4, 5, 17]
[1, 4, 6, 28]
[2, 3, 6, 14, 24]
[1, 2, 7, 9, 26]
[1, 3, 7, 14, 20]
[2, 3, 5, 20]
[2, 4, 6, 8, 27]
[1, 3, 8, 12, 19]
[3, 4, 6, 9, 16]
[1, 4, 7, 11, 16]
[3, 4, 5, 15]
[16, 17, 18, 19, 20, 21, 22, 23, 24, 25, 26, 27, 28]


5
process id 2
stats
5, 15, 7, 100, 1000
20220818-190606
loosing coalitions taken
[1, 2, 7, 16, 19]
[2, 4, 6, 15, 18]
[1, 4, 8, 9, 11]
[1, 3, 7, 12, 20]
[3, 4, 5, 16, 24]
[3, 4, 6, 11, 17]
[1, 4, 6, 26, 28]
[2, 3, 6, 16, 22]
[1, 5, 6, 12, 17]
[1, 2, 8, 10, 17]
[1, 4, 7, 10, 13]
[2, 3, 5, 23]
[1, 2, 9, 12, 14]
[1, 3, 8, 13, 16]
[16, 17, 18, 19, 20, 21, 22, 23, 24, 25, 26, 27, 28]


6
process id 6
stats
5, 15, 7, 100, 1000
20220818-190606
loosing coalitions taken
[3, 4, 6, 9, 21]
[1, 4, 7, 10, 19]
[1, 5, 6, 14, 17]
[1, 2, 7, 16, 21]
[1, 4, 8, 13, 14]
[1, 2, 10, 11, 12]
[2, 4, 6, 13, 20]
[1, 2, 8, 9, 20]
[1, 3, 7, 11, 20]
[2, 4, 5, 15]
[1, 3, 8, 12, 19]
[2, 3, 7, 8, 10]
[1, 4, 6, 23]
[2, 3, 6, 12]
[16, 17, 18, 19, 20, 21, 22, 23, 24, 25, 26, 27, 28]


6
process id 5
stats
5, 15, 7, 100, 1000
20220818-190608
loosing coalitions taken
[2, 3, 5, 24]
[3, 4, 6, 13, 19]
[1, 3, 7, 11, 22]
[1, 2, 7, 9, 26]
[1, 2, 10, 11, 13]
[1, 5, 6, 11, 21]
[2, 4, 5, 18]
[3, 4, 5, 10, 27]
[2, 4, 6, 15, 17]
[2, 3, 6, 12]
[1, 2, 8, 12, 16]
[1, 4, 6, 25]
[1, 4, 7, 8]
[1, 3, 8, 9, 20]
[16, 17, 18, 19, 20, 21, 22, 23, 24, 25, 26, 27, 28]


6
process id 4
stats
5, 15, 7, 100, 1000
20220818-190608
loosing coalitions taken
[2, 3, 6, 13]
[1, 3, 7, 14, 21]
[1, 3, 8, 12, 18]
[1, 5, 6, 16, 17]
[1, 2, 9, 11, 14]
[2, 4, 5, 20]
[3, 4, 5, 12]
[1, 4, 6, 22]
[1, 4, 7, 9, 18]
[2, 4, 6, 14, 19]
[2, 3, 5, 18]
[1, 2, 7, 10, 24]
[1, 2, 8, 13, 15]
[3, 4, 6, 10, 16]
[16, 17, 18, 19, 20, 21, 22, 23, 24, 25, 26, 27, 28]


6
process id 3
stats
5, 15, 7, 100, 1000
20220818-190609
loosing coalitions taken
[1, 3, 8, 11, 16]
[1, 2, 9, 11, 14]
[2, 3, 7, 8, 9]
[1, 3, 7, 13, 21]
[1, 2, 7, 10, 28]
[2, 3, 5, 23]
[1, 4, 7, 12, 16]
[1, 4, 8, 10, 14]
[1, 5, 6, 14, 21]
[2, 4, 6, 12, 23]
[3, 4, 5, 13]
[2, 4, 5, 15, 27]
[2, 3, 6, 10]
[1, 4, 6, 26, 27]
[16, 17, 18, 19, 20, 21, 22, 23, 24, 25, 26, 27, 28]


5
process id 5
stats
5, 15, 7, 100, 1000
20220818-190609
loosing coalitions taken
[3, 4, 6, 10, 21]
[1, 2, 10, 12, 13]
[1, 2, 7, 15, 21]
[2, 3, 6, 14]
[1, 5, 6, 12, 22]
[2, 4, 6, 11, 16]
[2, 3, 5, 24]
[1, 3, 8, 13, 15]
[1, 4, 7, 13, 14]
[3, 4, 5, 12, 25]
[1, 4, 6, 26]
[2, 4, 5, 19]
[1, 3, 7, 16, 19]
[1, 4, 8, 9, 10]
[16, 17, 18, 19, 20, 21, 22, 23, 24, 25, 26, 27, 28]


6
process id 1
stats
5, 15, 7, 100, 1000
20220818-190610
loosing coalitions taken
[2, 3, 6, 13]
[1, 5, 6, 10, 24]
[3, 4, 5, 15]
[1, 3, 7, 14, 21]
[1, 2, 9, 11, 14]
[1, 3, 8, 11, 19]
[1, 2, 7, 12, 26]
[3, 4, 6, 8, 26]
[2, 3, 5, 23]
[2, 4, 5, 16, 22]
[1, 4, 6, 28]
[1, 4, 7, 10, 18]
[1, 2, 8, 13, 16]
[2, 4, 6, 15, 17]
[16, 17, 18, 19, 20, 21, 22, 23, 24, 25, 26, 27, 28]


5
process id 2
stats
5, 15, 7, 100, 1000
20220818-190611
loosing coalitions taken
[2, 3, 6, 11]
[1, 3, 7, 9, 22]
[1, 3, 8, 10, 17]
[1, 2, 7, 17, 18]
[1, 5, 6, 13, 21]
[1, 4, 6, 25]
[2, 3, 5, 21, 24]
[3, 4, 5, 15, 25]
[1, 2, 9, 10, 14]
[2, 4, 6, 8]
[2, 4, 5, 16]
[1, 4, 7, 12, 14]
[1, 2, 8, 11, 15]
[3, 4, 6, 7]
[16, 17, 18, 19, 20, 21, 22, 23, 24, 25, 26, 27, 28]


5
process id 4
stats
5, 15, 7, 100, 1000
20220818-190611
loosing coalitions taken
[1, 3, 8, 13, 15]
[1, 4, 7, 8]
[2, 3, 6, 15, 24]
[1, 5, 6, 11, 24]
[2, 4, 6, 9, 23]
[2, 4, 5, 12]
[1, 2, 7, 11, 27]
[1, 4, 6, 25]
[2, 3, 5, 23]
[3, 4, 5, 19, 21]
[1, 2, 8, 12, 16]
[3, 4, 6, 13, 17]
[1, 3, 7, 14, 22]
[1, 3, 9, 10, 12]
[16, 17, 18, 19, 20, 21, 22, 23, 24, 25, 26, 27, 28]


5
process id 3
stats
5, 15, 7, 100, 1000
20220818-190611
loosing coalitions taken
[1, 3, 7, 10, 24]
[2, 3, 6, 12, 26]
[1, 2, 8, 13, 20]
[3, 4, 5, 21, 24]
[1, 4, 7, 13, 15]
[1, 2, 10, 11, 12]
[1, 2, 7, 9]
[3, 4, 6, 11, 17]
[1, 3, 8, 11, 19]
[1, 4, 6, 23]
[2, 4, 5, 14]
[2, 4, 6, 13, 21]
[1, 5, 6, 14, 21]
[2, 3, 5, 17]
[16, 17, 18, 19, 20, 21, 22, 23, 24, 25, 26, 27, 28]


6
process id 6
stats
5, 15, 7, 100, 1000
20220818-190613
loosing coalitions taken
[1, 2, 7, 16, 21]
[3, 4, 5, 15]
[1, 5, 6, 14, 21]
[2, 3, 6, 9]
[1, 2, 8, 14, 19]
[1, 4, 8, 10, 12]
[1, 3, 7, 10, 23]
[2, 4, 5, 20, 26]
[3, 4, 6, 11, 21]
[2, 3, 5, 19]
[1, 4, 6, 23]
[1, 4, 7, 9, 18]
[1, 2, 9, 10, 13]
[1, 3, 8, 13, 15]
[16, 17, 18, 19, 20, 21, 22, 23, 24, 25, 26, 27, 28]


6
process id 5
stats
5, 15, 7, 100, 1000
20220818-190613
loosing coalitions taken
[2, 3, 6, 11]
[1, 4, 7, 9, 19]
[1, 5, 6, 14, 22]
[1, 2, 9, 10, 13]
[1, 4, 8, 11, 13]
[1, 3, 7, 13, 22]
[1, 4, 6, 27]
[1, 2, 7, 12, 24]
[1, 2, 8, 14, 16]
[2, 3, 5, 20]
[3, 4, 6, 10, 17]
[3, 4, 5, 12]
[2, 4, 6, 8]
[2, 4, 5, 13]
[16, 17, 18, 19, 20, 21, 22, 23, 24, 25, 26, 27, 28]


5
process id 3
stats
5, 15, 7, 100, 1000
20220818-190614
loosing coalitions taken
[1, 5, 6, 15, 20]
[1, 2, 9, 11, 13]
[1, 2, 8, 12, 20]
[1, 4, 7, 9, 18]
[1, 3, 8, 9, 17]
[1, 2, 7, 14, 24]
[3, 4, 6, 8]
[2, 3, 6, 14]
[2, 4, 5, 20, 27]
[2, 3, 5, 24]
[2, 4, 6, 10, 24]
[1, 4, 6, 25]
[3, 4, 5, 10, 28]
[1, 3, 7, 10, 19]
[16, 17, 18, 19, 20, 21, 22, 23, 24, 25, 26, 27, 28]


6
process id 2
stats
5, 15, 7, 100, 1000
20220818-190614
loosing coalitions taken
[1, 3, 8, 10, 17]
[3, 4, 6, 14, 18]
[1, 4, 7, 10, 19]
[1, 2, 10, 11, 13]
[1, 2, 7, 12, 25]
[1, 3, 7, 14, 20]
[1, 2, 8, 15, 16]
[2, 3, 6, 16, 23]
[2, 4, 5, 20]
[3, 4, 5, 17, 21]
[1, 5, 6, 9, 23]
[2, 3, 5, 25]
[1, 4, 6, 27]
[2, 4, 6, 8]
[16, 17, 18, 19, 20, 21, 22, 23, 24, 25, 26, 27, 28]


6
process id 7
stats
5, 15, 7, 100, 1000
20220818-190614
loosing coalitions taken
[1, 2, 7, 9]
[1, 5, 6, 16, 19]
[2, 4, 5, 20, 24]
[1, 4, 6, 27]
[3, 4, 5, 18, 23]
[2, 3, 6, 12]
[2, 3, 5, 25, 27]
[2, 4, 6, 11, 22]
[1, 3, 7, 15, 18]
[3, 4, 6, 7]
[1, 4, 8, 9, 12]
[1, 2, 8, 13, 19]
[1, 3, 8, 11, 17]
[1, 2, 10, 11, 14]
[16, 17, 18, 19, 20, 21, 22, 23, 24, 25, 26, 27, 28]


6
process id 1
stats
5, 15, 7, 100, 1000
20220818-190616
loosing coalitions taken
[2, 4, 5, 21, 26]
[1, 5, 6, 11, 23]
[3, 4, 5, 15]
[2, 3, 6, 11]
[1, 2, 10, 12, 14]
[1, 2, 8, 13, 16]
[1, 4, 7, 8, 28]
[1, 2, 7, 9]
[1, 3, 8, 12, 18]
[2, 3, 5, 18]
[2, 4, 6, 10, 17]
[1, 4, 6, 24]
[3, 4, 6, 8]
[1, 3, 7, 14, 20]
[16, 17, 18, 19, 20, 21, 22, 23, 24, 25, 26, 27, 28]


5
process id 6
stats
5, 15, 7, 100, 1000
20220818-190617
loosing coalitions taken
[2, 3, 6, 14, 23]
[1, 5, 6, 9, 23]
[2, 3, 7, 8, 10]
[3, 4, 5, 15]
[1, 2, 7, 12, 22]
[1, 4, 7, 11, 16]
[1, 3, 7, 13, 17]
[1, 3, 9, 10, 12]
[1, 4, 6, 26]
[2, 4, 5, 20, 21]
[3, 4, 6, 12, 18]
[2, 3, 5, 17]
[2, 4, 6, 8]
[1, 2, 8, 9, 19]
[16, 17, 18, 19, 20, 21, 22, 23, 24, 25, 26, 27, 28]


5
process id 6
stats
5, 15, 7, 100, 1000
20220818-190618
loosing coalitions taken
[2, 3, 5, 25]
[1, 2, 9, 12, 14]
[3, 4, 6, 14, 17]
[2, 4, 6, 13, 20]
[1, 5, 6, 13, 21]
[2, 3, 6, 10]
[1, 3, 7, 14, 18]
[1, 3, 8, 9, 16]
[2, 4, 5, 18]
[1, 4, 6, 23]
[1, 2, 7, 10, 20]
[1, 4, 7, 8, 22]
[1, 2, 8, 13, 17]
[3, 4, 5, 10, 27]
[16, 17, 18, 19, 20, 21, 22, 23, 24, 25, 26, 27, 28]


6
process id 3
stats
5, 15, 7, 100, 1000
20220818-190619
loosing coalitions taken
[1, 3, 8, 15, 16]
[3, 4, 6, 12, 20]
[1, 3, 9, 10, 11]
[1, 4, 7, 9, 19]
[1, 4, 8, 11, 13]
[2, 3, 6, 9]
[1, 2, 8, 14, 20]
[1, 2, 7, 12, 25]
[1, 4, 6, 25]
[2, 4, 5, 21, 27]
[3, 4, 5, 18, 26]
[2, 3, 5, 24]
[2, 4, 6, 8]
[1, 5, 6, 15, 20]
[16, 17, 18, 19, 20, 21, 22, 23, 24, 25, 26, 27, 28]


5
process id 1
stats
5, 15, 7, 100, 1000
20220818-190622
loosing coalitions taken
[1, 2, 7, 9, 26]
[1, 3, 7, 16, 18]
[2, 3, 6, 10]
[1, 4, 7, 8]
[1, 5, 6, 13, 21]
[2, 4, 5, 17, 24]
[3, 4, 5, 14]
[3, 4, 6, 13, 16]
[2, 3, 5, 20, 23]
[1, 4, 6, 24]
[2, 4, 6, 8]
[1, 3, 9, 10, 11]
[1, 2, 8, 15, 16]
[1, 3, 8, 12, 17]
[16, 17, 18, 19, 20, 21, 22, 23, 24, 25, 26, 27, 28]


6
process id 7
stats
5, 15, 7, 100, 1000
20220818-190623
loosing coalitions taken
[1, 4, 7, 8]
[2, 3, 6, 13]
[1, 3, 9, 10, 12]
[2, 4, 5, 17]
[1, 4, 6, 22, 28]
[2, 3, 5, 20]
[3, 4, 6, 12, 18]
[2, 4, 6, 10, 21]
[3, 4, 5, 13]
[1, 5, 6, 11, 23]
[1, 3, 8, 11, 17]
[1, 2, 7, 16, 20]
[1, 2, 10, 11, 14]
[1, 3, 7, 14, 15]
[16, 17, 18, 19, 20, 21, 22, 23, 24, 25, 26, 27, 28]


6
process id 4
stats
5, 15, 7, 100, 1000
20220818-190623
loosing coalitions taken
[2, 3, 5, 23]
[1, 2, 7, 16, 19]
[1, 3, 8, 9, 19]
[1, 3, 7, 12, 21]
[1, 2, 8, 13, 18]
[1, 4, 7, 8]
[1, 5, 6, 15, 17]
[1, 2, 9, 11, 12]
[2, 4, 5, 21, 24]
[2, 3, 6, 10, 25]
[3, 4, 5, 15]
[2, 4, 6, 8]
[1, 4, 6, 22]
[3, 4, 6, 14, 19]
[16, 17, 18, 19, 20, 21, 22, 23, 24, 25, 26, 27, 28]


6
process id 2
stats
5, 15, 7, 100, 1000
20220818-190623
loosing coalitions taken
[1, 5, 6, 10, 23]
[1, 3, 8, 11, 17]
[1, 3, 7, 14, 19]
[1, 4, 7, 8, 27]
[1, 2, 8, 9, 19]
[1, 2, 7, 10, 24]
[1, 3, 9, 10, 12]
[2, 3, 6, 9]
[2, 3, 5, 23, 26]
[2, 4, 5, 14]
[3, 4, 5, 12]
[2, 4, 6, 13, 16]
[1, 4, 6, 26]
[3, 4, 6, 8]
[16, 17, 18, 19, 20, 21, 22, 23, 24, 25, 26, 27, 28]


6
process id 3
stats
5, 15, 7, 100, 1000
20220818-190625
loosing coalitions taken
[1, 4, 8, 12, 14]
[2, 3, 6, 12]
[1, 3, 7, 13, 21]
[1, 2, 8, 13, 18]
[1, 5, 6, 13, 24]
[1, 2, 7, 9]
[1, 3, 8, 11, 16]
[2, 4, 5, 14]
[1, 4, 6, 23]
[3, 4, 5, 17, 24]
[1, 3, 9, 10, 12]
[2, 3, 5, 18, 28]
[3, 4, 6, 7]
[1, 2, 10, 11, 14]
[16, 17, 18, 19, 20, 21, 22, 23, 24, 25, 26, 27, 28]


6
process id 6
stats
5, 15, 7, 100, 1000
20220818-190627
loosing coalitions taken
[1, 3, 7, 13, 19]
[2, 4, 5, 16]
[2, 3, 6, 13]
[1, 3, 9, 10, 12]
[1, 2, 8, 11, 18]
[1, 4, 6, 25]
[1, 2, 7, 12, 20]
[2, 3, 5, 23]
[1, 5, 6, 15, 21]
[3, 4, 5, 9]
[1, 4, 7, 14, 15]
[2, 4, 6, 10, 21]
[3, 4, 6, 8]
[2, 3, 7, 8, 9]
[16, 17, 18, 19, 20, 21, 22, 23, 24, 25, 26, 27, 28]


6
process id 7
stats
5, 15, 7, 100, 1000
20220818-190627
loosing coalitions taken
[3, 4, 6, 11, 20]
[1, 2, 8, 15, 17]
[2, 3, 6, 14]
[1, 3, 8, 9, 18]
[1, 4, 6, 26]
[1, 2, 7, 9]
[1, 2, 10, 11, 14]
[3, 4, 5, 12]
[1, 4, 7, 8]
[2, 4, 5, 20]
[2, 3, 5, 18]
[1, 5, 6, 10, 19]
[2, 4, 6, 16, 17]
[1, 3, 7, 11, 16]
[16, 17, 18, 19, 20, 21, 22, 23, 24, 25, 26, 27, 28]


6
process id 1
stats
5, 15, 7, 100, 1000
20220818-190628
loosing coalitions taken
[1, 2, 7, 12, 24]
[1, 2, 10, 11, 13]
[1, 5, 6, 10, 25]
[2, 3, 6, 18, 20]
[1, 3, 9, 10, 12]
[1, 3, 8, 11, 15]
[2, 4, 5, 15]
[2, 3, 7, 8, 10]
[1, 4, 8, 9, 13]
[3, 4, 6, 8, 26]
[1, 3, 7, 16, 19]
[3, 4, 5, 18, 21]
[2, 3, 5, 24]
[1, 4, 6, 24]
[16, 17, 18, 19, 20, 21, 22, 23, 24, 25, 26, 27, 28]


6
process id 3
stats
5, 15, 7, 100, 1000
20220818-190628
loosing coalitions taken
[1, 2, 8, 13, 20]
[1, 2, 7, 10, 28]
[1, 3, 7, 14, 22]
[2, 3, 6, 14]
[1, 3, 8, 12, 18]
[3, 4, 5, 19, 26]
[1, 4, 6, 25]
[1, 5, 6, 9, 24]
[1, 4, 7, 11, 15]
[3, 4, 6, 13, 18]
[2, 3, 5, 21, 25]
[2, 4, 5, 16]
[1, 3, 9, 10, 11]
[2, 4, 6, 12, 21]
[16, 17, 18, 19, 20, 21, 22, 23, 24, 25, 26, 27, 28]


5
process id 4
stats
5, 15, 7, 100, 1000
20220818-190631
loosing coalitions taken
[1, 2, 10, 11, 13]
[2, 3, 6, 11]
[1, 5, 6, 12, 21]
[2, 4, 5, 19]
[1, 4, 6, 28]
[1, 4, 7, 9, 17]
[2, 3, 5, 24]
[1, 3, 7, 14, 18]
[2, 4, 6, 8]
[3, 4, 6, 10, 21]
[1, 3, 8, 11, 15]
[3, 4, 5, 12]
[1, 2, 7, 15, 20]
[1, 3, 9, 10, 12]
[16, 17, 18, 19, 20, 21, 22, 23, 24, 25, 26, 27, 28]


6
process id 5
stats
5, 15, 7, 100, 1000
20220818-190634
loosing coalitions taken
[1, 2, 8, 12, 20]
[2, 4, 6, 9, 24]
[1, 5, 6, 10, 26]
[1, 3, 9, 10, 12]
[3, 4, 6, 14, 20]
[2, 3, 6, 10]
[2, 4, 5, 17, 25]
[1, 2, 7, 11, 25]
[2, 3, 5, 24]
[3, 4, 5, 15, 28]
[1, 4, 7, 9, 17]
[1, 3, 7, 13, 15]
[1, 4, 6, 28]
[1, 4, 8, 11, 13]
[16, 17, 18, 19, 20, 21, 22, 23, 24, 25, 26, 27, 28]


6
process id 3
stats
5, 15, 7, 100, 1000
20220818-190634
loosing coalitions taken
[1, 5, 6, 10, 24]
[2, 3, 6, 15, 25]
[2, 4, 6, 12, 20]
[2, 5, 6, 8, 11]
[2, 3, 5, 24, 27]
[3, 4, 5, 21, 23]
[2, 4, 5, 16]
[1, 3, 8, 11, 16]
[1, 2, 7, 12, 25]
[1, 2, 8, 9, 21]
[1, 4, 7, 9, 19]
[1, 4, 6, 25]
[1, 3, 7, 14, 18]
[1, 2, 10, 11, 13]
[16, 17, 18, 19, 20, 21, 22, 23, 24, 25, 26, 27, 28]


6
process id 2
stats
5, 15, 7, 100, 1000
20220818-190634
loosing coalitions taken
[2, 3, 6, 12]
[1, 3, 8, 11, 16]
[1, 2, 7, 13, 23]
[2, 4, 5, 17]
[1, 5, 6, 15, 20]
[1, 2, 8, 9, 20]
[2, 3, 5, 26, 27]
[3, 4, 5, 16]
[3, 4, 6, 9, 20]
[1, 3, 7, 10, 17]
[1, 4, 6, 25]
[1, 4, 7, 11, 12]
[2, 4, 6, 8]
[1, 2, 10, 12, 14]
[16, 17, 18, 19, 20, 21, 22, 23, 24, 25, 26, 27, 28]


6
process id 6
stats
5, 15, 7, 100, 1000
20220818-190635
loosing coalitions taken
[2, 3, 6, 12]
[2, 4, 5, 19, 27]
[1, 3, 7, 9, 21]
[1, 3, 8, 11, 16]
[1, 5, 6, 11, 25]
[1, 4, 6, 26]
[1, 2, 7, 10, 23]
[3, 4, 5, 15]
[2, 3, 5, 24]
[2, 4, 6, 8]
[1, 2, 9, 11, 14]
[3, 4, 6, 13, 17]
[1, 4, 8, 12, 14]
[2, 5, 6, 7, 16]
[16, 17, 18, 19, 20, 21, 22, 23, 24, 25, 26, 27, 28]


6
process id 5
stats
5, 15, 7, 100, 1000
20220818-190636
loosing coalitions taken
[2, 3, 6, 10]
[1, 3, 7, 11, 23]
[1, 2, 9, 11, 14]
[1, 2, 8, 13, 18]
[2, 4, 5, 19]
[1, 5, 6, 9, 26]
[3, 4, 6, 13, 21]
[3, 4, 5, 9]
[1, 3, 8, 12, 15]
[1, 4, 7, 12, 14]
[2, 4, 6, 8]
[2, 3, 5, 18]
[1, 4, 6, 23]
[1, 2, 7, 10, 19]
[16, 17, 18, 19, 20, 21, 22, 23, 24, 25, 26, 27, 28]


6
process id 3
stats
5, 15, 7, 100, 1000
20220818-190637
loosing coalitions taken
[3, 4, 6, 12, 18]
[1, 3, 8, 9, 18]
[1, 4, 8, 11, 12]
[1, 3, 7, 16, 17]
[1, 5, 6, 11, 24]
[1, 2, 8, 13, 17]
[2, 3, 5, 25, 28]
[3, 4, 5, 13]
[2, 3, 6, 16, 22]
[1, 4, 6, 23]
[2, 4, 5, 19]
[1, 2, 10, 11, 14]
[2, 4, 6, 10, 20]
[1, 2, 7, 9, 20]
[16, 17, 18, 19, 20, 21, 22, 23, 24, 25, 26, 27, 28]


6
process id 7
stats
5, 15, 7, 100, 1000
20220818-190638
loosing coalitions taken
[2, 3, 5, 22]
[1, 2, 10, 12, 13]
[2, 4, 6, 15, 19]
[1, 3, 7, 13, 21]
[3, 4, 6, 13, 20]
[1, 4, 7, 8, 24]
[1, 2, 7, 9]
[1, 5, 6, 10, 25]
[2, 4, 5, 14]
[2, 3, 6, 11]
[3, 4, 5, 11]
[1, 2, 8, 14, 16]
[1, 3, 8, 9, 18]
[1, 4, 6, 23]
[16, 17, 18, 19, 20, 21, 22, 23, 24, 25, 26, 27, 28]


6
process id 5
stats
5, 15, 7, 100, 1000
20220818-190638
loosing coalitions taken
[1, 4, 7, 9, 17]
[1, 4, 8, 12, 14]
[2, 3, 6, 12]
[1, 2, 7, 11, 25]
[1, 3, 9, 10, 11]
[1, 2, 8, 10, 21]
[1, 5, 6, 13, 20]
[2, 4, 5, 12]
[1, 3, 8, 13, 16]
[2, 3, 5, 23]
[1, 4, 6, 25]
[3, 4, 5, 16]
[3, 4, 6, 7]
[1, 3, 7, 15, 21]
[16, 17, 18, 19, 20, 21, 22, 23, 24, 25, 26, 27, 28]


5
process id 0
stats
5, 15, 7, 100, 1000
20220818-190639
loosing coalitions taken
[1, 3, 7, 14, 20]
[1, 4, 7, 11, 15]
[1, 2, 7, 9, 24]
[2, 4, 5, 18, 25]
[2, 3, 6, 12, 25]
[2, 3, 5, 24]
[3, 4, 6, 14, 19]
[1, 5, 6, 10, 23]
[1, 4, 6, 26, 27]
[1, 3, 8, 11, 18]
[2, 4, 6, 9, 21]
[1, 2, 10, 11, 14]
[1, 2, 8, 13, 20]
[1, 4, 8, 9, 12]
[16, 17, 18, 19, 20, 21, 22, 23, 24, 25, 26, 27, 28]


6
process id 6
stats
5, 15, 7, 100, 1000
20220818-190640
loosing coalitions taken
[1, 2, 8, 14, 18]
[1, 2, 7, 11, 22]
[3, 4, 6, 12, 18]
[2, 4, 6, 14, 20]
[1, 3, 7, 15, 20]
[2, 3, 6, 11]
[1, 2, 10, 12, 13]
[1, 4, 7, 9, 19]
[2, 4, 5, 16]
[1, 4, 6, 24]
[3, 4, 5, 9]
[2, 3, 5, 20]
[1, 5, 6, 9, 25]
[1, 3, 8, 10, 19]
[16, 17, 18, 19, 20, 21, 22, 23, 24, 25, 26, 27, 28]


5
process id 3
stats
5, 15, 7, 100, 1000
20220818-190642
loosing coalitions taken
[2, 3, 6, 11]
[1, 2, 8, 15, 17]
[2, 4, 5, 19]
[1, 4, 7, 8, 28]
[1, 3, 8, 9, 20]
[1, 2, 10, 12, 14]
[1, 2, 7, 9]
[1, 4, 6, 22]
[2, 3, 5, 21]
[3, 4, 6, 8, 24]
[3, 4, 5, 17, 23]
[2, 4, 6, 9, 25]
[1, 3, 7, 11, 23]
[1, 5, 6, 10, 18]
[16, 17, 18, 19, 20, 21, 22, 23, 24, 25, 26, 27, 28]


5
process id 0
stats
5, 15, 7, 100, 1000
20220818-190644
loosing coalitions taken
[1, 3, 7, 12, 19]
[1, 2, 7, 16, 17]
[1, 3, 8, 11, 17]
[1, 4, 6, 27]
[1, 2, 9, 10, 13]
[2, 3, 5, 18]
[2, 3, 6, 12, 27]
[3, 4, 5, 14]
[2, 4, 5, 19]
[3, 4, 6, 8]
[1, 5, 6, 11, 18]
[2, 4, 6, 13, 20]
[1, 2, 8, 12, 20]
[1, 4, 7, 14, 15]
[16, 17, 18, 19, 20, 21, 22, 23, 24, 25, 26, 27, 28]


6
process id 1
stats
5, 15, 7, 100, 1000
20220818-190645
loosing coalitions taken
[1, 2, 8, 15, 16]
[1, 2, 7, 9]
[1, 3, 8, 12, 17]
[2, 3, 5, 24]
[2, 4, 6, 15, 21]
[2, 4, 5, 18]
[1, 3, 7, 10, 18]
[1, 5, 6, 9, 22]
[1, 4, 7, 8]
[2, 3, 6, 10]
[3, 4, 5, 13]
[1, 4, 6, 25]
[3, 4, 6, 8]
[1, 2, 10, 11, 12]
[16, 17, 18, 19, 20, 21, 22, 23, 24, 25, 26, 27, 28]


5
process id 3
stats
5, 15, 7, 100, 1000
20220818-190646
loosing coalitions taken
[1, 2, 8, 9, 21]
[1, 2, 7, 14, 22]
[3, 4, 6, 13, 18]
[1, 4, 7, 8]
[3, 4, 5, 20, 23]
[2, 4, 5, 18]
[1, 5, 6, 10, 26]
[2, 3, 5, 17]
[1, 3, 8, 12, 17]
[1, 4, 6, 22]
[2, 3, 6, 11, 26]
[2, 4, 6, 12, 21]
[1, 3, 7, 10, 19]
[1, 2, 10, 12, 13]
[16, 17, 18, 19, 20, 21, 22, 23, 24, 25, 26, 27, 28]


6
process id 0
stats
5, 15, 7, 100, 1000
20220818-190646
loosing coalitions taken
[1, 2, 10, 12, 13]
[1, 2, 7, 11, 27]
[1, 4, 7, 8]
[3, 4, 5, 16, 28]
[2, 4, 5, 21, 23]
[3, 4, 6, 12, 18]
[2, 3, 5, 22]
[1, 3, 7, 10, 20]
[1, 4, 6, 25, 28]
[1, 5, 6, 9, 24]
[2, 3, 6, 11, 24]
[2, 4, 6, 16, 19]
[1, 3, 8, 14, 16]
[1, 2, 8, 9, 17]
[16, 17, 18, 19, 20, 21, 22, 23, 24, 25, 26, 27, 28]


6
process id 5
stats
5, 15, 7, 100, 1000
20220818-190647
loosing coalitions taken
[1, 3, 8, 14, 16]
[1, 2, 8, 9, 19]
[1, 4, 7, 8, 23]
[1, 5, 6, 16, 19]
[1, 2, 10, 11, 12]
[2, 3, 6, 14]
[1, 3, 7, 13, 20]
[1, 2, 7, 15, 18]
[2, 4, 5, 18]
[1, 4, 6, 27]
[2, 3, 5, 19]
[3, 4, 6, 8, 28]
[2, 4, 6, 13, 17]
[3, 4, 5, 13]
[16, 17, 18, 19, 20, 21, 22, 23, 24, 25, 26, 27, 28]


6
process id 2
stats
5, 15, 7, 100, 1000
20220818-190648
loosing coalitions taken
[1, 4, 8, 10, 14]
[2, 4, 5, 20]
[2, 3, 6, 13]
[1, 4, 6, 23]
[1, 2, 8, 13, 17]
[2, 4, 6, 9, 24]
[3, 4, 5, 12, 28]
[1, 2, 7, 11, 22]
[1, 5, 6, 10, 19]
[2, 3, 5, 22]
[1, 3, 7, 12, 18]
[2, 5, 6, 8, 11]
[3, 4, 6, 11, 19]
[1, 4, 7, 9, 16]
[16, 17, 18, 19, 20, 21, 22, 23, 24, 25, 26, 27, 28]


5
process id 4
stats
5, 15, 7, 100, 1000
20220818-190648
loosing coalitions taken
[1, 2, 7, 9]
[1, 3, 8, 11, 17]
[2, 3, 6, 14]
[1, 5, 6, 11, 25]
[3, 4, 5, 17, 25]
[2, 4, 5, 18]
[1, 4, 7, 8, 28]
[1, 4, 6, 22]
[2, 3, 5, 19]
[1, 3, 7, 14, 20]
[2, 4, 6, 11, 21]
[3, 4, 6, 8]
[1, 2, 8, 13, 20]
[1, 2, 10, 12, 14]
[16, 17, 18, 19, 20, 21, 22, 23, 24, 25, 26, 27, 28]


5
process id 1
stats
5, 15, 7, 100, 1000
20220818-190649
loosing coalitions taken
[3, 4, 6, 13, 17]
[1, 4, 7, 12, 16]
[1, 5, 6, 13, 21]
[1, 3, 8, 13, 15]
[3, 4, 5, 16]
[1, 2, 7, 11, 23]
[1, 3, 7, 14, 17]
[1, 4, 8, 10, 11]
[2, 3, 5, 19, 28]
[1, 4, 6, 23, 28]
[2, 4, 5, 11]
[1, 2, 9, 10, 14]
[2, 3, 6, 10]
[2, 4, 6, 14, 16]
[16, 17, 18, 19, 20, 21, 22, 23, 24, 25, 26, 27, 28]


5
process id 6
stats
5, 15, 7, 100, 1000
20220818-190649
loosing coalitions taken
[1, 5, 6, 14, 20]
[1, 2, 8, 12, 19]
[2, 3, 6, 13]
[1, 2, 7, 16, 20]
[2, 4, 5, 16]
[1, 3, 8, 9, 16]
[1, 3, 7, 12, 17]
[1, 4, 8, 13, 14]
[2, 4, 6, 8]
[1, 4, 6, 27]
[3, 4, 5, 19, 24]
[2, 3, 5, 21]
[1, 4, 7, 9, 19]
[3, 4, 6, 15, 17]
[16, 17, 18, 19, 20, 21, 22, 23, 24, 25, 26, 27, 28]


5
process id 2
stats
5, 15, 7, 100, 1000
20220818-190651
loosing coalitions taken
[3, 4, 5, 18, 25]
[1, 3, 8, 14, 16]
[2, 3, 6, 11]
[1, 3, 7, 12, 20]
[1, 2, 8, 9, 22]
[1, 2, 7, 15, 21]
[2, 4, 5, 11]
[1, 5, 6, 12, 19]
[1, 4, 6, 24]
[3, 4, 6, 13, 15]
[2, 3, 5, 21, 27]
[1, 4, 8, 10, 12]
[2, 4, 6, 9, 25]
[1, 4, 7, 11, 14]
[16, 17, 18, 19, 20, 21, 22, 23, 24, 25, 26, 27, 28]


5
process id 6
stats
5, 15, 7, 100, 1000
20220818-190652
loosing coalitions taken
[1, 2, 9, 10, 13]
[1, 3, 8, 10, 19]
[1, 5, 6, 16, 17]
[1, 2, 7, 11, 21]
[2, 4, 6, 8]
[1, 3, 7, 13, 17]
[2, 3, 5, 25]
[2, 3, 6, 13, 24]
[3, 4, 5, 14]
[2, 4, 5, 20, 23]
[1, 4, 6, 24]
[1, 4, 7, 9, 18]
[3, 4, 6, 7]
[1, 2, 8, 15, 17]
[16, 17, 18, 19, 20, 21, 22, 23, 24, 25, 26, 27, 28]


6
process id 3
stats
5, 15, 7, 100, 1000
20220818-190653
loosing coalitions taken
[1, 3, 7, 15, 20]
[1, 2, 8, 14, 20]
[2, 3, 5, 23]
[1, 4, 7, 9, 18]
[1, 5, 6, 11, 20]
[1, 2, 7, 10, 28]
[2, 4, 5, 15, 27]
[3, 4, 6, 13, 18]
[1, 4, 6, 23]
[3, 4, 5, 10]
[2, 3, 6, 12]
[2, 4, 6, 14, 16]
[1, 2, 9, 12, 13]
[1, 3, 8, 9, 16]
[16, 17, 18, 19, 20, 21, 22, 23, 24, 25, 26, 27, 28]


6
process id 4
stats
5, 15, 7, 100, 1000
20220818-190657
loosing coalitions taken
[1, 2, 8, 10, 20]
[1, 2, 9, 12, 13]
[1, 4, 7, 13, 15]
[1, 3, 7, 10, 21]
[1, 5, 6, 14, 22]
[1, 3, 8, 14, 16]
[3, 4, 6, 12, 20]
[1, 4, 6, 27]
[2, 3, 5, 18]
[2, 3, 6, 13]
[2, 4, 5, 14]
[2, 4, 6, 9, 25]
[3, 4, 5, 15, 25]
[2, 3, 7, 8, 9]
[16, 17, 18, 19, 20, 21, 22, 23, 24, 25, 26, 27, 28]


6
process id 1
stats
5, 15, 7, 100, 1000
20220818-190657
loosing coalitions taken
[2, 4, 5, 22, 24]
[1, 3, 8, 10, 17]
[1, 2, 7, 13, 25]
[1, 4, 8, 11, 12]
[1, 4, 7, 10, 15]
[1, 5, 6, 13, 24]
[2, 4, 6, 13, 18]
[1, 2, 9, 10, 11]
[1, 2, 8, 15, 16]
[3, 4, 6, 14, 15]
[1, 3, 7, 9, 21]
[3, 4, 5, 12]
[1, 4, 6, 25]
[2, 3, 6, 9]
[16, 17, 18, 19, 20, 21, 22, 23, 24, 25, 26, 27, 28]


6
process id 5
stats
5, 15, 7, 100, 1000
20220818-190658
loosing coalitions taken
[1, 2, 7, 14, 23]
[1, 4, 7, 8]
[1, 2, 10, 11, 13]
[1, 3, 9, 10, 12]
[1, 5, 6, 9, 26]
[2, 3, 6, 10]
[2, 4, 5, 19, 28]
[3, 4, 5, 15]
[3, 4, 6, 13, 20]
[2, 3, 5, 24, 27]
[1, 3, 7, 16, 18]
[2, 4, 6, 15, 16]
[1, 4, 6, 27]
[1, 3, 8, 14, 15]
[16, 17, 18, 19, 20, 21, 22, 23, 24, 25, 26, 27, 28]


5
process id 0
stats
5, 15, 7, 100, 1000
20220818-190658
loosing coalitions taken
[1, 2, 8, 13, 17]
[1, 2, 7, 11, 27]
[2, 3, 6, 14, 28]
[3, 4, 6, 9, 22]
[2, 4, 6, 10, 23]
[1, 5, 6, 15, 18]
[1, 4, 6, 28]
[1, 3, 7, 12, 20]
[1, 3, 8, 11, 15]
[3, 4, 5, 13]
[1, 4, 7, 9, 19]
[2, 3, 5, 24]
[2, 4, 5, 15]
[2, 3, 7, 8, 9]
[16, 17, 18, 19, 20, 21, 22, 23, 24, 25, 26, 27, 28]


6
process id 3
stats
5, 15, 7, 100, 1000
20220818-190701
loosing coalitions taken
[2, 3, 6, 10]
[1, 3, 8, 13, 15]
[3, 4, 5, 16]
[1, 3, 7, 11, 21]
[1, 2, 8, 12, 18]
[1, 2, 7, 14, 22]
[1, 2, 9, 10, 11]
[2, 4, 5, 15, 27]
[1, 4, 6, 27]
[3, 4, 6, 13, 21]
[1, 5, 6, 9, 17]
[1, 4, 7, 9, 12]
[2, 4, 6, 12, 22]
[2, 3, 5, 22]
[16, 17, 18, 19, 20, 21, 22, 23, 24, 25, 26, 27, 28]


5
process id 0
stats
5, 15, 7, 100, 1000
20220818-190702
loosing coalitions taken
[1, 5, 6, 16, 19]
[1, 2, 7, 13, 22]
[1, 2, 9, 12, 14]
[1, 3, 7, 14, 19]
[2, 4, 5, 18]
[1, 3, 8, 12, 18]
[1, 2, 8, 10, 20]
[1, 4, 6, 27]
[3, 4, 5, 16, 26]
[2, 3, 6, 14, 25]
[3, 4, 6, 12, 19]
[1, 4, 7, 10, 16]
[2, 4, 6, 8]
[2, 3, 5, 21]
[16, 17, 18, 19, 20, 21, 22, 23, 24, 25, 26, 27, 28]


5
process id 6
stats
5, 15, 7, 100, 1000
20220818-190702
loosing coalitions taken
[1, 2, 8, 14, 20]
[1, 5, 6, 15, 17]
[1, 4, 7, 12, 16]
[2, 4, 6, 14, 21]
[3, 4, 6, 9, 17]
[1, 3, 7, 13, 19]
[1, 3, 8, 11, 17]
[1, 2, 9, 11, 12]
[1, 2, 7, 15, 21]
[1, 4, 6, 27]
[2, 3, 7, 8, 10]
[2, 3, 5, 26, 28]
[2, 4, 5, 20]
[2, 3, 6, 15, 24]
[16, 17, 18, 19, 20, 21, 22, 23, 24, 25, 26, 27, 28]


6
process id 5
stats
5, 15, 7, 100, 1000
20220818-190703
loosing coalitions taken
[1, 3, 7, 12, 20]
[2, 3, 6, 14]
[3, 4, 5, 17, 24]
[1, 2, 8, 12, 21]
[2, 4, 5, 21, 26]
[1, 2, 7, 9]
[3, 4, 6, 9, 18]
[1, 4, 7, 10, 18]
[2, 3, 5, 22]
[1, 4, 8, 13, 14]
[1, 5, 6, 12, 17]
[1, 3, 8, 10, 19]
[2, 4, 6, 15, 19]
[1, 4, 6, 25]
[16, 17, 18, 19, 20, 21, 22, 23, 24, 25, 26, 27, 28]


6
process id 2
stats
5, 15, 7, 100, 1000
20220818-190704
loosing coalitions taken
[2, 3, 6, 17, 20]
[1, 3, 8, 14, 16]
[1, 5, 6, 14, 22]
[3, 4, 5, 19, 26]
[2, 4, 5, 21, 23]
[1, 2, 7, 14, 23]
[2, 3, 5, 24]
[1, 3, 7, 11, 21]
[1, 4, 8, 9, 11]
[2, 4, 6, 8]
[1, 4, 6, 28]
[3, 4, 6, 7]
[1, 4, 7, 13, 16]
[1, 2, 8, 10, 18]
[16, 17, 18, 19, 20, 21, 22, 23, 24, 25, 26, 27, 28]


6
process id 1
stats
5, 15, 7, 100, 1000
20220818-190706
loosing coalitions taken
[1, 5, 6, 13, 21]
[1, 3, 9, 10, 11]
[1, 2, 9, 12, 13]
[1, 2, 7, 17, 18]
[1, 3, 8, 12, 17]
[1, 2, 8, 11, 19]
[2, 4, 5, 17, 26]
[1, 4, 7, 8, 27]
[1, 3, 7, 13, 20]
[2, 3, 6, 14]
[3, 4, 5, 9, 28]
[2, 3, 5, 23, 27]
[1, 4, 6, 25]
[3, 4, 6, 8]
[16, 17, 18, 19, 20, 21, 22, 23, 24, 25, 26, 27, 28]


6
process id 0
stats
5, 15, 7, 100, 1000
20220818-190706
loosing coalitions taken
[1, 3, 7, 9, 24]
[1, 2, 10, 11, 12]
[3, 4, 5, 16, 25]
[2, 4, 5, 15]
[1, 4, 6, 23]
[1, 2, 7, 14, 17]
[3, 4, 6, 12, 18]
[2, 3, 5, 22, 28]
[2, 3, 6, 14, 27]
[1, 4, 8, 11, 14]
[2, 4, 6, 10, 19]
[1, 2, 8, 13, 20]
[1, 5, 6, 10, 21]
[1, 3, 8, 12, 17]
[16, 17, 18, 19, 20, 21, 22, 23, 24, 25, 26, 27, 28]


6
process id 6
stats
5, 15, 7, 100, 1000
20220818-190709
loosing coalitions taken
[1, 5, 6, 10, 26]
[1, 3, 8, 9, 20]
[2, 4, 5, 20, 26]
[1, 2, 7, 15, 21]
[2, 3, 6, 14]
[1, 2, 9, 10, 12]
[1, 3, 7, 16, 19]
[1, 2, 8, 11, 18]
[1, 4, 6, 24]
[2, 4, 6, 8]
[2, 3, 5, 21, 25]
[3, 4, 5, 16]
[3, 4, 6, 12, 17]
[1, 4, 7, 8]
[16, 17, 18, 19, 20, 21, 22, 23, 24, 25, 26, 27, 28]


5
process id 1
stats
5, 15, 7, 100, 1000
20220818-190709
loosing coalitions taken
[1, 3, 9, 10, 12]
[1, 3, 8, 11, 18]
[2, 4, 5, 17]
[1, 2, 10, 11, 13]
[2, 3, 6, 11]
[1, 2, 7, 9]
[3, 4, 5, 19, 25]
[2, 3, 5, 21]
[1, 4, 6, 22]
[1, 5, 6, 9, 26]
[3, 4, 6, 15, 16]
[2, 4, 6, 8]
[1, 2, 8, 15, 16]
[1, 4, 7, 8, 25]
[16, 17, 18, 19, 20, 21, 22, 23, 24, 25, 26, 27, 28]


5
process id 0
stats
5, 15, 7, 100, 1000
20220818-190709
loosing coalitions taken
[1, 3, 8, 10, 17]
[1, 3, 7, 15, 20]
[1, 4, 7, 8]
[1, 5, 6, 10, 25]
[2, 3, 6, 13]
[3, 4, 6, 11, 21]
[2, 4, 5, 19]
[1, 2, 8, 13, 16]
[3, 4, 5, 13, 23]
[2, 3, 5, 17]
[1, 2, 7, 11, 21]
[2, 4, 6, 8]
[1, 2, 9, 10, 14]
[1, 4, 6, 27]
[16, 17, 18, 19, 20, 21, 22, 23, 24, 25, 26, 27, 28]


6
process id 1
stats
5, 15, 7, 100, 1000
20220818-190710
loosing coalitions taken
[1, 5, 6, 10, 25]
[1, 4, 7, 10, 18]
[1, 3, 8, 10, 16]
[2, 3, 5, 23]
[3, 4, 6, 13, 17]
[2, 4, 6, 14, 19]
[1, 2, 7, 9]
[1, 4, 6, 27]
[3, 4, 5, 16]
[1, 2, 8, 13, 19]
[2, 4, 5, 11]
[2, 3, 6, 12, 22]
[1, 3, 7, 13, 15]
[1, 4, 8, 9, 15]
[16, 17, 18, 19, 20, 21, 22, 23, 24, 25, 26, 27, 28]


5
process id 0
stats
5, 15, 7, 100, 1000
20220818-190711
loosing coalitions taken
[1, 3, 8, 12, 16]
[1, 3, 7, 14, 17]
[2, 4, 6, 15, 17]
[1, 4, 6, 27]
[2, 3, 6, 12]
[1, 2, 7, 13, 25]
[3, 4, 5, 15, 23]
[2, 4, 5, 11]
[1, 4, 7, 8, 22]
[2, 3, 5, 22]
[1, 2, 8, 9, 19]
[1, 5, 6, 14, 19]
[3, 4, 6, 9, 22]
[1, 2, 10, 12, 14]
[16, 17, 18, 19, 20, 21, 22, 23, 24, 25, 26, 27, 28]


5
process id 2
stats
5, 15, 7, 100, 1000
20220818-190712
loosing coalitions taken
[1, 4, 8, 10, 14]
[2, 4, 5, 16]
[1, 2, 8, 13, 17]
[1, 3, 7, 13, 21]
[1, 2, 10, 11, 12]
[1, 2, 7, 9, 25]
[1, 3, 8, 12, 18]
[2, 3, 6, 16, 21]
[2, 4, 6, 11, 17]
[1, 4, 6, 24, 28]
[3, 4, 5, 17, 27]
[3, 4, 6, 9, 20]
[1, 5, 6, 13, 20]
[2, 3, 5, 24]
[16, 17, 18, 19, 20, 21, 22, 23, 24, 25, 26, 27, 28]


6
process id 4
stats
5, 15, 7, 100, 1000
20220818-190714
loosing coalitions taken
[1, 3, 7, 15, 20]
[1, 2, 7, 16, 17]
[1, 2, 10, 12, 14]
[1, 2, 8, 11, 18]
[1, 5, 6, 13, 21]
[1, 3, 9, 10, 11]
[2, 3, 6, 10]
[2, 4, 5, 18]
[2, 4, 6, 11, 22]
[1, 4, 8, 13, 14]
[1, 4, 6, 24]
[3, 4, 6, 8]
[3, 4, 5, 14]
[2, 3, 5, 23, 26]
[16, 17, 18, 19, 20, 21, 22, 23, 24, 25, 26, 27, 28]


6
process id 6
stats
5, 15, 7, 100, 1000
20220818-190716
loosing coalitions taken
[1, 2, 9, 12, 14]
[1, 2, 7, 17, 18]
[2, 4, 5, 16]
[1, 5, 6, 12, 21]
[2, 3, 6, 14]
[1, 3, 8, 9, 18]
[1, 4, 6, 28]
[3, 4, 5, 12, 26]
[3, 4, 6, 10, 18]
[1, 2, 10, 11, 13]
[1, 4, 7, 10, 19]
[2, 3, 5, 22]
[2, 4, 6, 9, 25]
[1, 3, 7, 14, 22]
[16, 17, 18, 19, 20, 21, 22, 23, 24, 25, 26, 27, 28]


6
process id 5
stats
5, 15, 7, 100, 1000
20220818-190716
loosing coalitions taken
[1, 2, 9, 12, 14]
[1, 5, 6, 12, 22]
[1, 4, 8, 10, 14]
[1, 2, 7, 10, 22]
[2, 4, 5, 18, 25]
[2, 3, 6, 11]
[1, 4, 6, 28]
[3, 4, 5, 17, 26]
[1, 3, 8, 12, 15]
[1, 4, 7, 11, 15]
[2, 4, 6, 9, 22]
[1, 3, 7, 14, 17]
[3, 4, 6, 10, 18]
[2, 3, 5, 19]
[16, 17, 18, 19, 20, 21, 22, 23, 24, 25, 26, 27, 28]


6
process id 3
stats
5, 15, 7, 100, 1000
20220818-190717
loosing coalitions taken
[1, 4, 7, 8]
[3, 4, 6, 13, 18]
[3, 4, 5, 16]
[1, 2, 10, 12, 13]
[2, 4, 6, 12, 22]
[1, 5, 6, 9, 23]
[2, 4, 5, 15]
[1, 2, 8, 11, 19]
[2, 3, 5, 24, 27]
[2, 3, 6, 11]
[1, 4, 6, 26]
[1, 3, 7, 15, 17]
[1, 3, 8, 10, 16]
[1, 2, 7, 9]
[16, 17, 18, 19, 20, 21, 22, 23, 24, 25, 26, 27, 28]


6
process id 2
stats
5, 15, 7, 100, 1000
20220818-190717
loosing coalitions taken
[1, 4, 8, 11, 13]
[2, 3, 6, 12]
[1, 2, 7, 11, 25]
[1, 3, 7, 13, 18]
[3, 4, 5, 16]
[1, 3, 8, 14, 15]
[1, 2, 8, 10, 21]
[2, 4, 5, 13, 27]
[1, 4, 6, 25]
[2, 4, 6, 14, 17]
[2, 3, 5, 24]
[1, 5, 6, 15, 21]
[3, 4, 6, 7]
[1, 3, 9, 10, 11]
[16, 17, 18, 19, 20, 21, 22, 23, 24, 25, 26, 27, 28]


5
process id 7
stats
5, 15, 7, 100, 1000
20220818-190717
loosing coalitions taken
[1, 2, 7, 13, 22]
[1, 2, 9, 10, 12]
[1, 2, 8, 14, 18]
[1, 5, 6, 12, 22]
[3, 4, 6, 14, 20]
[2, 3, 6, 12]
[1, 4, 6, 27]
[1, 3, 8, 13, 16]
[3, 4, 5, 10]
[1, 3, 7, 11, 21]
[2, 3, 5, 25]
[2, 4, 5, 14]
[1, 4, 7, 8]
[2, 4, 6, 8]
[16, 17, 18, 19, 20, 21, 22, 23, 24, 25, 26, 27, 28]


6
process id 1
stats
5, 15, 7, 100, 1000
20220818-190718
loosing coalitions taken
[1, 4, 7, 8]
[3, 4, 6, 11, 21]
[1, 5, 6, 9, 22]
[1, 2, 9, 11, 12]
[3, 4, 5, 12]
[2, 3, 6, 13, 26]
[2, 3, 5, 18, 25]
[2, 4, 6, 8]
[2, 4, 5, 16]
[1, 4, 6, 28]
[1, 3, 7, 16, 17]
[1, 2, 8, 14, 18]
[1, 2, 7, 10, 19]
[1, 3, 8, 11, 15]
[16, 17, 18, 19, 20, 21, 22, 23, 24, 25, 26, 27, 28]


6
process id 6
stats
5, 15, 7, 100, 1000
20220818-190718
loosing coalitions taken
[3, 4, 5, 18, 25]
[2, 3, 5, 23]
[3, 4, 6, 13, 20]
[1, 5, 6, 10, 25]
[1, 4, 8, 9, 11]
[2, 4, 6, 11, 21]
[1, 3, 8, 14, 16]
[1, 3, 7, 11, 21]
[1, 4, 7, 12, 14]
[2, 3, 6, 14]
[1, 2, 7, 10, 22]
[1, 4, 6, 24]
[2, 4, 5, 17, 22]
[1, 2, 8, 12, 19]
[16, 17, 18, 19, 20, 21, 22, 23, 24, 25, 26, 27, 28]


6
process id 4
stats
5, 15, 7, 100, 1000
20220818-190719
loosing coalitions taken
[1, 2, 7, 9]
[1, 3, 8, 11, 18]
[2, 4, 5, 19]
[2, 3, 6, 13]
[1, 4, 8, 13, 14]
[3, 4, 6, 9, 19]
[1, 2, 10, 12, 13]
[1, 4, 7, 10, 11]
[3, 4, 5, 15]
[1, 4, 6, 27]
[1, 3, 7, 12, 16]
[2, 4, 6, 15, 20]
[2, 3, 5, 21, 24]
[1, 5, 6, 10, 24]
[16, 17, 18, 19, 20, 21, 22, 23, 24, 25, 26, 27, 28]


6
process id 5
stats
5, 15, 7, 100, 1000
20220818-190720
loosing coalitions taken
[1, 3, 8, 13, 16]
[1, 3, 7, 15, 17]
[2, 4, 5, 21, 23]
[3, 4, 5, 17, 25]
[1, 3, 9, 10, 11]
[1, 5, 6, 15, 19]
[1, 2, 7, 11, 27]
[1, 4, 7, 10, 18]
[1, 2, 9, 12, 14]
[2, 3, 6, 11]
[1, 2, 8, 10, 20]
[2, 4, 6, 8]
[3, 4, 6, 7]
[1, 4, 6, 24]
[16, 17, 18, 19, 20, 21, 22, 23, 24, 25, 26, 27, 28]


5
process id 0
stats
5, 15, 7, 100, 1000
20220818-190720
loosing coalitions taken
[1, 2, 8, 15, 17]
[1, 3, 7, 13, 22]
[2, 4, 5, 18]
[1, 5, 6, 14, 21]
[2, 3, 6, 12]
[1, 3, 8, 9, 20]
[1, 2, 7, 16, 21]
[3, 4, 5, 9]
[1, 4, 6, 24, 25]
[2, 3, 5, 23]
[1, 4, 7, 8, 28]
[1, 2, 9, 11, 13]
[2, 4, 6, 14, 15]
[3, 4, 6, 10, 17]
[16, 17, 18, 19, 20, 21, 22, 23, 24, 25, 26, 27, 28]


5
process id 2
stats
5, 15, 7, 100, 1000
20220818-190721
loosing coalitions taken
[1, 3, 7, 14, 22]
[1, 2, 9, 10, 13]
[1, 5, 6, 14, 20]
[1, 4, 8, 9, 15]
[1, 3, 8, 11, 17]
[3, 4, 5, 15]
[2, 3, 6, 9]
[1, 2, 7, 15, 20]
[2, 4, 6, 10, 23]
[2, 4, 5, 12]
[2, 3, 5, 21]
[1, 4, 6, 24]
[1, 4, 7, 13, 16]
[1, 2, 8, 12, 14]
[16, 17, 18, 19, 20, 21, 22, 23, 24, 25, 26, 27, 28]


6
process id 7
stats
5, 15, 7, 100, 1000
20220818-190721
loosing coalitions taken
[1, 3, 7, 9, 23]
[1, 2, 8, 10, 20]
[1, 4, 7, 8]
[2, 4, 5, 20]
[1, 5, 6, 9, 25]
[2, 3, 6, 13]
[1, 2, 9, 11, 14]
[2, 3, 5, 19]
[1, 2, 7, 15, 17]
[2, 4, 6, 11, 19]
[1, 4, 6, 27]
[3, 4, 6, 8]
[1, 3, 8, 11, 15]
[3, 4, 5, 18, 25]
[16, 17, 18, 19, 20, 21, 22, 23, 24, 25, 26, 27, 28]


5
process id 5
stats
5, 15, 7, 100, 1000
20220818-190724
loosing coalitions taken
[1, 2, 8, 12, 21]
[2, 4, 5, 20]
[1, 3, 8, 9, 20]
[1, 2, 7, 9]
[3, 4, 5, 12]
[1, 3, 7, 12, 17]
[2, 3, 6, 11]
[3, 4, 6, 7]
[1, 4, 6, 23, 27]
[1, 4, 7, 10, 13]
[1, 5, 6, 9, 25]
[2, 4, 6, 8]
[2, 3, 5, 22]
[1, 2, 10, 11, 14]
[16, 17, 18, 19, 20, 21, 22, 23, 24, 25, 26, 27, 28]


5
process id 3
stats
5, 15, 7, 100, 1000
20220818-190724
loosing coalitions taken
[2, 4, 5, 18]
[2, 3, 6, 9]
[1, 5, 6, 15, 20]
[1, 2, 7, 13, 22]
[1, 2, 8, 10, 20]
[1, 3, 8, 11, 19]
[1, 4, 6, 23, 27]
[2, 4, 6, 8]
[1, 3, 7, 12, 20]
[3, 4, 5, 13]
[2, 3, 5, 19]
[1, 4, 7, 9, 16]
[3, 4, 6, 7]
[1, 4, 8, 12, 13]
[16, 17, 18, 19, 20, 21, 22, 23, 24, 25, 26, 27, 28]


6
process id 6
stats
5, 15, 7, 100, 1000
20220818-190725
loosing coalitions taken
[1, 2, 8, 13, 17]
[1, 2, 9, 10, 14]
[2, 4, 5, 17]
[1, 3, 8, 12, 19]
[1, 3, 7, 16, 18]
[1, 4, 7, 10, 19]
[1, 5, 6, 9, 24]
[3, 4, 6, 8]
[3, 4, 5, 16, 26]
[2, 3, 6, 13, 20]
[1, 4, 6, 25]
[2, 3, 5, 23]
[2, 4, 6, 14, 19]
[1, 2, 7, 11, 25]
[16, 17, 18, 19, 20, 21, 22, 23, 24, 25, 26, 27, 28]


6
process id 1
stats
5, 15, 7, 100, 1000
20220818-190725
loosing coalitions taken
[1, 4, 8, 9, 13]
[3, 4, 5, 17, 24]
[2, 3, 5, 25, 26]
[1, 2, 7, 9, 24]
[2, 5, 6, 7, 16]
[2, 4, 5, 19]
[2, 3, 6, 14]
[1, 2, 8, 10, 20]
[1, 4, 6, 25]
[3, 4, 6, 8]
[1, 5, 6, 12, 21]
[1, 3, 8, 11, 14]
[2, 4, 6, 15, 20]
[1, 3, 7, 16, 19]
[16, 17, 18, 19, 20, 21, 22, 23, 24, 25, 26, 27, 28]


6
process id 4
stats
5, 15, 7, 100, 1000
20220818-190725
loosing coalitions taken
[2, 3, 6, 15, 27]
[1, 5, 6, 15, 17]
[1, 2, 8, 12, 17]
[1, 2, 10, 11, 13]
[1, 2, 7, 14, 21]
[1, 3, 8, 11, 16]
[1, 4, 7, 8, 24]
[1, 4, 6, 27]
[1, 3, 7, 9, 22]
[2, 3, 5, 25]
[2, 4, 5, 18]
[3, 4, 5, 10, 28]
[2, 4, 6, 11, 24]
[3, 4, 6, 12, 21]
[16, 17, 18, 19, 20, 21, 22, 23, 24, 25, 26, 27, 28]


6
process id 7
stats
5, 15, 7, 100, 1000
20220818-190725
loosing coalitions taken
[1, 2, 10, 11, 12]
[1, 5, 6, 16, 18]
[1, 4, 7, 8]
[2, 3, 6, 19, 20]
[3, 4, 5, 17, 25]
[2, 4, 5, 21, 27]
[2, 3, 5, 22]
[1, 4, 6, 23, 26]
[3, 4, 6, 13, 15]
[2, 4, 6, 8]
[1, 3, 7, 10, 22]
[1, 3, 8, 13, 16]
[1, 2, 7, 9]
[1, 2, 8, 14, 20]
[16, 17, 18, 19, 20, 21, 22, 23, 24, 25, 26, 27, 28]


5
process id 3
stats
5, 15, 7, 100, 1000
20220818-190727
loosing coalitions taken
[1, 2, 8, 9, 18]
[2, 4, 5, 19]
[2, 3, 6, 12]
[1, 2, 7, 16, 17]
[1, 5, 6, 13, 19]
[2, 4, 6, 10, 21]
[3, 4, 5, 11]
[1, 4, 7, 8]
[1, 4, 6, 24]
[1, 2, 10, 12, 14]
[3, 4, 6, 8]
[2, 3, 5, 20]
[1, 3, 7, 15, 20]
[1, 3, 9, 10, 11]
[16, 17, 18, 19, 20, 21, 22, 23, 24, 25, 26, 27, 28]


6
process id 1
stats
5, 15, 7, 100, 1000
20220818-190728
loosing coalitions taken
[1, 2, 9, 10, 13]
[2, 4, 5, 21, 28]
[1, 2, 8, 11, 19]
[2, 3, 6, 10]
[1, 3, 8, 12, 17]
[1, 3, 7, 9, 23]
[3, 4, 5, 16]
[1, 4, 6, 25]
[1, 5, 6, 16, 18]
[2, 3, 5, 22]
[1, 4, 7, 8]
[2, 4, 6, 13, 15]
[3, 4, 6, 8]
[2, 5, 6, 7, 14]
[16, 17, 18, 19, 20, 21, 22, 23, 24, 25, 26, 27, 28]


6
process id 0
stats
5, 15, 7, 100, 1000
20220818-190728
loosing coalitions taken
[2, 3, 6, 13, 27]
[1, 2, 8, 10, 18]
[1, 4, 7, 10, 17]
[1, 3, 8, 13, 15]
[1, 2, 7, 16, 19]
[1, 3, 9, 10, 12]
[1, 2, 9, 11, 14]
[1, 4, 8, 11, 12]
[3, 4, 6, 12, 20]
[2, 4, 6, 9, 24]
[2, 4, 5, 21, 23]
[2, 3, 5, 25]
[1, 4, 6, 25]
[1, 3, 7, 14, 21]
[16, 17, 18, 19, 20, 21, 22, 23, 24, 25, 26, 27, 28]


6
process id 4
stats
5, 15, 7, 100, 1000
20220818-190730
loosing coalitions taken
[2, 4, 5, 21, 27]
[3, 4, 6, 9, 20]
[2, 3, 5, 22]
[1, 2, 7, 15, 19]
[1, 2, 8, 12, 17]
[1, 4, 7, 8]
[3, 4, 5, 16]
[1, 4, 6, 26, 27]
[1, 5, 6, 15, 16]
[1, 3, 7, 11, 23]
[2, 3, 6, 12]
[2, 4, 6, 8]
[1, 2, 9, 11, 14]
[1, 3, 8, 13, 14]
[16, 17, 18, 19, 20, 21, 22, 23, 24, 25, 26, 27, 28]


6
process id 5
stats
5, 15, 7, 100, 1000
20220818-190731
loosing coalitions taken
[1, 2, 9, 10, 11]
[1, 3, 8, 14, 15]
[1, 4, 7, 10, 16]
[2, 3, 7, 8, 10]
[2, 3, 5, 24]
[1, 2, 7, 13, 25]
[1, 3, 7, 12, 19]
[2, 4, 6, 10, 23]
[3, 4, 5, 9, 27]
[3, 4, 6, 8, 28]
[2, 4, 5, 18, 25]
[1, 5, 6, 16, 18]
[2, 3, 6, 14]
[1, 4, 6, 25, 27]
[16, 17, 18, 19, 20, 21, 22, 23, 24, 25, 26, 27, 28]


