Results
Max overall: 15
Min avg pop: 0.62
Min pop: 0.641

6
process id 1
stats
5, 15, 7, 100, 1000
20220818-191349
loosing coalitions taken
[2, 3, 6, 9]
[1, 4, 8, 10, 13]
[1, 2, 7, 11, 24]
[1, 5, 6, 11, 21]
[1, 3, 7, 10, 22]
[2, 4, 5, 19]
[1, 3, 8, 12, 17]
[2, 3, 5, 23]
[1, 4, 6, 28]
[3, 4, 5, 11]
[1, 2, 10, 12, 14]
[2, 4, 6, 12, 21]
[3, 4, 6, 14, 19]
[1, 2, 8, 9, 16]
[16, 17, 18, 19, 20, 21, 22, 23, 24, 25, 26, 27, 28]


6
process id 2
stats
5, 15, 7, 100, 1000
20220818-191350
loosing coalitions taken
[3, 4, 6, 10, 19]
[2, 4, 6, 15, 18]
[1, 2, 9, 11, 13]
[2, 3, 6, 9]
[2, 4, 5, 20]
[1, 5, 6, 10, 25]
[1, 4, 6, 24]
[1, 3, 8, 10, 16]
[2, 3, 5, 19]
[1, 4, 8, 11, 14]
[3, 4, 5, 14]
[1, 3, 7, 11, 23]
[1, 2, 8, 12, 20]
[1, 2, 7, 15, 17]
[16, 17, 18, 19, 20, 21, 22, 23, 24, 25, 26, 27, 28]


6
process id 7
stats
5, 15, 7, 100, 1000
20220818-191352
loosing coalitions taken
[1, 3, 7, 14, 20]
[1, 2, 8, 15, 16]
[1, 2, 10, 12, 13]
[2, 4, 6, 12, 20]
[1, 2, 7, 9]
[2, 4, 5, 19]
[2, 3, 6, 18, 21]
[1, 3, 8, 10, 19]
[3, 4, 5, 13]
[1, 4, 7, 11, 16]
[2, 3, 5, 20]
[1, 5, 6, 15, 18]
[1, 4, 6, 28]
[1, 4, 8, 9, 12]
[16, 17, 18, 19, 20, 21, 22, 23, 24, 25, 26, 27, 28]


6
process id 4
stats
5, 15, 7, 100, 1000
20220818-191353
loosing coalitions taken
[1, 3, 7, 9, 24]
[1, 3, 8, 12, 16]
[1, 2, 8, 15, 17]
[2, 3, 5, 24]
[1, 4, 7, 14, 16]
[3, 4, 6, 11, 18]
[1, 2, 7, 11, 27]
[1, 2, 9, 10, 14]
[2, 4, 5, 20]
[3, 4, 5, 17, 21]
[1, 5, 6, 10, 25]
[1, 4, 6, 23]
[2, 3, 6, 12]
[2, 4, 6, 8]
[16, 17, 18, 19, 20, 21, 22, 23, 24, 25, 26, 27, 28]


5
process id 3
stats
5, 15, 7, 100, 1000
20220818-191354
loosing coalitions taken
[2, 3, 6, 13]
[1, 3, 8, 9, 19]
[1, 2, 7, 11, 24]
[1, 3, 7, 10, 21]
[1, 2, 10, 12, 14]
[1, 5, 6, 11, 20]
[2, 4, 6, 15, 17]
[1, 4, 7, 8]
[2, 3, 5, 22]
[3, 4, 6, 8]
[3, 4, 5, 15]
[2, 4, 5, 18]
[1, 4, 6, 23]
[1, 2, 8, 13, 16]
[16, 17, 18, 19, 20, 21, 22, 23, 24, 25, 26, 27, 28]


6
process id 6
stats
5, 15, 7, 100, 1000
20220818-191354
loosing coalitions taken
[3, 4, 5, 16]
[1, 3, 9, 10, 12]
[1, 4, 7, 10, 18]
[1, 2, 7, 16, 21]
[1, 2, 8, 12, 19]
[1, 3, 7, 15, 19]
[2, 3, 5, 25]
[2, 3, 6, 15, 24]
[2, 4, 5, 15]
[1, 4, 6, 26]
[3, 4, 6, 14, 20]
[1, 3, 8, 11, 16]
[2, 4, 6, 12, 22]
[1, 5, 6, 11, 17]
[16, 17, 18, 19, 20, 21, 22, 23, 24, 25, 26, 27, 28]


6
process id 5
stats
5, 15, 7, 100, 1000
20220818-191355
loosing coalitions taken
[1, 2, 9, 12, 14]
[1, 2, 8, 10, 18]
[1, 4, 8, 9, 11]
[1, 3, 7, 14, 22]
[1, 3, 8, 13, 16]
[1, 2, 7, 11, 24]
[2, 4, 5, 16]
[1, 5, 6, 12, 17]
[2, 3, 6, 11]
[2, 3, 5, 25, 27]
[2, 4, 6, 9, 22]
[3, 4, 5, 13]
[1, 4, 6, 25]
[3, 4, 6, 10, 19]
[16, 17, 18, 19, 20, 21, 22, 23, 24, 25, 26, 27, 28]


6
process id 0
stats
5, 15, 7, 100, 1000
20220818-191356
loosing coalitions taken
[2, 3, 6, 14]
[2, 4, 5, 17]
[2, 3, 5, 25]
[1, 4, 6, 26]
[3, 4, 5, 15, 27]
[1, 5, 6, 10, 21]
[1, 4, 8, 12, 14]
[2, 4, 6, 12, 23]
[1, 4, 7, 10, 19]
[3, 4, 6, 9, 21]
[1, 3, 7, 14, 20]
[1, 3, 8, 13, 16]
[1, 2, 7, 11, 26]
[1, 3, 9, 10, 12]
[16, 17, 18, 19, 20, 21, 22, 23, 24, 25, 26, 27, 28]


6
process id 2
stats
5, 15, 7, 100, 1000
20220818-191357
loosing coalitions taken
[3, 4, 6, 10, 19]
[2, 4, 6, 9, 22]
[2, 3, 6, 11]
[1, 2, 8, 12, 19]
[1, 4, 7, 12, 16]
[1, 2, 9, 10, 14]
[2, 4, 5, 19, 23]
[3, 4, 5, 15]
[1, 3, 8, 14, 16]
[1, 4, 6, 28]
[2, 3, 5, 20]
[1, 5, 6, 13, 22]
[1, 3, 7, 11, 20]
[1, 4, 8, 9, 15]
[16, 17, 18, 19, 20, 21, 22, 23, 24, 25, 26, 27, 28]


5
process id 1
stats
5, 15, 7, 100, 1000
20220818-191358
loosing coalitions taken
[1, 2, 8, 13, 20]
[3, 4, 5, 15]
[1, 2, 7, 10, 23]
[1, 3, 8, 9, 17]
[2, 3, 6, 16, 20]
[1, 3, 7, 12, 22]
[1, 4, 6, 27]
[3, 4, 6, 12, 17]
[2, 4, 5, 18]
[2, 4, 6, 13, 19]
[1, 5, 6, 11, 20]
[2, 3, 5, 21]
[1, 4, 7, 8]
[1, 2, 9, 12, 14]
[16, 17, 18, 19, 20, 21, 22, 23, 24, 25, 26, 27, 28]


6
process id 4
stats
5, 15, 7, 100, 1000
20220818-191358
loosing coalitions taken
[1, 4, 8, 10, 11]
[3, 4, 5, 16]
[2, 3, 6, 10, 28]
[1, 2, 9, 11, 13]
[1, 3, 7, 14, 18]
[1, 3, 8, 12, 19]
[1, 2, 7, 12, 23]
[1, 4, 7, 13, 15]
[1, 5, 6, 10, 26]
[2, 4, 5, 20, 21]
[1, 4, 6, 24]
[2, 3, 5, 24]
[2, 4, 6, 13, 18]
[3, 4, 6, 8, 27]
[16, 17, 18, 19, 20, 21, 22, 23, 24, 25, 26, 27, 28]


6
process id 7
stats
5, 15, 7, 100, 1000
20220818-191358
loosing coalitions taken
[2, 4, 5, 20]
[1, 3, 8, 11, 19]
[2, 3, 6, 12]
[1, 5, 6, 16, 17]
[1, 4, 6, 26]
[3, 4, 5, 19, 24]
[2, 4, 6, 9, 21]
[1, 2, 8, 10, 18]
[1, 2, 7, 9]
[2, 3, 5, 22, 28]
[1, 4, 7, 12, 15]
[3, 4, 6, 15, 16]
[1, 3, 7, 16, 18]
[1, 3, 9, 10, 12]
[16, 17, 18, 19, 20, 21, 22, 23, 24, 25, 26, 27, 28]


5
process id 5
stats
5, 15, 7, 100, 1000
20220818-191400
loosing coalitions taken
[1, 3, 9, 10, 11]
[3, 4, 6, 15, 17]
[1, 2, 9, 12, 13]
[1, 2, 7, 14, 22]
[1, 4, 8, 9, 15]
[1, 3, 7, 13, 19]
[1, 2, 8, 10, 21]
[1, 4, 6, 26]
[2, 3, 5, 25, 27]
[2, 3, 6, 13, 23]
[2, 4, 5, 20, 24]
[3, 4, 5, 14]
[1, 3, 8, 12, 16]
[2, 5, 6, 7, 16]
[16, 17, 18, 19, 20, 21, 22, 23, 24, 25, 26, 27, 28]


6
process id 6
stats
5, 15, 7, 100, 1000
20220818-191400
loosing coalitions taken
[1, 3, 7, 15, 20]
[1, 2, 9, 11, 14]
[1, 5, 6, 11, 24]
[1, 2, 7, 12, 25]
[1, 4, 7, 8]
[2, 3, 5, 21]
[2, 4, 6, 15, 17]
[3, 4, 5, 15]
[3, 4, 6, 8]
[2, 4, 5, 19]
[2, 3, 6, 9]
[1, 3, 8, 9, 18]
[1, 2, 8, 10, 20]
[1, 4, 6, 26]
[16, 17, 18, 19, 20, 21, 22, 23, 24, 25, 26, 27, 28]


5
process id 0
stats
5, 15, 7, 100, 1000
20220818-191401
loosing coalitions taken
[1, 5, 6, 16, 20]
[1, 2, 7, 9, 28]
[2, 3, 6, 11]
[1, 4, 6, 27]
[1, 3, 7, 16, 19]
[1, 2, 10, 12, 14]
[1, 4, 7, 13, 15]
[3, 4, 5, 16]
[2, 3, 5, 25, 28]
[2, 4, 5, 20]
[3, 4, 6, 10, 17]
[1, 4, 8, 11, 14]
[2, 4, 6, 12, 18]
[1, 3, 8, 10, 15]
[16, 17, 18, 19, 20, 21, 22, 23, 24, 25, 26, 27, 28]


6
process id 7
stats
5, 15, 7, 100, 1000
20220818-191402
loosing coalitions taken
[1, 2, 10, 12, 14]
[1, 3, 7, 16, 17]
[1, 4, 7, 8]
[2, 3, 5, 25]
[3, 4, 6, 9, 21]
[1, 2, 7, 15, 21]
[2, 4, 5, 17]
[1, 5, 6, 15, 19]
[3, 4, 5, 11]
[2, 4, 6, 8]
[2, 3, 6, 14, 27]
[1, 4, 6, 23]
[1, 2, 8, 11, 20]
[1, 3, 8, 9, 15]
[16, 17, 18, 19, 20, 21, 22, 23, 24, 25, 26, 27, 28]


5
process id 2
stats
5, 15, 7, 100, 1000
20220818-191403
loosing coalitions taken
[2, 4, 5, 18]
[2, 3, 6, 13]
[1, 3, 8, 9, 17]
[1, 5, 6, 16, 17]
[1, 2, 7, 15, 22]
[1, 3, 7, 12, 18]
[3, 4, 5, 11]
[2, 3, 5, 24, 28]
[1, 2, 8, 13, 20]
[3, 4, 6, 8, 28]
[1, 2, 10, 12, 14]
[1, 4, 7, 8]
[1, 4, 6, 26]
[2, 4, 6, 12, 17]
[16, 17, 18, 19, 20, 21, 22, 23, 24, 25, 26, 27, 28]


6
process id 4
stats
5, 15, 7, 100, 1000
20220818-191403
loosing coalitions taken
[2, 4, 6, 16, 19]
[1, 4, 7, 13, 15]
[1, 4, 8, 10, 14]
[3, 4, 6, 12, 17]
[1, 2, 7, 9]
[1, 3, 8, 13, 16]
[2, 3, 6, 11]
[3, 4, 5, 14]
[1, 3, 7, 10, 24]
[1, 4, 6, 25]
[2, 4, 5, 18]
[2, 3, 5, 22, 25]
[1, 5, 6, 10, 22]
[1, 2, 8, 15, 17]
[16, 17, 18, 19, 20, 21, 22, 23, 24, 25, 26, 27, 28]


6
process id 1
stats
5, 15, 7, 100, 1000
20220818-191404
loosing coalitions taken
[2, 3, 5, 25]
[1, 2, 10, 11, 14]
[1, 4, 7, 8]
[1, 5, 6, 9, 23]
[2, 4, 6, 14, 21]
[2, 4, 5, 17, 26]
[2, 3, 6, 13]
[1, 4, 6, 25]
[3, 4, 5, 15]
[1, 3, 7, 10, 24]
[1, 2, 7, 9]
[1, 3, 8, 9, 17]
[1, 2, 8, 13, 15]
[3, 4, 6, 11, 19]
[16, 17, 18, 19, 20, 21, 22, 23, 24, 25, 26, 27, 28]


6
process id 2
stats
5, 15, 7, 100, 1000
20220818-191405
loosing coalitions taken
[1, 5, 6, 10, 24]
[2, 4, 5, 17, 28]
[1, 2, 8, 12, 20]
[1, 3, 8, 11, 16]
[1, 3, 7, 12, 21]
[3, 4, 6, 12, 19]
[2, 4, 6, 10, 23]
[3, 4, 5, 18, 23]
[1, 2, 9, 11, 13]
[1, 4, 8, 13, 14]
[2, 3, 5, 22, 26]
[1, 4, 6, 27]
[2, 3, 6, 11]
[1, 2, 7, 14, 23]
[16, 17, 18, 19, 20, 21, 22, 23, 24, 25, 26, 27, 28]


6
process id 3
stats
5, 15, 7, 100, 1000
20220818-191406
loosing coalitions taken
[2, 3, 6, 13, 28]
[3, 4, 5, 21, 23]
[1, 5, 6, 10, 25]
[2, 4, 6, 14, 21]
[2, 4, 5, 18]
[1, 3, 7, 11, 22]
[1, 3, 8, 15, 16]
[1, 4, 7, 9, 15]
[1, 2, 7, 16, 20]
[1, 2, 8, 12, 19]
[3, 4, 6, 15, 17]
[1, 4, 6, 24]
[2, 3, 7, 8, 10]
[1, 2, 10, 11, 14]
[16, 17, 18, 19, 20, 21, 22, 23, 24, 25, 26, 27, 28]


6
process id 5
stats
5, 15, 7, 100, 1000
20220818-191406
loosing coalitions taken
[1, 2, 7, 12, 25]
[1, 4, 7, 13, 15]
[1, 2, 8, 13, 20]
[1, 5, 6, 16, 18]
[1, 3, 7, 14, 21]
[1, 2, 9, 10, 14]
[2, 3, 5, 22]
[1, 4, 6, 24]
[2, 3, 6, 11]
[3, 4, 5, 12]
[2, 3, 7, 8, 10]
[2, 4, 5, 20, 28]
[3, 4, 6, 8]
[1, 3, 8, 11, 19]
[16, 17, 18, 19, 20, 21, 22, 23, 24, 25, 26, 27, 28]


6
process id 4
stats
5, 15, 7, 100, 1000
20220818-191409
loosing coalitions taken
[1, 2, 7, 16, 20]
[3, 4, 5, 20, 24]
[2, 4, 5, 17, 25]
[1, 5, 6, 10, 22]
[1, 2, 8, 12, 19]
[2, 3, 5, 23, 27]
[2, 3, 6, 11]
[1, 3, 8, 10, 18]
[1, 3, 7, 12, 22]
[1, 4, 6, 24]
[3, 4, 6, 15, 16]
[1, 4, 8, 9, 13]
[1, 2, 10, 11, 14]
[2, 4, 6, 8]
[16, 17, 18, 19, 20, 21, 22, 23, 24, 25, 26, 27, 28]


6
process id 2
stats
5, 15, 7, 100, 1000
20220818-191409
loosing coalitions taken
[1, 2, 7, 13, 24]
[2, 4, 5, 18]
[1, 3, 8, 9, 16]
[1, 5, 6, 12, 22]
[1, 3, 7, 11, 20]
[1, 4, 6, 28]
[1, 2, 8, 12, 19]
[2, 3, 5, 21]
[2, 3, 6, 13]
[3, 4, 5, 11]
[2, 4, 6, 14, 20]
[1, 4, 8, 11, 13]
[1, 4, 7, 10, 19]
[3, 4, 6, 8]
[16, 17, 18, 19, 20, 21, 22, 23, 24, 25, 26, 27, 28]


6
process id 1
stats
5, 15, 7, 100, 1000
20220818-191410
loosing coalitions taken
[2, 4, 6, 10, 24]
[3, 4, 6, 13, 19]
[1, 2, 8, 14, 18]
[1, 2, 7, 15, 22]
[1, 3, 7, 14, 20]
[1, 4, 8, 11, 13]
[1, 3, 8, 15, 16]
[1, 2, 9, 12, 13]
[1, 4, 6, 28]
[2, 3, 6, 9, 25]
[2, 3, 7, 8, 10]
[2, 3, 5, 21, 26]
[2, 4, 5, 18, 22]
[3, 4, 5, 15]
[16, 17, 18, 19, 20, 21, 22, 23, 24, 25, 26, 27, 28]


6
process id 4
stats
5, 15, 7, 100, 1000
20220818-191412
loosing coalitions taken
[1, 5, 6, 15, 18]
[2, 4, 5, 21, 28]
[1, 2, 9, 10, 11]
[2, 4, 6, 12, 20]
[1, 3, 8, 11, 19]
[1, 2, 7, 17, 18]
[1, 4, 7, 14, 16]
[1, 3, 7, 9, 22]
[3, 4, 6, 14, 17]
[2, 3, 5, 20]
[1, 4, 6, 27]
[2, 3, 6, 13, 23]
[3, 4, 5, 16]
[1, 2, 8, 14, 20]
[16, 17, 18, 19, 20, 21, 22, 23, 24, 25, 26, 27, 28]


6
process id 7
stats
5, 15, 7, 100, 1000
20220818-191412
loosing coalitions taken
[1, 5, 6, 10, 26]
[1, 3, 7, 15, 21]
[2, 3, 6, 12, 26]
[3, 4, 5, 15]
[2, 4, 6, 13, 20]
[1, 2, 7, 9]
[1, 4, 6, 25]
[2, 4, 5, 21, 26]
[1, 4, 8, 9, 14]
[2, 3, 5, 24]
[1, 2, 8, 12, 16]
[3, 4, 6, 11, 19]
[1, 4, 7, 13, 16]
[1, 3, 9, 10, 11]
[16, 17, 18, 19, 20, 21, 22, 23, 24, 25, 26, 27, 28]


5
process id 3
stats
5, 15, 7, 100, 1000
20220818-191413
loosing coalitions taken
[2, 3, 6, 12]
[1, 5, 6, 10, 22]
[1, 2, 9, 11, 13]
[1, 2, 7, 10, 28]
[1, 3, 8, 11, 16]
[1, 2, 8, 14, 17]
[2, 3, 5, 22, 24]
[2, 4, 6, 8]
[2, 4, 5, 19]
[1, 4, 7, 8]
[1, 4, 6, 28]
[3, 4, 6, 11, 18]
[1, 3, 7, 14, 21]
[3, 4, 5, 16, 23]
[16, 17, 18, 19, 20, 21, 22, 23, 24, 25, 26, 27, 28]


6
process id 0
stats
5, 15, 7, 100, 1000
20220818-191414
loosing coalitions taken
[1, 3, 8, 11, 18]
[2, 4, 6, 15, 17]
[1, 3, 7, 12, 21]
[1, 2, 7, 17, 18]
[2, 3, 5, 25]
[1, 2, 9, 10, 11]
[1, 2, 8, 15, 16]
[3, 4, 6, 13, 18]
[3, 4, 5, 16]
[2, 4, 5, 20, 27]
[1, 5, 6, 12, 22]
[2, 5, 6, 7, 16]
[2, 3, 6, 11, 27]
[1, 4, 6, 23]
[16, 17, 18, 19, 20, 21, 22, 23, 24, 25, 26, 27, 28]


6
process id 5
stats
5, 15, 7, 100, 1000
20220818-191414
loosing coalitions taken
[3, 4, 5, 18, 25]
[2, 4, 5, 17]
[1, 5, 6, 10, 26]
[1, 2, 9, 11, 14]
[1, 3, 7, 16, 18]
[1, 2, 7, 13, 25]
[1, 2, 8, 12, 19]
[2, 3, 6, 12]
[2, 4, 6, 11, 20]
[1, 4, 6, 24]
[1, 4, 7, 12, 14]
[3, 4, 6, 8]
[2, 3, 5, 22]
[1, 3, 8, 14, 15]
[16, 17, 18, 19, 20, 21, 22, 23, 24, 25, 26, 27, 28]


6
process id 4
stats
5, 15, 7, 100, 1000
20220818-191414
loosing coalitions taken
[2, 3, 6, 13]
[1, 3, 8, 10, 18]
[2, 4, 5, 19]
[1, 3, 7, 15, 20]
[1, 2, 8, 15, 17]
[1, 2, 10, 11, 12]
[1, 2, 7, 9]
[3, 4, 5, 17, 22]
[2, 3, 5, 21]
[1, 5, 6, 16, 17]
[2, 4, 6, 12, 23]
[1, 4, 6, 26]
[1, 4, 7, 8, 25]
[3, 4, 6, 8]
[16, 17, 18, 19, 20, 21, 22, 23, 24, 25, 26, 27, 28]


6
process id 6
stats
5, 15, 7, 100, 1000
20220818-191414
loosing coalitions taken
[2, 3, 6, 13]
[1, 2, 8, 12, 20]
[1, 4, 8, 10, 14]
[1, 3, 7, 9, 23]
[1, 5, 6, 10, 23]
[1, 2, 7, 15, 17]
[3, 4, 5, 14]
[2, 4, 5, 18, 22]
[2, 3, 5, 21, 26]
[2, 4, 6, 8]
[1, 4, 6, 27]
[1, 3, 8, 13, 16]
[1, 2, 9, 10, 11]
[3, 4, 6, 12, 18]
[16, 17, 18, 19, 20, 21, 22, 23, 24, 25, 26, 27, 28]


5
process id 4
stats
5, 15, 7, 100, 1000
20220818-191416
loosing coalitions taken
[2, 4, 5, 19]
[1, 2, 7, 13, 23]
[1, 2, 8, 10, 20]
[1, 4, 8, 12, 13]
[1, 3, 8, 15, 16]
[1, 5, 6, 11, 24]
[1, 3, 7, 14, 20]
[1, 4, 6, 28]
[3, 4, 5, 17, 24]
[2, 3, 6, 11, 28]
[3, 4, 6, 8]
[2, 3, 5, 21]
[1, 4, 7, 9, 19]
[1, 2, 9, 11, 14]
[16, 17, 18, 19, 20, 21, 22, 23, 24, 25, 26, 27, 28]


6
process id 1
stats
5, 15, 7, 100, 1000
20220818-191418
loosing coalitions taken
[1, 2, 7, 9]
[1, 3, 8, 12, 18]
[2, 3, 6, 11]
[2, 4, 5, 15]
[3, 4, 5, 16]
[3, 4, 6, 15, 17]
[1, 5, 6, 9, 25]
[1, 3, 7, 14, 17]
[1, 4, 6, 23]
[2, 3, 5, 22]
[1, 4, 8, 11, 13]
[2, 4, 6, 13, 20]
[1, 2, 8, 14, 15]
[1, 2, 10, 12, 13]
[16, 17, 18, 19, 20, 21, 22, 23, 24, 25, 26, 27, 28]


5
process id 5
stats
5, 15, 7, 100, 1000
20220818-191419
loosing coalitions taken
[1, 5, 6, 13, 24]
[1, 3, 7, 14, 22]
[2, 3, 6, 10]
[1, 2, 7, 16, 20]
[2, 4, 5, 21, 24]
[3, 4, 5, 15]
[1, 4, 6, 26]
[2, 3, 5, 20]
[1, 2, 8, 10, 21]
[3, 4, 6, 13, 19]
[2, 4, 6, 14, 20]
[1, 4, 7, 10, 18]
[1, 4, 8, 12, 14]
[1, 2, 9, 11, 14]
[16, 17, 18, 19, 20, 21, 22, 23, 24, 25, 26, 27, 28]


5
process id 3
stats
5, 15, 7, 100, 1000
20220818-191420
loosing coalitions taken
[1, 4, 7, 8]
[1, 5, 6, 16, 20]
[2, 3, 6, 9]
[2, 4, 5, 16]
[1, 4, 6, 24]
[1, 2, 8, 13, 19]
[3, 4, 5, 20, 23]
[2, 3, 5, 25]
[3, 4, 6, 14, 15]
[2, 4, 6, 10, 19]
[1, 2, 10, 12, 14]
[1, 3, 8, 9, 16]
[1, 2, 7, 9]
[1, 3, 7, 11, 21]
[16, 17, 18, 19, 20, 21, 22, 23, 24, 25, 26, 27, 28]


6
process id 7
stats
5, 15, 7, 100, 1000
20220818-191421
loosing coalitions taken
[1, 5, 6, 11, 25]
[2, 4, 5, 18]
[1, 2, 10, 12, 14]
[1, 3, 7, 13, 20]
[1, 3, 8, 10, 16]
[3, 4, 6, 14, 16]
[1, 4, 8, 9, 15]
[1, 2, 8, 13, 19]
[2, 3, 6, 9]
[1, 4, 6, 26]
[2, 4, 6, 10, 21]
[2, 3, 5, 20]
[3, 4, 5, 17, 28]
[1, 2, 7, 11, 26]
[16, 17, 18, 19, 20, 21, 22, 23, 24, 25, 26, 27, 28]


5
process id 4
stats
5, 15, 7, 100, 1000
20220818-191422
loosing coalitions taken
[1, 3, 8, 10, 17]
[1, 5, 6, 14, 22]
[1, 4, 7, 8, 23]
[1, 2, 8, 9, 19]
[1, 2, 7, 11, 26]
[2, 3, 6, 17, 19]
[2, 3, 5, 23]
[1, 2, 10, 12, 14]
[1, 3, 7, 13, 19]
[2, 4, 5, 15]
[3, 4, 6, 8]
[3, 4, 5, 14]
[1, 4, 6, 25]
[2, 4, 6, 13, 22]
[16, 17, 18, 19, 20, 21, 22, 23, 24, 25, 26, 27, 28]


5
process id 2
stats
5, 15, 7, 100, 1000
20220818-191422
loosing coalitions taken
[1, 3, 8, 10, 19]
[1, 2, 8, 15, 17]
[1, 4, 7, 8]
[1, 5, 6, 15, 21]
[2, 4, 5, 20]
[1, 2, 9, 11, 12]
[2, 3, 6, 9, 27]
[1, 4, 6, 28]
[3, 4, 6, 15, 16]
[3, 4, 5, 12]
[2, 3, 5, 22]
[1, 2, 7, 14, 21]
[2, 4, 6, 8]
[1, 3, 7, 12, 22]
[16, 17, 18, 19, 20, 21, 22, 23, 24, 25, 26, 27, 28]


6
process id 7
stats
5, 15, 7, 100, 1000
20220818-191422
loosing coalitions taken
[1, 3, 7, 15, 20]
[2, 3, 6, 14]
[3, 4, 5, 18, 27]
[1, 5, 6, 10, 24]
[1, 3, 9, 10, 12]
[1, 2, 7, 17, 19]
[1, 2, 8, 11, 20]
[1, 4, 7, 11, 16]
[1, 4, 6, 23]
[3, 4, 6, 15, 16]
[2, 3, 5, 19]
[2, 4, 6, 8]
[1, 3, 8, 13, 14]
[2, 4, 5, 17]
[16, 17, 18, 19, 20, 21, 22, 23, 24, 25, 26, 27, 28]


6
process id 1
stats
5, 15, 7, 100, 1000
20220818-191423
loosing coalitions taken
[1, 3, 8, 10, 17]
[1, 2, 8, 14, 20]
[3, 4, 5, 17, 26]
[1, 2, 7, 13, 25]
[1, 2, 9, 10, 12]
[1, 4, 7, 8]
[2, 3, 6, 10]
[1, 5, 6, 11, 25]
[2, 4, 5, 19]
[3, 4, 6, 8]
[1, 4, 6, 23]
[1, 3, 7, 9, 22]
[2, 3, 5, 20]
[2, 4, 6, 9, 20]
[16, 17, 18, 19, 20, 21, 22, 23, 24, 25, 26, 27, 28]


6
process id 6
stats
5, 15, 7, 100, 1000
20220818-191423
loosing coalitions taken
[1, 2, 7, 9]
[2, 3, 6, 13]
[1, 5, 6, 14, 22]
[1, 3, 8, 12, 19]
[1, 4, 8, 13, 14]
[2, 4, 5, 18]
[3, 4, 5, 15, 28]
[3, 4, 6, 8]
[1, 4, 6, 28]
[1, 3, 7, 13, 18]
[1, 2, 8, 11, 17]
[2, 3, 5, 24]
[2, 4, 6, 9, 21]
[1, 4, 7, 12, 15]
[16, 17, 18, 19, 20, 21, 22, 23, 24, 25, 26, 27, 28]


5
process id 7
stats
5, 15, 7, 100, 1000
20220818-191424
loosing coalitions taken
[1, 5, 6, 14, 21]
[3, 4, 6, 13, 17]
[1, 2, 8, 15, 16]
[1, 3, 8, 10, 19]
[1, 3, 7, 15, 18]
[1, 2, 7, 13, 25]
[2, 3, 6, 12]
[1, 4, 7, 8, 23]
[3, 4, 5, 14]
[2, 4, 6, 10, 19]
[2, 3, 5, 19]
[2, 4, 5, 21, 26]
[1, 4, 6, 27, 28]
[1, 2, 9, 12, 14]
[16, 17, 18, 19, 20, 21, 22, 23, 24, 25, 26, 27, 28]


6
process id 4
stats
5, 15, 7, 100, 1000
20220818-191425
loosing coalitions taken
[1, 2, 7, 15, 22]
[2, 4, 5, 18, 27]
[1, 2, 9, 11, 14]
[1, 5, 6, 14, 21]
[2, 4, 6, 13, 21]
[1, 3, 9, 10, 12]
[2, 3, 6, 11]
[3, 4, 5, 14]
[1, 4, 6, 27, 28]
[1, 2, 8, 13, 20]
[1, 4, 7, 9, 18]
[1, 3, 8, 15, 16]
[1, 3, 7, 13, 21]
[1, 4, 8, 11, 12]
[16, 17, 18, 19, 20, 21, 22, 23, 24, 25, 26, 27, 28]


5
process id 7
stats
5, 15, 7, 100, 1000
20220818-191425
loosing coalitions taken
[1, 2, 8, 12, 17]
[1, 5, 6, 13, 24]
[2, 3, 6, 11]
[2, 4, 5, 19]
[1, 2, 7, 9]
[1, 3, 8, 14, 16]
[2, 3, 5, 22]
[3, 4, 5, 11]
[1, 4, 7, 8, 27]
[1, 4, 6, 25]
[2, 4, 6, 14, 16]
[3, 4, 6, 8]
[1, 3, 7, 13, 20]
[1, 2, 10, 11, 14]
[16, 17, 18, 19, 20, 21, 22, 23, 24, 25, 26, 27, 28]


6
process id 3
stats
5, 15, 7, 100, 1000
20220818-191426
loosing coalitions taken
[1, 2, 7, 9, 22]
[1, 5, 6, 16, 19]
[1, 3, 8, 11, 16]
[1, 2, 8, 14, 17]
[1, 2, 10, 11, 12]
[2, 4, 6, 16, 18]
[2, 4, 5, 17, 28]
[2, 3, 6, 13, 23]
[2, 3, 5, 20]
[1, 3, 7, 13, 19]
[3, 4, 6, 8, 25]
[1, 4, 6, 27, 28]
[1, 4, 7, 12, 14]
[1, 4, 8, 10, 15]
[16, 17, 18, 19, 20, 21, 22, 23, 24, 25, 26, 27, 28]


6
process id 1
stats
5, 15, 7, 100, 1000
20220818-191427
loosing coalitions taken
[1, 3, 8, 13, 15]
[2, 3, 6, 11]
[1, 2, 7, 9, 27]
[1, 2, 8, 14, 18]
[1, 3, 7, 16, 17]
[2, 4, 5, 19, 24]
[1, 5, 6, 13, 23]
[1, 4, 6, 28]
[1, 4, 7, 8]
[3, 4, 6, 9, 20]
[2, 3, 5, 18]
[3, 4, 5, 12]
[1, 2, 10, 12, 13]
[2, 4, 6, 12, 21]
[16, 17, 18, 19, 20, 21, 22, 23, 24, 25, 26, 27, 28]


6
process id 5
stats
5, 15, 7, 100, 1000
20220818-191427
loosing coalitions taken
[1, 5, 6, 11, 24]
[1, 3, 8, 12, 16]
[1, 4, 7, 10, 17]
[1, 2, 8, 9, 18]
[3, 4, 5, 16]
[2, 3, 6, 14]
[1, 4, 8, 13, 14]
[1, 3, 7, 9, 21]
[1, 4, 6, 23]
[2, 4, 6, 12, 21]
[2, 4, 5, 20]
[1, 2, 7, 11, 23]
[2, 3, 5, 25]
[3, 4, 6, 9, 19]
[16, 17, 18, 19, 20, 21, 22, 23, 24, 25, 26, 27, 28]


5
process id 6
stats
5, 15, 7, 100, 1000
20220818-191428
loosing coalitions taken
[2, 4, 5, 16]
[1, 2, 7, 12, 26]
[1, 3, 7, 15, 18]
[1, 3, 8, 12, 16]
[2, 3, 6, 11]
[2, 3, 7, 8, 9]
[1, 4, 6, 27]
[3, 4, 5, 20, 21]
[1, 5, 6, 9, 25]
[3, 4, 6, 8]
[2, 3, 5, 22]
[1, 4, 7, 13, 16]
[2, 4, 6, 15, 20]
[1, 2, 8, 13, 19]
[16, 17, 18, 19, 20, 21, 22, 23, 24, 25, 26, 27, 28]


6
process id 3
stats
5, 15, 7, 100, 1000
20220818-191428
loosing coalitions taken
[1, 2, 8, 11, 19]
[1, 5, 6, 11, 22]
[1, 3, 7, 11, 20]
[1, 2, 9, 12, 13]
[1, 2, 7, 16, 17]
[1, 3, 8, 10, 16]
[2, 4, 6, 12, 17]
[2, 3, 5, 26, 28]
[2, 4, 5, 20, 24]
[2, 3, 6, 19, 21]
[3, 5, 6, 7, 10]
[3, 4, 5, 14]
[1, 4, 8, 9, 15]
[1, 4, 6, 23]
[16, 17, 18, 19, 20, 21, 22, 23, 24, 25, 26, 27, 28]


5
process id 4
stats
5, 15, 7, 100, 1000
20220818-191428
loosing coalitions taken
[2, 3, 6, 10]
[1, 3, 7, 13, 19]
[1, 2, 7, 14, 21]
[2, 4, 5, 16]
[1, 5, 6, 15, 20]
[1, 3, 8, 9, 15]
[3, 4, 6, 15, 16]
[1, 4, 7, 8, 28]
[2, 3, 5, 20]
[3, 4, 5, 11]
[1, 4, 6, 24]
[1, 2, 9, 11, 12]
[2, 4, 6, 12, 21]
[1, 2, 8, 10, 19]
[16, 17, 18, 19, 20, 21, 22, 23, 24, 25, 26, 27, 28]


6
process id 2
stats
5, 15, 7, 100, 1000
20220818-191428
loosing coalitions taken
[1, 2, 8, 11, 21]
[2, 4, 5, 17, 28]
[1, 2, 10, 12, 14]
[1, 2, 7, 17, 18]
[1, 3, 8, 12, 19]
[3, 4, 5, 19, 22]
[1, 3, 7, 14, 21]
[1, 4, 8, 9, 10]
[1, 5, 6, 10, 24]
[3, 4, 6, 12, 18]
[2, 4, 6, 11, 22]
[1, 4, 6, 26]
[2, 3, 6, 15, 23]
[2, 3, 5, 18]
[16, 17, 18, 19, 20, 21, 22, 23, 24, 25, 26, 27, 28]


5
process id 0
stats
5, 15, 7, 100, 1000
20220818-191430
loosing coalitions taken
[1, 3, 9, 10, 12]
[2, 4, 6, 10, 23]
[2, 3, 6, 14]
[1, 5, 6, 12, 21]
[1, 4, 6, 25]
[2, 4, 5, 20]
[1, 4, 7, 8]
[3, 4, 6, 12, 17]
[2, 3, 5, 24]
[3, 4, 5, 16, 25]
[1, 2, 8, 15, 17]
[1, 3, 8, 13, 14]
[1, 2, 7, 9, 22]
[1, 3, 7, 15, 16]
[16, 17, 18, 19, 20, 21, 22, 23, 24, 25, 26, 27, 28]


6
process id 5
stats
5, 15, 7, 100, 1000
20220818-191431
loosing coalitions taken
[1, 3, 8, 10, 19]
[1, 2, 9, 11, 14]
[3, 4, 6, 13, 21]
[3, 4, 5, 16, 24]
[2, 3, 6, 14, 23]
[2, 4, 6, 15, 17]
[2, 5, 6, 7, 13]
[2, 4, 5, 19, 27]
[1, 5, 6, 9, 23]
[1, 4, 7, 11, 13]
[1, 4, 6, 26]
[1, 3, 7, 15, 20]
[2, 3, 5, 20]
[1, 2, 8, 12, 16]
[16, 17, 18, 19, 20, 21, 22, 23, 24, 25, 26, 27, 28]


5
process id 7
stats
5, 15, 7, 100, 1000
20220818-191433
loosing coalitions taken
[3, 4, 5, 16]
[1, 3, 7, 14, 18]
[1, 5, 6, 12, 23]
[1, 2, 7, 15, 20]
[2, 3, 6, 11, 28]
[1, 3, 8, 9, 17]
[1, 2, 9, 11, 12]
[1, 2, 8, 10, 21]
[2, 3, 5, 23]
[3, 4, 6, 12, 21]
[1, 4, 6, 24]
[2, 4, 6, 15, 17]
[2, 4, 5, 20]
[1, 4, 7, 8]
[16, 17, 18, 19, 20, 21, 22, 23, 24, 25, 26, 27, 28]


6
process id 4
stats
5, 15, 7, 100, 1000
20220818-191433
loosing coalitions taken
[1, 5, 6, 13, 24]
[2, 3, 6, 9]
[1, 2, 10, 11, 13]
[1, 2, 8, 14, 19]
[2, 4, 5, 20]
[1, 4, 6, 27]
[1, 2, 7, 17, 18]
[2, 4, 6, 8]
[1, 3, 7, 16, 19]
[2, 3, 5, 24, 28]
[3, 4, 5, 12]
[1, 3, 8, 11, 15]
[1, 4, 7, 8]
[3, 4, 6, 15, 16]
[16, 17, 18, 19, 20, 21, 22, 23, 24, 25, 26, 27, 28]


5
process id 3
stats
5, 15, 7, 100, 1000
20220818-191433
loosing coalitions taken
[1, 5, 6, 15, 21]
[1, 2, 7, 9]
[3, 4, 6, 12, 21]
[2, 3, 5, 25]
[2, 3, 6, 13]
[1, 3, 7, 14, 22]
[2, 4, 5, 20]
[1, 4, 6, 28]
[1, 4, 7, 8]
[2, 4, 6, 11, 23]
[1, 3, 8, 10, 15]
[3, 4, 5, 16]
[1, 2, 8, 12, 20]
[1, 2, 10, 11, 13]
[16, 17, 18, 19, 20, 21, 22, 23, 24, 25, 26, 27, 28]


6
process id 6
stats
5, 15, 7, 100, 1000
20220818-191434
loosing coalitions taken
[1, 5, 6, 13, 24]
[2, 4, 5, 19]
[1, 4, 8, 13, 14]
[1, 2, 9, 10, 14]
[1, 2, 7, 15, 22]
[2, 3, 6, 11]
[1, 4, 7, 11, 17]
[1, 2, 8, 12, 17]
[2, 3, 5, 20]
[3, 4, 5, 16]
[2, 4, 6, 8]
[3, 4, 6, 9, 18]
[1, 3, 7, 8]
[1, 4, 6, 26]
[16, 17, 18, 19, 20, 21, 22, 23, 24, 25, 26, 27, 28]


5
process id 3
stats
5, 15, 7, 100, 1000
20220818-191436
loosing coalitions taken
[1, 2, 8, 13, 18]
[1, 2, 10, 11, 12]
[2, 4, 5, 18]
[2, 3, 6, 13]
[1, 4, 6, 25]
[1, 3, 8, 11, 17]
[3, 4, 5, 15]
[1, 4, 8, 9, 14]
[2, 4, 6, 10, 21]
[1, 4, 7, 11, 15]
[2, 3, 5, 20]
[3, 4, 6, 9, 18]
[1, 5, 6, 15, 21]
[1, 2, 7, 14, 22]
[16, 17, 18, 19, 20, 21, 22, 23, 24, 25, 26, 27, 28]


6
process id 5
stats
5, 15, 7, 100, 1000
20220818-191437
loosing coalitions taken
[1, 3, 8, 9, 17]
[1, 2, 7, 9]
[2, 3, 6, 14]
[2, 3, 5, 20]
[3, 4, 5, 16, 25]
[1, 4, 6, 23]
[1, 2, 10, 11, 14]
[2, 4, 5, 18]
[1, 5, 6, 11, 22]
[2, 4, 6, 9, 17]
[1, 3, 7, 12, 22]
[1, 4, 7, 10, 17]
[3, 4, 6, 8]
[1, 2, 8, 13, 16]
[16, 17, 18, 19, 20, 21, 22, 23, 24, 25, 26, 27, 28]


5
process id 0
stats
5, 15, 7, 100, 1000
20220818-191437
loosing coalitions taken
[1, 3, 9, 10, 11]
[1, 3, 8, 12, 17]
[2, 4, 6, 11, 23]
[1, 4, 7, 8]
[2, 3, 6, 13]
[3, 4, 5, 16]
[1, 2, 7, 15, 20]
[2, 3, 5, 22]
[2, 4, 5, 15]
[1, 2, 8, 14, 18]
[3, 4, 6, 8]
[1, 3, 7, 13, 18]
[1, 4, 6, 26]
[1, 5, 6, 11, 24]
[16, 17, 18, 19, 20, 21, 22, 23, 24, 25, 26, 27, 28]


6
process id 6
stats
5, 15, 7, 100, 1000
20220818-191439
loosing coalitions taken
[1, 4, 7, 11, 16]
[1, 3, 7, 15, 21]
[2, 3, 6, 10, 27]
[1, 2, 9, 12, 14]
[1, 2, 7, 13, 22]
[1, 3, 8, 11, 18]
[2, 4, 6, 13, 20]
[1, 5, 6, 15, 17]
[1, 4, 6, 25]
[3, 4, 5, 16]
[2, 3, 5, 19]
[3, 4, 6, 14, 15]
[1, 2, 8, 10, 21]
[2, 4, 5, 18, 24]
[16, 17, 18, 19, 20, 21, 22, 23, 24, 25, 26, 27, 28]


6
process id 1
stats
5, 15, 7, 100, 1000
20220818-191440
loosing coalitions taken
[1, 5, 6, 9, 25]
[2, 4, 5, 20]
[2, 3, 6, 14]
[3, 4, 6, 8]
[2, 4, 6, 12, 17]
[1, 4, 6, 23]
[3, 4, 5, 16]
[2, 3, 5, 23]
[1, 2, 8, 12, 18]
[1, 3, 8, 15, 16]
[1, 3, 9, 10, 11]
[1, 4, 7, 8]
[1, 3, 7, 14, 17]
[1, 2, 7, 15, 20]
[16, 17, 18, 19, 20, 21, 22, 23, 24, 25, 26, 27, 28]


5
process id 6
stats
5, 15, 7, 100, 1000
20220818-191442
loosing coalitions taken
[1, 2, 7, 16, 18]
[3, 4, 5, 16]
[1, 3, 8, 9, 17]
[1, 2, 9, 11, 13]
[2, 3, 6, 10]
[1, 4, 7, 8]
[2, 4, 5, 20]
[1, 5, 6, 15, 16]
[2, 3, 5, 23]
[1, 2, 8, 12, 19]
[1, 3, 7, 11, 19]
[3, 4, 6, 14, 15]
[1, 4, 6, 28]
[2, 4, 6, 13, 22]
[16, 17, 18, 19, 20, 21, 22, 23, 24, 25, 26, 27, 28]


6
process id 0
stats
5, 15, 7, 100, 1000
20220818-191442
loosing coalitions taken
[1, 3, 8, 10, 16]
[3, 4, 5, 19, 23]
[1, 4, 7, 13, 16]
[1, 2, 8, 9, 21]
[1, 5, 6, 9, 24]
[2, 3, 5, 25]
[1, 2, 10, 11, 12]
[1, 3, 7, 11, 20]
[1, 2, 7, 17, 19]
[3, 4, 6, 15, 17]
[2, 3, 6, 10]
[2, 4, 5, 20]
[1, 4, 6, 25]
[2, 4, 6, 8]
[16, 17, 18, 19, 20, 21, 22, 23, 24, 25, 26, 27, 28]


5
process id 2
stats
5, 15, 7, 100, 1000
20220818-191442
loosing coalitions taken
[1, 5, 6, 9, 25]
[1, 4, 8, 13, 14]
[2, 4, 5, 17]
[1, 2, 9, 11, 12]
[1, 2, 7, 15, 20]
[1, 3, 8, 15, 16]
[1, 3, 7, 11, 22]
[2, 4, 6, 12, 22]
[1, 4, 6, 26]
[2, 3, 5, 21]
[3, 4, 5, 16]
[3, 4, 6, 9, 17]
[2, 3, 6, 11]
[1, 4, 7, 12, 16]
[16, 17, 18, 19, 20, 21, 22, 23, 24, 25, 26, 27, 28]


5
process id 1
stats
5, 15, 7, 100, 1000
20220818-191443
loosing coalitions taken
[1, 4, 7, 8]
[1, 5, 6, 9, 25]
[1, 2, 10, 12, 13]
[2, 4, 6, 9, 18]
[2, 3, 5, 23]
[1, 2, 7, 14, 18]
[3, 4, 5, 12]
[2, 4, 5, 20]
[3, 4, 6, 14, 17]
[1, 2, 8, 9, 22]
[2, 3, 6, 13]
[1, 3, 7, 12, 21]
[1, 4, 6, 27]
[1, 3, 8, 11, 18]
[16, 17, 18, 19, 20, 21, 22, 23, 24, 25, 26, 27, 28]


5
process id 2
stats
5, 15, 7, 100, 1000
20220818-191443
loosing coalitions taken
[1, 2, 8, 13, 18]
[2, 4, 5, 16]
[1, 3, 9, 10, 11]
[1, 4, 7, 9, 18]
[1, 2, 7, 10, 26]
[1, 3, 8, 14, 16]
[2, 3, 6, 10]
[2, 3, 5, 18]
[3, 4, 6, 9, 20]
[3, 4, 5, 21, 22]
[2, 4, 6, 8]
[1, 4, 6, 26]
[1, 3, 7, 12, 22]
[1, 5, 6, 10, 22]
[16, 17, 18, 19, 20, 21, 22, 23, 24, 25, 26, 27, 28]


6
process id 3
stats
5, 15, 7, 100, 1000
20220818-191445
loosing coalitions taken
[2, 4, 5, 20]
[1, 4, 7, 10, 17]
[1, 3, 9, 10, 12]
[1, 3, 8, 11, 17]
[2, 3, 6, 9]
[1, 3, 7, 13, 21]
[1, 2, 7, 14, 23]
[1, 2, 8, 13, 19]
[1, 4, 6, 27]
[3, 4, 6, 8]
[1, 5, 6, 9, 22]
[2, 3, 5, 25]
[3, 4, 5, 15, 28]
[2, 4, 6, 13, 22]
[16, 17, 18, 19, 20, 21, 22, 23, 24, 25, 26, 27, 28]


6
process id 0
stats
5, 15, 7, 100, 1000
20220818-191446
loosing coalitions taken
[1, 3, 7, 14, 21]
[3, 4, 5, 19, 26]
[2, 4, 5, 18]
[1, 2, 7, 9]
[1, 5, 6, 15, 17]
[1, 3, 8, 12, 16]
[2, 3, 6, 12, 25]
[2, 4, 6, 8]
[1, 4, 6, 27]
[1, 4, 7, 13, 15]
[2, 3, 5, 23]
[3, 4, 6, 13, 21]
[1, 2, 8, 13, 17]
[1, 2, 10, 12, 14]
[16, 17, 18, 19, 20, 21, 22, 23, 24, 25, 26, 27, 28]


6
process id 1
stats
5, 15, 7, 100, 1000
20220818-191446
loosing coalitions taken
[1, 4, 7, 9, 19]
[1, 2, 8, 13, 19]
[1, 2, 10, 11, 14]
[2, 3, 6, 12, 26]
[3, 4, 5, 17, 22]
[1, 3, 7, 14, 22]
[1, 3, 8, 12, 18]
[2, 3, 5, 23]
[1, 2, 7, 16, 20]
[2, 4, 5, 19, 28]
[1, 5, 6, 13, 22]
[3, 4, 6, 14, 20]
[2, 4, 6, 16, 17]
[1, 4, 6, 27]
[16, 17, 18, 19, 20, 21, 22, 23, 24, 25, 26, 27, 28]


6
process id 6
stats
5, 15, 7, 100, 1000
20220818-191447
loosing coalitions taken
[1, 3, 8, 10, 16]
[1, 3, 7, 14, 19]
[1, 5, 6, 10, 23]
[3, 4, 6, 12, 18]
[2, 4, 5, 21, 22]
[2, 3, 5, 25]
[1, 2, 7, 9]
[1, 4, 8, 11, 12]
[3, 4, 5, 17, 27]
[2, 3, 6, 15, 26]
[2, 4, 6, 9, 20]
[1, 4, 6, 24]
[1, 4, 7, 10, 18]
[1, 2, 8, 15, 17]
[16, 17, 18, 19, 20, 21, 22, 23, 24, 25, 26, 27, 28]


6
process id 4
stats
5, 15, 7, 100, 1000
20220818-191447
loosing coalitions taken
[1, 5, 6, 14, 21]
[1, 2, 8, 14, 19]
[1, 2, 7, 17, 18]
[1, 3, 8, 12, 18]
[1, 3, 7, 9, 24]
[2, 4, 5, 18]
[2, 3, 6, 12]
[1, 4, 8, 10, 15]
[3, 4, 5, 12]
[1, 4, 6, 27]
[2, 4, 6, 11, 19]
[2, 3, 5, 24]
[1, 4, 7, 11, 16]
[3, 4, 6, 8, 26]
[16, 17, 18, 19, 20, 21, 22, 23, 24, 25, 26, 27, 28]


5
process id 7
stats
5, 15, 7, 100, 1000
20220818-191447
loosing coalitions taken
[1, 3, 7, 16, 18]
[1, 2, 8, 14, 18]
[1, 5, 6, 12, 23]
[2, 3, 6, 15, 25]
[3, 4, 6, 12, 18]
[1, 2, 9, 10, 12]
[1, 3, 8, 11, 19]
[1, 2, 7, 15, 17]
[2, 3, 5, 24, 28]
[2, 4, 5, 16]
[2, 3, 7, 8, 9]
[3, 4, 5, 13]
[1, 4, 6, 24]
[2, 5, 6, 8, 11]
[16, 17, 18, 19, 20, 21, 22, 23, 24, 25, 26, 27, 28]


6
process id 3
stats
5, 15, 7, 100, 1000
20220818-191447
loosing coalitions taken
[2, 3, 6, 14, 28]
[1, 5, 6, 11, 25]
[1, 2, 7, 12, 26]
[2, 3, 5, 24]
[1, 3, 7, 9, 22]
[1, 4, 8, 9, 14]
[1, 2, 8, 15, 17]
[1, 2, 10, 11, 13]
[1, 4, 7, 13, 16]
[3, 4, 6, 10, 18]
[2, 4, 5, 20]
[1, 4, 6, 27, 28]
[3, 4, 5, 14]
[2, 4, 6, 15, 21]
[16, 17, 18, 19, 20, 21, 22, 23, 24, 25, 26, 27, 28]


6
process id 5
stats
5, 15, 7, 100, 1000
20220818-191449
loosing coalitions taken
[1, 2, 7, 15, 21]
[1, 4, 7, 8]
[1, 2, 10, 12, 13]
[2, 3, 5, 25]
[1, 5, 6, 10, 24]
[2, 4, 6, 11, 22]
[2, 4, 5, 18]
[3, 4, 5, 11]
[1, 4, 6, 27]
[2, 3, 6, 13, 23]
[1, 3, 8, 14, 16]
[3, 4, 6, 8]
[1, 3, 7, 10, 17]
[1, 2, 9, 11, 14]
[16, 17, 18, 19, 20, 21, 22, 23, 24, 25, 26, 27, 28]


6
process id 1
stats
5, 15, 7, 100, 1000
20220818-191450
loosing coalitions taken
[1, 4, 7, 13, 16]
[1, 3, 8, 11, 17]
[2, 3, 6, 12]
[1, 2, 8, 14, 19]
[1, 2, 7, 9]
[2, 4, 5, 15]
[1, 5, 6, 9, 24]
[3, 4, 5, 19, 25]
[3, 4, 6, 8, 26]
[1, 4, 6, 23]
[1, 3, 7, 10, 20]
[2, 4, 6, 13, 17]
[2, 3, 5, 24]
[1, 4, 8, 10, 12]
[16, 17, 18, 19, 20, 21, 22, 23, 24, 25, 26, 27, 28]


5
process id 7
stats
5, 15, 7, 100, 1000
20220818-191450
loosing coalitions taken
[2, 3, 6, 13, 25]
[3, 5, 6, 7, 15]
[1, 3, 8, 10, 16]
[1, 4, 6, 25, 27]
[1, 5, 6, 13, 23]
[2, 4, 6, 8]
[3, 4, 5, 11]
[1, 2, 10, 11, 13]
[2, 4, 5, 18, 28]
[1, 2, 8, 12, 20]
[1, 2, 7, 9]
[3, 4, 6, 10, 19]
[2, 3, 5, 23]
[1, 4, 8, 9, 14]
[16, 17, 18, 19, 20, 21, 22, 23, 24, 25, 26, 27, 28]


6
process id 4
stats
5, 15, 7, 100, 1000
20220818-191450
loosing coalitions taken
[2, 3, 6, 10]
[1, 3, 8, 12, 19]
[1, 4, 7, 10, 17]
[3, 4, 5, 16]
[1, 4, 8, 9, 13]
[1, 3, 7, 9, 21]
[1, 2, 8, 14, 18]
[1, 2, 7, 16, 20]
[1, 4, 6, 24]
[2, 3, 5, 25, 27]
[2, 4, 5, 15]
[2, 4, 6, 11, 18]
[3, 4, 6, 8]
[1, 5, 6, 16, 17]
[16, 17, 18, 19, 20, 21, 22, 23, 24, 25, 26, 27, 28]


5
process id 0
stats
5, 15, 7, 100, 1000
20220818-191450
loosing coalitions taken
[2, 3, 6, 10, 28]
[2, 4, 6, 12, 20]
[1, 4, 8, 11, 13]
[1, 2, 7, 16, 20]
[1, 4, 7, 9, 17]
[1, 3, 7, 13, 22]
[1, 2, 9, 10, 12]
[2, 4, 5, 16]
[1, 3, 8, 10, 19]
[2, 3, 5, 19]
[1, 4, 6, 24]
[1, 5, 6, 10, 22]
[3, 4, 6, 8]
[3, 4, 5, 14]
[16, 17, 18, 19, 20, 21, 22, 23, 24, 25, 26, 27, 28]


6
process id 6
stats
5, 15, 7, 100, 1000
20220818-191451
loosing coalitions taken
[1, 2, 10, 12, 13]
[1, 3, 8, 10, 18]
[1, 5, 6, 9, 26]
[2, 3, 6, 10, 26]
[2, 4, 6, 15, 21]
[1, 2, 9, 11, 14]
[2, 3, 5, 25, 28]
[3, 4, 6, 13, 18]
[3, 4, 5, 17, 24]
[2, 5, 6, 7, 14]
[1, 4, 6, 24]
[2, 4, 5, 18]
[1, 3, 7, 11, 22]
[1, 2, 7, 15, 19]
[16, 17, 18, 19, 20, 21, 22, 23, 24, 25, 26, 27, 28]


6
process id 3
stats
5, 15, 7, 100, 1000
20220818-191452
loosing coalitions taken
[1, 2, 7, 9]
[1, 3, 8, 15, 16]
[2, 4, 5, 17]
[2, 3, 6, 14]
[2, 4, 6, 8]
[1, 4, 7, 14, 15]
[2, 3, 5, 25, 28]
[1, 4, 6, 25]
[3, 4, 5, 16]
[1, 3, 7, 10, 23]
[1, 5, 6, 16, 18]
[1, 2, 8, 12, 17]
[1, 4, 8, 9, 10]
[3, 4, 6, 11, 19]
[16, 17, 18, 19, 20, 21, 22, 23, 24, 25, 26, 27, 28]


6
process id 5
stats
5, 15, 7, 100, 1000
20220818-191452
loosing coalitions taken
[1, 3, 7, 13, 20]
[1, 2, 8, 11, 19]
[1, 3, 9, 10, 12]
[2, 3, 6, 14]
[3, 4, 5, 17, 26]
[1, 5, 6, 12, 23]
[2, 4, 5, 20]
[1, 4, 7, 8]
[1, 4, 6, 28]
[2, 3, 5, 22]
[3, 4, 6, 9, 21]
[1, 2, 7, 10, 26]
[2, 4, 6, 15, 17]
[1, 3, 8, 15, 16]
[16, 17, 18, 19, 20, 21, 22, 23, 24, 25, 26, 27, 28]


6
process id 0
stats
5, 15, 7, 100, 1000
20220818-191453
loosing coalitions taken
[1, 2, 8, 12, 17]
[1, 5, 6, 11, 22]
[1, 2, 7, 13, 22]
[1, 4, 8, 13, 14]
[2, 3, 6, 12, 26]
[1, 2, 9, 10, 11]
[2, 3, 5, 25]
[2, 4, 6, 10, 21]
[1, 3, 7, 9, 21]
[1, 4, 6, 25, 27]
[2, 4, 5, 18]
[3, 4, 5, 20, 21]
[1, 3, 8, 10, 15]
[1, 4, 7, 10, 16]
[16, 17, 18, 19, 20, 21, 22, 23, 24, 25, 26, 27, 28]


6
process id 1
stats
5, 15, 7, 100, 1000
20220818-191454
loosing coalitions taken
[2, 3, 6, 12]
[1, 2, 10, 11, 14]
[3, 4, 5, 17, 23]
[1, 3, 8, 13, 16]
[1, 2, 7, 15, 22]
[2, 4, 5, 20]
[1, 4, 7, 10, 17]
[1, 5, 6, 9, 26]
[1, 2, 8, 9, 21]
[1, 4, 8, 11, 12]
[3, 4, 6, 8]
[2, 4, 6, 10, 24]
[2, 3, 5, 18]
[1, 4, 6, 23]
[16, 17, 18, 19, 20, 21, 22, 23, 24, 25, 26, 27, 28]


6
process id 2
stats
5, 15, 7, 100, 1000
20220818-191455
loosing coalitions taken
[2, 3, 6, 13]
[1, 2, 9, 10, 14]
[2, 4, 5, 18]
[1, 2, 7, 11, 26]
[1, 3, 8, 11, 17]
[1, 3, 7, 12, 22]
[2, 3, 5, 25, 27]
[3, 4, 5, 13]
[1, 5, 6, 10, 26]
[2, 4, 6, 11, 23]
[1, 4, 6, 28]
[1, 4, 7, 10, 17]
[1, 2, 8, 12, 19]
[3, 4, 6, 14, 15]
[16, 17, 18, 19, 20, 21, 22, 23, 24, 25, 26, 27, 28]


5
process id 3
stats
5, 15, 7, 100, 1000
20220818-191455
loosing coalitions taken
[1, 5, 6, 9, 25]
[1, 2, 10, 12, 14]
[1, 2, 7, 9]
[2, 3, 5, 25]
[1, 3, 8, 11, 18]
[1, 4, 8, 9, 14]
[2, 4, 5, 20]
[3, 4, 5, 12]
[2, 4, 6, 12, 22]
[1, 2, 8, 13, 20]
[3, 4, 6, 8]
[1, 4, 7, 10, 17]
[2, 3, 6, 19, 20]
[1, 3, 7, 13, 22]
[16, 17, 18, 19, 20, 21, 22, 23, 24, 25, 26, 27, 28]


6
process id 6
stats
5, 15, 7, 100, 1000
20220818-191456
loosing coalitions taken
[2, 4, 6, 13, 22]
[1, 3, 7, 9, 24]
[1, 5, 6, 15, 19]
[2, 4, 5, 18, 27]
[3, 4, 6, 12, 17]
[3, 4, 5, 16, 25]
[1, 3, 8, 11, 19]
[1, 4, 8, 13, 14]
[2, 3, 6, 14, 23]
[2, 3, 5, 22, 28]
[1, 2, 7, 10, 21]
[1, 4, 6, 25]
[2, 5, 6, 7, 12]
[1, 2, 8, 9, 16]
[16, 17, 18, 19, 20, 21, 22, 23, 24, 25, 26, 27, 28]


5
process id 0
stats
5, 15, 7, 100, 1000
20220818-191456
loosing coalitions taken
[1, 2, 8, 13, 17]
[1, 4, 8, 10, 15]
[1, 3, 7, 13, 22]
[1, 2, 7, 9]
[2, 4, 5, 20]
[1, 3, 8, 12, 19]
[1, 4, 6, 23]
[1, 5, 6, 10, 20]
[2, 3, 6, 10]
[2, 3, 5, 25]
[3, 4, 5, 21, 22]
[3, 4, 6, 12, 17]
[1, 4, 7, 11, 14]
[2, 4, 6, 9, 25]
[16, 17, 18, 19, 20, 21, 22, 23, 24, 25, 26, 27, 28]


6
process id 7
stats
5, 15, 7, 100, 1000
20220818-191456
loosing coalitions taken
[1, 2, 8, 11, 19]
[2, 4, 5, 17]
[1, 2, 10, 12, 13]
[1, 3, 8, 12, 18]
[1, 2, 7, 16, 18]
[1, 3, 7, 10, 23]
[1, 4, 7, 9, 19]
[2, 3, 6, 13]
[1, 5, 6, 15, 16]
[3, 4, 6, 15, 17]
[2, 3, 5, 19]
[3, 4, 5, 18, 22]
[2, 4, 6, 9, 23]
[1, 4, 6, 25]
[16, 17, 18, 19, 20, 21, 22, 23, 24, 25, 26, 27, 28]


6
process id 4
stats
5, 15, 7, 100, 1000
20220818-191456
loosing coalitions taken
[1, 3, 9, 10, 11]
[2, 4, 5, 19]
[2, 3, 6, 12]
[1, 3, 8, 15, 16]
[1, 3, 7, 13, 21]
[1, 2, 8, 13, 20]
[1, 4, 7, 8, 25]
[1, 2, 7, 11, 24]
[1, 5, 6, 16, 17]
[3, 4, 6, 11, 18]
[1, 4, 6, 26]
[3, 4, 5, 17, 21]
[2, 3, 5, 24]
[1, 2, 10, 12, 14]
[16, 17, 18, 19, 20, 21, 22, 23, 24, 25, 26, 27, 28]


5
process id 6
stats
5, 15, 7, 100, 1000
20220818-191459
loosing coalitions taken
[1, 2, 8, 10, 20]
[1, 3, 7, 13, 17]
[1, 4, 7, 8, 28]
[2, 4, 5, 16]
[3, 4, 6, 10, 20]
[2, 3, 6, 12]
[1, 3, 8, 9, 19]
[1, 5, 6, 16, 20]
[2, 3, 5, 23]
[3, 4, 5, 11]
[1, 2, 7, 15, 19]
[1, 4, 6, 27]
[2, 4, 6, 13, 22]
[1, 2, 9, 11, 12]
[16, 17, 18, 19, 20, 21, 22, 23, 24, 25, 26, 27, 28]


6
process id 3
stats
5, 15, 7, 100, 1000
20220818-191459
loosing coalitions taken
[1, 4, 7, 13, 15]
[1, 2, 8, 12, 20]
[1, 3, 7, 11, 21]
[1, 2, 7, 16, 19]
[1, 2, 9, 11, 13]
[1, 3, 8, 10, 19]
[3, 4, 5, 16, 24]
[2, 4, 5, 18]
[2, 4, 6, 15, 16]
[2, 3, 5, 21, 28]
[2, 3, 6, 10, 27]
[1, 5, 6, 13, 22]
[1, 4, 6, 26]
[1, 4, 8, 11, 14]
[16, 17, 18, 19, 20, 21, 22, 23, 24, 25, 26, 27, 28]


6
process id 5
stats
5, 15, 7, 100, 1000
20220818-191459
loosing coalitions taken
[1, 5, 6, 14, 22]
[1, 3, 7, 15, 17]
[2, 3, 6, 9]
[1, 2, 7, 10, 23]
[1, 4, 8, 10, 13]
[1, 2, 8, 11, 20]
[2, 3, 5, 19]
[3, 4, 5, 15]
[1, 4, 7, 11, 16]
[1, 4, 6, 27]
[3, 4, 6, 8]
[2, 4, 5, 18, 27]
[1, 3, 8, 12, 19]
[2, 4, 6, 12, 22]
[16, 17, 18, 19, 20, 21, 22, 23, 24, 25, 26, 27, 28]


5
process id 1
stats
5, 15, 7, 100, 1000
20220818-191500
loosing coalitions taken
[3, 4, 5, 16]
[2, 3, 6, 13]
[1, 2, 10, 12, 14]
[1, 3, 8, 12, 17]
[1, 2, 7, 9]
[1, 4, 8, 11, 13]
[1, 4, 6, 24]
[2, 4, 5, 18]
[2, 3, 5, 25]
[1, 4, 7, 10, 17]
[3, 4, 6, 8, 28]
[2, 4, 6, 9, 21]
[1, 3, 7, 13, 18]
[1, 5, 6, 14, 21]
[16, 17, 18, 19, 20, 21, 22, 23, 24, 25, 26, 27, 28]


5
process id 4
stats
5, 15, 7, 100, 1000
20220818-191501
loosing coalitions taken
[2, 4, 5, 20]
[1, 2, 8, 12, 19]
[1, 2, 9, 11, 13]
[1, 3, 8, 15, 16]
[2, 3, 6, 14]
[1, 3, 7, 11, 20]
[3, 4, 5, 15]
[1, 4, 7, 8, 24]
[2, 3, 5, 25]
[1, 4, 6, 25]
[3, 4, 6, 10, 18]
[1, 5, 6, 10, 20]
[2, 4, 6, 9, 24]
[1, 2, 7, 16, 17]
[16, 17, 18, 19, 20, 21, 22, 23, 24, 25, 26, 27, 28]


6
process id 5
stats
5, 15, 7, 100, 1000
20220818-191503
loosing coalitions taken
[2, 4, 6, 16, 19]
[1, 2, 9, 10, 14]
[1, 5, 6, 15, 18]
[1, 3, 8, 13, 14]
[1, 2, 7, 13, 17]
[1, 3, 7, 11, 19]
[2, 4, 5, 21, 26]
[1, 4, 6, 28]
[1, 2, 8, 11, 16]
[3, 4, 6, 8]
[2, 3, 6, 13]
[2, 3, 5, 18]
[3, 4, 5, 12]
[1, 4, 7, 10, 15]
[16, 17, 18, 19, 20, 21, 22, 23, 24, 25, 26, 27, 28]


6
process id 1
stats
5, 15, 7, 100, 1000
20220818-191505
loosing coalitions taken
[3, 4, 5, 17, 26]
[1, 3, 8, 14, 16]
[2, 3, 6, 14]
[1, 2, 7, 9]
[1, 5, 6, 12, 21]
[2, 4, 5, 18, 24]
[2, 4, 6, 10, 23]
[3, 4, 6, 13, 21]
[1, 4, 6, 28]
[1, 3, 7, 12, 20]
[1, 4, 7, 13, 15]
[2, 3, 5, 23]
[1, 2, 8, 12, 19]
[1, 4, 8, 9, 10]
[16, 17, 18, 19, 20, 21, 22, 23, 24, 25, 26, 27, 28]


6
process id 4
stats
5, 15, 7, 100, 1000
20220818-191505
loosing coalitions taken
[2, 3, 7, 8, 10]
[1, 2, 7, 15, 22]
[1, 5, 6, 16, 20]
[1, 2, 8, 11, 21]
[1, 2, 10, 12, 13]
[1, 3, 8, 12, 18]
[2, 4, 5, 18]
[2, 3, 6, 14, 27]
[3, 4, 5, 13]
[2, 3, 5, 24, 25]
[3, 4, 6, 9, 17]
[2, 4, 6, 15, 19]
[1, 4, 6, 28]
[1, 4, 7, 12, 16]
[16, 17, 18, 19, 20, 21, 22, 23, 24, 25, 26, 27, 28]


6
process id 4
stats
5, 15, 7, 100, 1000
20220818-191508
loosing coalitions taken
[2, 4, 6, 16, 17]
[1, 5, 6, 9, 26]
[1, 2, 8, 10, 18]
[1, 3, 8, 13, 15]
[1, 3, 7, 11, 20]
[3, 4, 5, 15, 27]
[2, 3, 6, 13, 24]
[3, 4, 6, 8]
[1, 3, 9, 10, 12]
[1, 2, 9, 11, 14]
[1, 4, 7, 10, 16]
[2, 4, 5, 22, 23]
[2, 3, 5, 19]
[1, 2, 7, 12, 26]
[16, 17, 18, 19, 20, 21, 22, 23, 24, 25, 26, 27, 28]


6
process id 3
stats
5, 15, 7, 100, 1000
20220818-191508
loosing coalitions taken
[2, 3, 5, 23]
[1, 4, 8, 11, 14]
[1, 2, 7, 9]
[3, 4, 5, 15]
[3, 4, 6, 13, 16]
[2, 3, 6, 14, 26]
[1, 2, 8, 13, 19]
[1, 4, 6, 26]
[2, 4, 6, 12, 23]
[2, 4, 5, 19, 27]
[1, 2, 10, 12, 14]
[1, 5, 6, 11, 17]
[1, 3, 8, 12, 16]
[1, 3, 7, 13, 18]
[16, 17, 18, 19, 20, 21, 22, 23, 24, 25, 26, 27, 28]


6
process id 0
stats
5, 15, 7, 100, 1000
20220818-191508
loosing coalitions taken
[1, 2, 8, 11, 18]
[1, 4, 7, 8]
[1, 5, 6, 16, 17]
[3, 4, 6, 11, 21]
[1, 2, 9, 10, 13]
[2, 3, 5, 22, 23]
[1, 4, 6, 24]
[2, 4, 5, 18]
[2, 4, 6, 9, 22]
[1, 3, 7, 12, 18]
[2, 3, 6, 12]
[3, 4, 5, 16, 26]
[1, 2, 7, 14, 20]
[1, 3, 8, 10, 19]
[16, 17, 18, 19, 20, 21, 22, 23, 24, 25, 26, 27, 28]


5
process id 5
stats
5, 15, 7, 100, 1000
20220818-191509
loosing coalitions taken
[2, 3, 6, 12, 28]
[1, 4, 8, 10, 11]
[2, 3, 5, 23, 25]
[2, 4, 6, 15, 17]
[2, 5, 6, 7, 14]
[1, 3, 7, 10, 23]
[1, 2, 7, 16, 20]
[1, 3, 8, 14, 16]
[3, 4, 5, 18, 26]
[2, 4, 5, 19, 24]
[1, 5, 6, 12, 18]
[1, 4, 6, 28]
[1, 2, 9, 10, 12]
[1, 2, 8, 13, 18]
[16, 17, 18, 19, 20, 21, 22, 23, 24, 25, 26, 27, 28]


5
process id 2
stats
5, 15, 7, 100, 1000
20220818-191510
loosing coalitions taken
[2, 3, 6, 9]
[1, 5, 6, 15, 19]
[1, 3, 7, 14, 20]
[1, 4, 7, 9, 19]
[1, 2, 7, 12, 24]
[2, 4, 5, 16]
[2, 3, 5, 23]
[2, 4, 6, 15, 21]
[1, 4, 6, 23]
[3, 4, 5, 18, 20]
[1, 2, 8, 15, 16]
[1, 4, 8, 10, 14]
[3, 4, 6, 11, 16]
[2, 3, 7, 8, 10]
[16, 17, 18, 19, 20, 21, 22, 23, 24, 25, 26, 27, 28]


6
process id 1
stats
5, 15, 7, 100, 1000
20220818-191510
loosing coalitions taken
[1, 2, 7, 10, 27]
[1, 2, 8, 12, 19]
[3, 4, 5, 15, 27]
[2, 4, 5, 17, 25]
[1, 4, 6, 26, 28]
[1, 4, 7, 14, 15]
[1, 5, 6, 12, 21]
[2, 3, 6, 14, 23]
[2, 3, 5, 21]
[1, 3, 8, 13, 16]
[2, 4, 6, 11, 22]
[3, 4, 6, 8]
[1, 2, 9, 11, 13]
[1, 3, 7, 11, 22]
[16, 17, 18, 19, 20, 21, 22, 23, 24, 25, 26, 27, 28]


5
process id 0
stats
5, 15, 7, 100, 1000
20220818-191510
loosing coalitions taken
[1, 3, 7, 16, 18]
[1, 4, 7, 8, 27]
[1, 2, 7, 12, 26]
[1, 5, 6, 9, 25]
[1, 4, 6, 26, 28]
[2, 3, 6, 11]
[2, 3, 5, 25, 28]
[3, 4, 5, 11]
[2, 4, 5, 18, 24]
[2, 4, 6, 12, 17]
[3, 4, 6, 9, 16]
[1, 3, 8, 12, 15]
[1, 2, 10, 11, 13]
[1, 2, 8, 9, 22]
[16, 17, 18, 19, 20, 21, 22, 23, 24, 25, 26, 27, 28]


5
process id 7
stats
5, 15, 7, 100, 1000
20220818-191510
loosing coalitions taken
[1, 4, 7, 11, 17]
[2, 3, 6, 12]
[3, 4, 5, 16]
[1, 2, 7, 15, 22]
[1, 4, 8, 13, 14]
[1, 3, 7, 9, 20]
[1, 4, 6, 27]
[2, 3, 5, 20]
[1, 5, 6, 11, 18]
[3, 4, 6, 15, 17]
[1, 2, 8, 9, 19]
[2, 4, 5, 17]
[2, 4, 6, 8]
[1, 2, 10, 11, 14]
[16, 17, 18, 19, 20, 21, 22, 23, 24, 25, 26, 27, 28]


5
process id 4
stats
5, 15, 7, 100, 1000
20220818-191511
loosing coalitions taken
[1, 3, 8, 10, 19]
[1, 2, 8, 14, 20]
[1, 3, 7, 15, 20]
[1, 5, 6, 10, 26]
[1, 4, 8, 11, 12]
[1, 2, 7, 9]
[2, 3, 6, 15, 27]
[2, 3, 5, 22]
[1, 4, 6, 27]
[3, 4, 5, 15]
[3, 4, 6, 8]
[2, 4, 5, 18, 25]
[1, 4, 7, 10, 18]
[2, 4, 6, 9, 17]
[16, 17, 18, 19, 20, 21, 22, 23, 24, 25, 26, 27, 28]


5
process id 3
stats
5, 15, 7, 100, 1000
20220818-191511
loosing coalitions taken
[1, 2, 10, 11, 14]
[1, 4, 7, 8]
[2, 4, 6, 15, 21]
[1, 5, 6, 12, 24]
[2, 3, 5, 23]
[3, 4, 5, 11]
[2, 4, 5, 16]
[1, 4, 6, 26]
[3, 4, 6, 8]
[2, 3, 6, 11]
[1, 3, 8, 15, 16]
[1, 3, 7, 12, 21]
[1, 2, 9, 12, 13]
[1, 2, 7, 17, 18]
[16, 17, 18, 19, 20, 21, 22, 23, 24, 25, 26, 27, 28]


6
process id 6
stats
5, 15, 7, 100, 1000
20220818-191513
loosing coalitions taken
[2, 3, 6, 13]
[1, 5, 6, 12, 24]
[3, 4, 5, 16]
[1, 3, 7, 11, 17]
[1, 2, 10, 11, 12]
[1, 2, 8, 9, 17]
[2, 4, 5, 15]
[2, 4, 6, 12, 21]
[2, 3, 5, 18]
[1, 4, 7, 13, 16]
[1, 4, 6, 26]
[3, 4, 6, 11, 19]
[1, 2, 7, 14, 23]
[1, 3, 8, 15, 16]
[16, 17, 18, 19, 20, 21, 22, 23, 24, 25, 26, 27, 28]


6
process id 1
stats
5, 15, 7, 100, 1000
20220818-191513
loosing coalitions taken
[1, 2, 7, 13, 23]
[1, 3, 8, 12, 17]
[1, 4, 8, 13, 14]
[2, 3, 6, 13]
[1, 2, 9, 11, 14]
[1, 3, 7, 9, 21]
[1, 2, 8, 10, 20]
[2, 4, 5, 19, 24]
[1, 5, 6, 15, 17]
[2, 3, 5, 22, 28]
[3, 4, 5, 18, 23]
[2, 4, 6, 8]
[1, 4, 6, 27]
[3, 4, 6, 9, 22]
[16, 17, 18, 19, 20, 21, 22, 23, 24, 25, 26, 27, 28]


5
process id 4
stats
5, 15, 7, 100, 1000
20220818-191514
loosing coalitions taken
[1, 2, 7, 10, 28]
[1, 3, 8, 11, 18]
[1, 5, 6, 12, 24]
[1, 2, 8, 14, 19]
[1, 2, 9, 12, 13]
[3, 4, 5, 20, 23]
[1, 3, 7, 9, 23]
[2, 4, 5, 16]
[2, 3, 6, 9]
[1, 4, 6, 28]
[2, 3, 5, 22]
[1, 4, 7, 12, 16]
[3, 4, 6, 8]
[2, 4, 6, 15, 20]
[16, 17, 18, 19, 20, 21, 22, 23, 24, 25, 26, 27, 28]


6
process id 5
stats
5, 15, 7, 100, 1000
20220818-191514
loosing coalitions taken
[1, 4, 8, 9, 15]
[1, 5, 6, 12, 23]
[2, 4, 5, 20]
[2, 3, 6, 9]
[1, 3, 8, 12, 17]
[1, 2, 7, 11, 22]
[1, 3, 7, 15, 19]
[1, 4, 7, 12, 16]
[1, 2, 8, 10, 21]
[3, 4, 5, 13]
[1, 4, 6, 25]
[3, 4, 6, 8, 28]
[2, 3, 5, 23]
[2, 4, 6, 10, 19]
[16, 17, 18, 19, 20, 21, 22, 23, 24, 25, 26, 27, 28]


6
process id 7
stats
5, 15, 7, 100, 1000
20220818-191516
loosing coalitions taken
[1, 5, 6, 16, 18]
[1, 2, 8, 11, 21]
[1, 2, 10, 12, 14]
[3, 4, 6, 13, 18]
[2, 3, 6, 11]
[1, 3, 7, 15, 17]
[1, 4, 7, 8]
[2, 4, 5, 17, 27]
[3, 4, 5, 14]
[2, 3, 5, 23]
[1, 4, 6, 23]
[1, 2, 7, 9]
[1, 3, 8, 9, 16]
[2, 4, 6, 8]
[16, 17, 18, 19, 20, 21, 22, 23, 24, 25, 26, 27, 28]


6
process id 0
stats
5, 15, 7, 100, 1000
20220818-191516
loosing coalitions taken
[1, 3, 7, 11, 22]
[2, 3, 6, 14]
[1, 3, 8, 9, 19]
[1, 4, 8, 10, 15]
[1, 2, 7, 9]
[2, 3, 5, 24]
[3, 4, 5, 16, 27]
[1, 4, 6, 24]
[2, 4, 5, 20]
[2, 4, 6, 13, 18]
[1, 2, 8, 13, 20]
[3, 5, 6, 7, 15]
[3, 4, 6, 8, 26]
[1, 5, 6, 12, 19]
[16, 17, 18, 19, 20, 21, 22, 23, 24, 25, 26, 27, 28]


6
process id 7
stats
5, 15, 7, 100, 1000
20220818-191518
loosing coalitions taken
[1, 2, 7, 9, 26]
[1, 5, 6, 11, 24]
[2, 3, 6, 13]
[1, 3, 7, 12, 22]
[1, 3, 8, 14, 16]
[2, 4, 5, 17]
[2, 3, 5, 24]
[1, 4, 7, 11, 13]
[3, 4, 5, 16]
[1, 3, 9, 10, 11]
[2, 4, 6, 14, 22]
[1, 2, 8, 13, 17]
[1, 4, 6, 23]
[3, 4, 6, 10, 20]
[16, 17, 18, 19, 20, 21, 22, 23, 24, 25, 26, 27, 28]


6
process id 2
stats
5, 15, 7, 100, 1000
20220818-191519
loosing coalitions taken
[1, 2, 10, 12, 13]
[3, 4, 6, 12, 19]
[2, 3, 6, 13]
[1, 2, 8, 14, 19]
[1, 3, 7, 14, 18]
[1, 2, 7, 9]
[2, 3, 5, 27, 28]
[2, 4, 6, 14, 22]
[1, 4, 6, 28]
[1, 3, 8, 12, 15]
[2, 4, 5, 20]
[1, 5, 6, 10, 20]
[3, 4, 5, 16]
[1, 4, 7, 13, 15]
[16, 17, 18, 19, 20, 21, 22, 23, 24, 25, 26, 27, 28]


5
process id 1
stats
5, 15, 7, 100, 1000
20220818-191521
loosing coalitions taken
[1, 5, 6, 9, 25]
[1, 4, 7, 9, 17]
[3, 4, 6, 12, 19]
[2, 3, 6, 11]
[1, 3, 8, 14, 16]
[2, 4, 5, 18]
[1, 2, 9, 12, 13]
[1, 4, 8, 11, 13]
[1, 3, 7, 10, 21]
[2, 3, 5, 19]
[3, 4, 5, 13]
[1, 4, 6, 27]
[2, 4, 6, 10, 22]
[1, 2, 10, 11, 14]
[16, 17, 18, 19, 20, 21, 22, 23, 24, 25, 26, 27, 28]


6
process id 5
stats
5, 15, 7, 100, 1000
20220818-191521
loosing coalitions taken
[1, 3, 7, 13, 22]
[2, 3, 6, 13]
[1, 2, 10, 12, 14]
[1, 5, 6, 12, 23]
[2, 4, 5, 16]
[1, 4, 7, 8, 23]
[1, 4, 6, 27]
[2, 3, 5, 19]
[2, 5, 6, 7, 14]
[3, 4, 5, 15, 27]
[1, 2, 8, 9, 20]
[3, 4, 6, 8]
[2, 4, 6, 9, 18]
[1, 3, 8, 12, 19]
[16, 17, 18, 19, 20, 21, 22, 23, 24, 25, 26, 27, 28]


5
process id 6
stats
5, 15, 7, 100, 1000
20220818-191522
loosing coalitions taken
[1, 3, 7, 10, 22]
[1, 2, 7, 17, 18]
[1, 2, 10, 11, 13]
[2, 4, 5, 18, 24]
[1, 3, 8, 12, 17]
[2, 4, 6, 8]
[3, 4, 5, 14]
[1, 4, 7, 8, 23]
[2, 3, 5, 20]
[1, 5, 6, 16, 20]
[3, 4, 6, 12, 18]
[2, 3, 6, 16, 17]
[1, 4, 6, 25]
[1, 2, 8, 9, 20]
[16, 17, 18, 19, 20, 21, 22, 23, 24, 25, 26, 27, 28]


5
process id 3
stats
5, 15, 7, 100, 1000
20220818-191523
loosing coalitions taken
[1, 2, 7, 13, 23]
[1, 2, 9, 11, 12]
[2, 4, 6, 9, 23]
[1, 4, 8, 10, 15]
[3, 4, 6, 11, 20]
[1, 4, 7, 9, 18]
[2, 3, 6, 13]
[1, 3, 7, 14, 22]
[3, 4, 5, 17, 23]
[2, 4, 5, 19]
[1, 4, 6, 25]
[2, 3, 5, 24]
[1, 3, 8, 12, 18]
[2, 3, 7, 8, 10]
[16, 17, 18, 19, 20, 21, 22, 23, 24, 25, 26, 27, 28]


6
process id 0
stats
5, 15, 7, 100, 1000
20220818-191523
loosing coalitions taken
[2, 4, 5, 20]
[1, 2, 9, 12, 14]
[1, 2, 7, 13, 25]
[2, 3, 6, 10]
[1, 2, 8, 15, 16]
[1, 5, 6, 14, 21]
[3, 4, 5, 13]
[1, 4, 6, 24]
[2, 3, 5, 23, 26]
[3, 4, 6, 12, 16]
[1, 3, 7, 16, 18]
[1, 3, 8, 9, 17]
[1, 4, 7, 8]
[2, 4, 6, 8]
[16, 17, 18, 19, 20, 21, 22, 23, 24, 25, 26, 27, 28]


6
process id 4
stats
5, 15, 7, 100, 1000
20220818-191524
loosing coalitions taken
[2, 3, 6, 13, 27]
[1, 3, 8, 14, 16]
[3, 5, 6, 7, 14]
[2, 4, 6, 9, 24]
[2, 4, 5, 21, 23]
[1, 5, 6, 9, 25]
[1, 3, 9, 10, 11]
[3, 4, 6, 12, 21]
[3, 4, 5, 19, 26]
[1, 3, 7, 15, 20]
[1, 2, 7, 10, 22]
[1, 4, 6, 27]
[1, 2, 8, 11, 20]
[2, 3, 5, 20]
[16, 17, 18, 19, 20, 21, 22, 23, 24, 25, 26, 27, 28]


6
process id 6
stats
5, 15, 7, 100, 1000
20220818-191525
loosing coalitions taken
[1, 3, 7, 11, 22]
[1, 2, 7, 15, 20]
[2, 3, 6, 13]
[2, 4, 5, 16]
[1, 3, 8, 9, 20]
[1, 2, 8, 14, 19]
[1, 2, 10, 11, 12]
[3, 4, 5, 14]
[2, 4, 6, 10, 22]
[2, 3, 5, 18]
[3, 4, 6, 8]
[1, 4, 7, 9, 18]
[1, 4, 6, 28]
[1, 5, 6, 12, 24]
[16, 17, 18, 19, 20, 21, 22, 23, 24, 25, 26, 27, 28]


6
process id 0
stats
5, 15, 7, 100, 1000
20220818-191525
loosing coalitions taken
[1, 3, 8, 12, 17]
[1, 2, 7, 14, 22]
[1, 5, 6, 15, 18]
[1, 2, 8, 9, 18]
[2, 3, 6, 12]
[1, 3, 7, 13, 20]
[2, 4, 5, 16]
[1, 3, 9, 10, 11]
[1, 4, 7, 8, 24]
[3, 4, 6, 8]
[2, 3, 5, 22]
[1, 4, 6, 27]
[3, 4, 5, 14]
[2, 4, 6, 13, 19]
[16, 17, 18, 19, 20, 21, 22, 23, 24, 25, 26, 27, 28]


6
process id 2
stats
5, 15, 7, 100, 1000
20220818-191526
loosing coalitions taken
[2, 4, 5, 18]
[2, 3, 6, 14]
[1, 2, 10, 11, 13]
[1, 2, 7, 9]
[1, 3, 8, 12, 15]
[1, 4, 6, 28]
[2, 3, 5, 22]
[1, 5, 6, 16, 18]
[2, 4, 6, 15, 16]
[1, 3, 7, 14, 17]
[1, 4, 7, 10, 19]
[3, 4, 6, 12, 21]
[3, 4, 5, 15]
[1, 4, 8, 9, 11]
[16, 17, 18, 19, 20, 21, 22, 23, 24, 25, 26, 27, 28]


5
process id 7
stats
5, 15, 7, 100, 1000
20220818-191526
loosing coalitions taken
[3, 4, 5, 16]
[1, 3, 7, 15, 18]
[1, 2, 8, 13, 18]
[2, 3, 6, 12]
[1, 4, 7, 8, 22]
[1, 5, 6, 14, 21]
[1, 2, 9, 11, 14]
[3, 4, 6, 11, 19]
[1, 4, 6, 23]
[2, 3, 5, 21]
[2, 4, 6, 9, 21]
[2, 4, 5, 15]
[1, 2, 7, 12, 23]
[1, 3, 8, 12, 16]
[16, 17, 18, 19, 20, 21, 22, 23, 24, 25, 26, 27, 28]


6
process id 0
stats
5, 15, 7, 100, 1000
20220818-191528
loosing coalitions taken
[1, 2, 9, 10, 14]
[1, 4, 7, 9, 18]
[1, 3, 7, 10, 21]
[3, 4, 5, 15]
[2, 3, 6, 14]
[1, 2, 8, 13, 19]
[1, 3, 8, 12, 16]
[1, 5, 6, 12, 24]
[2, 4, 5, 18]
[2, 4, 6, 13, 22]
[1, 4, 6, 28]
[2, 3, 5, 20]
[3, 4, 6, 8]
[1, 2, 7, 15, 17]
[16, 17, 18, 19, 20, 21, 22, 23, 24, 25, 26, 27, 28]


5
process id 5
stats
5, 15, 7, 100, 1000
20220818-191528
loosing coalitions taken
[2, 4, 6, 12, 23]
[1, 3, 8, 9, 16]
[1, 2, 10, 11, 13]
[2, 3, 6, 10]
[1, 2, 8, 12, 17]
[1, 4, 8, 13, 14]
[1, 2, 7, 9]
[1, 4, 6, 25]
[1, 5, 6, 12, 21]
[3, 4, 5, 15]
[2, 4, 5, 19]
[2, 3, 5, 20]
[3, 4, 6, 13, 16]
[1, 3, 7, 11, 17]
[16, 17, 18, 19, 20, 21, 22, 23, 24, 25, 26, 27, 28]


5
process id 6
stats
5, 15, 7, 100, 1000
20220818-191528
loosing coalitions taken
[1, 2, 8, 14, 20]
[2, 3, 6, 14]
[1, 3, 7, 9, 23]
[1, 5, 6, 16, 19]
[1, 2, 10, 11, 13]
[2, 4, 5, 16]
[1, 4, 6, 27]
[3, 4, 5, 14]
[2, 3, 5, 21]
[3, 4, 6, 8]
[2, 4, 6, 12, 19]
[1, 4, 7, 12, 15]
[1, 3, 8, 10, 19]
[1, 2, 7, 16, 21]
[16, 17, 18, 19, 20, 21, 22, 23, 24, 25, 26, 27, 28]


6
process id 1
stats
5, 15, 7, 100, 1000
20220818-191528
loosing coalitions taken
[1, 4, 7, 8]
[2, 4, 6, 13, 22]
[1, 5, 6, 16, 18]
[3, 4, 6, 11, 21]
[1, 2, 10, 11, 14]
[2, 4, 5, 15]
[1, 3, 8, 14, 15]
[2, 3, 5, 25]
[1, 4, 6, 24]
[2, 3, 6, 10]
[1, 3, 7, 13, 18]
[3, 4, 5, 14]
[1, 2, 7, 12, 25]
[1, 2, 8, 9, 19]
[16, 17, 18, 19, 20, 21, 22, 23, 24, 25, 26, 27, 28]


6
process id 2
stats
5, 15, 7, 100, 1000
20220818-191529
loosing coalitions taken
[1, 2, 7, 13, 24]
[1, 2, 9, 10, 11]
[1, 3, 7, 14, 21]
[1, 4, 7, 8]
[3, 4, 6, 14, 20]
[2, 3, 6, 10]
[2, 4, 5, 17]
[2, 3, 5, 23]
[1, 5, 6, 12, 22]
[1, 3, 8, 9, 17]
[1, 4, 6, 25]
[3, 4, 5, 11]
[2, 4, 6, 8]
[1, 2, 8, 14, 20]
[16, 17, 18, 19, 20, 21, 22, 23, 24, 25, 26, 27, 28]


6
process id 4
stats
5, 15, 7, 100, 1000
20220818-191529
loosing coalitions taken
[1, 2, 10, 12, 14]
[1, 2, 8, 11, 20]
[1, 3, 8, 14, 16]
[1, 5, 6, 11, 21]
[1, 4, 6, 27]
[2, 4, 5, 16, 26]
[2, 3, 6, 14]
[3, 4, 6, 9, 21]
[3, 4, 5, 12]
[2, 4, 6, 10, 19]
[2, 3, 5, 21]
[1, 3, 7, 13, 20]
[1, 2, 7, 9]
[2, 3, 7, 8, 10]
[16, 17, 18, 19, 20, 21, 22, 23, 24, 25, 26, 27, 28]


6
process id 3
stats
5, 15, 7, 100, 1000
20220818-191530
loosing coalitions taken
[2, 3, 6, 14]
[1, 2, 8, 10, 18]
[2, 4, 5, 18]
[1, 3, 8, 12, 17]
[3, 4, 5, 12]
[2, 3, 5, 19]
[1, 4, 6, 27]
[1, 2, 9, 12, 14]
[2, 4, 6, 11, 24]
[1, 4, 8, 9, 13]
[1, 3, 7, 15, 20]
[1, 5, 6, 13, 18]
[3, 4, 6, 10, 20]
[1, 2, 7, 13, 23]
[16, 17, 18, 19, 20, 21, 22, 23, 24, 25, 26, 27, 28]


6
process id 6
stats
5, 15, 7, 100, 1000
20220818-191530
loosing coalitions taken
[1, 2, 9, 10, 11]
[2, 3, 6, 14]
[1, 3, 7, 16, 18]
[1, 2, 8, 13, 17]
[3, 4, 5, 15]
[1, 4, 7, 10, 17]
[1, 4, 6, 26]
[1, 5, 6, 13, 20]
[2, 4, 5, 16]
[2, 3, 5, 18]
[3, 4, 6, 10, 20]
[1, 4, 8, 11, 12]
[1, 2, 7, 14, 21]
[2, 4, 6, 8]
[16, 17, 18, 19, 20, 21, 22, 23, 24, 25, 26, 27, 28]


5
process id 2
stats
5, 15, 7, 100, 1000
20220818-191532
loosing coalitions taken
[1, 2, 8, 14, 19]
[2, 4, 5, 18]
[1, 5, 6, 15, 20]
[2, 3, 6, 11]
[1, 3, 7, 15, 17]
[1, 2, 7, 9]
[1, 4, 6, 28]
[1, 3, 8, 12, 18]
[2, 4, 6, 8]
[3, 4, 5, 11]
[2, 3, 5, 22]
[1, 4, 7, 8]
[1, 3, 9, 10, 11]
[3, 4, 6, 13, 20]
[16, 17, 18, 19, 20, 21, 22, 23, 24, 25, 26, 27, 28]


6
process id 0
stats
5, 15, 7, 100, 1000
20220818-191532
loosing coalitions taken
[2, 3, 5, 23]
[1, 2, 9, 11, 12]
[1, 3, 8, 9, 19]
[2, 4, 6, 15, 17]
[1, 2, 7, 10, 27]
[1, 3, 7, 14, 17]
[1, 5, 6, 16, 19]
[1, 4, 7, 8]
[1, 4, 6, 23]
[1, 2, 8, 15, 16]
[3, 4, 6, 8]
[3, 4, 5, 11]
[2, 3, 6, 9]
[2, 4, 5, 18, 22]
[16, 17, 18, 19, 20, 21, 22, 23, 24, 25, 26, 27, 28]


6
process id 6
stats
5, 15, 7, 100, 1000
20220818-191533
loosing coalitions taken
[1, 4, 7, 12, 16]
[1, 5, 6, 9, 22]
[1, 3, 8, 10, 17]
[3, 4, 6, 13, 19]
[1, 3, 7, 14, 20]
[1, 2, 7, 9]
[2, 4, 5, 22, 24]
[2, 3, 5, 20]
[2, 3, 6, 12]
[1, 4, 6, 27]
[1, 4, 8, 13, 14]
[1, 2, 8, 12, 18]
[2, 4, 6, 9, 18]
[3, 4, 5, 16, 28]
[16, 17, 18, 19, 20, 21, 22, 23, 24, 25, 26, 27, 28]


5
process id 4
stats
5, 15, 7, 100, 1000
20220818-191533
loosing coalitions taken
[1, 5, 6, 13, 24]
[1, 2, 7, 13, 22]
[2, 3, 6, 13]
[1, 2, 8, 12, 20]
[2, 4, 5, 19]
[1, 2, 9, 11, 14]
[3, 4, 6, 11, 19]
[1, 3, 7, 9, 20]
[3, 4, 5, 12]
[1, 4, 6, 23]
[2, 4, 6, 8]
[1, 3, 8, 15, 16]
[1, 4, 7, 8]
[2, 3, 5, 23]
[16, 17, 18, 19, 20, 21, 22, 23, 24, 25, 26, 27, 28]


6
process id 7
stats
5, 15, 7, 100, 1000
20220818-191534
loosing coalitions taken
[2, 3, 6, 13]
[3, 4, 5, 21, 22]
[2, 4, 5, 17]
[1, 2, 7, 12, 25]
[1, 3, 7, 11, 22]
[1, 5, 6, 10, 25]
[1, 2, 9, 10, 14]
[1, 3, 8, 12, 16]
[1, 4, 8, 9, 11]
[2, 3, 5, 25]
[2, 4, 6, 10, 21]
[1, 4, 6, 27]
[3, 4, 6, 11, 17]
[1, 2, 8, 13, 18]
[16, 17, 18, 19, 20, 21, 22, 23, 24, 25, 26, 27, 28]


6
process id 0
stats
5, 15, 7, 100, 1000
20220818-191535
loosing coalitions taken
[2, 3, 6, 13, 27]
[1, 2, 7, 13, 23]
[1, 2, 8, 12, 17]
[1, 3, 8, 10, 18]
[1, 4, 8, 11, 13]
[1, 2, 9, 10, 14]
[2, 4, 6, 14, 22]
[1, 3, 7, 11, 22]
[1, 4, 7, 9, 16]
[3, 4, 5, 15, 27]
[2, 3, 5, 21]
[2, 4, 5, 19, 24]
[1, 4, 6, 28]
[1, 5, 6, 15, 21]
[16, 17, 18, 19, 20, 21, 22, 23, 24, 25, 26, 27, 28]


5
process id 7
stats
5, 15, 7, 100, 1000
20220818-191537
loosing coalitions taken
[2, 3, 6, 11]
[1, 3, 7, 9, 22]
[1, 4, 7, 10, 19]
[1, 2, 7, 12, 26]
[1, 2, 8, 9, 21]
[3, 4, 5, 16]
[3, 4, 6, 8, 25]
[2, 3, 5, 23]
[2, 4, 5, 19]
[1, 3, 8, 12, 19]
[2, 4, 6, 15, 18]
[1, 4, 6, 28]
[1, 5, 6, 13, 17]
[2, 3, 7, 8, 10]
[16, 17, 18, 19, 20, 21, 22, 23, 24, 25, 26, 27, 28]


5
process id 2
stats
5, 15, 7, 100, 1000
20220818-191538
loosing coalitions taken
[1, 3, 7, 14, 21]
[1, 3, 8, 12, 16]
[1, 2, 8, 11, 19]
[1, 2, 7, 17, 18]
[2, 4, 6, 10, 23]
[1, 5, 6, 15, 19]
[1, 2, 10, 12, 14]
[1, 3, 9, 10, 11]
[3, 4, 5, 19, 23]
[2, 3, 6, 13, 26]
[2, 4, 5, 18]
[1, 4, 7, 8, 24]
[3, 4, 6, 14, 16]
[1, 4, 6, 26]
[16, 17, 18, 19, 20, 21, 22, 23, 24, 25, 26, 27, 28]


6
process id 4
stats
5, 15, 7, 100, 1000
20220818-191539
loosing coalitions taken
[3, 4, 5, 21, 22]
[2, 4, 5, 17]
[1, 4, 8, 12, 14]
[1, 3, 8, 13, 16]
[2, 3, 6, 11]
[1, 2, 7, 9]
[1, 4, 6, 24]
[3, 4, 6, 8]
[1, 3, 7, 14, 22]
[2, 3, 5, 19]
[1, 5, 6, 12, 22]
[2, 4, 6, 15, 18]
[1, 2, 10, 11, 14]
[1, 4, 7, 10, 19]
[16, 17, 18, 19, 20, 21, 22, 23, 24, 25, 26, 27, 28]


6
process id 1
stats
5, 15, 7, 100, 1000
20220818-191539
loosing coalitions taken
[1, 3, 8, 11, 19]
[3, 4, 5, 17, 28]
[1, 4, 7, 8]
[1, 2, 9, 11, 13]
[2, 3, 5, 25]
[2, 4, 6, 9, 24]
[3, 4, 6, 13, 21]
[1, 2, 7, 10, 21]
[1, 5, 6, 11, 20]
[2, 4, 5, 20]
[1, 4, 6, 28]
[2, 3, 6, 14]
[1, 2, 8, 14, 18]
[1, 3, 7, 14, 22]
[16, 17, 18, 19, 20, 21, 22, 23, 24, 25, 26, 27, 28]


6
process id 6
stats
5, 15, 7, 100, 1000
20220818-191540
loosing coalitions taken
[2, 3, 5, 24]
[1, 3, 8, 12, 17]
[1, 2, 7, 9, 25]
[1, 4, 7, 12, 15]
[1, 2, 8, 11, 21]
[1, 5, 6, 12, 18]
[1, 4, 6, 26]
[2, 3, 7, 8, 10]
[1, 3, 7, 11, 18]
[2, 3, 6, 13]
[2, 4, 6, 9, 21]
[3, 4, 5, 11]
[3, 4, 6, 8]
[2, 4, 5, 20]
[16, 17, 18, 19, 20, 21, 22, 23, 24, 25, 26, 27, 28]


6
process id 3
stats
5, 15, 7, 100, 1000
20220818-191541
loosing coalitions taken
[1, 3, 8, 12, 17]
[1, 2, 8, 9, 22]
[1, 2, 7, 17, 18]
[2, 3, 6, 13]
[2, 4, 5, 20, 26]
[1, 3, 9, 10, 11]
[1, 4, 7, 8]
[1, 5, 6, 12, 20]
[2, 3, 5, 21]
[1, 4, 6, 26]
[3, 4, 5, 18, 24]
[3, 4, 6, 8]
[2, 4, 6, 10, 19]
[2, 5, 6, 7, 11]
[16, 17, 18, 19, 20, 21, 22, 23, 24, 25, 26, 27, 28]


6
process id 7
stats
5, 15, 7, 100, 1000
20220818-191542
loosing coalitions taken
[2, 3, 6, 14, 26]
[1, 2, 9, 11, 12]
[2, 3, 5, 24]
[1, 4, 8, 10, 14]
[1, 2, 8, 13, 19]
[1, 4, 7, 12, 15]
[1, 3, 8, 12, 18]
[1, 2, 7, 10, 28]
[3, 4, 6, 9, 18]
[1, 3, 7, 9, 21]
[1, 5, 6, 11, 25]
[3, 4, 5, 20, 22]
[1, 4, 6, 23]
[2, 4, 6, 8]
[16, 17, 18, 19, 20, 21, 22, 23, 24, 25, 26, 27, 28]


6
process id 2
stats
5, 15, 7, 100, 1000
20220818-191542
loosing coalitions taken
[1, 3, 8, 9, 16]
[3, 4, 5, 16, 27]
[1, 3, 7, 14, 18]
[1, 4, 7, 11, 16]
[1, 5, 6, 16, 19]
[2, 3, 6, 12]
[2, 4, 5, 20, 25]
[1, 2, 8, 10, 17]
[1, 2, 7, 15, 21]
[2, 3, 5, 23, 28]
[3, 4, 6, 11, 20]
[2, 4, 6, 10, 23]
[1, 4, 6, 25]
[1, 2, 9, 11, 13]
[16, 17, 18, 19, 20, 21, 22, 23, 24, 25, 26, 27, 28]


6
process id 0
stats
5, 15, 7, 100, 1000
20220818-191544
loosing coalitions taken
[3, 4, 5, 17, 26]
[2, 3, 6, 15, 24]
[1, 4, 8, 12, 13]
[1, 4, 7, 10, 18]
[1, 2, 9, 10, 12]
[1, 5, 6, 12, 20]
[1, 3, 7, 15, 19]
[2, 4, 5, 19]
[1, 2, 7, 13, 23]
[1, 2, 8, 11, 21]
[1, 3, 8, 14, 16]
[3, 4, 6, 13, 18]
[1, 4, 6, 26]
[2, 3, 7, 8, 10]
[16, 17, 18, 19, 20, 21, 22, 23, 24, 25, 26, 27, 28]


5
process id 3
stats
5, 15, 7, 100, 1000
20220818-191544
loosing coalitions taken
[2, 4, 5, 20]
[2, 3, 6, 14]
[1, 3, 7, 15, 21]
[1, 2, 8, 11, 17]
[1, 4, 8, 10, 13]
[1, 2, 7, 9, 25]
[1, 3, 8, 12, 16]
[1, 5, 6, 10, 23]
[1, 4, 6, 26]
[1, 4, 7, 14, 16]
[3, 4, 5, 12]
[2, 3, 5, 19]
[3, 4, 6, 15, 17]
[2, 4, 6, 8]
[16, 17, 18, 19, 20, 21, 22, 23, 24, 25, 26, 27, 28]


5
process id 6
stats
5, 15, 7, 100, 1000
20220818-191544
loosing coalitions taken
[2, 4, 6, 11, 21]
[1, 2, 9, 10, 13]
[1, 2, 8, 14, 17]
[1, 3, 7, 14, 20]
[2, 3, 5, 22]
[1, 5, 6, 9, 23]
[3, 4, 6, 8, 28]
[1, 3, 8, 11, 18]
[2, 4, 5, 19]
[1, 4, 7, 8]
[1, 4, 6, 27]
[3, 4, 5, 14]
[2, 3, 6, 14, 27]
[1, 2, 7, 12, 24]
[16, 17, 18, 19, 20, 21, 22, 23, 24, 25, 26, 27, 28]


6
process id 1
stats
5, 15, 7, 100, 1000
20220818-191545
loosing coalitions taken
[2, 3, 5, 23]
[1, 2, 8, 14, 20]
[2, 4, 6, 16, 17]
[1, 2, 7, 10, 26]
[1, 3, 7, 12, 22]
[1, 5, 6, 9, 20]
[2, 4, 5, 15]
[1, 4, 6, 25]
[2, 3, 6, 13]
[3, 4, 5, 14, 27]
[1, 3, 8, 10, 17]
[3, 4, 6, 9, 21]
[1, 2, 9, 12, 13]
[1, 4, 7, 8, 24]
[16, 17, 18, 19, 20, 21, 22, 23, 24, 25, 26, 27, 28]


5
process id 5
stats
5, 15, 7, 100, 1000
20220818-191545
loosing coalitions taken
[1, 3, 8, 10, 18]
[1, 2, 7, 9]
[2, 3, 6, 15, 24]
[2, 4, 5, 16]
[3, 4, 6, 8, 26]
[2, 3, 5, 18]
[2, 4, 6, 13, 17]
[1, 2, 8, 12, 19]
[1, 5, 6, 16, 17]
[1, 4, 7, 8]
[1, 3, 7, 11, 19]
[1, 4, 6, 24]
[3, 4, 5, 13]
[1, 2, 10, 11, 13]
[16, 17, 18, 19, 20, 21, 22, 23, 24, 25, 26, 27, 28]


5
process id 7
stats
5, 15, 7, 100, 1000
20220818-191546
loosing coalitions taken
[1, 2, 10, 12, 13]
[2, 4, 6, 10, 21]
[2, 3, 6, 13]
[2, 4, 5, 18]
[1, 2, 9, 11, 14]
[1, 3, 7, 11, 23]
[1, 3, 8, 14, 16]
[1, 2, 7, 16, 19]
[1, 5, 6, 14, 18]
[2, 3, 5, 25]
[3, 4, 5, 13]
[1, 4, 6, 28]
[1, 4, 7, 8]
[3, 4, 6, 9, 19]
[16, 17, 18, 19, 20, 21, 22, 23, 24, 25, 26, 27, 28]


6
process id 0
stats
5, 15, 7, 100, 1000
20220818-191546
loosing coalitions taken
[3, 4, 5, 17, 27]
[3, 4, 6, 12, 18]
[2, 4, 6, 9, 22]
[1, 2, 7, 12, 23]
[1, 2, 8, 14, 19]
[1, 2, 9, 10, 11]
[2, 3, 5, 24]
[1, 5, 6, 9, 26]
[1, 3, 8, 13, 16]
[1, 3, 7, 15, 17]
[2, 3, 6, 16, 20]
[2, 4, 5, 15]
[1, 4, 7, 8, 28]
[1, 4, 6, 27]
[16, 17, 18, 19, 20, 21, 22, 23, 24, 25, 26, 27, 28]


5
process id 4
stats
5, 15, 7, 100, 1000
20220818-191547
loosing coalitions taken
[2, 4, 5, 18]
[1, 3, 8, 10, 19]
[1, 3, 7, 9, 24]
[1, 4, 7, 8]
[1, 5, 6, 11, 25]
[3, 4, 6, 11, 20]
[1, 2, 10, 11, 13]
[2, 3, 6, 10]
[2, 3, 5, 23, 25]
[1, 4, 6, 24]
[3, 4, 5, 16, 28]
[1, 2, 9, 12, 14]
[2, 5, 6, 8, 9]
[1, 2, 7, 15, 22]
[16, 17, 18, 19, 20, 21, 22, 23, 24, 25, 26, 27, 28]


6
process id 1
stats
5, 15, 7, 100, 1000
20220818-191547
loosing coalitions taken
[1, 3, 7, 15, 18]
[1, 5, 6, 15, 21]
[1, 4, 7, 10, 17]
[2, 4, 5, 17]
[1, 2, 10, 12, 13]
[1, 3, 8, 12, 17]
[1, 4, 8, 11, 14]
[3, 4, 5, 13]
[2, 3, 5, 25]
[2, 3, 6, 16, 19]
[1, 2, 7, 16, 21]
[3, 4, 6, 14, 17]
[1, 2, 8, 9, 19]
[1, 4, 6, 27]
[16, 17, 18, 19, 20, 21, 22, 23, 24, 25, 26, 27, 28]


6
process id 2
stats
5, 15, 7, 100, 1000
20220818-191548
loosing coalitions taken
[1, 5, 6, 14, 22]
[1, 2, 7, 11, 22]
[3, 4, 5, 16, 25]
[2, 4, 5, 18, 26]
[1, 4, 7, 13, 15]
[3, 4, 6, 9, 20]
[2, 4, 6, 15, 21]
[1, 4, 6, 27]
[1, 2, 10, 12, 13]
[1, 3, 8, 9, 18]
[2, 3, 5, 27, 28]
[1, 2, 8, 14, 17]
[2, 3, 6, 14]
[1, 3, 7, 12, 20]
[16, 17, 18, 19, 20, 21, 22, 23, 24, 25, 26, 27, 28]


5
process id 5
stats
5, 15, 7, 100, 1000
20220818-191549
loosing coalitions taken
[1, 3, 8, 11, 19]
[3, 4, 5, 21, 22]
[2, 3, 5, 23]
[1, 3, 7, 15, 18]
[1, 2, 8, 15, 17]
[3, 4, 6, 8]
[1, 2, 7, 11, 24]
[1, 3, 9, 10, 12]
[2, 4, 5, 16]
[2, 3, 6, 15, 21]
[2, 4, 6, 11, 23]
[1, 4, 7, 8]
[1, 4, 6, 24]
[1, 5, 6, 16, 20]
[16, 17, 18, 19, 20, 21, 22, 23, 24, 25, 26, 27, 28]


6
process id 6
stats
5, 15, 7, 100, 1000
20220818-191549
loosing coalitions taken
[1, 3, 8, 10, 19]
[1, 2, 8, 15, 17]
[1, 2, 7, 9]
[2, 4, 5, 19]
[3, 4, 5, 18, 27]
[2, 3, 5, 26, 28]
[2, 4, 6, 15, 20]
[1, 4, 6, 26]
[1, 4, 7, 14, 15]
[2, 3, 6, 10]
[1, 5, 6, 9, 24]
[3, 4, 6, 11, 17]
[1, 3, 7, 11, 22]
[1, 2, 10, 11, 14]
[16, 17, 18, 19, 20, 21, 22, 23, 24, 25, 26, 27, 28]


6
process id 0
stats
5, 15, 7, 100, 1000
20220818-191550
loosing coalitions taken
[1, 2, 9, 12, 14]
[1, 2, 7, 11, 26]
[1, 4, 6, 27]
[2, 3, 6, 15, 22]
[1, 3, 7, 8]
[2, 3, 5, 23]
[2, 4, 5, 21, 26]
[3, 4, 5, 14]
[1, 2, 8, 13, 20]
[3, 4, 6, 13, 20]
[2, 4, 6, 11, 19]
[1, 5, 6, 10, 25]
[1, 4, 7, 10, 17]
[1, 4, 8, 9, 15]
[16, 17, 18, 19, 20, 21, 22, 23, 24, 25, 26, 27, 28]


6
process id 3
stats
5, 15, 7, 100, 1000
20220818-191550
loosing coalitions taken
[1, 2, 8, 14, 20]
[1, 3, 8, 12, 16]
[1, 2, 7, 17, 18]
[2, 3, 6, 14]
[1, 2, 9, 12, 13]
[2, 4, 5, 19, 28]
[1, 3, 9, 10, 11]
[3, 4, 5, 15]
[2, 5, 6, 7, 15]
[1, 5, 6, 13, 23]
[2, 3, 5, 24]
[2, 4, 6, 11, 18]
[3, 4, 6, 8]
[1, 4, 7, 9, 19]
[16, 17, 18, 19, 20, 21, 22, 23, 24, 25, 26, 27, 28]


5
process id 0
stats
5, 15, 7, 100, 1000
20220818-191552
loosing coalitions taken
[1, 2, 10, 11, 14]
[1, 2, 7, 12, 23]
[2, 3, 6, 14]
[1, 3, 8, 10, 16]
[1, 3, 7, 11, 19]
[1, 2, 8, 9, 20]
[1, 4, 7, 8]
[3, 4, 5, 16]
[3, 4, 6, 8, 25]
[1, 5, 6, 12, 24]
[1, 4, 6, 23]
[2, 4, 5, 21, 24]
[2, 3, 5, 22]
[2, 4, 6, 9, 17]
[16, 17, 18, 19, 20, 21, 22, 23, 24, 25, 26, 27, 28]


6
process id 7
stats
5, 15, 7, 100, 1000
20220818-191552
loosing coalitions taken
[1, 5, 6, 9, 24]
[1, 2, 7, 9]
[1, 3, 8, 12, 19]
[3, 4, 5, 16]
[1, 4, 6, 23]
[2, 3, 6, 14, 28]
[2, 4, 5, 19, 27]
[2, 3, 5, 24]
[1, 3, 7, 11, 17]
[3, 4, 6, 10, 18]
[1, 2, 8, 11, 18]
[1, 4, 8, 9, 15]
[2, 4, 6, 8]
[2, 5, 6, 7, 15]
[16, 17, 18, 19, 20, 21, 22, 23, 24, 25, 26, 27, 28]


6
process id 2
stats
5, 15, 7, 100, 1000
20220818-191554
loosing coalitions taken
[3, 4, 5, 15]
[2, 3, 6, 16, 22]
[1, 3, 8, 10, 19]
[1, 3, 7, 16, 17]
[1, 2, 9, 12, 13]
[2, 5, 6, 8, 10]
[1, 4, 7, 12, 14]
[2, 3, 5, 23]
[2, 4, 5, 19, 27]
[3, 4, 6, 11, 20]
[1, 4, 6, 26]
[1, 5, 6, 16, 18]
[1, 4, 8, 9, 15]
[1, 2, 7, 10, 22]
[16, 17, 18, 19, 20, 21, 22, 23, 24, 25, 26, 27, 28]


6
process id 0
stats
5, 15, 7, 100, 1000
20220818-191555
loosing coalitions taken
[1, 2, 9, 11, 12]
[1, 3, 8, 9, 19]
[1, 5, 6, 11, 23]
[3, 4, 5, 16]
[1, 2, 8, 15, 17]
[1, 2, 7, 14, 23]
[2, 3, 6, 10]
[1, 4, 7, 10, 15]
[1, 4, 6, 24]
[3, 4, 6, 14, 17]
[1, 3, 7, 12, 22]
[2, 3, 5, 21]
[2, 4, 5, 18]
[2, 4, 6, 13, 22]
[16, 17, 18, 19, 20, 21, 22, 23, 24, 25, 26, 27, 28]


6
process id 5
stats
5, 15, 7, 100, 1000
20220818-191555
loosing coalitions taken
[1, 2, 7, 14, 24]
[1, 4, 7, 8]
[1, 3, 9, 10, 12]
[2, 3, 6, 14]
[1, 5, 6, 11, 25]
[2, 4, 5, 18]
[1, 4, 6, 24]
[2, 4, 6, 12, 22]
[2, 3, 5, 21]
[3, 4, 6, 9, 19]
[3, 4, 5, 13, 28]
[1, 2, 8, 12, 20]
[1, 3, 8, 13, 16]
[2, 5, 6, 7, 16]
[16, 17, 18, 19, 20, 21, 22, 23, 24, 25, 26, 27, 28]


6
process id 1
stats
5, 15, 7, 100, 1000
20220818-191556
loosing coalitions taken
[1, 2, 7, 14, 23]
[2, 4, 5, 20]
[1, 4, 7, 10, 19]
[1, 5, 6, 10, 24]
[1, 2, 10, 11, 12]
[2, 3, 6, 15, 27]
[1, 3, 7, 16, 17]
[1, 3, 8, 12, 18]
[3, 4, 5, 13]
[3, 4, 6, 14, 18]
[1, 4, 6, 27]
[2, 4, 6, 11, 17]
[2, 3, 5, 23, 24]
[1, 2, 8, 9, 19]
[16, 17, 18, 19, 20, 21, 22, 23, 24, 25, 26, 27, 28]


6
process id 4
stats
5, 15, 7, 100, 1000
20220818-191558
loosing coalitions taken
[1, 4, 8, 12, 13]
[1, 2, 8, 11, 19]
[1, 2, 7, 13, 22]
[1, 5, 6, 16, 19]
[1, 3, 7, 15, 19]
[1, 3, 8, 9, 17]
[2, 4, 5, 16]
[3, 4, 5, 17, 26]
[2, 4, 6, 10, 17]
[2, 3, 5, 21]
[3, 4, 6, 12, 21]
[2, 3, 6, 13]
[1, 4, 6, 28]
[1, 4, 7, 9, 16]
[16, 17, 18, 19, 20, 21, 22, 23, 24, 25, 26, 27, 28]


6
process id 7
stats
5, 15, 7, 100, 1000
20220818-191558
loosing coalitions taken
[2, 3, 6, 14]
[1, 2, 9, 11, 13]
[1, 3, 9, 10, 12]
[1, 5, 6, 12, 23]
[3, 4, 6, 8]
[3, 4, 5, 16]
[1, 2, 7, 15, 18]
[2, 4, 6, 12, 17]
[1, 3, 8, 11, 17]
[2, 3, 5, 23]
[2, 4, 5, 18, 25]
[1, 4, 7, 8]
[1, 4, 6, 26]
[1, 2, 8, 10, 19]
[16, 17, 18, 19, 20, 21, 22, 23, 24, 25, 26, 27, 28]


5
process id 5
stats
5, 15, 7, 100, 1000
20220818-191559
loosing coalitions taken
[2, 4, 6, 10, 22]
[2, 4, 5, 17]
[1, 2, 7, 9]
[2, 3, 6, 12]
[1, 5, 6, 16, 19]
[1, 4, 6, 28]
[2, 3, 5, 24]
[1, 4, 7, 13, 14]
[3, 4, 5, 14]
[2, 3, 7, 8, 10]
[1, 3, 8, 9, 17]
[1, 2, 8, 14, 20]
[1, 3, 7, 12, 20]
[3, 4, 6, 8]
[16, 17, 18, 19, 20, 21, 22, 23, 24, 25, 26, 27, 28]


5
process id 3
stats
5, 15, 7, 100, 1000
20220818-191600
loosing coalitions taken
[1, 2, 9, 10, 14]
[3, 4, 5, 21, 23]
[1, 2, 7, 12, 26]
[2, 4, 5, 17]
[1, 3, 8, 12, 19]
[1, 5, 6, 16, 20]
[1, 4, 7, 8]
[3, 4, 6, 13, 20]
[2, 3, 6, 10]
[1, 4, 6, 28]
[2, 3, 5, 24]
[2, 4, 6, 8]
[1, 3, 7, 10, 23]
[1, 2, 8, 11, 21]
[16, 17, 18, 19, 20, 21, 22, 23, 24, 25, 26, 27, 28]


6
process id 2
stats
5, 15, 7, 100, 1000
20220818-191601
loosing coalitions taken
[2, 3, 6, 13]
[1, 5, 6, 10, 26]
[2, 4, 5, 19]
[1, 2, 7, 12, 26]
[1, 3, 7, 16, 17]
[1, 3, 8, 9, 20]
[1, 2, 8, 10, 21]
[1, 2, 9, 11, 14]
[3, 4, 6, 11, 21]
[2, 3, 5, 22]
[1, 4, 6, 28]
[2, 4, 6, 8]
[3, 4, 5, 15, 24]
[1, 4, 7, 8]
[16, 17, 18, 19, 20, 21, 22, 23, 24, 25, 26, 27, 28]


6
process id 3
stats
5, 15, 7, 100, 1000
20220818-191602
loosing coalitions taken
[1, 5, 6, 10, 24]
[1, 2, 10, 12, 14]
[1, 3, 8, 9, 20]
[1, 2, 7, 9, 27]
[2, 4, 5, 17]
[1, 3, 7, 14, 21]
[1, 2, 8, 11, 18]
[2, 3, 6, 11]
[3, 4, 6, 13, 18]
[2, 3, 5, 23]
[1, 4, 6, 25]
[1, 4, 7, 12, 15]
[3, 4, 5, 15]
[2, 4, 6, 8]
[16, 17, 18, 19, 20, 21, 22, 23, 24, 25, 26, 27, 28]


6
process id 0
stats
5, 15, 7, 100, 1000
20220818-191603
loosing coalitions taken
[1, 3, 8, 15, 16]
[3, 5, 6, 7, 15]
[1, 5, 6, 16, 18]
[1, 4, 8, 12, 13]
[1, 2, 7, 10, 24]
[1, 3, 9, 10, 12]
[2, 3, 7, 8, 9]
[1, 2, 8, 11, 17]
[2, 3, 6, 17, 18]
[1, 3, 7, 14, 20]
[2, 3, 5, 26, 28]
[2, 4, 5, 19, 27]
[1, 4, 6, 27]
[3, 4, 5, 16]
[16, 17, 18, 19, 20, 21, 22, 23, 24, 25, 26, 27, 28]


5
process id 6
stats
5, 15, 7, 100, 1000
20220818-191604
loosing coalitions taken
[1, 2, 10, 11, 12]
[3, 5, 6, 7, 13]
[2, 3, 5, 24]
[1, 4, 7, 14, 15]
[1, 2, 8, 14, 19]
[1, 3, 8, 10, 16]
[2, 3, 6, 10]
[1, 2, 7, 9]
[2, 4, 5, 21, 28]
[1, 4, 6, 27]
[1, 5, 6, 10, 25]
[3, 4, 5, 11]
[2, 4, 6, 8]
[1, 4, 8, 9, 13]
[16, 17, 18, 19, 20, 21, 22, 23, 24, 25, 26, 27, 28]


6
process id 4
stats
5, 15, 7, 100, 1000
20220818-191606
loosing coalitions taken
[1, 3, 7, 14, 22]
[1, 2, 9, 10, 13]
[2, 3, 6, 14]
[2, 4, 5, 16]
[1, 3, 8, 15, 16]
[1, 2, 8, 12, 19]
[1, 2, 7, 17, 18]
[2, 4, 6, 13, 22]
[3, 4, 5, 15]
[2, 3, 5, 25]
[3, 4, 6, 10, 20]
[1, 4, 6, 25]
[1, 4, 7, 8]
[1, 5, 6, 12, 23]
[16, 17, 18, 19, 20, 21, 22, 23, 24, 25, 26, 27, 28]


6
process id 5
stats
5, 15, 7, 100, 1000
20220818-191609
loosing coalitions taken
[3, 4, 5, 18, 23]
[2, 3, 6, 14]
[1, 3, 7, 13, 21]
[1, 3, 8, 10, 18]
[1, 5, 6, 15, 21]
[1, 2, 7, 9]
[1, 4, 8, 11, 14]
[3, 4, 6, 9, 17]
[2, 3, 5, 21]
[2, 4, 6, 8]
[2, 4, 5, 15]
[1, 4, 6, 25]
[1, 2, 8, 13, 19]
[1, 4, 7, 10, 15]
[16, 17, 18, 19, 20, 21, 22, 23, 24, 25, 26, 27, 28]


6
process id 7
stats
5, 15, 7, 100, 1000
20220818-191609
loosing coalitions taken
[1, 5, 6, 10, 26]
[1, 3, 8, 11, 18]
[1, 2, 8, 12, 19]
[1, 2, 7, 17, 18]
[1, 3, 7, 15, 20]
[3, 4, 6, 13, 20]
[1, 2, 9, 11, 14]
[2, 4, 6, 16, 19]
[2, 4, 5, 17]
[1, 4, 8, 10, 13]
[2, 3, 6, 15, 27]
[1, 4, 7, 12, 14]
[1, 4, 6, 24]
[2, 3, 7, 8, 10]
[16, 17, 18, 19, 20, 21, 22, 23, 24, 25, 26, 27, 28]


6
process id 6
stats
5, 15, 7, 100, 1000
20220818-191611
loosing coalitions taken
[2, 4, 5, 20]
[1, 5, 6, 16, 17]
[1, 3, 9, 10, 12]
[3, 5, 6, 7, 15]
[2, 3, 6, 14, 28]
[1, 2, 10, 11, 14]
[2, 3, 5, 23, 27]
[3, 4, 5, 14]
[3, 4, 6, 13, 18]
[1, 4, 6, 23]
[1, 2, 7, 13, 21]
[1, 4, 7, 12, 15]
[1, 2, 8, 9, 19]
[2, 4, 6, 8]
[16, 17, 18, 19, 20, 21, 22, 23, 24, 25, 26, 27, 28]


5
process id 3
stats
5, 15, 7, 100, 1000
20220818-191611
loosing coalitions taken
[1, 4, 8, 11, 14]
[1, 5, 6, 10, 25]
[2, 3, 6, 10]
[1, 2, 7, 16, 20]
[1, 2, 8, 9, 22]
[1, 3, 7, 8]
[2, 3, 5, 25, 26]
[3, 4, 6, 15, 17]
[2, 4, 6, 9, 20]
[3, 4, 5, 14]
[1, 4, 6, 28]
[3, 5, 6, 7, 11]
[2, 4, 5, 19]
[1, 2, 10, 12, 13]
[16, 17, 18, 19, 20, 21, 22, 23, 24, 25, 26, 27, 28]


6
process id 6
stats
5, 15, 7, 100, 1000
20220818-191615
loosing coalitions taken
[1, 4, 8, 13, 14]
[1, 3, 8, 15, 16]
[1, 2, 9, 12, 14]
[2, 4, 5, 17]
[1, 3, 9, 10, 11]
[2, 3, 6, 10]
[3, 4, 5, 11]
[2, 4, 6, 9, 19]
[1, 4, 7, 9, 18]
[1, 5, 6, 11, 21]
[2, 3, 5, 25]
[1, 3, 7, 12, 19]
[3, 4, 6, 14, 16]
[1, 4, 6, 28]
[16, 17, 18, 19, 20, 21, 22, 23, 24, 25, 26, 27, 28]


6
process id 0
stats
5, 15, 7, 100, 1000
20220818-191615
loosing coalitions taken
[1, 2, 8, 14, 20]
[1, 3, 7, 9, 22]
[2, 3, 6, 9]
[2, 4, 5, 17]
[1, 4, 7, 8]
[3, 4, 5, 13]
[2, 4, 6, 16, 19]
[1, 4, 6, 27]
[3, 4, 6, 10, 20]
[2, 3, 5, 24]
[1, 5, 6, 13, 18]
[1, 3, 8, 15, 16]
[1, 2, 7, 11, 25]
[1, 2, 10, 12, 13]
[16, 17, 18, 19, 20, 21, 22, 23, 24, 25, 26, 27, 28]


6
process id 2
stats
5, 15, 7, 100, 1000
20220818-191615
loosing coalitions taken
[1, 2, 10, 11, 13]
[2, 3, 5, 25]
[1, 4, 7, 8, 26]
[1, 3, 8, 11, 17]
[1, 2, 7, 16, 20]
[1, 3, 7, 15, 19]
[1, 2, 8, 9, 18]
[2, 4, 6, 13, 18]
[3, 4, 6, 14, 19]
[2, 3, 6, 10]
[2, 4, 5, 15, 28]
[3, 4, 5, 12]
[1, 4, 6, 24]
[1, 5, 6, 15, 20]
[16, 17, 18, 19, 20, 21, 22, 23, 24, 25, 26, 27, 28]


6
process id 5
stats
5, 15, 7, 100, 1000
20220818-191615
loosing coalitions taken
[2, 3, 5, 22]
[1, 3, 8, 13, 16]
[1, 5, 6, 15, 19]
[1, 2, 8, 14, 18]
[1, 2, 7, 10, 26]
[3, 4, 5, 16, 27]
[1, 4, 7, 8]
[3, 4, 6, 14, 17]
[2, 3, 6, 13]
[2, 4, 6, 11, 21]
[1, 3, 7, 12, 21]
[1, 4, 6, 28]
[2, 4, 5, 17]
[1, 2, 9, 11, 13]
[16, 17, 18, 19, 20, 21, 22, 23, 24, 25, 26, 27, 28]


6
process id 7
stats
5, 15, 7, 100, 1000
20220818-191616
loosing coalitions taken
[1, 4, 7, 8, 26]
[1, 2, 10, 11, 14]
[1, 5, 6, 11, 25]
[2, 4, 5, 18]
[1, 3, 9, 10, 12]
[2, 3, 6, 13]
[1, 3, 7, 11, 18]
[1, 4, 6, 27]
[1, 2, 7, 9]
[3, 4, 5, 14]
[2, 3, 5, 21]
[3, 4, 6, 8]
[2, 4, 6, 10, 20]
[1, 2, 8, 12, 17]
[16, 17, 18, 19, 20, 21, 22, 23, 24, 25, 26, 27, 28]


6
process id 4
stats
5, 15, 7, 100, 1000
20220818-191616
loosing coalitions taken
[1, 3, 7, 10, 23]
[1, 2, 7, 12, 24]
[3, 4, 5, 16]
[2, 4, 6, 9, 22]
[1, 5, 6, 15, 20]
[1, 2, 8, 15, 16]
[2, 3, 6, 13, 26]
[1, 3, 8, 11, 18]
[2, 3, 5, 19]
[1, 4, 6, 26, 27]
[2, 4, 5, 17]
[3, 4, 6, 8]
[1, 2, 9, 11, 14]
[1, 4, 7, 8]
[16, 17, 18, 19, 20, 21, 22, 23, 24, 25, 26, 27, 28]


6
process id 1
stats
5, 15, 7, 100, 1000
20220818-191616
loosing coalitions taken
[2, 3, 6, 13]
[1, 4, 7, 9, 19]
[1, 4, 8, 10, 15]
[1, 2, 7, 15, 22]
[2, 4, 5, 18, 26]
[1, 4, 6, 26]
[3, 4, 5, 15]
[2, 3, 5, 24]
[1, 5, 6, 16, 19]
[3, 4, 6, 11, 20]
[2, 5, 6, 8, 10]
[2, 4, 6, 12, 23]
[1, 2, 9, 10, 13]
[1, 2, 8, 12, 21]
[16, 17, 18, 19, 20, 21, 22, 23, 24, 25, 26, 27, 28]


6
process id 3
stats
5, 15, 7, 100, 1000
20220818-191617
loosing coalitions taken
[1, 3, 8, 10, 16]
[1, 2, 7, 11, 25]
[2, 3, 5, 25]
[3, 4, 6, 12, 21]
[1, 3, 7, 15, 17]
[1, 2, 8, 12, 19]
[1, 2, 9, 10, 13]
[1, 4, 7, 9, 16]
[3, 4, 5, 13]
[2, 4, 5, 16]
[1, 4, 6, 28]
[2, 3, 6, 19, 20]
[2, 4, 6, 9, 25]
[1, 5, 6, 11, 21]
[16, 17, 18, 19, 20, 21, 22, 23, 24, 25, 26, 27, 28]


6
process id 5
stats
5, 15, 7, 100, 1000
20220818-191617
loosing coalitions taken
[1, 2, 9, 12, 14]
[1, 2, 7, 10, 26]
[1, 4, 7, 8]
[2, 4, 5, 22, 23]
[2, 3, 5, 24]
[3, 4, 6, 13, 21]
[1, 5, 6, 16, 17]
[2, 3, 6, 15, 22]
[1, 2, 8, 11, 21]
[3, 4, 5, 12]
[1, 4, 6, 26]
[2, 4, 6, 8]
[1, 3, 7, 16, 18]
[1, 3, 9, 10, 11]
[16, 17, 18, 19, 20, 21, 22, 23, 24, 25, 26, 27, 28]


5
process id 6
stats
5, 15, 7, 100, 1000
20220818-191617
loosing coalitions taken
[3, 4, 6, 14, 20]
[2, 4, 6, 16, 18]
[1, 2, 9, 10, 14]
[1, 2, 8, 11, 21]
[1, 3, 8, 12, 19]
[1, 2, 7, 13, 23]
[1, 5, 6, 16, 19]
[2, 3, 6, 13]
[3, 4, 5, 16]
[1, 4, 7, 8]
[1, 4, 6, 23]
[2, 3, 5, 24]
[2, 4, 5, 20]
[1, 3, 7, 9, 17]
[16, 17, 18, 19, 20, 21, 22, 23, 24, 25, 26, 27, 28]


5
process id 5
stats
5, 15, 7, 100, 1000
20220818-191619
loosing coalitions taken
[1, 4, 7, 8]
[2, 4, 5, 17]
[2, 3, 6, 14, 27]
[1, 2, 7, 12, 24]
[3, 4, 5, 15]
[2, 3, 5, 25]
[1, 3, 7, 11, 23]
[2, 4, 6, 13, 22]
[1, 5, 6, 14, 21]
[1, 2, 9, 11, 14]
[1, 3, 8, 9, 17]
[3, 4, 6, 8, 25]
[1, 4, 6, 23]
[1, 2, 8, 10, 16]
[16, 17, 18, 19, 20, 21, 22, 23, 24, 25, 26, 27, 28]


6
process id 0
stats
5, 15, 7, 100, 1000
20220818-191619
loosing coalitions taken
[1, 2, 7, 9, 24]
[1, 3, 7, 12, 20]
[1, 2, 10, 11, 14]
[1, 2, 8, 15, 17]
[1, 4, 7, 11, 15]
[3, 4, 5, 16, 27]
[2, 4, 5, 20]
[1, 5, 6, 16, 19]
[2, 3, 5, 19]
[1, 4, 6, 23]
[1, 4, 8, 9, 14]
[2, 3, 6, 12]
[2, 4, 6, 9, 25]
[3, 4, 6, 11, 17]
[16, 17, 18, 19, 20, 21, 22, 23, 24, 25, 26, 27, 28]


6
process id 3
stats
5, 15, 7, 100, 1000
20220818-191620
loosing coalitions taken
[1, 2, 7, 9]
[2, 4, 5, 17]
[1, 3, 8, 11, 18]
[2, 3, 6, 13]
[3, 4, 5, 19, 23]
[1, 4, 6, 27]
[1, 2, 10, 11, 12]
[1, 2, 8, 14, 16]
[2, 3, 5, 22]
[2, 4, 6, 8]
[3, 4, 6, 15, 17]
[1, 4, 7, 8, 24]
[1, 3, 7, 14, 20]
[1, 5, 6, 10, 24]
[16, 17, 18, 19, 20, 21, 22, 23, 24, 25, 26, 27, 28]


6
process id 1
stats
5, 15, 7, 100, 1000
20220818-191622
loosing coalitions taken
[1, 3, 8, 11, 19]
[3, 4, 5, 16]
[1, 2, 7, 12, 23]
[1, 2, 8, 14, 20]
[2, 3, 7, 8, 9]
[1, 2, 10, 11, 13]
[1, 5, 6, 11, 24]
[2, 3, 6, 11]
[1, 4, 8, 9, 15]
[2, 4, 5, 19, 26]
[1, 4, 6, 25]
[1, 4, 7, 14, 16]
[2, 3, 5, 24]
[3, 4, 6, 12, 18]
[16, 17, 18, 19, 20, 21, 22, 23, 24, 25, 26, 27, 28]


6
process id 2
stats
5, 15, 7, 100, 1000
20220818-191623
loosing coalitions taken
[2, 4, 5, 19]
[1, 3, 7, 9, 24]
[1, 2, 8, 10, 21]
[2, 3, 6, 10]
[1, 3, 8, 12, 19]
[1, 2, 9, 12, 13]
[1, 4, 7, 11, 14]
[3, 4, 5, 12]
[1, 5, 6, 14, 19]
[1, 4, 6, 27]
[2, 3, 5, 23]
[2, 4, 6, 15, 17]
[3, 4, 6, 13, 20]
[1, 2, 7, 16, 20]
[16, 17, 18, 19, 20, 21, 22, 23, 24, 25, 26, 27, 28]


6
process id 3
stats
5, 15, 7, 100, 1000
20220818-191623
loosing coalitions taken
[2, 4, 5, 21, 27]
[2, 4, 6, 11, 24]
[1, 5, 6, 15, 21]
[1, 4, 6, 27]
[2, 3, 6, 9, 25]
[1, 3, 7, 10, 23]
[1, 3, 8, 11, 18]
[1, 2, 7, 11, 26]
[1, 2, 8, 14, 16]
[2, 3, 5, 24]
[3, 4, 5, 16]
[3, 5, 6, 7, 14]
[1, 2, 10, 12, 13]
[3, 4, 6, 15, 17]
[16, 17, 18, 19, 20, 21, 22, 23, 24, 25, 26, 27, 28]


5
process id 1
stats
5, 15, 7, 100, 1000
20220818-191625
loosing coalitions taken
[1, 2, 7, 10, 26]
[2, 4, 6, 14, 21]
[1, 5, 6, 13, 23]
[2, 4, 5, 18, 23]
[1, 3, 8, 12, 19]
[1, 2, 8, 13, 16]
[1, 3, 7, 11, 22]
[1, 2, 9, 11, 14]
[1, 4, 6, 27]
[2, 3, 6, 12, 26]
[2, 3, 5, 21, 28]
[3, 4, 5, 12]
[2, 3, 7, 8, 9]
[2, 5, 6, 7, 11]
[16, 17, 18, 19, 20, 21, 22, 23, 24, 25, 26, 27, 28]


6
process id 7
stats
5, 15, 7, 100, 1000
20220818-191625
loosing coalitions taken
[1, 4, 7, 11, 17]
[2, 4, 5, 18, 28]
[1, 2, 7, 12, 24]
[1, 5, 6, 15, 18]
[1, 2, 8, 14, 16]
[1, 4, 6, 26, 27]
[1, 2, 9, 10, 11]
[3, 4, 5, 19, 21]
[2, 3, 5, 20]
[3, 4, 6, 9, 22]
[2, 4, 6, 11, 23]
[1, 4, 8, 12, 13]
[1, 3, 8, 10, 17]
[1, 3, 7, 15, 16]
[16, 17, 18, 19, 20, 21, 22, 23, 24, 25, 26, 27, 28]


6
process id 4
stats
5, 15, 7, 100, 1000
20220818-191626
loosing coalitions taken
[1, 2, 10, 11, 13]
[1, 5, 6, 11, 23]
[1, 4, 7, 8]
[2, 4, 5, 21, 28]
[2, 4, 6, 9, 20]
[2, 3, 6, 14, 27]
[2, 5, 6, 8, 10]
[1, 2, 9, 12, 14]
[1, 3, 7, 10, 20]
[3, 4, 6, 13, 18]
[1, 4, 6, 28]
[2, 3, 5, 19]
[3, 4, 5, 16, 23]
[1, 2, 8, 15, 16]
[16, 17, 18, 19, 20, 21, 22, 23, 24, 25, 26, 27, 28]


5
process id 0
stats
5, 15, 7, 100, 1000
20220818-191627
loosing coalitions taken
[1, 2, 10, 11, 14]
[1, 2, 8, 9, 21]
[1, 4, 7, 9, 18]
[2, 4, 5, 19, 26]
[2, 3, 6, 10]
[1, 5, 6, 9, 22]
[1, 3, 7, 11, 20]
[1, 2, 7, 13, 23]
[3, 4, 5, 16]
[1, 4, 6, 23]
[2, 3, 5, 23, 24]
[2, 4, 6, 11, 24]
[3, 4, 6, 14, 19]
[1, 4, 8, 11, 13]
[16, 17, 18, 19, 20, 21, 22, 23, 24, 25, 26, 27, 28]


6
process id 3
stats
5, 15, 7, 100, 1000
20220818-191627
loosing coalitions taken
[1, 3, 8, 10, 18]
[1, 2, 8, 14, 20]
[2, 3, 5, 23]
[1, 2, 7, 16, 21]
[1, 2, 9, 11, 13]
[1, 5, 6, 9, 24]
[2, 3, 6, 14]
[3, 4, 5, 16]
[3, 4, 6, 12, 21]
[2, 4, 5, 18]
[1, 4, 7, 8]
[1, 4, 6, 26]
[1, 3, 7, 12, 22]
[2, 4, 6, 8]
[16, 17, 18, 19, 20, 21, 22, 23, 24, 25, 26, 27, 28]


5
process id 5
stats
5, 15, 7, 100, 1000
20220818-191627
loosing coalitions taken
[3, 4, 5, 16]
[1, 3, 7, 12, 22]
[1, 2, 9, 10, 13]
[1, 2, 7, 11, 23]
[1, 3, 8, 10, 19]
[2, 4, 6, 14, 19]
[1, 2, 8, 12, 21]
[2, 3, 6, 11, 25]
[1, 5, 6, 14, 17]
[3, 4, 6, 9, 20]
[2, 4, 5, 22, 23]
[2, 3, 5, 19]
[1, 4, 7, 8]
[1, 4, 6, 26]
[16, 17, 18, 19, 20, 21, 22, 23, 24, 25, 26, 27, 28]


6
process id 7
stats
5, 15, 7, 100, 1000
20220818-191628
loosing coalitions taken
[1, 5, 6, 16, 18]
[1, 3, 7, 12, 21]
[1, 2, 7, 9, 27]
[1, 4, 7, 10, 19]
[1, 4, 8, 9, 14]
[3, 4, 6, 13, 17]
[2, 4, 6, 11, 23]
[1, 3, 8, 10, 18]
[1, 4, 6, 28]
[3, 4, 5, 18, 27]
[2, 3, 6, 9]
[1, 2, 8, 13, 19]
[2, 4, 5, 17, 22]
[1, 2, 10, 11, 14]
[16, 17, 18, 19, 20, 21, 22, 23, 24, 25, 26, 27, 28]


5
process id 0
stats
5, 15, 7, 100, 1000
20220818-191628
loosing coalitions taken
[1, 4, 8, 13, 14]
[1, 5, 6, 11, 23]
[1, 2, 8, 11, 18]
[1, 2, 7, 12, 23]
[1, 3, 7, 15, 17]
[3, 4, 5, 16]
[1, 3, 8, 9, 19]
[2, 3, 5, 23]
[2, 3, 6, 9, 27]
[1, 4, 6, 26]
[2, 4, 5, 15]
[1, 4, 7, 9, 16]
[2, 4, 6, 11, 20]
[3, 4, 6, 14, 15]
[16, 17, 18, 19, 20, 21, 22, 23, 24, 25, 26, 27, 28]


5
process id 4
stats
5, 15, 7, 100, 1000
20220818-191630
loosing coalitions taken
[1, 2, 7, 13, 25]
[2, 4, 5, 17]
[1, 4, 7, 10, 18]
[1, 2, 10, 12, 14]
[2, 3, 6, 12]
[1, 3, 8, 9, 20]
[2, 4, 6, 10, 23]
[1, 4, 6, 28]
[2, 3, 5, 23]
[1, 4, 8, 11, 13]
[1, 5, 6, 12, 18]
[1, 3, 7, 14, 19]
[3, 4, 6, 8]
[3, 4, 5, 16]
[16, 17, 18, 19, 20, 21, 22, 23, 24, 25, 26, 27, 28]


6
process id 5
stats
5, 15, 7, 100, 1000
20220818-191630
loosing coalitions taken
[1, 2, 7, 16, 21]
[2, 4, 5, 19]
[1, 2, 10, 11, 12]
[1, 4, 7, 14, 15]
[3, 4, 6, 14, 20]
[1, 4, 8, 12, 13]
[2, 3, 6, 9]
[1, 5, 6, 12, 24]
[1, 3, 8, 10, 18]
[3, 4, 5, 11]
[2, 3, 5, 18]
[1, 4, 6, 25]
[1, 2, 8, 9, 19]
[2, 4, 6, 8]
[16, 17, 18, 19, 20, 21, 22, 23, 24, 25, 26, 27, 28]


5
process id 7
stats
5, 15, 7, 100, 1000
20220818-191630
loosing coalitions taken
[1, 5, 6, 15, 21]
[2, 3, 6, 17, 21]
[3, 4, 6, 14, 20]
[1, 2, 9, 11, 14]
[2, 4, 5, 19]
[1, 4, 7, 9, 18]
[1, 3, 7, 8]
[2, 3, 5, 24]
[3, 4, 5, 18, 22]
[2, 4, 6, 8]
[1, 4, 6, 27]
[1, 2, 7, 16, 19]
[1, 2, 8, 10, 18]
[1, 4, 8, 11, 13]
[16, 17, 18, 19, 20, 21, 22, 23, 24, 25, 26, 27, 28]


6
process id 3
stats
5, 15, 7, 100, 1000
20220818-191631
loosing coalitions taken
[1, 3, 7, 14, 19]
[1, 2, 7, 9, 24]
[1, 4, 7, 13, 16]
[1, 2, 8, 15, 16]
[1, 3, 8, 9, 18]
[3, 4, 6, 10, 18]
[2, 3, 6, 13]
[2, 4, 5, 22, 23]
[3, 4, 5, 14]
[1, 4, 6, 23]
[1, 2, 10, 11, 12]
[1, 5, 6, 12, 19]
[2, 3, 5, 24]
[2, 4, 6, 9, 25]
[16, 17, 18, 19, 20, 21, 22, 23, 24, 25, 26, 27, 28]


5
process id 5
stats
5, 15, 7, 100, 1000
20220818-191631
loosing coalitions taken
[2, 4, 5, 17]
[3, 4, 6, 13, 19]
[1, 3, 7, 14, 19]
[2, 3, 6, 10]
[1, 2, 9, 11, 12]
[1, 3, 8, 11, 17]
[1, 2, 8, 15, 16]
[1, 4, 7, 8, 27]
[3, 4, 5, 14]
[1, 4, 6, 25]
[1, 5, 6, 13, 24]
[2, 3, 5, 25]
[1, 2, 7, 10, 22]
[2, 4, 6, 9, 21]
[16, 17, 18, 19, 20, 21, 22, 23, 24, 25, 26, 27, 28]


6
process id 4
stats
5, 15, 7, 100, 1000
20220818-191632
loosing coalitions taken
[2, 3, 6, 10]
[1, 3, 8, 12, 18]
[1, 4, 8, 9, 14]
[1, 4, 7, 10, 19]
[3, 4, 5, 15]
[1, 5, 6, 16, 17]
[1, 3, 7, 9, 21]
[1, 2, 9, 11, 13]
[2, 3, 5, 21]
[1, 4, 6, 23]
[3, 4, 6, 8]
[2, 4, 5, 20]
[2, 4, 6, 13, 17]
[1, 2, 7, 12, 22]
[16, 17, 18, 19, 20, 21, 22, 23, 24, 25, 26, 27, 28]


6
process id 0
stats
5, 15, 7, 100, 1000
20220818-191634
loosing coalitions taken
[2, 4, 5, 20]
[1, 4, 7, 8]
[1, 2, 9, 10, 14]
[1, 5, 6, 13, 24]
[3, 4, 6, 10, 21]
[1, 3, 7, 9, 17]
[1, 4, 6, 25]
[3, 4, 5, 16]
[2, 3, 6, 12, 25]
[1, 2, 7, 13, 18]
[1, 3, 8, 11, 19]
[2, 3, 5, 23, 28]
[2, 4, 6, 8]
[1, 2, 8, 12, 17]
[16, 17, 18, 19, 20, 21, 22, 23, 24, 25, 26, 27, 28]


6
process id 6
stats
5, 15, 7, 100, 1000
20220818-191634
loosing coalitions taken
[1, 5, 6, 16, 17]
[2, 3, 6, 13]
[1, 3, 7, 11, 22]
[1, 2, 8, 14, 17]
[1, 2, 7, 9]
[1, 4, 8, 11, 13]
[1, 4, 6, 28]
[2, 3, 5, 25, 28]
[2, 4, 5, 19]
[3, 4, 5, 16]
[3, 4, 6, 12, 19]
[3, 5, 6, 7, 15]
[2, 4, 6, 10, 24]
[1, 3, 8, 10, 19]
[16, 17, 18, 19, 20, 21, 22, 23, 24, 25, 26, 27, 28]


5
process id 1
stats
5, 15, 7, 100, 1000
20220818-191634
loosing coalitions taken
[1, 2, 9, 12, 14]
[2, 3, 7, 8, 9]
[2, 4, 5, 19]
[1, 5, 6, 10, 26]
[2, 3, 6, 12]
[1, 4, 7, 10, 18]
[1, 4, 6, 27]
[1, 3, 7, 14, 22]
[2, 3, 5, 24]
[1, 2, 8, 15, 16]
[3, 4, 6, 8]
[3, 4, 5, 15]
[2, 4, 6, 14, 21]
[1, 2, 7, 11, 25]
[16, 17, 18, 19, 20, 21, 22, 23, 24, 25, 26, 27, 28]


6
process id 7
stats
5, 15, 7, 100, 1000
20220818-191637
loosing coalitions taken
[3, 4, 5, 18, 27]
[1, 3, 8, 11, 18]
[1, 2, 7, 11, 27]
[1, 5, 6, 15, 17]
[1, 2, 8, 12, 17]
[1, 4, 7, 12, 16]
[2, 3, 5, 23, 26]
[2, 3, 6, 13]
[1, 3, 7, 9, 21]
[1, 4, 8, 9, 15]
[3, 4, 6, 12, 21]
[2, 4, 5, 16]
[1, 4, 6, 24]
[2, 4, 6, 9, 22]
[16, 17, 18, 19, 20, 21, 22, 23, 24, 25, 26, 27, 28]


5
process id 1
stats
5, 15, 7, 100, 1000
20220818-191637
loosing coalitions taken
[3, 4, 5, 16]
[1, 3, 7, 14, 20]
[2, 3, 6, 13]
[1, 2, 7, 17, 19]
[1, 5, 6, 16, 20]
[2, 4, 6, 14, 17]
[2, 3, 5, 18]
[1, 4, 6, 25]
[1, 4, 7, 8]
[3, 4, 6, 9, 18]
[1, 3, 8, 10, 15]
[2, 4, 5, 20]
[1, 2, 8, 13, 18]
[1, 2, 9, 10, 11]
[16, 17, 18, 19, 20, 21, 22, 23, 24, 25, 26, 27, 28]


6
process id 3
stats
5, 15, 7, 100, 1000
20220818-191638
loosing coalitions taken
[1, 3, 8, 10, 17]
[2, 3, 5, 22]
[2, 4, 6, 12, 23]
[1, 2, 9, 11, 13]
[1, 3, 7, 12, 21]
[1, 5, 6, 15, 18]
[1, 4, 8, 9, 14]
[3, 4, 5, 13]
[2, 4, 5, 20, 25]
[2, 3, 6, 18, 19]
[1, 2, 7, 16, 17]
[1, 4, 6, 24]
[3, 4, 6, 8]
[2, 3, 7, 8, 9]
[16, 17, 18, 19, 20, 21, 22, 23, 24, 25, 26, 27, 28]


6
process id 5
stats
5, 15, 7, 100, 1000
20220818-191638
loosing coalitions taken
[1, 2, 9, 10, 13]
[1, 2, 7, 16, 18]
[1, 3, 7, 12, 21]
[1, 4, 8, 12, 13]
[2, 4, 5, 17]
[1, 3, 8, 9, 16]
[1, 4, 6, 28]
[1, 2, 8, 15, 17]
[3, 4, 5, 13]
[3, 4, 6, 8]
[2, 3, 6, 11]
[2, 3, 5, 22]
[2, 4, 6, 9, 24]
[1, 5, 6, 14, 20]
[16, 17, 18, 19, 20, 21, 22, 23, 24, 25, 26, 27, 28]


6
process id 0
stats
5, 15, 7, 100, 1000
20220818-191638
loosing coalitions taken
[1, 5, 6, 15, 21]
[1, 3, 8, 10, 17]
[3, 4, 6, 10, 21]
[1, 2, 9, 10, 14]
[1, 2, 8, 11, 20]
[1, 2, 7, 17, 18]
[1, 3, 7, 12, 22]
[2, 4, 5, 19]
[3, 4, 5, 15, 28]
[2, 3, 6, 12]
[2, 3, 5, 22]
[1, 4, 8, 12, 13]
[1, 4, 6, 23]
[1, 4, 7, 11, 16]
[16, 17, 18, 19, 20, 21, 22, 23, 24, 25, 26, 27, 28]


6
process id 7
stats
5, 15, 7, 100, 1000
20220818-191639
loosing coalitions taken
[2, 4, 5, 17]
[1, 2, 9, 12, 13]
[1, 2, 8, 11, 19]
[1, 2, 7, 14, 21]
[1, 3, 7, 11, 23]
[1, 5, 6, 13, 22]
[1, 3, 8, 15, 16]
[2, 3, 5, 25]
[3, 4, 5, 11]
[1, 4, 7, 9, 17]
[3, 4, 6, 12, 20]
[2, 3, 6, 11]
[1, 4, 6, 24]
[2, 4, 6, 15, 18]
[16, 17, 18, 19, 20, 21, 22, 23, 24, 25, 26, 27, 28]


5
process id 5
stats
5, 15, 7, 100, 1000
20220818-191640
loosing coalitions taken
[1, 2, 8, 11, 20]
[2, 4, 6, 15, 19]
[1, 3, 7, 14, 21]
[1, 3, 8, 15, 16]
[1, 4, 7, 8]
[1, 2, 10, 12, 13]
[3, 4, 6, 14, 20]
[2, 3, 5, 25]
[3, 4, 5, 15]
[1, 4, 6, 25]
[2, 3, 6, 12]
[1, 2, 7, 9, 28]
[2, 4, 5, 20, 27]
[1, 5, 6, 12, 18]
[16, 17, 18, 19, 20, 21, 22, 23, 24, 25, 26, 27, 28]


5
process id 2
stats
5, 15, 7, 100, 1000
20220818-191640
loosing coalitions taken
[2, 3, 6, 14]
[1, 2, 7, 9]
[1, 3, 8, 10, 18]
[3, 4, 5, 14]
[2, 3, 5, 20]
[1, 4, 6, 27]
[2, 4, 5, 18]
[1, 5, 6, 15, 20]
[1, 2, 10, 12, 14]
[1, 2, 8, 13, 15]
[3, 4, 6, 8]
[1, 3, 7, 15, 17]
[1, 4, 8, 9, 12]
[2, 4, 6, 10, 20]
[16, 17, 18, 19, 20, 21, 22, 23, 24, 25, 26, 27, 28]


6
process id 6
stats
5, 15, 7, 100, 1000
20220818-191641
loosing coalitions taken
[1, 5, 6, 11, 23]
[2, 4, 5, 18]
[3, 4, 6, 14, 17]
[2, 3, 6, 9]
[1, 2, 7, 9, 23]
[2, 3, 5, 24]
[1, 4, 6, 26, 28]
[2, 4, 6, 15, 16]
[1, 2, 8, 12, 18]
[3, 4, 5, 11]
[1, 4, 8, 10, 13]
[1, 4, 7, 12, 15]
[1, 3, 7, 8]
[1, 3, 9, 10, 12]
[16, 17, 18, 19, 20, 21, 22, 23, 24, 25, 26, 27, 28]


6
process id 0
stats
5, 15, 7, 100, 1000
20220818-191643
loosing coalitions taken
[1, 2, 9, 12, 13]
[1, 3, 8, 12, 16]
[3, 4, 5, 15]
[2, 3, 6, 14]
[1, 2, 7, 10, 25]
[1, 5, 6, 9, 23]
[3, 4, 6, 10, 21]
[1, 4, 6, 25]
[2, 4, 5, 18, 23]
[1, 4, 7, 8]
[2, 4, 6, 11, 19]
[1, 3, 7, 9, 20]
[2, 3, 5, 20, 26]
[2, 5, 6, 8, 10]
[16, 17, 18, 19, 20, 21, 22, 23, 24, 25, 26, 27, 28]


6
process id 1
stats
5, 15, 7, 100, 1000
20220818-191643
loosing coalitions taken
[1, 3, 8, 14, 16]
[1, 3, 7, 15, 19]
[2, 3, 6, 14]
[2, 4, 5, 19]
[1, 4, 7, 8]
[3, 4, 5, 12]
[2, 4, 6, 12, 18]
[1, 5, 6, 11, 25]
[1, 4, 6, 27]
[2, 3, 5, 20]
[1, 2, 9, 12, 13]
[3, 4, 6, 8]
[1, 2, 7, 14, 20]
[1, 2, 8, 11, 17]
[16, 17, 18, 19, 20, 21, 22, 23, 24, 25, 26, 27, 28]


6
process id 5
stats
5, 15, 7, 100, 1000
20220818-191644
loosing coalitions taken
[1, 2, 7, 10, 26]
[1, 2, 9, 11, 14]
[1, 4, 7, 8]
[2, 4, 6, 11, 23]
[2, 3, 6, 14]
[3, 4, 5, 16, 24]
[1, 4, 6, 24]
[2, 4, 5, 18, 27]
[3, 4, 6, 8]
[1, 2, 8, 12, 16]
[1, 5, 6, 15, 21]
[2, 3, 5, 21]
[1, 3, 7, 11, 18]
[1, 3, 8, 9, 15]
[16, 17, 18, 19, 20, 21, 22, 23, 24, 25, 26, 27, 28]


6
process id 4
stats
5, 15, 7, 100, 1000
20220818-191644
loosing coalitions taken
[3, 5, 6, 7, 14]
[1, 5, 6, 11, 23]
[1, 2, 9, 12, 14]
[2, 4, 6, 15, 19]
[1, 2, 8, 11, 20]
[1, 4, 8, 12, 13]
[1, 3, 7, 9, 23]
[1, 2, 7, 16, 17]
[1, 3, 8, 14, 15]
[2, 4, 5, 16]
[2, 3, 6, 13]
[3, 4, 5, 13]
[3, 4, 6, 12, 21]
[1, 4, 6, 28]
[16, 17, 18, 19, 20, 21, 22, 23, 24, 25, 26, 27, 28]


6
process id 3
stats
5, 15, 7, 100, 1000
20220818-191647
loosing coalitions taken
[1, 5, 6, 11, 23]
[3, 4, 6, 10, 17]
[1, 2, 8, 9, 18]
[1, 4, 7, 8]
[2, 3, 6, 15, 22]
[2, 4, 6, 14, 21]
[1, 3, 9, 10, 11]
[2, 4, 5, 16, 26]
[3, 4, 5, 14]
[1, 4, 6, 26]
[2, 3, 5, 23, 27]
[1, 2, 7, 12, 22]
[1, 3, 8, 13, 15]
[1, 3, 7, 14, 17]
[16, 17, 18, 19, 20, 21, 22, 23, 24, 25, 26, 27, 28]


6
process id 6
stats
5, 15, 7, 100, 1000
20220818-191647
loosing coalitions taken
[1, 2, 10, 12, 14]
[1, 5, 6, 10, 26]
[2, 4, 6, 9, 25]
[1, 3, 7, 12, 20]
[1, 4, 6, 28]
[3, 4, 5, 14]
[1, 3, 8, 11, 18]
[2, 3, 6, 18, 21]
[2, 5, 6, 7, 13]
[2, 3, 5, 27, 28]
[3, 4, 6, 11, 17]
[1, 2, 7, 11, 27]
[1, 2, 8, 15, 17]
[2, 4, 5, 20]
[16, 17, 18, 19, 20, 21, 22, 23, 24, 25, 26, 27, 28]


6
process id 2
stats
5, 15, 7, 100, 1000
20220818-191647
loosing coalitions taken
[1, 3, 9, 10, 12]
[1, 2, 7, 10, 25]
[2, 3, 6, 10]
[1, 2, 8, 9, 17]
[1, 4, 6, 27, 28]
[2, 4, 5, 17]
[1, 5, 6, 13, 18]
[1, 3, 7, 13, 20]
[1, 3, 8, 11, 18]
[3, 4, 5, 16]
[2, 4, 6, 15, 20]
[2, 3, 5, 23, 27]
[1, 4, 7, 8]
[3, 4, 6, 9, 21]
[16, 17, 18, 19, 20, 21, 22, 23, 24, 25, 26, 27, 28]


6
process id 5
stats
5, 15, 7, 100, 1000
20220818-191648
loosing coalitions taken
[1, 2, 8, 11, 18]
[1, 2, 9, 12, 14]
[2, 3, 6, 9]
[3, 4, 5, 16]
[1, 3, 8, 12, 17]
[1, 5, 6, 13, 20]
[1, 4, 8, 13, 14]
[1, 2, 7, 16, 19]
[1, 4, 7, 9, 17]
[2, 3, 5, 20, 26]
[2, 4, 6, 11, 19]
[2, 4, 5, 17, 27]
[3, 4, 6, 8]
[1, 4, 6, 24]
[16, 17, 18, 19, 20, 21, 22, 23, 24, 25, 26, 27, 28]


6
process id 1
stats
5, 15, 7, 100, 1000
20220818-191648
loosing coalitions taken
[1, 4, 8, 11, 14]
[2, 3, 6, 9]
[1, 2, 7, 17, 18]
[1, 3, 7, 16, 19]
[3, 4, 5, 19, 23]
[1, 5, 6, 13, 23]
[2, 4, 5, 17]
[1, 2, 8, 13, 16]
[3, 4, 6, 8]
[1, 4, 6, 25]
[2, 3, 5, 22]
[1, 3, 8, 9, 18]
[2, 4, 6, 10, 24]
[1, 2, 9, 10, 14]
[16, 17, 18, 19, 20, 21, 22, 23, 24, 25, 26, 27, 28]


6
process id 7
stats
5, 15, 7, 100, 1000
20220818-191652
loosing coalitions taken
[1, 3, 7, 14, 22]
[1, 2, 8, 14, 18]
[1, 2, 7, 9, 28]
[1, 3, 8, 11, 19]
[3, 4, 6, 13, 21]
[2, 4, 6, 10, 24]
[1, 3, 9, 10, 12]
[1, 2, 10, 11, 13]
[2, 4, 5, 17]
[2, 3, 6, 15, 25]
[1, 4, 7, 13, 16]
[1, 5, 6, 11, 23]
[1, 4, 6, 25]
[2, 3, 7, 8, 10]
[16, 17, 18, 19, 20, 21, 22, 23, 24, 25, 26, 27, 28]


6
process id 6
stats
5, 15, 7, 100, 1000
20220818-191653
loosing coalitions taken
[1, 5, 6, 12, 24]
[2, 3, 6, 13]
[1, 3, 8, 11, 19]
[2, 4, 5, 21, 27]
[3, 4, 5, 17, 23]
[1, 2, 9, 10, 14]
[1, 2, 7, 12, 22]
[2, 3, 5, 19]
[1, 4, 7, 11, 15]
[1, 4, 8, 12, 14]
[1, 4, 6, 28]
[1, 3, 7, 14, 21]
[2, 4, 6, 9, 24]
[3, 4, 6, 11, 16]
[16, 17, 18, 19, 20, 21, 22, 23, 24, 25, 26, 27, 28]


