Results
Max overall: 15
Min avg pop: 0.62
Min pop: 0.642

5
process id 0
stats
5, 15, 7, 100, 1000
20220818-191657
loosing coalitions taken
[1, 4, 7, 8]
[2, 4, 6, 15, 20]
[2, 3, 5, 24]
[1, 2, 9, 12, 14]
[3, 4, 6, 13, 18]
[2, 3, 6, 10]
[3, 4, 5, 16]
[2, 4, 5, 17]
[1, 5, 6, 15, 19]
[1, 2, 7, 10, 26]
[1, 3, 8, 11, 18]
[1, 4, 6, 25]
[1, 3, 7, 16, 19]
[1, 2, 8, 13, 20]
[16, 17, 18, 19, 20, 21, 22, 23, 24, 25, 26, 27, 28]


6
process id 3
stats
5, 15, 7, 100, 1000
20220818-191700
loosing coalitions taken
[1, 3, 8, 10, 19]
[2, 3, 6, 10]
[1, 3, 7, 13, 22]
[1, 2, 7, 15, 21]
[3, 4, 5, 17, 24]
[2, 4, 5, 21, 28]
[1, 2, 8, 9, 18]
[2, 3, 5, 20]
[1, 4, 6, 28]
[1, 5, 6, 15, 16]
[1, 4, 8, 12, 13]
[2, 4, 6, 12, 22]
[3, 4, 6, 14, 19]
[1, 4, 7, 10, 17]
[16, 17, 18, 19, 20, 21, 22, 23, 24, 25, 26, 27, 28]


6
process id 0
stats
5, 15, 7, 100, 1000
20220818-191702
loosing coalitions taken
[1, 3, 7, 11, 23]
[2, 3, 5, 26, 28]
[2, 3, 6, 12]
[1, 2, 8, 11, 19]
[1, 4, 7, 9, 18]
[3, 4, 5, 15]
[1, 2, 7, 15, 22]
[1, 4, 6, 27]
[2, 4, 6, 15, 18]
[1, 5, 6, 12, 22]
[2, 4, 5, 20]
[1, 4, 8, 10, 13]
[3, 4, 6, 8]
[1, 3, 8, 12, 18]
[16, 17, 18, 19, 20, 21, 22, 23, 24, 25, 26, 27, 28]


5
process id 3
stats
5, 15, 7, 100, 1000
20220818-191703
loosing coalitions taken
[1, 4, 8, 11, 14]
[1, 2, 9, 11, 13]
[1, 2, 8, 10, 20]
[1, 5, 6, 15, 17]
[1, 3, 8, 15, 16]
[1, 3, 7, 13, 20]
[2, 4, 6, 12, 21]
[1, 2, 7, 16, 21]
[2, 3, 5, 24, 28]
[3, 4, 5, 13]
[2, 3, 6, 11]
[3, 4, 6, 8, 28]
[1, 4, 6, 26, 27]
[2, 4, 5, 16]
[16, 17, 18, 19, 20, 21, 22, 23, 24, 25, 26, 27, 28]


5
process id 6
stats
5, 15, 7, 100, 1000
20220818-191703
loosing coalitions taken
[1, 4, 7, 8]
[1, 2, 10, 12, 13]
[3, 4, 5, 19, 24]
[1, 5, 6, 10, 25]
[2, 4, 5, 20, 23]
[2, 3, 5, 22]
[2, 4, 6, 16, 18]
[1, 3, 7, 14, 21]
[1, 3, 8, 9, 18]
[3, 4, 6, 8]
[1, 2, 7, 9]
[2, 3, 6, 10, 27]
[1, 4, 6, 27]
[1, 2, 8, 14, 20]
[16, 17, 18, 19, 20, 21, 22, 23, 24, 25, 26, 27, 28]


6
process id 7
stats
5, 15, 7, 100, 1000
20220818-191704
loosing coalitions taken
[1, 3, 9, 10, 12]
[1, 5, 6, 11, 24]
[1, 3, 8, 11, 18]
[1, 2, 8, 14, 20]
[1, 3, 7, 13, 22]
[1, 4, 7, 8]
[3, 4, 6, 14, 20]
[2, 4, 6, 13, 22]
[2, 4, 5, 18]
[2, 3, 6, 9]
[3, 4, 5, 13]
[2, 3, 5, 23, 25]
[1, 4, 6, 26]
[1, 2, 7, 9]
[16, 17, 18, 19, 20, 21, 22, 23, 24, 25, 26, 27, 28]


6
process id 2
stats
5, 15, 7, 100, 1000
20220818-191704
loosing coalitions taken
[1, 3, 8, 10, 19]
[1, 2, 10, 11, 13]
[1, 4, 7, 14, 16]
[1, 2, 8, 14, 18]
[2, 3, 6, 15, 25]
[1, 2, 7, 17, 19]
[1, 3, 7, 12, 20]
[3, 4, 6, 14, 18]
[1, 4, 8, 9, 12]
[2, 4, 5, 16, 28]
[2, 3, 5, 22]
[1, 5, 6, 11, 20]
[2, 4, 6, 10, 24]
[1, 4, 6, 26]
[16, 17, 18, 19, 20, 21, 22, 23, 24, 25, 26, 27, 28]


6
process id 2
stats
5, 15, 7, 100, 1000
20220818-191705
loosing coalitions taken
[1, 5, 6, 14, 22]
[1, 3, 8, 11, 18]
[2, 3, 5, 23]
[3, 4, 6, 9, 21]
[2, 4, 6, 15, 19]
[2, 3, 6, 13]
[3, 4, 5, 15]
[1, 4, 8, 10, 12]
[2, 4, 5, 16]
[1, 4, 6, 28]
[2, 3, 7, 8, 10]
[1, 2, 9, 10, 14]
[1, 4, 7, 13, 14]
[1, 2, 7, 17, 18]
[16, 17, 18, 19, 20, 21, 22, 23, 24, 25, 26, 27, 28]


5
process id 2
stats
5, 15, 7, 100, 1000
20220818-191707
loosing coalitions taken
[2, 4, 6, 15, 18]
[2, 3, 6, 13]
[1, 4, 7, 9, 18]
[1, 3, 8, 9, 17]
[1, 2, 7, 10, 23]
[1, 5, 6, 10, 24]
[1, 4, 8, 10, 14]
[3, 4, 5, 15]
[2, 3, 5, 22]
[1, 3, 7, 11, 20]
[3, 4, 6, 8]
[2, 4, 5, 19]
[1, 2, 8, 12, 18]
[1, 4, 6, 26]
[16, 17, 18, 19, 20, 21, 22, 23, 24, 25, 26, 27, 28]


6
process id 2
stats
5, 15, 7, 100, 1000
20220818-191708
loosing coalitions taken
[2, 3, 6, 9]
[1, 3, 8, 10, 17]
[1, 4, 7, 8, 28]
[1, 2, 7, 15, 20]
[1, 2, 8, 13, 19]
[1, 5, 6, 12, 24]
[1, 3, 7, 11, 21]
[2, 4, 5, 18]
[1, 4, 6, 27]
[2, 3, 5, 22]
[3, 4, 5, 14]
[3, 4, 6, 11, 16]
[1, 2, 9, 11, 14]
[2, 4, 6, 10, 23]
[16, 17, 18, 19, 20, 21, 22, 23, 24, 25, 26, 27, 28]


6
process id 3
stats
5, 15, 7, 100, 1000
20220818-191708
loosing coalitions taken
[2, 4, 6, 13, 22]
[1, 3, 9, 10, 11]
[3, 5, 6, 7, 12]
[2, 3, 6, 11]
[1, 2, 7, 9]
[2, 4, 5, 21, 28]
[1, 3, 8, 12, 19]
[1, 5, 6, 15, 17]
[1, 4, 6, 28]
[1, 2, 8, 13, 18]
[2, 3, 5, 25]
[3, 4, 6, 8]
[1, 4, 8, 11, 14]
[1, 3, 7, 14, 22]
[16, 17, 18, 19, 20, 21, 22, 23, 24, 25, 26, 27, 28]


6
process id 1
stats
5, 15, 7, 100, 1000
20220818-191710
loosing coalitions taken
[2, 3, 6, 9]
[1, 4, 8, 10, 15]
[1, 3, 7, 14, 17]
[1, 4, 7, 13, 16]
[2, 4, 5, 18, 26]
[3, 4, 5, 19, 24]
[1, 5, 6, 12, 21]
[1, 2, 8, 13, 19]
[1, 2, 7, 10, 25]
[2, 4, 6, 11, 23]
[1, 4, 6, 26]
[2, 3, 5, 25]
[3, 4, 6, 8]
[1, 2, 9, 11, 12]
[16, 17, 18, 19, 20, 21, 22, 23, 24, 25, 26, 27, 28]


6
process id 2
stats
5, 15, 7, 100, 1000
20220818-191711
loosing coalitions taken
[1, 5, 6, 15, 21]
[2, 3, 5, 25]
[1, 3, 8, 13, 16]
[1, 4, 8, 10, 15]
[1, 2, 7, 11, 27]
[2, 4, 6, 11, 20]
[1, 2, 8, 12, 17]
[3, 4, 5, 13]
[1, 4, 6, 25]
[2, 3, 6, 13]
[2, 4, 5, 19, 24]
[2, 3, 7, 8, 10]
[1, 3, 7, 9, 21]
[3, 4, 6, 9, 17]
[16, 17, 18, 19, 20, 21, 22, 23, 24, 25, 26, 27, 28]


6
process id 5
stats
5, 15, 7, 100, 1000
20220818-191711
loosing coalitions taken
[2, 3, 7, 8, 10]
[2, 4, 5, 18]
[1, 2, 7, 11, 23]
[1, 2, 8, 12, 21]
[3, 4, 6, 12, 20]
[1, 4, 7, 9, 17]
[1, 3, 7, 16, 19]
[1, 4, 6, 25]
[2, 3, 5, 23]
[2, 4, 6, 10, 22]
[1, 5, 6, 13, 21]
[2, 3, 6, 14, 24]
[3, 4, 5, 15]
[1, 2, 9, 10, 14]
[16, 17, 18, 19, 20, 21, 22, 23, 24, 25, 26, 27, 28]


6
process id 0
stats
5, 15, 7, 100, 1000
20220818-191712
loosing coalitions taken
[1, 2, 9, 11, 14]
[1, 5, 6, 9, 26]
[1, 2, 7, 13, 24]
[2, 4, 5, 16]
[1, 3, 8, 13, 15]
[1, 2, 8, 12, 16]
[1, 4, 8, 10, 11]
[2, 3, 6, 10]
[3, 4, 6, 9, 19]
[1, 4, 7, 14, 16]
[3, 4, 5, 17, 26]
[2, 3, 5, 23]
[2, 4, 6, 13, 22]
[1, 3, 7, 12, 19]
[16, 17, 18, 19, 20, 21, 22, 23, 24, 25, 26, 27, 28]


6
process id 2
stats
5, 15, 7, 100, 1000
20220818-191713
loosing coalitions taken
[1, 5, 6, 12, 23]
[1, 4, 8, 12, 14]
[2, 4, 5, 17]
[2, 3, 6, 15, 24]
[1, 3, 8, 15, 16]
[1, 2, 8, 10, 20]
[1, 3, 7, 14, 22]
[1, 2, 7, 16, 18]
[1, 4, 6, 26]
[3, 4, 5, 18, 21]
[2, 4, 6, 10, 21]
[2, 3, 5, 25]
[1, 2, 9, 11, 13]
[3, 4, 6, 8]
[16, 17, 18, 19, 20, 21, 22, 23, 24, 25, 26, 27, 28]


6
process id 4
stats
5, 15, 7, 100, 1000
20220818-191713
loosing coalitions taken
[2, 4, 5, 21, 27]
[3, 4, 5, 16]
[1, 5, 6, 14, 22]
[1, 4, 8, 10, 15]
[1, 2, 8, 13, 18]
[1, 2, 9, 10, 12]
[2, 3, 7, 8, 10]
[1, 2, 7, 11, 22]
[1, 3, 7, 9, 21]
[2, 4, 6, 9, 25]
[1, 3, 8, 11, 19]
[2, 3, 6, 11, 27]
[1, 4, 6, 28]
[2, 5, 6, 7, 15]
[16, 17, 18, 19, 20, 21, 22, 23, 24, 25, 26, 27, 28]


5
process id 7
stats
5, 15, 7, 100, 1000
20220818-191713
loosing coalitions taken
[1, 2, 10, 11, 14]
[2, 3, 6, 14]
[1, 4, 7, 10, 16]
[1, 4, 8, 13, 14]
[1, 2, 8, 9, 21]
[1, 3, 8, 10, 19]
[1, 3, 7, 11, 23]
[2, 4, 5, 20]
[1, 5, 6, 9, 24]
[3, 4, 5, 16]
[2, 3, 5, 21, 27]
[1, 4, 6, 26]
[3, 4, 6, 9, 17]
[2, 5, 6, 7, 12]
[16, 17, 18, 19, 20, 21, 22, 23, 24, 25, 26, 27, 28]


6
process id 0
stats
5, 15, 7, 100, 1000
20220818-191713
loosing coalitions taken
[1, 4, 7, 14, 16]
[1, 3, 7, 10, 24]
[2, 3, 6, 14]
[1, 3, 8, 11, 19]
[1, 5, 6, 16, 17]
[1, 2, 10, 11, 13]
[1, 2, 7, 9]
[2, 4, 5, 17]
[3, 4, 5, 14]
[2, 3, 5, 23]
[1, 2, 8, 12, 20]
[1, 4, 6, 26]
[2, 4, 6, 13, 22]
[3, 4, 6, 8, 28]
[16, 17, 18, 19, 20, 21, 22, 23, 24, 25, 26, 27, 28]


6
process id 6
stats
5, 15, 7, 100, 1000
20220818-191714
loosing coalitions taken
[1, 2, 8, 15, 17]
[3, 4, 5, 16]
[1, 3, 8, 10, 18]
[1, 2, 9, 11, 13]
[1, 3, 7, 14, 20]
[1, 4, 7, 8, 23]
[1, 5, 6, 13, 21]
[1, 4, 6, 28]
[2, 3, 5, 26, 27]
[3, 4, 6, 8]
[2, 3, 6, 12]
[2, 4, 5, 15]
[2, 4, 6, 11, 19]
[1, 2, 7, 12, 25]
[16, 17, 18, 19, 20, 21, 22, 23, 24, 25, 26, 27, 28]


6
process id 3
stats
5, 15, 7, 100, 1000
20220818-191714
loosing coalitions taken
[1, 2, 10, 11, 14]
[1, 4, 7, 10, 16]
[1, 2, 8, 9, 17]
[3, 4, 5, 20, 21]
[1, 5, 6, 9, 24]
[2, 4, 5, 19]
[1, 2, 7, 13, 24]
[1, 3, 9, 10, 12]
[1, 3, 7, 15, 17]
[2, 3, 6, 12, 27]
[1, 4, 6, 26, 28]
[2, 3, 7, 8, 10]
[1, 3, 8, 11, 18]
[3, 4, 6, 8]
[16, 17, 18, 19, 20, 21, 22, 23, 24, 25, 26, 27, 28]


5
process id 0
stats
5, 15, 7, 100, 1000
20220818-191715
loosing coalitions taken
[1, 5, 6, 12, 24]
[1, 2, 7, 15, 22]
[1, 2, 8, 9, 21]
[1, 3, 9, 10, 11]
[2, 3, 6, 13]
[1, 3, 7, 14, 21]
[2, 4, 5, 19]
[1, 2, 10, 12, 14]
[2, 3, 5, 21]
[3, 4, 5, 15]
[3, 4, 6, 10, 20]
[2, 4, 6, 9, 24]
[1, 4, 6, 25]
[1, 3, 8, 13, 16]
[16, 17, 18, 19, 20, 21, 22, 23, 24, 25, 26, 27, 28]


6
process id 1
stats
5, 15, 7, 100, 1000
20220818-191716
loosing coalitions taken
[1, 2, 10, 11, 13]
[2, 4, 5, 19]
[1, 5, 6, 11, 24]
[3, 4, 6, 12, 17]
[1, 3, 7, 13, 22]
[1, 4, 7, 8]
[3, 4, 5, 14]
[2, 3, 6, 10]
[1, 4, 6, 26]
[1, 3, 8, 9, 19]
[1, 2, 7, 16, 19]
[2, 4, 6, 9, 20]
[2, 3, 5, 23]
[1, 2, 9, 12, 14]
[16, 17, 18, 19, 20, 21, 22, 23, 24, 25, 26, 27, 28]


5
process id 2
stats
5, 15, 7, 100, 1000
20220818-191717
loosing coalitions taken
[1, 5, 6, 15, 21]
[1, 2, 10, 12, 13]
[1, 2, 7, 9]
[1, 3, 8, 11, 19]
[1, 4, 7, 8]
[3, 4, 5, 13]
[1, 2, 8, 14, 18]
[2, 3, 6, 12]
[1, 3, 7, 10, 21]
[2, 3, 5, 21]
[2, 4, 5, 18]
[2, 4, 6, 15, 17]
[3, 4, 6, 10, 18]
[1, 4, 6, 28]
[16, 17, 18, 19, 20, 21, 22, 23, 24, 25, 26, 27, 28]


5
process id 0
stats
5, 15, 7, 100, 1000
20220818-191717
loosing coalitions taken
[2, 3, 5, 24, 26]
[2, 3, 6, 13, 25]
[3, 4, 6, 10, 19]
[1, 4, 8, 10, 14]
[1, 2, 7, 15, 18]
[1, 2, 8, 11, 16]
[2, 5, 6, 7, 16]
[2, 4, 5, 21, 23]
[1, 3, 7, 16, 19]
[2, 3, 7, 8, 9]
[1, 4, 6, 28]
[3, 4, 5, 15]
[1, 3, 8, 12, 17]
[1, 2, 9, 12, 14]
[16, 17, 18, 19, 20, 21, 22, 23, 24, 25, 26, 27, 28]


5
process id 1
stats
5, 15, 7, 100, 1000
20220818-191717
loosing coalitions taken
[1, 3, 8, 12, 18]
[1, 4, 7, 11, 16]
[1, 2, 10, 11, 13]
[1, 2, 7, 9]
[2, 4, 5, 16]
[2, 3, 6, 12]
[2, 3, 5, 21]
[3, 4, 6, 9, 21]
[1, 3, 7, 13, 19]
[1, 5, 6, 10, 22]
[1, 4, 6, 25]
[2, 4, 6, 13, 20]
[3, 4, 5, 19, 20]
[1, 4, 8, 9, 10]
[16, 17, 18, 19, 20, 21, 22, 23, 24, 25, 26, 27, 28]


5
process id 3
stats
5, 15, 7, 100, 1000
20220818-191718
loosing coalitions taken
[1, 3, 8, 12, 18]
[1, 4, 7, 8]
[2, 4, 5, 19]
[3, 4, 6, 9, 21]
[1, 5, 6, 11, 20]
[2, 3, 6, 11]
[2, 3, 5, 24]
[1, 2, 7, 10, 25]
[2, 4, 6, 15, 20]
[1, 4, 6, 27]
[1, 3, 7, 16, 19]
[3, 4, 5, 13]
[1, 2, 9, 12, 13]
[1, 2, 8, 14, 19]
[16, 17, 18, 19, 20, 21, 22, 23, 24, 25, 26, 27, 28]


5
process id 5
stats
5, 15, 7, 100, 1000
20220818-191719
loosing coalitions taken
[1, 3, 7, 10, 23]
[2, 3, 7, 8, 9]
[2, 4, 5, 19]
[1, 2, 8, 15, 16]
[1, 2, 9, 10, 11]
[2, 3, 6, 11]
[1, 5, 6, 10, 24]
[3, 4, 5, 15]
[2, 4, 6, 9, 25]
[1, 3, 8, 12, 17]
[2, 3, 5, 23]
[3, 4, 6, 8]
[1, 4, 7, 11, 15]
[1, 4, 6, 26]
[16, 17, 18, 19, 20, 21, 22, 23, 24, 25, 26, 27, 28]


6
process id 6
stats
5, 15, 7, 100, 1000
20220818-191719
loosing coalitions taken
[1, 3, 9, 10, 11]
[1, 4, 7, 8]
[1, 2, 10, 12, 14]
[2, 3, 6, 14, 25]
[2, 3, 5, 24]
[2, 4, 6, 9, 22]
[3, 4, 6, 12, 19]
[2, 4, 5, 16, 26]
[1, 2, 7, 16, 19]
[3, 4, 5, 17, 22]
[1, 5, 6, 11, 23]
[1, 3, 8, 13, 15]
[1, 4, 6, 26]
[1, 2, 8, 9, 17]
[16, 17, 18, 19, 20, 21, 22, 23, 24, 25, 26, 27, 28]


6
process id 7
stats
5, 15, 7, 100, 1000
20220818-191719
loosing coalitions taken
[1, 5, 6, 16, 19]
[1, 4, 7, 8]
[2, 3, 6, 10, 28]
[1, 2, 9, 10, 14]
[2, 4, 5, 20, 28]
[2, 3, 5, 25]
[3, 4, 6, 13, 17]
[3, 4, 5, 18, 26]
[1, 2, 8, 11, 20]
[1, 4, 6, 27]
[1, 3, 7, 12, 22]
[1, 3, 8, 10, 17]
[1, 2, 7, 15, 21]
[2, 4, 6, 14, 21]
[16, 17, 18, 19, 20, 21, 22, 23, 24, 25, 26, 27, 28]


6
process id 2
stats
5, 15, 7, 100, 1000
20220818-191721
loosing coalitions taken
[1, 3, 8, 11, 18]
[1, 4, 7, 8]
[1, 2, 9, 11, 14]
[2, 4, 5, 20, 27]
[2, 3, 5, 25]
[2, 4, 6, 11, 22]
[3, 4, 5, 16]
[2, 3, 6, 12]
[1, 2, 7, 10, 26]
[1, 4, 6, 27, 28]
[1, 3, 7, 15, 16]
[3, 4, 6, 8]
[1, 5, 6, 14, 19]
[1, 2, 8, 13, 20]
[16, 17, 18, 19, 20, 21, 22, 23, 24, 25, 26, 27, 28]


6
process id 6
stats
5, 15, 7, 100, 1000
20220818-191721
loosing coalitions taken
[2, 3, 6, 12]
[1, 2, 7, 16, 17]
[2, 4, 5, 18]
[1, 2, 8, 10, 21]
[1, 5, 6, 15, 17]
[1, 3, 7, 14, 18]
[1, 2, 9, 11, 14]
[2, 4, 6, 13, 22]
[3, 4, 6, 14, 19]
[2, 3, 5, 20]
[1, 4, 8, 11, 12]
[1, 4, 7, 13, 15]
[3, 4, 5, 17, 21]
[1, 4, 6, 26]
[16, 17, 18, 19, 20, 21, 22, 23, 24, 25, 26, 27, 28]


5
process id 7
stats
5, 15, 7, 100, 1000
20220818-191722
loosing coalitions taken
[2, 4, 5, 19]
[1, 3, 7, 14, 21]
[2, 3, 6, 14]
[1, 4, 7, 10, 17]
[1, 2, 7, 11, 25]
[1, 2, 8, 13, 20]
[1, 2, 9, 10, 12]
[2, 3, 5, 22]
[2, 4, 6, 12, 17]
[1, 5, 6, 9, 21]
[1, 4, 8, 12, 14]
[1, 3, 8, 11, 16]
[3, 4, 5, 14]
[3, 4, 6, 8, 26]
[16, 17, 18, 19, 20, 21, 22, 23, 24, 25, 26, 27, 28]


6
process id 5
stats
5, 15, 7, 100, 1000
20220818-191723
loosing coalitions taken
[1, 5, 6, 10, 25]
[2, 4, 6, 16, 19]
[1, 2, 10, 11, 14]
[2, 3, 6, 9]
[1, 2, 8, 12, 19]
[2, 4, 5, 18]
[1, 2, 7, 13, 22]
[3, 4, 5, 17, 22]
[3, 4, 6, 8]
[2, 3, 5, 23, 25]
[1, 3, 8, 13, 14]
[1, 4, 6, 27]
[1, 4, 7, 8]
[1, 3, 7, 11, 17]
[16, 17, 18, 19, 20, 21, 22, 23, 24, 25, 26, 27, 28]


6
process id 3
stats
5, 15, 7, 100, 1000
20220818-191724
loosing coalitions taken
[1, 2, 8, 14, 20]
[3, 4, 6, 9, 22]
[1, 2, 7, 9, 28]
[1, 3, 8, 10, 18]
[1, 4, 7, 8]
[3, 4, 5, 20, 24]
[1, 5, 6, 12, 24]
[2, 3, 5, 21]
[1, 4, 6, 28]
[2, 3, 6, 13]
[2, 4, 5, 17, 28]
[1, 3, 7, 13, 17]
[2, 4, 6, 10, 20]
[1, 2, 10, 12, 13]
[16, 17, 18, 19, 20, 21, 22, 23, 24, 25, 26, 27, 28]


6
process id 1
stats
5, 15, 7, 100, 1000
20220818-191724
loosing coalitions taken
[1, 4, 7, 8]
[2, 3, 6, 13]
[1, 3, 9, 10, 11]
[1, 5, 6, 11, 23]
[3, 4, 5, 19, 22]
[1, 2, 7, 9]
[2, 3, 5, 25]
[1, 4, 6, 28]
[3, 4, 6, 8]
[2, 4, 5, 16]
[1, 2, 10, 12, 13]
[2, 4, 6, 14, 19]
[1, 2, 8, 11, 21]
[1, 3, 8, 12, 18]
[16, 17, 18, 19, 20, 21, 22, 23, 24, 25, 26, 27, 28]


5
process id 0
stats
5, 15, 7, 100, 1000
20220818-191724
loosing coalitions taken
[1, 2, 8, 9, 20]
[1, 2, 10, 11, 14]
[2, 3, 6, 12]
[1, 3, 8, 11, 16]
[1, 2, 7, 13, 22]
[3, 4, 5, 16]
[1, 3, 7, 14, 18]
[2, 3, 5, 23]
[2, 4, 5, 19]
[3, 4, 6, 8]
[1, 5, 6, 16, 19]
[1, 4, 7, 8]
[1, 4, 6, 25]
[2, 4, 6, 10, 20]
[16, 17, 18, 19, 20, 21, 22, 23, 24, 25, 26, 27, 28]


6
process id 4
stats
5, 15, 7, 100, 1000
20220818-191725
loosing coalitions taken
[1, 3, 8, 10, 18]
[1, 2, 7, 11, 22]
[3, 4, 5, 16, 26]
[2, 4, 6, 9, 24]
[2, 3, 5, 24]
[1, 4, 7, 14, 15]
[1, 2, 8, 13, 20]
[1, 5, 6, 9, 26]
[1, 4, 6, 28]
[2, 3, 6, 13]
[2, 4, 5, 20]
[1, 3, 7, 9, 24]
[3, 4, 6, 10, 17]
[1, 2, 10, 12, 14]
[16, 17, 18, 19, 20, 21, 22, 23, 24, 25, 26, 27, 28]


6
process id 7
stats
5, 15, 7, 100, 1000
20220818-191726
loosing coalitions taken
[1, 2, 9, 12, 13]
[3, 4, 6, 13, 21]
[2, 4, 5, 18]
[1, 2, 8, 11, 21]
[1, 3, 8, 15, 16]
[1, 4, 6, 27]
[1, 3, 7, 10, 21]
[2, 3, 5, 22]
[1, 5, 6, 10, 25]
[1, 4, 7, 8, 25]
[2, 3, 6, 9]
[1, 2, 7, 15, 18]
[3, 4, 5, 15]
[2, 4, 6, 11, 20]
[16, 17, 18, 19, 20, 21, 22, 23, 24, 25, 26, 27, 28]


5
process id 5
stats
5, 15, 7, 100, 1000
20220818-191726
loosing coalitions taken
[2, 4, 5, 20]
[1, 5, 6, 11, 23]
[2, 3, 6, 11, 26]
[1, 2, 7, 9]
[1, 3, 8, 13, 16]
[1, 4, 6, 28]
[1, 4, 7, 8]
[3, 4, 5, 13]
[1, 2, 8, 14, 18]
[2, 4, 6, 14, 22]
[2, 3, 5, 25, 28]
[3, 4, 6, 8]
[1, 3, 7, 11, 21]
[1, 2, 10, 11, 13]
[16, 17, 18, 19, 20, 21, 22, 23, 24, 25, 26, 27, 28]


6
process id 1
stats
5, 15, 7, 100, 1000
20220818-191728
loosing coalitions taken
[3, 4, 6, 13, 17]
[2, 3, 6, 11]
[1, 3, 8, 10, 16]
[1, 5, 6, 15, 18]
[3, 4, 5, 15]
[2, 3, 5, 20]
[1, 4, 6, 26]
[2, 4, 5, 16]
[1, 2, 7, 9, 23]
[1, 4, 7, 8, 22]
[1, 3, 7, 11, 19]
[2, 4, 6, 9, 21]
[1, 2, 8, 14, 18]
[1, 2, 10, 12, 13]
[16, 17, 18, 19, 20, 21, 22, 23, 24, 25, 26, 27, 28]


6
process id 6
stats
5, 15, 7, 100, 1000
20220818-191729
loosing coalitions taken
[1, 5, 6, 10, 26]
[1, 4, 7, 13, 16]
[2, 4, 5, 18]
[2, 3, 6, 15, 23]
[1, 3, 8, 10, 19]
[1, 4, 6, 27]
[3, 4, 6, 12, 20]
[1, 2, 8, 13, 17]
[1, 3, 7, 11, 23]
[3, 4, 5, 16]
[2, 3, 5, 21, 28]
[1, 4, 8, 12, 14]
[1, 2, 7, 14, 19]
[2, 4, 6, 16, 19]
[16, 17, 18, 19, 20, 21, 22, 23, 24, 25, 26, 27, 28]


6
process id 2
stats
5, 15, 7, 100, 1000
20220818-191729
loosing coalitions taken
[1, 4, 8, 10, 11]
[1, 2, 7, 10, 26]
[1, 3, 8, 9, 19]
[1, 4, 7, 9, 16]
[1, 2, 9, 11, 14]
[1, 2, 8, 13, 20]
[2, 4, 5, 20, 28]
[3, 4, 5, 21, 22]
[2, 3, 5, 23]
[1, 5, 6, 13, 22]
[1, 4, 6, 26, 28]
[2, 3, 6, 10]
[1, 3, 7, 14, 21]
[3, 4, 6, 9, 18]
[16, 17, 18, 19, 20, 21, 22, 23, 24, 25, 26, 27, 28]


5
process id 4
stats
5, 15, 7, 100, 1000
20220818-191730
loosing coalitions taken
[2, 4, 5, 18]
[1, 2, 8, 11, 20]
[1, 3, 7, 9, 23]
[1, 2, 10, 12, 14]
[3, 4, 6, 9, 22]
[2, 3, 6, 10]
[1, 2, 7, 15, 22]
[1, 3, 8, 12, 19]
[3, 4, 5, 14]
[1, 4, 7, 8, 25]
[2, 3, 5, 24]
[1, 5, 6, 9, 26]
[2, 4, 6, 15, 19]
[1, 4, 6, 27]
[16, 17, 18, 19, 20, 21, 22, 23, 24, 25, 26, 27, 28]


6
process id 3
stats
5, 15, 7, 100, 1000
20220818-191731
loosing coalitions taken
[1, 3, 7, 13, 21]
[2, 3, 6, 13]
[1, 3, 8, 10, 17]
[1, 2, 7, 9]
[3, 4, 5, 18, 23]
[2, 4, 5, 20]
[1, 4, 6, 26]
[1, 5, 6, 9, 24]
[3, 4, 6, 8]
[1, 2, 8, 11, 20]
[2, 4, 6, 11, 22]
[1, 4, 7, 8]
[2, 3, 5, 25, 28]
[1, 2, 10, 12, 14]
[16, 17, 18, 19, 20, 21, 22, 23, 24, 25, 26, 27, 28]


5
process id 5
stats
5, 15, 7, 100, 1000
20220818-191731
loosing coalitions taken
[1, 2, 7, 10, 25]
[1, 2, 8, 13, 17]
[1, 5, 6, 9, 23]
[3, 4, 5, 18, 22]
[1, 3, 7, 9, 24]
[1, 4, 7, 8]
[1, 2, 9, 11, 14]
[2, 3, 5, 25]
[2, 3, 6, 18, 20]
[3, 4, 6, 15, 17]
[1, 4, 6, 27]
[2, 4, 6, 14, 21]
[2, 4, 5, 17]
[1, 3, 8, 11, 18]
[16, 17, 18, 19, 20, 21, 22, 23, 24, 25, 26, 27, 28]


5
process id 6
stats
5, 15, 7, 100, 1000
20220818-191732
loosing coalitions taken
[1, 2, 10, 11, 14]
[2, 4, 5, 20]
[1, 2, 8, 13, 18]
[1, 3, 8, 10, 17]
[1, 3, 7, 9, 22]
[1, 2, 7, 12, 24]
[1, 4, 6, 28]
[1, 4, 7, 8]
[1, 5, 6, 11, 20]
[2, 4, 6, 10, 19]
[3, 4, 5, 14]
[2, 3, 5, 24]
[2, 3, 6, 14]
[3, 4, 6, 8]
[16, 17, 18, 19, 20, 21, 22, 23, 24, 25, 26, 27, 28]


5
process id 6
stats
5, 15, 7, 100, 1000
20220818-191733
loosing coalitions taken
[1, 2, 9, 12, 13]
[1, 2, 7, 14, 24]
[1, 3, 7, 16, 18]
[1, 3, 8, 10, 19]
[2, 3, 6, 14]
[2, 4, 5, 19]
[3, 4, 5, 14]
[2, 3, 5, 23]
[2, 4, 6, 12, 18]
[1, 4, 7, 8]
[1, 2, 8, 15, 17]
[3, 4, 6, 8]
[1, 4, 6, 28]
[1, 5, 6, 15, 16]
[16, 17, 18, 19, 20, 21, 22, 23, 24, 25, 26, 27, 28]


6
process id 3
stats
5, 15, 7, 100, 1000
20220818-191733
loosing coalitions taken
[1, 2, 7, 11, 25]
[2, 3, 5, 26, 28]
[1, 2, 9, 12, 14]
[1, 5, 6, 11, 24]
[2, 3, 6, 13]
[2, 4, 5, 19]
[1, 4, 7, 10, 17]
[1, 2, 8, 10, 18]
[3, 4, 5, 14]
[1, 3, 7, 13, 19]
[1, 3, 8, 9, 15]
[3, 4, 6, 8]
[1, 4, 6, 27]
[2, 4, 6, 11, 18]
[16, 17, 18, 19, 20, 21, 22, 23, 24, 25, 26, 27, 28]


6
process id 4
stats
5, 15, 7, 100, 1000
20220818-191735
loosing coalitions taken
[1, 3, 8, 12, 19]
[1, 2, 7, 12, 25]
[1, 2, 8, 13, 17]
[1, 5, 6, 14, 22]
[1, 4, 7, 8]
[3, 4, 5, 18, 24]
[2, 3, 6, 9]
[2, 3, 5, 23]
[3, 4, 6, 8]
[2, 4, 5, 17]
[1, 4, 6, 28]
[2, 4, 6, 11, 23]
[1, 2, 9, 10, 14]
[1, 3, 7, 11, 20]
[16, 17, 18, 19, 20, 21, 22, 23, 24, 25, 26, 27, 28]


5
process id 0
stats
5, 15, 7, 100, 1000
20220818-191736
loosing coalitions taken
[2, 3, 5, 25]
[1, 5, 6, 16, 18]
[2, 4, 6, 11, 24]
[1, 2, 8, 9, 18]
[1, 3, 7, 14, 21]
[1, 2, 10, 11, 13]
[1, 2, 7, 16, 17]
[1, 4, 6, 28]
[1, 4, 7, 10, 15]
[2, 3, 6, 14]
[2, 4, 5, 18]
[3, 4, 5, 13]
[3, 4, 6, 9, 21]
[1, 3, 8, 11, 19]
[16, 17, 18, 19, 20, 21, 22, 23, 24, 25, 26, 27, 28]


6
process id 7
stats
5, 15, 7, 100, 1000
20220818-191738
loosing coalitions taken
[1, 2, 9, 12, 14]
[1, 4, 7, 8, 25]
[2, 3, 6, 10]
[1, 3, 7, 12, 22]
[2, 4, 5, 16]
[1, 4, 6, 28]
[2, 4, 6, 14, 20]
[2, 3, 5, 22]
[1, 3, 8, 15, 16]
[1, 2, 7, 15, 20]
[3, 4, 6, 8]
[3, 4, 5, 19, 26]
[1, 5, 6, 15, 17]
[1, 3, 9, 10, 11]
[16, 17, 18, 19, 20, 21, 22, 23, 24, 25, 26, 27, 28]


6
process id 0
stats
5, 15, 7, 100, 1000
20220818-191739
loosing coalitions taken
[2, 4, 5, 20]
[1, 2, 8, 13, 18]
[1, 4, 7, 8]
[3, 4, 6, 13, 19]
[1, 2, 9, 12, 14]
[1, 3, 7, 12, 21]
[2, 3, 5, 21]
[1, 4, 6, 25]
[1, 2, 7, 17, 19]
[2, 3, 6, 12]
[1, 5, 6, 10, 26]
[3, 4, 5, 17, 25]
[2, 4, 6, 15, 17]
[1, 3, 8, 11, 19]
[16, 17, 18, 19, 20, 21, 22, 23, 24, 25, 26, 27, 28]


6
process id 5
stats
5, 15, 7, 100, 1000
20220818-191740
loosing coalitions taken
[1, 2, 7, 17, 19]
[1, 3, 8, 13, 16]
[2, 3, 6, 14]
[1, 2, 8, 10, 21]
[3, 4, 5, 16]
[1, 2, 9, 11, 13]
[3, 4, 6, 12, 21]
[1, 4, 6, 28]
[2, 3, 5, 24]
[1, 5, 6, 9, 25]
[2, 4, 5, 17]
[2, 4, 6, 11, 19]
[1, 3, 7, 15, 18]
[1, 4, 7, 8]
[16, 17, 18, 19, 20, 21, 22, 23, 24, 25, 26, 27, 28]


5
process id 6
stats
5, 15, 7, 100, 1000
20220818-191740
loosing coalitions taken
[1, 3, 8, 11, 19]
[1, 3, 7, 13, 21]
[2, 3, 6, 15, 25]
[1, 2, 8, 14, 17]
[3, 4, 6, 14, 20]
[1, 2, 9, 12, 13]
[1, 5, 6, 11, 25]
[2, 4, 5, 19]
[1, 4, 6, 27]
[1, 4, 7, 8, 25]
[2, 3, 5, 24]
[3, 4, 5, 16]
[2, 4, 6, 11, 17]
[1, 2, 7, 10, 26]
[16, 17, 18, 19, 20, 21, 22, 23, 24, 25, 26, 27, 28]


6
process id 4
stats
5, 15, 7, 100, 1000
20220818-191741
loosing coalitions taken
[2, 3, 6, 11]
[1, 4, 7, 9, 19]
[1, 2, 9, 10, 14]
[1, 2, 7, 15, 22]
[3, 4, 5, 16]
[1, 3, 8, 9, 20]
[1, 3, 7, 10, 23]
[1, 5, 6, 14, 20]
[1, 2, 8, 12, 17]
[1, 4, 8, 11, 13]
[2, 4, 5, 19]
[1, 4, 6, 27, 28]
[2, 3, 5, 25]
[3, 4, 6, 8, 26]
[16, 17, 18, 19, 20, 21, 22, 23, 24, 25, 26, 27, 28]


6
process id 3
stats
5, 15, 7, 100, 1000
20220818-191742
loosing coalitions taken
[2, 4, 5, 19]
[1, 3, 7, 10, 22]
[1, 2, 10, 12, 13]
[1, 3, 8, 9, 16]
[1, 2, 7, 9, 26]
[2, 3, 6, 12]
[1, 2, 8, 11, 21]
[3, 4, 5, 15]
[3, 4, 6, 10, 17]
[2, 3, 5, 22, 26]
[1, 5, 6, 12, 23]
[1, 4, 6, 25]
[1, 4, 7, 8]
[2, 4, 6, 11, 23]
[16, 17, 18, 19, 20, 21, 22, 23, 24, 25, 26, 27, 28]


6
process id 7
stats
5, 15, 7, 100, 1000
20220818-191743
loosing coalitions taken
[2, 4, 5, 18]
[2, 3, 6, 15, 27]
[1, 2, 10, 12, 14]
[1, 3, 9, 10, 11]
[1, 2, 7, 9, 23]
[1, 3, 7, 14, 20]
[1, 2, 8, 13, 19]
[2, 3, 5, 23]
[1, 5, 6, 12, 24]
[3, 4, 5, 16]
[1, 4, 6, 26]
[2, 4, 6, 14, 19]
[3, 4, 6, 13, 17]
[1, 4, 8, 10, 15]
[16, 17, 18, 19, 20, 21, 22, 23, 24, 25, 26, 27, 28]


5
process id 2
stats
5, 15, 7, 100, 1000
20220818-191743
loosing coalitions taken
[1, 2, 7, 12, 23]
[1, 4, 7, 8]
[3, 4, 6, 13, 17]
[2, 4, 6, 10, 22]
[1, 2, 9, 11, 14]
[1, 3, 9, 10, 12]
[2, 3, 6, 12]
[1, 4, 6, 25]
[2, 3, 5, 22]
[3, 4, 5, 15, 27]
[2, 4, 5, 18]
[1, 5, 6, 9, 23]
[1, 2, 8, 13, 19]
[3, 5, 6, 7, 11]
[16, 17, 18, 19, 20, 21, 22, 23, 24, 25, 26, 27, 28]


6
process id 0
stats
5, 15, 7, 100, 1000
20220818-191744
loosing coalitions taken
[2, 3, 6, 11]
[1, 3, 7, 15, 20]
[2, 4, 5, 20]
[1, 2, 7, 14, 23]
[1, 5, 6, 10, 22]
[1, 4, 7, 8, 24]
[1, 2, 10, 12, 13]
[1, 4, 6, 28]
[3, 4, 5, 16]
[2, 3, 5, 24, 27]
[3, 4, 6, 13, 17]
[2, 4, 6, 9, 25]
[1, 3, 8, 11, 16]
[1, 2, 8, 9, 17]
[16, 17, 18, 19, 20, 21, 22, 23, 24, 25, 26, 27, 28]


5
process id 1
stats
5, 15, 7, 100, 1000
20220818-191744
loosing coalitions taken
[2, 3, 6, 13]
[1, 2, 9, 11, 12]
[1, 3, 8, 9, 17]
[1, 2, 8, 10, 19]
[1, 2, 7, 16, 21]
[1, 3, 7, 10, 23]
[3, 4, 5, 16]
[2, 3, 5, 23]
[2, 4, 6, 9, 21]
[1, 4, 7, 8]
[2, 4, 5, 20]
[1, 5, 6, 15, 21]
[3, 4, 6, 8]
[1, 4, 6, 26]
[16, 17, 18, 19, 20, 21, 22, 23, 24, 25, 26, 27, 28]


5
process id 7
stats
5, 15, 7, 100, 1000
20220818-191745
loosing coalitions taken
[1, 4, 7, 8]
[1, 2, 9, 10, 14]
[2, 3, 6, 11]
[1, 5, 6, 9, 22]
[2, 4, 6, 15, 17]
[3, 4, 5, 16, 25]
[2, 3, 5, 22]
[1, 3, 8, 9, 15]
[2, 4, 5, 19]
[1, 3, 7, 10, 17]
[3, 4, 6, 10, 18]
[1, 4, 6, 27]
[1, 2, 8, 11, 19]
[1, 2, 7, 12, 26]
[16, 17, 18, 19, 20, 21, 22, 23, 24, 25, 26, 27, 28]


6
process id 4
stats
5, 15, 7, 100, 1000
20220818-191746
loosing coalitions taken
[1, 2, 9, 10, 13]
[1, 4, 7, 8]
[1, 5, 6, 16, 19]
[2, 3, 6, 12, 27]
[1, 4, 6, 28]
[2, 3, 5, 22]
[2, 4, 6, 13, 18]
[2, 4, 5, 17]
[1, 2, 8, 11, 20]
[3, 4, 5, 15, 27]
[3, 4, 6, 8]
[1, 3, 7, 15, 20]
[1, 2, 7, 12, 25]
[1, 3, 8, 12, 19]
[16, 17, 18, 19, 20, 21, 22, 23, 24, 25, 26, 27, 28]


5
process id 5
stats
5, 15, 7, 100, 1000
20220818-191746
loosing coalitions taken
[2, 3, 6, 12, 27]
[1, 2, 8, 13, 20]
[1, 3, 8, 10, 18]
[3, 4, 5, 16]
[2, 4, 6, 10, 22]
[1, 4, 8, 9, 15]
[1, 2, 7, 17, 18]
[1, 2, 9, 10, 14]
[2, 3, 5, 21]
[1, 4, 6, 25]
[1, 3, 7, 9, 22]
[3, 4, 6, 8]
[2, 4, 5, 19]
[1, 5, 6, 12, 21]
[16, 17, 18, 19, 20, 21, 22, 23, 24, 25, 26, 27, 28]


6
process id 5
stats
5, 15, 7, 100, 1000
20220818-191748
loosing coalitions taken
[1, 2, 7, 16, 20]
[2, 3, 6, 13]
[1, 3, 8, 11, 19]
[1, 4, 7, 8]
[1, 2, 10, 12, 14]
[1, 4, 6, 26]
[2, 4, 5, 20]
[2, 3, 5, 24]
[1, 5, 6, 12, 20]
[3, 4, 5, 14]
[2, 4, 6, 15, 16]
[1, 2, 8, 9, 18]
[3, 4, 6, 10, 17]
[1, 3, 7, 10, 21]
[16, 17, 18, 19, 20, 21, 22, 23, 24, 25, 26, 27, 28]


5
process id 3
stats
5, 15, 7, 100, 1000
20220818-191748
loosing coalitions taken
[3, 4, 5, 21, 23]
[2, 4, 6, 9, 24]
[1, 3, 8, 10, 17]
[1, 5, 6, 9, 25]
[2, 4, 5, 20]
[1, 3, 7, 15, 21]
[1, 2, 9, 12, 14]
[1, 2, 7, 11, 27]
[1, 2, 8, 13, 18]
[1, 4, 7, 8]
[2, 3, 6, 11]
[2, 3, 5, 24]
[3, 4, 6, 10, 19]
[1, 4, 6, 27]
[16, 17, 18, 19, 20, 21, 22, 23, 24, 25, 26, 27, 28]


6
process id 6
stats
5, 15, 7, 100, 1000
20220818-191748
loosing coalitions taken
[1, 4, 7, 10, 17]
[2, 3, 6, 10]
[2, 4, 5, 19]
[1, 3, 7, 14, 19]
[1, 2, 7, 12, 23]
[1, 2, 8, 14, 18]
[2, 3, 5, 25, 28]
[1, 3, 8, 10, 16]
[3, 4, 6, 13, 20]
[2, 5, 6, 8, 9]
[1, 5, 6, 13, 17]
[3, 4, 5, 16]
[1, 4, 6, 25]
[2, 4, 6, 12, 18]
[16, 17, 18, 19, 20, 21, 22, 23, 24, 25, 26, 27, 28]


6
process id 4
stats
5, 15, 7, 100, 1000
20220818-191749
loosing coalitions taken
[3, 4, 6, 13, 20]
[1, 4, 8, 12, 13]
[1, 2, 9, 11, 13]
[1, 2, 8, 10, 19]
[1, 3, 8, 9, 20]
[1, 2, 7, 16, 20]
[2, 3, 6, 15, 27]
[3, 4, 5, 15]
[1, 5, 6, 10, 26]
[1, 3, 7, 14, 17]
[2, 4, 5, 17]
[1, 4, 6, 28]
[2, 4, 6, 14, 19]
[2, 3, 5, 23, 24]
[16, 17, 18, 19, 20, 21, 22, 23, 24, 25, 26, 27, 28]


6
process id 0
stats
5, 15, 7, 100, 1000
20220818-191751
loosing coalitions taken
[1, 2, 10, 12, 13]
[2, 4, 5, 18]
[1, 2, 7, 11, 23]
[1, 3, 8, 12, 19]
[1, 3, 7, 14, 22]
[1, 4, 7, 8]
[1, 5, 6, 9, 24]
[1, 4, 6, 28]
[2, 3, 6, 13]
[3, 4, 5, 14]
[1, 2, 8, 14, 20]
[2, 3, 5, 20]
[2, 4, 6, 11, 22]
[3, 4, 6, 8]
[16, 17, 18, 19, 20, 21, 22, 23, 24, 25, 26, 27, 28]


6
process id 2
stats
5, 15, 7, 100, 1000
20220818-191751
loosing coalitions taken
[3, 4, 5, 16]
[1, 2, 10, 12, 13]
[2, 3, 6, 13]
[1, 2, 7, 16, 17]
[1, 2, 8, 11, 18]
[1, 3, 7, 15, 21]
[1, 5, 6, 11, 25]
[1, 4, 7, 8, 24]
[2, 3, 5, 25]
[2, 4, 6, 14, 17]
[2, 4, 5, 19]
[1, 3, 8, 14, 16]
[1, 4, 6, 28]
[3, 4, 6, 8]
[16, 17, 18, 19, 20, 21, 22, 23, 24, 25, 26, 27, 28]


5
process id 7
stats
5, 15, 7, 100, 1000
20220818-191751
loosing coalitions taken
[1, 3, 8, 12, 17]
[1, 2, 7, 9]
[2, 4, 6, 12, 22]
[2, 3, 6, 13]
[1, 4, 6, 27]
[1, 4, 7, 14, 16]
[2, 4, 5, 17]
[1, 2, 8, 14, 18]
[1, 3, 7, 13, 21]
[2, 3, 5, 23]
[3, 4, 5, 15]
[1, 2, 10, 11, 12]
[1, 4, 8, 11, 13]
[1, 5, 6, 14, 22]
[16, 17, 18, 19, 20, 21, 22, 23, 24, 25, 26, 27, 28]


5
process id 6
stats
5, 15, 7, 100, 1000
20220818-191751
loosing coalitions taken
[2, 4, 5, 17]
[1, 2, 7, 13, 25]
[1, 2, 9, 11, 14]
[1, 5, 6, 10, 22]
[2, 3, 6, 9]
[1, 2, 8, 10, 19]
[1, 4, 7, 11, 16]
[1, 3, 7, 14, 21]
[3, 4, 5, 19, 25]
[1, 4, 6, 27]
[3, 4, 6, 8]
[2, 3, 5, 20]
[2, 4, 6, 14, 20]
[1, 3, 9, 10, 12]
[16, 17, 18, 19, 20, 21, 22, 23, 24, 25, 26, 27, 28]


6
process id 7
stats
5, 15, 7, 100, 1000
20220818-191753
loosing coalitions taken
[1, 2, 7, 9]
[3, 4, 5, 16]
[1, 5, 6, 13, 21]
[1, 3, 8, 10, 17]
[3, 4, 6, 8]
[1, 4, 8, 12, 14]
[1, 4, 6, 26]
[2, 3, 6, 12]
[2, 3, 5, 22, 26]
[2, 4, 6, 16, 18]
[2, 4, 5, 20]
[1, 2, 8, 11, 21]
[1, 3, 7, 14, 22]
[1, 4, 7, 13, 15]
[16, 17, 18, 19, 20, 21, 22, 23, 24, 25, 26, 27, 28]


6
process id 1
stats
5, 15, 7, 100, 1000
20220818-191754
loosing coalitions taken
[2, 4, 5, 20, 28]
[2, 4, 6, 11, 22]
[1, 2, 9, 10, 14]
[2, 3, 6, 15, 24]
[2, 3, 5, 22]
[1, 5, 6, 10, 26]
[1, 3, 7, 11, 17]
[3, 4, 6, 14, 19]
[1, 4, 6, 27]
[1, 3, 8, 9, 16]
[3, 4, 5, 16]
[1, 4, 7, 9, 15]
[1, 2, 7, 16, 19]
[1, 2, 8, 12, 17]
[16, 17, 18, 19, 20, 21, 22, 23, 24, 25, 26, 27, 28]


6
process id 3
stats
5, 15, 7, 100, 1000
20220818-191755
loosing coalitions taken
[1, 3, 7, 16, 17]
[1, 2, 10, 11, 13]
[1, 3, 8, 12, 19]
[1, 2, 7, 15, 22]
[3, 4, 6, 13, 17]
[2, 4, 6, 15, 18]
[1, 2, 8, 14, 18]
[1, 4, 7, 8, 26]
[1, 5, 6, 9, 21]
[2, 3, 5, 23]
[2, 4, 5, 17]
[2, 3, 6, 14]
[1, 4, 6, 27]
[3, 4, 5, 18, 24]
[16, 17, 18, 19, 20, 21, 22, 23, 24, 25, 26, 27, 28]


6
process id 4
stats
5, 15, 7, 100, 1000
20220818-191755
loosing coalitions taken
[1, 3, 7, 13, 21]
[2, 4, 6, 11, 24]
[1, 3, 8, 12, 17]
[1, 2, 9, 12, 13]
[1, 2, 8, 10, 18]
[1, 2, 7, 11, 26]
[2, 4, 5, 19]
[2, 3, 6, 9]
[1, 5, 6, 11, 23]
[3, 4, 5, 16, 26]
[2, 3, 5, 23, 28]
[3, 4, 6, 14, 17]
[1, 4, 7, 8, 24]
[1, 4, 6, 28]
[16, 17, 18, 19, 20, 21, 22, 23, 24, 25, 26, 27, 28]


5
process id 0
stats
5, 15, 7, 100, 1000
20220818-191755
loosing coalitions taken
[2, 3, 6, 15, 26]
[1, 3, 8, 12, 19]
[2, 3, 7, 8, 9]
[2, 4, 5, 17]
[1, 2, 10, 11, 14]
[1, 2, 9, 12, 13]
[1, 4, 7, 10, 16]
[1, 5, 6, 10, 26]
[1, 4, 8, 9, 15]
[2, 3, 5, 25]
[3, 4, 6, 12, 20]
[1, 4, 6, 25]
[2, 4, 6, 9, 22]
[3, 4, 5, 16, 26]
[16, 17, 18, 19, 20, 21, 22, 23, 24, 25, 26, 27, 28]


6
process id 6
stats
5, 15, 7, 100, 1000
20220818-191755
loosing coalitions taken
[2, 3, 5, 24]
[1, 5, 6, 16, 17]
[1, 3, 8, 15, 16]
[1, 2, 7, 15, 22]
[1, 2, 8, 9, 19]
[1, 2, 10, 11, 13]
[1, 3, 7, 13, 21]
[2, 3, 6, 15, 26]
[1, 4, 6, 25]
[3, 4, 5, 16, 23]
[1, 4, 8, 11, 12]
[2, 4, 5, 21, 28]
[3, 4, 6, 8]
[2, 4, 6, 9, 22]
[16, 17, 18, 19, 20, 21, 22, 23, 24, 25, 26, 27, 28]


5
process id 1
stats
5, 15, 7, 100, 1000
20220818-191755
loosing coalitions taken
[1, 2, 7, 15, 21]
[1, 2, 9, 11, 13]
[3, 4, 5, 15]
[1, 3, 7, 9, 22]
[2, 3, 6, 13]
[1, 3, 8, 12, 17]
[2, 4, 6, 12, 21]
[1, 2, 8, 10, 20]
[1, 5, 6, 13, 24]
[2, 3, 5, 23]
[2, 4, 5, 17]
[3, 4, 6, 8]
[1, 4, 7, 8]
[1, 4, 6, 27]
[16, 17, 18, 19, 20, 21, 22, 23, 24, 25, 26, 27, 28]


6
process id 5
stats
5, 15, 7, 100, 1000
20220818-191757
loosing coalitions taken
[1, 3, 8, 12, 17]
[2, 4, 5, 22, 24]
[3, 4, 5, 19, 26]
[1, 3, 7, 9, 22]
[2, 3, 6, 10]
[1, 2, 8, 13, 18]
[2, 4, 6, 12, 20]
[1, 4, 7, 8]
[1, 4, 6, 26, 28]
[1, 2, 7, 15, 17]
[2, 3, 5, 23]
[1, 5, 6, 15, 19]
[1, 2, 9, 11, 12]
[3, 4, 6, 8]
[16, 17, 18, 19, 20, 21, 22, 23, 24, 25, 26, 27, 28]


6
process id 2
stats
5, 15, 7, 100, 1000
20220818-191758
loosing coalitions taken
[1, 2, 10, 12, 14]
[2, 4, 5, 18]
[2, 3, 6, 14]
[1, 2, 8, 15, 17]
[1, 2, 7, 9]
[1, 5, 6, 11, 23]
[1, 3, 8, 10, 16]
[3, 4, 5, 14]
[2, 3, 5, 24, 25]
[1, 4, 7, 8]
[1, 3, 7, 13, 19]
[3, 4, 6, 10, 19]
[1, 4, 6, 25]
[2, 4, 6, 12, 22]
[16, 17, 18, 19, 20, 21, 22, 23, 24, 25, 26, 27, 28]


6
process id 1
stats
5, 15, 7, 100, 1000
20220818-191758
loosing coalitions taken
[1, 4, 7, 8]
[2, 3, 5, 23]
[1, 3, 9, 10, 11]
[1, 2, 10, 12, 13]
[3, 4, 6, 11, 17]
[2, 3, 6, 13]
[2, 4, 6, 10, 19]
[3, 4, 5, 16]
[2, 4, 5, 20]
[1, 2, 8, 14, 17]
[1, 3, 7, 14, 20]
[1, 2, 7, 9]
[1, 5, 6, 14, 19]
[1, 4, 6, 26]
[16, 17, 18, 19, 20, 21, 22, 23, 24, 25, 26, 27, 28]


6
process id 7
stats
5, 15, 7, 100, 1000
20220818-191759
loosing coalitions taken
[2, 4, 5, 18]
[1, 3, 8, 11, 19]
[1, 2, 8, 15, 17]
[1, 5, 6, 13, 21]
[1, 4, 7, 13, 15]
[1, 2, 7, 11, 27]
[2, 3, 6, 13]
[2, 4, 6, 11, 22]
[1, 4, 6, 25]
[3, 4, 5, 14]
[2, 3, 5, 25, 28]
[1, 4, 8, 9, 14]
[1, 3, 7, 9, 23]
[1, 2, 10, 12, 14]
[16, 17, 18, 19, 20, 21, 22, 23, 24, 25, 26, 27, 28]


5
process id 3
stats
5, 15, 7, 100, 1000
20220818-191759
loosing coalitions taken
[1, 5, 6, 10, 25]
[1, 3, 8, 11, 19]
[1, 4, 7, 11, 17]
[1, 3, 7, 13, 18]
[1, 2, 8, 15, 17]
[2, 4, 6, 10, 22]
[1, 3, 9, 10, 12]
[3, 4, 6, 9, 17]
[1, 4, 8, 12, 14]
[1, 2, 9, 11, 14]
[1, 2, 7, 12, 23]
[3, 4, 5, 14]
[2, 3, 6, 12]
[1, 4, 6, 28]
[16, 17, 18, 19, 20, 21, 22, 23, 24, 25, 26, 27, 28]


6
process id 5
stats
5, 15, 7, 100, 1000
20220818-191759
loosing coalitions taken
[1, 3, 8, 15, 16]
[1, 2, 7, 9]
[1, 5, 6, 13, 23]
[2, 4, 5, 17]
[2, 3, 6, 11, 27]
[1, 4, 6, 27]
[3, 4, 6, 8]
[2, 4, 6, 10, 24]
[1, 4, 7, 8]
[1, 3, 9, 10, 12]
[3, 4, 5, 16]
[2, 3, 5, 23, 26]
[1, 2, 8, 14, 18]
[1, 3, 7, 14, 21]
[16, 17, 18, 19, 20, 21, 22, 23, 24, 25, 26, 27, 28]


5
process id 2
stats
5, 15, 7, 100, 1000
20220818-191800
loosing coalitions taken
[2, 3, 6, 12, 25]
[1, 4, 7, 8, 25]
[1, 2, 7, 11, 22]
[2, 3, 5, 23]
[1, 3, 9, 10, 12]
[1, 5, 6, 16, 18]
[3, 4, 6, 10, 21]
[1, 3, 7, 14, 18]
[2, 4, 6, 15, 18]
[2, 4, 5, 20]
[1, 3, 8, 15, 16]
[1, 4, 6, 28]
[3, 4, 5, 14]
[1, 2, 8, 9, 19]
[16, 17, 18, 19, 20, 21, 22, 23, 24, 25, 26, 27, 28]


5
process id 2
stats
5, 15, 7, 100, 1000
20220818-191802
loosing coalitions taken
[1, 3, 7, 12, 22]
[1, 4, 8, 10, 14]
[1, 3, 9, 10, 11]
[1, 3, 8, 13, 15]
[1, 5, 6, 13, 22]
[3, 4, 5, 15]
[2, 3, 6, 13]
[1, 2, 7, 9]
[1, 4, 6, 25]
[2, 4, 6, 10, 18]
[2, 4, 5, 19, 23]
[2, 3, 5, 21]
[3, 4, 6, 12, 21]
[1, 4, 7, 11, 15]
[16, 17, 18, 19, 20, 21, 22, 23, 24, 25, 26, 27, 28]


6
process id 5
stats
5, 15, 7, 100, 1000
20220818-191803
loosing coalitions taken
[1, 3, 7, 10, 23]
[2, 3, 6, 12]
[1, 4, 7, 11, 17]
[1, 2, 9, 10, 13]
[2, 4, 5, 16]
[1, 3, 8, 13, 15]
[1, 2, 8, 11, 19]
[2, 3, 5, 22]
[3, 4, 5, 15]
[3, 4, 6, 8]
[1, 5, 6, 13, 20]
[1, 4, 6, 27]
[2, 4, 6, 15, 18]
[1, 2, 7, 12, 25]
[16, 17, 18, 19, 20, 21, 22, 23, 24, 25, 26, 27, 28]


6
process id 4
stats
5, 15, 7, 100, 1000
20220818-191803
loosing coalitions taken
[1, 3, 7, 9, 22]
[1, 3, 8, 11, 16]
[1, 5, 6, 10, 26]
[1, 4, 8, 10, 12]
[1, 2, 10, 11, 13]
[2, 4, 6, 11, 24]
[2, 4, 5, 19, 26]
[1, 2, 8, 14, 20]
[3, 4, 5, 17, 22]
[2, 3, 6, 12]
[2, 3, 5, 25]
[1, 4, 6, 27]
[1, 4, 7, 11, 15]
[3, 4, 6, 14, 16]
[16, 17, 18, 19, 20, 21, 22, 23, 24, 25, 26, 27, 28]


6
process id 4
stats
5, 15, 7, 100, 1000
20220818-191805
loosing coalitions taken
[1, 3, 8, 14, 15]
[1, 4, 7, 13, 15]
[1, 5, 6, 9, 23]
[2, 3, 6, 12]
[1, 3, 7, 10, 24]
[2, 4, 5, 19]
[1, 2, 8, 13, 18]
[2, 3, 5, 23, 28]
[1, 4, 6, 27]
[3, 4, 5, 14]
[3, 4, 6, 10, 20]
[1, 2, 10, 11, 14]
[2, 4, 6, 16, 18]
[1, 2, 7, 9]
[16, 17, 18, 19, 20, 21, 22, 23, 24, 25, 26, 27, 28]


6
process id 3
stats
5, 15, 7, 100, 1000
20220818-191805
loosing coalitions taken
[1, 3, 8, 12, 19]
[1, 2, 9, 11, 13]
[2, 3, 6, 13]
[1, 3, 7, 9, 22]
[1, 4, 7, 11, 15]
[1, 2, 8, 10, 20]
[1, 2, 7, 16, 18]
[3, 4, 5, 16]
[2, 4, 5, 15]
[2, 4, 6, 12, 21]
[2, 3, 5, 22]
[3, 4, 6, 8, 28]
[1, 4, 6, 26]
[1, 5, 6, 14, 19]
[16, 17, 18, 19, 20, 21, 22, 23, 24, 25, 26, 27, 28]


6
process id 1
stats
5, 15, 7, 100, 1000
20220818-191806
loosing coalitions taken
[1, 3, 8, 9, 20]
[1, 3, 7, 16, 17]
[1, 5, 6, 12, 22]
[3, 4, 6, 12, 19]
[1, 4, 7, 9, 18]
[1, 2, 8, 11, 17]
[1, 2, 10, 12, 13]
[1, 4, 6, 27]
[3, 4, 5, 16]
[2, 3, 6, 13]
[1, 2, 7, 15, 20]
[2, 3, 5, 21]
[2, 4, 5, 18, 28]
[2, 4, 6, 14, 17]
[16, 17, 18, 19, 20, 21, 22, 23, 24, 25, 26, 27, 28]


6
process id 0
stats
5, 15, 7, 100, 1000
20220818-191806
loosing coalitions taken
[1, 4, 7, 14, 16]
[1, 3, 7, 15, 17]
[1, 2, 7, 12, 24]
[1, 3, 8, 9, 16]
[2, 4, 5, 21, 22]
[2, 3, 6, 10]
[3, 4, 5, 16]
[1, 2, 8, 11, 17]
[2, 3, 5, 25, 27]
[3, 4, 6, 12, 17]
[1, 4, 6, 27, 28]
[2, 4, 6, 11, 19]
[1, 5, 6, 15, 20]
[1, 4, 8, 12, 13]
[16, 17, 18, 19, 20, 21, 22, 23, 24, 25, 26, 27, 28]


5
process id 4
stats
5, 15, 7, 100, 1000
20220818-191808
loosing coalitions taken
[1, 2, 9, 10, 12]
[2, 4, 5, 18]
[1, 2, 7, 11, 23]
[1, 2, 8, 13, 19]
[1, 5, 6, 14, 22]
[2, 3, 6, 12]
[1, 3, 8, 14, 16]
[1, 4, 6, 26]
[2, 3, 5, 22]
[3, 4, 6, 8]
[1, 3, 7, 12, 18]
[3, 4, 5, 15]
[1, 4, 8, 11, 12]
[1, 4, 7, 10, 19]
[16, 17, 18, 19, 20, 21, 22, 23, 24, 25, 26, 27, 28]


6
process id 6
stats
5, 15, 7, 100, 1000
20220818-191808
loosing coalitions taken
[1, 3, 8, 11, 17]
[1, 2, 9, 12, 14]
[2, 3, 6, 10]
[1, 4, 7, 8]
[2, 4, 5, 16]
[3, 4, 5, 15, 28]
[1, 3, 7, 9, 20]
[1, 2, 7, 16, 19]
[2, 4, 6, 12, 23]
[1, 5, 6, 15, 20]
[3, 4, 6, 14, 16]
[2, 3, 5, 23]
[1, 4, 6, 27]
[1, 2, 8, 10, 21]
[16, 17, 18, 19, 20, 21, 22, 23, 24, 25, 26, 27, 28]


6
process id 7
stats
5, 15, 7, 100, 1000
20220818-191809
loosing coalitions taken
[1, 3, 7, 14, 20]
[1, 2, 8, 10, 17]
[1, 2, 9, 12, 13]
[1, 2, 7, 11, 23]
[3, 4, 5, 16]
[2, 3, 6, 11, 28]
[1, 4, 7, 8]
[2, 4, 6, 14, 19]
[1, 3, 8, 11, 15]
[2, 4, 5, 17, 26]
[2, 3, 5, 20]
[1, 4, 6, 25]
[3, 4, 6, 8]
[1, 5, 6, 12, 23]
[16, 17, 18, 19, 20, 21, 22, 23, 24, 25, 26, 27, 28]


6
process id 1
stats
5, 15, 7, 100, 1000
20220818-191809
loosing coalitions taken
[2, 3, 6, 18, 21]
[1, 5, 6, 16, 17]
[2, 4, 6, 15, 20]
[1, 2, 9, 10, 13]
[1, 3, 8, 9, 18]
[1, 2, 8, 11, 20]
[2, 4, 5, 22, 23]
[2, 3, 5, 26, 28]
[1, 3, 7, 14, 19]
[1, 2, 7, 12, 26]
[3, 4, 5, 13]
[1, 4, 6, 27]
[2, 3, 7, 8, 10]
[2, 5, 6, 8, 9]
[16, 17, 18, 19, 20, 21, 22, 23, 24, 25, 26, 27, 28]


6
process id 2
stats
5, 15, 7, 100, 1000
20220818-191809
loosing coalitions taken
[1, 5, 6, 16, 19]
[2, 3, 6, 14, 25]
[3, 4, 5, 19, 24]
[2, 4, 5, 21, 28]
[3, 4, 6, 10, 21]
[1, 3, 9, 10, 11]
[2, 5, 6, 8, 9]
[1, 2, 9, 12, 14]
[2, 3, 5, 22]
[1, 3, 7, 14, 17]
[1, 2, 8, 15, 17]
[1, 2, 7, 11, 21]
[1, 4, 7, 8, 25]
[1, 4, 6, 27]
[16, 17, 18, 19, 20, 21, 22, 23, 24, 25, 26, 27, 28]


6
process id 5
stats
5, 15, 7, 100, 1000
20220818-191811
loosing coalitions taken
[2, 4, 5, 20]
[1, 3, 9, 10, 12]
[1, 2, 10, 11, 14]
[3, 4, 6, 13, 21]
[1, 2, 8, 9, 18]
[2, 3, 6, 11]
[1, 3, 8, 15, 16]
[1, 3, 7, 14, 17]
[1, 4, 8, 13, 14]
[1, 4, 6, 28]
[3, 4, 5, 14]
[2, 4, 6, 12, 17]
[1, 5, 6, 9, 24]
[2, 3, 5, 25]
[16, 17, 18, 19, 20, 21, 22, 23, 24, 25, 26, 27, 28]


5
process id 7
stats
5, 15, 7, 100, 1000
20220818-191811
loosing coalitions taken
[1, 2, 8, 12, 21]
[1, 2, 7, 11, 24]
[3, 4, 5, 16]
[2, 3, 6, 14]
[1, 3, 7, 13, 21]
[1, 4, 8, 9, 15]
[1, 3, 8, 10, 18]
[2, 4, 5, 17, 24]
[2, 4, 6, 10, 23]
[1, 4, 6, 25]
[2, 3, 5, 23]
[1, 4, 7, 12, 14]
[3, 4, 6, 8]
[1, 5, 6, 12, 19]
[16, 17, 18, 19, 20, 21, 22, 23, 24, 25, 26, 27, 28]


6
process id 6
stats
5, 15, 7, 100, 1000
20220818-191812
loosing coalitions taken
[1, 3, 7, 14, 22]
[2, 3, 6, 11]
[1, 5, 6, 10, 26]
[2, 4, 5, 18]
[1, 2, 7, 9]
[2, 4, 6, 16, 19]
[3, 4, 6, 8]
[1, 4, 6, 25]
[1, 3, 8, 9, 20]
[1, 4, 7, 11, 17]
[2, 3, 5, 22]
[3, 4, 5, 15, 25]
[1, 2, 8, 13, 18]
[2, 3, 7, 8, 10]
[16, 17, 18, 19, 20, 21, 22, 23, 24, 25, 26, 27, 28]


5
process id 0
stats
5, 15, 7, 100, 1000
20220818-191814
loosing coalitions taken
[1, 5, 6, 13, 24]
[1, 2, 7, 17, 19]
[1, 4, 7, 8]
[2, 3, 6, 13]
[2, 4, 5, 17]
[1, 3, 8, 12, 19]
[3, 4, 5, 15]
[1, 4, 6, 27]
[2, 3, 5, 23]
[3, 4, 6, 11, 16]
[1, 3, 7, 10, 22]
[2, 4, 6, 15, 19]
[1, 2, 10, 11, 14]
[1, 2, 8, 15, 16]
[16, 17, 18, 19, 20, 21, 22, 23, 24, 25, 26, 27, 28]


6
process id 7
stats
5, 15, 7, 100, 1000
20220818-191814
loosing coalitions taken
[1, 2, 8, 9, 22]
[1, 5, 6, 12, 23]
[2, 4, 5, 20]
[1, 3, 9, 10, 12]
[3, 4, 6, 10, 17]
[2, 3, 6, 11]
[3, 4, 5, 13]
[1, 4, 6, 25]
[1, 3, 7, 11, 23]
[1, 4, 7, 8]
[1, 2, 7, 15, 19]
[2, 3, 5, 25]
[2, 4, 6, 14, 19]
[1, 3, 8, 14, 15]
[16, 17, 18, 19, 20, 21, 22, 23, 24, 25, 26, 27, 28]


6
process id 4
stats
5, 15, 7, 100, 1000
20220818-191816
loosing coalitions taken
[1, 4, 7, 8]
[3, 4, 5, 15]
[2, 3, 6, 10]
[1, 3, 8, 10, 18]
[1, 3, 7, 9, 21]
[2, 3, 5, 23, 26]
[3, 4, 6, 14, 18]
[1, 2, 10, 12, 13]
[1, 2, 7, 11, 27]
[1, 5, 6, 10, 25]
[2, 4, 6, 9, 23]
[1, 4, 6, 26]
[2, 4, 5, 18]
[1, 2, 8, 15, 17]
[16, 17, 18, 19, 20, 21, 22, 23, 24, 25, 26, 27, 28]


5
process id 3
stats
5, 15, 7, 100, 1000
20220818-191816
loosing coalitions taken
[2, 4, 5, 20]
[1, 4, 7, 8, 27]
[1, 3, 7, 13, 22]
[1, 3, 9, 10, 11]
[2, 3, 6, 10]
[1, 3, 8, 12, 16]
[1, 2, 8, 14, 18]
[3, 4, 5, 14]
[1, 4, 6, 25]
[2, 3, 5, 21]
[3, 4, 6, 12, 18]
[1, 2, 7, 9]
[1, 5, 6, 12, 19]
[2, 4, 6, 11, 23]
[16, 17, 18, 19, 20, 21, 22, 23, 24, 25, 26, 27, 28]


6
process id 4
stats
5, 15, 7, 100, 1000
20220818-191818
loosing coalitions taken
[1, 4, 8, 12, 14]
[1, 2, 7, 15, 22]
[1, 4, 7, 9, 18]
[2, 4, 5, 16]
[1, 3, 8, 9, 16]
[2, 3, 6, 14, 28]
[1, 5, 6, 10, 26]
[3, 4, 6, 11, 20]
[1, 3, 7, 13, 21]
[3, 4, 5, 13]
[1, 4, 6, 27]
[2, 3, 5, 23]
[2, 4, 6, 15, 18]
[1, 2, 9, 10, 13]
[16, 17, 18, 19, 20, 21, 22, 23, 24, 25, 26, 27, 28]


6
process id 2
stats
5, 15, 7, 100, 1000
20220818-191818
loosing coalitions taken
[1, 2, 8, 12, 20]
[1, 5, 6, 10, 23]
[2, 3, 5, 25, 26]
[2, 3, 6, 12]
[2, 4, 5, 22, 24]
[1, 2, 7, 9]
[1, 4, 8, 11, 13]
[3, 4, 6, 8]
[1, 4, 6, 28]
[1, 3, 8, 10, 19]
[3, 4, 5, 13]
[2, 4, 6, 14, 17]
[1, 4, 7, 12, 15]
[1, 3, 7, 11, 21]
[16, 17, 18, 19, 20, 21, 22, 23, 24, 25, 26, 27, 28]


6
process id 5
stats
5, 15, 7, 100, 1000
20220818-191819
loosing coalitions taken
[1, 5, 6, 13, 23]
[1, 2, 7, 15, 20]
[1, 2, 9, 10, 12]
[3, 4, 5, 19, 26]
[1, 3, 8, 12, 16]
[2, 3, 6, 11]
[1, 2, 8, 13, 18]
[2, 4, 5, 20]
[1, 3, 7, 13, 19]
[3, 4, 6, 9, 17]
[1, 4, 7, 8, 26]
[2, 3, 5, 22]
[1, 4, 6, 25]
[2, 4, 6, 14, 19]
[16, 17, 18, 19, 20, 21, 22, 23, 24, 25, 26, 27, 28]


6
process id 6
stats
5, 15, 7, 100, 1000
20220818-191819
loosing coalitions taken
[1, 4, 8, 11, 12]
[2, 4, 5, 20]
[1, 3, 8, 9, 18]
[1, 2, 10, 11, 14]
[2, 3, 6, 12]
[1, 5, 6, 16, 17]
[1, 2, 8, 15, 17]
[1, 3, 7, 11, 20]
[3, 4, 5, 16, 24]
[2, 4, 6, 13, 22]
[2, 3, 5, 22]
[1, 2, 7, 9, 24]
[1, 4, 6, 28]
[3, 4, 6, 11, 21]
[16, 17, 18, 19, 20, 21, 22, 23, 24, 25, 26, 27, 28]


6
process id 0
stats
5, 15, 7, 100, 1000
20220818-191820
loosing coalitions taken
[2, 3, 5, 25]
[2, 4, 6, 15, 17]
[1, 4, 7, 10, 16]
[1, 2, 9, 10, 11]
[3, 4, 6, 12, 18]
[1, 3, 8, 9, 18]
[1, 4, 8, 11, 12]
[1, 5, 6, 16, 19]
[1, 2, 7, 13, 22]
[2, 3, 6, 10, 24]
[2, 4, 5, 19]
[3, 4, 5, 14]
[1, 4, 6, 28]
[1, 2, 8, 14, 17]
[16, 17, 18, 19, 20, 21, 22, 23, 24, 25, 26, 27, 28]


5
process id 1
stats
5, 15, 7, 100, 1000
20220818-191820
loosing coalitions taken
[1, 2, 10, 11, 14]
[1, 3, 8, 11, 17]
[1, 2, 7, 15, 21]
[1, 2, 8, 12, 20]
[1, 3, 7, 14, 20]
[2, 3, 6, 9]
[1, 4, 6, 28]
[2, 4, 6, 15, 18]
[1, 5, 6, 15, 19]
[3, 4, 5, 17, 21]
[2, 3, 5, 22]
[3, 4, 6, 13, 20]
[1, 4, 7, 8]
[2, 4, 5, 19]
[16, 17, 18, 19, 20, 21, 22, 23, 24, 25, 26, 27, 28]


6
process id 5
stats
5, 15, 7, 100, 1000
20220818-191821
loosing coalitions taken
[1, 4, 7, 8]
[2, 4, 5, 20, 26]
[1, 2, 10, 11, 13]
[2, 3, 6, 12, 28]
[3, 4, 6, 11, 17]
[2, 3, 5, 22, 27]
[3, 4, 5, 16]
[1, 3, 7, 10, 19]
[1, 4, 6, 27]
[1, 2, 7, 9]
[1, 2, 8, 12, 21]
[1, 5, 6, 14, 18]
[1, 3, 8, 9, 15]
[2, 4, 6, 13, 21]
[16, 17, 18, 19, 20, 21, 22, 23, 24, 25, 26, 27, 28]


6
process id 1
stats
5, 15, 7, 100, 1000
20220818-191822
loosing coalitions taken
[2, 3, 6, 13]
[2, 4, 5, 20, 24]
[1, 2, 9, 10, 12]
[1, 2, 8, 15, 16]
[3, 4, 5, 16]
[1, 5, 6, 15, 18]
[1, 3, 7, 11, 21]
[1, 3, 8, 9, 20]
[2, 4, 6, 10, 19]
[1, 4, 6, 28]
[2, 3, 5, 25]
[3, 4, 6, 8]
[1, 2, 7, 14, 20]
[1, 4, 7, 9, 19]
[16, 17, 18, 19, 20, 21, 22, 23, 24, 25, 26, 27, 28]


6
process id 7
stats
5, 15, 7, 100, 1000
20220818-191823
loosing coalitions taken
[1, 3, 7, 16, 18]
[1, 4, 8, 12, 13]
[1, 2, 8, 14, 19]
[2, 3, 6, 13]
[1, 2, 7, 11, 27]
[1, 3, 8, 11, 17]
[3, 4, 5, 20, 24]
[1, 4, 6, 28]
[2, 4, 5, 21, 23]
[3, 4, 6, 8]
[2, 3, 5, 27, 28]
[1, 5, 6, 9, 21]
[2, 4, 6, 15, 18]
[3, 5, 6, 7, 11]
[16, 17, 18, 19, 20, 21, 22, 23, 24, 25, 26, 27, 28]


6
process id 6
stats
5, 15, 7, 100, 1000
20220818-191824
loosing coalitions taken
[2, 4, 6, 11, 23]
[1, 2, 7, 9]
[2, 3, 6, 13]
[1, 3, 8, 10, 19]
[3, 4, 5, 16, 28]
[2, 3, 5, 25]
[1, 4, 6, 28]
[1, 4, 7, 8]
[1, 2, 8, 11, 17]
[2, 4, 5, 19]
[1, 5, 6, 12, 23]
[3, 4, 6, 8]
[1, 2, 10, 12, 13]
[1, 3, 7, 15, 20]
[16, 17, 18, 19, 20, 21, 22, 23, 24, 25, 26, 27, 28]


6
process id 0
stats
5, 15, 7, 100, 1000
20220818-191825
loosing coalitions taken
[1, 4, 7, 11, 16]
[2, 4, 5, 20]
[1, 3, 8, 10, 19]
[1, 2, 7, 9, 25]
[1, 4, 6, 26]
[2, 3, 6, 9, 26]
[3, 4, 6, 13, 17]
[2, 3, 5, 22]
[1, 2, 10, 12, 14]
[1, 5, 6, 9, 23]
[2, 4, 6, 15, 19]
[1, 2, 8, 13, 20]
[3, 4, 5, 18, 23]
[1, 3, 7, 14, 22]
[16, 17, 18, 19, 20, 21, 22, 23, 24, 25, 26, 27, 28]


6
process id 5
stats
5, 15, 7, 100, 1000
20220818-191825
loosing coalitions taken
[1, 3, 8, 11, 18]
[2, 3, 5, 25]
[1, 2, 7, 9]
[2, 4, 5, 18, 22]
[3, 4, 6, 8]
[2, 3, 6, 13, 23]
[1, 2, 8, 15, 16]
[1, 4, 6, 25]
[3, 4, 5, 19, 26]
[1, 4, 7, 12, 15]
[1, 5, 6, 14, 20]
[1, 4, 8, 9, 10]
[2, 5, 6, 7, 15]
[1, 2, 10, 11, 14]
[16, 17, 18, 19, 20, 21, 22, 23, 24, 25, 26, 27, 28]


5
process id 0
stats
5, 15, 7, 100, 1000
20220818-191827
loosing coalitions taken
[1, 3, 8, 11, 18]
[2, 3, 7, 8, 9]
[2, 3, 6, 14]
[1, 2, 8, 12, 21]
[1, 3, 7, 13, 22]
[1, 5, 6, 10, 24]
[1, 2, 9, 11, 13]
[1, 3, 9, 10, 12]
[3, 4, 6, 8, 28]
[2, 4, 5, 16]
[1, 4, 7, 10, 17]
[2, 3, 5, 25]
[3, 4, 5, 13]
[2, 4, 6, 9, 23]
[16, 17, 18, 19, 20, 21, 22, 23, 24, 25, 26, 27, 28]


6
process id 6
stats
5, 15, 7, 100, 1000
20220818-191827
loosing coalitions taken
[2, 4, 5, 18]
[1, 4, 7, 12, 15]
[1, 4, 8, 11, 13]
[1, 3, 8, 14, 16]
[2, 3, 6, 11]
[1, 3, 7, 13, 17]
[1, 2, 9, 12, 14]
[1, 5, 6, 15, 18]
[3, 4, 5, 17, 21]
[1, 4, 6, 27]
[2, 4, 6, 12, 20]
[1, 2, 8, 10, 19]
[2, 3, 5, 24, 28]
[2, 3, 7, 8, 9]
[16, 17, 18, 19, 20, 21, 22, 23, 24, 25, 26, 27, 28]


5
process id 7
stats
5, 15, 7, 100, 1000
20220818-191828
loosing coalitions taken
[2, 3, 5, 25]
[2, 4, 6, 16, 17]
[1, 5, 6, 12, 24]
[1, 2, 9, 12, 13]
[1, 4, 8, 11, 12]
[1, 2, 7, 14, 20]
[3, 4, 6, 8]
[1, 4, 7, 9, 17]
[1, 4, 6, 26]
[2, 4, 5, 15]
[3, 4, 5, 13]
[1, 2, 8, 15, 17]
[1, 3, 8, 9, 18]
[2, 3, 6, 19, 20]
[16, 17, 18, 19, 20, 21, 22, 23, 24, 25, 26, 27, 28]


5
process id 4
stats
5, 15, 7, 100, 1000
20220818-191828
loosing coalitions taken
[1, 2, 10, 12, 13]
[1, 3, 7, 12, 21]
[2, 4, 6, 9, 22]
[1, 2, 7, 17, 19]
[2, 3, 6, 12, 26]
[1, 3, 8, 11, 16]
[1, 5, 6, 12, 22]
[1, 2, 8, 14, 18]
[1, 4, 7, 13, 15]
[3, 4, 5, 16]
[3, 4, 6, 8]
[2, 3, 5, 20]
[2, 4, 5, 19]
[1, 4, 6, 25]
[16, 17, 18, 19, 20, 21, 22, 23, 24, 25, 26, 27, 28]


5
process id 1
stats
5, 15, 7, 100, 1000
20220818-191828
loosing coalitions taken
[1, 5, 6, 9, 25]
[1, 3, 8, 15, 16]
[1, 2, 7, 13, 23]
[1, 4, 7, 8]
[2, 4, 5, 18]
[1, 2, 10, 12, 14]
[2, 3, 6, 10, 24]
[1, 2, 8, 11, 17]
[1, 4, 6, 27]
[2, 3, 5, 20]
[1, 3, 7, 11, 22]
[2, 4, 6, 9, 21]
[3, 4, 5, 16]
[3, 4, 6, 8]
[16, 17, 18, 19, 20, 21, 22, 23, 24, 25, 26, 27, 28]


6
process id 5
stats
5, 15, 7, 100, 1000
20220818-191830
loosing coalitions taken
[2, 3, 6, 11]
[1, 2, 8, 13, 17]
[1, 2, 7, 16, 20]
[1, 5, 6, 13, 22]
[1, 2, 10, 12, 14]
[1, 3, 7, 14, 21]
[2, 4, 5, 19, 24]
[1, 3, 8, 9, 16]
[3, 4, 5, 16]
[2, 3, 5, 20]
[3, 4, 6, 12, 17]
[1, 4, 6, 26]
[1, 4, 7, 8, 24]
[2, 4, 6, 10, 18]
[16, 17, 18, 19, 20, 21, 22, 23, 24, 25, 26, 27, 28]


6
process id 0
stats
5, 15, 7, 100, 1000
20220818-191830
loosing coalitions taken
[3, 4, 5, 19, 26]
[1, 2, 10, 12, 13]
[2, 3, 6, 11, 27]
[1, 2, 7, 9, 28]
[1, 2, 8, 14, 19]
[1, 3, 8, 10, 16]
[2, 4, 5, 20]
[1, 5, 6, 12, 23]
[3, 5, 6, 7, 13]
[1, 4, 6, 26]
[2, 3, 5, 23]
[2, 4, 6, 15, 17]
[1, 4, 8, 11, 13]
[1, 3, 7, 12, 22]
[16, 17, 18, 19, 20, 21, 22, 23, 24, 25, 26, 27, 28]


6
process id 7
stats
5, 15, 7, 100, 1000
20220818-191831
loosing coalitions taken
[1, 4, 7, 14, 16]
[1, 2, 8, 12, 20]
[1, 4, 8, 10, 11]
[1, 2, 7, 13, 24]
[2, 3, 6, 11]
[3, 4, 5, 20, 22]
[1, 3, 8, 13, 15]
[2, 4, 5, 18]
[1, 2, 9, 10, 14]
[1, 4, 6, 28]
[2, 3, 5, 23, 26]
[1, 3, 7, 9, 19]
[1, 5, 6, 9, 20]
[2, 4, 6, 16, 19]
[16, 17, 18, 19, 20, 21, 22, 23, 24, 25, 26, 27, 28]


6
process id 2
stats
5, 15, 7, 100, 1000
20220818-191831
loosing coalitions taken
[1, 2, 9, 10, 13]
[2, 3, 6, 14]
[1, 2, 8, 11, 21]
[1, 3, 8, 12, 17]
[1, 4, 7, 8]
[2, 4, 5, 20]
[2, 3, 5, 22]
[1, 5, 6, 11, 20]
[3, 4, 5, 16, 28]
[1, 3, 7, 13, 21]
[3, 4, 6, 12, 21]
[1, 2, 7, 15, 19]
[1, 4, 6, 27]
[2, 4, 6, 11, 24]
[16, 17, 18, 19, 20, 21, 22, 23, 24, 25, 26, 27, 28]


6
process id 6
stats
5, 15, 7, 100, 1000
20220818-191831
loosing coalitions taken
[2, 4, 6, 11, 20]
[1, 2, 7, 11, 23]
[1, 4, 7, 10, 17]
[2, 3, 6, 14]
[1, 2, 9, 10, 12]
[3, 4, 5, 15]
[1, 2, 8, 13, 17]
[1, 3, 8, 9, 16]
[1, 3, 7, 12, 21]
[2, 3, 5, 27, 28]
[2, 4, 5, 17]
[3, 4, 6, 8]
[1, 4, 6, 28]
[1, 5, 6, 13, 19]
[16, 17, 18, 19, 20, 21, 22, 23, 24, 25, 26, 27, 28]


5
process id 7
stats
5, 15, 7, 100, 1000
20220818-191832
loosing coalitions taken
[3, 4, 6, 12, 21]
[1, 4, 7, 8]
[2, 4, 6, 10, 22]
[2, 3, 6, 11]
[1, 5, 6, 9, 21]
[1, 3, 8, 9, 18]
[2, 3, 5, 21]
[2, 4, 5, 20, 23]
[1, 2, 9, 12, 13]
[3, 4, 5, 13]
[1, 3, 7, 15, 20]
[1, 4, 6, 26]
[1, 2, 7, 14, 23]
[1, 2, 8, 10, 20]
[16, 17, 18, 19, 20, 21, 22, 23, 24, 25, 26, 27, 28]


6
process id 5
stats
5, 15, 7, 100, 1000
20220818-191832
loosing coalitions taken
[1, 5, 6, 13, 23]
[1, 2, 8, 14, 18]
[1, 3, 7, 15, 18]
[2, 4, 5, 16]
[1, 3, 8, 12, 16]
[1, 4, 6, 26]
[1, 3, 9, 10, 11]
[2, 3, 5, 23]
[2, 4, 6, 14, 19]
[3, 4, 5, 20, 24]
[1, 4, 7, 10, 19]
[1, 2, 7, 16, 21]
[2, 3, 6, 13]
[3, 4, 6, 8]
[16, 17, 18, 19, 20, 21, 22, 23, 24, 25, 26, 27, 28]


5
process id 4
stats
5, 15, 7, 100, 1000
20220818-191833
loosing coalitions taken
[1, 3, 8, 9, 17]
[2, 3, 6, 11]
[1, 4, 7, 9, 18]
[1, 2, 7, 16, 17]
[1, 3, 7, 15, 20]
[1, 4, 6, 27]
[2, 4, 5, 18, 25]
[2, 3, 5, 23]
[3, 4, 6, 9, 20]
[1, 2, 8, 11, 19]
[1, 4, 8, 13, 14]
[2, 4, 6, 12, 19]
[1, 5, 6, 11, 22]
[1, 2, 9, 12, 13]
[16, 17, 18, 19, 20, 21, 22, 23, 24, 25, 26, 27, 28]


5
process id 1
stats
5, 15, 7, 100, 1000
20220818-191833
loosing coalitions taken
[1, 4, 8, 12, 14]
[1, 3, 8, 10, 19]
[2, 3, 7, 8, 9]
[1, 2, 8, 11, 20]
[1, 3, 7, 11, 22]
[1, 2, 9, 10, 12]
[2, 3, 6, 14]
[1, 5, 6, 13, 21]
[2, 4, 5, 22, 24]
[2, 3, 5, 20]
[1, 4, 6, 28]
[3, 4, 6, 9, 21]
[3, 4, 5, 19, 25]
[1, 2, 7, 14, 23]
[16, 17, 18, 19, 20, 21, 22, 23, 24, 25, 26, 27, 28]


5
process id 0
stats
5, 15, 7, 100, 1000
20220818-191834
loosing coalitions taken
[1, 2, 9, 12, 13]
[3, 4, 5, 16]
[1, 3, 8, 12, 18]
[1, 3, 7, 13, 19]
[2, 3, 6, 13]
[1, 5, 6, 14, 21]
[1, 2, 7, 16, 20]
[1, 4, 6, 27]
[2, 4, 5, 18]
[1, 4, 7, 9, 17]
[3, 4, 6, 8]
[2, 3, 5, 24]
[1, 2, 8, 11, 21]
[2, 4, 6, 12, 23]
[16, 17, 18, 19, 20, 21, 22, 23, 24, 25, 26, 27, 28]


6
process id 5
stats
5, 15, 7, 100, 1000
20220818-191834
loosing coalitions taken
[2, 3, 6, 9]
[1, 2, 7, 16, 21]
[1, 2, 8, 13, 20]
[1, 2, 10, 12, 14]
[1, 3, 8, 12, 16]
[1, 3, 7, 14, 17]
[1, 5, 6, 13, 21]
[1, 4, 8, 9, 10]
[2, 4, 5, 19]
[2, 3, 5, 22]
[1, 4, 7, 12, 15]
[3, 4, 5, 15]
[1, 4, 6, 27]
[2, 4, 6, 10, 20]
[16, 17, 18, 19, 20, 21, 22, 23, 24, 25, 26, 27, 28]


6
process id 1
stats
5, 15, 7, 100, 1000
20220818-191836
loosing coalitions taken
[2, 3, 6, 13]
[1, 3, 7, 14, 21]
[1, 3, 8, 15, 16]
[1, 5, 6, 12, 23]
[1, 2, 8, 12, 18]
[1, 4, 7, 10, 18]
[1, 2, 9, 11, 14]
[1, 2, 7, 15, 22]
[1, 3, 9, 10, 12]
[2, 4, 5, 18]
[2, 3, 5, 25]
[2, 4, 6, 15, 19]
[1, 4, 6, 25]
[3, 4, 5, 19, 23]
[16, 17, 18, 19, 20, 21, 22, 23, 24, 25, 26, 27, 28]


6
process id 6
stats
5, 15, 7, 100, 1000
20220818-191837
loosing coalitions taken
[1, 2, 7, 11, 22]
[1, 2, 9, 12, 14]
[2, 3, 6, 9]
[1, 3, 7, 13, 21]
[1, 3, 8, 12, 19]
[1, 2, 8, 13, 17]
[1, 4, 7, 8]
[1, 5, 6, 16, 18]
[2, 4, 5, 17]
[2, 3, 5, 26, 28]
[2, 4, 6, 10, 23]
[3, 4, 5, 18, 22]
[3, 4, 6, 15, 16]
[1, 4, 6, 28]
[16, 17, 18, 19, 20, 21, 22, 23, 24, 25, 26, 27, 28]


6
process id 4
stats
5, 15, 7, 100, 1000
20220818-191838
loosing coalitions taken
[1, 5, 6, 16, 17]
[1, 2, 8, 13, 18]
[2, 3, 6, 10]
[3, 4, 5, 18, 22]
[2, 4, 5, 20, 27]
[1, 3, 8, 15, 16]
[1, 2, 7, 15, 20]
[1, 2, 9, 11, 14]
[1, 3, 7, 14, 21]
[2, 4, 6, 9, 22]
[1, 4, 7, 8]
[3, 4, 6, 8]
[1, 4, 6, 26]
[2, 3, 5, 23]
[16, 17, 18, 19, 20, 21, 22, 23, 24, 25, 26, 27, 28]


6
process id 3
stats
5, 15, 7, 100, 1000
20220818-191839
loosing coalitions taken
[1, 2, 10, 12, 14]
[1, 5, 6, 9, 25]
[1, 4, 7, 8]
[2, 4, 6, 10, 24]
[3, 4, 6, 11, 20]
[2, 3, 6, 14]
[3, 4, 5, 15, 27]
[1, 2, 7, 9]
[1, 2, 8, 13, 18]
[2, 3, 5, 25]
[2, 4, 5, 16, 28]
[1, 3, 7, 16, 18]
[1, 4, 6, 27]
[1, 3, 8, 9, 15]
[16, 17, 18, 19, 20, 21, 22, 23, 24, 25, 26, 27, 28]


6
process id 6
stats
5, 15, 7, 100, 1000
20220818-191840
loosing coalitions taken
[1, 3, 8, 14, 15]
[1, 2, 7, 11, 23]
[3, 4, 6, 14, 18]
[1, 4, 7, 8, 25]
[1, 2, 8, 10, 21]
[1, 5, 6, 12, 23]
[1, 4, 6, 27]
[1, 2, 9, 12, 13]
[3, 4, 5, 17, 28]
[2, 3, 6, 16, 24]
[2, 3, 5, 22]
[2, 4, 5, 18]
[2, 4, 6, 12, 20]
[1, 3, 7, 13, 22]
[16, 17, 18, 19, 20, 21, 22, 23, 24, 25, 26, 27, 28]


6
process id 7
stats
5, 15, 7, 100, 1000
20220818-191840
loosing coalitions taken
[3, 4, 5, 19, 23]
[1, 2, 7, 16, 19]
[1, 4, 7, 8, 27]
[1, 3, 8, 12, 16]
[1, 3, 7, 11, 23]
[2, 4, 5, 18]
[2, 3, 6, 11]
[1, 5, 6, 10, 24]
[1, 2, 8, 15, 17]
[2, 3, 5, 21]
[3, 4, 6, 13, 16]
[1, 2, 9, 10, 12]
[2, 4, 6, 15, 21]
[1, 4, 6, 26, 28]
[16, 17, 18, 19, 20, 21, 22, 23, 24, 25, 26, 27, 28]


6
process id 1
stats
5, 15, 7, 100, 1000
20220818-191841
loosing coalitions taken
[1, 5, 6, 13, 22]
[1, 2, 7, 16, 21]
[1, 3, 7, 11, 23]
[1, 2, 9, 12, 13]
[3, 4, 5, 18, 23]
[1, 2, 8, 11, 19]
[2, 3, 6, 12]
[1, 3, 8, 13, 16]
[2, 4, 5, 16]
[2, 3, 5, 20]
[3, 4, 6, 8]
[1, 4, 6, 27]
[2, 4, 6, 11, 18]
[1, 4, 7, 8, 25]
[16, 17, 18, 19, 20, 21, 22, 23, 24, 25, 26, 27, 28]


6
process id 3
stats
5, 15, 7, 100, 1000
20220818-191841
loosing coalitions taken
[3, 4, 5, 21, 24]
[1, 3, 9, 10, 11]
[2, 4, 5, 18]
[1, 2, 7, 9]
[1, 5, 6, 15, 21]
[2, 3, 6, 12]
[1, 4, 6, 27]
[2, 3, 5, 25]
[1, 4, 7, 8, 24]
[3, 4, 6, 8]
[2, 4, 6, 14, 19]
[1, 3, 7, 13, 22]
[1, 3, 8, 14, 15]
[1, 2, 8, 11, 16]
[16, 17, 18, 19, 20, 21, 22, 23, 24, 25, 26, 27, 28]


6
process id 5
stats
5, 15, 7, 100, 1000
20220818-191842
loosing coalitions taken
[1, 2, 8, 14, 17]
[1, 2, 7, 9, 24]
[2, 4, 5, 17]
[1, 3, 7, 14, 22]
[1, 2, 10, 11, 13]
[1, 3, 9, 10, 12]
[1, 4, 7, 13, 16]
[1, 3, 8, 13, 15]
[2, 3, 6, 12]
[2, 3, 5, 21]
[3, 4, 5, 14]
[2, 4, 6, 16, 19]
[1, 4, 6, 28]
[1, 5, 6, 15, 19]
[16, 17, 18, 19, 20, 21, 22, 23, 24, 25, 26, 27, 28]


5
process id 2
stats
5, 15, 7, 100, 1000
20220818-191842
loosing coalitions taken
[1, 3, 8, 11, 18]
[1, 3, 7, 13, 20]
[1, 2, 8, 14, 19]
[2, 3, 6, 14]
[1, 2, 7, 11, 26]
[1, 2, 9, 10, 13]
[3, 4, 5, 16]
[2, 4, 5, 19]
[2, 3, 5, 21]
[1, 4, 6, 26, 27]
[3, 4, 6, 10, 21]
[1, 4, 7, 8]
[2, 4, 6, 15, 18]
[1, 5, 6, 14, 20]
[16, 17, 18, 19, 20, 21, 22, 23, 24, 25, 26, 27, 28]


5
process id 3
stats
5, 15, 7, 100, 1000
20220818-191844
loosing coalitions taken
[1, 3, 8, 9, 19]
[3, 4, 6, 12, 19]
[1, 4, 7, 11, 17]
[1, 4, 8, 10, 15]
[2, 3, 5, 25]
[1, 4, 6, 27]
[1, 3, 7, 14, 22]
[1, 2, 8, 11, 20]
[1, 2, 7, 9]
[3, 4, 5, 14]
[2, 4, 6, 14, 21]
[2, 3, 6, 9]
[2, 4, 5, 15]
[2, 3, 7, 8, 10]
[16, 17, 18, 19, 20, 21, 22, 23, 24, 25, 26, 27, 28]


6
process id 4
stats
5, 15, 7, 100, 1000
20220818-191844
loosing coalitions taken
[1, 3, 8, 12, 17]
[1, 2, 10, 11, 12]
[1, 3, 7, 10, 23]
[1, 4, 8, 10, 15]
[2, 3, 5, 23]
[1, 2, 7, 9, 24]
[1, 2, 8, 13, 18]
[2, 3, 6, 9]
[2, 4, 6, 16, 19]
[2, 4, 5, 17]
[3, 4, 5, 18, 24]
[3, 4, 6, 8]
[1, 4, 6, 26, 28]
[1, 5, 6, 15, 20]
[16, 17, 18, 19, 20, 21, 22, 23, 24, 25, 26, 27, 28]


6
process id 2
stats
5, 15, 7, 100, 1000
20220818-191844
loosing coalitions taken
[1, 2, 7, 15, 20]
[3, 4, 5, 21, 23]
[2, 4, 5, 17]
[1, 2, 10, 12, 13]
[1, 2, 8, 11, 18]
[1, 5, 6, 13, 23]
[1, 3, 7, 10, 21]
[2, 3, 6, 11]
[2, 3, 5, 26, 28]
[3, 4, 6, 8, 28]
[2, 4, 6, 16, 18]
[1, 4, 7, 9, 19]
[1, 4, 6, 27]
[1, 4, 8, 10, 15]
[16, 17, 18, 19, 20, 21, 22, 23, 24, 25, 26, 27, 28]


5
process id 3
stats
5, 15, 7, 100, 1000
20220818-191846
loosing coalitions taken
[1, 4, 8, 10, 12]
[1, 3, 7, 13, 22]
[1, 2, 8, 9, 19]
[1, 2, 7, 16, 21]
[2, 3, 6, 14]
[1, 5, 6, 13, 24]
[3, 4, 5, 15]
[3, 4, 6, 13, 20]
[2, 3, 5, 23]
[2, 4, 5, 19]
[1, 4, 6, 28]
[1, 4, 7, 9, 17]
[1, 3, 8, 14, 16]
[2, 4, 6, 11, 23]
[16, 17, 18, 19, 20, 21, 22, 23, 24, 25, 26, 27, 28]


5
process id 2
stats
5, 15, 7, 100, 1000
20220818-191848
loosing coalitions taken
[1, 3, 9, 10, 11]
[1, 2, 7, 9]
[1, 3, 8, 12, 19]
[2, 3, 6, 11]
[1, 4, 8, 10, 14]
[2, 3, 5, 21]
[1, 4, 6, 26]
[2, 4, 6, 15, 17]
[3, 4, 5, 13]
[1, 5, 6, 11, 23]
[3, 4, 6, 14, 18]
[2, 4, 5, 18]
[2, 3, 7, 8, 10]
[1, 2, 8, 13, 20]
[16, 17, 18, 19, 20, 21, 22, 23, 24, 25, 26, 27, 28]


6
process id 1
stats
5, 15, 7, 100, 1000
20220818-191848
loosing coalitions taken
[3, 4, 5, 16]
[1, 3, 8, 10, 18]
[1, 2, 8, 12, 19]
[1, 4, 8, 9, 13]
[1, 2, 7, 16, 21]
[1, 3, 7, 9, 24]
[2, 3, 6, 14]
[1, 2, 10, 11, 14]
[1, 4, 7, 10, 19]
[2, 4, 5, 18]
[2, 3, 5, 23]
[1, 4, 6, 27]
[2, 4, 6, 15, 17]
[1, 5, 6, 12, 24]
[16, 17, 18, 19, 20, 21, 22, 23, 24, 25, 26, 27, 28]


6
process id 7
stats
5, 15, 7, 100, 1000
20220818-191848
loosing coalitions taken
[1, 2, 10, 12, 14]
[2, 3, 6, 14]
[1, 3, 7, 9, 21]
[1, 2, 8, 13, 20]
[1, 3, 8, 11, 18]
[1, 5, 6, 11, 20]
[2, 4, 5, 17, 28]
[3, 4, 5, 16]
[1, 4, 6, 28]
[2, 3, 5, 23, 26]
[1, 4, 7, 12, 15]
[3, 4, 6, 12, 18]
[3, 5, 6, 7, 13]
[2, 4, 6, 13, 22]
[16, 17, 18, 19, 20, 21, 22, 23, 24, 25, 26, 27, 28]


6
process id 0
stats
5, 15, 7, 100, 1000
20220818-191849
loosing coalitions taken
[2, 4, 6, 13, 21]
[3, 4, 6, 12, 17]
[1, 2, 7, 13, 22]
[1, 5, 6, 11, 25]
[1, 3, 8, 10, 19]
[1, 3, 7, 11, 21]
[1, 4, 7, 9, 18]
[2, 4, 5, 19]
[2, 3, 6, 10]
[1, 4, 6, 27]
[2, 3, 5, 25]
[1, 2, 8, 12, 20]
[3, 4, 5, 16, 27]
[1, 2, 9, 10, 14]
[16, 17, 18, 19, 20, 21, 22, 23, 24, 25, 26, 27, 28]


6
process id 5
stats
5, 15, 7, 100, 1000
20220818-191849
loosing coalitions taken
[1, 2, 8, 15, 17]
[2, 3, 6, 13]
[1, 4, 7, 13, 16]
[3, 4, 5, 16]
[1, 2, 10, 11, 14]
[1, 2, 7, 12, 22]
[1, 3, 7, 15, 18]
[1, 5, 6, 10, 26]
[2, 4, 5, 20, 28]
[2, 3, 5, 22]
[1, 4, 8, 9, 11]
[2, 4, 6, 11, 23]
[3, 4, 6, 14, 19]
[1, 4, 6, 28]
[16, 17, 18, 19, 20, 21, 22, 23, 24, 25, 26, 27, 28]


6
process id 2
stats
5, 15, 7, 100, 1000
20220818-191850
loosing coalitions taken
[1, 2, 7, 9]
[1, 3, 8, 14, 16]
[1, 5, 6, 11, 22]
[2, 4, 5, 20]
[3, 4, 5, 19, 22]
[3, 4, 6, 8]
[2, 3, 6, 12, 23]
[2, 3, 5, 25]
[1, 4, 6, 26]
[2, 4, 6, 16, 18]
[1, 3, 7, 10, 23]
[1, 2, 10, 11, 14]
[1, 2, 8, 13, 17]
[1, 4, 8, 10, 12]
[16, 17, 18, 19, 20, 21, 22, 23, 24, 25, 26, 27, 28]


5
process id 4
stats
5, 15, 7, 100, 1000
20220818-191850
loosing coalitions taken
[1, 2, 8, 15, 17]
[2, 4, 5, 17]
[2, 3, 6, 10]
[1, 2, 7, 14, 21]
[1, 2, 9, 11, 12]
[1, 3, 7, 15, 19]
[2, 3, 5, 22]
[2, 4, 6, 13, 20]
[1, 4, 8, 10, 12]
[1, 5, 6, 10, 24]
[1, 4, 6, 25]
[3, 4, 5, 13]
[3, 4, 6, 8]
[1, 4, 7, 9, 18]
[16, 17, 18, 19, 20, 21, 22, 23, 24, 25, 26, 27, 28]


5
process id 3
stats
5, 15, 7, 100, 1000
20220818-191850
loosing coalitions taken
[1, 2, 7, 12, 23]
[1, 3, 8, 12, 16]
[2, 4, 5, 17]
[2, 3, 6, 12]
[1, 4, 7, 8]
[1, 3, 9, 10, 11]
[2, 3, 5, 24]
[2, 4, 6, 9, 24]
[3, 4, 5, 13]
[1, 5, 6, 16, 17]
[3, 4, 6, 14, 17]
[1, 4, 6, 27]
[1, 2, 8, 11, 19]
[1, 3, 7, 13, 19]
[16, 17, 18, 19, 20, 21, 22, 23, 24, 25, 26, 27, 28]


6
process id 7
stats
5, 15, 7, 100, 1000
20220818-191851
loosing coalitions taken
[1, 2, 7, 14, 22]
[2, 4, 5, 18]
[1, 4, 7, 8]
[1, 5, 6, 15, 19]
[2, 3, 6, 11]
[1, 3, 8, 13, 14]
[2, 3, 5, 24]
[2, 4, 6, 12, 22]
[1, 4, 6, 27]
[3, 4, 5, 13]
[1, 2, 8, 10, 21]
[1, 3, 9, 10, 11]
[1, 3, 7, 15, 20]
[3, 4, 6, 8]
[16, 17, 18, 19, 20, 21, 22, 23, 24, 25, 26, 27, 28]


6
process id 0
stats
5, 15, 7, 100, 1000
20220818-191851
loosing coalitions taken
[1, 3, 8, 12, 17]
[2, 4, 6, 11, 22]
[1, 4, 7, 8]
[3, 4, 5, 18, 27]
[2, 3, 6, 14, 23]
[2, 3, 5, 25]
[1, 2, 9, 10, 11]
[1, 2, 7, 15, 18]
[1, 4, 6, 28]
[2, 4, 5, 16]
[1, 3, 7, 11, 19]
[2, 5, 6, 8, 12]
[1, 5, 6, 15, 20]
[3, 4, 6, 8]
[16, 17, 18, 19, 20, 21, 22, 23, 24, 25, 26, 27, 28]


6
process id 0
stats
5, 15, 7, 100, 1000
20220818-191854
loosing coalitions taken
[3, 4, 5, 20, 22]
[1, 5, 6, 10, 24]
[2, 3, 6, 12]
[1, 3, 7, 11, 22]
[1, 2, 9, 10, 13]
[1, 2, 8, 11, 21]
[2, 4, 5, 18]
[1, 2, 7, 17, 19]
[1, 4, 6, 26]
[3, 4, 6, 8]
[2, 3, 5, 23]
[2, 4, 6, 15, 17]
[1, 3, 8, 9, 18]
[2, 3, 7, 8, 10]
[16, 17, 18, 19, 20, 21, 22, 23, 24, 25, 26, 27, 28]


6
process id 4
stats
5, 15, 7, 100, 1000
20220818-191855
loosing coalitions taken
[2, 3, 6, 13]
[1, 2, 10, 11, 14]
[1, 2, 7, 9]
[1, 3, 8, 10, 17]
[3, 4, 5, 15]
[1, 4, 6, 28]
[1, 4, 7, 8, 27]
[2, 3, 5, 22, 27]
[2, 4, 5, 18]
[3, 4, 6, 9, 22]
[1, 2, 8, 12, 16]
[1, 5, 6, 11, 20]
[2, 4, 6, 14, 19]
[1, 3, 7, 12, 18]
[16, 17, 18, 19, 20, 21, 22, 23, 24, 25, 26, 27, 28]


6
process id 2
stats
5, 15, 7, 100, 1000
20220818-191855
loosing coalitions taken
[1, 5, 6, 11, 24]
[2, 4, 5, 20, 28]
[2, 5, 6, 7, 16]
[2, 4, 6, 9, 25]
[3, 4, 5, 18, 27]
[2, 3, 6, 10]
[1, 4, 8, 11, 14]
[1, 3, 8, 12, 18]
[1, 2, 7, 17, 18]
[1, 2, 8, 9, 21]
[2, 3, 5, 22]
[1, 4, 6, 27]
[3, 4, 6, 14, 20]
[1, 3, 7, 13, 19]
[16, 17, 18, 19, 20, 21, 22, 23, 24, 25, 26, 27, 28]


6
process id 5
stats
5, 15, 7, 100, 1000
20220818-191856
loosing coalitions taken
[2, 3, 6, 12]
[1, 3, 8, 9, 20]
[1, 2, 7, 15, 20]
[1, 4, 8, 12, 13]
[1, 3, 7, 11, 22]
[1, 5, 6, 10, 22]
[1, 2, 8, 11, 21]
[3, 4, 5, 15, 25]
[2, 4, 5, 18]
[3, 4, 6, 8]
[1, 4, 6, 27]
[2, 3, 5, 26, 27]
[2, 4, 6, 9, 25]
[1, 4, 7, 9, 18]
[16, 17, 18, 19, 20, 21, 22, 23, 24, 25, 26, 27, 28]


5
process id 2
stats
5, 15, 7, 100, 1000
20220818-191857
loosing coalitions taken
[2, 3, 6, 17, 19]
[1, 2, 7, 13, 25]
[1, 3, 7, 10, 24]
[2, 3, 5, 25]
[2, 4, 6, 12, 21]
[3, 4, 6, 10, 20]
[1, 2, 9, 11, 12]
[1, 2, 8, 14, 20]
[1, 3, 8, 11, 16]
[2, 4, 5, 18]
[1, 5, 6, 11, 20]
[1, 4, 6, 27]
[3, 4, 5, 15]
[1, 4, 7, 8]
[16, 17, 18, 19, 20, 21, 22, 23, 24, 25, 26, 27, 28]


5
process id 3
stats
5, 15, 7, 100, 1000
20220818-191857
loosing coalitions taken
[1, 2, 7, 12, 22]
[1, 2, 8, 11, 18]
[2, 3, 6, 11]
[2, 4, 5, 18]
[1, 4, 7, 8, 26]
[1, 3, 7, 16, 19]
[1, 4, 6, 28]
[3, 4, 5, 13]
[2, 4, 6, 12, 21]
[2, 3, 5, 23]
[3, 4, 6, 8]
[1, 3, 8, 10, 15]
[1, 5, 6, 14, 19]
[1, 2, 9, 10, 14]
[16, 17, 18, 19, 20, 21, 22, 23, 24, 25, 26, 27, 28]


6
process id 0
stats
5, 15, 7, 100, 1000
20220818-191858
loosing coalitions taken
[3, 4, 5, 20, 23]
[2, 3, 6, 15, 27]
[1, 3, 7, 11, 20]
[1, 5, 6, 12, 22]
[1, 3, 9, 10, 12]
[1, 4, 7, 9, 18]
[1, 2, 7, 14, 24]
[1, 2, 8, 9, 17]
[2, 3, 5, 25]
[1, 3, 8, 15, 16]
[1, 4, 6, 26, 27]
[3, 4, 6, 13, 21]
[1, 4, 8, 10, 11]
[2, 4, 6, 11, 17]
[16, 17, 18, 19, 20, 21, 22, 23, 24, 25, 26, 27, 28]


6
process id 1
stats
5, 15, 7, 100, 1000
20220818-191858
loosing coalitions taken
[2, 3, 5, 22]
[1, 3, 7, 10, 24]
[1, 4, 8, 10, 15]
[2, 4, 6, 15, 21]
[3, 4, 6, 9, 18]
[1, 3, 8, 9, 20]
[1, 2, 9, 11, 14]
[1, 2, 7, 16, 20]
[1, 5, 6, 14, 17]
[1, 4, 6, 28]
[3, 4, 5, 15]
[2, 4, 5, 18]
[2, 3, 6, 13]
[1, 2, 8, 12, 19]
[16, 17, 18, 19, 20, 21, 22, 23, 24, 25, 26, 27, 28]


6
process id 3
stats
5, 15, 7, 100, 1000
20220818-191859
loosing coalitions taken
[1, 4, 7, 10, 17]
[1, 2, 10, 11, 12]
[1, 2, 7, 9]
[1, 3, 8, 10, 18]
[2, 4, 6, 15, 21]
[2, 3, 6, 14]
[3, 4, 5, 18, 23]
[2, 3, 5, 24]
[1, 4, 6, 26]
[1, 3, 7, 14, 22]
[1, 5, 6, 12, 19]
[3, 4, 6, 8, 27]
[1, 2, 8, 15, 16]
[2, 4, 5, 16]
[16, 17, 18, 19, 20, 21, 22, 23, 24, 25, 26, 27, 28]


6
process id 2
stats
5, 15, 7, 100, 1000
20220818-191900
loosing coalitions taken
[1, 2, 10, 11, 14]
[1, 2, 8, 9, 20]
[1, 3, 8, 11, 16]
[2, 3, 6, 14]
[1, 5, 6, 16, 17]
[3, 4, 5, 21, 23]
[2, 4, 5, 19]
[1, 3, 7, 15, 20]
[1, 4, 6, 27]
[2, 3, 5, 25]
[3, 4, 6, 8]
[1, 4, 7, 8, 26]
[1, 2, 7, 12, 21]
[2, 4, 6, 12, 22]
[16, 17, 18, 19, 20, 21, 22, 23, 24, 25, 26, 27, 28]


6
process id 0
stats
5, 15, 7, 100, 1000
20220818-191901
loosing coalitions taken
[1, 2, 8, 14, 20]
[2, 3, 6, 14]
[1, 2, 10, 12, 13]
[1, 5, 6, 10, 22]
[1, 2, 7, 9]
[2, 4, 6, 16, 17]
[2, 4, 5, 15]
[1, 4, 7, 8]
[2, 3, 5, 24]
[3, 4, 5, 16]
[3, 4, 6, 13, 18]
[1, 3, 7, 14, 19]
[1, 4, 6, 28]
[1, 3, 8, 11, 16]
[16, 17, 18, 19, 20, 21, 22, 23, 24, 25, 26, 27, 28]


6
process id 1
stats
5, 15, 7, 100, 1000
20220818-191902
loosing coalitions taken
[2, 4, 5, 18]
[1, 4, 7, 8, 25]
[1, 3, 7, 10, 22]
[1, 2, 7, 16, 20]
[2, 3, 6, 11]
[1, 2, 8, 12, 21]
[2, 3, 5, 25]
[1, 5, 6, 16, 18]
[1, 4, 6, 27]
[2, 4, 6, 15, 17]
[1, 3, 8, 14, 16]
[3, 4, 6, 9, 19]
[3, 4, 5, 15]
[1, 2, 9, 11, 14]
[16, 17, 18, 19, 20, 21, 22, 23, 24, 25, 26, 27, 28]


6
process id 3
stats
5, 15, 7, 100, 1000
20220818-191902
loosing coalitions taken
[2, 3, 6, 14]
[1, 4, 8, 11, 14]
[1, 5, 6, 13, 20]
[1, 3, 7, 12, 21]
[1, 2, 9, 12, 13]
[3, 4, 5, 16]
[1, 2, 7, 16, 20]
[1, 4, 7, 9, 18]
[2, 4, 6, 9, 23]
[1, 4, 6, 27]
[3, 4, 6, 10, 19]
[2, 4, 5, 20]
[2, 3, 5, 24]
[1, 3, 9, 10, 11]
[16, 17, 18, 19, 20, 21, 22, 23, 24, 25, 26, 27, 28]


6
process id 7
stats
5, 15, 7, 100, 1000
20220818-191903
loosing coalitions taken
[1, 3, 8, 11, 18]
[2, 4, 5, 20]
[2, 3, 6, 11]
[1, 5, 6, 10, 22]
[1, 4, 8, 9, 12]
[3, 4, 6, 12, 18]
[2, 3, 5, 22]
[1, 4, 6, 27]
[1, 2, 8, 14, 17]
[1, 3, 7, 13, 21]
[3, 4, 5, 16]
[1, 2, 7, 11, 26]
[2, 4, 6, 13, 22]
[1, 2, 10, 12, 13]
[16, 17, 18, 19, 20, 21, 22, 23, 24, 25, 26, 27, 28]


6
process id 4
stats
5, 15, 7, 100, 1000
20220818-191903
loosing coalitions taken
[2, 4, 6, 14, 22]
[1, 3, 8, 12, 19]
[1, 5, 6, 13, 22]
[1, 3, 7, 13, 21]
[1, 2, 8, 15, 16]
[1, 2, 7, 9]
[1, 4, 6, 28]
[3, 4, 5, 13]
[2, 3, 6, 11]
[2, 4, 5, 21, 28]
[2, 3, 5, 20]
[3, 4, 6, 8]
[1, 4, 7, 8]
[1, 2, 10, 12, 14]
[16, 17, 18, 19, 20, 21, 22, 23, 24, 25, 26, 27, 28]


6
process id 1
stats
5, 15, 7, 100, 1000
20220818-191905
loosing coalitions taken
[1, 2, 7, 10, 28]
[2, 4, 6, 15, 21]
[1, 5, 6, 15, 20]
[1, 3, 8, 14, 16]
[2, 4, 5, 19]
[2, 3, 6, 12]
[1, 2, 8, 11, 20]
[1, 4, 7, 9, 16]
[1, 3, 9, 10, 11]
[2, 3, 5, 23]
[1, 4, 6, 27]
[3, 4, 5, 13]
[3, 4, 6, 11, 16]
[1, 3, 7, 15, 21]
[16, 17, 18, 19, 20, 21, 22, 23, 24, 25, 26, 27, 28]


6
process id 6
stats
5, 15, 7, 100, 1000
20220818-191905
loosing coalitions taken
[1, 2, 9, 12, 14]
[1, 3, 9, 10, 11]
[2, 4, 5, 17]
[1, 2, 8, 11, 20]
[1, 2, 7, 10, 26]
[1, 3, 7, 16, 17]
[1, 3, 8, 12, 18]
[1, 4, 7, 8]
[2, 3, 6, 13]
[2, 3, 5, 23]
[1, 5, 6, 10, 25]
[3, 4, 5, 20, 21]
[3, 4, 6, 9, 22]
[1, 4, 6, 28]
[16, 17, 18, 19, 20, 21, 22, 23, 24, 25, 26, 27, 28]


6
process id 5
stats
5, 15, 7, 100, 1000
20220818-191905
loosing coalitions taken
[2, 3, 5, 27, 28]
[1, 2, 8, 9, 22]
[1, 3, 9, 10, 12]
[1, 3, 8, 11, 18]
[1, 4, 7, 8]
[1, 5, 6, 9, 25]
[1, 3, 7, 14, 19]
[2, 4, 5, 20]
[3, 4, 5, 16, 25]
[2, 3, 6, 14]
[1, 4, 6, 28]
[1, 2, 7, 12, 20]
[3, 4, 6, 10, 18]
[2, 4, 6, 11, 21]
[16, 17, 18, 19, 20, 21, 22, 23, 24, 25, 26, 27, 28]


6
process id 7
stats
5, 15, 7, 100, 1000
20220818-191906
loosing coalitions taken
[1, 2, 7, 9, 27]
[1, 5, 6, 13, 23]
[2, 4, 6, 16, 17]
[2, 4, 5, 20]
[1, 2, 10, 12, 13]
[2, 3, 6, 12]
[1, 2, 8, 11, 21]
[1, 3, 7, 14, 22]
[1, 3, 8, 10, 18]
[1, 4, 7, 12, 15]
[2, 3, 5, 23]
[1, 4, 6, 28]
[3, 4, 5, 15]
[3, 4, 6, 8]
[16, 17, 18, 19, 20, 21, 22, 23, 24, 25, 26, 27, 28]


6
process id 3
stats
5, 15, 7, 100, 1000
20220818-191907
loosing coalitions taken
[1, 4, 7, 13, 15]
[1, 3, 7, 11, 22]
[1, 2, 10, 12, 14]
[1, 3, 8, 10, 16]
[2, 4, 5, 20]
[2, 3, 6, 10]
[3, 4, 5, 15]
[1, 5, 6, 16, 18]
[1, 2, 8, 13, 19]
[2, 3, 5, 23]
[1, 4, 6, 28]
[1, 2, 7, 9]
[2, 4, 6, 9, 24]
[3, 4, 6, 11, 19]
[16, 17, 18, 19, 20, 21, 22, 23, 24, 25, 26, 27, 28]


5
process id 5
stats
5, 15, 7, 100, 1000
20220818-191908
loosing coalitions taken
[1, 3, 8, 12, 19]
[1, 3, 7, 9, 24]
[3, 4, 5, 16, 25]
[2, 4, 5, 20]
[1, 4, 7, 8, 26]
[1, 5, 6, 9, 26]
[1, 4, 6, 28]
[2, 3, 6, 14]
[2, 3, 5, 23, 28]
[1, 2, 7, 16, 20]
[1, 2, 8, 10, 17]
[2, 4, 6, 10, 22]
[3, 4, 6, 8]
[1, 2, 9, 11, 14]
[16, 17, 18, 19, 20, 21, 22, 23, 24, 25, 26, 27, 28]


6
process id 2
stats
5, 15, 7, 100, 1000
20220818-191908
loosing coalitions taken
[1, 4, 8, 12, 13]
[1, 2, 7, 13, 23]
[1, 2, 8, 11, 19]
[1, 3, 7, 10, 24]
[1, 2, 9, 10, 12]
[1, 4, 7, 11, 17]
[1, 3, 8, 9, 16]
[1, 4, 6, 26, 28]
[1, 5, 6, 12, 23]
[2, 4, 5, 16, 28]
[3, 4, 6, 13, 18]
[2, 3, 6, 9, 26]
[2, 4, 6, 14, 22]
[3, 4, 5, 15]
[16, 17, 18, 19, 20, 21, 22, 23, 24, 25, 26, 27, 28]


6
process id 7
stats
5, 15, 7, 100, 1000
20220818-191908
loosing coalitions taken
[1, 3, 8, 11, 19]
[2, 3, 6, 14]
[3, 4, 5, 17, 28]
[1, 4, 7, 8]
[1, 2, 9, 11, 13]
[1, 4, 6, 27]
[1, 3, 7, 14, 21]
[2, 3, 5, 22]
[2, 4, 5, 16]
[3, 4, 6, 13, 19]
[2, 4, 6, 11, 21]
[1, 2, 8, 15, 17]
[1, 2, 7, 10, 23]
[1, 5, 6, 9, 22]
[16, 17, 18, 19, 20, 21, 22, 23, 24, 25, 26, 27, 28]


5
process id 5
stats
5, 15, 7, 100, 1000
20220818-191909
loosing coalitions taken
[1, 2, 8, 12, 20]
[1, 3, 7, 14, 19]
[1, 3, 8, 9, 18]
[2, 4, 5, 16]
[1, 2, 7, 11, 24]
[2, 3, 6, 10]
[3, 4, 5, 21, 22]
[3, 4, 6, 8]
[1, 4, 7, 9, 17]
[2, 4, 6, 13, 22]
[1, 5, 6, 13, 23]
[1, 4, 6, 25]
[2, 3, 5, 25]
[1, 4, 8, 11, 14]
[16, 17, 18, 19, 20, 21, 22, 23, 24, 25, 26, 27, 28]


6
process id 3
stats
5, 15, 7, 100, 1000
20220818-191909
loosing coalitions taken
[1, 2, 7, 14, 24]
[2, 4, 6, 15, 20]
[1, 2, 10, 11, 13]
[2, 4, 5, 19]
[1, 4, 7, 13, 15]
[1, 5, 6, 10, 21]
[1, 4, 6, 26]
[3, 4, 5, 13]
[2, 3, 6, 14]
[1, 3, 8, 10, 19]
[2, 3, 5, 21]
[3, 4, 6, 12, 16]
[1, 3, 7, 9, 20]
[1, 2, 8, 12, 16]
[16, 17, 18, 19, 20, 21, 22, 23, 24, 25, 26, 27, 28]


5
process id 2
stats
5, 15, 7, 100, 1000
20220818-191911
loosing coalitions taken
[1, 5, 6, 14, 22]
[1, 3, 8, 9, 17]
[1, 2, 9, 11, 13]
[2, 4, 5, 19]
[2, 3, 6, 14, 26]
[1, 2, 7, 17, 18]
[1, 3, 7, 11, 22]
[1, 2, 8, 14, 20]
[1, 4, 8, 10, 11]
[2, 4, 6, 13, 21]
[1, 4, 6, 27]
[3, 4, 5, 15]
[2, 3, 5, 20]
[3, 4, 6, 8]
[16, 17, 18, 19, 20, 21, 22, 23, 24, 25, 26, 27, 28]


6
process id 4
stats
5, 15, 7, 100, 1000
20220818-191911
loosing coalitions taken
[3, 4, 5, 16]
[1, 4, 7, 8]
[1, 2, 10, 11, 14]
[2, 4, 6, 15, 21]
[1, 5, 6, 10, 22]
[2, 3, 6, 13]
[1, 3, 7, 12, 19]
[2, 4, 5, 19]
[3, 4, 6, 12, 20]
[1, 4, 6, 26]
[2, 3, 5, 21]
[1, 2, 7, 13, 20]
[1, 3, 8, 14, 16]
[1, 2, 8, 9, 19]
[16, 17, 18, 19, 20, 21, 22, 23, 24, 25, 26, 27, 28]


6
process id 6
stats
5, 15, 7, 100, 1000
20220818-191911
loosing coalitions taken
[2, 4, 5, 20]
[1, 5, 6, 12, 24]
[1, 3, 8, 11, 18]
[1, 2, 7, 17, 18]
[1, 2, 8, 9, 21]
[1, 3, 7, 15, 21]
[2, 3, 6, 16, 19]
[1, 4, 6, 28]
[2, 3, 5, 21, 27]
[2, 4, 6, 13, 17]
[3, 4, 5, 13]
[3, 4, 6, 10, 18]
[1, 2, 10, 11, 14]
[1, 4, 7, 8]
[16, 17, 18, 19, 20, 21, 22, 23, 24, 25, 26, 27, 28]


6
process id 0
stats
5, 15, 7, 100, 1000
20220818-191912
loosing coalitions taken
[1, 2, 7, 9]
[2, 4, 6, 11, 22]
[2, 3, 6, 12]
[2, 3, 5, 23]
[1, 4, 7, 8]
[2, 4, 5, 19, 28]
[1, 5, 6, 11, 25]
[3, 4, 5, 20, 22]
[1, 4, 6, 27]
[1, 3, 7, 12, 22]
[1, 2, 8, 14, 19]
[1, 2, 10, 12, 13]
[1, 3, 9, 10, 11]
[3, 4, 6, 8]
[16, 17, 18, 19, 20, 21, 22, 23, 24, 25, 26, 27, 28]


6
process id 3
stats
5, 15, 7, 100, 1000
20220818-191912
loosing coalitions taken
[2, 3, 6, 11]
[1, 4, 7, 14, 16]
[1, 3, 8, 10, 18]
[3, 4, 5, 16]
[1, 2, 8, 15, 17]
[1, 3, 7, 13, 22]
[1, 2, 10, 12, 14]
[1, 2, 7, 9]
[2, 3, 5, 24]
[2, 4, 6, 12, 22]
[1, 4, 6, 27]
[3, 4, 6, 8]
[1, 5, 6, 16, 20]
[2, 4, 5, 19]
[16, 17, 18, 19, 20, 21, 22, 23, 24, 25, 26, 27, 28]


6
process id 4
stats
5, 15, 7, 100, 1000
20220818-191913
loosing coalitions taken
[2, 3, 6, 14]
[1, 2, 8, 12, 19]
[2, 4, 5, 17]
[1, 5, 6, 12, 21]
[1, 4, 8, 10, 11]
[1, 2, 7, 16, 20]
[1, 2, 9, 10, 13]
[2, 4, 6, 15, 18]
[3, 4, 5, 14]
[2, 3, 5, 23]
[1, 4, 6, 28]
[1, 3, 8, 9, 20]
[3, 4, 6, 9, 17]
[1, 3, 7, 13, 19]
[16, 17, 18, 19, 20, 21, 22, 23, 24, 25, 26, 27, 28]


6
process id 5
stats
5, 15, 7, 100, 1000
20220818-191914
loosing coalitions taken
[3, 4, 5, 16]
[2, 3, 6, 11]
[1, 4, 8, 10, 14]
[1, 5, 6, 15, 19]
[1, 2, 8, 13, 17]
[1, 2, 7, 10, 24]
[1, 2, 9, 12, 14]
[2, 4, 5, 20]
[1, 3, 7, 14, 20]
[1, 3, 8, 12, 18]
[2, 4, 6, 10, 19]
[3, 4, 6, 13, 18]
[2, 3, 5, 22]
[1, 4, 6, 26]
[16, 17, 18, 19, 20, 21, 22, 23, 24, 25, 26, 27, 28]


6
process id 1
stats
5, 15, 7, 100, 1000
20220818-191915
loosing coalitions taken
[1, 2, 9, 10, 11]
[1, 3, 7, 9, 23]
[2, 3, 6, 13, 25]
[2, 3, 5, 24]
[1, 3, 8, 12, 19]
[1, 2, 8, 14, 18]
[1, 2, 7, 12, 25]
[1, 4, 8, 11, 13]
[1, 4, 6, 28]
[3, 4, 5, 13]
[2, 4, 5, 17]
[3, 4, 6, 15, 17]
[2, 4, 6, 11, 21]
[1, 5, 6, 14, 22]
[16, 17, 18, 19, 20, 21, 22, 23, 24, 25, 26, 27, 28]


5
process id 3
stats
5, 15, 7, 100, 1000
20220818-191915
loosing coalitions taken
[2, 3, 6, 17, 20]
[2, 3, 5, 23]
[1, 3, 8, 11, 17]
[1, 5, 6, 9, 26]
[3, 4, 6, 9, 21]
[1, 2, 7, 16, 20]
[1, 2, 8, 9, 22]
[3, 4, 5, 16]
[2, 4, 5, 17]
[1, 4, 6, 25]
[2, 4, 6, 11, 23]
[1, 2, 10, 12, 13]
[1, 4, 7, 8, 23]
[1, 3, 7, 14, 19]
[16, 17, 18, 19, 20, 21, 22, 23, 24, 25, 26, 27, 28]


6
process id 2
stats
5, 15, 7, 100, 1000
20220818-191916
loosing coalitions taken
[1, 3, 8, 11, 17]
[1, 3, 7, 12, 21]
[1, 2, 7, 14, 22]
[1, 2, 8, 9, 18]
[2, 3, 6, 11]
[2, 4, 5, 20]
[1, 4, 6, 28]
[1, 4, 7, 8]
[2, 3, 5, 25, 27]
[3, 4, 5, 14]
[3, 4, 6, 10, 20]
[1, 5, 6, 13, 23]
[2, 4, 6, 9, 21]
[1, 2, 10, 11, 13]
[16, 17, 18, 19, 20, 21, 22, 23, 24, 25, 26, 27, 28]


5
process id 7
stats
5, 15, 7, 100, 1000
20220818-191916
loosing coalitions taken
[1, 5, 6, 10, 26]
[1, 3, 8, 12, 18]
[2, 3, 6, 12]
[1, 4, 7, 14, 15]
[1, 2, 7, 16, 18]
[1, 2, 9, 10, 11]
[1, 4, 6, 25]
[2, 4, 6, 9, 21]
[2, 3, 5, 20]
[2, 4, 5, 19]
[3, 4, 5, 15]
[3, 4, 6, 8]
[2, 3, 7, 8, 9]
[1, 3, 7, 10, 20]
[16, 17, 18, 19, 20, 21, 22, 23, 24, 25, 26, 27, 28]


5
process id 1
stats
5, 15, 7, 100, 1000
20220818-191918
loosing coalitions taken
[1, 2, 7, 9]
[3, 4, 5, 16]
[2, 3, 6, 10]
[1, 4, 6, 26]
[2, 4, 5, 18, 25]
[3, 4, 6, 13, 19]
[1, 4, 7, 8, 27]
[1, 3, 8, 12, 18]
[1, 5, 6, 13, 24]
[1, 3, 7, 16, 17]
[1, 2, 10, 12, 14]
[2, 3, 5, 20]
[2, 4, 6, 12, 23]
[1, 2, 8, 11, 21]
[16, 17, 18, 19, 20, 21, 22, 23, 24, 25, 26, 27, 28]


5
process id 5
stats
5, 15, 7, 100, 1000
20220818-191918
loosing coalitions taken
[1, 5, 6, 13, 24]
[2, 4, 6, 15, 21]
[2, 3, 5, 23]
[3, 4, 6, 13, 18]
[1, 2, 8, 9, 21]
[1, 4, 7, 8, 25]
[1, 2, 7, 15, 20]
[1, 2, 10, 11, 13]
[3, 4, 5, 14]
[1, 4, 6, 28]
[2, 4, 5, 16]
[1, 3, 7, 10, 17]
[2, 3, 6, 9]
[1, 3, 8, 11, 18]
[16, 17, 18, 19, 20, 21, 22, 23, 24, 25, 26, 27, 28]


6
process id 2
stats
5, 15, 7, 100, 1000
20220818-191919
loosing coalitions taken
[1, 5, 6, 9, 25]
[1, 2, 9, 11, 13]
[1, 3, 8, 15, 16]
[1, 2, 10, 12, 14]
[3, 4, 6, 10, 20]
[1, 2, 7, 15, 21]
[1, 3, 7, 14, 17]
[2, 4, 5, 21, 25]
[3, 4, 5, 15]
[1, 4, 7, 9, 19]
[2, 3, 5, 22]
[1, 4, 8, 10, 11]
[2, 3, 6, 15, 24]
[1, 4, 6, 28]
[16, 17, 18, 19, 20, 21, 22, 23, 24, 25, 26, 27, 28]


6
process id 4
stats
5, 15, 7, 100, 1000
20220818-191919
loosing coalitions taken
[2, 3, 6, 13]
[2, 4, 5, 18]
[1, 2, 10, 12, 14]
[1, 4, 8, 9, 11]
[1, 3, 7, 9, 23]
[1, 2, 7, 15, 19]
[1, 3, 8, 10, 18]
[1, 5, 6, 14, 22]
[3, 4, 6, 9, 22]
[1, 4, 6, 25]
[2, 3, 5, 22]
[2, 4, 6, 12, 19]
[3, 4, 5, 15]
[1, 4, 7, 13, 14]
[16, 17, 18, 19, 20, 21, 22, 23, 24, 25, 26, 27, 28]


6
process id 0
stats
5, 15, 7, 100, 1000
20220818-191920
loosing coalitions taken
[1, 5, 6, 11, 23]
[2, 4, 5, 17, 26]
[1, 2, 8, 14, 20]
[2, 3, 5, 25]
[1, 3, 7, 9, 24]
[1, 2, 7, 15, 22]
[1, 2, 9, 10, 12]
[1, 3, 8, 12, 17]
[2, 3, 6, 9]
[3, 4, 5, 19, 23]
[3, 4, 6, 8]
[1, 4, 7, 10, 18]
[1, 4, 6, 26]
[2, 4, 6, 12, 22]
[16, 17, 18, 19, 20, 21, 22, 23, 24, 25, 26, 27, 28]


6
process id 6
stats
5, 15, 7, 100, 1000
20220818-191921
loosing coalitions taken
[1, 4, 7, 13, 16]
[1, 4, 8, 10, 11]
[3, 4, 5, 15]
[1, 3, 7, 10, 22]
[2, 3, 6, 13]
[1, 2, 7, 15, 19]
[1, 5, 6, 9, 23]
[1, 2, 8, 9, 20]
[1, 2, 10, 12, 14]
[2, 4, 5, 18, 25]
[3, 4, 6, 12, 16]
[1, 3, 8, 13, 14]
[2, 3, 5, 23]
[1, 4, 6, 27]
[16, 17, 18, 19, 20, 21, 22, 23, 24, 25, 26, 27, 28]


5
process id 2
stats
5, 15, 7, 100, 1000
20220818-191921
loosing coalitions taken
[2, 3, 5, 23]
[3, 4, 6, 11, 20]
[2, 4, 6, 16, 17]
[1, 2, 9, 10, 14]
[1, 2, 8, 13, 17]
[1, 3, 8, 11, 16]
[1, 2, 7, 16, 18]
[1, 3, 7, 12, 20]
[2, 3, 6, 12]
[1, 4, 7, 8]
[1, 5, 6, 10, 20]
[1, 4, 6, 26]
[2, 4, 5, 19]
[3, 4, 5, 13]
[16, 17, 18, 19, 20, 21, 22, 23, 24, 25, 26, 27, 28]


6
process id 5
stats
5, 15, 7, 100, 1000
20220818-191922
loosing coalitions taken
[1, 3, 8, 11, 18]
[2, 4, 5, 18]
[1, 5, 6, 15, 20]
[1, 4, 7, 8]
[3, 4, 6, 9, 22]
[1, 2, 10, 11, 13]
[1, 4, 6, 27]
[2, 3, 5, 25]
[1, 2, 7, 14, 20]
[2, 3, 6, 10]
[2, 4, 6, 14, 19]
[1, 2, 8, 12, 16]
[3, 4, 5, 21, 24]
[1, 3, 7, 13, 17]
[16, 17, 18, 19, 20, 21, 22, 23, 24, 25, 26, 27, 28]


5
process id 0
stats
5, 15, 7, 100, 1000
20220818-191923
loosing coalitions taken
[1, 3, 7, 9, 23]
[1, 5, 6, 10, 25]
[3, 4, 5, 16]
[1, 2, 8, 12, 20]
[1, 2, 7, 13, 24]
[2, 4, 6, 15, 18]
[1, 2, 9, 10, 14]
[1, 3, 8, 11, 18]
[2, 4, 5, 20]
[2, 3, 6, 11]
[3, 4, 6, 8]
[2, 3, 5, 23]
[1, 4, 7, 8]
[1, 4, 6, 27]
[16, 17, 18, 19, 20, 21, 22, 23, 24, 25, 26, 27, 28]


6
process id 3
stats
5, 15, 7, 100, 1000
20220818-191923
loosing coalitions taken
[2, 4, 6, 16, 18]
[2, 3, 5, 25]
[1, 3, 7, 16, 18]
[1, 5, 6, 15, 21]
[1, 4, 7, 11, 17]
[1, 2, 9, 12, 13]
[3, 4, 6, 10, 17]
[1, 3, 8, 13, 15]
[2, 4, 5, 15]
[2, 3, 6, 12]
[1, 4, 6, 27]
[3, 4, 5, 13]
[1, 2, 7, 10, 28]
[1, 2, 8, 14, 20]
[16, 17, 18, 19, 20, 21, 22, 23, 24, 25, 26, 27, 28]


6
process id 5
stats
5, 15, 7, 100, 1000
20220818-191924
loosing coalitions taken
[1, 4, 7, 8]
[1, 2, 9, 10, 13]
[1, 5, 6, 16, 19]
[3, 4, 6, 9, 22]
[3, 4, 5, 13]
[2, 3, 6, 15, 26]
[2, 4, 5, 18]
[2, 3, 5, 21]
[1, 4, 6, 28]
[2, 4, 6, 11, 21]
[1, 2, 7, 11, 25]
[1, 3, 7, 12, 22]
[1, 2, 8, 14, 19]
[1, 3, 8, 13, 16]
[16, 17, 18, 19, 20, 21, 22, 23, 24, 25, 26, 27, 28]


5
process id 0
stats
5, 15, 7, 100, 1000
20220818-191925
loosing coalitions taken
[1, 5, 6, 15, 21]
[1, 3, 8, 12, 17]
[1, 2, 9, 10, 14]
[1, 2, 7, 13, 24]
[3, 4, 6, 13, 20]
[3, 4, 5, 16, 23]
[2, 4, 5, 20]
[1, 2, 8, 15, 16]
[2, 3, 6, 10]
[1, 3, 7, 15, 20]
[1, 4, 6, 26]
[1, 4, 7, 8]
[2, 3, 5, 24]
[2, 4, 6, 9, 22]
[16, 17, 18, 19, 20, 21, 22, 23, 24, 25, 26, 27, 28]


6
process id 7
stats
5, 15, 7, 100, 1000
20220818-191925
loosing coalitions taken
[1, 3, 8, 9, 18]
[2, 4, 5, 20]
[1, 4, 7, 8, 25]
[1, 4, 6, 27]
[1, 2, 7, 16, 21]
[1, 2, 8, 10, 19]
[3, 4, 5, 16]
[1, 5, 6, 9, 24]
[2, 3, 6, 13, 26]
[1, 2, 9, 11, 12]
[2, 3, 5, 23]
[3, 4, 6, 11, 20]
[2, 4, 6, 14, 17]
[1, 3, 7, 10, 23]
[16, 17, 18, 19, 20, 21, 22, 23, 24, 25, 26, 27, 28]


6
process id 6
stats
5, 15, 7, 100, 1000
20220818-191926
loosing coalitions taken
[1, 3, 7, 10, 22]
[1, 2, 8, 9, 19]
[3, 4, 5, 17, 28]
[2, 4, 5, 19]
[1, 3, 8, 13, 16]
[2, 3, 6, 9]
[1, 2, 7, 13, 23]
[1, 2, 10, 12, 14]
[2, 3, 5, 22]
[1, 4, 7, 8]
[1, 5, 6, 12, 20]
[1, 4, 6, 27]
[3, 4, 6, 8]
[2, 4, 6, 10, 23]
[16, 17, 18, 19, 20, 21, 22, 23, 24, 25, 26, 27, 28]


6
process id 1
stats
5, 15, 7, 100, 1000
20220818-191927
loosing coalitions taken
[1, 2, 9, 10, 14]
[2, 4, 6, 14, 21]
[2, 3, 6, 13]
[1, 2, 7, 11, 22]
[1, 3, 8, 10, 16]
[1, 4, 7, 9, 19]
[2, 4, 5, 17, 26]
[1, 2, 8, 12, 19]
[1, 4, 6, 27]
[1, 5, 6, 11, 25]
[3, 4, 5, 16]
[2, 3, 5, 22]
[1, 3, 7, 13, 17]
[3, 4, 6, 8]
[16, 17, 18, 19, 20, 21, 22, 23, 24, 25, 26, 27, 28]


6
process id 3
stats
5, 15, 7, 100, 1000
20220818-191928
loosing coalitions taken
[1, 2, 8, 11, 21]
[1, 3, 8, 9, 20]
[1, 5, 6, 11, 25]
[3, 4, 5, 16]
[1, 4, 8, 12, 14]
[1, 2, 7, 17, 19]
[1, 2, 9, 10, 12]
[2, 3, 6, 10]
[1, 4, 7, 9, 18]
[2, 3, 5, 24]
[3, 4, 6, 8]
[2, 4, 5, 19]
[2, 4, 6, 9, 20]
[1, 3, 7, 10, 22]
[16, 17, 18, 19, 20, 21, 22, 23, 24, 25, 26, 27, 28]


6
process id 0
stats
5, 15, 7, 100, 1000
20220818-191928
loosing coalitions taken
[2, 3, 6, 14]
[1, 2, 8, 13, 17]
[1, 3, 8, 11, 18]
[1, 2, 7, 11, 26]
[2, 4, 5, 19]
[1, 4, 7, 8]
[1, 5, 6, 13, 22]
[1, 4, 6, 25]
[2, 4, 6, 10, 18]
[3, 4, 5, 14]
[2, 3, 5, 23]
[3, 4, 6, 8]
[1, 3, 7, 12, 20]
[1, 2, 9, 10, 12]
[16, 17, 18, 19, 20, 21, 22, 23, 24, 25, 26, 27, 28]


6
process id 5
stats
5, 15, 7, 100, 1000
20220818-191929
loosing coalitions taken
[1, 3, 8, 14, 16]
[2, 4, 5, 20]
[1, 2, 8, 15, 17]
[1, 5, 6, 12, 22]
[2, 3, 6, 11]
[1, 2, 9, 10, 13]
[2, 4, 6, 15, 16]
[2, 3, 5, 21]
[1, 4, 6, 26]
[1, 2, 7, 11, 21]
[3, 4, 5, 17, 28]
[1, 3, 7, 10, 18]
[3, 4, 6, 9, 20]
[1, 4, 8, 10, 11]
[16, 17, 18, 19, 20, 21, 22, 23, 24, 25, 26, 27, 28]


5
process id 7
stats
5, 15, 7, 100, 1000
20220818-191929
loosing coalitions taken
[1, 2, 9, 12, 14]
[2, 4, 5, 20]
[1, 3, 8, 13, 15]
[2, 3, 6, 12]
[1, 2, 7, 13, 22]
[1, 2, 8, 10, 17]
[2, 4, 6, 14, 21]
[1, 4, 6, 25]
[3, 4, 5, 17, 25]
[2, 3, 5, 24]
[3, 4, 6, 13, 16]
[1, 3, 7, 12, 21]
[1, 4, 7, 8]
[1, 3, 9, 10, 11]
[16, 17, 18, 19, 20, 21, 22, 23, 24, 25, 26, 27, 28]


6
process id 4
stats
5, 15, 7, 100, 1000
20220818-191930
loosing coalitions taken
[2, 4, 5, 18, 28]
[1, 3, 8, 9, 19]
[1, 2, 7, 9]
[1, 5, 6, 16, 17]
[2, 3, 6, 9]
[3, 4, 5, 14]
[1, 4, 6, 27]
[2, 3, 5, 20]
[1, 3, 7, 11, 17]
[2, 4, 6, 16, 19]
[1, 4, 7, 10, 19]
[1, 2, 10, 11, 13]
[3, 4, 6, 8]
[1, 2, 8, 15, 17]
[16, 17, 18, 19, 20, 21, 22, 23, 24, 25, 26, 27, 28]


5
process id 6
stats
5, 15, 7, 100, 1000
20220818-191931
loosing coalitions taken
[1, 2, 8, 14, 20]
[1, 4, 7, 8]
[1, 5, 6, 10, 26]
[1, 3, 9, 10, 11]
[3, 4, 5, 15]
[2, 3, 5, 22]
[2, 4, 6, 9, 21]
[3, 4, 6, 8]
[2, 3, 6, 14, 23]
[2, 4, 5, 18]
[1, 3, 7, 14, 19]
[1, 3, 8, 15, 16]
[1, 4, 6, 28]
[1, 2, 7, 9]
[16, 17, 18, 19, 20, 21, 22, 23, 24, 25, 26, 27, 28]


6
process id 7
stats
5, 15, 7, 100, 1000
20220818-191932
loosing coalitions taken
[1, 2, 8, 10, 21]
[3, 4, 6, 10, 21]
[2, 3, 6, 15, 27]
[1, 5, 6, 9, 25]
[1, 3, 9, 10, 11]
[1, 3, 7, 12, 22]
[1, 4, 7, 8]
[1, 2, 9, 12, 14]
[2, 3, 5, 20]
[3, 4, 5, 19, 26]
[2, 4, 6, 14, 20]
[1, 3, 8, 15, 16]
[2, 4, 5, 15]
[1, 4, 6, 26]
[16, 17, 18, 19, 20, 21, 22, 23, 24, 25, 26, 27, 28]


5
process id 5
stats
5, 15, 7, 100, 1000
20220818-191932
loosing coalitions taken
[1, 3, 7, 12, 21]
[1, 2, 7, 10, 24]
[2, 3, 5, 24]
[1, 2, 9, 11, 13]
[1, 3, 8, 10, 17]
[1, 4, 7, 8, 27]
[1, 2, 8, 14, 16]
[2, 4, 5, 16]
[3, 4, 6, 8]
[2, 3, 6, 13, 25]
[1, 5, 6, 9, 26]
[3, 4, 5, 19, 20]
[2, 4, 6, 14, 20]
[1, 4, 6, 25]
[16, 17, 18, 19, 20, 21, 22, 23, 24, 25, 26, 27, 28]


5
process id 0
stats
5, 15, 7, 100, 1000
20220818-191933
loosing coalitions taken
[2, 4, 5, 18]
[1, 3, 7, 13, 18]
[1, 2, 7, 15, 19]
[1, 5, 6, 16, 20]
[1, 3, 8, 9, 20]
[1, 4, 8, 10, 11]
[3, 4, 6, 8]
[1, 2, 10, 12, 14]
[2, 3, 5, 21]
[3, 4, 5, 13]
[2, 3, 6, 14, 26]
[1, 4, 6, 26]
[2, 4, 6, 9, 20]
[1, 2, 8, 13, 17]
[16, 17, 18, 19, 20, 21, 22, 23, 24, 25, 26, 27, 28]


6
process id 2
stats
5, 15, 7, 100, 1000
20220818-191933
loosing coalitions taken
[3, 4, 5, 21, 23]
[1, 4, 7, 8]
[2, 4, 5, 19]
[1, 5, 6, 13, 24]
[2, 3, 6, 15, 23]
[2, 4, 6, 14, 22]
[1, 3, 9, 10, 11]
[1, 4, 6, 27]
[1, 2, 7, 9]
[3, 4, 6, 12, 19]
[2, 3, 5, 20]
[1, 3, 7, 13, 21]
[1, 2, 8, 11, 17]
[1, 2, 10, 12, 13]
[16, 17, 18, 19, 20, 21, 22, 23, 24, 25, 26, 27, 28]


5
process id 0
stats
5, 15, 7, 100, 1000
20220818-191936
loosing coalitions taken
[1, 4, 7, 9, 17]
[1, 2, 8, 11, 21]
[1, 3, 9, 10, 11]
[2, 4, 5, 19]
[1, 2, 7, 10, 25]
[1, 3, 8, 12, 19]
[1, 3, 7, 15, 18]
[2, 4, 6, 9, 23]
[2, 3, 6, 11]
[3, 4, 5, 17, 21]
[1, 5, 6, 12, 21]
[2, 3, 5, 23, 25]
[1, 4, 6, 25]
[3, 4, 6, 8]
[16, 17, 18, 19, 20, 21, 22, 23, 24, 25, 26, 27, 28]


5
process id 7
stats
5, 15, 7, 100, 1000
20220818-191938
loosing coalitions taken
[1, 2, 10, 12, 14]
[1, 4, 7, 11, 17]
[1, 2, 7, 9, 27]
[1, 3, 7, 14, 22]
[1, 5, 6, 10, 25]
[2, 4, 5, 16]
[1, 2, 8, 13, 19]
[1, 4, 8, 9, 15]
[1, 3, 8, 10, 16]
[3, 4, 5, 20, 24]
[2, 3, 6, 14, 27]
[3, 4, 6, 8]
[2, 3, 5, 22]
[2, 4, 6, 13, 20]
[16, 17, 18, 19, 20, 21, 22, 23, 24, 25, 26, 27, 28]


6
process id 2
stats
5, 15, 7, 100, 1000
20220818-191938
loosing coalitions taken
[2, 4, 6, 10, 23]
[3, 4, 5, 19, 24]
[2, 4, 5, 17]
[2, 3, 6, 14]
[1, 3, 7, 13, 20]
[1, 2, 7, 15, 21]
[1, 3, 9, 10, 11]
[1, 3, 8, 15, 16]
[1, 2, 10, 12, 13]
[1, 2, 8, 9, 18]
[1, 4, 8, 12, 14]
[1, 5, 6, 11, 25]
[1, 4, 7, 9, 19]
[1, 4, 6, 28]
[16, 17, 18, 19, 20, 21, 22, 23, 24, 25, 26, 27, 28]


6
process id 3
stats
5, 15, 7, 100, 1000
20220818-191938
loosing coalitions taken
[1, 3, 7, 14, 21]
[1, 2, 8, 12, 18]
[1, 3, 8, 10, 17]
[1, 5, 6, 15, 19]
[1, 2, 9, 10, 11]
[1, 2, 7, 16, 17]
[1, 4, 7, 9, 19]
[2, 3, 5, 24]
[2, 4, 5, 18]
[2, 4, 6, 13, 17]
[3, 4, 5, 16, 28]
[1, 4, 6, 27]
[2, 3, 6, 9]
[3, 4, 6, 8]
[16, 17, 18, 19, 20, 21, 22, 23, 24, 25, 26, 27, 28]


6
process id 4
stats
5, 15, 7, 100, 1000
20220818-191938
loosing coalitions taken
[2, 4, 6, 12, 21]
[1, 3, 7, 16, 18]
[1, 2, 8, 10, 21]
[1, 2, 9, 12, 13]
[1, 4, 6, 28]
[1, 3, 8, 12, 15]
[2, 3, 6, 13, 22]
[1, 4, 7, 8]
[2, 3, 5, 20]
[3, 4, 5, 14]
[2, 4, 5, 17, 25]
[1, 5, 6, 11, 24]
[3, 4, 6, 10, 18]
[1, 2, 7, 11, 25]
[16, 17, 18, 19, 20, 21, 22, 23, 24, 25, 26, 27, 28]


6
process id 5
stats
5, 15, 7, 100, 1000
20220818-191938
loosing coalitions taken
[1, 4, 8, 13, 14]
[1, 2, 7, 16, 18]
[1, 2, 9, 10, 13]
[2, 3, 6, 11]
[1, 2, 8, 12, 20]
[1, 3, 7, 12, 21]
[3, 4, 5, 16]
[1, 4, 6, 26]
[2, 4, 5, 15]
[1, 5, 6, 14, 18]
[2, 3, 5, 24, 26]
[3, 4, 6, 10, 21]
[1, 4, 7, 11, 15]
[2, 4, 6, 13, 19]
[16, 17, 18, 19, 20, 21, 22, 23, 24, 25, 26, 27, 28]


6
process id 1
stats
5, 15, 7, 100, 1000
20220818-191939
loosing coalitions taken
[1, 5, 6, 10, 26]
[2, 3, 6, 11]
[1, 3, 8, 13, 16]
[1, 3, 7, 15, 20]
[1, 3, 9, 10, 12]
[2, 4, 5, 17]
[1, 2, 7, 13, 22]
[3, 4, 5, 14]
[3, 4, 6, 12, 17]
[2, 3, 5, 25]
[1, 4, 6, 28]
[1, 4, 8, 12, 14]
[1, 4, 7, 9, 19]
[2, 4, 6, 16, 19]
[16, 17, 18, 19, 20, 21, 22, 23, 24, 25, 26, 27, 28]


5
process id 7
stats
5, 15, 7, 100, 1000
20220818-191939
loosing coalitions taken
[2, 3, 5, 25]
[2, 4, 6, 10, 24]
[1, 2, 10, 11, 14]
[1, 4, 7, 9, 17]
[1, 3, 8, 10, 17]
[1, 3, 7, 15, 19]
[1, 2, 7, 13, 23]
[3, 4, 5, 21, 22]
[3, 4, 6, 13, 16]
[1, 5, 6, 9, 20]
[2, 4, 5, 17]
[1, 4, 6, 27]
[2, 3, 6, 12]
[1, 2, 8, 12, 18]
[16, 17, 18, 19, 20, 21, 22, 23, 24, 25, 26, 27, 28]


5
process id 2
stats
5, 15, 7, 100, 1000
20220818-191940
loosing coalitions taken
[1, 2, 10, 11, 13]
[2, 4, 5, 20]
[1, 3, 9, 10, 12]
[1, 2, 8, 9, 22]
[1, 4, 7, 10, 19]
[1, 3, 8, 13, 16]
[1, 5, 6, 12, 23]
[2, 3, 6, 10]
[1, 3, 7, 11, 22]
[1, 4, 6, 28]
[2, 3, 5, 22]
[3, 4, 5, 14]
[2, 4, 6, 11, 24]
[3, 4, 6, 8, 27]
[16, 17, 18, 19, 20, 21, 22, 23, 24, 25, 26, 27, 28]


5
process id 3
stats
5, 15, 7, 100, 1000
20220818-191940
loosing coalitions taken
[3, 4, 6, 9, 22]
[1, 3, 8, 12, 17]
[1, 3, 7, 13, 22]
[1, 4, 8, 9, 15]
[1, 5, 6, 16, 17]
[1, 4, 7, 10, 18]
[2, 4, 5, 18]
[2, 3, 6, 14]
[1, 2, 9, 11, 12]
[2, 3, 5, 22]
[2, 4, 6, 12, 17]
[1, 4, 6, 28]
[3, 4, 5, 14]
[1, 2, 8, 14, 20]
[16, 17, 18, 19, 20, 21, 22, 23, 24, 25, 26, 27, 28]


5
process id 0
stats
5, 15, 7, 100, 1000
20220818-191941
loosing coalitions taken
[1, 2, 8, 11, 20]
[1, 2, 9, 12, 13]
[1, 5, 6, 14, 22]
[1, 3, 8, 9, 18]
[1, 3, 7, 13, 20]
[3, 4, 5, 17, 22]
[1, 4, 7, 8]
[2, 4, 5, 18]
[3, 4, 6, 14, 20]
[1, 4, 6, 27]
[2, 3, 6, 13]
[2, 4, 6, 11, 21]
[1, 2, 7, 10, 25]
[2, 3, 5, 24]
[16, 17, 18, 19, 20, 21, 22, 23, 24, 25, 26, 27, 28]


5
process id 1
stats
5, 15, 7, 100, 1000
20220818-191941
loosing coalitions taken
[2, 4, 5, 18]
[1, 4, 8, 11, 12]
[1, 2, 10, 11, 13]
[1, 5, 6, 14, 22]
[1, 2, 8, 9, 20]
[1, 2, 7, 14, 24]
[1, 3, 8, 10, 17]
[1, 3, 7, 12, 22]
[3, 5, 6, 7, 15]
[3, 4, 6, 12, 16]
[3, 4, 5, 17, 26]
[2, 3, 5, 25]
[2, 3, 6, 13]
[2, 4, 6, 11, 19]
[16, 17, 18, 19, 20, 21, 22, 23, 24, 25, 26, 27, 28]


5
process id 5
stats
5, 15, 7, 100, 1000
20220818-191941
loosing coalitions taken
[2, 3, 6, 14, 27]
[1, 4, 7, 8]
[1, 2, 9, 11, 14]
[2, 4, 5, 19]
[1, 5, 6, 15, 21]
[1, 2, 10, 12, 13]
[3, 4, 5, 20, 24]
[1, 4, 6, 26]
[3, 4, 6, 8]
[2, 3, 5, 25]
[1, 3, 7, 10, 17]
[1, 2, 8, 15, 16]
[2, 4, 6, 10, 21]
[1, 3, 8, 9, 20]
[16, 17, 18, 19, 20, 21, 22, 23, 24, 25, 26, 27, 28]


5
process id 0
stats
5, 15, 7, 100, 1000
20220818-191942
loosing coalitions taken
[1, 3, 7, 10, 23]
[1, 5, 6, 12, 24]
[1, 2, 9, 10, 11]
[2, 3, 6, 12]
[1, 2, 7, 14, 22]
[1, 4, 7, 9, 16]
[2, 4, 5, 17]
[1, 2, 8, 13, 19]
[1, 4, 6, 26]
[3, 4, 5, 16]
[2, 3, 5, 25]
[3, 4, 6, 13, 18]
[2, 4, 6, 10, 21]
[1, 3, 8, 12, 15]
[16, 17, 18, 19, 20, 21, 22, 23, 24, 25, 26, 27, 28]


5
process id 6
stats
5, 15, 7, 100, 1000
20220818-191943
loosing coalitions taken
[1, 2, 7, 15, 22]
[3, 4, 6, 14, 18]
[1, 5, 6, 13, 22]
[2, 3, 5, 25]
[2, 4, 6, 15, 19]
[1, 3, 8, 15, 16]
[1, 2, 9, 12, 14]
[1, 2, 8, 10, 17]
[2, 3, 6, 16, 17]
[1, 4, 7, 8]
[2, 4, 5, 17, 27]
[3, 4, 5, 13]
[1, 4, 6, 27]
[1, 3, 7, 9, 21]
[16, 17, 18, 19, 20, 21, 22, 23, 24, 25, 26, 27, 28]


6
process id 2
stats
5, 15, 7, 100, 1000
20220818-191944
loosing coalitions taken
[2, 4, 6, 12, 23]
[2, 4, 5, 21, 25]
[3, 4, 5, 19, 26]
[1, 2, 8, 9, 21]
[1, 2, 7, 17, 19]
[1, 4, 7, 8]
[1, 5, 6, 13, 23]
[1, 2, 10, 11, 14]
[2, 3, 6, 10]
[2, 3, 5, 24]
[3, 4, 6, 8]
[1, 3, 7, 14, 20]
[1, 3, 8, 12, 16]
[1, 4, 6, 28]
[16, 17, 18, 19, 20, 21, 22, 23, 24, 25, 26, 27, 28]


5
process id 1
stats
5, 15, 7, 100, 1000
20220818-191944
loosing coalitions taken
[1, 5, 6, 12, 23]
[1, 3, 7, 16, 18]
[1, 2, 8, 14, 20]
[1, 2, 7, 10, 26]
[2, 4, 5, 16]
[1, 3, 8, 12, 19]
[2, 4, 6, 10, 18]
[3, 4, 5, 14]
[2, 3, 6, 9]
[2, 3, 5, 22]
[1, 4, 6, 26]
[1, 4, 7, 8]
[3, 4, 6, 8]
[1, 3, 9, 10, 11]
[16, 17, 18, 19, 20, 21, 22, 23, 24, 25, 26, 27, 28]


6
process id 6
stats
5, 15, 7, 100, 1000
20220818-191945
loosing coalitions taken
[2, 3, 6, 14]
[1, 4, 7, 12, 16]
[1, 3, 8, 13, 16]
[1, 3, 9, 10, 11]
[1, 2, 7, 13, 22]
[2, 4, 5, 22, 24]
[1, 2, 8, 10, 21]
[1, 3, 7, 15, 21]
[3, 4, 5, 20, 23]
[2, 3, 5, 25]
[3, 4, 6, 8]
[1, 4, 6, 26]
[2, 4, 6, 10, 18]
[1, 5, 6, 11, 21]
[16, 17, 18, 19, 20, 21, 22, 23, 24, 25, 26, 27, 28]


5
process id 5
stats
5, 15, 7, 100, 1000
20220818-191945
loosing coalitions taken
[1, 5, 6, 9, 23]
[1, 3, 8, 12, 19]
[1, 2, 10, 11, 12]
[1, 2, 8, 15, 17]
[2, 3, 5, 25]
[2, 4, 6, 11, 23]
[1, 3, 7, 14, 18]
[1, 4, 7, 8, 25]
[3, 4, 6, 8]
[2, 3, 6, 12]
[1, 2, 7, 9]
[2, 4, 5, 18]
[1, 4, 6, 27]
[3, 4, 5, 14]
[16, 17, 18, 19, 20, 21, 22, 23, 24, 25, 26, 27, 28]


6
process id 0
stats
5, 15, 7, 100, 1000
20220818-191947
loosing coalitions taken
[2, 3, 5, 25]
[1, 3, 9, 10, 12]
[1, 2, 7, 12, 26]
[1, 2, 10, 11, 14]
[3, 4, 6, 12, 18]
[1, 5, 6, 11, 24]
[2, 4, 6, 14, 19]
[1, 4, 7, 8, 25]
[1, 2, 8, 13, 19]
[2, 4, 5, 18]
[2, 3, 6, 10]
[1, 4, 6, 28]
[1, 3, 7, 13, 21]
[3, 4, 5, 16, 27]
[16, 17, 18, 19, 20, 21, 22, 23, 24, 25, 26, 27, 28]


5
process id 6
stats
5, 15, 7, 100, 1000
20220818-191947
loosing coalitions taken
[3, 4, 5, 21, 24]
[2, 4, 5, 18]
[1, 5, 6, 11, 22]
[3, 4, 6, 11, 20]
[2, 3, 6, 15, 21]
[1, 3, 8, 14, 15]
[1, 4, 8, 12, 13]
[1, 2, 7, 10, 27]
[2, 3, 5, 23]
[2, 4, 6, 10, 19]
[1, 3, 7, 9, 24]
[1, 4, 6, 26]
[1, 2, 8, 9, 22]
[1, 4, 7, 14, 16]
[16, 17, 18, 19, 20, 21, 22, 23, 24, 25, 26, 27, 28]


6
process id 5
stats
5, 15, 7, 100, 1000
20220818-191947
loosing coalitions taken
[1, 5, 6, 11, 24]
[1, 3, 8, 9, 20]
[1, 2, 7, 11, 25]
[1, 4, 7, 8]
[2, 3, 5, 25, 27]
[2, 3, 6, 10]
[2, 4, 5, 17]
[3, 4, 5, 15]
[1, 4, 6, 26]
[2, 4, 6, 9, 25]
[1, 2, 8, 14, 18]
[1, 3, 7, 15, 16]
[3, 4, 6, 13, 21]
[1, 2, 9, 12, 13]
[16, 17, 18, 19, 20, 21, 22, 23, 24, 25, 26, 27, 28]


6
process id 7
stats
5, 15, 7, 100, 1000
20220818-191948
loosing coalitions taken
[2, 3, 6, 13]
[1, 4, 7, 8]
[1, 2, 9, 10, 14]
[2, 4, 5, 18, 28]
[1, 3, 8, 10, 19]
[3, 4, 5, 13]
[1, 4, 6, 27]
[2, 4, 6, 11, 24]
[2, 3, 5, 22]
[1, 2, 8, 15, 17]
[1, 5, 6, 9, 25]
[1, 2, 7, 12, 22]
[1, 3, 7, 15, 20]
[3, 4, 6, 12, 20]
[16, 17, 18, 19, 20, 21, 22, 23, 24, 25, 26, 27, 28]


6
process id 2
stats
5, 15, 7, 100, 1000
20220818-191951
loosing coalitions taken
[1, 3, 8, 12, 16]
[1, 4, 8, 11, 14]
[1, 2, 7, 14, 23]
[1, 2, 8, 13, 18]
[3, 4, 5, 19, 24]
[1, 2, 9, 11, 12]
[2, 3, 6, 14]
[2, 4, 5, 17]
[2, 4, 6, 13, 20]
[1, 5, 6, 11, 24]
[1, 4, 6, 27]
[2, 3, 5, 21]
[3, 4, 6, 15, 17]
[1, 4, 7, 10, 16]
[16, 17, 18, 19, 20, 21, 22, 23, 24, 25, 26, 27, 28]


5
process id 4
stats
5, 15, 7, 100, 1000
20220818-191951
loosing coalitions taken
[1, 2, 8, 11, 19]
[1, 4, 7, 8, 24]
[1, 2, 9, 10, 13]
[2, 5, 6, 7, 15]
[1, 4, 6, 27]
[2, 3, 6, 10]
[2, 4, 5, 16, 28]
[1, 2, 7, 16, 20]
[1, 3, 8, 14, 16]
[2, 3, 5, 23]
[3, 4, 6, 8]
[3, 4, 5, 14]
[1, 5, 6, 9, 26]
[2, 4, 6, 9, 21]
[16, 17, 18, 19, 20, 21, 22, 23, 24, 25, 26, 27, 28]


5
process id 0
stats
5, 15, 7, 100, 1000
20220818-191953
loosing coalitions taken
[2, 3, 6, 13]
[3, 4, 5, 16]
[1, 2, 8, 12, 17]
[1, 4, 8, 13, 14]
[1, 3, 8, 9, 18]
[1, 3, 7, 14, 20]
[1, 2, 7, 9, 26]
[1, 5, 6, 10, 22]
[3, 4, 6, 11, 17]
[2, 4, 6, 9, 20]
[2, 4, 5, 21, 24]
[2, 3, 5, 23]
[1, 4, 7, 10, 18]
[1, 4, 6, 26]
[16, 17, 18, 19, 20, 21, 22, 23, 24, 25, 26, 27, 28]


6
process id 1
stats
5, 15, 7, 100, 1000
20220818-191953
loosing coalitions taken
[2, 3, 6, 13]
[2, 4, 5, 20]
[1, 2, 10, 12, 14]
[3, 4, 6, 9, 18]
[3, 4, 5, 19, 26]
[1, 3, 8, 12, 16]
[1, 4, 7, 8]
[1, 2, 8, 9, 19]
[1, 4, 6, 26]
[1, 5, 6, 11, 22]
[1, 3, 7, 14, 21]
[2, 3, 5, 23]
[1, 2, 7, 13, 25]
[2, 4, 6, 16, 19]
[16, 17, 18, 19, 20, 21, 22, 23, 24, 25, 26, 27, 28]


6
process id 1
stats
5, 15, 7, 100, 1000
20220818-191955
loosing coalitions taken
[1, 4, 7, 8]
[1, 2, 10, 12, 13]
[1, 5, 6, 13, 22]
[2, 4, 5, 16, 27]
[2, 3, 6, 12, 27]
[2, 3, 5, 20]
[2, 4, 6, 11, 19]
[3, 4, 6, 10, 21]
[3, 4, 5, 19, 25]
[1, 2, 7, 9]
[1, 4, 6, 25]
[1, 2, 8, 14, 18]
[1, 3, 7, 11, 18]
[1, 3, 8, 9, 20]
[16, 17, 18, 19, 20, 21, 22, 23, 24, 25, 26, 27, 28]


6
process id 5
stats
5, 15, 7, 100, 1000
20220818-191955
loosing coalitions taken
[2, 4, 5, 20]
[1, 3, 7, 14, 21]
[1, 2, 7, 12, 23]
[1, 5, 6, 11, 22]
[1, 3, 9, 10, 11]
[1, 4, 7, 8]
[2, 3, 6, 14]
[3, 4, 5, 21, 22]
[3, 4, 6, 10, 18]
[2, 3, 5, 24]
[1, 2, 8, 13, 18]
[1, 4, 6, 27]
[1, 3, 8, 12, 15]
[2, 4, 6, 13, 21]
[16, 17, 18, 19, 20, 21, 22, 23, 24, 25, 26, 27, 28]


6
process id 2
stats
5, 15, 7, 100, 1000
20220818-191957
loosing coalitions taken
[1, 5, 6, 10, 25]
[1, 4, 7, 8]
[1, 3, 9, 10, 12]
[2, 3, 6, 14]
[3, 4, 6, 8]
[1, 2, 8, 12, 19]
[1, 3, 7, 13, 18]
[2, 3, 5, 24]
[1, 2, 7, 9, 24]
[3, 4, 5, 16, 25]
[2, 4, 6, 12, 21]
[2, 4, 5, 17, 26]
[1, 4, 6, 26, 28]
[1, 3, 8, 14, 16]
[16, 17, 18, 19, 20, 21, 22, 23, 24, 25, 26, 27, 28]


5
process id 6
stats
5, 15, 7, 100, 1000
20220818-191958
loosing coalitions taken
[2, 3, 5, 25]
[1, 2, 7, 15, 21]
[1, 4, 8, 11, 12]
[1, 2, 9, 12, 14]
[1, 3, 7, 10, 22]
[3, 4, 6, 14, 17]
[2, 4, 6, 10, 22]
[1, 5, 6, 13, 20]
[2, 4, 5, 20]
[2, 3, 6, 12]
[1, 4, 6, 26]
[3, 4, 5, 13]
[1, 2, 8, 10, 20]
[1, 4, 7, 14, 16]
[16, 17, 18, 19, 20, 21, 22, 23, 24, 25, 26, 27, 28]


6
process id 4
stats
5, 15, 7, 100, 1000
20220818-191958
loosing coalitions taken
[1, 2, 7, 16, 20]
[1, 2, 10, 12, 14]
[2, 3, 6, 14]
[1, 3, 8, 10, 19]
[1, 3, 7, 9, 24]
[2, 4, 5, 18]
[3, 4, 5, 17, 26]
[1, 5, 6, 16, 17]
[2, 4, 6, 9, 22]
[1, 4, 6, 26]
[1, 4, 7, 12, 15]
[2, 3, 5, 24]
[1, 2, 8, 11, 21]
[3, 4, 6, 11, 19]
[16, 17, 18, 19, 20, 21, 22, 23, 24, 25, 26, 27, 28]


5
process id 7
stats
5, 15, 7, 100, 1000
20220818-191959
loosing coalitions taken
[2, 4, 5, 20]
[3, 4, 6, 14, 18]
[1, 2, 9, 12, 13]
[1, 4, 7, 8, 27]
[1, 2, 7, 11, 25]
[2, 3, 6, 11]
[1, 3, 7, 13, 22]
[1, 3, 8, 12, 16]
[1, 2, 8, 14, 19]
[3, 4, 5, 15]
[1, 5, 6, 14, 22]
[2, 4, 6, 10, 24]
[2, 3, 5, 22]
[1, 4, 6, 28]
[16, 17, 18, 19, 20, 21, 22, 23, 24, 25, 26, 27, 28]


