Results

5
process id 8
stats
5, 15, 7, 100, 1000
20220728-082902
loosing coalitions taken
[1, 2, 10, 11, 14]
[2, 4, 6, 9, 22]
[3, 4, 6, 11, 20]
[1, 5, 6, 10, 24]
[1, 3, 8, 14, 15]
[1, 3, 7, 13, 16]
[1, 4, 7, 10, 19]
[1, 3, 6, 25]
[1, 2, 8, 9, 12]
[2, 3, 5, 26, 27]
[2, 4, 5, 18, 19]
[1, 4, 8, 11, 13]
[3, 4, 5, 16, 24]
[1, 4, 5, 26]
[16, 17, 18, 19, 20, 21, 22, 23, 24, 25, 26, 27, 28]


5
process id 7
stats
5, 15, 7, 100, 1000
20220728-082916
loosing coalitions taken
[1, 3, 8, 14, 16]
[1, 5, 6, 10, 23]
[1, 2, 8, 13, 17]
[1, 3, 7, 15, 18]
[3, 4, 5, 12]
[1, 2, 7, 11, 19]
[2, 4, 6, 14, 15]
[1, 4, 6, 11]
[2, 3, 5, 21]
[1, 3, 5, 28]
[1, 4, 5, 27]
[1, 2, 6, 18, 24]
[2, 3, 4, 25, 27]
[1, 4, 7, 8, 26]
[16, 17, 18, 19, 20, 21, 22, 23, 24, 25, 26, 27, 28]


5
process id 8
stats
5, 15, 7, 100, 1000
20220728-082929
loosing coalitions taken
[1, 4, 7, 11, 13]
[2, 3, 7, 8, 10]
[1, 3, 7, 14, 19]
[3, 4, 6, 8, 20]
[3, 4, 5, 15, 27]
[1, 3, 8, 12, 17]
[1, 3, 9, 10, 11]
[2, 4, 5, 14, 23]
[1, 2, 6, 22, 28]
[1, 4, 6, 16]
[1, 2, 7, 12, 23]
[1, 2, 8, 11, 15]
[2, 3, 5, 9, 24]
[1, 4, 5, 24]
[16, 17, 18, 19, 20, 21, 22, 23, 24, 25, 26, 27, 28]


5
process id 1
stats
5, 15, 7, 100, 1000
20220728-083014
loosing coalitions taken
[1, 5, 6, 15, 20]
[1, 3, 8, 9, 17]
[1, 3, 7, 14, 18]
[1, 3, 6, 25, 28]
[1, 4, 8, 11, 14]
[1, 2, 9, 10, 14]
[2, 3, 5, 10, 27]
[1, 2, 8, 12, 19]
[1, 2, 6, 24]
[3, 4, 5, 9, 16]
[1, 4, 5, 26, 27]
[1, 4, 7, 12, 15]
[3, 4, 6, 14, 17]
[2, 4, 5, 11]
[16, 17, 18, 19, 20, 21, 22, 23, 24, 25, 26, 27, 28]


5
process id 5
stats
5, 15, 7, 100, 1000
20220728-083054
loosing coalitions taken
[2, 3, 6, 15, 25]
[1, 5, 6, 10, 19]
[1, 2, 8, 11, 21]
[1, 2, 7, 12, 22]
[1, 4, 7, 10, 16]
[1, 4, 8, 9, 13]
[1, 2, 6, 23, 28]
[1, 4, 6, 22]
[3, 4, 5, 10, 21]
[2, 3, 5, 11, 27]
[2, 4, 5, 17, 20]
[1, 3, 7, 15, 20]
[2, 3, 4, 26]
[1, 3, 5, 28]
[16, 17, 18, 19, 20, 21, 22, 23, 24, 25, 26, 27, 28]


6
process id 10
stats
5, 15, 7, 100, 1000
20220728-083110
loosing coalitions taken
[2, 4, 5, 21, 26]
[2, 4, 6, 11, 19]
[2, 3, 6, 13, 24]
[1, 3, 8, 10, 14]
[3, 4, 6, 12, 18]
[2, 3, 5, 25, 28]
[1, 2, 7, 8, 28]
[1, 4, 7, 14, 15]
[1, 4, 8, 9, 11]
[3, 4, 5, 15]
[1, 2, 9, 10, 12]
[1, 5, 6, 10, 22]
[1, 2, 6, 26]
[1, 3, 7, 12, 21]
[16, 17, 18, 19, 20, 21, 22, 23, 24, 25, 26, 27, 28]


6
process id 13
stats
5, 15, 7, 100, 1000
20220728-083115
loosing coalitions taken
[2, 4, 5, 18, 28]
[1, 2, 7, 14, 19]
[1, 4, 7, 10, 17]
[3, 4, 6, 10, 16]
[1, 5, 6, 15, 21]
[1, 4, 8, 9, 14]
[1, 3, 7, 9, 15]
[2, 3, 5, 23, 24]
[2, 3, 6, 14, 26]
[1, 3, 8, 11, 19]
[1, 2, 9, 10, 11]
[3, 4, 5, 9, 27]
[1, 4, 5, 24, 25]
[1, 2, 6, 25]
[16, 17, 18, 19, 20, 21, 22, 23, 24, 25, 26, 27, 28]


5
process id 1
stats
5, 15, 7, 100, 1000
20220728-083122
loosing coalitions taken
[1, 5, 6, 13, 22]
[1, 2, 7, 9, 23]
[1, 4, 6, 24]
[1, 3, 8, 9, 16]
[1, 2, 8, 13, 19]
[2, 4, 5, 9, 28]
[1, 3, 7, 15, 17]
[1, 4, 7, 12, 16]
[2, 3, 5, 25]
[2, 3, 6, 17, 18]
[3, 4, 5, 14]
[1, 4, 5, 21]
[2, 5, 6, 8, 11]
[1, 3, 6, 25]
[16, 17, 18, 19, 20, 21, 22, 23, 24, 25, 26, 27, 28]


5
process id 12
stats
5, 15, 7, 100, 1000
20220728-083155
loosing coalitions taken
[1, 2, 8, 9, 21]
[3, 4, 6, 12, 18]
[1, 3, 7, 13, 20]
[1, 4, 8, 11, 13]
[1, 4, 6, 27]
[2, 3, 5, 17, 22]
[1, 2, 7, 14, 17]
[2, 4, 5, 9]
[2, 3, 6, 19, 21]
[2, 3, 7, 8, 10]
[3, 4, 5, 15, 21]
[1, 3, 8, 12, 17]
[1, 3, 6, 28]
[1, 5, 6, 9, 22]
[16, 17, 18, 19, 20, 21, 22, 23, 24, 25, 26, 27, 28]


5
process id 0
stats
5, 15, 7, 100, 1000
20220728-083202
loosing coalitions taken
[1, 2, 7, 9, 22]
[2, 3, 6, 17, 20]
[2, 4, 6, 12, 19]
[1, 2, 6, 27, 28]
[1, 5, 6, 12, 18]
[1, 3, 8, 10, 12]
[1, 4, 7, 8, 26]
[1, 2, 8, 13, 15]
[3, 4, 5, 18, 22]
[2, 4, 5, 15, 23]
[1, 4, 5, 25]
[2, 3, 5, 21, 26]
[2, 3, 4, 27]
[1, 3, 7, 15, 21]
[16, 17, 18, 19, 20, 21, 22, 23, 24, 25, 26, 27, 28]


6
process id 3
stats
5, 15, 7, 100, 1000
20220728-083317
loosing coalitions taken
[1, 5, 6, 16, 20]
[1, 3, 7, 10, 18]
[1, 4, 7, 9, 16]
[1, 2, 7, 17, 19]
[3, 4, 5, 9]
[2, 4, 6, 13, 18]
[2, 3, 6, 19, 21]
[1, 2, 8, 14, 16]
[1, 3, 8, 11, 13]
[2, 3, 5, 25]
[1, 3, 6, 15]
[1, 4, 5, 26]
[2, 4, 5, 15, 27]
[1, 4, 8, 10, 12]
[16, 17, 18, 19, 20, 21, 22, 23, 24, 25, 26, 27, 28]


5
process id 1
stats
5, 15, 7, 100, 1000
20220728-083327
loosing coalitions taken
[1, 3, 7, 12, 18]
[1, 2, 7, 13, 21]
[1, 2, 8, 14, 17]
[1, 3, 8, 10, 16]
[3, 4, 6, 9, 15]
[2, 4, 6, 12, 23]
[3, 4, 5, 16, 19]
[2, 3, 5, 17, 22]
[2, 4, 5, 13]
[1, 2, 9, 10, 11]
[1, 4, 7, 8]
[1, 5, 6, 10, 17]
[2, 3, 6, 14, 27]
[1, 3, 6, 23, 24]
[16, 17, 18, 19, 20, 21, 22, 23, 24, 25, 26, 27, 28]


5
process id 6
stats
5, 15, 7, 100, 1000
20220728-083328
loosing coalitions taken
[1, 2, 9, 11, 12]
[3, 4, 5, 10, 26]
[2, 4, 5, 19, 23]
[1, 3, 8, 15, 16]
[1, 3, 7, 13, 20]
[1, 2, 7, 16, 18]
[1, 5, 6, 11, 21]
[2, 3, 6, 13, 16]
[2, 3, 5, 15]
[1, 4, 5, 22, 27]
[1, 3, 6, 19]
[1, 2, 8, 10, 17]
[2, 4, 6, 12, 18]
[1, 4, 7, 8]
[16, 17, 18, 19, 20, 21, 22, 23, 24, 25, 26, 27, 28]


6
process id 0
stats
5, 15, 7, 100, 1000
20220728-083334
loosing coalitions taken
[1, 5, 6, 16, 19]
[2, 4, 5, 20]
[2, 3, 7, 8, 10]
[1, 4, 6, 27]
[1, 3, 8, 12, 17]
[1, 2, 10, 12, 14]
[3, 4, 5, 14]
[2, 4, 6, 15, 17]
[1, 3, 6, 18]
[1, 3, 5, 26]
[1, 2, 7, 15, 18]
[2, 3, 6, 9]
[2, 3, 5, 15, 25]
[1, 4, 7, 8]
[16, 17, 18, 19, 20, 21, 22, 23, 24, 25, 26, 27, 28]


5
process id 15
stats
5, 15, 7, 100, 1000
20220728-083349
loosing coalitions taken
[1, 5, 6, 9, 23]
[1, 2, 8, 14, 17]
[3, 4, 6, 12, 20]
[2, 4, 6, 11, 17]
[2, 4, 5, 16]
[2, 3, 7, 8, 9]
[2, 3, 6, 13]
[1, 3, 8, 12, 19]
[1, 2, 7, 12, 15]
[1, 2, 6, 20]
[1, 3, 7, 16, 18]
[3, 4, 5, 21, 23]
[1, 3, 9, 10, 11]
[2, 3, 5, 11]
[16, 17, 18, 19, 20, 21, 22, 23, 24, 25, 26, 27, 28]


5
process id 6
stats
5, 15, 7, 100, 1000
20220728-083402
loosing coalitions taken
[1, 3, 7, 16, 18]
[2, 3, 5, 21, 24]
[3, 4, 6, 9, 12]
[2, 4, 5, 11, 27]
[1, 3, 8, 11, 15]
[3, 4, 5, 18, 26]
[1, 4, 7, 8, 24]
[2, 3, 6, 10]
[1, 2, 9, 12, 13]
[1, 5, 6, 15, 21]
[1, 2, 7, 11, 17]
[1, 4, 6, 17, 28]
[1, 2, 8, 14, 18]
[1, 3, 5, 27]
[16, 17, 18, 19, 20, 21, 22, 23, 24, 25, 26, 27, 28]


5
process id 0
stats
5, 15, 7, 100, 1000
20220728-083407
loosing coalitions taken
[1, 5, 6, 16, 20]
[1, 2, 8, 15, 17]
[1, 2, 9, 10, 11]
[2, 3, 6, 12, 28]
[1, 3, 7, 9, 20]
[1, 2, 7, 14, 21]
[2, 4, 5, 14]
[1, 3, 8, 10, 13]
[3, 4, 5, 15]
[1, 4, 6, 13]
[1, 3, 6, 27]
[2, 3, 5, 13, 21]
[2, 4, 6, 10, 23]
[1, 4, 7, 8, 11]
[16, 17, 18, 19, 20, 21, 22, 23, 24, 25, 26, 27, 28]


5
process id 2
stats
5, 15, 7, 100, 1000
20220728-083410
loosing coalitions taken
[1, 3, 7, 14, 22]
[3, 4, 6, 14, 19]
[2, 4, 6, 13, 15]
[1, 4, 7, 9, 18]
[1, 2, 7, 13, 20]
[1, 2, 9, 10, 12]
[1, 4, 8, 13, 14]
[2, 4, 5, 18, 28]
[2, 3, 6, 9, 25]
[3, 4, 5, 15, 24]
[2, 3, 5, 16]
[1, 4, 5, 20]
[1, 2, 6, 26]
[1, 3, 8, 10, 17]
[16, 17, 18, 19, 20, 21, 22, 23, 24, 25, 26, 27, 28]


5
process id 4
stats
5, 15, 7, 100, 1000
20220728-083442
loosing coalitions taken
[1, 2, 8, 13, 20]
[1, 5, 6, 11, 24]
[2, 3, 5, 24, 26]
[1, 3, 8, 11, 18]
[1, 3, 7, 10, 23]
[3, 4, 6, 12, 13]
[1, 4, 7, 11, 13]
[2, 3, 7, 8, 9]
[2, 4, 5, 16, 21]
[1, 4, 8, 10, 12]
[1, 3, 6, 26]
[3, 4, 5, 18, 20]
[2, 4, 6, 15, 17]
[1, 4, 5, 25]
[16, 17, 18, 19, 20, 21, 22, 23, 24, 25, 26, 27, 28]


6
process id 11
stats
5, 15, 7, 100, 1000
20220728-083453
loosing coalitions taken
[3, 4, 6, 12, 17]
[1, 2, 10, 12, 13]
[1, 5, 6, 12, 24]
[1, 3, 9, 10, 11]
[2, 4, 6, 11, 18]
[2, 3, 5, 26, 28]
[3, 4, 5, 15]
[2, 3, 7, 8, 10]
[1, 3, 7, 14, 21]
[1, 4, 6, 26]
[2, 5, 6, 7, 13]
[1, 2, 8, 14, 19]
[1, 2, 7, 11, 16]
[2, 3, 6, 14, 22]
[16, 17, 18, 19, 20, 21, 22, 23, 24, 25, 26, 27, 28]


6
process id 3
stats
5, 15, 7, 100, 1000
20220728-083505
loosing coalitions taken
[1, 5, 6, 11, 23]
[1, 3, 7, 15, 21]
[1, 2, 8, 10, 18]
[1, 4, 7, 12, 14]
[1, 4, 6, 24]
[1, 2, 9, 11, 13]
[2, 4, 5, 21, 27]
[3, 4, 5, 16]
[2, 3, 4, 25]
[2, 3, 5, 17]
[1, 3, 5, 28]
[1, 4, 8, 9, 15]
[1, 3, 8, 12, 13]
[2, 3, 6, 15, 24]
[16, 17, 18, 19, 20, 21, 22, 23, 24, 25, 26, 27, 28]


5
process id 5
stats
5, 15, 7, 100, 1000
20220728-083511
loosing coalitions taken
[1, 2, 7, 13, 18]
[1, 2, 9, 11, 14]
[1, 5, 6, 15, 20]
[2, 4, 5, 16, 24]
[2, 3, 5, 19]
[3, 4, 6, 8, 27]
[1, 3, 7, 11, 22]
[1, 3, 8, 10, 13]
[1, 4, 7, 8, 25]
[1, 4, 5, 28]
[2, 3, 6, 11, 18]
[2, 4, 6, 10, 17]
[2, 3, 4, 25]
[1, 2, 6, 23]
[16, 17, 18, 19, 20, 21, 22, 23, 24, 25, 26, 27, 28]


6
process id 1
stats
5, 15, 7, 100, 1000
20220728-083520
loosing coalitions taken
[1, 2, 7, 15, 19]
[3, 4, 6, 10, 19]
[2, 3, 5, 21, 28]
[3, 4, 5, 11]
[1, 4, 7, 13, 16]
[2, 3, 7, 8, 9]
[1, 2, 8, 12, 21]
[2, 3, 6, 13]
[1, 3, 7, 12, 17]
[1, 2, 9, 10, 14]
[1, 3, 8, 10, 16]
[1, 4, 6, 20, 22]
[1, 5, 6, 14, 17]
[1, 4, 8, 9, 15]
[16, 17, 18, 19, 20, 21, 22, 23, 24, 25, 26, 27, 28]


5
process id 0
stats
5, 15, 7, 100, 1000
20220728-083531
loosing coalitions taken
[3, 4, 6, 15, 17]
[1, 3, 8, 9, 20]
[1, 4, 7, 9, 14]
[2, 4, 6, 7]
[1, 2, 10, 12, 14]
[1, 5, 6, 9, 26]
[1, 3, 7, 12, 22]
[1, 3, 6, 23]
[1, 2, 8, 11, 19]
[2, 4, 5, 17]
[2, 3, 5, 21]
[3, 4, 5, 9, 28]
[2, 3, 6, 11, 27]
[1, 2, 7, 15, 21]
[16, 17, 18, 19, 20, 21, 22, 23, 24, 25, 26, 27, 28]


5
process id 0
stats
5, 15, 7, 100, 1000
20220728-083539
loosing coalitions taken
[2, 3, 6, 13]
[1, 3, 8, 14, 16]
[1, 5, 6, 11, 22]
[1, 4, 6, 27]
[1, 3, 7, 15, 19]
[3, 4, 5, 18, 20]
[1, 2, 8, 10, 20]
[1, 2, 7, 11, 18]
[2, 4, 5, 12, 27]
[2, 4, 6, 8]
[1, 3, 6, 25]
[2, 3, 5, 16, 21]
[1, 4, 5, 26]
[1, 4, 7, 10, 16]
[16, 17, 18, 19, 20, 21, 22, 23, 24, 25, 26, 27, 28]


5
process id 6
stats
5, 15, 7, 100, 1000
20220728-083548
loosing coalitions taken
[2, 4, 6, 12, 23]
[1, 4, 7, 11, 13]
[1, 3, 7, 14, 21]
[3, 4, 5, 14]
[2, 3, 6, 16, 20]
[1, 4, 8, 9, 12]
[1, 2, 10, 11, 12]
[1, 2, 7, 9, 22]
[1, 5, 6, 10, 25]
[1, 3, 8, 11, 18]
[1, 4, 6, 28]
[1, 2, 6, 26]
[2, 3, 5, 21, 25]
[2, 4, 5, 16]
[16, 17, 18, 19, 20, 21, 22, 23, 24, 25, 26, 27, 28]


5
process id 4
stats
5, 15, 7, 100, 1000
20220728-083555
loosing coalitions taken
[1, 5, 6, 9, 22]
[3, 4, 6, 8, 28]
[2, 4, 5, 17, 25]
[1, 4, 8, 11, 13]
[2, 4, 6, 10, 19]
[2, 3, 6, 12]
[1, 3, 7, 13, 19]
[1, 2, 9, 10, 13]
[1, 2, 8, 14, 16]
[3, 4, 5, 10, 26]
[1, 4, 6, 21, 27]
[1, 2, 7, 15, 20]
[1, 3, 8, 9, 20]
[1, 3, 5, 27]
[16, 17, 18, 19, 20, 21, 22, 23, 24, 25, 26, 27, 28]


6
process id 11
stats
5, 15, 7, 100, 1000
20220728-083601
loosing coalitions taken
[1, 2, 7, 16, 17]
[2, 4, 6, 12, 17]
[3, 4, 6, 8]
[2, 3, 5, 22]
[1, 2, 10, 11, 14]
[1, 2, 6, 27, 28]
[1, 3, 7, 9, 23]
[1, 4, 7, 14, 15]
[1, 4, 5, 24]
[1, 3, 8, 13, 15]
[2, 3, 6, 9]
[1, 3, 5, 27]
[2, 4, 5, 19]
[3, 4, 5, 10]
[16, 17, 18, 19, 20, 21, 22, 23, 24, 25, 26, 27, 28]


5
process id 4
stats
5, 15, 7, 100, 1000
20220728-083621
loosing coalitions taken
[1, 2, 8, 9, 21]
[3, 4, 5, 11, 24]
[3, 4, 6, 14, 20]
[1, 2, 10, 12, 13]
[2, 4, 5, 9, 27]
[2, 4, 6, 12, 18]
[1, 3, 7, 14, 21]
[1, 2, 7, 11, 18]
[1, 3, 8, 10, 18]
[2, 3, 5, 22]
[2, 3, 6, 8]
[1, 4, 6, 19]
[1, 4, 7, 8, 28]
[1, 3, 5, 27]
[16, 17, 18, 19, 20, 21, 22, 23, 24, 25, 26, 27, 28]


5
process id 9
stats
5, 15, 7, 100, 1000
20220728-083650
loosing coalitions taken
[2, 3, 6, 15, 25]
[1, 5, 6, 10, 23]
[3, 4, 5, 17, 19]
[1, 2, 7, 13, 22]
[2, 4, 6, 7]
[1, 3, 7, 11, 20]
[1, 2, 8, 10, 20]
[1, 3, 6, 27]
[1, 4, 5, 28]
[1, 4, 8, 11, 14]
[2, 4, 5, 11]
[1, 3, 8, 13, 16]
[2, 3, 4, 27]
[1, 4, 7, 9, 10]
[16, 17, 18, 19, 20, 21, 22, 23, 24, 25, 26, 27, 28]


5
process id 14
stats
5, 15, 7, 100, 1000
20220728-083653
loosing coalitions taken
[1, 3, 7, 9, 17]
[3, 4, 6, 13, 15]
[1, 3, 8, 10, 18]
[1, 2, 8, 11, 15]
[2, 3, 6, 12]
[2, 4, 5, 18]
[1, 4, 6, 26]
[1, 4, 5, 22]
[3, 4, 5, 9, 24]
[1, 2, 7, 10, 14]
[1, 5, 6, 11, 25]
[1, 3, 6, 28]
[1, 4, 7, 8, 23]
[2, 3, 5, 17, 26]
[16, 17, 18, 19, 20, 21, 22, 23, 24, 25, 26, 27, 28]


5
process id 9
stats
5, 15, 7, 100, 1000
20220728-083657
loosing coalitions taken
[1, 5, 6, 15, 17]
[3, 4, 5, 21, 24]
[1, 2, 8, 13, 17]
[1, 3, 7, 9, 24]
[1, 3, 8, 12, 16]
[1, 4, 6, 28]
[2, 3, 6, 14]
[2, 3, 4, 25]
[1, 3, 5, 26]
[2, 4, 5, 10, 28]
[1, 4, 7, 8, 21]
[2, 3, 5, 17]
[1, 2, 6, 26]
[3, 4, 6, 8]
[16, 17, 18, 19, 20, 21, 22, 23, 24, 25, 26, 27, 28]


5
process id 8
stats
5, 15, 7, 100, 1000
20220728-083736
loosing coalitions taken
[1, 2, 7, 12, 23]
[2, 4, 6, 11, 24]
[2, 3, 6, 14]
[1, 5, 6, 10, 20]
[1, 4, 7, 8]
[3, 4, 5, 15, 28]
[2, 4, 5, 13, 23]
[2, 3, 5, 24]
[1, 4, 6, 22]
[1, 3, 7, 13, 16]
[1, 2, 6, 16]
[1, 3, 8, 11, 19]
[1, 2, 8, 9, 22]
[1, 3, 5, 26]
[16, 17, 18, 19, 20, 21, 22, 23, 24, 25, 26, 27, 28]


5
process id 12
stats
5, 15, 7, 100, 1000
20220728-083749
loosing coalitions taken
[2, 3, 5, 25, 27]
[2, 3, 6, 13]
[2, 4, 5, 18]
[1, 3, 7, 15, 18]
[1, 4, 7, 12, 13]
[1, 2, 8, 12, 19]
[1, 2, 7, 11, 17]
[1, 5, 6, 11, 19]
[1, 3, 8, 10, 14]
[1, 3, 6, 20]
[1, 4, 6, 22]
[1, 4, 5, 28]
[2, 4, 6, 10, 20]
[3, 4, 5, 9, 17]
[16, 17, 18, 19, 20, 21, 22, 23, 24, 25, 26, 27, 28]


5
process id 11
stats
5, 15, 7, 100, 1000
20220728-083750
loosing coalitions taken
[3, 4, 5, 18, 26]
[3, 4, 6, 13, 17]
[2, 3, 6, 12, 23]
[1, 2, 7, 11, 19]
[2, 3, 7, 8, 9]
[2, 4, 5, 20, 28]
[1, 4, 7, 12, 16]
[2, 4, 6, 10, 21]
[1, 3, 7, 13, 14]
[1, 3, 6, 20, 21]
[1, 4, 5, 25]
[2, 3, 5, 22, 27]
[1, 2, 9, 10, 13]
[1, 3, 8, 11, 17]
[16, 17, 18, 19, 20, 21, 22, 23, 24, 25, 26, 27, 28]


5
process id 2
stats
5, 15, 7, 100, 1000
20220728-083903
loosing coalitions taken
[1, 2, 7, 17, 18]
[2, 3, 6, 10, 27]
[1, 5, 6, 15, 16]
[1, 3, 7, 10, 20]
[3, 4, 6, 9, 19]
[1, 3, 6, 26]
[2, 4, 5, 18, 19]
[3, 4, 5, 10, 21]
[2, 4, 6, 12, 23]
[1, 2, 10, 11, 13]
[1, 4, 7, 9, 15]
[1, 4, 5, 27]
[2, 3, 5, 23]
[1, 2, 8, 9, 14]
[16, 17, 18, 19, 20, 21, 22, 23, 24, 25, 26, 27, 28]


5
process id 8
stats
5, 15, 7, 100, 1000
20220728-083958
loosing coalitions taken
[2, 3, 6, 12]
[1, 4, 7, 10, 15]
[1, 4, 6, 22]
[1, 2, 7, 9, 21]
[1, 3, 7, 11, 17]
[1, 2, 8, 11, 15]
[3, 4, 5, 16, 19]
[2, 4, 5, 13]
[1, 3, 8, 12, 18]
[1, 2, 6, 27]
[2, 3, 4, 27]
[1, 4, 5, 20]
[1, 3, 6, 25, 26]
[2, 3, 5, 11, 26]
[16, 17, 18, 19, 20, 21, 22, 23, 24, 25, 26, 27, 28]


5
process id 12
stats
5, 15, 7, 100, 1000
20220728-084000
loosing coalitions taken
[1, 5, 6, 13, 24]
[1, 3, 7, 14, 18]
[1, 2, 7, 16, 19]
[1, 2, 8, 10, 13]
[1, 4, 8, 11, 14]
[1, 2, 9, 11, 12]
[3, 4, 6, 13, 14]
[1, 4, 7, 10, 15]
[1, 3, 8, 9, 20]
[2, 3, 6, 11]
[1, 4, 6, 23]
[2, 4, 5, 20, 27]
[3, 4, 5, 19, 25]
[1, 3, 5, 27]
[16, 17, 18, 19, 20, 21, 22, 23, 24, 25, 26, 27, 28]


5
process id 1
stats
5, 15, 7, 100, 1000
20220728-084028
loosing coalitions taken
[1, 5, 6, 10, 26]
[1, 2, 7, 15, 19]
[1, 2, 8, 14, 18]
[1, 3, 8, 10, 17]
[3, 4, 5, 16]
[2, 4, 6, 8]
[1, 3, 7, 12, 22]
[1, 2, 9, 10, 12]
[2, 3, 6, 9]
[2, 3, 5, 17, 26]
[2, 4, 5, 18]
[1, 4, 5, 21]
[1, 4, 6, 18, 24]
[1, 4, 7, 8]
[16, 17, 18, 19, 20, 21, 22, 23, 24, 25, 26, 27, 28]


6
process id 13
stats
5, 15, 7, 100, 1000
20220728-084031
loosing coalitions taken
[2, 4, 5, 22, 23]
[3, 4, 5, 16, 27]
[1, 5, 6, 13, 17]
[1, 2, 8, 10, 17]
[3, 4, 6, 10, 21]
[2, 4, 6, 15, 18]
[1, 3, 7, 11, 18]
[1, 2, 9, 11, 12]
[1, 4, 7, 8, 21]
[1, 4, 6, 22]
[2, 3, 5, 9, 24]
[2, 3, 6, 12]
[1, 3, 5, 28]
[1, 2, 7, 14, 19]
[16, 17, 18, 19, 20, 21, 22, 23, 24, 25, 26, 27, 28]


6
process id 12
stats
5, 15, 7, 100, 1000
20220728-084032
loosing coalitions taken
[1, 2, 8, 12, 18]
[1, 4, 7, 13, 14]
[1, 3, 8, 11, 17]
[1, 2, 7, 15, 21]
[2, 3, 6, 13]
[1, 2, 9, 10, 11]
[1, 5, 6, 11, 24]
[1, 3, 7, 10, 23]
[1, 3, 6, 28]
[2, 3, 4, 25]
[2, 3, 5, 19]
[1, 4, 6, 22]
[2, 4, 5, 16, 24]
[3, 4, 6, 8]
[16, 17, 18, 19, 20, 21, 22, 23, 24, 25, 26, 27, 28]


5
process id 15
stats
5, 15, 7, 100, 1000
20220728-084034
loosing coalitions taken
[1, 5, 6, 10, 25]
[3, 4, 5, 10]
[2, 4, 6, 14, 16]
[1, 2, 8, 13, 18]
[2, 3, 6, 15, 22]
[1, 3, 8, 11, 12]
[1, 3, 7, 16, 18]
[1, 2, 9, 12, 14]
[1, 4, 6, 20, 27]
[2, 4, 5, 11]
[3, 4, 6, 12, 21]
[1, 4, 7, 8]
[2, 3, 5, 21]
[1, 2, 7, 11, 25]
[16, 17, 18, 19, 20, 21, 22, 23, 24, 25, 26, 27, 28]


5
process id 3
stats
5, 15, 7, 100, 1000
20220728-084045
loosing coalitions taken
[1, 5, 6, 11, 23]
[1, 3, 8, 11, 18]
[2, 3, 6, 14, 23]
[2, 3, 7, 8, 9]
[1, 3, 7, 13, 21]
[1, 4, 8, 9, 12]
[1, 2, 8, 14, 17]
[2, 4, 6, 10, 22]
[1, 2, 6, 19]
[1, 4, 7, 14, 16]
[2, 4, 5, 14, 26]
[1, 4, 5, 28]
[2, 3, 5, 21]
[3, 4, 6, 12, 16]
[16, 17, 18, 19, 20, 21, 22, 23, 24, 25, 26, 27, 28]


6
process id 0
stats
5, 15, 7, 100, 1000
20220728-084049
loosing coalitions taken
[1, 5, 6, 15, 21]
[3, 4, 5, 15, 27]
[2, 4, 6, 11, 17]
[1, 2, 8, 12, 18]
[1, 4, 7, 10, 12]
[1, 4, 8, 9, 11]
[1, 2, 7, 11, 25]
[1, 3, 7, 9, 17]
[2, 3, 5, 18, 22]
[2, 3, 6, 14]
[2, 4, 5, 16, 23]
[1, 4, 6, 27]
[1, 3, 8, 10, 16]
[1, 3, 5, 28]
[16, 17, 18, 19, 20, 21, 22, 23, 24, 25, 26, 27, 28]


5
process id 0
stats
5, 15, 7, 100, 1000
20220728-084136
loosing coalitions taken
[1, 5, 6, 15, 19]
[2, 3, 6, 13]
[1, 2, 8, 10, 20]
[1, 3, 7, 9, 24]
[1, 4, 7, 8, 17]
[1, 4, 6, 21, 26]
[1, 2, 7, 11, 15]
[2, 3, 5, 24, 27]
[2, 4, 6, 14, 20]
[2, 4, 5, 16]
[1, 3, 8, 12, 16]
[3, 4, 6, 7]
[3, 4, 5, 13]
[1, 3, 5, 26]
[16, 17, 18, 19, 20, 21, 22, 23, 24, 25, 26, 27, 28]


5
process id 15
stats
5, 15, 7, 100, 1000
20220728-084238
loosing coalitions taken
[1, 3, 7, 10, 24]
[1, 2, 10, 12, 14]
[2, 3, 5, 22]
[3, 4, 6, 7]
[1, 3, 8, 12, 17]
[1, 4, 8, 9, 14]
[2, 4, 5, 12, 26]
[2, 3, 4, 28]
[2, 3, 6, 13]
[1, 4, 6, 22]
[1, 3, 6, 25]
[1, 2, 7, 13, 19]
[3, 4, 5, 19, 24]
[1, 4, 5, 27]
[16, 17, 18, 19, 20, 21, 22, 23, 24, 25, 26, 27, 28]


5
process id 7
stats
5, 15, 7, 100, 1000
20220728-084240
loosing coalitions taken
[2, 4, 6, 9, 23]
[1, 2, 7, 11, 26]
[2, 3, 6, 11, 22]
[1, 2, 9, 12, 13]
[3, 4, 6, 10, 16]
[1, 3, 7, 16, 18]
[1, 3, 8, 9, 11]
[1, 2, 8, 10, 18]
[1, 3, 6, 27]
[2, 3, 5, 23, 28]
[2, 4, 5, 19]
[3, 4, 5, 8]
[1, 5, 6, 10, 24]
[1, 4, 5, 23]
[16, 17, 18, 19, 20, 21, 22, 23, 24, 25, 26, 27, 28]


5
process id 2
stats
5, 15, 7, 100, 1000
20220728-084242
loosing coalitions taken
[1, 5, 6, 11, 25]
[1, 4, 7, 8]
[2, 4, 6, 14, 20]
[1, 2, 9, 12, 13]
[3, 4, 6, 13, 18]
[1, 2, 7, 11, 17]
[2, 4, 5, 16]
[1, 4, 6, 23]
[2, 3, 5, 23]
[1, 2, 8, 10, 15]
[3, 4, 5, 7]
[1, 3, 7, 12, 21]
[2, 3, 6, 16, 21]
[1, 4, 5, 28]
[16, 17, 18, 19, 20, 21, 22, 23, 24, 25, 26, 27, 28]


6
process id 13
stats
5, 15, 7, 100, 1000
20220728-084258
loosing coalitions taken
[2, 3, 5, 23]
[1, 3, 7, 12, 16]
[1, 3, 8, 9, 15]
[1, 5, 6, 13, 18]
[1, 2, 8, 12, 19]
[1, 3, 6, 26]
[2, 4, 6, 16, 18]
[2, 3, 6, 11, 24]
[1, 4, 5, 24]
[3, 4, 5, 21, 22]
[2, 4, 5, 17]
[1, 4, 6, 25]
[1, 4, 8, 10, 14]
[1, 2, 7, 13, 14]
[16, 17, 18, 19, 20, 21, 22, 23, 24, 25, 26, 27, 28]


5
process id 15
stats
5, 15, 7, 100, 1000
20220728-084327
loosing coalitions taken
[2, 4, 6, 16, 19]
[2, 3, 6, 11]
[1, 3, 8, 10, 19]
[1, 2, 8, 13, 16]
[1, 3, 7, 16, 17]
[2, 4, 5, 20]
[1, 4, 7, 9, 19]
[1, 4, 8, 12, 14]
[1, 5, 6, 13, 24]
[1, 3, 6, 28]
[1, 2, 6, 23]
[2, 3, 5, 15, 25]
[2, 3, 4, 27]
[1, 4, 5, 26]
[16, 17, 18, 19, 20, 21, 22, 23, 24, 25, 26, 27, 28]


5
process id 1
stats
5, 15, 7, 100, 1000
20220728-084345
loosing coalitions taken
[1, 5, 6, 12, 23]
[2, 3, 6, 17, 21]
[1, 4, 6, 24, 28]
[3, 4, 5, 11, 23]
[2, 4, 5, 16, 28]
[1, 3, 8, 9, 10]
[1, 4, 7, 10, 14]
[1, 3, 7, 12, 18]
[1, 2, 10, 11, 12]
[2, 3, 5, 18]
[3, 4, 6, 14, 20]
[1, 2, 7, 9, 25]
[1, 4, 5, 21]
[1, 2, 6, 20]
[16, 17, 18, 19, 20, 21, 22, 23, 24, 25, 26, 27, 28]


5
process id 13
stats
5, 15, 7, 100, 1000
20220728-084425
loosing coalitions taken
[1, 3, 7, 10, 22]
[1, 2, 10, 11, 14]
[1, 2, 7, 9, 24]
[2, 3, 6, 11, 26]
[3, 4, 6, 9, 22]
[3, 4, 5, 19, 25]
[1, 4, 8, 9, 10]
[1, 2, 8, 12, 20]
[1, 3, 8, 14, 15]
[2, 3, 5, 22, 23]
[2, 4, 5, 13, 27]
[1, 3, 6, 20]
[2, 4, 6, 10, 18]
[1, 4, 5, 21]
[16, 17, 18, 19, 20, 21, 22, 23, 24, 25, 26, 27, 28]


5
process id 13
stats
5, 15, 7, 100, 1000
20220728-084432
loosing coalitions taken
[2, 4, 6, 16, 18]
[3, 4, 6, 12, 13]
[3, 4, 5, 14, 23]
[2, 3, 5, 19, 27]
[2, 4, 5, 20]
[1, 5, 6, 12, 19]
[1, 2, 7, 13, 19]
[2, 3, 6, 14]
[1, 3, 7, 10, 18]
[1, 4, 7, 8, 27]
[1, 4, 6, 24]
[1, 2, 8, 10, 12]
[1, 3, 8, 11, 15]
[1, 3, 5, 26]
[16, 17, 18, 19, 20, 21, 22, 23, 24, 25, 26, 27, 28]


5
process id 10
stats
5, 15, 7, 100, 1000
20220728-084444
loosing coalitions taken
[1, 2, 7, 13, 25]
[2, 3, 6, 14]
[1, 3, 7, 11, 21]
[2, 4, 5, 11]
[1, 4, 6, 23]
[1, 2, 8, 15, 16]
[1, 3, 6, 28]
[2, 3, 5, 25]
[2, 4, 6, 12, 22]
[3, 4, 5, 20, 24]
[1, 2, 6, 26]
[1, 4, 8, 11, 13]
[1, 4, 5, 22]
[1, 3, 8, 10, 14]
[16, 17, 18, 19, 20, 21, 22, 23, 24, 25, 26, 27, 28]


6
process id 11
stats
5, 15, 7, 100, 1000
20220728-084451
loosing coalitions taken
[1, 5, 6, 15, 21]
[1, 2, 7, 12, 24]
[1, 4, 6, 28]
[2, 3, 6, 13]
[1, 2, 8, 10, 16]
[2, 4, 5, 17, 27]
[3, 4, 5, 10, 25]
[1, 2, 9, 11, 13]
[2, 3, 5, 12]
[2, 4, 6, 11, 18]
[1, 3, 8, 9, 19]
[1, 4, 5, 22]
[1, 3, 6, 26]
[1, 3, 7, 11, 14]
[16, 17, 18, 19, 20, 21, 22, 23, 24, 25, 26, 27, 28]


6
process id 1
stats
5, 15, 7, 100, 1000
20220728-084453
loosing coalitions taken
[3, 4, 5, 12, 27]
[1, 3, 8, 9, 18]
[1, 3, 7, 11, 22]
[1, 4, 6, 24, 28]
[1, 2, 7, 16, 18]
[2, 4, 5, 19]
[2, 3, 6, 11]
[1, 5, 6, 16, 17]
[1, 2, 10, 12, 14]
[1, 4, 7, 8]
[2, 3, 5, 21]
[1, 3, 6, 15, 27]
[1, 4, 5, 26]
[2, 4, 6, 14, 20]
[16, 17, 18, 19, 20, 21, 22, 23, 24, 25, 26, 27, 28]


5
process id 7
stats
5, 15, 7, 100, 1000
20220728-084517
loosing coalitions taken
[1, 2, 7, 14, 22]
[2, 3, 6, 12]
[3, 4, 5, 11]
[1, 3, 7, 9, 17]
[1, 2, 9, 10, 11]
[1, 4, 7, 10, 16]
[1, 3, 8, 13, 16]
[1, 5, 6, 8]
[2, 3, 5, 22]
[1, 3, 6, 20, 23]
[1, 4, 5, 26]
[2, 4, 6, 15, 17]
[2, 4, 5, 8, 25]
[1, 4, 6, 27]
[16, 17, 18, 19, 20, 21, 22, 23, 24, 25, 26, 27, 28]


5
process id 1
stats
5, 15, 7, 100, 1000
20220728-084527
loosing coalitions taken
[1, 4, 7, 11, 17]
[1, 4, 8, 10, 12]
[1, 2, 8, 13, 17]
[1, 5, 6, 16, 17]
[2, 3, 6, 12]
[3, 4, 5, 19, 25]
[2, 4, 5, 20]
[1, 4, 6, 24]
[1, 3, 5, 27, 28]
[1, 3, 8, 9, 11]
[2, 3, 5, 11]
[2, 4, 6, 9, 22]
[1, 2, 6, 21]
[1, 3, 7, 13, 19]
[16, 17, 18, 19, 20, 21, 22, 23, 24, 25, 26, 27, 28]


5
process id 2
stats
5, 15, 7, 100, 1000
20220728-084604
loosing coalitions taken
[1, 3, 7, 12, 20]
[2, 4, 5, 21, 25]
[3, 4, 5, 17, 18]
[1, 2, 8, 9, 18]
[1, 4, 7, 9, 16]
[3, 4, 6, 7]
[1, 2, 6, 25]
[1, 4, 8, 12, 13]
[1, 3, 8, 15, 16]
[2, 3, 5, 24]
[2, 3, 6, 19, 20]
[1, 5, 6, 10, 24]
[1, 4, 5, 23]
[2, 4, 6, 8]
[16, 17, 18, 19, 20, 21, 22, 23, 24, 25, 26, 27, 28]


6
process id 14
stats
5, 15, 7, 100, 1000
20220728-084610
loosing coalitions taken
[1, 5, 6, 10, 25]
[2, 4, 6, 8, 24]
[1, 4, 8, 11, 13]
[2, 4, 5, 16, 25]
[1, 4, 7, 10, 18]
[1, 3, 7, 11, 23]
[1, 3, 8, 12, 19]
[3, 4, 6, 13, 17]
[1, 2, 7, 13, 20]
[1, 4, 5, 27]
[1, 2, 9, 10, 12]
[2, 3, 5, 26, 28]
[2, 3, 6, 9, 20]
[1, 3, 6, 18, 22]
[16, 17, 18, 19, 20, 21, 22, 23, 24, 25, 26, 27, 28]


6
process id 7
stats
5, 15, 7, 100, 1000
20220728-084615
loosing coalitions taken
[1, 2, 9, 10, 11]
[1, 4, 7, 9, 18]
[1, 2, 8, 13, 16]
[1, 5, 6, 12, 21]
[2, 3, 6, 13, 22]
[1, 3, 8, 9, 20]
[2, 4, 6, 12, 15]
[1, 3, 7, 11, 19]
[1, 2, 7, 14, 17]
[1, 4, 5, 24]
[2, 4, 5, 11]
[3, 4, 5, 12, 23]
[1, 4, 6, 27]
[2, 3, 5, 20, 26]
[16, 17, 18, 19, 20, 21, 22, 23, 24, 25, 26, 27, 28]


5
process id 2
stats
5, 15, 7, 100, 1000
20220728-084626
loosing coalitions taken
[1, 5, 6, 13, 22]
[1, 4, 7, 8, 23]
[1, 2, 9, 12, 13]
[1, 3, 7, 11, 18]
[1, 3, 8, 12, 16]
[1, 2, 7, 10, 25]
[3, 4, 5, 17, 25]
[2, 4, 5, 15, 26]
[2, 3, 5, 18, 19]
[2, 3, 6, 9, 23]
[1, 2, 8, 14, 18]
[2, 4, 6, 12, 17]
[1, 3, 6, 17]
[1, 4, 5, 27]
[16, 17, 18, 19, 20, 21, 22, 23, 24, 25, 26, 27, 28]


6
process id 5
stats
5, 15, 7, 100, 1000
20220728-084716
loosing coalitions taken
[1, 3, 8, 9, 17]
[1, 2, 7, 13, 21]
[1, 3, 7, 14, 18]
[1, 2, 10, 11, 14]
[1, 4, 8, 10, 13]
[2, 3, 6, 12]
[3, 4, 5, 20, 21]
[2, 4, 5, 17, 25]
[1, 2, 6, 23]
[3, 4, 6, 13, 16]
[1, 3, 5, 26]
[1, 5, 6, 9, 24]
[1, 4, 6, 26]
[2, 3, 5, 10, 27]
[16, 17, 18, 19, 20, 21, 22, 23, 24, 25, 26, 27, 28]


6
process id 11
stats
5, 15, 7, 100, 1000
20220728-084742
loosing coalitions taken
[3, 4, 5, 20, 21]
[2, 4, 5, 18, 28]
[1, 4, 7, 13, 16]
[1, 2, 8, 10, 20]
[2, 3, 5, 22]
[1, 2, 9, 12, 13]
[1, 3, 7, 14, 17]
[1, 5, 6, 11, 25]
[1, 4, 8, 11, 14]
[2, 4, 6, 13, 17]
[1, 2, 6, 16]
[3, 4, 6, 7]
[1, 4, 5, 24]
[1, 3, 8, 9, 18]
[16, 17, 18, 19, 20, 21, 22, 23, 24, 25, 26, 27, 28]


5
process id 6
stats
5, 15, 7, 100, 1000
20220728-084811
loosing coalitions taken
[1, 2, 7, 13, 23]
[2, 3, 5, 19, 27]
[1, 5, 6, 9, 24]
[2, 4, 6, 9, 20]
[1, 2, 8, 9, 22]
[2, 5, 6, 7, 16]
[1, 2, 10, 12, 14]
[1, 3, 8, 11, 12]
[3, 4, 6, 14, 16]
[2, 3, 6, 11]
[1, 4, 6, 23]
[3, 4, 5, 12, 25]
[2, 4, 5, 13]
[1, 3, 5, 28]
[16, 17, 18, 19, 20, 21, 22, 23, 24, 25, 26, 27, 28]


6
process id 8
stats
5, 15, 7, 100, 1000
20220728-084821
loosing coalitions taken
[1, 5, 6, 11, 25]
[1, 3, 8, 12, 18]
[1, 3, 7, 10, 23]
[1, 2, 7, 11, 19]
[1, 4, 8, 10, 13]
[1, 4, 6, 17, 26]
[2, 4, 5, 16, 27]
[3, 4, 5, 17, 20]
[1, 2, 9, 10, 12]
[1, 2, 8, 15, 17]
[2, 3, 5, 22]
[2, 4, 6, 13, 18]
[3, 4, 6, 7, 19]
[1, 4, 5, 24]
[16, 17, 18, 19, 20, 21, 22, 23, 24, 25, 26, 27, 28]


6
process id 11
stats
5, 15, 7, 100, 1000
20220728-084825
loosing coalitions taken
[1, 5, 6, 10, 23]
[1, 2, 8, 11, 17]
[1, 3, 7, 13, 18]
[3, 4, 6, 11, 18]
[2, 4, 5, 19]
[1, 2, 7, 12, 22]
[1, 4, 8, 13, 14]
[1, 3, 8, 12, 19]
[1, 4, 7, 11, 16]
[1, 2, 6, 21, 25]
[1, 3, 5, 27]
[2, 3, 7, 8, 9]
[1, 4, 6, 26]
[2, 3, 6, 16, 23]
[16, 17, 18, 19, 20, 21, 22, 23, 24, 25, 26, 27, 28]


5
process id 15
stats
5, 15, 7, 100, 1000
20220728-084826
loosing coalitions taken
[2, 4, 6, 11, 23]
[1, 4, 7, 11, 17]
[1, 2, 7, 13, 20]
[1, 3, 8, 10, 17]
[1, 3, 7, 9, 23]
[2, 3, 5, 21, 26]
[1, 2, 8, 9, 19]
[1, 3, 6, 28]
[2, 3, 6, 9]
[3, 4, 5, 11, 27]
[1, 4, 6, 25]
[1, 2, 6, 22]
[1, 4, 5, 26]
[2, 4, 5, 16]
[16, 17, 18, 19, 20, 21, 22, 23, 24, 25, 26, 27, 28]


5
process id 0
stats
5, 15, 7, 100, 1000
20220728-084854
loosing coalitions taken
[2, 3, 6, 13]
[1, 2, 7, 14, 24]
[1, 3, 8, 12, 15]
[1, 4, 7, 9, 13]
[1, 5, 6, 12, 24]
[3, 4, 5, 9, 26]
[1, 3, 7, 10, 19]
[1, 2, 9, 10, 11]
[3, 4, 6, 8]
[1, 2, 6, 26]
[2, 4, 6, 11, 19]
[2, 3, 5, 17, 24]
[2, 4, 5, 15]
[1, 4, 5, 23]
[16, 17, 18, 19, 20, 21, 22, 23, 24, 25, 26, 27, 28]


5
process id 12
stats
5, 15, 7, 100, 1000
20220728-084901
loosing coalitions taken
[2, 3, 5, 22, 28]
[1, 4, 7, 8, 23]
[1, 4, 6, 25, 28]
[1, 5, 6, 11, 21]
[1, 2, 8, 14, 20]
[2, 3, 6, 11]
[1, 3, 8, 9, 19]
[3, 4, 6, 8]
[3, 4, 5, 12, 19]
[1, 3, 7, 16, 17]
[2, 4, 5, 16, 20]
[1, 2, 6, 26]
[2, 3, 4, 26]
[1, 3, 5, 27]
[16, 17, 18, 19, 20, 21, 22, 23, 24, 25, 26, 27, 28]


5
process id 12
stats
5, 15, 7, 100, 1000
20220728-084925
loosing coalitions taken
[3, 4, 6, 15, 17]
[1, 3, 7, 14, 19]
[1, 2, 9, 12, 13]
[1, 4, 8, 13, 14]
[2, 3, 6, 9]
[1, 2, 8, 11, 17]
[1, 5, 6, 11, 23]
[1, 4, 7, 11, 15]
[1, 4, 6, 24]
[1, 3, 8, 10, 16]
[3, 4, 5, 13, 18]
[2, 4, 5, 14, 26]
[1, 3, 5, 28]
[1, 2, 7, 10, 20]
[16, 17, 18, 19, 20, 21, 22, 23, 24, 25, 26, 27, 28]


5
process id 10
stats
5, 15, 7, 100, 1000
20220728-084928
loosing coalitions taken
[1, 3, 8, 10, 19]
[3, 4, 6, 13, 21]
[1, 4, 7, 9, 18]
[2, 3, 6, 12]
[3, 4, 5, 16, 26]
[1, 2, 9, 10, 11]
[1, 4, 8, 11, 12]
[1, 3, 7, 11, 15]
[1, 4, 6, 20, 26]
[1, 5, 6, 14, 19]
[2, 4, 5, 15]
[1, 2, 7, 16, 20]
[1, 3, 5, 28]
[1, 2, 8, 14, 17]
[16, 17, 18, 19, 20, 21, 22, 23, 24, 25, 26, 27, 28]


5
process id 2
stats
5, 15, 7, 100, 1000
20220728-084939
loosing coalitions taken
[3, 4, 5, 18, 26]
[1, 3, 7, 13, 21]
[1, 4, 6, 25]
[1, 2, 9, 10, 14]
[1, 3, 8, 12, 15]
[2, 4, 5, 20]
[2, 3, 6, 13]
[1, 4, 7, 8]
[2, 3, 4, 27]
[1, 2, 7, 12, 16]
[1, 4, 5, 24]
[1, 3, 6, 22]
[2, 3, 5, 19]
[3, 4, 6, 8]
[16, 17, 18, 19, 20, 21, 22, 23, 24, 25, 26, 27, 28]


6
process id 12
stats
5, 15, 7, 100, 1000
20220728-085015
loosing coalitions taken
[2, 3, 6, 15, 24]
[1, 2, 7, 16, 18]
[1, 3, 7, 14, 19]
[1, 4, 7, 9, 17]
[3, 4, 6, 10, 16]
[1, 3, 8, 12, 13]
[2, 4, 5, 19, 23]
[3, 4, 5, 17, 28]
[2, 3, 5, 25]
[1, 2, 10, 12, 14]
[2, 4, 6, 8]
[1, 5, 6, 16, 19]
[1, 3, 6, 20]
[1, 4, 5, 27]
[16, 17, 18, 19, 20, 21, 22, 23, 24, 25, 26, 27, 28]


6
process id 10
stats
5, 15, 7, 100, 1000
20220728-085038
loosing coalitions taken
[1, 4, 6, 27]
[1, 3, 8, 11, 16]
[1, 3, 7, 15, 19]
[1, 2, 8, 10, 18]
[2, 3, 6, 9]
[2, 4, 5, 21, 25]
[1, 5, 6, 13, 22]
[2, 3, 5, 26, 28]
[1, 3, 6, 17]
[3, 4, 5, 13, 16]
[1, 2, 7, 13, 23]
[1, 4, 5, 28]
[1, 4, 7, 10, 14]
[2, 4, 6, 15, 19]
[16, 17, 18, 19, 20, 21, 22, 23, 24, 25, 26, 27, 28]


6
process id 13
stats
5, 15, 7, 100, 1000
20220728-085043
loosing coalitions taken
[1, 2, 8, 12, 20]
[3, 4, 6, 13, 19]
[1, 3, 7, 11, 19]
[2, 3, 5, 25, 28]
[1, 3, 9, 10, 12]
[1, 4, 8, 11, 14]
[1, 5, 6, 15, 20]
[1, 2, 7, 9]
[3, 4, 5, 15, 16]
[2, 4, 5, 19, 24]
[1, 4, 6, 22, 28]
[1, 4, 5, 25]
[2, 4, 6, 15, 18]
[2, 3, 6, 11, 26]
[16, 17, 18, 19, 20, 21, 22, 23, 24, 25, 26, 27, 28]


6
process id 10
stats
5, 15, 7, 100, 1000
20220728-085046
loosing coalitions taken
[3, 4, 5, 16]
[1, 2, 8, 11, 20]
[2, 3, 7, 8, 9]
[1, 3, 9, 10, 12]
[1, 5, 6, 10, 26]
[2, 3, 6, 12]
[1, 3, 7, 13, 19]
[1, 4, 8, 12, 14]
[1, 4, 5, 27]
[1, 4, 6, 25]
[2, 4, 5, 15, 26]
[2, 3, 5, 23, 24]
[2, 4, 6, 11, 17]
[1, 2, 6, 19]
[16, 17, 18, 19, 20, 21, 22, 23, 24, 25, 26, 27, 28]


5
process id 2
stats
5, 15, 7, 100, 1000
20220728-085100
loosing coalitions taken
[3, 4, 6, 9, 20]
[1, 2, 9, 10, 11]
[2, 4, 6, 12, 22]
[1, 4, 5, 26]
[1, 3, 8, 11, 17]
[1, 2, 7, 12, 20]
[1, 2, 8, 14, 16]
[2, 3, 5, 22]
[1, 3, 7, 10, 14]
[2, 3, 6, 11]
[1, 4, 7, 8]
[2, 4, 5, 16, 17]
[1, 3, 6, 28]
[2, 3, 4, 27]
[16, 17, 18, 19, 20, 21, 22, 23, 24, 25, 26, 27, 28]


5
process id 5
stats
5, 15, 7, 100, 1000
20220728-085114
loosing coalitions taken
[1, 5, 6, 10, 26]
[1, 3, 8, 12, 14]
[2, 4, 5, 15]
[1, 2, 7, 13, 23]
[1, 2, 9, 10, 14]
[1, 4, 6, 21]
[1, 3, 7, 11, 20]
[2, 3, 6, 9, 24]
[2, 4, 6, 11, 14]
[3, 4, 6, 12, 17]
[2, 3, 5, 21]
[3, 4, 5, 11]
[1, 4, 5, 27]
[1, 4, 7, 8, 16]
[16, 17, 18, 19, 20, 21, 22, 23, 24, 25, 26, 27, 28]


5
process id 5
stats
5, 15, 7, 100, 1000
20220728-085119
loosing coalitions taken
[1, 3, 7, 15, 16]
[2, 3, 5, 18, 26]
[2, 3, 6, 11]
[1, 2, 9, 12, 13]
[1, 2, 7, 8]
[2, 4, 5, 14, 22]
[1, 4, 6, 17]
[2, 3, 4, 28]
[3, 4, 5, 9, 21]
[1, 5, 6, 12, 24]
[1, 3, 8, 10, 19]
[1, 4, 7, 10, 11]
[1, 4, 5, 20]
[1, 2, 6, 28]
[16, 17, 18, 19, 20, 21, 22, 23, 24, 25, 26, 27, 28]


5
process id 15
stats
5, 15, 7, 100, 1000
20220728-085128
loosing coalitions taken
[1, 2, 9, 11, 12]
[1, 4, 7, 8, 20]
[1, 2, 7, 15, 21]
[1, 3, 8, 10, 19]
[1, 4, 6, 25, 26]
[1, 2, 8, 13, 16]
[2, 3, 5, 24, 28]
[3, 4, 6, 9, 14]
[3, 4, 5, 16, 27]
[2, 4, 5, 15, 25]
[2, 3, 6, 10]
[1, 3, 7, 12, 22]
[1, 5, 6, 15, 18]
[1, 4, 5, 24]
[16, 17, 18, 19, 20, 21, 22, 23, 24, 25, 26, 27, 28]


6
process id 8
stats
5, 15, 7, 100, 1000
20220728-085344
loosing coalitions taken
[1, 4, 7, 10, 19]
[1, 3, 8, 10, 16]
[2, 3, 6, 11]
[1, 5, 6, 16, 17]
[1, 3, 7, 14, 22]
[1, 4, 8, 9, 15]
[1, 4, 6, 28]
[2, 3, 5, 22, 28]
[3, 4, 5, 13, 24]
[2, 4, 5, 10, 21]
[1, 2, 6, 18]
[2, 4, 6, 8]
[2, 3, 4, 26]
[1, 2, 8, 13, 19]
[16, 17, 18, 19, 20, 21, 22, 23, 24, 25, 26, 27, 28]


6
process id 14
stats
5, 15, 7, 100, 1000
20220728-085429
loosing coalitions taken
[3, 4, 6, 13, 21]
[1, 3, 8, 9, 17]
[1, 2, 9, 11, 14]
[1, 2, 7, 12, 22]
[1, 2, 8, 13, 18]
[1, 3, 7, 15, 18]
[2, 3, 7, 8, 10]
[1, 4, 8, 10, 12]
[1, 4, 7, 14, 16]
[2, 3, 5, 24, 28]
[2, 4, 5, 10, 22]
[2, 3, 6, 9]
[3, 4, 5, 20, 23]
[1, 4, 6, 23]
[16, 17, 18, 19, 20, 21, 22, 23, 24, 25, 26, 27, 28]


6
process id 5
stats
5, 15, 7, 100, 1000
20220728-085446
loosing coalitions taken
[1, 5, 6, 16, 20]
[1, 3, 7, 13, 19]
[2, 3, 6, 16, 19]
[1, 2, 6, 22]
[1, 4, 8, 11, 12]
[2, 4, 5, 14, 25]
[2, 3, 5, 21]
[1, 3, 8, 10, 17]
[3, 4, 6, 11, 15]
[3, 4, 5, 9, 23]
[2, 4, 6, 12, 23]
[1, 4, 5, 26]
[1, 2, 7, 9, 24]
[1, 2, 8, 14, 15]
[16, 17, 18, 19, 20, 21, 22, 23, 24, 25, 26, 27, 28]


5
process id 10
stats
5, 15, 7, 100, 1000
20220728-085557
loosing coalitions taken
[1, 4, 6, 28]
[2, 3, 6, 16, 20]
[3, 4, 5, 17, 26]
[2, 3, 5, 22]
[1, 2, 7, 10, 23]
[1, 5, 6, 10, 25]
[1, 3, 7, 15, 17]
[1, 4, 5, 21]
[1, 2, 8, 14, 19]
[1, 4, 7, 11, 14]
[2, 4, 6, 8]
[1, 3, 8, 9, 16]
[1, 2, 6, 26]
[2, 4, 5, 12, 25]
[16, 17, 18, 19, 20, 21, 22, 23, 24, 25, 26, 27, 28]


5
process id 12
stats
5, 15, 7, 100, 1000
20220728-085624
loosing coalitions taken
[1, 3, 7, 12, 19]
[1, 4, 7, 14, 16]
[2, 3, 5, 16, 25]
[1, 3, 8, 13, 15]
[1, 2, 8, 14, 18]
[1, 2, 7, 15, 21]
[1, 5, 6, 10, 23]
[1, 4, 6, 18, 27]
[2, 3, 6, 9, 21]
[2, 4, 6, 12, 19]
[3, 4, 5, 11, 19]
[1, 3, 5, 28]
[2, 4, 5, 20]
[1, 4, 8, 10, 11]
[16, 17, 18, 19, 20, 21, 22, 23, 24, 25, 26, 27, 28]


6
process id 10
stats
5, 15, 7, 100, 1000
20220728-085635
loosing coalitions taken
[2, 3, 6, 16, 23]
[2, 3, 5, 20, 28]
[1, 4, 7, 9, 18]
[1, 3, 8, 11, 16]
[2, 4, 5, 18, 24]
[3, 4, 6, 14, 15]
[1, 4, 8, 10, 12]
[1, 3, 7, 14, 17]
[1, 5, 6, 10, 26]
[1, 3, 6, 27]
[1, 2, 7, 12, 13]
[3, 4, 5, 8]
[1, 2, 8, 9, 19]
[2, 4, 6, 9, 25]
[16, 17, 18, 19, 20, 21, 22, 23, 24, 25, 26, 27, 28]


5
process id 11
stats
5, 15, 7, 100, 1000
20220728-085635
loosing coalitions taken
[3, 4, 5, 12, 26]
[1, 2, 7, 12, 19]
[1, 3, 8, 11, 12]
[1, 2, 9, 11, 13]
[1, 4, 7, 8]
[1, 5, 6, 16, 20]
[3, 4, 6, 9, 20]
[1, 3, 6, 26]
[2, 4, 5, 15, 28]
[2, 3, 5, 21, 25]
[2, 4, 6, 13, 19]
[1, 4, 5, 24, 27]
[2, 3, 7, 8, 9]
[2, 3, 6, 10, 23]
[16, 17, 18, 19, 20, 21, 22, 23, 24, 25, 26, 27, 28]


5
process id 10
stats
5, 15, 7, 100, 1000
20220728-085644
loosing coalitions taken
[1, 2, 8, 10, 20]
[1, 3, 7, 12, 21]
[2, 3, 6, 13, 24]
[1, 3, 8, 9, 15]
[3, 4, 5, 16, 21]
[2, 4, 5, 20, 27]
[3, 4, 6, 10, 14]
[1, 3, 6, 23]
[1, 2, 7, 15, 17]
[2, 3, 5, 18, 25]
[1, 4, 5, 24]
[2, 4, 6, 9, 15]
[1, 2, 9, 11, 13]
[2, 3, 4, 26]
[16, 17, 18, 19, 20, 21, 22, 23, 24, 25, 26, 27, 28]


5
process id 5
stats
5, 15, 7, 100, 1000
20220728-085710
loosing coalitions taken
[2, 4, 5, 17]
[1, 4, 7, 9, 18]
[1, 4, 8, 10, 15]
[1, 3, 8, 9, 20]
[2, 3, 6, 14]
[1, 2, 9, 10, 13]
[1, 2, 7, 16, 20]
[1, 2, 8, 12, 19]
[1, 5, 6, 12, 18]
[3, 4, 5, 14]
[2, 3, 5, 23, 26]
[1, 3, 7, 13, 14]
[1, 3, 6, 17, 24]
[1, 4, 6, 20]
[16, 17, 18, 19, 20, 21, 22, 23, 24, 25, 26, 27, 28]


