Results
Max overall: 15
Min avg pop: 0.642
Min pop: 0.64

6
process id 3
stats
5, 15, 7, 100, 1000
20220819-183910
loosing coalitions taken
[2, 3, 6, 14]
[1, 2, 10, 12, 13]
[2, 4, 5, 19, 28]
[1, 3, 8, 9, 16]
[3, 4, 5, 16]
[1, 2, 8, 11, 21]
[1, 3, 7, 15, 18]
[1, 5, 6, 11, 23]
[1, 4, 6, 25]
[2, 3, 5, 20]
[3, 4, 6, 8, 23]
[3, 5, 6, 7, 13]
[1, 2, 7, 9]
[1, 4, 8, 10, 15]
[16, 17, 18, 19, 20, 21, 22, 23, 24, 25, 26, 27, 28]


5
process id 6
stats
5, 15, 7, 100, 1000
20220819-183911
loosing coalitions taken
[2, 4, 6, 16, 17]
[1, 3, 8, 12, 16]
[1, 2, 7, 14, 24]
[2, 4, 5, 20]
[1, 4, 7, 8]
[2, 3, 6, 12, 27]
[1, 2, 10, 11, 12]
[2, 3, 5, 22]
[1, 4, 6, 24]
[1, 3, 7, 10, 19]
[3, 4, 5, 15]
[1, 5, 6, 10, 18]
[1, 2, 8, 9, 20]
[3, 4, 6, 9, 21]
[16, 17, 18, 19, 20, 21, 22, 23, 24, 25, 26, 27, 28]


6
process id 5
stats
5, 15, 7, 100, 1000
20220819-183911
loosing coalitions taken
[1, 3, 7, 16, 17]
[2, 4, 5, 18]
[1, 2, 7, 11, 25]
[2, 3, 6, 10]
[1, 5, 6, 11, 24]
[1, 3, 8, 11, 19]
[3, 4, 6, 8]
[2, 4, 6, 13, 22]
[2, 3, 5, 23, 27]
[1, 4, 6, 26]
[1, 4, 7, 9, 18]
[3, 4, 5, 14]
[1, 2, 9, 10, 13]
[1, 2, 8, 12, 17]
[16, 17, 18, 19, 20, 21, 22, 23, 24, 25, 26, 27, 28]


