Results
Max overall: 15
Min avg pop: 0.642
Min pop: 0.64015

6
process id 5
stats
5, 15, 7, 100, 1000
20220819-183918
loosing coalitions taken
[1, 2, 7, 17, 19]
[2, 4, 5, 18]
[1, 2, 9, 11, 14]
[3, 4, 6, 10, 19]
[1, 2, 8, 10, 21]
[2, 3, 6, 12]
[1, 3, 8, 14, 16]
[1, 4, 6, 27]
[1, 4, 8, 12, 13]
[3, 4, 5, 12]
[2, 3, 5, 17]
[1, 5, 6, 13, 22]
[1, 4, 7, 11, 15]
[2, 4, 6, 11, 17]
[16, 17, 18, 19, 20, 21, 22, 23, 24, 25, 26, 27, 28]


6
process id 1
stats
5, 15, 7, 100, 1000
20220819-183919
loosing coalitions taken
[2, 3, 6, 14]
[1, 4, 7, 8, 26]
[1, 2, 8, 9, 20]
[1, 3, 7, 13, 20]
[1, 4, 6, 25]
[1, 2, 7, 15, 21]
[1, 2, 10, 11, 13]
[3, 4, 5, 11]
[2, 4, 5, 15, 27]
[2, 4, 6, 10, 21]
[2, 3, 5, 19]
[3, 4, 6, 8, 28]
[1, 5, 6, 16, 19]
[1, 3, 8, 15, 16]
[16, 17, 18, 19, 20, 21, 22, 23, 24, 25, 26, 27, 28]


6
process id 4
stats
5, 15, 7, 100, 1000
20220819-183920
loosing coalitions taken
[1, 2, 7, 9]
[3, 4, 5, 16]
[2, 3, 6, 11]
[1, 4, 8, 10, 12]
[3, 4, 6, 8]
[2, 3, 5, 22, 28]
[1, 5, 6, 16, 18]
[1, 3, 7, 11, 20]
[2, 4, 6, 14, 17]
[2, 4, 5, 15]
[3, 5, 6, 7, 15]
[1, 4, 6, 23]
[1, 3, 8, 9, 17]
[1, 2, 8, 11, 16]
[16, 17, 18, 19, 20, 21, 22, 23, 24, 25, 26, 27, 28]


