Results
Max overall: 15
Min avg pop: 0.642
Min pop: 0.6415

5
process id 3
stats
5, 15, 7, 100, 1000
20220819-184025
loosing coalitions taken
[2, 3, 5, 25]
[2, 4, 6, 16, 19]
[1, 3, 9, 10, 12]
[1, 5, 6, 16, 17]
[1, 3, 8, 11, 17]
[1, 3, 7, 16, 19]
[1, 2, 8, 9, 22]
[2, 3, 6, 9, 28]
[1, 4, 7, 8]
[3, 4, 5, 14]
[1, 2, 7, 13, 21]
[2, 4, 5, 17, 23]
[1, 4, 6, 28]
[3, 4, 6, 13, 20]
[16, 17, 18, 19, 20, 21, 22, 23, 24, 25, 26, 27, 28]


6
process id 2
stats
5, 15, 7, 100, 1000
20220819-184025
loosing coalitions taken
[1, 2, 9, 10, 13]
[1, 3, 8, 9, 20]
[1, 2, 7, 15, 22]
[3, 4, 5, 15]
[1, 4, 7, 9, 17]
[1, 2, 8, 12, 17]
[2, 3, 6, 16, 20]
[3, 4, 6, 11, 19]
[2, 4, 5, 16]
[1, 4, 6, 25]
[2, 4, 6, 9, 24]
[2, 3, 5, 23]
[1, 5, 6, 15, 18]
[1, 3, 7, 11, 21]
[16, 17, 18, 19, 20, 21, 22, 23, 24, 25, 26, 27, 28]


6
process id 7
stats
5, 15, 7, 100, 1000
20220819-184026
loosing coalitions taken
[1, 3, 8, 12, 18]
[1, 2, 7, 10, 24]
[1, 2, 8, 14, 20]
[2, 4, 5, 19]
[3, 4, 6, 13, 17]
[2, 3, 6, 9, 26]
[1, 4, 6, 28]
[2, 3, 5, 24]
[3, 4, 5, 16, 26]
[1, 3, 7, 15, 19]
[1, 5, 6, 9, 25]
[2, 4, 6, 11, 24]
[1, 2, 9, 11, 13]
[1, 4, 7, 8, 25]
[16, 17, 18, 19, 20, 21, 22, 23, 24, 25, 26, 27, 28]


6
process id 5
stats
5, 15, 7, 100, 1000
20220819-184027
loosing coalitions taken
[2, 3, 6, 14]
[1, 2, 9, 10, 11]
[1, 3, 8, 11, 19]
[1, 4, 8, 13, 14]
[1, 3, 7, 10, 22]
[3, 4, 5, 16, 27]
[2, 4, 5, 17]
[2, 3, 5, 22]
[1, 4, 6, 28]
[2, 4, 6, 15, 18]
[3, 4, 6, 9, 20]
[1, 2, 7, 12, 26]
[1, 5, 6, 15, 19]
[2, 5, 6, 8, 10]
[16, 17, 18, 19, 20, 21, 22, 23, 24, 25, 26, 27, 28]


6
process id 7
stats
5, 15, 7, 100, 1000
20220819-184027
loosing coalitions taken
[3, 4, 5, 18, 24]
[1, 5, 6, 16, 19]
[1, 3, 7, 11, 22]
[1, 3, 8, 12, 18]
[2, 4, 5, 17, 28]
[1, 2, 7, 16, 17]
[1, 2, 8, 14, 19]
[1, 2, 10, 12, 13]
[1, 4, 6, 26]
[2, 3, 6, 18, 21]
[3, 4, 6, 14, 15]
[2, 3, 5, 20]
[2, 4, 6, 9, 22]
[1, 4, 7, 10, 19]
[16, 17, 18, 19, 20, 21, 22, 23, 24, 25, 26, 27, 28]


6
process id 4
stats
5, 15, 7, 100, 1000
20220819-184028
loosing coalitions taken
[1, 2, 8, 10, 18]
[2, 4, 5, 20]
[1, 5, 6, 15, 17]
[1, 4, 6, 28]
[1, 3, 7, 9, 21]
[1, 2, 9, 12, 14]
[1, 3, 8, 14, 16]
[2, 3, 5, 25]
[3, 4, 5, 13, 28]
[1, 4, 7, 11, 15]
[2, 3, 6, 16, 22]
[2, 4, 6, 9, 19]
[3, 4, 6, 10, 17]
[2, 5, 6, 7, 10]
[16, 17, 18, 19, 20, 21, 22, 23, 24, 25, 26, 27, 28]


