Results
Max overall: 15
Min avg pop: 0.642
Min pop: 0.64165

6
process id 0
stats
5, 15, 7, 100, 1000
20220819-184033
loosing coalitions taken
[1, 3, 8, 12, 17]
[2, 3, 5, 23]
[1, 2, 10, 12, 13]
[3, 4, 6, 9, 18]
[1, 3, 7, 14, 20]
[1, 2, 7, 17, 18]
[1, 5, 6, 14, 21]
[2, 4, 6, 14, 19]
[1, 3, 9, 10, 11]
[1, 4, 6, 26]
[2, 3, 6, 11]
[1, 4, 7, 11, 16]
[3, 4, 5, 15]
[2, 4, 5, 17, 26]
[16, 17, 18, 19, 20, 21, 22, 23, 24, 25, 26, 27, 28]


6
process id 5
stats
5, 15, 7, 100, 1000
20220819-184034
loosing coalitions taken
[1, 3, 9, 10, 12]
[1, 2, 7, 9]
[3, 4, 5, 17, 27]
[1, 3, 8, 11, 19]
[2, 3, 6, 12]
[1, 4, 8, 10, 15]
[1, 5, 6, 16, 18]
[2, 4, 5, 16]
[2, 3, 5, 21]
[1, 4, 6, 26]
[1, 2, 10, 11, 13]
[1, 4, 7, 12, 13]
[1, 2, 8, 12, 20]
[2, 4, 6, 14, 22]
[16, 17, 18, 19, 20, 21, 22, 23, 24, 25, 26, 27, 28]


6
process id 6
stats
5, 15, 7, 100, 1000
20220819-184034
loosing coalitions taken
[1, 2, 7, 9, 28]
[1, 2, 8, 12, 21]
[1, 4, 7, 10, 18]
[2, 3, 6, 13]
[1, 2, 10, 11, 14]
[1, 3, 7, 11, 21]
[1, 3, 8, 14, 16]
[2, 3, 5, 23]
[3, 4, 6, 15, 16]
[1, 4, 6, 25]
[3, 4, 5, 14]
[1, 5, 6, 11, 19]
[2, 4, 5, 20]
[2, 4, 6, 10, 24]
[16, 17, 18, 19, 20, 21, 22, 23, 24, 25, 26, 27, 28]


6
process id 7
stats
5, 15, 7, 100, 1000
20220819-184035
loosing coalitions taken
[1, 4, 7, 9, 17]
[3, 4, 5, 15]
[2, 3, 6, 14]
[1, 5, 6, 13, 22]
[1, 3, 7, 16, 18]
[1, 2, 8, 9, 22]
[1, 3, 8, 10, 19]
[2, 3, 5, 24]
[1, 4, 6, 28]
[1, 2, 7, 11, 20]
[3, 4, 6, 10, 21]
[2, 4, 5, 16]
[2, 4, 6, 9, 20]
[1, 4, 8, 13, 14]
[16, 17, 18, 19, 20, 21, 22, 23, 24, 25, 26, 27, 28]


6
process id 4
stats
5, 15, 7, 100, 1000
20220819-184058
loosing coalitions taken
[1, 3, 8, 9, 20]
[1, 2, 7, 12, 25]
[1, 3, 7, 14, 22]
[2, 3, 7, 8, 10]
[1, 2, 9, 10, 11]
[2, 3, 6, 9]
[1, 2, 8, 14, 19]
[2, 4, 5, 17]
[1, 4, 8, 11, 13]
[2, 4, 6, 10, 24]
[2, 3, 5, 22, 28]
[3, 4, 5, 16]
[3, 4, 6, 12, 19]
[1, 4, 7, 9, 19]
[16, 17, 18, 19, 20, 21, 22, 23, 24, 25, 26, 27, 28]


