Results
Max overall: 15
Min avg pop: 0.642
Min pop: 0.6418

5
process id 3
stats
5, 15, 7, 100, 1000
20220819-184103
loosing coalitions taken
[3, 4, 6, 10, 20]
[1, 2, 8, 14, 17]
[2, 3, 5, 25]
[1, 3, 7, 14, 22]
[2, 4, 6, 11, 21]
[1, 4, 8, 9, 12]
[1, 5, 6, 14, 18]
[1, 2, 7, 11, 24]
[2, 3, 6, 13]
[2, 4, 5, 17]
[1, 4, 6, 27]
[3, 4, 5, 21, 24]
[1, 4, 7, 10, 18]
[1, 2, 10, 12, 13]
[16, 17, 18, 19, 20, 21, 22, 23, 24, 25, 26, 27, 28]


6
process id 2
stats
5, 15, 7, 100, 1000
20220819-184104
loosing coalitions taken
[1, 2, 9, 10, 14]
[1, 2, 8, 15, 17]
[1, 4, 7, 9, 16]
[1, 5, 6, 9, 25]
[3, 4, 6, 12, 17]
[1, 4, 8, 10, 11]
[1, 2, 7, 13, 23]
[2, 4, 6, 10, 23]
[1, 4, 6, 27]
[1, 3, 8, 14, 16]
[2, 3, 6, 11]
[2, 3, 5, 22, 27]
[2, 4, 5, 16, 28]
[3, 4, 5, 15]
[16, 17, 18, 19, 20, 21, 22, 23, 24, 25, 26, 27, 28]


6
process id 5
stats
5, 15, 7, 100, 1000
20220819-184104
loosing coalitions taken
[1, 2, 8, 13, 19]
[1, 3, 8, 10, 18]
[1, 5, 6, 15, 17]
[3, 4, 5, 16]
[1, 2, 7, 17, 18]
[2, 3, 6, 9]
[2, 3, 5, 22]
[1, 4, 6, 28]
[2, 4, 5, 18]
[3, 4, 6, 13, 19]
[2, 4, 6, 14, 20]
[1, 2, 9, 10, 12]
[1, 3, 7, 9, 20]
[1, 4, 7, 14, 16]
[16, 17, 18, 19, 20, 21, 22, 23, 24, 25, 26, 27, 28]


6
process id 4
stats
5, 15, 7, 100, 1000
20220819-184105
loosing coalitions taken
[3, 4, 5, 17, 28]
[3, 4, 6, 10, 21]
[1, 3, 7, 10, 22]
[1, 3, 8, 11, 16]
[2, 4, 6, 15, 18]
[1, 2, 7, 17, 18]
[1, 2, 10, 11, 14]
[1, 5, 6, 15, 20]
[1, 2, 8, 12, 19]
[1, 4, 7, 8, 23]
[2, 4, 5, 19, 25]
[2, 3, 6, 16, 22]
[2, 3, 5, 24]
[1, 4, 6, 26]
[16, 17, 18, 19, 20, 21, 22, 23, 24, 25, 26, 27, 28]


