Results
Max overall: 15
Min avg pop: 0.642
Min pop: 0.64195

6
process id 3
stats
5, 15, 7, 100, 1000
20220819-184111
loosing coalitions taken
[3, 4, 5, 16]
[1, 5, 6, 14, 22]
[1, 2, 7, 12, 23]
[1, 2, 9, 10, 13]
[1, 3, 7, 13, 21]
[1, 2, 8, 14, 17]
[1, 4, 8, 9, 15]
[1, 3, 8, 10, 18]
[2, 4, 6, 13, 17]
[1, 4, 6, 28]
[2, 3, 5, 23]
[2, 4, 5, 15]
[3, 4, 6, 11, 21]
[2, 3, 6, 12]
[16, 17, 18, 19, 20, 21, 22, 23, 24, 25, 26, 27, 28]


6
process id 0
stats
5, 15, 7, 100, 1000
20220819-184112
loosing coalitions taken
[3, 4, 6, 9, 21]
[1, 5, 6, 14, 22]
[1, 4, 8, 9, 13]
[1, 3, 8, 10, 17]
[2, 3, 6, 13]
[2, 4, 5, 18, 24]
[1, 3, 7, 9, 23]
[1, 4, 6, 27]
[1, 2, 7, 11, 24]
[1, 4, 7, 10, 19]
[2, 3, 5, 22]
[1, 2, 9, 10, 14]
[3, 4, 5, 14]
[2, 4, 6, 12, 17]
[16, 17, 18, 19, 20, 21, 22, 23, 24, 25, 26, 27, 28]


6
process id 7
stats
5, 15, 7, 100, 1000
20220819-184113
loosing coalitions taken
[1, 4, 7, 8]
[2, 3, 6, 13]
[1, 3, 9, 10, 12]
[2, 3, 5, 25]
[1, 2, 7, 15, 22]
[2, 4, 6, 9, 21]
[1, 3, 7, 16, 18]
[1, 4, 6, 28]
[2, 4, 5, 16]
[1, 5, 6, 10, 26]
[3, 4, 6, 14, 18]
[1, 2, 10, 11, 13]
[3, 4, 5, 15]
[1, 2, 8, 14, 19]
[16, 17, 18, 19, 20, 21, 22, 23, 24, 25, 26, 27, 28]


6
process id 5
stats
5, 15, 7, 100, 1000
20220819-184113
loosing coalitions taken
[1, 4, 7, 8]
[3, 4, 5, 18, 27]
[2, 4, 5, 20]
[1, 3, 9, 10, 11]
[1, 5, 6, 13, 17]
[2, 3, 6, 12]
[1, 4, 6, 25]
[2, 3, 5, 22]
[1, 2, 8, 12, 21]
[2, 4, 6, 10, 21]
[1, 3, 7, 15, 21]
[3, 4, 6, 8]
[1, 2, 7, 9, 28]
[1, 3, 8, 13, 16]
[16, 17, 18, 19, 20, 21, 22, 23, 24, 25, 26, 27, 28]


