Results
Max overall: 15
Min avg pop: 0.642
Min pop: 0.6421

6
process id 1
stats
5, 15, 7, 100, 1000
20220819-184118
loosing coalitions taken
[1, 2, 8, 9, 21]
[1, 5, 6, 15, 21]
[1, 3, 8, 13, 16]
[1, 4, 7, 8]
[1, 2, 10, 11, 13]
[2, 3, 6, 12]
[2, 4, 5, 17]
[3, 4, 5, 21, 22]
[2, 4, 6, 10, 24]
[2, 3, 5, 23]
[1, 3, 7, 12, 17]
[1, 4, 6, 27]
[1, 2, 7, 14, 23]
[3, 4, 6, 14, 19]
[16, 17, 18, 19, 20, 21, 22, 23, 24, 25, 26, 27, 28]


5
process id 0
stats
5, 15, 7, 100, 1000
20220819-184119
loosing coalitions taken
[1, 3, 8, 10, 18]
[2, 3, 6, 14, 27]
[2, 5, 6, 8, 10]
[1, 2, 8, 12, 17]
[1, 4, 7, 9, 16]
[2, 4, 6, 13, 21]
[1, 3, 7, 12, 21]
[1, 2, 7, 10, 28]
[1, 5, 6, 9, 23]
[2, 4, 5, 20, 27]
[1, 4, 6, 28]
[3, 4, 5, 19, 23]
[2, 3, 5, 25]
[1, 2, 9, 11, 14]
[16, 17, 18, 19, 20, 21, 22, 23, 24, 25, 26, 27, 28]


5
process id 4
stats
5, 15, 7, 100, 1000
20220819-184119
loosing coalitions taken
[3, 4, 6, 9, 22]
[1, 2, 7, 13, 25]
[2, 3, 6, 16, 23]
[1, 5, 6, 10, 22]
[1, 4, 7, 8, 23]
[1, 2, 8, 12, 20]
[1, 2, 9, 10, 14]
[2, 4, 6, 13, 19]
[1, 3, 7, 12, 22]
[2, 4, 5, 16]
[1, 3, 8, 14, 15]
[2, 3, 5, 25]
[3, 4, 5, 15]
[1, 4, 6, 27]
[16, 17, 18, 19, 20, 21, 22, 23, 24, 25, 26, 27, 28]


5
process id 5
stats
5, 15, 7, 100, 1000
20220819-184119
loosing coalitions taken
[2, 3, 6, 12]
[2, 4, 5, 19]
[1, 3, 7, 11, 22]
[1, 4, 7, 8, 23]
[1, 3, 8, 14, 16]
[1, 5, 6, 14, 22]
[1, 2, 10, 11, 14]
[1, 2, 8, 9, 22]
[2, 4, 6, 13, 21]
[3, 4, 6, 11, 18]
[2, 3, 5, 23]
[1, 2, 7, 12, 26]
[3, 4, 5, 13]
[1, 4, 6, 25]
[16, 17, 18, 19, 20, 21, 22, 23, 24, 25, 26, 27, 28]


5
process id 7
stats
5, 15, 7, 100, 1000
20220819-184120
loosing coalitions taken
[1, 2, 10, 11, 14]
[1, 3, 9, 10, 12]
[3, 4, 5, 16]
[2, 3, 6, 14]
[1, 3, 7, 15, 21]
[1, 5, 6, 10, 25]
[1, 4, 7, 8]
[2, 3, 5, 25]
[1, 4, 6, 27]
[2, 4, 5, 17]
[3, 4, 6, 11, 21]
[1, 2, 8, 9, 22]
[2, 4, 6, 9, 24]
[1, 3, 8, 13, 16]
[16, 17, 18, 19, 20, 21, 22, 23, 24, 25, 26, 27, 28]


