Results
Max overall: 15
Min avg pop: 0.642
Min pop: 0.64225

5
process id 2
stats
5, 15, 7, 100, 1000
20220819-184125
loosing coalitions taken
[3, 4, 6, 12, 21]
[1, 2, 9, 10, 11]
[2, 4, 5, 17]
[1, 2, 8, 14, 19]
[1, 3, 7, 9, 24]
[1, 2, 7, 15, 22]
[2, 3, 6, 14]
[1, 3, 8, 12, 16]
[2, 3, 5, 23]
[3, 4, 5, 14]
[2, 4, 6, 11, 20]
[1, 4, 6, 25]
[1, 5, 6, 10, 20]
[1, 4, 7, 8]
[16, 17, 18, 19, 20, 21, 22, 23, 24, 25, 26, 27, 28]


6
process id 0
stats
5, 15, 7, 100, 1000
20220819-184126
loosing coalitions taken
[1, 2, 9, 11, 14]
[3, 4, 5, 19, 25]
[3, 4, 6, 13, 21]
[1, 5, 6, 10, 24]
[2, 4, 5, 21, 24]
[1, 4, 6, 25]
[1, 4, 7, 8]
[2, 4, 6, 12, 23]
[1, 3, 7, 13, 22]
[2, 3, 6, 11]
[2, 3, 5, 20]
[1, 3, 8, 15, 16]
[1, 2, 8, 12, 19]
[1, 2, 7, 10, 27]
[16, 17, 18, 19, 20, 21, 22, 23, 24, 25, 26, 27, 28]


5
process id 7
stats
5, 15, 7, 100, 1000
20220819-184127
loosing coalitions taken
[2, 4, 5, 17]
[1, 3, 7, 15, 19]
[1, 5, 6, 9, 24]
[2, 3, 6, 16, 24]
[1, 2, 10, 11, 13]
[3, 4, 5, 19, 23]
[2, 4, 6, 12, 20]
[2, 3, 5, 25]
[1, 2, 7, 9, 27]
[1, 4, 6, 27]
[3, 4, 6, 11, 21]
[1, 3, 8, 9, 16]
[1, 4, 7, 13, 14]
[1, 4, 8, 10, 12]
[16, 17, 18, 19, 20, 21, 22, 23, 24, 25, 26, 27, 28]


6
process id 5
stats
5, 15, 7, 100, 1000
20220819-184127
loosing coalitions taken
[1, 3, 7, 14, 21]
[1, 3, 8, 9, 20]
[1, 5, 6, 10, 23]
[1, 4, 7, 8]
[2, 4, 6, 13, 20]
[3, 4, 5, 18, 27]
[2, 4, 5, 22, 24]
[1, 2, 9, 11, 14]
[2, 3, 6, 10]
[1, 2, 7, 10, 24]
[1, 4, 6, 25]
[2, 3, 5, 25]
[3, 4, 6, 14, 17]
[1, 2, 8, 12, 18]
[16, 17, 18, 19, 20, 21, 22, 23, 24, 25, 26, 27, 28]


