Results
Max overall: 15
Min avg pop: 0.642
Min pop: 0.6424

5
process id 1
stats
5, 15, 7, 100, 1000
20220819-184132
loosing coalitions taken
[2, 4, 5, 17]
[1, 2, 7, 13, 24]
[1, 4, 7, 8]
[2, 3, 6, 13]
[2, 3, 5, 22]
[1, 4, 6, 28]
[3, 4, 5, 15]
[1, 3, 8, 12, 17]
[1, 2, 8, 10, 18]
[2, 4, 6, 9, 22]
[1, 5, 6, 9, 24]
[3, 4, 6, 11, 19]
[1, 3, 7, 15, 21]
[1, 3, 9, 10, 11]
[16, 17, 18, 19, 20, 21, 22, 23, 24, 25, 26, 27, 28]


6
process id 4
stats
5, 15, 7, 100, 1000
20220819-184133
loosing coalitions taken
[1, 5, 6, 10, 25]
[2, 4, 5, 19]
[1, 3, 8, 9, 17]
[1, 4, 7, 8, 24]
[1, 2, 8, 15, 16]
[1, 3, 7, 14, 18]
[2, 3, 6, 13]
[1, 2, 7, 11, 26]
[2, 3, 5, 20]
[3, 4, 6, 14, 19]
[3, 4, 5, 15]
[2, 4, 6, 15, 17]
[1, 4, 6, 26, 28]
[1, 2, 9, 12, 13]
[16, 17, 18, 19, 20, 21, 22, 23, 24, 25, 26, 27, 28]


6
process id 6
stats
5, 15, 7, 100, 1000
20220819-184134
loosing coalitions taken
[1, 2, 9, 12, 14]
[1, 5, 6, 11, 23]
[3, 4, 5, 17, 27]
[2, 3, 6, 13, 28]
[1, 2, 7, 11, 26]
[1, 4, 8, 11, 14]
[1, 4, 7, 10, 16]
[1, 2, 8, 13, 18]
[1, 3, 7, 13, 20]
[2, 3, 7, 8, 10]
[1, 3, 8, 9, 17]
[2, 3, 5, 21]
[2, 4, 6, 9, 22]
[1, 4, 6, 25]
[16, 17, 18, 19, 20, 21, 22, 23, 24, 25, 26, 27, 28]


