Results
Max overall: 15
Min avg pop: 0.642
Min pop: 0.6425500000000001

6
process id 3
stats
5, 15, 7, 100, 1000
20220819-184139
loosing coalitions taken
[2, 3, 6, 14]
[1, 5, 6, 9, 25]
[3, 4, 5, 17, 26]
[1, 2, 10, 12, 13]
[2, 3, 5, 20]
[1, 2, 8, 11, 20]
[1, 2, 7, 16, 19]
[3, 4, 6, 13, 18]
[1, 4, 6, 27]
[2, 4, 6, 12, 21]
[1, 3, 8, 10, 19]
[1, 4, 7, 14, 15]
[1, 3, 7, 9, 22]
[2, 4, 5, 19, 23]
[16, 17, 18, 19, 20, 21, 22, 23, 24, 25, 26, 27, 28]


6
process id 7
stats
5, 15, 7, 100, 1000
20220819-184140
loosing coalitions taken
[1, 3, 7, 14, 22]
[2, 3, 6, 12]
[1, 5, 6, 11, 24]
[1, 3, 8, 11, 17]
[3, 4, 5, 16]
[2, 4, 5, 17, 25]
[2, 4, 6, 16, 19]
[1, 4, 6, 28]
[2, 3, 5, 22]
[1, 2, 7, 9]
[1, 4, 8, 9, 10]
[3, 4, 6, 15, 17]
[1, 2, 10, 11, 14]
[1, 2, 8, 13, 18]
[16, 17, 18, 19, 20, 21, 22, 23, 24, 25, 26, 27, 28]


5
process id 7
stats
5, 15, 7, 100, 1000
20220819-184141
loosing coalitions taken
[1, 3, 8, 10, 18]
[1, 2, 10, 11, 12]
[2, 4, 5, 20]
[1, 5, 6, 13, 22]
[1, 4, 6, 25]
[2, 3, 5, 25]
[2, 3, 6, 11]
[3, 4, 6, 8]
[1, 4, 7, 9, 16]
[3, 4, 5, 15]
[1, 2, 7, 15, 20]
[2, 4, 6, 12, 23]
[1, 2, 8, 13, 16]
[1, 3, 7, 13, 19]
[16, 17, 18, 19, 20, 21, 22, 23, 24, 25, 26, 27, 28]


