Results
Max overall: 15
Min avg pop: 0.642
Min pop: 0.6427

5
process id 3
stats
5, 15, 7, 100, 1000
20220819-184146
loosing coalitions taken
[3, 4, 6, 13, 20]
[1, 5, 6, 10, 24]
[1, 3, 7, 10, 21]
[1, 2, 7, 16, 18]
[1, 2, 8, 11, 19]
[1, 4, 8, 10, 15]
[2, 4, 5, 21, 24]
[1, 4, 7, 9, 17]
[1, 4, 6, 27]
[1, 3, 8, 14, 16]
[1, 2, 9, 12, 13]
[3, 4, 5, 19, 25]
[2, 3, 6, 12, 25]
[2, 3, 5, 20]
[16, 17, 18, 19, 20, 21, 22, 23, 24, 25, 26, 27, 28]


5
process id 0
stats
5, 15, 7, 100, 1000
20220819-184146
loosing coalitions taken
[2, 4, 5, 19]
[1, 3, 7, 15, 19]
[1, 3, 9, 10, 11]
[1, 3, 8, 12, 17]
[1, 2, 7, 17, 18]
[1, 5, 6, 13, 22]
[2, 3, 6, 13]
[1, 2, 8, 15, 16]
[2, 3, 5, 23]
[3, 4, 5, 15]
[2, 4, 6, 12, 23]
[1, 4, 8, 9, 13]
[3, 4, 6, 8]
[1, 4, 6, 26]
[16, 17, 18, 19, 20, 21, 22, 23, 24, 25, 26, 27, 28]


5
process id 5
stats
5, 15, 7, 100, 1000
20220819-184147
loosing coalitions taken
[1, 4, 7, 12, 16]
[1, 3, 7, 11, 22]
[1, 3, 8, 14, 15]
[1, 5, 6, 11, 25]
[2, 4, 5, 17]
[1, 2, 7, 9]
[2, 3, 6, 14]
[2, 3, 5, 21]
[3, 4, 6, 12, 18]
[1, 4, 6, 28]
[1, 2, 8, 11, 18]
[3, 4, 5, 14]
[2, 4, 6, 10, 22]
[1, 3, 9, 10, 12]
[16, 17, 18, 19, 20, 21, 22, 23, 24, 25, 26, 27, 28]


6
process id 2
stats
5, 15, 7, 100, 1000
20220819-184147
loosing coalitions taken
[1, 2, 7, 9]
[2, 4, 5, 21, 28]
[1, 3, 8, 12, 19]
[3, 4, 5, 19, 24]
[3, 4, 6, 13, 20]
[2, 3, 6, 11]
[1, 4, 8, 10, 14]
[1, 4, 6, 27]
[1, 5, 6, 9, 21]
[1, 3, 7, 10, 24]
[2, 3, 5, 20]
[3, 5, 6, 7, 12]
[2, 4, 6, 12, 22]
[1, 2, 8, 15, 16]
[16, 17, 18, 19, 20, 21, 22, 23, 24, 25, 26, 27, 28]


6
process id 6
stats
5, 15, 7, 100, 1000
20220819-184148
loosing coalitions taken
[3, 4, 6, 11, 18]
[1, 3, 8, 11, 19]
[1, 4, 8, 10, 15]
[1, 3, 7, 12, 22]
[1, 2, 7, 9]
[2, 4, 6, 14, 21]
[2, 3, 6, 10]
[2, 3, 5, 25]
[1, 5, 6, 16, 17]
[3, 4, 5, 17, 22]
[2, 4, 5, 19, 27]
[2, 5, 6, 8, 9]
[1, 4, 7, 13, 16]
[1, 4, 6, 26]
[16, 17, 18, 19, 20, 21, 22, 23, 24, 25, 26, 27, 28]


