Results
Max overall: 15
Min avg pop: 0.642
Min pop: 0.64285

6
process id 1
stats
5, 15, 7, 100, 1000
20220819-184154
loosing coalitions taken
[1, 5, 6, 13, 23]
[1, 3, 8, 9, 17]
[1, 2, 9, 12, 14]
[1, 2, 7, 16, 21]
[2, 4, 5, 19]
[2, 3, 6, 15, 26]
[1, 2, 8, 10, 20]
[1, 4, 6, 27]
[1, 4, 7, 8]
[1, 3, 7, 13, 22]
[2, 3, 5, 25]
[3, 4, 5, 16]
[2, 4, 6, 14, 22]
[3, 4, 6, 10, 19]
[16, 17, 18, 19, 20, 21, 22, 23, 24, 25, 26, 27, 28]


6
process id 4
stats
5, 15, 7, 100, 1000
20220819-184154
loosing coalitions taken
[2, 4, 5, 17]
[1, 2, 7, 11, 25]
[1, 2, 9, 10, 14]
[1, 3, 7, 9, 21]
[1, 2, 8, 12, 20]
[1, 3, 8, 14, 16]
[2, 3, 6, 15, 27]
[2, 3, 5, 25]
[3, 4, 5, 16]
[3, 4, 6, 10, 17]
[1, 4, 6, 27]
[1, 5, 6, 15, 21]
[1, 4, 7, 10, 18]
[2, 4, 6, 11, 24]
[16, 17, 18, 19, 20, 21, 22, 23, 24, 25, 26, 27, 28]


6
process id 7
stats
5, 15, 7, 100, 1000
20220819-184155
loosing coalitions taken
[1, 4, 7, 8]
[3, 4, 6, 15, 17]
[1, 5, 6, 12, 22]
[1, 2, 9, 11, 13]
[2, 4, 5, 20]
[2, 3, 6, 11]
[1, 3, 8, 9, 16]
[1, 3, 7, 10, 22]
[2, 3, 5, 21]
[1, 4, 6, 26]
[1, 2, 8, 14, 20]
[3, 4, 5, 16]
[2, 4, 6, 10, 21]
[1, 2, 7, 16, 17]
[16, 17, 18, 19, 20, 21, 22, 23, 24, 25, 26, 27, 28]


