Results
Max overall: 15
Min avg pop: 0.642
Min pop: 0.6403

5
process id 2
stats
5, 15, 7, 100, 1000
20220819-183925
loosing coalitions taken
[1, 5, 6, 16, 18]
[1, 2, 7, 9, 24]
[3, 4, 5, 15]
[1, 3, 7, 12, 22]
[1, 3, 8, 11, 17]
[1, 4, 7, 11, 16]
[1, 2, 8, 14, 19]
[1, 4, 6, 26]
[2, 4, 5, 16, 23]
[2, 3, 6, 14]
[2, 3, 5, 17]
[2, 4, 6, 8]
[1, 4, 8, 9, 12]
[3, 4, 6, 10, 21]
[16, 17, 18, 19, 20, 21, 22, 23, 24, 25, 26, 27, 28]


6
process id 6
stats
5, 15, 7, 100, 1000
20220819-183926
loosing coalitions taken
[1, 3, 7, 14, 20]
[1, 2, 7, 11, 23]
[2, 4, 5, 19, 25]
[1, 2, 8, 14, 18]
[1, 4, 7, 9, 18]
[1, 4, 8, 10, 11]
[2, 3, 6, 12]
[1, 5, 6, 13, 22]
[3, 4, 5, 15]
[1, 2, 9, 10, 13]
[2, 3, 5, 23, 28]
[2, 4, 6, 16, 18]
[1, 4, 6, 23]
[1, 3, 8, 12, 13]
[16, 17, 18, 19, 20, 21, 22, 23, 24, 25, 26, 27, 28]


