Results
Max overall: 15
Min avg pop: 0.642
Min pop: 0.64045

5
process id 6
stats
5, 15, 7, 100, 1000
20220819-183933
loosing coalitions taken
[3, 4, 6, 14, 18]
[1, 2, 10, 11, 13]
[1, 3, 8, 11, 17]
[1, 3, 7, 15, 20]
[1, 4, 7, 8, 28]
[1, 2, 7, 14, 24]
[1, 4, 6, 25]
[2, 3, 5, 18]
[2, 4, 5, 17]
[2, 3, 6, 11]
[2, 4, 6, 10, 20]
[3, 4, 5, 13]
[1, 2, 8, 9, 16]
[1, 5, 6, 10, 19]
[16, 17, 18, 19, 20, 21, 22, 23, 24, 25, 26, 27, 28]


6
process id 4
stats
5, 15, 7, 100, 1000
20220819-183934
loosing coalitions taken
[1, 3, 8, 15, 16]
[1, 5, 6, 13, 24]
[2, 3, 6, 19, 20]
[1, 3, 7, 9, 23]
[2, 4, 5, 17]
[1, 2, 7, 14, 24]
[1, 4, 7, 8]
[3, 4, 5, 15]
[1, 2, 8, 12, 18]
[2, 4, 6, 8]
[2, 3, 5, 23]
[1, 4, 6, 27]
[1, 2, 10, 11, 13]
[3, 4, 6, 11, 21]
[16, 17, 18, 19, 20, 21, 22, 23, 24, 25, 26, 27, 28]


6
process id 5
stats
5, 15, 7, 100, 1000
20220819-183934
loosing coalitions taken
[2, 4, 5, 21, 28]
[1, 2, 8, 10, 20]
[2, 3, 5, 25]
[1, 3, 7, 11, 23]
[1, 3, 8, 9, 17]
[1, 4, 7, 9, 19]
[3, 4, 6, 12, 17]
[1, 2, 9, 12, 14]
[2, 4, 6, 11, 22]
[2, 3, 6, 14]
[1, 4, 6, 28]
[3, 4, 5, 18, 24]
[1, 4, 8, 13, 14]
[1, 5, 6, 10, 17]
[16, 17, 18, 19, 20, 21, 22, 23, 24, 25, 26, 27, 28]


6
process id 7
stats
5, 15, 7, 100, 1000
20220819-183934
loosing coalitions taken
[1, 4, 8, 10, 15]
[1, 3, 7, 9, 24]
[1, 2, 7, 14, 22]
[1, 2, 8, 11, 19]
[2, 3, 5, 24]
[1, 5, 6, 10, 22]
[2, 4, 6, 9, 19]
[1, 4, 6, 28]
[1, 2, 9, 10, 13]
[2, 3, 6, 12]
[3, 4, 5, 16]
[3, 4, 6, 13, 20]
[2, 4, 5, 18]
[1, 4, 7, 12, 16]
[16, 17, 18, 19, 20, 21, 22, 23, 24, 25, 26, 27, 28]


6
process id 1
stats
5, 15, 7, 100, 1000
20220819-183934
loosing coalitions taken
[1, 5, 6, 10, 26]
[1, 2, 8, 13, 18]
[2, 4, 5, 17, 26]
[1, 4, 7, 8]
[1, 2, 9, 12, 14]
[2, 4, 6, 8, 28]
[1, 3, 7, 13, 16]
[2, 3, 6, 14]
[2, 3, 5, 23, 28]
[1, 2, 7, 10, 22]
[3, 4, 5, 15]
[1, 4, 6, 23]
[1, 3, 8, 12, 17]
[3, 4, 6, 13, 20]
[16, 17, 18, 19, 20, 21, 22, 23, 24, 25, 26, 27, 28]


6
process id 3
stats
5, 15, 7, 100, 1000
20220819-183937
loosing coalitions taken
[1, 3, 7, 15, 18]
[1, 5, 6, 10, 23]
[1, 4, 8, 9, 15]
[2, 4, 6, 16, 18]
[2, 3, 6, 9]
[1, 2, 7, 10, 25]
[1, 2, 8, 13, 20]
[2, 4, 5, 22, 23]
[1, 3, 8, 11, 16]
[3, 4, 5, 12]
[1, 4, 7, 12, 16]
[2, 3, 5, 21, 26]
[1, 4, 6, 26]
[3, 4, 6, 8]
[16, 17, 18, 19, 20, 21, 22, 23, 24, 25, 26, 27, 28]


