Results
Max overall: 15
Min avg pop: 0.642
Min pop: 0.6406000000000001

6
process id 3
stats
5, 15, 7, 100, 1000
20220819-183943
loosing coalitions taken
[1, 3, 7, 16, 19]
[1, 5, 6, 13, 24]
[1, 2, 10, 11, 13]
[1, 2, 7, 9]
[3, 4, 5, 19, 26]
[2, 3, 5, 22]
[1, 3, 8, 13, 15]
[2, 4, 5, 20]
[2, 3, 6, 12]
[2, 4, 6, 11, 17]
[3, 4, 6, 8]
[1, 4, 7, 8, 26]
[1, 4, 6, 25]
[1, 2, 8, 12, 21]
[16, 17, 18, 19, 20, 21, 22, 23, 24, 25, 26, 27, 28]


6
process id 2
stats
5, 15, 7, 100, 1000
20220819-183944
loosing coalitions taken
[2, 4, 5, 17]
[1, 2, 7, 14, 22]
[2, 3, 6, 9]
[1, 5, 6, 12, 23]
[1, 4, 8, 9, 12]
[1, 4, 7, 10, 18]
[1, 2, 10, 12, 13]
[1, 3, 7, 15, 19]
[1, 4, 6, 25]
[3, 4, 6, 15, 16]
[1, 3, 8, 11, 18]
[2, 3, 5, 22, 28]
[2, 4, 6, 10, 22]
[3, 4, 5, 11]
[16, 17, 18, 19, 20, 21, 22, 23, 24, 25, 26, 27, 28]


