Results
Max overall: 15
Min avg pop: 0.642
Min pop: 0.64075

6
process id 2
stats
5, 15, 7, 100, 1000
20220819-183950
loosing coalitions taken
[2, 4, 5, 19, 28]
[2, 3, 5, 24]
[1, 3, 8, 10, 17]
[1, 2, 7, 9]
[1, 5, 6, 13, 23]
[3, 4, 6, 15, 17]
[2, 4, 6, 14, 22]
[1, 2, 8, 14, 20]
[1, 3, 7, 14, 22]
[3, 4, 5, 16, 25]
[1, 4, 6, 28]
[1, 4, 7, 12, 13]
[1, 2, 10, 11, 12]
[2, 3, 6, 12, 23]
[16, 17, 18, 19, 20, 21, 22, 23, 24, 25, 26, 27, 28]


6
process id 1
stats
5, 15, 7, 100, 1000
20220819-183950
loosing coalitions taken
[2, 3, 6, 12]
[3, 4, 5, 17, 22]
[2, 4, 5, 16]
[1, 5, 6, 11, 22]
[1, 3, 8, 13, 14]
[2, 3, 5, 18]
[1, 4, 6, 28]
[1, 2, 9, 11, 13]
[3, 4, 6, 9, 21]
[1, 2, 7, 14, 23]
[1, 3, 7, 15, 16]
[1, 4, 7, 8]
[2, 4, 6, 8]
[1, 2, 8, 10, 20]
[16, 17, 18, 19, 20, 21, 22, 23, 24, 25, 26, 27, 28]


6
process id 5
stats
5, 15, 7, 100, 1000
20220819-183951
loosing coalitions taken
[1, 2, 9, 12, 13]
[1, 2, 7, 17, 19]
[1, 4, 7, 10, 18]
[2, 3, 5, 22]
[1, 3, 9, 10, 11]
[1, 5, 6, 9, 24]
[2, 3, 6, 11]
[2, 4, 6, 12, 20]
[2, 4, 5, 18]
[1, 3, 7, 8]
[1, 4, 6, 25]
[3, 4, 6, 15, 16]
[1, 2, 8, 15, 16]
[3, 4, 5, 12]
[16, 17, 18, 19, 20, 21, 22, 23, 24, 25, 26, 27, 28]


