Results
Max overall: 15
Min avg pop: 0.642
Min pop: 0.6409

6
process id 1
stats
5, 15, 7, 100, 1000
20220819-183956
loosing coalitions taken
[3, 4, 5, 20, 23]
[1, 2, 7, 9]
[1, 5, 6, 13, 24]
[1, 3, 8, 15, 16]
[2, 4, 5, 18]
[1, 2, 10, 11, 14]
[2, 4, 6, 10, 22]
[3, 4, 6, 8, 27]
[1, 4, 7, 8, 23]
[1, 3, 9, 10, 12]
[2, 3, 6, 14]
[2, 3, 5, 19]
[1, 3, 7, 14, 21]
[1, 4, 6, 28]
[16, 17, 18, 19, 20, 21, 22, 23, 24, 25, 26, 27, 28]


6
process id 7
stats
5, 15, 7, 100, 1000
20220819-183958
loosing coalitions taken
[1, 4, 7, 8, 24]
[1, 2, 8, 10, 21]
[1, 3, 7, 12, 22]
[1, 5, 6, 14, 21]
[3, 4, 6, 13, 17]
[2, 4, 5, 18]
[1, 3, 8, 11, 15]
[1, 2, 7, 11, 27]
[2, 3, 6, 10]
[2, 3, 5, 24, 27]
[2, 4, 6, 12, 22]
[3, 4, 5, 11]
[1, 4, 6, 25]
[1, 2, 9, 12, 14]
[16, 17, 18, 19, 20, 21, 22, 23, 24, 25, 26, 27, 28]


