Results
Max overall: 15
Min avg pop: 0.642
Min pop: 0.64105

5
process id 1
stats
5, 15, 7, 100, 1000
20220819-184004
loosing coalitions taken
[1, 2, 7, 16, 19]
[1, 3, 8, 9, 20]
[1, 2, 9, 11, 13]
[1, 5, 6, 13, 21]
[1, 3, 7, 14, 21]
[3, 4, 5, 14]
[2, 4, 5, 20]
[2, 3, 6, 16, 23]
[1, 2, 8, 10, 17]
[1, 4, 6, 23]
[2, 3, 5, 24]
[3, 4, 6, 13, 17]
[1, 4, 7, 8, 28]
[2, 4, 6, 8]
[16, 17, 18, 19, 20, 21, 22, 23, 24, 25, 26, 27, 28]


5
process id 3
stats
5, 15, 7, 100, 1000
20220819-184004
loosing coalitions taken
[1, 2, 7, 13, 22]
[1, 3, 8, 12, 19]
[1, 2, 8, 15, 17]
[2, 3, 6, 9]
[1, 3, 7, 14, 18]
[2, 4, 5, 20]
[2, 3, 5, 25, 27]
[1, 5, 6, 11, 17]
[2, 4, 6, 14, 18]
[1, 4, 6, 27]
[3, 4, 5, 14]
[1, 4, 7, 8]
[3, 4, 6, 8]
[1, 2, 9, 11, 12]
[16, 17, 18, 19, 20, 21, 22, 23, 24, 25, 26, 27, 28]


5
process id 6
stats
5, 15, 7, 100, 1000
20220819-184005
loosing coalitions taken
[1, 4, 8, 10, 14]
[1, 2, 8, 9, 22]
[2, 3, 6, 13]
[1, 3, 8, 12, 18]
[1, 2, 7, 16, 20]
[1, 3, 7, 10, 22]
[3, 4, 5, 13, 27]
[2, 4, 5, 16]
[2, 4, 6, 10, 17]
[1, 5, 6, 16, 19]
[2, 3, 5, 21]
[1, 4, 6, 23]
[3, 4, 6, 12, 21]
[1, 4, 7, 12, 15]
[16, 17, 18, 19, 20, 21, 22, 23, 24, 25, 26, 27, 28]


6
process id 7
stats
5, 15, 7, 100, 1000
20220819-184005
loosing coalitions taken
[2, 4, 6, 13, 22]
[1, 4, 7, 8]
[1, 2, 10, 11, 14]
[2, 4, 5, 18, 27]
[3, 4, 5, 19, 24]
[2, 3, 5, 25]
[1, 5, 6, 12, 24]
[1, 4, 6, 27]
[1, 2, 7, 9]
[2, 3, 6, 17, 19]
[3, 4, 6, 14, 16]
[1, 3, 8, 9, 18]
[1, 3, 7, 13, 19]
[1, 2, 8, 15, 17]
[16, 17, 18, 19, 20, 21, 22, 23, 24, 25, 26, 27, 28]


