Results
Max overall: 15
Min avg pop: 0.642
Min pop: 0.6412

6
process id 0
stats
5, 15, 7, 100, 1000
20220819-184010
loosing coalitions taken
[1, 5, 6, 12, 22]
[1, 3, 8, 11, 17]
[1, 3, 7, 16, 18]
[1, 2, 8, 12, 20]
[1, 4, 8, 9, 14]
[3, 4, 5, 16]
[2, 3, 6, 9]
[2, 4, 5, 15]
[1, 4, 7, 10, 19]
[2, 4, 6, 11, 23]
[2, 3, 5, 25]
[1, 2, 7, 15, 21]
[1, 4, 6, 25]
[1, 2, 10, 11, 14]
[16, 17, 18, 19, 20, 21, 22, 23, 24, 25, 26, 27, 28]


6
process id 3
stats
5, 15, 7, 100, 1000
20220819-184013
loosing coalitions taken
[1, 3, 8, 11, 17]
[1, 2, 8, 12, 21]
[1, 3, 9, 10, 12]
[1, 4, 7, 8]
[3, 4, 5, 18, 26]
[1, 2, 10, 11, 14]
[1, 5, 6, 13, 24]
[2, 3, 5, 24]
[1, 3, 7, 13, 20]
[2, 3, 6, 10]
[3, 5, 6, 7, 11]
[2, 4, 5, 17]
[1, 4, 6, 26]
[2, 4, 6, 13, 21]
[16, 17, 18, 19, 20, 21, 22, 23, 24, 25, 26, 27, 28]


