Results
Max overall: 15
Min avg pop: 0.642
Min pop: 0.64135

5
process id 4
stats
5, 15, 7, 100, 1000
20220819-184019
loosing coalitions taken
[2, 4, 5, 20]
[1, 5, 6, 14, 21]
[3, 4, 6, 11, 17]
[1, 3, 8, 11, 16]
[1, 2, 7, 13, 22]
[1, 4, 7, 9, 17]
[1, 2, 8, 9, 18]
[2, 3, 6, 10]
[3, 4, 5, 15]
[1, 3, 7, 12, 20]
[2, 4, 6, 14, 19]
[1, 4, 6, 28]
[2, 3, 5, 21]
[1, 4, 8, 10, 13]
[16, 17, 18, 19, 20, 21, 22, 23, 24, 25, 26, 27, 28]


6
process id 1
stats
5, 15, 7, 100, 1000
20220819-184019
loosing coalitions taken
[1, 5, 6, 16, 19]
[2, 3, 5, 23]
[1, 2, 7, 14, 22]
[1, 2, 10, 11, 13]
[3, 4, 6, 13, 20]
[1, 4, 6, 26]
[1, 4, 7, 8]
[2, 4, 5, 17, 27]
[1, 2, 8, 9, 16]
[2, 3, 6, 17, 18]
[1, 3, 8, 13, 14]
[3, 4, 5, 18, 21]
[2, 4, 6, 9, 22]
[1, 3, 7, 11, 19]
[16, 17, 18, 19, 20, 21, 22, 23, 24, 25, 26, 27, 28]


5
process id 5
stats
5, 15, 7, 100, 1000
20220819-184020
loosing coalitions taken
[1, 3, 7, 10, 23]
[3, 4, 5, 21, 23]
[1, 2, 9, 11, 12]
[1, 3, 8, 9, 18]
[3, 4, 6, 11, 19]
[2, 3, 6, 9]
[1, 2, 7, 15, 22]
[1, 5, 6, 11, 25]
[1, 2, 8, 10, 20]
[2, 4, 5, 20]
[1, 4, 6, 26, 28]
[2, 3, 5, 22, 25]
[2, 4, 6, 12, 17]
[1, 4, 7, 9, 16]
[16, 17, 18, 19, 20, 21, 22, 23, 24, 25, 26, 27, 28]


