Results
15
0.64
0.644

6
process id 4
stats
5, 15, 7, 100, 1000
20220816-224937
loosing coalitions taken
[1, 5, 6, 11, 24]
[3, 4, 6, 13, 19]
[1, 4, 7, 11, 16]
[1, 2, 7, 13, 25]
[1, 4, 8, 9, 13]
[1, 3, 7, 15, 19]
[1, 2, 8, 12, 21]
[3, 4, 5, 20, 22]
[2, 4, 5, 17]
[2, 3, 6, 14]
[2, 3, 5, 23]
[1, 4, 6, 27]
[1, 2, 9, 10, 11]
[2, 4, 6, 16, 18]
[16, 17, 18, 19, 20, 21, 22, 23, 24, 25, 26, 27, 28]


6
process id 3
stats
5, 15, 7, 100, 1000
20220816-224939
loosing coalitions taken
[3, 4, 6, 11, 20]
[2, 3, 6, 9]
[1, 4, 7, 10, 19]
[1, 2, 8, 15, 16]
[1, 2, 7, 14, 21]
[1, 5, 6, 15, 20]
[1, 3, 7, 12, 22]
[2, 4, 5, 22, 24]
[3, 4, 5, 16]
[1, 2, 9, 10, 11]
[2, 3, 5, 23, 27]
[1, 4, 8, 9, 13]
[1, 3, 8, 11, 17]
[2, 4, 6, 13, 18]
[16, 17, 18, 19, 20, 21, 22, 23, 24, 25, 26, 27, 28]


5
process id 2
stats
5, 15, 7, 100, 1000
20220816-224940
loosing coalitions taken
[1, 2, 7, 9]
[1, 3, 8, 12, 18]
[2, 4, 5, 20, 23]
[3, 4, 5, 16, 27]
[1, 5, 6, 12, 24]
[2, 3, 6, 12, 25]
[3, 4, 6, 14, 20]
[2, 3, 5, 24]
[3, 5, 6, 7, 9]
[1, 4, 7, 8]
[1, 4, 6, 27]
[1, 2, 8, 14, 19]
[2, 4, 6, 11, 22]
[1, 2, 10, 11, 12]
[16, 17, 18, 19, 20, 21, 22, 23, 24, 25, 26, 27, 28]


6
process id 6
stats
5, 15, 7, 100, 1000
20220816-224941
loosing coalitions taken
[1, 2, 7, 14, 23]
[1, 5, 6, 15, 21]
[1, 4, 7, 8]
[2, 4, 5, 19]
[1, 2, 9, 11, 13]
[2, 3, 6, 11]
[2, 3, 5, 25]
[3, 4, 5, 16]
[1, 3, 8, 15, 16]
[1, 3, 7, 13, 22]
[3, 4, 6, 13, 19]
[1, 4, 6, 28]
[2, 4, 6, 10, 24]
[1, 2, 8, 12, 21]
[16, 17, 18, 19, 20, 21, 22, 23, 24, 25, 26, 27, 28]


6
process id 5
stats
5, 15, 7, 100, 1000
20220816-224941
loosing coalitions taken
[1, 4, 8, 12, 14]
[1, 5, 6, 11, 23]
[2, 4, 6, 15, 17]
[1, 3, 8, 10, 16]
[2, 3, 5, 23]
[1, 4, 7, 11, 17]
[1, 2, 7, 9]
[2, 4, 5, 19]
[3, 4, 5, 16]
[1, 4, 6, 28]
[3, 4, 6, 10, 20]
[2, 3, 6, 13]
[1, 3, 7, 13, 22]
[1, 2, 8, 13, 17]
[16, 17, 18, 19, 20, 21, 22, 23, 24, 25, 26, 27, 28]


5
process id 1
stats
5, 15, 7, 100, 1000
20220816-224942
loosing coalitions taken
[1, 5, 6, 15, 20]
[2, 4, 5, 20]
[1, 2, 9, 11, 13]
[1, 2, 7, 16, 18]
[1, 3, 7, 12, 20]
[1, 4, 7, 9, 17]
[1, 4, 8, 12, 14]
[2, 3, 6, 11]
[1, 2, 8, 10, 21]
[3, 4, 5, 15]
[2, 3, 5, 23]
[2, 4, 6, 15, 21]
[1, 4, 6, 28]
[3, 4, 6, 8]
[16, 17, 18, 19, 20, 21, 22, 23, 24, 25, 26, 27, 28]


6
process id 0
stats
5, 15, 7, 100, 1000
20220816-224942
loosing coalitions taken
[1, 4, 7, 8]
[1, 3, 9, 10, 12]
[2, 4, 6, 11, 24]
[2, 4, 5, 19]
[1, 5, 6, 9, 26]
[2, 3, 5, 23]
[2, 3, 6, 13]
[1, 2, 7, 14, 23]
[1, 2, 8, 11, 18]
[3, 4, 6, 10, 19]
[1, 4, 6, 28]
[3, 4, 5, 16, 27]
[1, 3, 7, 11, 20]
[1, 3, 8, 14, 16]
[16, 17, 18, 19, 20, 21, 22, 23, 24, 25, 26, 27, 28]


6
process id 4
stats
5, 15, 7, 100, 1000
20220816-224942
loosing coalitions taken
[1, 3, 8, 12, 18]
[1, 5, 6, 16, 20]
[3, 4, 6, 12, 21]
[1, 2, 9, 12, 14]
[2, 3, 5, 22]
[1, 4, 7, 8]
[3, 4, 5, 16]
[1, 4, 6, 27]
[2, 4, 6, 14, 22]
[2, 4, 5, 18]
[1, 2, 8, 11, 21]
[2, 3, 6, 10]
[1, 3, 7, 9, 23]
[1, 2, 7, 16, 19]
[16, 17, 18, 19, 20, 21, 22, 23, 24, 25, 26, 27, 28]


6
process id 6
stats
5, 15, 7, 100, 1000
20220816-224944
loosing coalitions taken
[1, 5, 6, 16, 19]
[1, 4, 8, 11, 12]
[2, 4, 5, 19, 25]
[2, 4, 6, 14, 22]
[2, 3, 5, 24]
[3, 4, 6, 13, 17]
[1, 3, 8, 13, 15]
[1, 2, 7, 9, 25]
[1, 2, 8, 14, 20]
[1, 2, 10, 12, 13]
[1, 4, 7, 10, 19]
[1, 3, 7, 16, 17]
[1, 4, 6, 28]
[1, 3, 9, 10, 11]
[16, 17, 18, 19, 20, 21, 22, 23, 24, 25, 26, 27, 28]


6
process id 1
stats
5, 15, 7, 100, 1000
20220816-224944
loosing coalitions taken
[1, 4, 7, 8]
[2, 4, 5, 17]
[3, 4, 6, 9, 21]
[1, 2, 9, 11, 13]
[2, 3, 6, 13]
[2, 3, 5, 25, 27]
[1, 4, 6, 28]
[1, 3, 7, 12, 22]
[1, 3, 8, 15, 16]
[1, 2, 8, 12, 20]
[1, 5, 6, 10, 26]
[2, 4, 6, 14, 18]
[3, 4, 5, 15]
[1, 2, 7, 15, 18]
[16, 17, 18, 19, 20, 21, 22, 23, 24, 25, 26, 27, 28]


6
process id 2
stats
5, 15, 7, 100, 1000
20220816-224946
loosing coalitions taken
[2, 3, 6, 12]
[1, 4, 7, 12, 16]
[1, 3, 8, 9, 18]
[2, 4, 5, 17]
[1, 5, 6, 13, 24]
[1, 3, 7, 15, 21]
[3, 4, 5, 15]
[2, 3, 5, 23]
[2, 4, 6, 14, 20]
[1, 2, 7, 11, 22]
[1, 4, 6, 27]
[3, 4, 6, 8]
[1, 2, 8, 12, 17]
[1, 2, 9, 10, 13]
[16, 17, 18, 19, 20, 21, 22, 23, 24, 25, 26, 27, 28]


6
process id 7
stats
5, 15, 7, 100, 1000
20220816-224947
loosing coalitions taken
[1, 2, 9, 12, 13]
[2, 4, 6, 16, 18]
[1, 5, 6, 13, 23]
[3, 4, 6, 10, 20]
[1, 2, 7, 10, 23]
[1, 3, 8, 13, 15]
[2, 3, 5, 24]
[3, 4, 5, 15]
[2, 4, 5, 17]
[2, 3, 6, 9]
[1, 2, 8, 14, 20]
[1, 4, 7, 9, 19]
[1, 3, 7, 11, 21]
[1, 4, 6, 28]
[16, 17, 18, 19, 20, 21, 22, 23, 24, 25, 26, 27, 28]


6
process id 0
stats
5, 15, 7, 100, 1000
20220816-224948
loosing coalitions taken
[2, 4, 5, 20]
[1, 2, 8, 9, 17]
[1, 3, 8, 10, 16]
[1, 2, 10, 12, 14]
[1, 2, 7, 16, 19]
[2, 3, 6, 10, 28]
[1, 5, 6, 12, 22]
[3, 4, 6, 8]
[2, 3, 5, 24, 27]
[2, 4, 6, 14, 18]
[3, 4, 5, 21, 22]
[1, 4, 7, 8]
[1, 4, 6, 28]
[1, 3, 7, 15, 20]
[16, 17, 18, 19, 20, 21, 22, 23, 24, 25, 26, 27, 28]


5
process id 5
stats
5, 15, 7, 100, 1000
20220816-224948
loosing coalitions taken
[1, 2, 9, 10, 14]
[3, 4, 6, 14, 18]
[1, 3, 7, 9, 24]
[2, 4, 5, 19]
[1, 3, 8, 11, 18]
[2, 3, 6, 13]
[1, 2, 7, 11, 25]
[2, 3, 5, 24]
[1, 4, 7, 8]
[3, 4, 5, 16]
[1, 5, 6, 13, 24]
[1, 4, 6, 28]
[2, 4, 6, 11, 21]
[1, 2, 8, 12, 17]
[16, 17, 18, 19, 20, 21, 22, 23, 24, 25, 26, 27, 28]


6
process id 6
stats
5, 15, 7, 100, 1000
20220816-224950
loosing coalitions taken
[1, 2, 8, 9, 22]
[1, 2, 7, 11, 26]
[1, 4, 7, 8]
[1, 3, 9, 10, 11]
[1, 2, 10, 12, 14]
[2, 4, 5, 19, 27]
[1, 5, 6, 11, 23]
[2, 3, 6, 13]
[3, 4, 5, 18, 22]
[2, 4, 6, 10, 21]
[1, 4, 6, 28]
[2, 3, 5, 24]
[3, 4, 6, 15, 17]
[2, 5, 6, 7, 16]
[16, 17, 18, 19, 20, 21, 22, 23, 24, 25, 26, 27, 28]


6
process id 7
stats
5, 15, 7, 100, 1000
20220816-224950
loosing coalitions taken
[2, 4, 6, 13, 22]
[1, 2, 10, 11, 12]
[1, 5, 6, 9, 23]
[1, 2, 8, 13, 17]
[2, 3, 6, 12]
[1, 2, 7, 14, 22]
[1, 3, 8, 15, 16]
[1, 4, 7, 8]
[2, 4, 5, 19]
[3, 4, 6, 10, 19]
[1, 4, 6, 28]
[2, 3, 5, 25]
[3, 4, 5, 18, 23]
[1, 3, 7, 11, 23]
[16, 17, 18, 19, 20, 21, 22, 23, 24, 25, 26, 27, 28]


6
process id 4
stats
5, 15, 7, 100, 1000
20220816-224950
loosing coalitions taken
[1, 3, 8, 13, 16]
[2, 3, 6, 14]
[1, 2, 8, 9, 21]
[1, 5, 6, 16, 19]
[1, 4, 7, 8]
[3, 4, 5, 18, 27]
[1, 2, 10, 11, 13]
[2, 4, 5, 22, 23]
[1, 3, 7, 14, 19]
[1, 4, 6, 28]
[2, 3, 5, 25]
[2, 4, 6, 13, 19]
[3, 4, 6, 15, 17]
[1, 2, 7, 16, 20]
[16, 17, 18, 19, 20, 21, 22, 23, 24, 25, 26, 27, 28]


6
process id 1
stats
5, 15, 7, 100, 1000
20220816-224951
loosing coalitions taken
[1, 3, 7, 9, 24]
[1, 2, 9, 11, 14]
[2, 4, 5, 20]
[1, 5, 6, 10, 26]
[2, 3, 6, 14]
[3, 4, 5, 15]
[2, 4, 6, 10, 22]
[1, 4, 7, 8, 26]
[1, 3, 8, 11, 16]
[3, 4, 6, 8]
[2, 3, 5, 25, 26]
[1, 2, 7, 10, 27]
[1, 2, 8, 12, 21]
[1, 4, 6, 28]
[16, 17, 18, 19, 20, 21, 22, 23, 24, 25, 26, 27, 28]


6
process id 2
stats
5, 15, 7, 100, 1000
20220816-224952
loosing coalitions taken
[1, 2, 7, 14, 24]
[1, 5, 6, 15, 21]
[1, 4, 7, 10, 17]
[3, 4, 5, 17, 28]
[1, 3, 7, 15, 19]
[1, 4, 8, 11, 14]
[2, 4, 5, 20, 26]
[1, 2, 8, 10, 18]
[2, 4, 6, 9, 25]
[2, 3, 5, 23]
[1, 2, 9, 12, 13]
[1, 4, 6, 27]
[1, 3, 9, 10, 11]
[1, 3, 8, 13, 16]
[16, 17, 18, 19, 20, 21, 22, 23, 24, 25, 26, 27, 28]


6
process id 3
stats
5, 15, 7, 100, 1000
20220816-224952
loosing coalitions taken
[1, 3, 8, 9, 20]
[1, 3, 7, 14, 22]
[2, 3, 6, 13]
[1, 2, 7, 10, 27]
[1, 4, 7, 8]
[1, 2, 9, 12, 14]
[3, 4, 6, 8]
[2, 4, 5, 19]
[3, 4, 5, 16, 27]
[2, 3, 5, 23]
[2, 4, 6, 15, 17]
[2, 5, 6, 8, 10]
[1, 4, 6, 27]
[1, 5, 6, 15, 19]
[16, 17, 18, 19, 20, 21, 22, 23, 24, 25, 26, 27, 28]


5
process id 0
stats
5, 15, 7, 100, 1000
20220816-224952
loosing coalitions taken
[3, 4, 6, 11, 21]
[2, 4, 6, 10, 24]
[2, 4, 5, 20]
[1, 2, 10, 12, 14]
[1, 3, 7, 13, 21]
[3, 4, 5, 18, 23]
[2, 3, 6, 9]
[2, 3, 5, 24]
[1, 4, 7, 8]
[1, 2, 7, 9]
[1, 3, 8, 10, 18]
[1, 4, 6, 28]
[1, 5, 6, 13, 24]
[1, 2, 8, 11, 19]
[16, 17, 18, 19, 20, 21, 22, 23, 24, 25, 26, 27, 28]


5
process id 5
stats
5, 15, 7, 100, 1000
20220816-224953
loosing coalitions taken
[1, 2, 7, 12, 24]
[1, 3, 8, 11, 18]
[2, 4, 5, 18]
[1, 2, 9, 11, 13]
[1, 5, 6, 10, 24]
[1, 2, 8, 14, 17]
[2, 3, 6, 12, 28]
[1, 3, 9, 10, 12]
[1, 3, 7, 14, 19]
[1, 4, 7, 8, 25]
[3, 4, 6, 9, 22]
[2, 3, 5, 22]
[3, 4, 5, 15]
[1, 4, 6, 28]
[16, 17, 18, 19, 20, 21, 22, 23, 24, 25, 26, 27, 28]


5
process id 0
stats
5, 15, 7, 100, 1000
20220816-224954
loosing coalitions taken
[1, 3, 8, 11, 18]
[3, 4, 5, 16]
[2, 3, 6, 12]
[1, 3, 7, 12, 20]
[2, 4, 5, 20]
[2, 3, 5, 25]
[2, 4, 6, 11, 23]
[1, 4, 7, 8]
[3, 4, 6, 9, 21]
[1, 2, 9, 10, 12]
[1, 5, 6, 10, 22]
[1, 2, 8, 13, 20]
[1, 4, 6, 27]
[1, 2, 7, 15, 22]
[16, 17, 18, 19, 20, 21, 22, 23, 24, 25, 26, 27, 28]


5
process id 3
stats
5, 15, 7, 100, 1000
20220816-224954
loosing coalitions taken
[1, 2, 7, 17, 18]
[1, 5, 6, 16, 20]
[1, 3, 7, 10, 23]
[1, 4, 7, 8]
[2, 3, 5, 26, 27]
[3, 4, 6, 14, 20]
[1, 2, 10, 12, 14]
[2, 4, 5, 22, 24]
[1, 3, 8, 11, 17]
[2, 3, 6, 13]
[3, 4, 5, 15]
[1, 4, 6, 27]
[2, 5, 6, 8, 11]
[2, 4, 6, 10, 21]
[16, 17, 18, 19, 20, 21, 22, 23, 24, 25, 26, 27, 28]


6
process id 6
stats
5, 15, 7, 100, 1000
20220816-224954
loosing coalitions taken
[1, 5, 6, 11, 22]
[3, 4, 5, 15]
[1, 2, 8, 15, 17]
[1, 2, 9, 11, 14]
[2, 3, 6, 13]
[1, 3, 8, 10, 19]
[1, 3, 7, 14, 17]
[2, 3, 5, 22]
[1, 4, 6, 27]
[3, 4, 6, 10, 18]
[2, 4, 5, 18]
[2, 4, 6, 16, 19]
[1, 4, 7, 13, 15]
[1, 2, 7, 16, 21]
[16, 17, 18, 19, 20, 21, 22, 23, 24, 25, 26, 27, 28]


6
process id 7
stats
5, 15, 7, 100, 1000
20220816-224954
loosing coalitions taken
[1, 3, 8, 14, 16]
[1, 2, 8, 13, 17]
[1, 5, 6, 15, 19]
[2, 3, 6, 13]
[2, 4, 5, 20]
[1, 2, 7, 9, 24]
[1, 4, 8, 10, 11]
[1, 3, 9, 10, 12]
[1, 3, 7, 13, 18]
[2, 3, 5, 22]
[3, 4, 5, 19, 26]
[1, 4, 6, 27]
[3, 5, 6, 7, 11]
[2, 4, 6, 9, 25]
[16, 17, 18, 19, 20, 21, 22, 23, 24, 25, 26, 27, 28]


6
process id 7
stats
5, 15, 7, 100, 1000
20220816-224957
loosing coalitions taken
[1, 4, 8, 10, 15]
[1, 5, 6, 11, 22]
[1, 2, 7, 17, 18]
[2, 3, 7, 8, 10]
[2, 3, 6, 14]
[1, 3, 7, 16, 19]
[1, 3, 8, 12, 18]
[1, 2, 8, 11, 21]
[1, 3, 9, 10, 11]
[1, 2, 9, 12, 13]
[2, 3, 5, 25]
[3, 4, 6, 12, 20]
[2, 4, 5, 19, 23]
[3, 4, 5, 16, 28]
[16, 17, 18, 19, 20, 21, 22, 23, 24, 25, 26, 27, 28]


6
process id 5
stats
5, 15, 7, 100, 1000
20220816-224957
loosing coalitions taken
[1, 2, 7, 11, 27]
[1, 4, 7, 8]
[1, 2, 9, 10, 14]
[2, 3, 6, 14]
[1, 5, 6, 10, 25]
[2, 3, 5, 23]
[1, 4, 6, 28]
[3, 4, 6, 8]
[2, 4, 5, 18]
[2, 4, 6, 13, 21]
[1, 3, 8, 15, 16]
[3, 4, 5, 15]
[1, 3, 7, 9, 21]
[1, 2, 8, 12, 19]
[16, 17, 18, 19, 20, 21, 22, 23, 24, 25, 26, 27, 28]


6
process id 0
stats
5, 15, 7, 100, 1000
20220816-224958
loosing coalitions taken
[1, 3, 8, 10, 17]
[1, 2, 10, 11, 13]
[2, 4, 5, 20, 26]
[2, 3, 5, 23]
[2, 4, 6, 16, 19]
[1, 2, 7, 9]
[3, 4, 6, 9, 18]
[1, 5, 6, 11, 23]
[1, 2, 8, 14, 18]
[1, 4, 7, 8]
[2, 3, 6, 10]
[3, 4, 5, 19, 24]
[1, 4, 6, 27]
[1, 3, 7, 12, 22]
[16, 17, 18, 19, 20, 21, 22, 23, 24, 25, 26, 27, 28]


6
process id 2
stats
5, 15, 7, 100, 1000
20220816-224958
loosing coalitions taken
[3, 4, 5, 16]
[1, 3, 8, 10, 19]
[1, 4, 8, 12, 14]
[1, 5, 6, 15, 19]
[1, 3, 7, 9, 21]
[1, 2, 8, 9, 18]
[1, 2, 7, 15, 20]
[2, 3, 6, 16, 23]
[1, 4, 6, 27]
[2, 4, 5, 18]
[2, 3, 5, 22]
[3, 4, 6, 8]
[2, 4, 6, 13, 22]
[1, 2, 10, 11, 13]
[16, 17, 18, 19, 20, 21, 22, 23, 24, 25, 26, 27, 28]


6
process id 4
stats
5, 15, 7, 100, 1000
20220816-224959
loosing coalitions taken
[1, 3, 8, 11, 17]
[1, 4, 8, 13, 14]
[2, 3, 6, 14]
[1, 3, 7, 16, 18]
[3, 4, 5, 15]
[1, 2, 8, 10, 18]
[2, 4, 5, 19]
[2, 4, 6, 13, 20]
[1, 2, 7, 9]
[1, 5, 6, 16, 20]
[3, 4, 6, 10, 17]
[1, 4, 6, 28]
[2, 3, 5, 22, 27]
[1, 4, 7, 11, 15]
[16, 17, 18, 19, 20, 21, 22, 23, 24, 25, 26, 27, 28]


6
process id 6
stats
5, 15, 7, 100, 1000
20220816-224959
loosing coalitions taken
[1, 3, 9, 10, 11]
[1, 3, 8, 12, 17]
[1, 5, 6, 15, 20]
[1, 2, 8, 10, 20]
[1, 2, 7, 15, 21]
[1, 4, 7, 11, 17]
[1, 3, 7, 13, 22]
[2, 3, 6, 14]
[2, 4, 5, 21, 27]
[3, 4, 5, 16]
[3, 4, 6, 13, 21]
[2, 3, 5, 23]
[2, 4, 6, 9, 22]
[1, 4, 6, 28]
[16, 17, 18, 19, 20, 21, 22, 23, 24, 25, 26, 27, 28]


6
process id 3
stats
5, 15, 7, 100, 1000
20220816-225000
loosing coalitions taken
[1, 2, 7, 17, 19]
[1, 4, 8, 11, 14]
[2, 3, 6, 14]
[1, 3, 8, 10, 19]
[1, 3, 7, 13, 22]
[1, 5, 6, 15, 17]
[1, 2, 10, 12, 13]
[2, 4, 5, 20]
[2, 4, 6, 10, 21]
[3, 4, 5, 19, 22]
[3, 4, 6, 12, 17]
[2, 3, 5, 25, 28]
[1, 4, 7, 9, 18]
[1, 4, 6, 28]
[16, 17, 18, 19, 20, 21, 22, 23, 24, 25, 26, 27, 28]


6
process id 1
stats
5, 15, 7, 100, 1000
20220816-225001
loosing coalitions taken
[2, 3, 6, 14]
[1, 2, 8, 11, 21]
[1, 4, 7, 10, 17]
[1, 3, 8, 9, 17]
[1, 5, 6, 15, 21]
[1, 2, 7, 9]
[1, 2, 10, 12, 13]
[3, 4, 6, 11, 18]
[2, 3, 5, 25]
[3, 5, 6, 7, 10]
[3, 4, 5, 17, 28]
[2, 4, 6, 10, 23]
[2, 4, 5, 21, 24]
[1, 4, 6, 27]
[16, 17, 18, 19, 20, 21, 22, 23, 24, 25, 26, 27, 28]


5
process id 7
stats
5, 15, 7, 100, 1000
20220816-225001
loosing coalitions taken
[1, 3, 7, 15, 17]
[2, 4, 5, 20]
[3, 4, 6, 12, 21]
[1, 4, 7, 13, 16]
[1, 4, 8, 11, 14]
[1, 5, 6, 11, 23]
[1, 3, 9, 10, 11]
[1, 2, 7, 14, 24]
[2, 3, 6, 13]
[2, 3, 5, 24]
[1, 4, 6, 28]
[3, 4, 5, 16]
[1, 2, 8, 13, 17]
[2, 4, 6, 9, 23]
[16, 17, 18, 19, 20, 21, 22, 23, 24, 25, 26, 27, 28]


6
process id 0
stats
5, 15, 7, 100, 1000
20220816-225002
loosing coalitions taken
[1, 3, 8, 10, 18]
[1, 2, 8, 13, 17]
[1, 4, 8, 9, 12]
[1, 5, 6, 15, 21]
[1, 2, 7, 9, 26]
[1, 3, 7, 11, 20]
[3, 4, 5, 16]
[2, 3, 6, 11]
[2, 4, 5, 20]
[1, 4, 6, 28]
[3, 4, 6, 8]
[2, 4, 6, 13, 19]
[1, 4, 7, 13, 16]
[2, 3, 5, 23]
[16, 17, 18, 19, 20, 21, 22, 23, 24, 25, 26, 27, 28]


6
process id 5
stats
5, 15, 7, 100, 1000
20220816-225002
loosing coalitions taken
[3, 4, 6, 13, 18]
[1, 3, 7, 15, 21]
[1, 2, 7, 14, 24]
[3, 4, 5, 16]
[2, 3, 6, 12]
[1, 3, 8, 10, 18]
[1, 5, 6, 14, 22]
[1, 2, 8, 11, 19]
[2, 4, 5, 20]
[1, 4, 7, 8]
[2, 3, 5, 22, 26]
[1, 4, 6, 27]
[1, 2, 9, 10, 12]
[2, 4, 6, 9, 24]
[16, 17, 18, 19, 20, 21, 22, 23, 24, 25, 26, 27, 28]


5
process id 3
stats
5, 15, 7, 100, 1000
20220816-225003
loosing coalitions taken
[3, 4, 5, 21, 23]
[1, 3, 8, 12, 18]
[1, 5, 6, 13, 24]
[1, 4, 7, 14, 15]
[1, 3, 7, 13, 22]
[1, 2, 8, 14, 16]
[2, 3, 6, 13]
[1, 2, 9, 11, 12]
[2, 4, 5, 17]
[2, 3, 5, 25]
[3, 4, 6, 8]
[2, 4, 6, 14, 19]
[1, 4, 6, 28]
[2, 3, 7, 8, 10]
[16, 17, 18, 19, 20, 21, 22, 23, 24, 25, 26, 27, 28]


6
process id 2
stats
5, 15, 7, 100, 1000
20220816-225004
loosing coalitions taken
[1, 3, 7, 15, 17]
[1, 2, 10, 12, 14]
[1, 2, 7, 11, 24]
[2, 4, 6, 9, 22]
[1, 5, 6, 15, 20]
[1, 4, 7, 8]
[2, 3, 5, 23, 27]
[2, 4, 5, 17]
[3, 4, 6, 8]
[2, 3, 6, 14, 25]
[1, 4, 6, 28]
[1, 2, 8, 15, 16]
[3, 4, 5, 16]
[1, 3, 8, 10, 18]
[16, 17, 18, 19, 20, 21, 22, 23, 24, 25, 26, 27, 28]


5
process id 6
stats
5, 15, 7, 100, 1000
20220816-225004
loosing coalitions taken
[1, 4, 7, 8]
[2, 4, 5, 20]
[1, 5, 6, 15, 21]
[3, 4, 5, 17, 28]
[2, 3, 6, 13]
[1, 2, 7, 10, 28]
[1, 3, 8, 9, 18]
[2, 5, 6, 8, 11]
[1, 2, 9, 12, 13]
[3, 4, 6, 10, 19]
[2, 3, 5, 23, 25]
[1, 4, 6, 27]
[1, 3, 7, 11, 20]
[2, 4, 6, 9, 22]
[16, 17, 18, 19, 20, 21, 22, 23, 24, 25, 26, 27, 28]


6
process id 5
stats
5, 15, 7, 100, 1000
20220816-225004
loosing coalitions taken
[1, 4, 8, 9, 11]
[1, 2, 7, 12, 26]
[2, 4, 5, 18]
[2, 3, 6, 11]
[1, 3, 8, 10, 17]
[1, 3, 7, 13, 21]
[1, 4, 6, 27]
[1, 5, 6, 9, 25]
[2, 3, 5, 24, 25]
[3, 4, 5, 16, 27]
[2, 4, 6, 13, 21]
[3, 4, 6, 15, 17]
[3, 5, 6, 7, 12]
[1, 2, 8, 14, 19]
[16, 17, 18, 19, 20, 21, 22, 23, 24, 25, 26, 27, 28]


6
process id 4
stats
5, 15, 7, 100, 1000
20220816-225007
loosing coalitions taken
[3, 4, 5, 16]
[1, 5, 6, 12, 24]
[1, 2, 9, 11, 14]
[2, 3, 6, 15, 26]
[1, 3, 7, 16, 18]
[1, 4, 6, 28]
[2, 4, 5, 19]
[1, 3, 8, 12, 17]
[2, 4, 6, 13, 21]
[2, 3, 5, 23, 25]
[1, 2, 7, 15, 22]
[3, 4, 6, 8]
[1, 4, 7, 8]
[1, 2, 10, 12, 13]
[16, 17, 18, 19, 20, 21, 22, 23, 24, 25, 26, 27, 28]


5
process id 0
stats
5, 15, 7, 100, 1000
20220816-225007
loosing coalitions taken
[2, 4, 6, 11, 22]
[1, 3, 8, 12, 19]
[1, 2, 7, 14, 23]
[1, 2, 8, 13, 18]
[1, 3, 9, 10, 11]
[2, 3, 7, 8, 9]
[2, 3, 6, 14, 26]
[3, 4, 5, 17, 25]
[2, 4, 5, 18]
[3, 4, 6, 10, 20]
[1, 4, 8, 11, 14]
[3, 5, 6, 7, 15]
[1, 5, 6, 10, 23]
[1, 4, 6, 27]
[16, 17, 18, 19, 20, 21, 22, 23, 24, 25, 26, 27, 28]


6
process id 3
stats
5, 15, 7, 100, 1000
20220816-225008
loosing coalitions taken
[1, 5, 6, 12, 24]
[1, 2, 7, 17, 18]
[1, 4, 8, 10, 14]
[2, 3, 6, 13]
[1, 2, 8, 11, 21]
[2, 4, 5, 19]
[1, 3, 8, 12, 16]
[1, 2, 9, 10, 12]
[2, 3, 5, 23]
[1, 3, 7, 15, 21]
[1, 4, 6, 28]
[3, 4, 6, 8]
[3, 4, 5, 15]
[2, 4, 6, 16, 17]
[16, 17, 18, 19, 20, 21, 22, 23, 24, 25, 26, 27, 28]


5
process id 1
stats
5, 15, 7, 100, 1000
20220816-225008
loosing coalitions taken
[1, 5, 6, 12, 22]
[1, 3, 7, 9, 24]
[1, 4, 8, 9, 14]
[2, 3, 6, 12]
[1, 2, 9, 11, 13]
[3, 4, 5, 16, 25]
[2, 4, 5, 18]
[2, 3, 5, 22]
[1, 3, 8, 11, 16]
[3, 4, 6, 9, 21]
[1, 2, 7, 16, 21]
[1, 4, 6, 28]
[2, 4, 6, 10, 24]
[1, 4, 7, 10, 19]
[16, 17, 18, 19, 20, 21, 22, 23, 24, 25, 26, 27, 28]


6
process id 7
stats
5, 15, 7, 100, 1000
20220816-225008
loosing coalitions taken
[1, 2, 9, 10, 14]
[1, 2, 8, 15, 17]
[2, 4, 6, 16, 19]
[1, 2, 7, 16, 21]
[2, 3, 5, 23]
[1, 4, 7, 11, 17]
[1, 3, 8, 11, 18]
[3, 4, 6, 12, 18]
[1, 5, 6, 9, 25]
[2, 3, 6, 11]
[3, 4, 5, 15]
[2, 4, 5, 17]
[1, 4, 6, 27]
[1, 3, 7, 14, 19]
[16, 17, 18, 19, 20, 21, 22, 23, 24, 25, 26, 27, 28]


6
process id 6
stats
5, 15, 7, 100, 1000
20220816-225009
loosing coalitions taken
[1, 3, 8, 13, 16]
[1, 4, 7, 10, 19]
[1, 2, 9, 10, 14]
[2, 4, 5, 18]
[1, 5, 6, 15, 17]
[1, 3, 7, 15, 21]
[1, 4, 8, 9, 11]
[2, 4, 6, 13, 22]
[2, 3, 6, 11]
[3, 4, 6, 12, 20]
[2, 3, 5, 22]
[1, 2, 7, 11, 23]
[3, 4, 5, 16, 28]
[2, 5, 6, 8, 12]
[16, 17, 18, 19, 20, 21, 22, 23, 24, 25, 26, 27, 28]


6
process id 2
stats
5, 15, 7, 100, 1000
20220816-225011
loosing coalitions taken
[1, 4, 8, 13, 14]
[2, 3, 5, 23]
[1, 5, 6, 15, 19]
[1, 2, 8, 11, 18]
[3, 4, 6, 14, 19]
[2, 4, 6, 11, 21]
[1, 4, 7, 11, 17]
[1, 3, 7, 15, 18]
[1, 2, 9, 12, 13]
[1, 3, 8, 10, 16]
[1, 4, 6, 28]
[2, 4, 5, 18]
[2, 3, 6, 17, 18]
[3, 4, 5, 16]
[16, 17, 18, 19, 20, 21, 22, 23, 24, 25, 26, 27, 28]


6
process id 1
stats
5, 15, 7, 100, 1000
20220816-225011
loosing coalitions taken
[3, 4, 5, 20, 24]
[1, 5, 6, 9, 26]
[1, 2, 7, 16, 21]
[2, 4, 5, 21, 26]
[1, 3, 8, 12, 16]
[1, 3, 7, 14, 22]
[1, 2, 8, 13, 20]
[1, 4, 7, 12, 15]
[2, 3, 6, 18, 19]
[2, 4, 6, 14, 17]
[2, 3, 5, 23]
[1, 4, 8, 9, 14]
[1, 4, 6, 28]
[1, 2, 9, 10, 11]
[16, 17, 18, 19, 20, 21, 22, 23, 24, 25, 26, 27, 28]


5
process id 7
stats
5, 15, 7, 100, 1000
20220816-225013
loosing coalitions taken
[1, 3, 8, 9, 17]
[1, 5, 6, 13, 24]
[2, 3, 6, 13, 26]
[1, 2, 9, 11, 13]
[1, 3, 7, 11, 21]
[1, 2, 8, 10, 21]
[2, 3, 5, 22]
[2, 4, 6, 10, 24]
[1, 4, 8, 11, 14]
[1, 4, 7, 9, 19]
[3, 4, 5, 15]
[2, 4, 5, 17]
[1, 2, 7, 14, 23]
[1, 4, 6, 27]
[16, 17, 18, 19, 20, 21, 22, 23, 24, 25, 26, 27, 28]


5
process id 6
stats
5, 15, 7, 100, 1000
20220816-225014
loosing coalitions taken
[1, 3, 8, 9, 19]
[1, 5, 6, 16, 18]
[2, 3, 5, 24]
[1, 3, 7, 12, 22]
[1, 4, 7, 10, 19]
[1, 2, 7, 9]
[2, 4, 6, 11, 22]
[3, 4, 6, 14, 17]
[3, 4, 5, 16]
[1, 2, 8, 14, 16]
[2, 4, 5, 17]
[1, 4, 6, 27]
[2, 3, 6, 12]
[1, 4, 8, 11, 12]
[16, 17, 18, 19, 20, 21, 22, 23, 24, 25, 26, 27, 28]


6
process id 5
stats
5, 15, 7, 100, 1000
20220816-225015
loosing coalitions taken
[1, 2, 9, 12, 14]
[1, 2, 8, 13, 18]
[3, 4, 5, 17, 26]
[1, 4, 7, 8]
[1, 5, 6, 16, 20]
[2, 4, 5, 20]
[2, 4, 6, 12, 21]
[2, 3, 6, 11]
[1, 3, 8, 9, 16]
[1, 3, 7, 13, 21]
[1, 4, 6, 27]
[2, 3, 5, 25]
[1, 2, 7, 10, 26]
[3, 4, 6, 10, 18]
[16, 17, 18, 19, 20, 21, 22, 23, 24, 25, 26, 27, 28]


5
process id 0
stats
5, 15, 7, 100, 1000
20220816-225015
loosing coalitions taken
[1, 5, 6, 14, 22]
[1, 2, 7, 12, 26]
[2, 3, 6, 15, 23]
[1, 3, 8, 14, 15]
[2, 3, 5, 25]
[2, 4, 6, 14, 21]
[3, 4, 6, 11, 18]
[1, 2, 9, 10, 11]
[1, 2, 8, 13, 18]
[1, 3, 7, 16, 19]
[3, 4, 5, 20, 24]
[2, 4, 5, 18]
[1, 4, 7, 8, 28]
[1, 4, 6, 27]
[16, 17, 18, 19, 20, 21, 22, 23, 24, 25, 26, 27, 28]


6
process id 2
stats
5, 15, 7, 100, 1000
20220816-225016
loosing coalitions taken
[1, 3, 9, 10, 11]
[1, 3, 8, 15, 16]
[2, 4, 5, 20]
[2, 3, 6, 14]
[1, 4, 7, 8, 23]
[1, 2, 7, 10, 24]
[1, 4, 6, 27]
[3, 4, 5, 19, 23]
[2, 3, 5, 22]
[1, 5, 6, 15, 18]
[3, 4, 6, 8]
[1, 3, 7, 12, 22]
[2, 4, 6, 13, 21]
[1, 2, 8, 11, 20]
[16, 17, 18, 19, 20, 21, 22, 23, 24, 25, 26, 27, 28]


6
process id 3
stats
5, 15, 7, 100, 1000
20220816-225017
loosing coalitions taken
[1, 5, 6, 16, 20]
[1, 4, 7, 8]
[1, 2, 10, 11, 14]
[2, 4, 6, 9, 25]
[2, 3, 6, 12]
[1, 2, 7, 15, 19]
[2, 4, 5, 16]
[2, 3, 5, 24, 27]
[1, 3, 7, 11, 20]
[1, 3, 8, 12, 19]
[1, 2, 8, 9, 22]
[3, 4, 6, 13, 18]
[3, 4, 5, 17, 28]
[1, 4, 6, 27]
[16, 17, 18, 19, 20, 21, 22, 23, 24, 25, 26, 27, 28]


5
process id 5
stats
5, 15, 7, 100, 1000
20220816-225018
loosing coalitions taken
[1, 2, 10, 12, 13]
[1, 2, 8, 9, 20]
[1, 3, 8, 12, 16]
[2, 4, 6, 15, 21]
[1, 2, 7, 11, 27]
[1, 5, 6, 15, 17]
[1, 3, 7, 13, 19]
[3, 4, 6, 8]
[1, 3, 9, 10, 11]
[2, 3, 6, 10]
[2, 4, 5, 17]
[3, 4, 5, 18, 25]
[1, 4, 6, 28]
[2, 3, 5, 23]
[16, 17, 18, 19, 20, 21, 22, 23, 24, 25, 26, 27, 28]


5
process id 3
stats
5, 15, 7, 100, 1000
20220816-225019
loosing coalitions taken
[1, 2, 10, 12, 14]
[2, 3, 6, 19, 21]
[1, 4, 7, 10, 18]
[1, 2, 7, 9]
[1, 5, 6, 14, 20]
[3, 4, 5, 17, 25]
[2, 3, 5, 22]
[1, 4, 8, 13, 14]
[3, 4, 6, 12, 18]
[1, 3, 8, 10, 17]
[2, 4, 5, 21, 27]
[1, 3, 7, 11, 20]
[1, 4, 6, 27]
[2, 4, 6, 9, 25]
[16, 17, 18, 19, 20, 21, 22, 23, 24, 25, 26, 27, 28]


6
process id 0
stats
5, 15, 7, 100, 1000
20220816-225019
loosing coalitions taken
[1, 3, 7, 11, 22]
[1, 4, 8, 10, 11]
[1, 4, 7, 9, 17]
[1, 2, 8, 12, 17]
[1, 2, 7, 14, 23]
[2, 3, 6, 9]
[1, 5, 6, 10, 25]
[3, 4, 5, 19, 24]
[1, 3, 8, 14, 15]
[2, 4, 5, 22, 23]
[2, 4, 6, 13, 20]
[2, 3, 5, 25]
[1, 4, 6, 28]
[3, 4, 6, 15, 16]
[16, 17, 18, 19, 20, 21, 22, 23, 24, 25, 26, 27, 28]


6
process id 4
stats
5, 15, 7, 100, 1000
20220816-225020
loosing coalitions taken
[1, 2, 7, 14, 24]
[2, 3, 5, 24]
[1, 3, 7, 15, 20]
[1, 2, 8, 11, 21]
[1, 4, 8, 13, 14]
[2, 4, 6, 9, 25]
[3, 4, 6, 11, 20]
[1, 3, 8, 9, 17]
[2, 4, 5, 16]
[2, 3, 6, 14]
[3, 4, 5, 19, 26]
[1, 2, 9, 10, 13]
[1, 4, 6, 27]
[1, 5, 6, 15, 18]
[16, 17, 18, 19, 20, 21, 22, 23, 24, 25, 26, 27, 28]


5
process id 6
stats
5, 15, 7, 100, 1000
20220816-225020
loosing coalitions taken
[1, 3, 8, 9, 20]
[3, 4, 6, 14, 19]
[1, 4, 8, 10, 13]
[1, 3, 7, 13, 22]
[1, 4, 7, 11, 17]
[2, 3, 5, 22]
[2, 4, 6, 12, 23]
[1, 2, 7, 15, 20]
[1, 2, 10, 12, 14]
[1, 4, 6, 28]
[3, 4, 5, 15]
[1, 5, 6, 12, 22]
[2, 4, 5, 18]
[2, 3, 6, 10]
[16, 17, 18, 19, 20, 21, 22, 23, 24, 25, 26, 27, 28]


6
process id 2
stats
5, 15, 7, 100, 1000
20220816-225020
loosing coalitions taken
[1, 2, 9, 10, 14]
[2, 4, 5, 18]
[1, 5, 6, 10, 26]
[1, 3, 7, 9, 21]
[3, 4, 6, 9, 19]
[1, 4, 8, 13, 14]
[2, 3, 6, 12]
[3, 4, 5, 15]
[1, 2, 8, 11, 20]
[2, 3, 5, 25, 26]
[1, 4, 6, 28]
[1, 3, 8, 10, 17]
[1, 4, 7, 11, 17]
[2, 4, 6, 11, 24]
[16, 17, 18, 19, 20, 21, 22, 23, 24, 25, 26, 27, 28]


6
process id 5
stats
5, 15, 7, 100, 1000
20220816-225022
loosing coalitions taken
[1, 5, 6, 11, 24]
[1, 3, 8, 10, 17]
[2, 4, 6, 13, 22]
[2, 3, 6, 19, 20]
[3, 4, 5, 17, 26]
[1, 3, 7, 15, 18]
[1, 2, 9, 10, 12]
[3, 4, 6, 12, 21]
[2, 3, 5, 25, 28]
[1, 4, 7, 12, 16]
[1, 2, 8, 11, 19]
[2, 4, 5, 20]
[1, 4, 6, 27]
[2, 3, 7, 8, 9]
[16, 17, 18, 19, 20, 21, 22, 23, 24, 25, 26, 27, 28]


6
process id 1
stats
5, 15, 7, 100, 1000
20220816-225023
loosing coalitions taken
[1, 2, 7, 13, 23]
[1, 4, 7, 9, 17]
[3, 4, 5, 16]
[1, 3, 9, 10, 12]
[1, 3, 7, 11, 20]
[1, 2, 8, 9, 18]
[1, 3, 8, 13, 15]
[2, 3, 6, 10]
[3, 4, 6, 11, 21]
[2, 4, 6, 14, 20]
[2, 3, 5, 22, 27]
[1, 4, 6, 28]
[2, 4, 5, 18]
[1, 2, 10, 11, 14]
[16, 17, 18, 19, 20, 21, 22, 23, 24, 25, 26, 27, 28]


6
process id 0
stats
5, 15, 7, 100, 1000
20220816-225023
loosing coalitions taken
[3, 4, 5, 19, 23]
[1, 3, 8, 10, 17]
[1, 2, 7, 12, 23]
[2, 4, 6, 16, 18]
[3, 4, 6, 11, 17]
[1, 4, 8, 11, 14]
[1, 2, 10, 11, 13]
[1, 3, 7, 15, 18]
[1, 2, 8, 9, 22]
[1, 5, 6, 9, 26]
[2, 3, 5, 26, 28]
[2, 4, 5, 17]
[2, 3, 6, 13]
[1, 4, 6, 27]
[16, 17, 18, 19, 20, 21, 22, 23, 24, 25, 26, 27, 28]


6
process id 6
stats
5, 15, 7, 100, 1000
20220816-225024
loosing coalitions taken
[1, 3, 9, 10, 12]
[1, 2, 10, 11, 13]
[2, 4, 5, 20, 27]
[3, 4, 5, 19, 25]
[1, 3, 8, 15, 16]
[1, 4, 7, 12, 15]
[2, 4, 6, 10, 24]
[2, 3, 5, 23]
[1, 2, 7, 16, 18]
[1, 3, 7, 14, 20]
[1, 4, 8, 10, 14]
[1, 2, 8, 9, 20]
[1, 5, 6, 15, 17]
[3, 4, 6, 12, 18]
[16, 17, 18, 19, 20, 21, 22, 23, 24, 25, 26, 27, 28]


5
process id 1
stats
5, 15, 7, 100, 1000
20220816-225024
loosing coalitions taken
[1, 3, 7, 15, 18]
[1, 5, 6, 12, 22]
[2, 4, 5, 17, 25]
[3, 4, 5, 19, 24]
[1, 2, 7, 10, 28]
[1, 2, 8, 11, 19]
[2, 3, 5, 22]
[2, 4, 6, 12, 21]
[3, 4, 6, 14, 18]
[1, 4, 8, 9, 10]
[1, 3, 8, 14, 16]
[1, 4, 7, 13, 16]
[1, 4, 6, 27]
[1, 2, 9, 12, 14]
[16, 17, 18, 19, 20, 21, 22, 23, 24, 25, 26, 27, 28]


6
process id 4
stats
5, 15, 7, 100, 1000
20220816-225024
loosing coalitions taken
[1, 4, 7, 8]
[1, 2, 9, 10, 13]
[2, 4, 6, 14, 20]
[2, 3, 5, 24, 28]
[2, 4, 5, 18]
[1, 5, 6, 10, 25]
[3, 4, 5, 19, 26]
[2, 3, 6, 9]
[1, 3, 8, 11, 19]
[1, 4, 6, 28]
[1, 2, 7, 11, 27]
[3, 4, 6, 13, 21]
[1, 3, 7, 9, 22]
[1, 2, 8, 14, 16]
[16, 17, 18, 19, 20, 21, 22, 23, 24, 25, 26, 27, 28]


5
process id 5
stats
5, 15, 7, 100, 1000
20220816-225026
loosing coalitions taken
[1, 5, 6, 9, 25]
[2, 3, 6, 10]
[1, 3, 7, 14, 21]
[2, 4, 5, 20]
[1, 3, 8, 15, 16]
[1, 4, 7, 8]
[2, 4, 6, 15, 17]
[3, 4, 5, 15]
[1, 2, 7, 10, 23]
[3, 4, 6, 13, 20]
[2, 3, 5, 23, 25]
[1, 2, 9, 11, 13]
[1, 3, 9, 10, 12]
[1, 4, 6, 28]
[16, 17, 18, 19, 20, 21, 22, 23, 24, 25, 26, 27, 28]


6
process id 2
stats
5, 15, 7, 100, 1000
20220816-225026
loosing coalitions taken
[1, 4, 7, 8, 28]
[1, 2, 8, 10, 20]
[1, 3, 8, 13, 15]
[1, 5, 6, 10, 24]
[1, 2, 7, 11, 24]
[2, 4, 6, 14, 21]
[1, 3, 7, 16, 19]
[1, 2, 9, 12, 13]
[1, 3, 9, 10, 11]
[2, 3, 6, 12, 26]
[2, 4, 5, 18]
[2, 3, 5, 23]
[3, 4, 6, 8]
[3, 4, 5, 16]
[16, 17, 18, 19, 20, 21, 22, 23, 24, 25, 26, 27, 28]


5
process id 4
stats
5, 15, 7, 100, 1000
20220816-225026
loosing coalitions taken
[1, 3, 7, 13, 20]
[1, 4, 8, 12, 13]
[1, 3, 8, 10, 19]
[3, 4, 5, 15]
[1, 2, 7, 9]
[2, 3, 6, 13]
[1, 5, 6, 9, 22]
[2, 3, 5, 22]
[3, 4, 6, 12, 20]
[2, 4, 5, 19]
[2, 4, 6, 16, 17]
[1, 4, 6, 27]
[1, 2, 8, 14, 18]
[1, 4, 7, 11, 16]
[16, 17, 18, 19, 20, 21, 22, 23, 24, 25, 26, 27, 28]


6
process id 6
stats
5, 15, 7, 100, 1000
20220816-225027
loosing coalitions taken
[1, 4, 7, 8]
[2, 4, 5, 21, 27]
[3, 4, 5, 20, 23]
[1, 2, 9, 12, 14]
[3, 4, 6, 15, 17]
[1, 5, 6, 10, 26]
[2, 3, 5, 25]
[1, 3, 8, 12, 18]
[1, 4, 6, 28]
[2, 3, 6, 10]
[2, 4, 6, 11, 24]
[1, 3, 7, 16, 17]
[3, 5, 6, 7, 14]
[1, 2, 8, 15, 16]
[16, 17, 18, 19, 20, 21, 22, 23, 24, 25, 26, 27, 28]


6
process id 2
stats
5, 15, 7, 100, 1000
20220816-225029
loosing coalitions taken
[1, 3, 8, 12, 16]
[1, 5, 6, 9, 23]
[2, 3, 6, 14]
[1, 4, 7, 10, 18]
[1, 3, 7, 11, 23]
[2, 4, 5, 18]
[3, 4, 6, 13, 21]
[2, 4, 6, 9, 24]
[1, 2, 8, 9, 19]
[2, 3, 5, 25, 28]
[1, 2, 7, 13, 22]
[3, 4, 5, 15]
[1, 4, 6, 27]
[2, 5, 6, 8, 12]
[16, 17, 18, 19, 20, 21, 22, 23, 24, 25, 26, 27, 28]


5
process id 1
stats
5, 15, 7, 100, 1000
20220816-225029
loosing coalitions taken
[2, 3, 6, 15, 26]
[1, 2, 10, 11, 14]
[2, 3, 5, 25]
[1, 5, 6, 13, 21]
[1, 3, 8, 14, 15]
[3, 4, 6, 14, 20]
[2, 4, 6, 13, 22]
[1, 3, 7, 12, 20]
[1, 4, 7, 9, 16]
[2, 3, 7, 8, 10]
[2, 4, 5, 19]
[1, 2, 8, 13, 17]
[3, 4, 5, 17, 23]
[1, 4, 6, 27]
[16, 17, 18, 19, 20, 21, 22, 23, 24, 25, 26, 27, 28]


6
process id 5
stats
5, 15, 7, 100, 1000
20220816-225029
loosing coalitions taken
[2, 3, 6, 13]
[1, 3, 7, 11, 22]
[1, 2, 8, 11, 21]
[3, 4, 5, 16]
[1, 4, 7, 10, 17]
[1, 2, 10, 12, 14]
[1, 2, 7, 9]
[1, 5, 6, 15, 17]
[2, 4, 6, 12, 23]
[2, 4, 5, 19]
[1, 3, 8, 15, 16]
[2, 3, 5, 23, 26]
[3, 4, 6, 8]
[1, 4, 6, 27]
[16, 17, 18, 19, 20, 21, 22, 23, 24, 25, 26, 27, 28]


6
process id 3
stats
5, 15, 7, 100, 1000
20220816-225030
loosing coalitions taken
[1, 3, 8, 13, 15]
[1, 4, 7, 11, 17]
[2, 3, 6, 14]
[3, 4, 5, 18, 22]
[1, 5, 6, 13, 24]
[1, 2, 7, 15, 22]
[1, 3, 7, 9, 21]
[2, 3, 5, 25]
[2, 4, 6, 9, 22]
[3, 4, 6, 10, 21]
[1, 2, 10, 11, 12]
[1, 4, 6, 27]
[2, 4, 5, 19]
[1, 2, 8, 9, 19]
[16, 17, 18, 19, 20, 21, 22, 23, 24, 25, 26, 27, 28]


5
process id 7
stats
5, 15, 7, 100, 1000
20220816-225030
loosing coalitions taken
[1, 2, 7, 13, 23]
[1, 5, 6, 16, 19]
[2, 3, 6, 19, 21]
[2, 3, 5, 23]
[1, 4, 7, 8]
[1, 2, 9, 12, 14]
[2, 4, 5, 20]
[1, 4, 6, 27]
[1, 3, 8, 12, 18]
[3, 4, 5, 15]
[1, 2, 8, 11, 17]
[3, 4, 6, 12, 17]
[2, 4, 6, 10, 24]
[1, 3, 7, 11, 21]
[16, 17, 18, 19, 20, 21, 22, 23, 24, 25, 26, 27, 28]


5
process id 2
stats
5, 15, 7, 100, 1000
20220816-225030
loosing coalitions taken
[1, 3, 7, 15, 21]
[3, 4, 6, 9, 21]
[1, 2, 8, 12, 21]
[1, 2, 7, 9]
[1, 5, 6, 16, 20]
[3, 4, 5, 16]
[1, 4, 8, 10, 15]
[1, 3, 8, 11, 18]
[2, 3, 6, 17, 18]
[1, 4, 7, 14, 16]
[1, 4, 6, 28]
[2, 4, 6, 13, 22]
[2, 3, 5, 25]
[2, 4, 5, 18]
[16, 17, 18, 19, 20, 21, 22, 23, 24, 25, 26, 27, 28]


6
process id 4
stats
5, 15, 7, 100, 1000
20220816-225034
loosing coalitions taken
[1, 4, 7, 8]
[1, 2, 10, 11, 14]
[1, 2, 9, 12, 13]
[3, 4, 5, 16]
[1, 5, 6, 13, 22]
[2, 3, 6, 13]
[1, 3, 8, 10, 19]
[1, 4, 6, 27]
[2, 4, 5, 17]
[2, 3, 5, 27, 28]
[1, 2, 7, 17, 19]
[1, 3, 7, 14, 21]
[3, 4, 6, 8]
[2, 4, 6, 9, 21]
[16, 17, 18, 19, 20, 21, 22, 23, 24, 25, 26, 27, 28]


5
process id 3
stats
5, 15, 7, 100, 1000
20220816-225035
loosing coalitions taken
[1, 5, 6, 16, 20]
[1, 4, 8, 12, 13]
[1, 2, 7, 9]
[3, 4, 5, 19, 25]
[3, 4, 6, 13, 21]
[2, 4, 5, 18]
[2, 3, 6, 12]
[1, 3, 8, 14, 16]
[1, 4, 6, 27]
[2, 3, 5, 22]
[2, 4, 6, 9, 25]
[1, 2, 10, 11, 13]
[1, 2, 8, 15, 17]
[1, 4, 7, 11, 16]
[16, 17, 18, 19, 20, 21, 22, 23, 24, 25, 26, 27, 28]


6
process id 5
stats
5, 15, 7, 100, 1000
20220816-225035
loosing coalitions taken
[1, 3, 8, 15, 16]
[1, 2, 7, 14, 22]
[1, 3, 7, 12, 21]
[1, 2, 8, 12, 18]
[1, 5, 6, 11, 24]
[2, 3, 6, 14]
[1, 4, 8, 13, 14]
[1, 4, 7, 10, 17]
[2, 4, 6, 10, 23]
[1, 4, 6, 27]
[2, 4, 5, 18]
[2, 3, 5, 23, 25]
[3, 4, 5, 15]
[3, 4, 6, 8]
[16, 17, 18, 19, 20, 21, 22, 23, 24, 25, 26, 27, 28]


5
process id 0
stats
5, 15, 7, 100, 1000
20220816-225035
loosing coalitions taken
[1, 2, 7, 10, 26]
[1, 4, 8, 12, 14]
[1, 4, 7, 11, 17]
[1, 2, 8, 13, 19]
[1, 2, 9, 11, 12]
[1, 3, 7, 15, 19]
[1, 3, 8, 10, 18]
[2, 3, 7, 8, 9]
[2, 3, 6, 11]
[2, 4, 5, 19]
[1, 4, 6, 28]
[3, 4, 5, 16]
[3, 4, 6, 10, 21]
[2, 3, 5, 25]
[16, 17, 18, 19, 20, 21, 22, 23, 24, 25, 26, 27, 28]


5
process id 7
stats
5, 15, 7, 100, 1000
20220816-225036
loosing coalitions taken
[1, 4, 8, 13, 14]
[2, 4, 5, 21, 24]
[2, 3, 6, 17, 19]
[3, 4, 5, 19, 23]
[2, 3, 5, 25]
[1, 3, 8, 11, 17]
[1, 3, 7, 12, 20]
[1, 4, 7, 9, 18]
[1, 2, 8, 9, 19]
[2, 4, 6, 12, 20]
[1, 2, 7, 13, 24]
[3, 4, 6, 11, 18]
[1, 5, 6, 12, 23]
[1, 2, 10, 11, 14]
[16, 17, 18, 19, 20, 21, 22, 23, 24, 25, 26, 27, 28]


6
process id 5
stats
5, 15, 7, 100, 1000
20220816-225037
loosing coalitions taken
[1, 4, 7, 11, 17]
[2, 3, 5, 23]
[3, 4, 6, 12, 20]
[1, 3, 7, 13, 18]
[1, 5, 6, 16, 18]
[1, 3, 8, 14, 15]
[1, 2, 10, 11, 14]
[1, 2, 7, 15, 20]
[2, 4, 5, 19]
[2, 3, 6, 11]
[3, 4, 5, 15]
[2, 4, 6, 14, 17]
[1, 2, 8, 9, 21]
[1, 4, 6, 28]
[16, 17, 18, 19, 20, 21, 22, 23, 24, 25, 26, 27, 28]


6
process id 4
stats
5, 15, 7, 100, 1000
20220816-225037
loosing coalitions taken
[1, 5, 6, 10, 26]
[1, 2, 8, 13, 20]
[1, 3, 7, 13, 22]
[2, 3, 6, 16, 23]
[2, 3, 5, 22]
[1, 3, 9, 10, 11]
[1, 2, 7, 14, 23]
[1, 3, 8, 14, 16]
[3, 4, 5, 16]
[2, 4, 5, 18]
[1, 4, 7, 8]
[2, 4, 6, 14, 19]
[1, 4, 6, 28]
[3, 4, 6, 12, 18]
[16, 17, 18, 19, 20, 21, 22, 23, 24, 25, 26, 27, 28]


6
process id 3
stats
5, 15, 7, 100, 1000
20220816-225038
loosing coalitions taken
[1, 3, 9, 10, 11]
[2, 4, 6, 11, 24]
[1, 3, 8, 12, 17]
[2, 3, 6, 12]
[1, 2, 7, 9, 23]
[1, 2, 8, 13, 19]
[3, 4, 5, 15]
[1, 5, 6, 9, 22]
[1, 3, 7, 13, 20]
[1, 4, 6, 28]
[2, 4, 5, 20]
[3, 4, 6, 8]
[2, 3, 5, 23]
[1, 2, 10, 12, 14]
[16, 17, 18, 19, 20, 21, 22, 23, 24, 25, 26, 27, 28]


6
process id 7
stats
5, 15, 7, 100, 1000
20220816-225038
loosing coalitions taken
[2, 3, 5, 22]
[1, 5, 6, 15, 21]
[1, 4, 7, 9, 16]
[1, 2, 8, 10, 17]
[2, 4, 6, 12, 20]
[1, 3, 7, 12, 20]
[2, 3, 6, 13, 23]
[2, 4, 5, 19, 24]
[1, 4, 8, 11, 14]
[1, 3, 8, 9, 18]
[3, 4, 6, 10, 18]
[1, 2, 7, 13, 22]
[3, 4, 5, 20, 23]
[1, 4, 6, 27]
[16, 17, 18, 19, 20, 21, 22, 23, 24, 25, 26, 27, 28]


6
process id 1
stats
5, 15, 7, 100, 1000
20220816-225038
loosing coalitions taken
[1, 3, 8, 10, 17]
[3, 4, 5, 16]
[1, 2, 7, 16, 20]
[1, 2, 9, 12, 13]
[2, 3, 6, 10]
[1, 5, 6, 9, 23]
[1, 3, 7, 15, 19]
[1, 2, 8, 14, 18]
[1, 4, 7, 8, 27]
[2, 3, 5, 23]
[2, 4, 6, 14, 19]
[2, 4, 5, 17]
[3, 4, 6, 12, 17]
[1, 4, 6, 28]
[16, 17, 18, 19, 20, 21, 22, 23, 24, 25, 26, 27, 28]


5
process id 4
stats
5, 15, 7, 100, 1000
20220816-225040
loosing coalitions taken
[1, 2, 7, 13, 23]
[1, 3, 8, 12, 19]
[1, 2, 8, 10, 21]
[2, 3, 6, 19, 20]
[3, 5, 6, 7, 15]
[1, 3, 7, 16, 18]
[2, 3, 7, 8, 9]
[1, 5, 6, 13, 22]
[1, 4, 8, 11, 13]
[2, 4, 6, 12, 21]
[3, 4, 5, 20, 23]
[2, 4, 5, 17]
[1, 4, 6, 28]
[1, 2, 9, 12, 14]
[16, 17, 18, 19, 20, 21, 22, 23, 24, 25, 26, 27, 28]


5
process id 1
stats
5, 15, 7, 100, 1000
20220816-225040
loosing coalitions taken
[1, 3, 8, 9, 19]
[1, 2, 8, 13, 18]
[3, 4, 6, 14, 19]
[1, 4, 7, 8]
[1, 5, 6, 15, 20]
[1, 2, 9, 11, 14]
[2, 3, 6, 11]
[2, 4, 5, 20]
[2, 3, 5, 23]
[1, 4, 6, 28]
[2, 4, 6, 15, 21]
[3, 4, 5, 21, 24]
[1, 2, 7, 16, 19]
[1, 3, 7, 12, 20]
[16, 17, 18, 19, 20, 21, 22, 23, 24, 25, 26, 27, 28]


6
process id 0
stats
5, 15, 7, 100, 1000
20220816-225040
loosing coalitions taken
[1, 2, 9, 11, 13]
[2, 4, 5, 20]
[1, 3, 9, 10, 12]
[2, 3, 6, 14]
[1, 3, 8, 11, 18]
[1, 4, 7, 8]
[2, 4, 6, 10, 22]
[3, 4, 5, 16]
[1, 4, 6, 27]
[2, 3, 5, 23]
[3, 4, 6, 11, 21]
[1, 2, 7, 15, 22]
[1, 2, 8, 14, 16]
[1, 3, 7, 16, 19]
[16, 17, 18, 19, 20, 21, 22, 23, 24, 25, 26, 27, 28]


5
process id 5
stats
5, 15, 7, 100, 1000
20220816-225040
loosing coalitions taken
[2, 4, 5, 17]
[1, 5, 6, 15, 21]
[1, 3, 8, 12, 17]
[2, 3, 6, 11]
[1, 2, 8, 9, 22]
[1, 2, 7, 10, 26]
[1, 4, 7, 12, 16]
[1, 3, 7, 14, 19]
[3, 4, 5, 16]
[2, 3, 5, 23]
[1, 4, 6, 28]
[2, 4, 6, 15, 19]
[3, 4, 6, 9, 17]
[1, 4, 8, 10, 14]
[16, 17, 18, 19, 20, 21, 22, 23, 24, 25, 26, 27, 28]


5
process id 2
stats
5, 15, 7, 100, 1000
20220816-225041
loosing coalitions taken
[2, 3, 6, 12, 26]
[1, 5, 6, 12, 23]
[1, 3, 8, 12, 17]
[1, 2, 7, 11, 25]
[2, 3, 5, 23]
[1, 2, 10, 12, 13]
[1, 4, 7, 9, 17]
[3, 4, 6, 11, 19]
[2, 4, 6, 14, 17]
[1, 3, 7, 14, 22]
[2, 4, 5, 16]
[1, 4, 6, 27]
[1, 4, 8, 10, 14]
[3, 4, 5, 18, 26]
[16, 17, 18, 19, 20, 21, 22, 23, 24, 25, 26, 27, 28]


6
process id 4
stats
5, 15, 7, 100, 1000
20220816-225042
loosing coalitions taken
[1, 2, 8, 14, 20]
[1, 2, 10, 11, 12]
[1, 3, 7, 15, 19]
[2, 3, 6, 15, 25]
[1, 4, 8, 9, 15]
[1, 3, 8, 10, 18]
[1, 5, 6, 9, 25]
[3, 4, 6, 11, 20]
[1, 2, 7, 9]
[2, 4, 5, 17]
[2, 3, 5, 23]
[3, 4, 5, 16, 28]
[1, 4, 6, 27]
[2, 4, 6, 14, 19]
[16, 17, 18, 19, 20, 21, 22, 23, 24, 25, 26, 27, 28]


6
process id 6
stats
5, 15, 7, 100, 1000
20220816-225042
loosing coalitions taken
[1, 5, 6, 16, 20]
[1, 3, 8, 10, 18]
[1, 3, 7, 14, 22]
[2, 3, 6, 10]
[3, 4, 5, 16]
[3, 4, 6, 14, 17]
[1, 2, 9, 10, 13]
[2, 3, 5, 22]
[2, 4, 5, 21, 28]
[2, 4, 6, 12, 20]
[1, 2, 8, 15, 16]
[1, 4, 7, 13, 15]
[1, 4, 6, 27]
[3, 5, 6, 7, 11]
[16, 17, 18, 19, 20, 21, 22, 23, 24, 25, 26, 27, 28]


6
process id 3
stats
5, 15, 7, 100, 1000
20220816-225044
loosing coalitions taken
[1, 5, 6, 15, 18]
[2, 3, 6, 11]
[1, 2, 7, 12, 24]
[1, 4, 8, 9, 14]
[1, 2, 8, 13, 17]
[1, 3, 7, 14, 21]
[2, 4, 5, 17]
[1, 3, 8, 10, 19]
[3, 4, 5, 16, 26]
[2, 3, 5, 25]
[2, 4, 6, 14, 18]
[3, 4, 6, 13, 19]
[1, 4, 6, 28]
[1, 4, 7, 13, 16]
[16, 17, 18, 19, 20, 21, 22, 23, 24, 25, 26, 27, 28]


6
process id 5
stats
5, 15, 7, 100, 1000
20220816-225044
loosing coalitions taken
[1, 4, 7, 8]
[1, 5, 6, 10, 26]
[2, 3, 6, 14]
[1, 2, 9, 11, 13]
[3, 4, 6, 15, 16]
[2, 4, 5, 19]
[1, 4, 6, 28]
[1, 3, 7, 12, 22]
[2, 3, 5, 25, 28]
[1, 2, 8, 14, 20]
[2, 4, 6, 13, 18]
[1, 2, 7, 15, 18]
[3, 4, 5, 17, 22]
[1, 3, 8, 9, 16]
[16, 17, 18, 19, 20, 21, 22, 23, 24, 25, 26, 27, 28]


5
process id 3
stats
5, 15, 7, 100, 1000
20220816-225045
loosing coalitions taken
[1, 3, 7, 12, 22]
[1, 3, 8, 9, 17]
[2, 4, 5, 19]
[1, 2, 8, 13, 20]
[1, 2, 9, 12, 14]
[2, 3, 6, 12]
[1, 5, 6, 10, 24]
[3, 4, 5, 16]
[1, 4, 8, 10, 15]
[1, 4, 6, 28]
[2, 3, 5, 22]
[1, 4, 7, 11, 16]
[1, 2, 7, 17, 19]
[3, 4, 6, 8]
[16, 17, 18, 19, 20, 21, 22, 23, 24, 25, 26, 27, 28]


5
process id 2
stats
5, 15, 7, 100, 1000
20220816-225046
loosing coalitions taken
[1, 3, 9, 10, 12]
[1, 3, 7, 16, 18]
[1, 5, 6, 10, 23]
[1, 2, 10, 11, 13]
[2, 4, 6, 15, 18]
[3, 4, 6, 9, 20]
[3, 4, 5, 16]
[2, 3, 6, 10]
[1, 2, 7, 9, 23]
[1, 4, 7, 8]
[2, 3, 5, 22]
[2, 4, 5, 17]
[1, 2, 8, 14, 19]
[1, 4, 6, 27]
[16, 17, 18, 19, 20, 21, 22, 23, 24, 25, 26, 27, 28]


6
process id 0
stats
5, 15, 7, 100, 1000
20220816-225047
loosing coalitions taken
[1, 4, 8, 12, 14]
[1, 3, 7, 15, 20]
[1, 2, 8, 9, 21]
[3, 4, 5, 19, 25]
[1, 3, 8, 11, 17]
[1, 2, 7, 13, 25]
[2, 4, 5, 17]
[3, 4, 6, 13, 18]
[1, 4, 6, 28]
[2, 3, 5, 24]
[2, 3, 6, 14]
[2, 4, 6, 15, 20]
[1, 5, 6, 12, 21]
[1, 4, 7, 11, 16]
[16, 17, 18, 19, 20, 21, 22, 23, 24, 25, 26, 27, 28]


6
process id 6
stats
5, 15, 7, 100, 1000
20220816-225047
loosing coalitions taken
[1, 3, 7, 10, 23]
[1, 4, 7, 8]
[1, 5, 6, 13, 24]
[1, 2, 9, 12, 14]
[1, 2, 8, 11, 19]
[2, 3, 6, 10, 26]
[2, 4, 5, 17]
[3, 4, 5, 15]
[2, 3, 5, 25]
[1, 4, 6, 27]
[3, 4, 6, 8]
[2, 4, 6, 15, 19]
[1, 2, 7, 16, 20]
[1, 3, 8, 9, 20]
[16, 17, 18, 19, 20, 21, 22, 23, 24, 25, 26, 27, 28]


6
process id 2
stats
5, 15, 7, 100, 1000
20220816-225048
loosing coalitions taken
[1, 5, 6, 12, 23]
[1, 2, 9, 12, 14]
[2, 4, 5, 20]
[1, 4, 7, 8]
[1, 3, 9, 10, 11]
[2, 3, 6, 10]
[3, 4, 5, 16]
[2, 3, 5, 25]
[1, 3, 7, 13, 22]
[1, 4, 6, 27]
[1, 2, 7, 16, 17]
[1, 3, 8, 12, 19]
[3, 4, 6, 13, 19]
[1, 2, 8, 10, 18]
[16, 17, 18, 19, 20, 21, 22, 23, 24, 25, 26, 27, 28]


6
process id 7
stats
5, 15, 7, 100, 1000
20220816-225048
loosing coalitions taken
[2, 3, 6, 13]
[1, 2, 7, 17, 18]
[1, 3, 7, 10, 24]
[1, 2, 8, 14, 19]
[1, 4, 7, 14, 16]
[1, 3, 8, 11, 17]
[1, 2, 10, 11, 12]
[3, 4, 5, 16]
[3, 4, 6, 9, 19]
[1, 4, 8, 9, 12]
[1, 5, 6, 11, 21]
[2, 4, 5, 18, 25]
[2, 3, 5, 22]
[2, 4, 6, 10, 23]
[16, 17, 18, 19, 20, 21, 22, 23, 24, 25, 26, 27, 28]


6
process id 1
stats
5, 15, 7, 100, 1000
20220816-225049
loosing coalitions taken
[1, 4, 7, 9, 18]
[1, 5, 6, 13, 22]
[1, 2, 9, 12, 13]
[1, 3, 8, 12, 17]
[1, 4, 8, 10, 15]
[1, 2, 8, 14, 19]
[3, 4, 5, 15]
[1, 3, 7, 14, 20]
[2, 3, 5, 22]
[1, 4, 6, 28]
[2, 3, 6, 14, 23]
[2, 4, 6, 16, 19]
[3, 5, 6, 7, 9]
[3, 4, 6, 11, 21]
[16, 17, 18, 19, 20, 21, 22, 23, 24, 25, 26, 27, 28]


6
process id 3
stats
5, 15, 7, 100, 1000
20220816-225050
loosing coalitions taken
[1, 5, 6, 13, 24]
[1, 3, 9, 10, 12]
[2, 4, 6, 11, 23]
[2, 3, 5, 22, 28]
[2, 3, 6, 13]
[3, 4, 5, 21, 24]
[1, 2, 8, 9, 22]
[1, 2, 7, 12, 23]
[1, 4, 8, 10, 11]
[1, 3, 7, 11, 21]
[1, 3, 8, 14, 15]
[2, 4, 5, 19]
[1, 4, 7, 14, 16]
[1, 4, 6, 28]
[16, 17, 18, 19, 20, 21, 22, 23, 24, 25, 26, 27, 28]


5
process id 4
stats
5, 15, 7, 100, 1000
20220816-225051
loosing coalitions taken
[1, 2, 7, 17, 18]
[1, 3, 8, 12, 18]
[1, 4, 7, 8]
[1, 5, 6, 15, 21]
[1, 2, 9, 10, 11]
[2, 4, 6, 12, 21]
[3, 4, 5, 15]
[2, 3, 6, 13]
[2, 3, 5, 23]
[2, 4, 5, 19]
[1, 4, 6, 27]
[3, 4, 6, 8]
[1, 3, 7, 14, 21]
[1, 2, 8, 13, 19]
[16, 17, 18, 19, 20, 21, 22, 23, 24, 25, 26, 27, 28]


6
process id 7
stats
5, 15, 7, 100, 1000
20220816-225051
loosing coalitions taken
[1, 2, 10, 12, 14]
[2, 3, 6, 12]
[1, 5, 6, 11, 25]
[1, 2, 7, 9]
[1, 3, 8, 15, 16]
[2, 3, 5, 26, 28]
[2, 4, 5, 20]
[3, 4, 6, 10, 18]
[3, 4, 5, 17, 27]
[1, 4, 6, 28]
[1, 4, 7, 10, 19]
[1, 4, 8, 11, 14]
[1, 3, 7, 11, 23]
[2, 4, 6, 9, 22]
[16, 17, 18, 19, 20, 21, 22, 23, 24, 25, 26, 27, 28]


6
process id 7
stats
5, 15, 7, 100, 1000
20220816-225053
loosing coalitions taken
[3, 4, 5, 19, 25]
[1, 2, 10, 11, 13]
[1, 4, 7, 8]
[3, 4, 6, 15, 17]
[2, 4, 6, 12, 23]
[2, 4, 5, 20]
[1, 5, 6, 9, 26]
[1, 3, 8, 11, 19]
[2, 3, 5, 22]
[2, 3, 6, 11]
[1, 3, 7, 13, 21]
[1, 4, 6, 27]
[1, 2, 8, 14, 16]
[1, 2, 7, 9]
[16, 17, 18, 19, 20, 21, 22, 23, 24, 25, 26, 27, 28]


5
process id 3
stats
5, 15, 7, 100, 1000
20220816-225054
loosing coalitions taken
[1, 2, 7, 9]
[1, 5, 6, 10, 23]
[2, 4, 5, 20]
[1, 3, 8, 11, 18]
[2, 3, 6, 11]
[2, 3, 5, 25]
[3, 4, 5, 15]
[1, 3, 7, 15, 21]
[1, 4, 6, 27]
[2, 4, 6, 10, 21]
[1, 4, 7, 11, 17]
[3, 4, 6, 14, 16]
[1, 2, 8, 14, 17]
[1, 4, 8, 9, 12]
[16, 17, 18, 19, 20, 21, 22, 23, 24, 25, 26, 27, 28]


5
process id 4
stats
5, 15, 7, 100, 1000
20220816-225054
loosing coalitions taken
[1, 5, 6, 10, 25]
[2, 4, 5, 20]
[2, 3, 6, 12]
[1, 2, 7, 9]
[1, 3, 8, 10, 16]
[2, 3, 5, 25]
[1, 4, 8, 12, 13]
[3, 4, 6, 13, 18]
[1, 4, 7, 11, 16]
[1, 3, 7, 13, 20]
[2, 4, 6, 11, 24]
[3, 4, 5, 16]
[1, 2, 10, 11, 14]
[1, 4, 6, 28]
[16, 17, 18, 19, 20, 21, 22, 23, 24, 25, 26, 27, 28]


6
process id 2
stats
5, 15, 7, 100, 1000
20220816-225054
loosing coalitions taken
[1, 4, 8, 10, 15]
[2, 3, 6, 14]
[1, 5, 6, 10, 24]
[2, 4, 5, 21, 27]
[1, 3, 8, 13, 16]
[3, 4, 5, 17, 22]
[2, 3, 5, 25]
[1, 2, 7, 9]
[2, 4, 6, 12, 20]
[1, 3, 7, 11, 23]
[2, 5, 6, 7, 16]
[3, 4, 6, 8]
[1, 4, 6, 27]
[1, 2, 8, 11, 19]
[16, 17, 18, 19, 20, 21, 22, 23, 24, 25, 26, 27, 28]


5
process id 7
stats
5, 15, 7, 100, 1000
20220816-225054
loosing coalitions taken
[1, 4, 8, 13, 14]
[1, 2, 8, 11, 20]
[1, 3, 7, 11, 23]
[2, 3, 6, 9]
[1, 3, 8, 12, 18]
[2, 4, 5, 19]
[1, 5, 6, 13, 21]
[3, 4, 5, 16]
[1, 4, 7, 10, 16]
[2, 3, 5, 24]
[3, 4, 6, 15, 17]
[2, 4, 6, 12, 21]
[1, 2, 7, 9]
[1, 4, 6, 28]
[16, 17, 18, 19, 20, 21, 22, 23, 24, 25, 26, 27, 28]


6
process id 7
stats
5, 15, 7, 100, 1000
20220816-225056
loosing coalitions taken
[1, 3, 8, 9, 20]
[2, 3, 6, 11]
[2, 4, 5, 16]
[1, 4, 8, 10, 13]
[1, 3, 7, 15, 18]
[1, 2, 8, 12, 21]
[1, 5, 6, 9, 24]
[2, 3, 5, 25]
[1, 4, 7, 9, 19]
[2, 4, 6, 15, 18]
[1, 2, 7, 16, 17]
[1, 4, 6, 28]
[3, 4, 6, 12, 17]
[3, 4, 5, 15]
[16, 17, 18, 19, 20, 21, 22, 23, 24, 25, 26, 27, 28]


5
process id 5
stats
5, 15, 7, 100, 1000
20220816-225057
loosing coalitions taken
[1, 5, 6, 11, 22]
[1, 4, 8, 13, 14]
[1, 3, 8, 11, 18]
[2, 3, 6, 13]
[1, 3, 7, 10, 23]
[1, 2, 9, 11, 12]
[1, 2, 7, 14, 21]
[1, 4, 6, 27]
[2, 4, 5, 21, 24]
[3, 4, 5, 16]
[2, 3, 5, 23]
[3, 4, 6, 8]
[2, 4, 6, 16, 18]
[1, 4, 7, 9, 18]
[16, 17, 18, 19, 20, 21, 22, 23, 24, 25, 26, 27, 28]


6
process id 1
stats
5, 15, 7, 100, 1000
20220816-225057
loosing coalitions taken
[1, 5, 6, 14, 22]
[2, 4, 5, 20, 27]
[1, 3, 8, 14, 15]
[3, 4, 6, 13, 18]
[1, 3, 9, 10, 12]
[1, 4, 8, 12, 13]
[1, 4, 7, 10, 16]
[2, 3, 6, 12]
[3, 4, 5, 16]
[1, 2, 7, 14, 21]
[1, 3, 7, 11, 20]
[1, 4, 6, 27]
[1, 2, 9, 11, 13]
[1, 2, 8, 10, 20]
[16, 17, 18, 19, 20, 21, 22, 23, 24, 25, 26, 27, 28]


5
process id 2
stats
5, 15, 7, 100, 1000
20220816-225058
loosing coalitions taken
[1, 5, 6, 10, 25]
[3, 4, 5, 20, 22]
[1, 2, 8, 13, 17]
[1, 2, 9, 10, 11]
[2, 4, 6, 14, 21]
[1, 3, 7, 14, 22]
[1, 4, 7, 9, 19]
[1, 4, 8, 12, 14]
[1, 3, 8, 10, 19]
[1, 2, 7, 16, 20]
[3, 4, 6, 13, 19]
[2, 3, 6, 10]
[2, 4, 5, 19]
[1, 4, 6, 28]
[16, 17, 18, 19, 20, 21, 22, 23, 24, 25, 26, 27, 28]


6
process id 7
stats
5, 15, 7, 100, 1000
20220816-225100
loosing coalitions taken
[3, 4, 5, 17, 27]
[2, 3, 6, 12]
[1, 4, 7, 14, 16]
[1, 2, 8, 13, 20]
[1, 5, 6, 16, 19]
[1, 3, 8, 11, 17]
[1, 3, 7, 15, 20]
[2, 4, 5, 18]
[2, 3, 5, 25]
[1, 2, 7, 9]
[1, 4, 8, 9, 12]
[3, 4, 6, 9, 19]
[2, 4, 6, 10, 24]
[1, 4, 6, 28]
[16, 17, 18, 19, 20, 21, 22, 23, 24, 25, 26, 27, 28]


5
process id 4
stats
5, 15, 7, 100, 1000
20220816-225100
loosing coalitions taken
[1, 5, 6, 11, 24]
[1, 2, 8, 14, 19]
[1, 2, 9, 12, 13]
[3, 4, 6, 14, 17]
[1, 3, 7, 14, 20]
[1, 3, 8, 15, 16]
[1, 4, 7, 8, 23]
[2, 3, 6, 9]
[2, 4, 5, 16]
[1, 2, 7, 10, 25]
[2, 4, 6, 11, 23]
[1, 4, 6, 27]
[3, 4, 5, 15]
[2, 3, 5, 24]
[16, 17, 18, 19, 20, 21, 22, 23, 24, 25, 26, 27, 28]


6
process id 2
stats
5, 15, 7, 100, 1000
20220816-225101
loosing coalitions taken
[2, 4, 5, 20, 26]
[3, 4, 5, 16]
[1, 3, 7, 11, 22]
[1, 3, 8, 12, 18]
[1, 4, 8, 11, 13]
[1, 2, 9, 11, 12]
[1, 5, 6, 9, 26]
[1, 2, 7, 16, 18]
[1, 4, 7, 10, 17]
[2, 3, 6, 19, 21]
[1, 4, 6, 27]
[2, 3, 5, 25]
[3, 4, 6, 12, 20]
[1, 2, 8, 15, 17]
[16, 17, 18, 19, 20, 21, 22, 23, 24, 25, 26, 27, 28]


6
process id 6
stats
5, 15, 7, 100, 1000
20220816-225101
loosing coalitions taken
[1, 3, 9, 10, 11]
[1, 2, 8, 10, 17]
[1, 3, 7, 13, 19]
[2, 3, 5, 22]
[1, 2, 9, 12, 14]
[1, 4, 7, 10, 16]
[3, 4, 6, 12, 17]
[2, 4, 6, 11, 24]
[1, 3, 8, 12, 18]
[2, 4, 5, 21, 25]
[1, 4, 6, 28]
[1, 5, 6, 16, 17]
[2, 3, 6, 14]
[3, 4, 5, 19, 26]
[16, 17, 18, 19, 20, 21, 22, 23, 24, 25, 26, 27, 28]


6
process id 1
stats
5, 15, 7, 100, 1000
20220816-225101
loosing coalitions taken
[1, 3, 7, 9, 23]
[1, 2, 7, 16, 18]
[1, 2, 9, 11, 14]
[1, 4, 8, 10, 13]
[1, 4, 7, 12, 15]
[2, 3, 6, 12]
[1, 5, 6, 9, 26]
[1, 4, 6, 27]
[2, 4, 5, 17]
[2, 3, 5, 25]
[2, 4, 6, 11, 24]
[3, 4, 6, 8]
[3, 4, 5, 16]
[1, 2, 8, 12, 21]
[16, 17, 18, 19, 20, 21, 22, 23, 24, 25, 26, 27, 28]


6
process id 0
stats
5, 15, 7, 100, 1000
20220816-225101
loosing coalitions taken
[3, 4, 6, 13, 20]
[1, 2, 9, 10, 11]
[2, 3, 6, 10]
[1, 2, 7, 13, 22]
[1, 3, 7, 12, 21]
[2, 4, 5, 20, 23]
[1, 4, 7, 10, 19]
[1, 5, 6, 9, 25]
[3, 4, 5, 16]
[1, 3, 8, 13, 15]
[1, 4, 8, 11, 12]
[1, 2, 8, 14, 16]
[1, 4, 6, 27]
[2, 3, 5, 25]
[16, 17, 18, 19, 20, 21, 22, 23, 24, 25, 26, 27, 28]


6
process id 3
stats
5, 15, 7, 100, 1000
20220816-225103
loosing coalitions taken
[3, 4, 6, 9, 22]
[2, 3, 6, 11]
[1, 2, 9, 10, 14]
[1, 2, 8, 13, 17]
[1, 4, 7, 13, 15]
[1, 5, 6, 16, 17]
[1, 2, 7, 12, 23]
[1, 3, 8, 9, 16]
[1, 3, 7, 14, 20]
[2, 3, 5, 26, 28]
[2, 4, 5, 18, 25]
[3, 4, 5, 16]
[1, 4, 6, 28]
[2, 4, 6, 13, 20]
[16, 17, 18, 19, 20, 21, 22, 23, 24, 25, 26, 27, 28]


5
process id 4
stats
5, 15, 7, 100, 1000
20220816-225103
loosing coalitions taken
[1, 5, 6, 15, 18]
[1, 3, 7, 14, 21]
[1, 2, 10, 11, 12]
[1, 4, 7, 9, 17]
[1, 2, 8, 13, 20]
[2, 3, 7, 8, 9]
[2, 4, 6, 12, 22]
[2, 4, 5, 18]
[2, 3, 6, 14, 26]
[1, 2, 7, 16, 19]
[1, 4, 8, 12, 14]
[3, 4, 6, 13, 21]
[1, 4, 6, 28]
[1, 3, 8, 11, 18]
[16, 17, 18, 19, 20, 21, 22, 23, 24, 25, 26, 27, 28]


6
process id 1
stats
5, 15, 7, 100, 1000
20220816-225104
loosing coalitions taken
[2, 3, 6, 14]
[1, 5, 6, 9, 25]
[1, 4, 8, 11, 12]
[3, 4, 5, 17, 26]
[1, 3, 8, 13, 15]
[2, 4, 5, 16]
[3, 4, 6, 10, 18]
[1, 2, 7, 9]
[1, 4, 6, 27]
[2, 3, 5, 23, 25]
[1, 3, 7, 10, 22]
[2, 4, 6, 15, 20]
[1, 2, 10, 12, 13]
[3, 5, 6, 7, 15]
[16, 17, 18, 19, 20, 21, 22, 23, 24, 25, 26, 27, 28]


6
process id 0
stats
5, 15, 7, 100, 1000
20220816-225105
loosing coalitions taken
[1, 4, 8, 11, 14]
[3, 4, 5, 16]
[1, 2, 8, 13, 17]
[1, 3, 7, 12, 21]
[1, 2, 9, 12, 14]
[1, 5, 6, 14, 21]
[2, 3, 6, 11]
[1, 4, 6, 27]
[3, 4, 6, 8]
[2, 3, 5, 22]
[2, 4, 6, 9, 22]
[2, 4, 5, 19, 27]
[1, 2, 7, 10, 22]
[1, 3, 8, 15, 16]
[16, 17, 18, 19, 20, 21, 22, 23, 24, 25, 26, 27, 28]


6
process id 7
stats
5, 15, 7, 100, 1000
20220816-225109
loosing coalitions taken
[3, 4, 5, 16]
[1, 3, 7, 13, 21]
[1, 2, 7, 12, 24]
[1, 4, 8, 13, 14]
[2, 3, 7, 8, 10]
[1, 2, 10, 11, 13]
[1, 2, 8, 9, 20]
[2, 3, 6, 11]
[1, 3, 9, 10, 12]
[2, 3, 5, 24, 25]
[2, 4, 5, 19]
[1, 5, 6, 12, 23]
[1, 4, 6, 28]
[2, 4, 6, 10, 21]
[16, 17, 18, 19, 20, 21, 22, 23, 24, 25, 26, 27, 28]


6
process id 6
stats
5, 15, 7, 100, 1000
20220816-225110
loosing coalitions taken
[1, 2, 7, 12, 26]
[1, 4, 8, 12, 13]
[2, 4, 6, 15, 21]
[1, 2, 10, 11, 13]
[1, 5, 6, 16, 19]
[1, 2, 8, 14, 20]
[1, 3, 8, 10, 16]
[1, 4, 7, 9, 18]
[1, 3, 7, 11, 22]
[3, 4, 6, 10, 20]
[3, 4, 5, 18, 24]
[2, 4, 5, 20, 25]
[1, 4, 6, 27]
[2, 3, 6, 11]
[16, 17, 18, 19, 20, 21, 22, 23, 24, 25, 26, 27, 28]


6
process id 0
stats
5, 15, 7, 100, 1000
20220816-225110
loosing coalitions taken
[2, 4, 5, 17, 27]
[3, 4, 5, 18, 23]
[2, 3, 6, 12]
[1, 2, 7, 17, 18]
[1, 2, 10, 11, 13]
[1, 3, 8, 11, 18]
[1, 5, 6, 13, 24]
[1, 2, 8, 14, 20]
[2, 4, 6, 13, 19]
[1, 4, 7, 11, 16]
[1, 4, 6, 28]
[2, 3, 5, 25]
[1, 3, 7, 9, 21]
[3, 4, 6, 8]
[16, 17, 18, 19, 20, 21, 22, 23, 24, 25, 26, 27, 28]


5
process id 5
stats
5, 15, 7, 100, 1000
20220816-225110
loosing coalitions taken
[2, 4, 5, 20]
[1, 4, 7, 13, 16]
[1, 3, 7, 12, 21]
[1, 3, 8, 9, 16]
[2, 3, 6, 16, 21]
[1, 5, 6, 10, 23]
[1, 2, 7, 17, 18]
[1, 4, 6, 28]
[2, 4, 6, 11, 23]
[3, 4, 5, 15]
[1, 2, 8, 12, 19]
[2, 3, 5, 25]
[1, 2, 9, 10, 13]
[3, 4, 6, 8]
[16, 17, 18, 19, 20, 21, 22, 23, 24, 25, 26, 27, 28]


6
process id 4
stats
5, 15, 7, 100, 1000
20220816-225110
loosing coalitions taken
[1, 3, 8, 14, 16]
[2, 3, 6, 13]
[1, 2, 8, 15, 17]
[1, 4, 8, 10, 11]
[1, 2, 9, 10, 12]
[1, 3, 7, 10, 22]
[2, 4, 5, 19]
[3, 4, 5, 16]
[3, 4, 6, 8]
[2, 3, 5, 25]
[2, 4, 6, 9, 22]
[1, 5, 6, 14, 21]
[1, 2, 7, 13, 24]
[1, 4, 7, 9, 16]
[16, 17, 18, 19, 20, 21, 22, 23, 24, 25, 26, 27, 28]


6
process id 2
stats
5, 15, 7, 100, 1000
20220816-225110
loosing coalitions taken
[2, 3, 6, 14]
[1, 2, 8, 12, 20]
[1, 3, 8, 10, 18]
[1, 2, 7, 9]
[1, 4, 8, 13, 14]
[3, 4, 5, 16]
[2, 4, 5, 19]
[1, 3, 7, 13, 20]
[1, 2, 10, 11, 13]
[1, 4, 6, 28]
[3, 4, 6, 8]
[2, 3, 5, 23]
[2, 4, 6, 11, 23]
[1, 5, 6, 9, 22]
[16, 17, 18, 19, 20, 21, 22, 23, 24, 25, 26, 27, 28]


6
process id 6
stats
5, 15, 7, 100, 1000
20220816-225112
loosing coalitions taken
[1, 3, 7, 9, 23]
[1, 4, 8, 9, 15]
[1, 3, 8, 11, 17]
[2, 4, 5, 16]
[1, 4, 7, 10, 19]
[1, 5, 6, 12, 22]
[1, 2, 9, 12, 13]
[1, 2, 7, 15, 22]
[2, 3, 6, 10]
[2, 3, 5, 24]
[3, 4, 5, 15]
[3, 4, 6, 12, 18]
[1, 4, 6, 27]
[2, 4, 6, 14, 20]
[16, 17, 18, 19, 20, 21, 22, 23, 24, 25, 26, 27, 28]


6
process id 1
stats
5, 15, 7, 100, 1000
20220816-225112
loosing coalitions taken
[2, 3, 6, 14]
[1, 2, 8, 11, 21]
[1, 4, 7, 8]
[1, 2, 9, 12, 13]
[2, 4, 6, 13, 21]
[1, 4, 6, 27]
[2, 4, 5, 16]
[1, 2, 7, 15, 19]
[1, 3, 7, 11, 22]
[3, 4, 6, 9, 18]
[1, 5, 6, 11, 24]
[2, 3, 5, 24]
[1, 3, 8, 14, 15]
[3, 4, 5, 15]
[16, 17, 18, 19, 20, 21, 22, 23, 24, 25, 26, 27, 28]


6
process id 3
stats
5, 15, 7, 100, 1000
20220816-225113
loosing coalitions taken
[2, 3, 6, 11]
[1, 2, 8, 15, 17]
[1, 2, 7, 9, 26]
[2, 4, 5, 19]
[1, 4, 7, 12, 16]
[1, 5, 6, 12, 23]
[1, 3, 8, 14, 16]
[1, 4, 6, 28]
[2, 4, 6, 13, 21]
[1, 3, 7, 13, 17]
[2, 3, 5, 24, 28]
[3, 4, 5, 16]
[3, 4, 6, 10, 20]
[1, 2, 10, 11, 13]
[16, 17, 18, 19, 20, 21, 22, 23, 24, 25, 26, 27, 28]


6
process id 7
stats
5, 15, 7, 100, 1000
20220816-225113
loosing coalitions taken
[3, 4, 5, 19, 26]
[1, 2, 8, 9, 19]
[1, 4, 7, 9, 16]
[2, 4, 6, 11, 21]
[1, 3, 8, 13, 15]
[2, 4, 5, 16]
[1, 2, 10, 11, 12]
[2, 3, 6, 12]
[1, 5, 6, 13, 24]
[1, 4, 6, 28]
[3, 4, 6, 9, 20]
[2, 3, 5, 22]
[1, 3, 7, 14, 21]
[1, 2, 7, 15, 18]
[16, 17, 18, 19, 20, 21, 22, 23, 24, 25, 26, 27, 28]


6
process id 2
stats
5, 15, 7, 100, 1000
20220816-225114
loosing coalitions taken
[1, 3, 8, 12, 17]
[1, 2, 9, 12, 14]
[1, 4, 8, 11, 13]
[2, 4, 5, 17]
[1, 5, 6, 12, 23]
[1, 3, 7, 13, 22]
[3, 4, 6, 9, 21]
[2, 3, 6, 11]
[2, 4, 6, 14, 19]
[1, 2, 7, 11, 25]
[2, 3, 5, 25]
[1, 2, 8, 15, 16]
[1, 3, 9, 10, 11]
[3, 4, 5, 16]
[16, 17, 18, 19, 20, 21, 22, 23, 24, 25, 26, 27, 28]


6
process id 5
stats
5, 15, 7, 100, 1000
20220816-225115
loosing coalitions taken
[1, 2, 7, 15, 21]
[1, 2, 9, 10, 13]
[2, 3, 6, 14]
[1, 4, 7, 10, 19]
[1, 3, 7, 9, 22]
[1, 2, 8, 11, 18]
[1, 3, 8, 12, 16]
[2, 4, 6, 12, 23]
[2, 3, 5, 22]
[3, 4, 5, 15]
[2, 4, 5, 16]
[1, 4, 6, 27]
[1, 5, 6, 16, 20]
[1, 4, 8, 9, 15]
[16, 17, 18, 19, 20, 21, 22, 23, 24, 25, 26, 27, 28]


6
process id 6
stats
5, 15, 7, 100, 1000
20220816-225115
loosing coalitions taken
[1, 2, 7, 15, 22]
[3, 4, 5, 16]
[1, 2, 9, 10, 11]
[1, 4, 7, 8, 27]
[1, 2, 8, 13, 19]
[1, 3, 7, 10, 21]
[2, 3, 6, 11]
[2, 4, 5, 17]
[3, 4, 6, 9, 22]
[2, 3, 5, 24, 26]
[1, 4, 6, 28]
[2, 4, 6, 15, 19]
[1, 3, 8, 9, 18]
[1, 5, 6, 13, 22]
[16, 17, 18, 19, 20, 21, 22, 23, 24, 25, 26, 27, 28]


5
process id 0
stats
5, 15, 7, 100, 1000
20220816-225115
loosing coalitions taken
[1, 2, 8, 15, 17]
[2, 3, 5, 24]
[1, 4, 8, 10, 14]
[1, 2, 9, 11, 12]
[1, 3, 8, 9, 20]
[1, 5, 6, 14, 22]
[3, 4, 6, 10, 20]
[1, 4, 7, 11, 16]
[1, 2, 7, 10, 23]
[2, 4, 5, 16]
[2, 4, 6, 9, 25]
[2, 3, 6, 14, 28]
[3, 4, 5, 15]
[1, 4, 6, 27]
[16, 17, 18, 19, 20, 21, 22, 23, 24, 25, 26, 27, 28]


6
process id 7
stats
5, 15, 7, 100, 1000
20220816-225116
loosing coalitions taken
[3, 4, 5, 21, 23]
[1, 2, 7, 12, 22]
[1, 2, 8, 11, 18]
[3, 4, 6, 13, 20]
[2, 3, 6, 10]
[2, 4, 5, 19]
[1, 4, 7, 14, 16]
[1, 3, 8, 14, 15]
[1, 4, 6, 28]
[2, 3, 5, 22]
[1, 4, 8, 10, 12]
[2, 4, 6, 15, 18]
[1, 5, 6, 9, 22]
[1, 3, 7, 13, 21]
[16, 17, 18, 19, 20, 21, 22, 23, 24, 25, 26, 27, 28]


6
process id 2
stats
5, 15, 7, 100, 1000
20220816-225116
loosing coalitions taken
[2, 3, 6, 13]
[1, 3, 8, 12, 19]
[1, 5, 6, 14, 22]
[1, 2, 8, 14, 16]
[2, 4, 5, 18]
[1, 4, 7, 8, 28]
[3, 4, 5, 16]
[1, 4, 6, 27]
[1, 2, 7, 12, 22]
[2, 3, 5, 22]
[3, 4, 6, 9, 20]
[2, 4, 6, 15, 17]
[1, 2, 9, 10, 11]
[1, 3, 7, 10, 21]
[16, 17, 18, 19, 20, 21, 22, 23, 24, 25, 26, 27, 28]


6
process id 4
stats
5, 15, 7, 100, 1000
20220816-225117
loosing coalitions taken
[1, 3, 8, 11, 19]
[3, 4, 5, 16, 26]
[1, 5, 6, 13, 23]
[2, 3, 6, 14]
[2, 4, 5, 20, 27]
[1, 4, 7, 8]
[1, 2, 10, 12, 13]
[3, 4, 6, 8]
[2, 4, 6, 9, 23]
[2, 3, 5, 24, 25]
[1, 2, 8, 14, 16]
[1, 4, 6, 27]
[1, 2, 7, 9]
[1, 3, 7, 10, 21]
[16, 17, 18, 19, 20, 21, 22, 23, 24, 25, 26, 27, 28]


5
process id 0
stats
5, 15, 7, 100, 1000
20220816-225117
loosing coalitions taken
[2, 3, 6, 14]
[1, 4, 7, 8]
[3, 4, 5, 16]
[1, 2, 9, 12, 13]
[2, 3, 5, 22]
[2, 4, 5, 20]
[1, 4, 6, 27]
[3, 4, 6, 8]
[1, 2, 7, 17, 18]
[1, 3, 7, 12, 22]
[1, 3, 8, 11, 17]
[1, 2, 8, 10, 20]
[2, 4, 6, 13, 18]
[1, 5, 6, 13, 24]
[16, 17, 18, 19, 20, 21, 22, 23, 24, 25, 26, 27, 28]


6
process id 7
stats
5, 15, 7, 100, 1000
20220816-225118
loosing coalitions taken
[1, 4, 7, 10, 16]
[1, 2, 10, 11, 12]
[2, 3, 6, 10]
[1, 5, 6, 9, 25]
[1, 2, 7, 14, 22]
[1, 2, 8, 9, 17]
[2, 4, 5, 20]
[1, 3, 8, 11, 19]
[1, 4, 8, 13, 14]
[1, 3, 7, 15, 21]
[1, 4, 6, 28]
[2, 3, 5, 25]
[3, 4, 6, 14, 20]
[3, 4, 5, 15]
[16, 17, 18, 19, 20, 21, 22, 23, 24, 25, 26, 27, 28]


5
process id 2
stats
5, 15, 7, 100, 1000
20220816-225119
loosing coalitions taken
[2, 3, 5, 23]
[1, 4, 7, 8]
[2, 4, 6, 15, 21]
[1, 3, 9, 10, 12]
[2, 3, 6, 10]
[1, 5, 6, 16, 19]
[1, 3, 8, 13, 16]
[3, 4, 6, 8]
[1, 2, 7, 10, 25]
[1, 3, 7, 11, 21]
[2, 4, 5, 19]
[3, 4, 5, 16]
[1, 2, 8, 14, 18]
[1, 4, 6, 27]
[16, 17, 18, 19, 20, 21, 22, 23, 24, 25, 26, 27, 28]


6
process id 1
stats
5, 15, 7, 100, 1000
20220816-225119
loosing coalitions taken
[2, 3, 6, 12]
[1, 2, 7, 10, 23]
[1, 5, 6, 10, 26]
[1, 2, 8, 14, 16]
[1, 3, 7, 11, 20]
[2, 4, 5, 19]
[3, 4, 5, 18, 23]
[1, 3, 8, 10, 18]
[2, 3, 5, 22]
[1, 4, 7, 8]
[3, 4, 6, 8]
[2, 4, 6, 9, 23]
[1, 2, 9, 11, 13]
[1, 4, 6, 27]
[16, 17, 18, 19, 20, 21, 22, 23, 24, 25, 26, 27, 28]


6
process id 5
stats
5, 15, 7, 100, 1000
20220816-225119
loosing coalitions taken
[1, 5, 6, 11, 24]
[2, 4, 5, 21, 26]
[2, 4, 6, 13, 19]
[1, 4, 8, 11, 13]
[3, 4, 6, 14, 17]
[1, 2, 10, 12, 13]
[1, 4, 7, 12, 16]
[1, 3, 7, 14, 21]
[1, 2, 7, 9]
[1, 3, 8, 10, 17]
[3, 4, 5, 18, 24]
[1, 4, 6, 27]
[2, 3, 6, 11, 25]
[2, 3, 5, 23]
[16, 17, 18, 19, 20, 21, 22, 23, 24, 25, 26, 27, 28]


5
process id 7
stats
5, 15, 7, 100, 1000
20220816-225120
loosing coalitions taken
[3, 4, 5, 18, 23]
[1, 4, 8, 10, 14]
[2, 4, 5, 19, 26]
[1, 2, 8, 9, 17]
[1, 4, 7, 9, 19]
[1, 2, 7, 16, 18]
[1, 3, 7, 11, 23]
[1, 2, 10, 11, 12]
[3, 4, 6, 11, 21]
[2, 3, 6, 18, 19]
[2, 3, 5, 22]
[2, 4, 6, 10, 23]
[1, 3, 8, 12, 18]
[1, 4, 6, 28]
[16, 17, 18, 19, 20, 21, 22, 23, 24, 25, 26, 27, 28]


6
process id 4
stats
5, 15, 7, 100, 1000
20220816-225120
loosing coalitions taken
[1, 2, 10, 12, 14]
[1, 5, 6, 12, 23]
[1, 3, 8, 12, 19]
[2, 4, 5, 18]
[1, 2, 7, 9]
[2, 3, 6, 12]
[2, 4, 6, 16, 19]
[1, 4, 6, 28]
[1, 3, 7, 13, 21]
[3, 4, 6, 11, 18]
[2, 3, 5, 25]
[3, 4, 5, 16, 27]
[1, 2, 8, 15, 16]
[1, 4, 8, 10, 13]
[16, 17, 18, 19, 20, 21, 22, 23, 24, 25, 26, 27, 28]


6
process id 6
stats
5, 15, 7, 100, 1000
20220816-225121
loosing coalitions taken
[1, 2, 10, 12, 14]
[2, 3, 6, 13, 25]
[1, 2, 8, 13, 18]
[2, 4, 5, 19]
[3, 5, 6, 7, 10]
[1, 3, 8, 15, 16]
[1, 4, 7, 8, 26]
[1, 2, 7, 9]
[1, 5, 6, 15, 18]
[3, 4, 5, 17, 26]
[2, 4, 6, 10, 21]
[3, 4, 6, 8]
[1, 4, 6, 28]
[2, 3, 5, 23]
[16, 17, 18, 19, 20, 21, 22, 23, 24, 25, 26, 27, 28]


6
process id 4
stats
5, 15, 7, 100, 1000
20220816-225121
loosing coalitions taken
[1, 5, 6, 16, 19]
[1, 3, 8, 9, 20]
[1, 2, 7, 12, 25]
[3, 4, 6, 13, 19]
[1, 2, 8, 14, 19]
[1, 2, 9, 10, 11]
[1, 3, 7, 13, 18]
[1, 4, 7, 10, 16]
[1, 4, 8, 11, 12]
[2, 4, 5, 20]
[2, 3, 6, 12]
[3, 4, 5, 15]
[2, 3, 5, 25]
[1, 4, 6, 27]
[16, 17, 18, 19, 20, 21, 22, 23, 24, 25, 26, 27, 28]


5
process id 1
stats
5, 15, 7, 100, 1000
20220816-225122
loosing coalitions taken
[1, 3, 8, 15, 16]
[1, 5, 6, 13, 24]
[1, 3, 7, 12, 22]
[1, 2, 9, 11, 14]
[2, 4, 5, 20]
[1, 4, 7, 8, 27]
[1, 2, 7, 15, 21]
[2, 3, 6, 14]
[3, 4, 5, 16]
[2, 3, 5, 22]
[2, 4, 6, 13, 22]
[1, 2, 8, 10, 20]
[3, 4, 6, 8]
[1, 4, 6, 28]
[16, 17, 18, 19, 20, 21, 22, 23, 24, 25, 26, 27, 28]


6
process id 2
stats
5, 15, 7, 100, 1000
20220816-225122
loosing coalitions taken
[2, 4, 6, 16, 17]
[1, 4, 8, 10, 14]
[1, 2, 7, 10, 26]
[1, 2, 8, 15, 16]
[1, 2, 9, 11, 13]
[2, 3, 6, 12]
[1, 4, 7, 9, 18]
[1, 5, 6, 15, 18]
[2, 4, 5, 19]
[1, 3, 7, 13, 21]
[2, 3, 5, 23, 25]
[1, 3, 8, 12, 17]
[1, 4, 6, 28]
[3, 4, 5, 15, 28]
[16, 17, 18, 19, 20, 21, 22, 23, 24, 25, 26, 27, 28]


5
process id 5
stats
5, 15, 7, 100, 1000
20220816-225123
loosing coalitions taken
[2, 4, 5, 19]
[1, 5, 6, 9, 24]
[1, 2, 9, 11, 14]
[1, 2, 7, 12, 22]
[1, 4, 7, 8]
[2, 3, 6, 11, 27]
[3, 4, 6, 9, 21]
[1, 3, 8, 12, 17]
[1, 2, 8, 13, 20]
[2, 3, 5, 24]
[1, 4, 6, 27]
[3, 4, 5, 15]
[1, 3, 7, 14, 19]
[2, 4, 6, 16, 18]
[16, 17, 18, 19, 20, 21, 22, 23, 24, 25, 26, 27, 28]


5
process id 7
stats
5, 15, 7, 100, 1000
20220816-225123
loosing coalitions taken
[1, 2, 9, 10, 14]
[1, 2, 8, 12, 20]
[3, 4, 5, 21, 24]
[1, 2, 7, 11, 25]
[1, 3, 8, 9, 18]
[1, 4, 7, 8]
[1, 5, 6, 13, 23]
[2, 4, 5, 17]
[1, 4, 6, 28]
[2, 3, 6, 14]
[2, 3, 5, 22]
[2, 4, 6, 9, 25]
[1, 3, 7, 14, 22]
[3, 4, 6, 13, 20]
[16, 17, 18, 19, 20, 21, 22, 23, 24, 25, 26, 27, 28]


6
process id 6
stats
5, 15, 7, 100, 1000
20220816-225124
loosing coalitions taken
[3, 4, 5, 16]
[1, 2, 7, 11, 26]
[1, 3, 8, 10, 19]
[1, 2, 8, 15, 16]
[1, 3, 7, 12, 20]
[1, 2, 9, 10, 13]
[1, 5, 6, 11, 23]
[2, 3, 6, 9, 28]
[3, 4, 6, 8]
[1, 4, 6, 27]
[1, 4, 8, 12, 13]
[2, 4, 5, 17]
[2, 3, 5, 22]
[2, 4, 6, 10, 22]
[16, 17, 18, 19, 20, 21, 22, 23, 24, 25, 26, 27, 28]


6
process id 4
stats
5, 15, 7, 100, 1000
20220816-225124
loosing coalitions taken
[1, 2, 9, 11, 14]
[1, 5, 6, 15, 21]
[2, 3, 5, 24]
[2, 4, 6, 12, 22]
[1, 2, 7, 12, 26]
[1, 4, 7, 8]
[2, 4, 5, 21, 26]
[2, 3, 6, 11]
[3, 4, 6, 14, 18]
[1, 3, 8, 11, 17]
[1, 3, 7, 9, 23]
[1, 4, 6, 27]
[3, 4, 5, 16]
[1, 2, 8, 15, 16]
[16, 17, 18, 19, 20, 21, 22, 23, 24, 25, 26, 27, 28]


6
process id 6
stats
5, 15, 7, 100, 1000
20220816-225127
loosing coalitions taken
[2, 3, 6, 12]
[1, 3, 8, 11, 17]
[1, 2, 10, 11, 14]
[1, 3, 7, 10, 22]
[1, 2, 8, 15, 16]
[1, 2, 7, 9]
[1, 5, 6, 10, 23]
[3, 4, 5, 20, 22]
[2, 3, 5, 23]
[2, 4, 5, 17]
[1, 4, 7, 8]
[1, 4, 6, 27]
[2, 4, 6, 9, 21]
[3, 4, 6, 8]
[16, 17, 18, 19, 20, 21, 22, 23, 24, 25, 26, 27, 28]


5
process id 1
stats
5, 15, 7, 100, 1000
20220816-225127
loosing coalitions taken
[1, 2, 7, 17, 19]
[1, 2, 10, 12, 13]
[3, 4, 5, 17, 26]
[1, 2, 8, 14, 20]
[1, 5, 6, 12, 23]
[2, 4, 6, 11, 24]
[3, 4, 6, 13, 21]
[2, 4, 5, 20]
[2, 3, 5, 23]
[1, 4, 6, 27]
[2, 3, 6, 9]
[1, 4, 7, 13, 16]
[1, 3, 9, 10, 11]
[2, 5, 6, 7, 14]
[16, 17, 18, 19, 20, 21, 22, 23, 24, 25, 26, 27, 28]


6
process id 3
stats
5, 15, 7, 100, 1000
20220816-225128
loosing coalitions taken
[1, 3, 8, 11, 19]
[1, 4, 7, 8, 28]
[2, 3, 6, 13]
[1, 2, 7, 17, 19]
[1, 2, 10, 11, 14]
[1, 3, 7, 14, 22]
[1, 5, 6, 10, 24]
[1, 2, 8, 9, 22]
[2, 4, 5, 18]
[2, 4, 6, 14, 19]
[3, 4, 6, 8]
[2, 3, 5, 26, 27]
[3, 4, 5, 15]
[1, 4, 6, 27]
[16, 17, 18, 19, 20, 21, 22, 23, 24, 25, 26, 27, 28]


5
process id 5
stats
5, 15, 7, 100, 1000
20220816-225128
loosing coalitions taken
[1, 2, 7, 9]
[2, 4, 5, 19]
[1, 5, 6, 10, 25]
[1, 3, 8, 14, 16]
[2, 3, 6, 9]
[3, 4, 6, 10, 19]
[1, 4, 6, 28]
[2, 4, 6, 13, 22]
[3, 4, 5, 15]
[1, 4, 8, 12, 13]
[1, 2, 8, 10, 20]
[1, 3, 7, 13, 19]
[2, 3, 5, 22]
[1, 4, 7, 11, 17]
[16, 17, 18, 19, 20, 21, 22, 23, 24, 25, 26, 27, 28]


6
process id 4
stats
5, 15, 7, 100, 1000
20220816-225128
loosing coalitions taken
[1, 4, 7, 8]
[1, 2, 10, 12, 13]
[2, 3, 6, 13, 28]
[1, 5, 6, 11, 24]
[3, 4, 5, 16]
[1, 3, 7, 10, 23]
[2, 4, 5, 19]
[1, 2, 7, 9]
[2, 3, 5, 22]
[2, 4, 6, 14, 18]
[1, 2, 8, 11, 17]
[3, 4, 6, 12, 19]
[1, 4, 6, 28]
[1, 3, 8, 9, 20]
[16, 17, 18, 19, 20, 21, 22, 23, 24, 25, 26, 27, 28]


6
process id 0
stats
5, 15, 7, 100, 1000
20220816-225128
loosing coalitions taken
[2, 4, 5, 21, 23]
[1, 2, 8, 10, 17]
[1, 5, 6, 11, 22]
[2, 4, 6, 10, 22]
[3, 4, 6, 12, 21]
[1, 3, 8, 15, 16]
[1, 3, 7, 12, 20]
[2, 3, 6, 9]
[1, 2, 7, 16, 21]
[1, 4, 8, 9, 14]
[2, 3, 5, 25, 28]
[1, 4, 6, 28]
[3, 4, 5, 15]
[1, 4, 7, 11, 17]
[16, 17, 18, 19, 20, 21, 22, 23, 24, 25, 26, 27, 28]


5
process id 7
stats
5, 15, 7, 100, 1000
20220816-225129
loosing coalitions taken
[1, 5, 6, 9, 24]
[2, 3, 7, 8, 10]
[1, 2, 9, 10, 14]
[1, 4, 7, 13, 15]
[2, 3, 6, 12]
[1, 3, 7, 14, 21]
[1, 3, 8, 9, 16]
[2, 4, 5, 19]
[2, 3, 5, 24]
[3, 4, 6, 8]
[1, 4, 6, 28]
[2, 4, 6, 13, 22]
[3, 4, 5, 15]
[1, 4, 8, 11, 12]
[16, 17, 18, 19, 20, 21, 22, 23, 24, 25, 26, 27, 28]


6
process id 5
stats
5, 15, 7, 100, 1000
20220816-225129
loosing coalitions taken
[1, 5, 6, 10, 23]
[2, 4, 5, 17]
[1, 4, 8, 10, 12]
[1, 3, 8, 11, 18]
[1, 2, 7, 13, 25]
[1, 3, 7, 15, 17]
[1, 2, 8, 15, 16]
[2, 3, 6, 9]
[3, 4, 6, 14, 16]
[2, 3, 5, 24]
[3, 4, 5, 15]
[2, 4, 6, 11, 20]
[1, 4, 6, 27]
[1, 2, 9, 11, 12]
[16, 17, 18, 19, 20, 21, 22, 23, 24, 25, 26, 27, 28]


6
process id 6
stats
5, 15, 7, 100, 1000
20220816-225130
loosing coalitions taken
[1, 5, 6, 11, 25]
[1, 2, 9, 12, 13]
[2, 4, 6, 15, 18]
[1, 3, 7, 14, 21]
[1, 2, 8, 14, 20]
[1, 3, 8, 13, 16]
[1, 2, 7, 15, 22]
[2, 4, 5, 20, 26]
[1, 4, 8, 11, 12]
[1, 4, 7, 9, 19]
[2, 3, 6, 13, 25]
[3, 4, 6, 14, 20]
[2, 3, 5, 22]
[1, 4, 6, 28]
[16, 17, 18, 19, 20, 21, 22, 23, 24, 25, 26, 27, 28]


6
process id 1
stats
5, 15, 7, 100, 1000
20220816-225132
loosing coalitions taken
[1, 4, 7, 12, 16]
[1, 3, 7, 15, 19]
[3, 4, 5, 16]
[2, 4, 6, 13, 21]
[2, 3, 6, 14]
[1, 5, 6, 10, 23]
[1, 2, 7, 13, 25]
[1, 2, 8, 12, 17]
[2, 4, 5, 19, 28]
[3, 4, 6, 8]
[1, 3, 8, 11, 16]
[2, 3, 5, 24]
[1, 4, 6, 27]
[1, 2, 9, 10, 11]
[16, 17, 18, 19, 20, 21, 22, 23, 24, 25, 26, 27, 28]


5
process id 7
stats
5, 15, 7, 100, 1000
20220816-225132
loosing coalitions taken
[1, 5, 6, 12, 22]
[2, 3, 6, 12]
[1, 3, 8, 10, 18]
[3, 4, 5, 21, 24]
[1, 2, 9, 11, 14]
[1, 4, 7, 8]
[3, 4, 6, 14, 16]
[1, 4, 6, 27]
[2, 4, 5, 20]
[2, 3, 5, 25]
[1, 3, 7, 14, 21]
[2, 4, 6, 13, 22]
[1, 2, 7, 10, 23]
[1, 2, 8, 13, 19]
[16, 17, 18, 19, 20, 21, 22, 23, 24, 25, 26, 27, 28]


5
process id 0
stats
5, 15, 7, 100, 1000
20220816-225132
loosing coalitions taken
[1, 5, 6, 13, 23]
[1, 2, 10, 11, 13]
[2, 4, 5, 17]
[1, 4, 7, 8]
[2, 3, 6, 12, 28]
[1, 2, 8, 12, 20]
[2, 3, 5, 24]
[1, 3, 7, 11, 21]
[1, 4, 6, 28]
[3, 4, 6, 8]
[3, 4, 5, 15]
[2, 4, 6, 9, 21]
[1, 2, 7, 9]
[1, 3, 8, 15, 16]
[16, 17, 18, 19, 20, 21, 22, 23, 24, 25, 26, 27, 28]


6
process id 3
stats
5, 15, 7, 100, 1000
20220816-225132
loosing coalitions taken
[1, 4, 7, 8]
[2, 4, 6, 16, 18]
[1, 5, 6, 13, 23]
[3, 4, 5, 17, 27]
[2, 4, 5, 20]
[1, 2, 9, 11, 14]
[2, 3, 6, 12]
[1, 3, 7, 12, 21]
[2, 3, 5, 23]
[3, 4, 6, 10, 20]
[1, 2, 8, 12, 18]
[1, 4, 6, 27]
[1, 2, 7, 10, 26]
[1, 3, 8, 10, 17]
[16, 17, 18, 19, 20, 21, 22, 23, 24, 25, 26, 27, 28]


6
process id 2
stats
5, 15, 7, 100, 1000
20220816-225132
loosing coalitions taken
[1, 3, 8, 13, 16]
[3, 4, 6, 14, 20]
[1, 2, 9, 11, 14]
[1, 2, 8, 15, 17]
[1, 3, 7, 14, 19]
[2, 4, 5, 20]
[1, 2, 7, 10, 24]
[2, 3, 6, 10]
[2, 3, 5, 24]
[3, 4, 5, 15]
[1, 5, 6, 11, 25]
[1, 4, 6, 27]
[1, 4, 7, 8]
[2, 4, 6, 9, 23]
[16, 17, 18, 19, 20, 21, 22, 23, 24, 25, 26, 27, 28]


5
process id 6
stats
5, 15, 7, 100, 1000
20220816-225133
loosing coalitions taken
[1, 4, 7, 10, 17]
[1, 3, 7, 16, 18]
[1, 2, 8, 10, 18]
[3, 4, 5, 18, 22]
[1, 3, 8, 11, 17]
[1, 2, 7, 12, 22]
[2, 4, 5, 17]
[1, 5, 6, 12, 24]
[2, 3, 6, 12]
[1, 4, 8, 9, 13]
[1, 4, 6, 28]
[3, 4, 6, 9, 20]
[2, 3, 5, 23, 25]
[1, 2, 9, 11, 14]
[16, 17, 18, 19, 20, 21, 22, 23, 24, 25, 26, 27, 28]


6
process id 0
stats
5, 15, 7, 100, 1000
20220816-225134
loosing coalitions taken
[3, 4, 6, 9, 22]
[2, 3, 6, 12]
[1, 4, 7, 12, 16]
[1, 5, 6, 16, 20]
[2, 4, 5, 22, 23]
[1, 2, 7, 13, 22]
[1, 2, 8, 11, 21]
[1, 3, 8, 14, 15]
[3, 4, 5, 19, 25]
[1, 2, 9, 10, 14]
[2, 3, 5, 24]
[2, 4, 6, 15, 19]
[1, 4, 6, 27]
[2, 3, 7, 8, 10]
[16, 17, 18, 19, 20, 21, 22, 23, 24, 25, 26, 27, 28]


6
process id 7
stats
5, 15, 7, 100, 1000
20220816-225134
loosing coalitions taken
[2, 4, 5, 17]
[1, 2, 9, 11, 12]
[1, 2, 7, 15, 22]
[1, 2, 8, 14, 20]
[1, 3, 8, 12, 16]
[1, 3, 7, 13, 20]
[1, 5, 6, 15, 21]
[2, 3, 6, 13]
[2, 4, 6, 9, 23]
[2, 3, 5, 25]
[1, 4, 6, 28]
[1, 4, 8, 11, 13]
[3, 4, 5, 19, 22]
[3, 4, 6, 8]
[16, 17, 18, 19, 20, 21, 22, 23, 24, 25, 26, 27, 28]


6
process id 4
stats
5, 15, 7, 100, 1000
20220816-225135
loosing coalitions taken
[2, 4, 5, 20]
[1, 2, 10, 12, 14]
[1, 3, 7, 12, 21]
[1, 2, 7, 17, 19]
[1, 5, 6, 11, 22]
[1, 4, 7, 8, 28]
[1, 3, 8, 14, 16]
[3, 4, 6, 9, 21]
[2, 3, 6, 12]
[3, 4, 5, 15]
[2, 3, 5, 23]
[2, 4, 6, 10, 23]
[1, 4, 6, 27]
[1, 2, 9, 11, 13]
[16, 17, 18, 19, 20, 21, 22, 23, 24, 25, 26, 27, 28]


6
process id 6
stats
5, 15, 7, 100, 1000
20220816-225135
loosing coalitions taken
[1, 3, 8, 11, 18]
[2, 3, 6, 11]
[1, 3, 7, 12, 20]
[1, 4, 8, 10, 14]
[1, 4, 7, 9, 19]
[3, 4, 5, 15]
[1, 5, 6, 16, 20]
[1, 2, 8, 15, 17]
[1, 2, 9, 12, 13]
[2, 4, 5, 20]
[1, 2, 7, 11, 27]
[2, 3, 5, 25]
[3, 4, 6, 10, 21]
[2, 4, 6, 14, 17]
[16, 17, 18, 19, 20, 21, 22, 23, 24, 25, 26, 27, 28]


6
process id 5
stats
5, 15, 7, 100, 1000
20220816-225135
loosing coalitions taken
[1, 2, 8, 14, 19]
[1, 3, 7, 15, 19]
[1, 2, 7, 9]
[1, 3, 8, 12, 16]
[3, 4, 5, 15]
[2, 3, 6, 12]
[2, 4, 6, 16, 19]
[1, 4, 7, 8, 25]
[1, 4, 6, 28]
[3, 4, 6, 10, 21]
[2, 3, 5, 25]
[2, 4, 5, 20]
[1, 5, 6, 14, 20]
[1, 3, 9, 10, 11]
[16, 17, 18, 19, 20, 21, 22, 23, 24, 25, 26, 27, 28]


5
process id 4
stats
5, 15, 7, 100, 1000
20220816-225136
loosing coalitions taken
[1, 5, 6, 16, 20]
[1, 3, 8, 10, 19]
[1, 4, 8, 9, 14]
[1, 2, 8, 12, 17]
[3, 4, 5, 16]
[1, 3, 7, 14, 18]
[1, 2, 7, 9]
[2, 3, 6, 10]
[2, 4, 6, 14, 20]
[2, 4, 5, 21, 25]
[2, 3, 5, 22]
[1, 2, 10, 11, 13]
[3, 4, 6, 13, 21]
[1, 4, 6, 28]
[16, 17, 18, 19, 20, 21, 22, 23, 24, 25, 26, 27, 28]


6
process id 0
stats
5, 15, 7, 100, 1000
20220816-225136
loosing coalitions taken
[3, 4, 6, 14, 19]
[1, 3, 8, 11, 16]
[2, 4, 5, 19]
[1, 4, 7, 10, 17]
[2, 3, 6, 15, 24]
[1, 2, 8, 15, 17]
[1, 2, 10, 11, 14]
[1, 2, 7, 16, 18]
[1, 5, 6, 10, 24]
[2, 4, 6, 9, 22]
[3, 4, 5, 16]
[1, 4, 6, 28]
[2, 3, 5, 23]
[1, 3, 7, 15, 21]
[16, 17, 18, 19, 20, 21, 22, 23, 24, 25, 26, 27, 28]


5
process id 5
stats
5, 15, 7, 100, 1000
20220816-225136
loosing coalitions taken
[1, 2, 7, 12, 23]
[1, 3, 7, 14, 22]
[1, 3, 8, 10, 18]
[1, 2, 8, 14, 16]
[1, 4, 7, 10, 17]
[1, 2, 9, 10, 11]
[2, 3, 6, 12]
[1, 5, 6, 14, 21]
[3, 4, 5, 15]
[2, 4, 5, 18]
[2, 3, 5, 23]
[2, 4, 6, 13, 21]
[1, 4, 6, 28]
[1, 4, 8, 11, 12]
[16, 17, 18, 19, 20, 21, 22, 23, 24, 25, 26, 27, 28]


6
process id 6
stats
5, 15, 7, 100, 1000
20220816-225136
loosing coalitions taken
[2, 4, 6, 15, 19]
[1, 5, 6, 11, 22]
[1, 4, 8, 10, 13]
[2, 3, 6, 12]
[1, 2, 7, 11, 26]
[3, 4, 5, 21, 24]
[1, 3, 8, 14, 16]
[1, 3, 9, 10, 11]
[2, 4, 5, 16]
[1, 3, 7, 13, 20]
[1, 2, 8, 9, 19]
[3, 4, 6, 8]
[1, 4, 6, 28]
[2, 3, 5, 23]
[16, 17, 18, 19, 20, 21, 22, 23, 24, 25, 26, 27, 28]


6
process id 7
stats
5, 15, 7, 100, 1000
20220816-225138
loosing coalitions taken
[1, 2, 8, 10, 20]
[2, 3, 6, 12]
[1, 3, 7, 16, 17]
[1, 5, 6, 11, 23]
[1, 4, 7, 14, 15]
[2, 4, 5, 18]
[3, 4, 5, 15]
[2, 3, 5, 24, 26]
[1, 4, 8, 12, 13]
[2, 4, 6, 14, 21]
[3, 4, 6, 10, 20]
[1, 4, 6, 28]
[1, 2, 7, 12, 23]
[1, 3, 9, 10, 11]
[16, 17, 18, 19, 20, 21, 22, 23, 24, 25, 26, 27, 28]


