Results
15
0.64
0.639

6
process id 1
stats
5, 15, 7, 100, 1000
20220818-101246
loosing coalitions taken
[1, 5, 6, 16, 18]
[1, 3, 9, 10, 11]
[1, 4, 6, 26]
[2, 3, 6, 13]
[1, 3, 8, 14, 15]
[3, 4, 5, 15]
[2, 3, 5, 22]
[1, 4, 7, 12, 14]
[3, 4, 6, 8]
[2, 4, 5, 17]
[1, 2, 7, 11, 21]
[2, 4, 6, 12, 22]
[1, 2, 9, 12, 13]
[1, 3, 7, 13, 16]
[16, 17, 18, 19, 20, 21, 22, 23, 24, 25, 26, 27, 28]


5
process id 3
stats
5, 15, 7, 100, 1000
20220818-101246
loosing coalitions taken
[1, 5, 6, 12, 22]
[2, 3, 6, 12]
[1, 2, 8, 9, 17]
[1, 4, 7, 8]
[1, 3, 9, 10, 11]
[3, 4, 5, 16]
[2, 3, 5, 20]
[2, 4, 5, 19]
[1, 4, 6, 23, 27]
[1, 3, 8, 12, 15]
[2, 4, 6, 8]
[1, 2, 10, 12, 14]
[1, 2, 7, 16, 20]
[3, 4, 6, 10, 18]
[16, 17, 18, 19, 20, 21, 22, 23, 24, 25, 26, 27, 28]


5
process id 6
stats
5, 15, 7, 100, 1000
20220818-101248
loosing coalitions taken
[1, 4, 7, 10, 19]
[1, 5, 6, 9, 26]
[3, 4, 6, 13, 18]
[2, 4, 5, 20, 25]
[1, 2, 8, 11, 17]
[3, 4, 5, 15]
[1, 2, 7, 9]
[1, 3, 8, 13, 16]
[1, 4, 6, 25, 27]
[2, 3, 6, 16, 22]
[2, 3, 5, 24]
[1, 4, 8, 9, 15]
[2, 4, 6, 8]
[1, 3, 7, 12, 20]
[16, 17, 18, 19, 20, 21, 22, 23, 24, 25, 26, 27, 28]


6
process id 7
stats
5, 15, 7, 100, 1000
20220818-101249
loosing coalitions taken
[1, 5, 6, 12, 22]
[1, 3, 7, 15, 21]
[1, 2, 7, 9]
[2, 3, 6, 11]
[1, 3, 8, 14, 16]
[3, 4, 6, 13, 19]
[1, 2, 10, 11, 12]
[2, 3, 5, 23, 28]
[1, 4, 8, 9, 12]
[3, 4, 5, 15]
[2, 4, 6, 9, 25]
[1, 4, 6, 26]
[2, 3, 7, 8, 10]
[2, 4, 5, 13]
[16, 17, 18, 19, 20, 21, 22, 23, 24, 25, 26, 27, 28]


6
process id 3
stats
5, 15, 7, 100, 1000
20220818-101252
loosing coalitions taken
[1, 3, 7, 11, 20]
[2, 3, 6, 10]
[1, 2, 7, 15, 22]
[1, 2, 8, 14, 16]
[1, 5, 6, 12, 24]
[2, 4, 5, 17, 27]
[3, 4, 6, 15, 17]
[3, 4, 5, 10]
[2, 3, 5, 20]
[1, 3, 8, 12, 17]
[2, 4, 6, 8]
[1, 4, 8, 10, 13]
[1, 4, 6, 27]
[1, 2, 9, 11, 13]
[16, 17, 18, 19, 20, 21, 22, 23, 24, 25, 26, 27, 28]


6
process id 6
stats
5, 15, 7, 100, 1000
20220818-101252
loosing coalitions taken
[2, 3, 6, 11]
[1, 2, 7, 13, 24]
[1, 3, 8, 13, 16]
[1, 5, 6, 16, 17]
[1, 4, 6, 26]
[1, 2, 8, 9, 18]
[1, 3, 7, 15, 18]
[2, 3, 5, 23]
[2, 4, 6, 15, 20]
[3, 4, 6, 12, 21]
[2, 4, 5, 13]
[3, 4, 5, 9]
[1, 4, 7, 12, 16]
[1, 2, 10, 11, 12]
[16, 17, 18, 19, 20, 21, 22, 23, 24, 25, 26, 27, 28]


6
process id 7
stats
5, 15, 7, 100, 1000
20220818-101252
loosing coalitions taken
[1, 3, 7, 9, 23]
[3, 4, 6, 11, 18]
[2, 4, 6, 14, 22]
[1, 4, 8, 10, 15]
[1, 5, 6, 13, 20]
[1, 2, 9, 12, 14]
[1, 4, 6, 28]
[2, 3, 6, 15, 26]
[1, 2, 7, 16, 20]
[2, 4, 5, 19, 27]
[2, 3, 5, 25, 28]
[3, 4, 5, 9]
[1, 3, 8, 12, 17]
[1, 2, 8, 11, 21]
[16, 17, 18, 19, 20, 21, 22, 23, 24, 25, 26, 27, 28]


6
process id 4
stats
5, 15, 7, 100, 1000
20220818-101252
loosing coalitions taken
[1, 3, 7, 15, 20]
[3, 4, 5, 15]
[1, 4, 7, 10, 16]
[2, 3, 6, 14]
[1, 2, 8, 15, 16]
[1, 5, 6, 16, 20]
[1, 2, 7, 9]
[1, 3, 8, 11, 18]
[2, 4, 5, 19, 28]
[1, 4, 6, 22]
[2, 3, 5, 17]
[2, 4, 6, 8]
[1, 2, 10, 11, 14]
[3, 4, 6, 10, 19]
[16, 17, 18, 19, 20, 21, 22, 23, 24, 25, 26, 27, 28]


5
process id 2
stats
5, 15, 7, 100, 1000
20220818-101253
loosing coalitions taken
[1, 4, 8, 11, 13]
[2, 4, 5, 18]
[1, 3, 7, 11, 23]
[1, 2, 7, 13, 25]
[1, 2, 8, 12, 17]
[1, 4, 6, 28]
[2, 3, 5, 25]
[1, 3, 8, 10, 16]
[2, 4, 6, 9, 21]
[2, 3, 6, 12]
[3, 4, 5, 11]
[3, 4, 6, 8, 24]
[1, 5, 6, 10, 26]
[1, 4, 7, 12, 15]
[16, 17, 18, 19, 20, 21, 22, 23, 24, 25, 26, 27, 28]


6
process id 3
stats
5, 15, 7, 100, 1000
20220818-101253
loosing coalitions taken
[1, 2, 8, 13, 19]
[1, 3, 8, 14, 16]
[3, 4, 5, 19, 25]
[1, 5, 6, 14, 22]
[2, 4, 5, 18]
[1, 2, 7, 9]
[2, 3, 5, 24]
[3, 4, 6, 12, 21]
[2, 4, 6, 15, 19]
[1, 4, 6, 28]
[1, 4, 7, 8]
[1, 3, 7, 15, 20]
[1, 2, 10, 11, 12]
[2, 3, 6, 16, 17]
[16, 17, 18, 19, 20, 21, 22, 23, 24, 25, 26, 27, 28]


6
process id 5
stats
5, 15, 7, 100, 1000
20220818-101255
loosing coalitions taken
[1, 4, 7, 10, 18]
[1, 3, 7, 15, 17]
[1, 2, 10, 11, 14]
[1, 2, 7, 9, 28]
[3, 4, 5, 21, 24]
[2, 4, 5, 18]
[1, 5, 6, 12, 23]
[1, 2, 8, 12, 16]
[1, 4, 6, 28]
[3, 4, 6, 12, 19]
[2, 3, 5, 22, 28]
[2, 4, 6, 8]
[1, 4, 8, 9, 14]
[2, 3, 6, 11]
[16, 17, 18, 19, 20, 21, 22, 23, 24, 25, 26, 27, 28]


5
process id 7
stats
5, 15, 7, 100, 1000
20220818-101257
loosing coalitions taken
[1, 4, 8, 9, 14]
[1, 3, 7, 14, 22]
[2, 3, 6, 13]
[1, 2, 8, 12, 16]
[2, 4, 5, 22, 23]
[1, 2, 7, 9]
[3, 4, 5, 11]
[1, 5, 6, 9, 23]
[2, 3, 5, 19]
[3, 4, 6, 8]
[1, 4, 7, 13, 16]
[1, 4, 6, 28]
[2, 4, 6, 15, 17]
[1, 3, 8, 10, 13]
[16, 17, 18, 19, 20, 21, 22, 23, 24, 25, 26, 27, 28]


6
process id 5
stats
5, 15, 7, 100, 1000
20220818-101258
loosing coalitions taken
[2, 3, 5, 22]
[1, 3, 8, 11, 18]
[1, 4, 7, 9, 17]
[1, 2, 8, 12, 20]
[1, 2, 7, 16, 21]
[1, 5, 6, 12, 23]
[3, 4, 5, 12]
[1, 4, 6, 25]
[2, 4, 6, 15, 21]
[2, 3, 6, 10]
[3, 4, 6, 13, 16]
[2, 4, 5, 16]
[1, 2, 9, 11, 13]
[1, 4, 8, 13, 14]
[16, 17, 18, 19, 20, 21, 22, 23, 24, 25, 26, 27, 28]


6
process id 4
stats
5, 15, 7, 100, 1000
20220818-101259
loosing coalitions taken
[3, 4, 5, 17, 26]
[1, 4, 8, 10, 15]
[1, 2, 7, 9]
[1, 5, 6, 11, 24]
[2, 4, 5, 15]
[2, 3, 6, 13]
[1, 4, 6, 23]
[1, 3, 7, 12, 19]
[2, 3, 5, 25]
[3, 4, 6, 8]
[2, 4, 6, 12, 22]
[1, 3, 8, 9, 18]
[2, 5, 6, 7, 14]
[1, 2, 8, 14, 19]
[16, 17, 18, 19, 20, 21, 22, 23, 24, 25, 26, 27, 28]


6
process id 3
stats
5, 15, 7, 100, 1000
20220818-101259
loosing coalitions taken
[2, 4, 5, 19]
[1, 4, 7, 10, 16]
[2, 3, 6, 14, 23]
[1, 3, 7, 14, 21]
[1, 2, 7, 12, 22]
[1, 2, 8, 9, 21]
[1, 4, 8, 11, 12]
[2, 3, 5, 25]
[2, 4, 6, 8]
[3, 4, 5, 10]
[1, 4, 6, 24]
[1, 5, 6, 16, 20]
[1, 3, 8, 13, 16]
[3, 4, 6, 13, 19]
[16, 17, 18, 19, 20, 21, 22, 23, 24, 25, 26, 27, 28]


6
process id 1
stats
5, 15, 7, 100, 1000
20220818-101300
loosing coalitions taken
[1, 2, 8, 12, 20]
[1, 3, 8, 11, 18]
[1, 2, 7, 14, 22]
[2, 4, 5, 20, 26]
[2, 3, 7, 8, 9]
[1, 5, 6, 12, 22]
[2, 4, 6, 16, 17]
[3, 4, 6, 10, 20]
[2, 3, 6, 14]
[1, 4, 6, 23, 28]
[3, 4, 5, 15]
[1, 4, 7, 11, 16]
[1, 3, 7, 10, 23]
[1, 4, 8, 9, 10]
[16, 17, 18, 19, 20, 21, 22, 23, 24, 25, 26, 27, 28]


6
process id 7
stats
5, 15, 7, 100, 1000
20220818-101301
loosing coalitions taken
[1, 2, 8, 15, 17]
[1, 3, 8, 9, 16]
[1, 4, 7, 10, 17]
[1, 2, 7, 12, 23]
[1, 3, 7, 15, 18]
[2, 4, 5, 18]
[1, 5, 6, 15, 20]
[3, 4, 6, 9, 21]
[1, 4, 6, 25]
[2, 3, 5, 21]
[2, 4, 6, 11, 17]
[1, 2, 9, 10, 13]
[3, 4, 5, 14]
[2, 3, 6, 13]
[16, 17, 18, 19, 20, 21, 22, 23, 24, 25, 26, 27, 28]


6
process id 2
stats
5, 15, 7, 100, 1000
20220818-101301
loosing coalitions taken
[1, 2, 8, 14, 19]
[1, 2, 7, 9]
[2, 4, 5, 20]
[3, 4, 6, 13, 21]
[2, 3, 6, 10, 26]
[1, 5, 6, 16, 20]
[1, 4, 6, 23, 27]
[1, 3, 7, 13, 22]
[2, 3, 5, 22]
[1, 4, 8, 9, 13]
[3, 4, 5, 11]
[2, 4, 6, 15, 17]
[1, 4, 7, 10, 19]
[1, 3, 8, 10, 17]
[16, 17, 18, 19, 20, 21, 22, 23, 24, 25, 26, 27, 28]


5
process id 5
stats
5, 15, 7, 100, 1000
20220818-101303
loosing coalitions taken
[1, 4, 7, 10, 18]
[1, 5, 6, 13, 24]
[1, 2, 7, 12, 24]
[1, 3, 8, 9, 20]
[2, 3, 6, 10]
[1, 2, 8, 13, 16]
[1, 3, 7, 14, 19]
[2, 4, 5, 20, 22]
[1, 4, 6, 25]
[3, 4, 5, 13]
[3, 4, 6, 8]
[2, 3, 5, 23, 25]
[2, 4, 6, 14, 21]
[1, 2, 10, 11, 14]
[16, 17, 18, 19, 20, 21, 22, 23, 24, 25, 26, 27, 28]


6
process id 7
stats
5, 15, 7, 100, 1000
20220818-101304
loosing coalitions taken
[1, 3, 8, 10, 19]
[2, 3, 6, 12]
[1, 2, 10, 11, 13]
[1, 2, 7, 9]
[1, 5, 6, 12, 17]
[2, 4, 6, 13, 17]
[2, 4, 5, 18]
[3, 4, 5, 15, 27]
[2, 3, 5, 25]
[3, 4, 6, 14, 19]
[1, 4, 7, 8]
[1, 4, 6, 25]
[1, 3, 7, 11, 17]
[1, 2, 8, 12, 20]
[16, 17, 18, 19, 20, 21, 22, 23, 24, 25, 26, 27, 28]


6
process id 4
stats
5, 15, 7, 100, 1000
20220818-101305
loosing coalitions taken
[1, 2, 8, 10, 19]
[1, 3, 8, 11, 17]
[3, 4, 6, 12, 19]
[1, 4, 7, 8]
[2, 3, 6, 9]
[1, 5, 6, 15, 20]
[3, 4, 5, 16]
[1, 4, 6, 23]
[2, 4, 6, 14, 18]
[1, 2, 7, 11, 23]
[2, 4, 5, 19, 24]
[2, 3, 5, 20]
[1, 2, 9, 12, 14]
[1, 3, 7, 13, 21]
[16, 17, 18, 19, 20, 21, 22, 23, 24, 25, 26, 27, 28]


6
process id 2
stats
5, 15, 7, 100, 1000
20220818-101306
loosing coalitions taken
[1, 2, 9, 12, 13]
[1, 5, 6, 13, 22]
[1, 2, 8, 11, 18]
[1, 3, 8, 10, 19]
[2, 4, 5, 20]
[1, 4, 7, 11, 16]
[2, 3, 6, 14]
[1, 3, 7, 9, 23]
[1, 4, 6, 23]
[1, 2, 7, 10, 24]
[3, 4, 6, 8]
[3, 4, 5, 12]
[2, 3, 5, 18]
[2, 4, 6, 12, 17]
[16, 17, 18, 19, 20, 21, 22, 23, 24, 25, 26, 27, 28]


6
process id 1
stats
5, 15, 7, 100, 1000
20220818-101307
loosing coalitions taken
[1, 4, 8, 10, 11]
[1, 2, 7, 15, 22]
[2, 3, 6, 9]
[3, 4, 5, 20, 24]
[2, 4, 5, 16, 28]
[1, 3, 7, 13, 20]
[1, 5, 6, 12, 22]
[1, 4, 6, 28]
[2, 4, 6, 14, 18]
[1, 4, 7, 9, 18]
[3, 4, 6, 8]
[2, 3, 5, 23]
[1, 3, 8, 9, 16]
[1, 2, 8, 13, 19]
[16, 17, 18, 19, 20, 21, 22, 23, 24, 25, 26, 27, 28]


6
process id 0
stats
5, 15, 7, 100, 1000
20220818-101308
loosing coalitions taken
[2, 4, 5, 20, 28]
[1, 4, 7, 10, 19]
[1, 3, 7, 14, 22]
[1, 5, 6, 15, 17]
[1, 2, 7, 9, 26]
[1, 3, 8, 11, 19]
[1, 2, 8, 14, 15]
[3, 4, 5, 16]
[2, 3, 6, 13, 27]
[1, 4, 6, 23]
[3, 4, 6, 14, 17]
[2, 4, 6, 10, 22]
[2, 3, 5, 22]
[2, 5, 6, 8, 9]
[16, 17, 18, 19, 20, 21, 22, 23, 24, 25, 26, 27, 28]


5
process id 4
stats
5, 15, 7, 100, 1000
20220818-101309
loosing coalitions taken
[1, 2, 7, 12, 23]
[1, 2, 8, 14, 19]
[1, 3, 7, 15, 19]
[1, 3, 8, 9, 17]
[2, 3, 6, 15, 24]
[2, 3, 5, 22]
[1, 5, 6, 11, 18]
[3, 4, 6, 12, 21]
[1, 4, 6, 23]
[2, 4, 6, 8]
[1, 4, 7, 8]
[2, 4, 5, 17]
[3, 4, 5, 11]
[1, 2, 9, 11, 13]
[16, 17, 18, 19, 20, 21, 22, 23, 24, 25, 26, 27, 28]


6
process id 6
stats
5, 15, 7, 100, 1000
20220818-101309
loosing coalitions taken
[2, 3, 7, 8, 9]
[1, 2, 9, 10, 14]
[2, 3, 6, 11]
[1, 4, 6, 28]
[2, 4, 5, 19]
[1, 2, 7, 15, 18]
[1, 3, 8, 10, 19]
[2, 3, 5, 24]
[3, 4, 5, 10, 27]
[1, 5, 6, 12, 18]
[2, 4, 6, 8]
[1, 3, 7, 11, 21]
[3, 4, 6, 13, 17]
[1, 4, 7, 12, 13]
[16, 17, 18, 19, 20, 21, 22, 23, 24, 25, 26, 27, 28]


5
process id 2
stats
5, 15, 7, 100, 1000
20220818-101310
loosing coalitions taken
[1, 3, 8, 12, 17]
[1, 2, 7, 16, 19]
[2, 4, 5, 20]
[1, 5, 6, 11, 23]
[1, 4, 7, 8]
[3, 4, 6, 13, 17]
[1, 4, 6, 24]
[3, 4, 5, 12]
[2, 3, 5, 24]
[2, 3, 6, 14]
[2, 4, 6, 11, 18]
[1, 3, 7, 13, 20]
[1, 2, 8, 14, 15]
[1, 2, 9, 10, 12]
[16, 17, 18, 19, 20, 21, 22, 23, 24, 25, 26, 27, 28]


6
process id 4
stats
5, 15, 7, 100, 1000
20220818-101311
loosing coalitions taken
[2, 3, 6, 9]
[1, 4, 6, 26]
[1, 2, 7, 16, 17]
[1, 2, 10, 11, 14]
[1, 3, 7, 13, 22]
[1, 2, 8, 12, 19]
[2, 3, 5, 18]
[3, 4, 5, 13]
[1, 5, 6, 11, 25]
[2, 4, 5, 17]
[3, 4, 6, 14, 20]
[2, 4, 6, 12, 22]
[1, 3, 9, 10, 12]
[1, 4, 7, 12, 15]
[16, 17, 18, 19, 20, 21, 22, 23, 24, 25, 26, 27, 28]


5
process id 1
stats
5, 15, 7, 100, 1000
20220818-101311
loosing coalitions taken
[1, 4, 7, 14, 16]
[2, 3, 6, 13]
[1, 2, 7, 10, 28]
[1, 5, 6, 11, 25]
[1, 2, 9, 12, 14]
[2, 4, 5, 17]
[1, 4, 8, 10, 11]
[2, 3, 5, 24, 25]
[1, 3, 7, 8]
[3, 4, 5, 11]
[1, 4, 6, 28]
[2, 4, 6, 8, 27]
[3, 4, 6, 14, 20]
[1, 2, 8, 13, 19]
[16, 17, 18, 19, 20, 21, 22, 23, 24, 25, 26, 27, 28]


5
process id 2
stats
5, 15, 7, 100, 1000
20220818-101313
loosing coalitions taken
[1, 2, 8, 11, 21]
[2, 4, 5, 17]
[2, 3, 6, 10]
[1, 3, 8, 12, 16]
[2, 4, 6, 8]
[1, 4, 6, 27]
[3, 4, 5, 18, 22]
[2, 3, 5, 25]
[1, 5, 6, 10, 24]
[1, 3, 7, 14, 20]
[1, 4, 7, 9, 19]
[1, 2, 7, 16, 18]
[1, 4, 8, 10, 13]
[3, 4, 6, 14, 15]
[16, 17, 18, 19, 20, 21, 22, 23, 24, 25, 26, 27, 28]


6
process id 1
stats
5, 15, 7, 100, 1000
20220818-101313
loosing coalitions taken
[1, 2, 8, 14, 20]
[1, 5, 6, 11, 25]
[1, 4, 7, 12, 16]
[1, 3, 8, 11, 17]
[1, 3, 7, 10, 23]
[3, 4, 6, 14, 17]
[1, 2, 7, 11, 22]
[1, 2, 9, 10, 13]
[2, 3, 5, 19]
[2, 4, 5, 14]
[3, 4, 5, 15, 26]
[2, 4, 6, 9, 25]
[1, 4, 6, 24]
[2, 3, 6, 11]
[16, 17, 18, 19, 20, 21, 22, 23, 24, 25, 26, 27, 28]


6
process id 3
stats
5, 15, 7, 100, 1000
20220818-101315
loosing coalitions taken
[1, 2, 7, 10, 26]
[1, 3, 9, 10, 11]
[1, 2, 9, 12, 13]
[1, 3, 8, 12, 19]
[2, 4, 5, 17]
[2, 3, 6, 12]
[1, 2, 8, 14, 18]
[1, 4, 7, 8, 27]
[1, 3, 7, 13, 20]
[2, 3, 5, 24]
[3, 4, 6, 8]
[1, 5, 6, 16, 17]
[1, 4, 6, 22]
[3, 4, 5, 14]
[16, 17, 18, 19, 20, 21, 22, 23, 24, 25, 26, 27, 28]


6
process id 5
stats
5, 15, 7, 100, 1000
20220818-101315
loosing coalitions taken
[2, 3, 5, 25]
[1, 3, 8, 11, 18]
[1, 2, 7, 10, 24]
[1, 2, 8, 15, 16]
[3, 4, 6, 12, 17]
[1, 2, 9, 11, 13]
[2, 4, 6, 11, 23]
[1, 5, 6, 14, 20]
[1, 4, 7, 9, 16]
[2, 3, 6, 13]
[3, 4, 5, 14, 28]
[1, 3, 7, 13, 20]
[2, 4, 5, 16, 24]
[1, 4, 6, 27]
[16, 17, 18, 19, 20, 21, 22, 23, 24, 25, 26, 27, 28]


6
process id 0
stats
5, 15, 7, 100, 1000
20220818-101315
loosing coalitions taken
[2, 4, 5, 20]
[1, 2, 8, 12, 19]
[1, 5, 6, 14, 21]
[1, 4, 7, 8, 25]
[2, 3, 6, 13]
[1, 3, 7, 12, 22]
[1, 2, 7, 11, 18]
[1, 3, 9, 10, 11]
[3, 4, 6, 12, 19]
[1, 4, 6, 26]
[3, 4, 5, 10]
[2, 4, 6, 11, 24]
[2, 3, 5, 17]
[1, 3, 8, 14, 15]
[16, 17, 18, 19, 20, 21, 22, 23, 24, 25, 26, 27, 28]


6
process id 6
stats
5, 15, 7, 100, 1000
20220818-101315
loosing coalitions taken
[3, 4, 5, 16, 25]
[2, 4, 5, 19, 26]
[1, 4, 6, 26]
[1, 2, 8, 14, 17]
[1, 3, 7, 10, 19]
[1, 4, 7, 12, 14]
[1, 5, 6, 10, 21]
[1, 2, 7, 9, 24]
[2, 3, 6, 18, 20]
[2, 4, 6, 9, 22]
[1, 4, 8, 10, 11]
[3, 4, 6, 12, 21]
[2, 3, 5, 24]
[1, 3, 8, 9, 13]
[16, 17, 18, 19, 20, 21, 22, 23, 24, 25, 26, 27, 28]


6
process id 7
stats
5, 15, 7, 100, 1000
20220818-101316
loosing coalitions taken
[2, 3, 5, 24, 25]
[2, 3, 6, 11]
[1, 2, 9, 10, 13]
[1, 2, 8, 14, 18]
[1, 5, 6, 14, 21]
[1, 4, 8, 10, 12]
[1, 4, 6, 26]
[1, 3, 8, 13, 16]
[2, 4, 6, 9, 19]
[3, 4, 6, 12, 20]
[3, 4, 5, 16]
[2, 4, 5, 14]
[1, 4, 7, 9, 15]
[1, 3, 7, 12, 17]
[16, 17, 18, 19, 20, 21, 22, 23, 24, 25, 26, 27, 28]


6
process id 0
stats
5, 15, 7, 100, 1000
20220818-101316
loosing coalitions taken
[1, 2, 7, 9]
[2, 4, 5, 17]
[1, 3, 8, 10, 18]
[3, 4, 6, 12, 17]
[2, 3, 5, 22]
[1, 4, 6, 26]
[2, 3, 6, 11]
[1, 5, 6, 9, 25]
[2, 4, 6, 8, 27]
[1, 2, 10, 12, 13]
[1, 4, 7, 8]
[3, 4, 5, 13]
[1, 2, 8, 11, 21]
[1, 3, 7, 12, 19]
[16, 17, 18, 19, 20, 21, 22, 23, 24, 25, 26, 27, 28]


5
process id 1
stats
5, 15, 7, 100, 1000
20220818-101317
loosing coalitions taken
[1, 3, 7, 15, 18]
[2, 3, 5, 25]
[1, 2, 8, 13, 20]
[1, 2, 9, 11, 12]
[1, 2, 7, 10, 27]
[3, 4, 6, 11, 15]
[2, 4, 6, 12, 23]
[1, 5, 6, 8]
[2, 3, 6, 13]
[3, 4, 5, 16]
[2, 4, 5, 20]
[1, 4, 6, 27]
[1, 3, 8, 11, 16]
[2, 3, 7, 8, 9]
[16, 17, 18, 19, 20, 21, 22, 23, 24, 25, 26, 27, 28]


6
process id 6
stats
5, 15, 7, 100, 1000
20220818-101318
loosing coalitions taken
[2, 3, 6, 11]
[1, 2, 7, 13, 25]
[1, 3, 8, 12, 16]
[1, 2, 8, 15, 17]
[1, 5, 6, 12, 24]
[1, 4, 6, 27]
[2, 4, 5, 14]
[3, 4, 5, 20, 24]
[2, 4, 6, 13, 21]
[2, 3, 5, 25]
[3, 4, 6, 8]
[1, 4, 7, 10, 17]
[1, 2, 10, 11, 14]
[1, 3, 7, 11, 19]
[16, 17, 18, 19, 20, 21, 22, 23, 24, 25, 26, 27, 28]


5
process id 4
stats
5, 15, 7, 100, 1000
20220818-101318
loosing coalitions taken
[1, 2, 10, 11, 13]
[1, 5, 6, 16, 17]
[1, 3, 7, 13, 17]
[2, 3, 6, 9]
[1, 2, 8, 12, 21]
[3, 4, 5, 15]
[1, 2, 7, 15, 19]
[2, 4, 5, 16]
[2, 3, 5, 18]
[1, 4, 6, 23]
[3, 4, 6, 8]
[1, 3, 8, 10, 16]
[1, 4, 7, 8]
[2, 4, 6, 10, 18]
[16, 17, 18, 19, 20, 21, 22, 23, 24, 25, 26, 27, 28]


6
process id 0
stats
5, 15, 7, 100, 1000
20220818-101320
loosing coalitions taken
[1, 5, 6, 13, 24]
[1, 2, 10, 11, 14]
[1, 2, 8, 9, 22]
[1, 4, 7, 8]
[2, 3, 6, 12]
[2, 4, 5, 18]
[3, 4, 5, 13]
[1, 2, 7, 12, 17]
[2, 3, 5, 17]
[1, 4, 6, 22]
[1, 3, 8, 10, 16]
[3, 4, 6, 9, 19]
[1, 3, 7, 11, 22]
[2, 4, 6, 11, 21]
[16, 17, 18, 19, 20, 21, 22, 23, 24, 25, 26, 27, 28]


6
process id 2
stats
5, 15, 7, 100, 1000
20220818-101321
loosing coalitions taken
[1, 2, 9, 12, 13]
[2, 4, 5, 21, 28]
[1, 5, 6, 16, 19]
[3, 4, 5, 19, 26]
[2, 3, 5, 23]
[2, 4, 6, 8]
[1, 4, 6, 24]
[1, 3, 8, 10, 18]
[2, 3, 6, 11, 24]
[1, 3, 7, 12, 20]
[1, 4, 7, 8]
[3, 4, 6, 13, 15]
[1, 2, 7, 14, 19]
[1, 2, 8, 11, 16]
[16, 17, 18, 19, 20, 21, 22, 23, 24, 25, 26, 27, 28]


6
process id 6
stats
5, 15, 7, 100, 1000
20220818-101322
loosing coalitions taken
[1, 2, 9, 12, 13]
[1, 3, 8, 10, 19]
[1, 2, 7, 14, 23]
[1, 2, 8, 11, 17]
[2, 4, 6, 11, 23]
[1, 5, 6, 16, 19]
[1, 3, 7, 15, 20]
[2, 3, 6, 10, 26]
[3, 4, 5, 12]
[3, 4, 6, 8]
[1, 4, 6, 24]
[2, 4, 5, 19]
[2, 3, 5, 22]
[1, 4, 7, 8]
[16, 17, 18, 19, 20, 21, 22, 23, 24, 25, 26, 27, 28]


5
process id 5
stats
5, 15, 7, 100, 1000
20220818-101323
loosing coalitions taken
[1, 5, 6, 13, 23]
[1, 4, 6, 28]
[1, 2, 7, 9, 26]
[2, 3, 6, 13]
[1, 2, 10, 11, 12]
[2, 4, 5, 16]
[2, 3, 5, 21]
[3, 4, 5, 14]
[3, 4, 6, 12, 18]
[1, 3, 7, 8]
[1, 2, 8, 14, 16]
[1, 4, 7, 11, 13]
[2, 4, 6, 8, 26]
[1, 4, 8, 9, 15]
[16, 17, 18, 19, 20, 21, 22, 23, 24, 25, 26, 27, 28]


6
process id 1
stats
5, 15, 7, 100, 1000
20220818-101324
loosing coalitions taken
[2, 4, 5, 19]
[1, 2, 7, 16, 18]
[1, 4, 8, 10, 13]
[2, 3, 6, 10]
[1, 2, 8, 12, 17]
[1, 3, 8, 11, 18]
[1, 2, 9, 11, 13]
[1, 3, 7, 12, 22]
[1, 5, 6, 15, 17]
[2, 4, 6, 12, 23]
[2, 3, 5, 17]
[1, 4, 6, 24]
[3, 4, 5, 9]
[3, 4, 6, 8]
[16, 17, 18, 19, 20, 21, 22, 23, 24, 25, 26, 27, 28]


6
process id 7
stats
5, 15, 7, 100, 1000
20220818-101325
loosing coalitions taken
[1, 4, 7, 10, 17]
[3, 4, 6, 8, 28]
[1, 5, 6, 16, 19]
[1, 2, 10, 12, 13]
[2, 4, 5, 18]
[1, 3, 7, 11, 23]
[1, 3, 8, 12, 15]
[2, 3, 6, 10]
[3, 4, 5, 13]
[1, 2, 7, 9]
[2, 4, 6, 15, 17]
[1, 4, 6, 27]
[2, 3, 5, 17]
[1, 2, 8, 11, 19]
[16, 17, 18, 19, 20, 21, 22, 23, 24, 25, 26, 27, 28]


6
process id 6
stats
5, 15, 7, 100, 1000
20220818-101326
loosing coalitions taken
[2, 4, 5, 21, 28]
[1, 3, 7, 15, 18]
[1, 2, 10, 12, 13]
[1, 2, 8, 14, 20]
[1, 2, 7, 16, 21]
[2, 4, 6, 12, 23]
[1, 3, 8, 9, 17]
[2, 3, 6, 17, 18]
[1, 4, 7, 10, 19]
[1, 5, 6, 10, 25]
[1, 4, 8, 11, 13]
[2, 3, 5, 25]
[3, 4, 6, 13, 21]
[1, 4, 6, 24]
[16, 17, 18, 19, 20, 21, 22, 23, 24, 25, 26, 27, 28]


5
process id 0
stats
5, 15, 7, 100, 1000
20220818-101327
loosing coalitions taken
[1, 2, 8, 10, 21]
[1, 3, 8, 13, 15]
[1, 4, 7, 8, 27]
[3, 4, 5, 16]
[1, 2, 9, 11, 13]
[1, 4, 6, 28]
[1, 3, 7, 14, 19]
[2, 4, 5, 18]
[2, 3, 6, 15, 22]
[2, 3, 5, 20]
[1, 5, 6, 12, 22]
[3, 4, 6, 14, 18]
[2, 4, 6, 8]
[1, 2, 7, 16, 17]
[16, 17, 18, 19, 20, 21, 22, 23, 24, 25, 26, 27, 28]


6
process id 7
stats
5, 15, 7, 100, 1000
20220818-101328
loosing coalitions taken
[1, 3, 8, 9, 18]
[2, 4, 5, 19]
[2, 3, 7, 8, 10]
[1, 5, 6, 9, 26]
[1, 2, 8, 13, 17]
[1, 4, 8, 10, 15]
[1, 3, 7, 15, 21]
[2, 3, 6, 14]
[2, 4, 6, 12, 17]
[1, 4, 6, 27, 28]
[3, 4, 6, 10, 19]
[1, 2, 7, 12, 23]
[3, 4, 5, 13]
[2, 3, 5, 18]
[16, 17, 18, 19, 20, 21, 22, 23, 24, 25, 26, 27, 28]


6
process id 3
stats
5, 15, 7, 100, 1000
20220818-101328
loosing coalitions taken
[1, 3, 8, 10, 19]
[1, 2, 8, 9, 20]
[2, 3, 6, 12]
[1, 3, 7, 15, 18]
[2, 4, 5, 20, 28]
[1, 2, 7, 14, 23]
[1, 4, 6, 28]
[3, 4, 5, 9]
[2, 3, 5, 18]
[1, 5, 6, 9, 17]
[3, 4, 6, 14, 20]
[1, 4, 7, 8]
[2, 4, 6, 8]
[1, 2, 10, 12, 13]
[16, 17, 18, 19, 20, 21, 22, 23, 24, 25, 26, 27, 28]


6
process id 1
stats
5, 15, 7, 100, 1000
20220818-101329
loosing coalitions taken
[1, 2, 9, 12, 13]
[2, 4, 6, 13, 19]
[1, 2, 8, 11, 18]
[1, 2, 7, 15, 17]
[1, 5, 6, 9, 24]
[1, 3, 8, 9, 17]
[1, 3, 7, 10, 23]
[2, 4, 5, 16]
[3, 4, 6, 11, 18]
[3, 4, 5, 12, 28]
[1, 4, 7, 8, 21]
[1, 4, 6, 28]
[2, 3, 5, 18]
[2, 3, 6, 14, 22]
[16, 17, 18, 19, 20, 21, 22, 23, 24, 25, 26, 27, 28]


5
process id 4
stats
5, 15, 7, 100, 1000
20220818-101330
loosing coalitions taken
[1, 3, 7, 14, 18]
[2, 4, 6, 13, 20]
[1, 4, 8, 9, 15]
[2, 3, 6, 12, 26]
[2, 3, 5, 25]
[1, 3, 8, 10, 19]
[1, 2, 8, 13, 18]
[1, 2, 10, 12, 14]
[3, 4, 6, 8]
[3, 4, 5, 13]
[1, 4, 6, 22]
[1, 2, 7, 11, 21]
[2, 4, 5, 19]
[1, 5, 6, 12, 21]
[16, 17, 18, 19, 20, 21, 22, 23, 24, 25, 26, 27, 28]


5
process id 6
stats
5, 15, 7, 100, 1000
20220818-101332
loosing coalitions taken
[1, 4, 7, 10, 18]
[3, 4, 6, 14, 19]
[1, 2, 8, 10, 20]
[1, 3, 9, 10, 12]
[1, 3, 8, 13, 16]
[1, 3, 7, 15, 17]
[1, 5, 6, 13, 24]
[1, 4, 8, 9, 14]
[1, 2, 7, 9]
[2, 3, 6, 12, 26]
[2, 3, 5, 17]
[3, 4, 5, 9]
[1, 4, 6, 23, 26]
[2, 4, 5, 20, 25]
[16, 17, 18, 19, 20, 21, 22, 23, 24, 25, 26, 27, 28]


6
process id 5
stats
5, 15, 7, 100, 1000
20220818-101333
loosing coalitions taken
[1, 2, 9, 12, 14]
[2, 3, 6, 9]
[1, 5, 6, 16, 17]
[3, 4, 5, 10, 28]
[1, 4, 6, 26]
[1, 4, 7, 8]
[2, 5, 6, 8, 12]
[3, 4, 6, 13, 15]
[2, 4, 5, 18]
[2, 4, 6, 11, 20]
[1, 2, 7, 11, 22]
[2, 3, 5, 24, 27]
[1, 3, 7, 12, 19]
[1, 2, 8, 10, 17]
[16, 17, 18, 19, 20, 21, 22, 23, 24, 25, 26, 27, 28]


6
process id 7
stats
5, 15, 7, 100, 1000
20220818-101333
loosing coalitions taken
[1, 2, 7, 16, 17]
[1, 4, 7, 8, 26]
[1, 3, 8, 12, 17]
[1, 2, 9, 12, 14]
[1, 3, 7, 15, 20]
[1, 5, 6, 13, 18]
[1, 2, 8, 13, 19]
[2, 4, 6, 10, 24]
[2, 3, 5, 23, 28]
[3, 4, 6, 9, 22]
[1, 4, 6, 28]
[2, 3, 6, 15, 19]
[3, 4, 5, 15, 24]
[2, 4, 5, 14]
[16, 17, 18, 19, 20, 21, 22, 23, 24, 25, 26, 27, 28]


6
process id 2
stats
5, 15, 7, 100, 1000
20220818-101333
loosing coalitions taken
[1, 3, 8, 10, 18]
[1, 2, 9, 12, 14]
[1, 4, 7, 8]
[1, 5, 6, 10, 23]
[3, 4, 6, 15, 17]
[2, 3, 5, 22]
[3, 4, 5, 12]
[1, 3, 7, 13, 17]
[2, 4, 5, 20, 25]
[2, 3, 6, 16, 18]
[1, 4, 6, 25]
[1, 2, 7, 11, 18]
[1, 2, 8, 13, 15]
[2, 4, 6, 8]
[16, 17, 18, 19, 20, 21, 22, 23, 24, 25, 26, 27, 28]


6
process id 3
stats
5, 15, 7, 100, 1000
20220818-101335
loosing coalitions taken
[1, 3, 9, 10, 12]
[1, 5, 6, 14, 18]
[1, 2, 7, 9]
[2, 5, 6, 8, 12]
[2, 4, 5, 22, 23]
[2, 3, 5, 19]
[1, 3, 7, 15, 21]
[1, 4, 8, 10, 14]
[1, 4, 6, 25, 27]
[2, 4, 6, 16, 17]
[3, 4, 6, 13, 15]
[3, 4, 5, 11, 28]
[2, 3, 6, 9]
[1, 2, 8, 11, 21]
[16, 17, 18, 19, 20, 21, 22, 23, 24, 25, 26, 27, 28]


6
process id 4
stats
5, 15, 7, 100, 1000
20220818-101336
loosing coalitions taken
[1, 3, 7, 10, 23]
[1, 3, 8, 12, 18]
[2, 4, 5, 20, 26]
[1, 5, 6, 14, 20]
[1, 2, 8, 11, 21]
[3, 4, 5, 16]
[1, 2, 7, 9]
[2, 3, 6, 10]
[3, 4, 6, 12, 17]
[1, 4, 6, 24]
[2, 3, 5, 23, 24]
[1, 4, 7, 11, 12]
[2, 4, 6, 8]
[1, 4, 8, 10, 14]
[16, 17, 18, 19, 20, 21, 22, 23, 24, 25, 26, 27, 28]


5
process id 0
stats
5, 15, 7, 100, 1000
20220818-101336
loosing coalitions taken
[2, 4, 5, 17]
[1, 3, 8, 9, 16]
[1, 4, 8, 11, 12]
[2, 3, 6, 12]
[1, 3, 7, 14, 20]
[1, 2, 7, 10, 28]
[1, 5, 6, 13, 23]
[1, 4, 6, 25]
[3, 4, 5, 15]
[2, 3, 5, 25]
[3, 4, 6, 13, 14]
[1, 4, 7, 9, 18]
[2, 4, 6, 11, 24]
[1, 2, 8, 14, 17]
[16, 17, 18, 19, 20, 21, 22, 23, 24, 25, 26, 27, 28]


6
process id 7
stats
5, 15, 7, 100, 1000
20220818-101337
loosing coalitions taken
[1, 5, 6, 15, 21]
[2, 4, 6, 11, 20]
[1, 4, 8, 13, 14]
[1, 2, 8, 15, 17]
[1, 2, 7, 14, 24]
[1, 3, 7, 10, 21]
[1, 4, 6, 23]
[1, 2, 9, 10, 12]
[2, 3, 5, 23]
[2, 4, 5, 17]
[3, 4, 5, 15, 25]
[2, 3, 6, 10]
[3, 4, 6, 9, 19]
[1, 3, 8, 12, 18]
[16, 17, 18, 19, 20, 21, 22, 23, 24, 25, 26, 27, 28]


6
process id 1
stats
5, 15, 7, 100, 1000
20220818-101338
loosing coalitions taken
[2, 4, 6, 9, 23]
[1, 3, 9, 10, 11]
[3, 4, 6, 13, 19]
[1, 2, 9, 12, 13]
[1, 5, 6, 10, 26]
[1, 3, 8, 12, 14]
[1, 4, 7, 8, 27]
[2, 4, 5, 17, 27]
[2, 3, 6, 12, 26]
[2, 3, 5, 25]
[3, 4, 5, 15]
[1, 4, 6, 25]
[1, 3, 7, 13, 22]
[1, 2, 7, 11, 17]
[16, 17, 18, 19, 20, 21, 22, 23, 24, 25, 26, 27, 28]


5
process id 5
stats
5, 15, 7, 100, 1000
20220818-101344
loosing coalitions taken
[1, 5, 6, 12, 24]
[2, 4, 5, 17, 28]
[3, 4, 5, 20, 24]
[1, 2, 9, 10, 12]
[1, 4, 7, 8]
[2, 3, 6, 15, 24]
[1, 3, 7, 11, 21]
[1, 4, 6, 27]
[2, 4, 6, 8]
[2, 3, 5, 25]
[3, 4, 6, 14, 16]
[1, 2, 8, 13, 18]
[1, 2, 7, 14, 22]
[1, 3, 8, 10, 14]
[16, 17, 18, 19, 20, 21, 22, 23, 24, 25, 26, 27, 28]


6
process id 0
stats
5, 15, 7, 100, 1000
20220818-101345
loosing coalitions taken
[1, 5, 6, 9, 24]
[1, 3, 7, 11, 21]
[1, 2, 7, 17, 18]
[1, 4, 7, 8]
[3, 4, 6, 10, 20]
[1, 2, 9, 10, 12]
[2, 4, 6, 15, 17]
[2, 3, 6, 11]
[2, 3, 5, 21]
[3, 4, 5, 14]
[1, 2, 8, 14, 15]
[2, 4, 5, 20, 26]
[1, 4, 6, 27]
[1, 3, 8, 10, 19]
[16, 17, 18, 19, 20, 21, 22, 23, 24, 25, 26, 27, 28]


6
process id 7
stats
5, 15, 7, 100, 1000
20220818-101345
loosing coalitions taken
[1, 2, 7, 13, 24]
[1, 5, 6, 10, 23]
[2, 4, 5, 16]
[1, 3, 8, 9, 20]
[1, 3, 7, 11, 23]
[1, 2, 8, 15, 17]
[1, 2, 9, 10, 11]
[3, 4, 6, 8]
[1, 4, 7, 8]
[1, 4, 6, 27]
[2, 3, 5, 18]
[2, 3, 6, 9]
[3, 4, 5, 11]
[2, 4, 6, 15, 21]
[16, 17, 18, 19, 20, 21, 22, 23, 24, 25, 26, 27, 28]


6
process id 6
stats
5, 15, 7, 100, 1000
20220818-101346
loosing coalitions taken
[1, 3, 8, 11, 17]
[1, 5, 6, 9, 26]
[1, 2, 10, 11, 13]
[1, 2, 8, 14, 18]
[1, 4, 7, 8]
[3, 4, 5, 16, 26]
[2, 3, 6, 17, 21]
[2, 3, 5, 20]
[1, 2, 7, 16, 20]
[1, 4, 6, 27]
[2, 4, 5, 15]
[3, 4, 6, 9, 19]
[2, 4, 6, 13, 18]
[1, 3, 7, 13, 19]
[16, 17, 18, 19, 20, 21, 22, 23, 24, 25, 26, 27, 28]


5
process id 7
stats
5, 15, 7, 100, 1000
20220818-101347
loosing coalitions taken
[1, 3, 7, 16, 19]
[1, 4, 8, 9, 11]
[2, 4, 5, 18]
[1, 3, 9, 10, 12]
[2, 3, 6, 9]
[1, 4, 6, 25]
[3, 4, 6, 13, 18]
[2, 3, 5, 17]
[1, 5, 6, 11, 18]
[3, 4, 5, 10]
[1, 2, 8, 14, 15]
[1, 2, 7, 9]
[1, 4, 7, 10, 13]
[2, 4, 6, 12, 23]
[16, 17, 18, 19, 20, 21, 22, 23, 24, 25, 26, 27, 28]


5
process id 0
stats
5, 15, 7, 100, 1000
20220818-101347
loosing coalitions taken
[1, 3, 8, 15, 16]
[1, 3, 7, 9, 21]
[1, 2, 8, 14, 18]
[1, 2, 9, 10, 11]
[2, 3, 5, 22]
[1, 2, 7, 15, 20]
[1, 4, 7, 8, 28]
[3, 4, 5, 11]
[2, 4, 6, 12, 17]
[2, 3, 6, 9]
[2, 4, 5, 16]
[1, 5, 6, 10, 22]
[1, 4, 6, 23]
[3, 4, 6, 8, 24]
[16, 17, 18, 19, 20, 21, 22, 23, 24, 25, 26, 27, 28]


6
process id 2
stats
5, 15, 7, 100, 1000
20220818-101348
loosing coalitions taken
[1, 5, 6, 16, 18]
[2, 4, 6, 15, 18]
[1, 2, 8, 11, 18]
[1, 2, 9, 10, 12]
[1, 3, 7, 10, 23]
[1, 2, 7, 15, 20]
[1, 3, 8, 9, 19]
[2, 4, 5, 17]
[2, 3, 6, 13]
[1, 4, 7, 13, 14]
[1, 4, 6, 23, 28]
[2, 3, 5, 21, 25]
[3, 4, 5, 19, 24]
[3, 4, 6, 9, 22]
[16, 17, 18, 19, 20, 21, 22, 23, 24, 25, 26, 27, 28]


6
process id 3
stats
5, 15, 7, 100, 1000
20220818-101349
loosing coalitions taken
[1, 3, 8, 11, 19]
[1, 4, 8, 13, 14]
[1, 4, 7, 12, 16]
[3, 4, 5, 16]
[1, 3, 7, 13, 22]
[1, 2, 8, 15, 16]
[1, 2, 9, 12, 14]
[2, 3, 6, 10, 26]
[1, 2, 7, 11, 27]
[2, 3, 5, 21, 28]
[1, 4, 6, 27]
[2, 4, 6, 14, 22]
[1, 5, 6, 10, 21]
[2, 4, 5, 19, 26]
[16, 17, 18, 19, 20, 21, 22, 23, 24, 25, 26, 27, 28]


6
process id 0
stats
5, 15, 7, 100, 1000
20220818-101351
loosing coalitions taken
[1, 2, 7, 16, 18]
[1, 2, 8, 11, 19]
[2, 3, 6, 9]
[1, 5, 6, 14, 21]
[1, 3, 7, 10, 22]
[1, 3, 8, 14, 15]
[2, 4, 5, 19]
[2, 3, 5, 20]
[1, 4, 6, 26]
[3, 4, 5, 15, 28]
[1, 4, 7, 12, 15]
[2, 4, 6, 16, 17]
[3, 4, 6, 11, 21]
[1, 4, 8, 10, 13]
[16, 17, 18, 19, 20, 21, 22, 23, 24, 25, 26, 27, 28]


6
process id 4
stats
5, 15, 7, 100, 1000
20220818-101351
loosing coalitions taken
[3, 4, 5, 16, 26]
[1, 5, 6, 11, 25]
[1, 4, 6, 27]
[2, 4, 5, 18]
[1, 2, 7, 13, 21]
[2, 3, 5, 24]
[2, 3, 6, 10]
[1, 2, 9, 10, 14]
[1, 3, 8, 10, 15]
[3, 4, 6, 13, 21]
[2, 5, 6, 7, 14]
[2, 4, 6, 8, 28]
[1, 4, 8, 11, 14]
[1, 3, 7, 12, 18]
[16, 17, 18, 19, 20, 21, 22, 23, 24, 25, 26, 27, 28]


6
process id 3
stats
5, 15, 7, 100, 1000
20220818-101352
loosing coalitions taken
[2, 4, 5, 18]
[1, 2, 7, 13, 23]
[1, 2, 9, 11, 14]
[1, 3, 7, 15, 18]
[1, 5, 6, 10, 24]
[2, 3, 6, 16, 23]
[1, 3, 9, 10, 12]
[1, 3, 8, 11, 16]
[1, 2, 8, 10, 19]
[3, 4, 5, 19, 22]
[2, 3, 5, 20, 28]
[2, 4, 6, 13, 17]
[3, 4, 6, 8]
[1, 4, 6, 25]
[16, 17, 18, 19, 20, 21, 22, 23, 24, 25, 26, 27, 28]


6
process id 7
stats
5, 15, 7, 100, 1000
20220818-101353
loosing coalitions taken
[2, 3, 5, 24]
[1, 5, 6, 16, 18]
[3, 4, 6, 12, 18]
[1, 2, 10, 11, 12]
[1, 2, 8, 9, 22]
[1, 2, 7, 14, 21]
[1, 4, 6, 25]
[2, 3, 6, 11]
[2, 4, 5, 19, 28]
[1, 4, 7, 8]
[3, 4, 5, 13]
[2, 4, 6, 8]
[1, 3, 8, 12, 13]
[1, 3, 7, 10, 20]
[16, 17, 18, 19, 20, 21, 22, 23, 24, 25, 26, 27, 28]


5
process id 4
stats
5, 15, 7, 100, 1000
20220818-101353
loosing coalitions taken
[2, 4, 5, 18]
[1, 2, 10, 12, 14]
[1, 5, 6, 13, 23]
[2, 4, 6, 12, 22]
[1, 3, 7, 8]
[2, 3, 5, 22]
[1, 4, 6, 28]
[3, 4, 5, 11, 28]
[2, 3, 6, 10]
[1, 4, 8, 10, 13]
[3, 4, 6, 8]
[1, 4, 7, 12, 15]
[1, 2, 7, 9]
[1, 2, 8, 11, 19]
[16, 17, 18, 19, 20, 21, 22, 23, 24, 25, 26, 27, 28]


6
process id 5
stats
5, 15, 7, 100, 1000
20220818-101355
loosing coalitions taken
[2, 3, 6, 13]
[1, 5, 6, 12, 22]
[3, 4, 5, 16]
[1, 3, 8, 11, 19]
[1, 4, 8, 9, 15]
[1, 4, 6, 25]
[1, 2, 7, 9, 28]
[2, 3, 5, 19, 28]
[2, 4, 5, 18]
[1, 3, 7, 14, 22]
[2, 4, 6, 14, 20]
[2, 5, 6, 8, 9]
[3, 4, 6, 8, 27]
[1, 4, 7, 10, 17]
[16, 17, 18, 19, 20, 21, 22, 23, 24, 25, 26, 27, 28]


6
process id 3
stats
5, 15, 7, 100, 1000
20220818-101355
loosing coalitions taken
[1, 4, 8, 10, 15]
[1, 3, 8, 9, 19]
[1, 2, 7, 17, 18]
[1, 2, 10, 12, 14]
[1, 4, 6, 26]
[2, 3, 6, 12]
[1, 2, 8, 13, 20]
[2, 4, 5, 16, 27]
[2, 3, 5, 24]
[3, 4, 5, 9]
[3, 4, 6, 13, 14]
[2, 4, 6, 15, 21]
[1, 3, 7, 15, 16]
[1, 5, 6, 9, 25]
[16, 17, 18, 19, 20, 21, 22, 23, 24, 25, 26, 27, 28]


6
process id 7
stats
5, 15, 7, 100, 1000
20220818-101356
loosing coalitions taken
[1, 3, 8, 13, 16]
[1, 2, 8, 9, 18]
[1, 2, 10, 12, 14]
[1, 3, 9, 10, 11]
[2, 4, 5, 16]
[1, 2, 7, 13, 24]
[1, 3, 7, 12, 21]
[1, 4, 7, 10, 15]
[1, 4, 6, 28]
[1, 5, 6, 12, 20]
[3, 4, 5, 18, 23]
[2, 4, 6, 11, 19]
[2, 3, 6, 15, 17]
[2, 3, 5, 24]
[16, 17, 18, 19, 20, 21, 22, 23, 24, 25, 26, 27, 28]


6
process id 6
stats
5, 15, 7, 100, 1000
20220818-101356
loosing coalitions taken
[2, 3, 5, 23]
[1, 2, 8, 13, 20]
[1, 3, 8, 12, 18]
[1, 3, 7, 14, 20]
[1, 4, 7, 9, 16]
[3, 4, 6, 13, 20]
[1, 4, 6, 24, 26]
[1, 2, 7, 12, 25]
[2, 4, 5, 16]
[1, 5, 6, 14, 22]
[3, 4, 5, 17, 18]
[2, 3, 6, 9, 28]
[2, 3, 7, 8, 10]
[2, 4, 6, 10, 17]
[16, 17, 18, 19, 20, 21, 22, 23, 24, 25, 26, 27, 28]


5
process id 7
stats
5, 15, 7, 100, 1000
20220818-101358
loosing coalitions taken
[2, 4, 6, 12, 22]
[1, 3, 9, 10, 11]
[1, 3, 8, 15, 16]
[1, 5, 6, 10, 24]
[2, 4, 5, 21, 25]
[1, 2, 8, 12, 20]
[2, 3, 5, 22]
[1, 3, 7, 14, 19]
[1, 4, 6, 26]
[1, 4, 7, 8, 28]
[3, 4, 5, 18, 19]
[2, 3, 6, 10, 28]
[1, 2, 7, 13, 23]
[3, 4, 6, 8, 25]
[16, 17, 18, 19, 20, 21, 22, 23, 24, 25, 26, 27, 28]


6
process id 5
stats
5, 15, 7, 100, 1000
20220818-101359
loosing coalitions taken
[3, 4, 5, 18, 27]
[1, 5, 6, 12, 24]
[1, 2, 7, 16, 21]
[1, 2, 9, 11, 14]
[1, 2, 8, 10, 18]
[1, 3, 7, 14, 18]
[1, 3, 8, 9, 20]
[3, 4, 6, 12, 20]
[2, 3, 6, 9, 27]
[2, 4, 5, 15, 26]
[1, 4, 7, 8, 23]
[2, 3, 5, 17]
[2, 4, 6, 13, 22]
[1, 4, 6, 26]
[16, 17, 18, 19, 20, 21, 22, 23, 24, 25, 26, 27, 28]


6
process id 3
stats
5, 15, 7, 100, 1000
20220818-101402
loosing coalitions taken
[3, 4, 5, 16]
[1, 2, 9, 10, 14]
[1, 2, 8, 11, 19]
[1, 2, 7, 13, 21]
[1, 5, 6, 15, 21]
[1, 3, 8, 13, 14]
[1, 3, 7, 10, 20]
[2, 3, 5, 18, 28]
[2, 4, 5, 19]
[1, 4, 6, 25]
[2, 4, 6, 15, 20]
[2, 3, 6, 13]
[3, 4, 6, 8, 27]
[1, 4, 7, 8, 23]
[16, 17, 18, 19, 20, 21, 22, 23, 24, 25, 26, 27, 28]


6
process id 1
stats
5, 15, 7, 100, 1000
20220818-101404
loosing coalitions taken
[3, 4, 5, 17, 28]
[1, 2, 8, 9, 20]
[2, 4, 5, 20]
[1, 5, 6, 14, 22]
[1, 4, 7, 8]
[1, 3, 9, 10, 11]
[3, 4, 6, 12, 18]
[2, 4, 6, 11, 21]
[2, 3, 5, 18]
[2, 3, 6, 10]
[1, 2, 7, 13, 22]
[1, 4, 6, 23]
[1, 3, 7, 14, 20]
[1, 3, 8, 13, 15]
[16, 17, 18, 19, 20, 21, 22, 23, 24, 25, 26, 27, 28]


6
process id 7
stats
5, 15, 7, 100, 1000
20220818-101406
loosing coalitions taken
[1, 2, 7, 9, 28]
[1, 5, 6, 10, 22]
[2, 3, 6, 14, 24]
[2, 4, 5, 18, 28]
[2, 4, 6, 16, 17]
[3, 4, 5, 14, 27]
[1, 4, 7, 8, 22]
[3, 4, 6, 11, 18]
[1, 4, 6, 23]
[2, 3, 5, 21]
[1, 3, 8, 11, 12]
[1, 3, 7, 14, 19]
[1, 2, 8, 13, 18]
[1, 2, 10, 11, 14]
[16, 17, 18, 19, 20, 21, 22, 23, 24, 25, 26, 27, 28]


6
process id 2
stats
5, 15, 7, 100, 1000
20220818-101406
loosing coalitions taken
[2, 4, 5, 18, 27]
[2, 4, 6, 15, 16]
[2, 3, 6, 13]
[3, 4, 5, 17, 23]
[1, 4, 8, 10, 15]
[1, 5, 6, 12, 18]
[1, 3, 8, 12, 17]
[1, 2, 8, 13, 20]
[1, 4, 6, 22]
[1, 4, 7, 9, 19]
[3, 4, 6, 9, 21]
[2, 3, 5, 19, 26]
[1, 3, 7, 10, 21]
[1, 2, 7, 11, 22]
[16, 17, 18, 19, 20, 21, 22, 23, 24, 25, 26, 27, 28]


5
process id 6
stats
5, 15, 7, 100, 1000
20220818-101406
loosing coalitions taken
[1, 3, 8, 10, 17]
[2, 3, 6, 14]
[1, 4, 7, 8]
[1, 5, 6, 10, 22]
[3, 4, 6, 8]
[1, 2, 7, 11, 26]
[1, 4, 6, 24]
[1, 2, 8, 9, 18]
[1, 3, 7, 12, 21]
[2, 3, 5, 24]
[2, 4, 6, 13, 17]
[3, 4, 5, 14]
[2, 4, 5, 18]
[1, 2, 10, 12, 13]
[16, 17, 18, 19, 20, 21, 22, 23, 24, 25, 26, 27, 28]


5
process id 4
stats
5, 15, 7, 100, 1000
20220818-101407
loosing coalitions taken
[1, 2, 8, 12, 21]
[1, 4, 7, 8]
[2, 4, 5, 20]
[1, 2, 9, 10, 13]
[3, 4, 6, 9, 21]
[1, 2, 7, 11, 25]
[1, 4, 6, 27]
[2, 3, 6, 15, 17]
[2, 3, 5, 21, 27]
[1, 5, 6, 9, 22]
[2, 4, 6, 8]
[3, 4, 5, 15]
[1, 3, 7, 16, 18]
[1, 3, 8, 11, 19]
[16, 17, 18, 19, 20, 21, 22, 23, 24, 25, 26, 27, 28]


6
process id 0
stats
5, 15, 7, 100, 1000
20220818-101409
loosing coalitions taken
[1, 2, 8, 13, 19]
[1, 3, 8, 11, 16]
[1, 2, 7, 16, 20]
[1, 3, 7, 12, 22]
[2, 4, 5, 17]
[2, 3, 6, 10]
[1, 4, 6, 26]
[3, 4, 5, 14]
[2, 3, 5, 18, 28]
[1, 5, 6, 13, 24]
[1, 4, 7, 8, 23]
[3, 4, 6, 8]
[2, 4, 6, 12, 16]
[1, 2, 10, 11, 14]
[16, 17, 18, 19, 20, 21, 22, 23, 24, 25, 26, 27, 28]


5
process id 0
stats
5, 15, 7, 100, 1000
20220818-101411
loosing coalitions taken
[1, 5, 6, 11, 22]
[2, 4, 6, 14, 20]
[1, 3, 7, 15, 17]
[1, 3, 8, 12, 19]
[1, 2, 7, 13, 25]
[1, 4, 6, 27]
[2, 3, 6, 12, 22]
[1, 2, 8, 10, 16]
[1, 4, 7, 10, 14]
[3, 4, 5, 11]
[2, 3, 5, 20]
[2, 4, 5, 13]
[3, 4, 6, 13, 18]
[1, 2, 9, 11, 12]
[16, 17, 18, 19, 20, 21, 22, 23, 24, 25, 26, 27, 28]


6
process id 5
stats
5, 15, 7, 100, 1000
20220818-101411
loosing coalitions taken
[2, 3, 5, 22]
[1, 3, 8, 14, 16]
[1, 2, 10, 11, 12]
[3, 4, 6, 8]
[1, 5, 6, 16, 17]
[1, 2, 7, 17, 18]
[3, 4, 5, 13, 28]
[2, 3, 6, 19, 21]
[2, 4, 5, 15]
[1, 4, 7, 12, 14]
[1, 3, 7, 13, 20]
[1, 4, 8, 10, 13]
[2, 4, 6, 9, 20]
[1, 4, 6, 26]
[16, 17, 18, 19, 20, 21, 22, 23, 24, 25, 26, 27, 28]


6
process id 4
stats
5, 15, 7, 100, 1000
20220818-101412
loosing coalitions taken
[1, 4, 7, 8]
[2, 4, 6, 16, 19]
[1, 2, 10, 11, 13]
[1, 3, 9, 10, 12]
[3, 4, 5, 15, 28]
[3, 4, 6, 11, 17]
[2, 3, 6, 14]
[1, 5, 6, 12, 21]
[1, 2, 7, 9, 23]
[2, 3, 5, 23, 24]
[1, 4, 6, 22]
[2, 4, 5, 17]
[1, 3, 8, 13, 14]
[1, 3, 7, 11, 22]
[16, 17, 18, 19, 20, 21, 22, 23, 24, 25, 26, 27, 28]


6
process id 0
stats
5, 15, 7, 100, 1000
20220818-101414
loosing coalitions taken
[2, 4, 5, 21, 23]
[2, 4, 6, 14, 22]
[1, 3, 8, 11, 16]
[1, 3, 7, 12, 21]
[1, 4, 7, 10, 16]
[1, 2, 8, 13, 18]
[2, 3, 5, 25]
[1, 2, 7, 15, 22]
[2, 3, 6, 13]
[1, 4, 6, 27]
[1, 5, 6, 12, 23]
[3, 4, 5, 16]
[3, 4, 6, 8]
[1, 2, 10, 11, 12]
[16, 17, 18, 19, 20, 21, 22, 23, 24, 25, 26, 27, 28]


6
process id 3
stats
5, 15, 7, 100, 1000
20220818-101414
loosing coalitions taken
[1, 4, 8, 9, 15]
[2, 3, 5, 26, 27]
[1, 3, 7, 10, 22]
[2, 4, 5, 17]
[1, 2, 8, 10, 21]
[1, 2, 7, 11, 24]
[2, 3, 6, 13, 22]
[2, 4, 6, 8]
[1, 3, 8, 11, 12]
[3, 4, 5, 18, 24]
[1, 4, 6, 23]
[1, 4, 7, 12, 14]
[1, 5, 6, 12, 18]
[3, 4, 6, 14, 17]
[16, 17, 18, 19, 20, 21, 22, 23, 24, 25, 26, 27, 28]


6
process id 5
stats
5, 15, 7, 100, 1000
20220818-101414
loosing coalitions taken
[2, 3, 6, 13]
[1, 4, 7, 10, 16]
[1, 5, 6, 10, 23]
[3, 4, 5, 18, 23]
[1, 3, 7, 15, 19]
[1, 2, 8, 14, 19]
[1, 2, 7, 9, 22]
[1, 3, 8, 9, 20]
[2, 3, 5, 22]
[1, 4, 6, 24]
[2, 4, 5, 19]
[2, 4, 6, 12, 16]
[3, 4, 6, 8]
[2, 3, 7, 8, 10]
[16, 17, 18, 19, 20, 21, 22, 23, 24, 25, 26, 27, 28]


6
process id 2
stats
5, 15, 7, 100, 1000
20220818-101417
loosing coalitions taken
[1, 3, 7, 10, 24]
[2, 3, 6, 11]
[2, 4, 5, 19]
[1, 4, 7, 8, 23]
[1, 5, 6, 10, 21]
[1, 2, 8, 13, 20]
[3, 4, 6, 13, 20]
[2, 3, 5, 23]
[2, 4, 6, 14, 22]
[1, 3, 8, 12, 18]
[1, 4, 6, 27]
[3, 4, 5, 11]
[1, 2, 9, 11, 14]
[1, 2, 7, 12, 19]
[16, 17, 18, 19, 20, 21, 22, 23, 24, 25, 26, 27, 28]


5
process id 0
stats
5, 15, 7, 100, 1000
20220818-101417
loosing coalitions taken
[1, 2, 7, 10, 26]
[1, 5, 6, 11, 24]
[2, 3, 6, 10]
[1, 3, 8, 12, 19]
[1, 2, 8, 14, 18]
[1, 4, 8, 9, 15]
[2, 4, 5, 15]
[1, 3, 7, 13, 18]
[3, 4, 6, 8]
[3, 4, 5, 12]
[2, 4, 6, 11, 22]
[2, 3, 5, 20]
[1, 4, 6, 26]
[1, 4, 7, 12, 14]
[16, 17, 18, 19, 20, 21, 22, 23, 24, 25, 26, 27, 28]


5
process id 6
stats
5, 15, 7, 100, 1000
20220818-101418
loosing coalitions taken
[1, 2, 8, 14, 19]
[1, 2, 7, 13, 25]
[1, 4, 7, 8]
[1, 5, 6, 11, 25]
[2, 4, 6, 12, 21]
[3, 4, 6, 9, 17]
[1, 2, 9, 11, 12]
[2, 4, 5, 18]
[1, 4, 6, 23]
[1, 3, 8, 12, 13]
[3, 4, 5, 14]
[2, 3, 6, 10, 24]
[2, 3, 5, 21]
[1, 3, 7, 10, 18]
[16, 17, 18, 19, 20, 21, 22, 23, 24, 25, 26, 27, 28]


6
process id 0
stats
5, 15, 7, 100, 1000
20220818-101419
loosing coalitions taken
[3, 4, 6, 13, 20]
[2, 4, 5, 22, 23]
[1, 3, 8, 10, 16]
[1, 3, 7, 13, 21]
[1, 2, 8, 15, 17]
[2, 4, 6, 10, 24]
[1, 2, 7, 9, 26]
[2, 3, 5, 25]
[1, 4, 8, 11, 14]
[1, 4, 6, 27, 28]
[1, 4, 7, 10, 19]
[1, 5, 6, 11, 18]
[2, 3, 6, 9]
[3, 4, 5, 12]
[16, 17, 18, 19, 20, 21, 22, 23, 24, 25, 26, 27, 28]


5
process id 5
stats
5, 15, 7, 100, 1000
20220818-101419
loosing coalitions taken
[1, 2, 10, 12, 14]
[2, 4, 6, 9, 23]
[1, 2, 9, 11, 13]
[1, 3, 8, 10, 19]
[1, 4, 7, 8]
[2, 4, 5, 18]
[1, 4, 6, 25]
[3, 4, 6, 8]
[3, 4, 5, 15]
[1, 3, 7, 11, 23]
[1, 5, 6, 12, 18]
[2, 3, 5, 19]
[2, 3, 6, 14]
[1, 2, 7, 16, 19]
[16, 17, 18, 19, 20, 21, 22, 23, 24, 25, 26, 27, 28]


6
process id 2
stats
5, 15, 7, 100, 1000
20220818-101420
loosing coalitions taken
[1, 3, 7, 16, 18]
[1, 3, 8, 9, 17]
[1, 2, 8, 13, 20]
[1, 4, 7, 8]
[1, 2, 9, 11, 12]
[3, 4, 6, 14, 19]
[1, 5, 6, 16, 20]
[2, 4, 5, 19, 21]
[2, 3, 6, 13, 22]
[2, 3, 5, 17]
[1, 4, 6, 25, 26]
[3, 4, 5, 18, 24]
[1, 2, 7, 14, 24]
[2, 4, 6, 11, 18]
[16, 17, 18, 19, 20, 21, 22, 23, 24, 25, 26, 27, 28]


6
process id 3
stats
5, 15, 7, 100, 1000
20220818-101421
loosing coalitions taken
[1, 4, 8, 12, 14]
[2, 3, 6, 16, 21]
[1, 2, 7, 12, 24]
[1, 3, 7, 11, 23]
[2, 3, 5, 24]
[1, 2, 9, 10, 13]
[1, 2, 8, 11, 17]
[3, 4, 5, 16, 23]
[3, 4, 6, 9, 22]
[1, 4, 6, 26]
[2, 4, 5, 18, 25]
[1, 5, 6, 10, 23]
[2, 4, 6, 14, 19]
[1, 3, 8, 15, 16]
[16, 17, 18, 19, 20, 21, 22, 23, 24, 25, 26, 27, 28]


6
process id 2
stats
5, 15, 7, 100, 1000
20220818-101423
loosing coalitions taken
[1, 3, 8, 12, 19]
[1, 2, 10, 12, 14]
[1, 3, 7, 13, 21]
[1, 5, 6, 10, 26]
[2, 3, 6, 11]
[1, 4, 7, 9, 15]
[1, 4, 8, 13, 14]
[3, 4, 5, 15]
[1, 2, 7, 16, 18]
[2, 4, 5, 19]
[1, 4, 6, 25]
[2, 3, 5, 17]
[1, 2, 8, 15, 17]
[3, 4, 6, 12, 18]
[16, 17, 18, 19, 20, 21, 22, 23, 24, 25, 26, 27, 28]


6
process id 4
stats
5, 15, 7, 100, 1000
20220818-101425
loosing coalitions taken
[1, 2, 9, 12, 13]
[1, 3, 7, 10, 24]
[1, 4, 7, 14, 15]
[1, 2, 7, 16, 17]
[1, 5, 6, 13, 23]
[2, 4, 5, 18]
[1, 4, 6, 25]
[1, 2, 8, 10, 21]
[1, 3, 8, 9, 17]
[2, 3, 6, 10]
[2, 4, 6, 11, 22]
[3, 4, 6, 8, 27]
[3, 4, 5, 9]
[2, 3, 5, 22, 23]
[16, 17, 18, 19, 20, 21, 22, 23, 24, 25, 26, 27, 28]


6
process id 1
stats
5, 15, 7, 100, 1000
20220818-101427
loosing coalitions taken
[1, 2, 10, 11, 12]
[1, 2, 8, 9, 21]
[2, 3, 6, 10]
[1, 3, 7, 13, 21]
[1, 5, 6, 9, 24]
[1, 3, 8, 11, 19]
[1, 2, 7, 17, 19]
[3, 4, 6, 13, 17]
[2, 3, 5, 24]
[1, 4, 6, 26]
[2, 4, 5, 21, 28]
[2, 4, 6, 12, 20]
[3, 4, 5, 12]
[1, 4, 7, 11, 15]
[16, 17, 18, 19, 20, 21, 22, 23, 24, 25, 26, 27, 28]


6
process id 4
stats
5, 15, 7, 100, 1000
20220818-101427
loosing coalitions taken
[2, 4, 5, 17]
[1, 2, 8, 11, 21]
[1, 2, 9, 10, 14]
[2, 3, 6, 13]
[3, 4, 5, 14]
[1, 4, 6, 27]
[2, 3, 5, 23]
[1, 3, 8, 9, 16]
[1, 3, 7, 12, 20]
[3, 4, 6, 8]
[1, 5, 6, 9, 23]
[2, 4, 6, 11, 24]
[1, 4, 7, 14, 16]
[1, 2, 7, 13, 23]
[16, 17, 18, 19, 20, 21, 22, 23, 24, 25, 26, 27, 28]


6
process id 3
stats
5, 15, 7, 100, 1000
20220818-101428
loosing coalitions taken
[2, 4, 5, 18]
[2, 3, 7, 8, 10]
[1, 5, 6, 12, 22]
[1, 2, 7, 9, 28]
[1, 3, 8, 12, 17]
[2, 3, 6, 11]
[1, 4, 6, 25]
[1, 3, 7, 15, 20]
[2, 4, 6, 8]
[2, 3, 5, 21]
[3, 4, 5, 13]
[1, 4, 7, 11, 13]
[3, 4, 6, 14, 19]
[1, 2, 8, 13, 14]
[16, 17, 18, 19, 20, 21, 22, 23, 24, 25, 26, 27, 28]


5
process id 6
stats
5, 15, 7, 100, 1000
20220818-101429
loosing coalitions taken
[2, 4, 5, 22, 23]
[1, 2, 8, 14, 19]
[3, 4, 5, 18, 25]
[1, 3, 7, 8]
[2, 3, 6, 17, 20]
[2, 3, 5, 21]
[1, 5, 6, 11, 25]
[1, 2, 7, 12, 20]
[1, 4, 7, 14, 16]
[3, 4, 6, 11, 21]
[1, 2, 10, 11, 13]
[1, 4, 6, 27]
[1, 4, 8, 10, 12]
[2, 4, 6, 8]
[16, 17, 18, 19, 20, 21, 22, 23, 24, 25, 26, 27, 28]


6
process id 0
stats
5, 15, 7, 100, 1000
20220818-101430
loosing coalitions taken
[2, 3, 6, 12]
[1, 2, 7, 11, 25]
[1, 2, 8, 10, 17]
[2, 4, 5, 19, 27]
[3, 4, 5, 14]
[1, 3, 8, 9, 14]
[1, 5, 6, 10, 24]
[2, 4, 6, 8]
[2, 3, 5, 25]
[1, 4, 6, 26]
[1, 3, 7, 13, 21]
[1, 4, 8, 11, 12]
[1, 4, 7, 9, 15]
[3, 4, 6, 13, 16]
[16, 17, 18, 19, 20, 21, 22, 23, 24, 25, 26, 27, 28]


5
process id 1
stats
5, 15, 7, 100, 1000
20220818-101431
loosing coalitions taken
[1, 2, 8, 14, 17]
[1, 5, 6, 11, 23]
[2, 4, 5, 19]
[1, 2, 10, 12, 13]
[1, 2, 7, 9]
[2, 3, 6, 15, 23]
[1, 3, 8, 10, 15]
[2, 3, 5, 21]
[1, 4, 6, 24]
[1, 3, 7, 13, 21]
[2, 4, 6, 8]
[3, 4, 5, 16]
[1, 4, 7, 8]
[3, 4, 6, 12, 19]
[16, 17, 18, 19, 20, 21, 22, 23, 24, 25, 26, 27, 28]


6
process id 1
stats
5, 15, 7, 100, 1000
20220818-101433
loosing coalitions taken
[1, 2, 7, 11, 25]
[2, 5, 6, 8, 12]
[1, 2, 8, 9, 17]
[2, 3, 6, 13, 27]
[1, 3, 8, 10, 18]
[2, 4, 6, 14, 22]
[2, 3, 5, 22, 28]
[1, 3, 7, 12, 21]
[3, 4, 5, 19, 26]
[1, 2, 10, 12, 13]
[2, 4, 5, 20, 25]
[1, 4, 7, 9, 16]
[1, 5, 6, 14, 21]
[1, 4, 6, 28]
[16, 17, 18, 19, 20, 21, 22, 23, 24, 25, 26, 27, 28]


5
process id 0
stats
5, 15, 7, 100, 1000
20220818-101434
loosing coalitions taken
[1, 5, 6, 15, 21]
[1, 2, 8, 14, 20]
[3, 4, 5, 21, 24]
[1, 3, 7, 9, 23]
[2, 3, 6, 14]
[1, 3, 8, 13, 16]
[1, 2, 7, 10, 27]
[2, 4, 6, 10, 18]
[2, 4, 5, 16]
[2, 3, 5, 19]
[1, 4, 6, 28]
[3, 4, 6, 15, 17]
[1, 4, 7, 8]
[1, 2, 9, 11, 12]
[16, 17, 18, 19, 20, 21, 22, 23, 24, 25, 26, 27, 28]


6
process id 2
stats
5, 15, 7, 100, 1000
20220818-101435
loosing coalitions taken
[1, 2, 8, 14, 18]
[2, 4, 5, 17, 28]
[1, 2, 7, 13, 25]
[2, 3, 6, 16, 24]
[2, 3, 5, 22]
[1, 3, 8, 12, 17]
[2, 4, 6, 8]
[1, 2, 9, 10, 12]
[3, 4, 5, 14]
[1, 4, 6, 28]
[1, 5, 6, 9, 24]
[1, 3, 7, 11, 22]
[3, 4, 6, 10, 18]
[2, 3, 7, 8, 10]
[16, 17, 18, 19, 20, 21, 22, 23, 24, 25, 26, 27, 28]


5
process id 6
stats
5, 15, 7, 100, 1000
20220818-101436
loosing coalitions taken
[3, 4, 5, 16]
[1, 2, 10, 11, 13]
[1, 5, 6, 14, 20]
[1, 2, 8, 15, 16]
[2, 3, 6, 14]
[1, 3, 7, 13, 20]
[3, 4, 6, 8, 25]
[2, 3, 5, 18]
[1, 4, 6, 26]
[2, 4, 6, 12, 21]
[2, 4, 5, 22, 23]
[1, 4, 7, 8]
[1, 2, 7, 9, 27]
[1, 3, 8, 11, 17]
[16, 17, 18, 19, 20, 21, 22, 23, 24, 25, 26, 27, 28]


5
process id 2
stats
5, 15, 7, 100, 1000
20220818-101436
loosing coalitions taken
[1, 2, 8, 12, 19]
[1, 5, 6, 13, 24]
[1, 4, 8, 11, 14]
[1, 2, 7, 10, 27]
[2, 3, 6, 10]
[1, 4, 6, 28]
[1, 2, 9, 11, 13]
[3, 4, 6, 9, 22]
[2, 3, 5, 23]
[2, 4, 5, 20]
[3, 4, 5, 14]
[1, 3, 8, 9, 16]
[1, 3, 7, 13, 17]
[2, 4, 6, 8]
[16, 17, 18, 19, 20, 21, 22, 23, 24, 25, 26, 27, 28]


5
process id 1
stats
5, 15, 7, 100, 1000
20220818-101437
loosing coalitions taken
[1, 3, 8, 9, 18]
[3, 4, 5, 21, 22]
[2, 4, 5, 19]
[1, 2, 9, 11, 14]
[3, 4, 6, 15, 17]
[2, 3, 6, 13]
[1, 2, 8, 10, 20]
[1, 4, 6, 22]
[1, 2, 7, 15, 21]
[1, 4, 7, 8, 26]
[1, 5, 6, 9, 21]
[2, 4, 6, 8]
[2, 3, 5, 20]
[1, 3, 7, 13, 20]
[16, 17, 18, 19, 20, 21, 22, 23, 24, 25, 26, 27, 28]


6
process id 4
stats
5, 15, 7, 100, 1000
20220818-101437
loosing coalitions taken
[1, 2, 10, 11, 14]
[1, 2, 7, 9]
[2, 4, 5, 20, 26]
[1, 5, 6, 15, 20]
[2, 3, 5, 24]
[2, 4, 6, 14, 19]
[1, 3, 7, 11, 17]
[3, 4, 5, 16, 27]
[1, 4, 7, 10, 15]
[2, 3, 6, 9, 22]
[1, 2, 8, 12, 17]
[1, 4, 6, 24]
[1, 3, 8, 9, 13]
[3, 4, 6, 11, 21]
[16, 17, 18, 19, 20, 21, 22, 23, 24, 25, 26, 27, 28]


6
process id 6
stats
5, 15, 7, 100, 1000
20220818-101438
loosing coalitions taken
[2, 3, 6, 13]
[3, 4, 5, 16]
[1, 2, 7, 10, 25]
[1, 2, 8, 15, 17]
[1, 4, 7, 8]
[2, 3, 5, 17]
[2, 4, 6, 8]
[1, 4, 6, 26]
[2, 4, 5, 13]
[1, 3, 7, 12, 18]
[1, 5, 6, 15, 16]
[1, 2, 9, 12, 13]
[1, 3, 9, 10, 11]
[3, 4, 6, 14, 20]
[16, 17, 18, 19, 20, 21, 22, 23, 24, 25, 26, 27, 28]


5
process id 5
stats
5, 15, 7, 100, 1000
20220818-101439
loosing coalitions taken
[2, 3, 6, 19, 21]
[1, 2, 8, 13, 20]
[2, 4, 5, 19]
[1, 4, 6, 27]
[1, 2, 9, 11, 14]
[1, 3, 8, 9, 17]
[1, 3, 7, 15, 21]
[3, 4, 5, 16]
[2, 3, 5, 18]
[1, 5, 6, 14, 16]
[3, 4, 6, 10, 18]
[1, 2, 7, 10, 25]
[2, 4, 6, 9, 25]
[1, 4, 7, 8]
[16, 17, 18, 19, 20, 21, 22, 23, 24, 25, 26, 27, 28]


6
process id 3
stats
5, 15, 7, 100, 1000
20220818-101439
loosing coalitions taken
[1, 4, 8, 9, 15]
[1, 4, 7, 12, 16]
[1, 5, 6, 11, 22]
[1, 3, 8, 13, 16]
[1, 2, 8, 10, 17]
[3, 4, 5, 16]
[1, 2, 7, 14, 24]
[2, 3, 6, 12]
[1, 3, 7, 11, 20]
[1, 2, 9, 11, 13]
[3, 4, 6, 9, 18]
[2, 3, 5, 25, 26]
[1, 4, 6, 25]
[2, 4, 5, 21, 23]
[16, 17, 18, 19, 20, 21, 22, 23, 24, 25, 26, 27, 28]


6
process id 0
stats
5, 15, 7, 100, 1000
20220818-101441
loosing coalitions taken
[1, 5, 6, 13, 23]
[3, 4, 5, 16, 28]
[1, 2, 9, 10, 12]
[2, 4, 5, 22, 23]
[2, 3, 6, 12, 26]
[3, 4, 6, 9, 20]
[2, 4, 6, 13, 19]
[1, 2, 7, 15, 20]
[2, 3, 5, 21]
[1, 3, 7, 13, 18]
[1, 4, 7, 12, 14]
[1, 4, 6, 24]
[1, 3, 8, 15, 16]
[1, 2, 8, 14, 18]
[16, 17, 18, 19, 20, 21, 22, 23, 24, 25, 26, 27, 28]


5
process id 1
stats
5, 15, 7, 100, 1000
20220818-101442
loosing coalitions taken
[1, 5, 6, 16, 18]
[1, 2, 8, 15, 17]
[1, 2, 7, 9]
[2, 3, 6, 10, 28]
[3, 4, 5, 19, 25]
[2, 4, 5, 18]
[3, 4, 6, 12, 21]
[1, 4, 6, 23]
[1, 2, 10, 12, 14]
[1, 4, 7, 8]
[2, 4, 6, 16, 17]
[1, 3, 7, 13, 16]
[2, 3, 5, 23]
[1, 3, 8, 10, 19]
[16, 17, 18, 19, 20, 21, 22, 23, 24, 25, 26, 27, 28]


5
process id 7
stats
5, 15, 7, 100, 1000
20220818-101444
loosing coalitions taken
[1, 2, 8, 13, 17]
[3, 4, 6, 9, 20]
[1, 3, 7, 10, 23]
[1, 2, 7, 12, 22]
[1, 3, 8, 14, 15]
[2, 4, 5, 16]
[1, 2, 9, 10, 11]
[2, 3, 6, 11]
[1, 4, 6, 26]
[2, 3, 5, 21]
[3, 4, 5, 17, 25]
[1, 4, 7, 11, 16]
[1, 5, 6, 10, 22]
[2, 4, 6, 14, 19]
[16, 17, 18, 19, 20, 21, 22, 23, 24, 25, 26, 27, 28]


6
process id 1
stats
5, 15, 7, 100, 1000
20220818-101444
loosing coalitions taken
[1, 2, 9, 10, 12]
[1, 2, 7, 11, 26]
[1, 2, 8, 15, 16]
[1, 5, 6, 13, 23]
[2, 4, 5, 19]
[2, 3, 6, 14, 25]
[3, 4, 6, 10, 18]
[1, 3, 8, 12, 17]
[1, 3, 7, 13, 16]
[1, 4, 7, 8]
[1, 4, 6, 27]
[2, 3, 5, 23]
[3, 4, 5, 13]
[2, 4, 6, 8]
[16, 17, 18, 19, 20, 21, 22, 23, 24, 25, 26, 27, 28]


6
process id 2
stats
5, 15, 7, 100, 1000
20220818-101445
loosing coalitions taken
[3, 4, 5, 16]
[1, 4, 8, 9, 15]
[1, 5, 6, 15, 18]
[1, 3, 9, 10, 12]
[1, 2, 8, 12, 19]
[2, 3, 6, 12]
[1, 4, 7, 10, 19]
[1, 3, 7, 11, 22]
[1, 2, 7, 9]
[2, 4, 5, 17]
[2, 3, 5, 26, 28]
[3, 4, 6, 8]
[1, 4, 6, 23]
[2, 4, 6, 10, 24]
[16, 17, 18, 19, 20, 21, 22, 23, 24, 25, 26, 27, 28]


6
process id 3
stats
5, 15, 7, 100, 1000
20220818-101447
loosing coalitions taken
[1, 2, 10, 12, 14]
[1, 5, 6, 15, 17]
[1, 4, 7, 10, 19]
[2, 3, 7, 8, 10]
[1, 3, 7, 9, 20]
[2, 3, 6, 12]
[3, 4, 5, 13]
[1, 3, 8, 11, 17]
[1, 2, 7, 13, 25]
[2, 3, 5, 19, 28]
[3, 4, 6, 8]
[2, 4, 5, 18]
[1, 4, 6, 25]
[2, 4, 6, 13, 22]
[16, 17, 18, 19, 20, 21, 22, 23, 24, 25, 26, 27, 28]


6
process id 6
stats
5, 15, 7, 100, 1000
20220818-101448
loosing coalitions taken
[1, 5, 6, 12, 23]
[1, 2, 10, 11, 13]
[2, 4, 5, 17, 25]
[1, 2, 8, 14, 20]
[2, 4, 6, 16, 18]
[1, 3, 8, 12, 17]
[2, 3, 6, 13]
[3, 4, 5, 15]
[2, 3, 5, 22]
[1, 4, 7, 10, 18]
[1, 2, 7, 9, 23]
[3, 4, 6, 8]
[1, 3, 7, 13, 22]
[1, 4, 6, 28]
[16, 17, 18, 19, 20, 21, 22, 23, 24, 25, 26, 27, 28]


5
process id 7
stats
5, 15, 7, 100, 1000
20220818-101449
loosing coalitions taken
[2, 4, 6, 9, 24]
[1, 2, 8, 13, 17]
[1, 5, 6, 16, 17]
[1, 3, 8, 9, 20]
[2, 4, 5, 19]
[2, 3, 6, 13]
[1, 3, 7, 14, 21]
[1, 4, 6, 28]
[2, 3, 5, 21, 24]
[3, 4, 5, 16]
[1, 4, 7, 8]
[1, 2, 7, 10, 28]
[3, 4, 6, 8]
[1, 2, 9, 11, 14]
[16, 17, 18, 19, 20, 21, 22, 23, 24, 25, 26, 27, 28]


5
process id 1
stats
5, 15, 7, 100, 1000
20220818-101450
loosing coalitions taken
[1, 2, 7, 11, 27]
[2, 3, 6, 9]
[2, 4, 5, 19]
[1, 3, 7, 14, 20]
[1, 4, 8, 13, 14]
[1, 4, 6, 25]
[1, 3, 8, 11, 19]
[2, 3, 5, 23, 26]
[3, 4, 6, 13, 18]
[3, 4, 5, 14]
[2, 4, 6, 10, 20]
[1, 5, 6, 16, 19]
[1, 2, 8, 9, 20]
[1, 4, 7, 10, 17]
[16, 17, 18, 19, 20, 21, 22, 23, 24, 25, 26, 27, 28]


5
process id 6
stats
5, 15, 7, 100, 1000
20220818-101451
loosing coalitions taken
[1, 3, 7, 13, 21]
[1, 2, 7, 16, 18]
[2, 4, 5, 17]
[1, 3, 8, 10, 17]
[1, 2, 8, 11, 21]
[2, 3, 6, 12]
[1, 2, 9, 10, 13]
[3, 4, 6, 8, 27]
[1, 5, 6, 13, 22]
[3, 4, 5, 12]
[2, 4, 6, 10, 22]
[2, 3, 7, 8, 9]
[2, 3, 5, 23, 26]
[1, 4, 6, 28]
[16, 17, 18, 19, 20, 21, 22, 23, 24, 25, 26, 27, 28]


5
process id 2
stats
5, 15, 7, 100, 1000
20220818-101451
loosing coalitions taken
[1, 5, 6, 14, 20]
[1, 2, 7, 11, 26]
[1, 3, 7, 14, 17]
[1, 3, 8, 9, 16]
[3, 4, 5, 15]
[1, 2, 8, 10, 17]
[2, 3, 6, 11, 28]
[1, 4, 6, 22]
[2, 3, 5, 17]
[3, 4, 6, 12, 20]
[2, 4, 6, 15, 19]
[2, 4, 5, 18]
[1, 4, 7, 10, 19]
[1, 4, 8, 11, 12]
[16, 17, 18, 19, 20, 21, 22, 23, 24, 25, 26, 27, 28]


6
process id 7
stats
5, 15, 7, 100, 1000
20220818-101452
loosing coalitions taken
[1, 2, 7, 16, 21]
[1, 4, 8, 10, 12]
[2, 4, 5, 19]
[1, 3, 8, 9, 17]
[2, 3, 6, 9]
[1, 3, 7, 12, 22]
[1, 5, 6, 15, 17]
[3, 4, 5, 11]
[2, 3, 5, 20, 26]
[3, 4, 6, 14, 20]
[1, 4, 6, 26]
[2, 4, 6, 11, 23]
[1, 4, 7, 13, 14]
[1, 2, 8, 14, 15]
[16, 17, 18, 19, 20, 21, 22, 23, 24, 25, 26, 27, 28]


5
process id 5
stats
5, 15, 7, 100, 1000
20220818-101453
loosing coalitions taken
[1, 2, 7, 13, 25]
[2, 4, 5, 20]
[2, 3, 6, 10]
[1, 2, 9, 11, 14]
[1, 4, 6, 28]
[1, 4, 7, 8, 23]
[3, 4, 5, 14]
[2, 3, 5, 22]
[3, 4, 6, 8]
[1, 3, 7, 10, 19]
[1, 3, 8, 13, 16]
[1, 5, 6, 14, 20]
[2, 4, 6, 13, 19]
[1, 2, 8, 10, 17]
[16, 17, 18, 19, 20, 21, 22, 23, 24, 25, 26, 27, 28]


6
process id 2
stats
5, 15, 7, 100, 1000
20220818-101456
loosing coalitions taken
[1, 5, 6, 14, 22]
[3, 4, 6, 15, 17]
[1, 4, 7, 10, 19]
[1, 4, 8, 12, 14]
[1, 3, 8, 13, 16]
[2, 3, 6, 13]
[1, 2, 7, 11, 22]
[1, 2, 9, 10, 12]
[3, 4, 5, 16]
[2, 3, 5, 21, 26]
[1, 4, 6, 24, 26]
[2, 4, 5, 13]
[2, 4, 6, 8]
[1, 3, 7, 9, 20]
[16, 17, 18, 19, 20, 21, 22, 23, 24, 25, 26, 27, 28]


6
process id 1
stats
5, 15, 7, 100, 1000
20220818-101457
loosing coalitions taken
[1, 5, 6, 10, 24]
[1, 2, 7, 17, 18]
[3, 4, 5, 19, 25]
[1, 4, 6, 28]
[1, 3, 7, 11, 20]
[1, 2, 10, 12, 13]
[1, 2, 9, 11, 14]
[2, 4, 5, 17]
[2, 3, 6, 13]
[2, 3, 5, 23, 26]
[1, 4, 7, 9, 19]
[2, 4, 6, 11, 16]
[3, 4, 6, 9, 18]
[1, 3, 8, 10, 15]
[16, 17, 18, 19, 20, 21, 22, 23, 24, 25, 26, 27, 28]


6
process id 4
stats
5, 15, 7, 100, 1000
20220818-101458
loosing coalitions taken
[1, 5, 6, 11, 24]
[2, 4, 5, 18]
[1, 3, 8, 15, 16]
[1, 2, 8, 9, 19]
[1, 2, 10, 11, 14]
[1, 3, 7, 10, 23]
[1, 4, 8, 13, 14]
[1, 2, 7, 16, 21]
[2, 3, 6, 18, 21]
[2, 4, 6, 11, 19]
[3, 4, 5, 9]
[2, 3, 5, 20]
[1, 4, 6, 27]
[1, 4, 7, 9, 15]
[16, 17, 18, 19, 20, 21, 22, 23, 24, 25, 26, 27, 28]


6
process id 0
stats
5, 15, 7, 100, 1000
20220818-101459
loosing coalitions taken
[1, 2, 8, 9, 20]
[2, 3, 6, 10]
[2, 4, 5, 20]
[1, 2, 7, 12, 25]
[3, 4, 6, 8]
[2, 3, 5, 22, 25]
[1, 4, 6, 23]
[1, 5, 6, 9, 26]
[1, 4, 7, 8]
[3, 4, 5, 18, 26]
[1, 3, 7, 14, 19]
[1, 3, 8, 15, 16]
[2, 4, 6, 14, 18]
[1, 3, 9, 10, 11]
[16, 17, 18, 19, 20, 21, 22, 23, 24, 25, 26, 27, 28]


6
process id 2
stats
5, 15, 7, 100, 1000
20220818-101500
loosing coalitions taken
[1, 4, 8, 10, 14]
[1, 4, 7, 9, 16]
[1, 3, 7, 11, 21]
[1, 2, 8, 15, 17]
[1, 2, 9, 12, 13]
[1, 2, 7, 14, 24]
[1, 5, 6, 11, 22]
[1, 3, 8, 9, 20]
[3, 4, 6, 8]
[1, 4, 6, 25]
[2, 3, 5, 19]
[2, 4, 5, 18]
[2, 3, 6, 14]
[3, 4, 5, 15]
[16, 17, 18, 19, 20, 21, 22, 23, 24, 25, 26, 27, 28]


6
process id 3
stats
5, 15, 7, 100, 1000
20220818-101501
loosing coalitions taken
[3, 4, 5, 19, 26]
[2, 4, 5, 17]
[2, 3, 6, 14]
[1, 4, 6, 28]
[1, 2, 7, 13, 21]
[1, 3, 8, 10, 15]
[2, 4, 6, 8]
[1, 2, 8, 12, 19]
[1, 4, 8, 13, 14]
[2, 3, 5, 20]
[1, 5, 6, 13, 23]
[1, 3, 7, 14, 19]
[1, 4, 7, 9, 15]
[3, 4, 6, 15, 17]
[16, 17, 18, 19, 20, 21, 22, 23, 24, 25, 26, 27, 28]


5
process id 3
stats
5, 15, 7, 100, 1000
20220818-101503
loosing coalitions taken
[1, 2, 8, 9, 20]
[1, 2, 10, 11, 12]
[1, 2, 7, 16, 21]
[2, 3, 6, 13]
[1, 3, 7, 9, 22]
[3, 4, 5, 15]
[1, 4, 6, 28]
[2, 4, 5, 22, 23]
[2, 4, 6, 8]
[2, 3, 5, 25]
[2, 3, 7, 8, 10]
[1, 5, 6, 9, 23]
[3, 4, 6, 12, 21]
[1, 4, 8, 11, 14]
[16, 17, 18, 19, 20, 21, 22, 23, 24, 25, 26, 27, 28]


6
process id 2
stats
5, 15, 7, 100, 1000
20220818-101505
loosing coalitions taken
[1, 3, 8, 15, 16]
[2, 4, 5, 18]
[2, 3, 6, 13, 27]
[1, 5, 6, 10, 22]
[1, 3, 7, 14, 21]
[1, 2, 9, 10, 14]
[1, 4, 8, 11, 13]
[1, 2, 8, 12, 20]
[3, 5, 6, 7, 15]
[3, 4, 6, 8, 28]
[2, 3, 5, 25]
[2, 4, 6, 14, 20]
[1, 2, 7, 15, 17]
[1, 4, 6, 25]
[16, 17, 18, 19, 20, 21, 22, 23, 24, 25, 26, 27, 28]


6
process id 3
stats
5, 15, 7, 100, 1000
20220818-101506
loosing coalitions taken
[1, 4, 8, 12, 14]
[1, 2, 7, 13, 24]
[1, 5, 6, 10, 25]
[1, 2, 8, 11, 20]
[1, 3, 7, 12, 22]
[2, 4, 5, 20, 22]
[3, 4, 6, 10, 16]
[3, 4, 5, 19, 23]
[2, 3, 6, 17, 20]
[2, 3, 5, 21]
[1, 4, 7, 9, 16]
[1, 2, 9, 10, 12]
[2, 4, 6, 15, 18]
[1, 4, 6, 22]
[16, 17, 18, 19, 20, 21, 22, 23, 24, 25, 26, 27, 28]


6
process id 7
stats
5, 15, 7, 100, 1000
20220818-101506
loosing coalitions taken
[1, 3, 8, 13, 16]
[1, 2, 9, 10, 12]
[1, 5, 6, 14, 21]
[1, 2, 8, 14, 17]
[1, 2, 7, 13, 25]
[1, 4, 7, 14, 16]
[1, 4, 8, 10, 15]
[2, 4, 6, 13, 20]
[2, 3, 5, 23, 26]
[2, 3, 6, 10]
[3, 4, 5, 18, 25]
[1, 4, 6, 28]
[2, 4, 5, 16]
[1, 3, 7, 11, 21]
[16, 17, 18, 19, 20, 21, 22, 23, 24, 25, 26, 27, 28]


6
process id 1
stats
5, 15, 7, 100, 1000
20220818-101507
loosing coalitions taken
[2, 4, 5, 20, 28]
[1, 2, 9, 11, 13]
[1, 2, 8, 14, 20]
[1, 3, 7, 11, 23]
[2, 3, 6, 11]
[3, 4, 5, 16]
[1, 4, 6, 24]
[2, 3, 5, 25]
[1, 5, 6, 13, 23]
[3, 4, 6, 15, 17]
[1, 4, 8, 11, 12]
[2, 4, 6, 9, 25]
[1, 3, 8, 10, 13]
[1, 2, 7, 17, 19]
[16, 17, 18, 19, 20, 21, 22, 23, 24, 25, 26, 27, 28]


6
process id 4
stats
5, 15, 7, 100, 1000
20220818-101507
loosing coalitions taken
[1, 5, 6, 12, 23]
[2, 3, 6, 9]
[1, 3, 8, 12, 16]
[1, 4, 7, 8]
[3, 4, 5, 20, 21]
[2, 4, 5, 19]
[1, 4, 6, 27]
[2, 4, 6, 10, 20]
[1, 2, 7, 17, 18]
[3, 4, 6, 14, 18]
[1, 3, 7, 10, 24]
[2, 3, 5, 17]
[1, 2, 8, 10, 15]
[1, 2, 9, 11, 13]
[16, 17, 18, 19, 20, 21, 22, 23, 24, 25, 26, 27, 28]


6
process id 3
stats
5, 15, 7, 100, 1000
20220818-101511
loosing coalitions taken
[2, 3, 6, 14]
[1, 3, 8, 10, 18]
[1, 2, 10, 11, 13]
[1, 4, 6, 27]
[2, 4, 5, 18, 25]
[1, 3, 7, 16, 17]
[3, 4, 5, 15, 27]
[2, 3, 5, 20]
[1, 5, 6, 9, 22]
[1, 4, 7, 8]
[1, 2, 7, 15, 20]
[3, 4, 6, 12, 21]
[2, 5, 6, 8, 11]
[2, 4, 6, 13, 16]
[16, 17, 18, 19, 20, 21, 22, 23, 24, 25, 26, 27, 28]


6
process id 1
stats
5, 15, 7, 100, 1000
20220818-101513
loosing coalitions taken
[1, 3, 9, 10, 11]
[1, 2, 7, 9]
[2, 3, 6, 17, 21]
[2, 3, 5, 22]
[1, 5, 6, 13, 23]
[1, 3, 8, 12, 16]
[3, 4, 6, 14, 19]
[1, 2, 8, 10, 20]
[1, 4, 6, 28]
[2, 4, 5, 16]
[3, 4, 5, 17, 20]
[1, 4, 7, 10, 12]
[1, 3, 7, 13, 18]
[1, 4, 8, 9, 14]
[16, 17, 18, 19, 20, 21, 22, 23, 24, 25, 26, 27, 28]


6
process id 4
stats
5, 15, 7, 100, 1000
20220818-101513
loosing coalitions taken
[3, 4, 6, 10, 18]
[2, 3, 6, 12]
[2, 4, 5, 19, 27]
[3, 4, 5, 20, 23]
[1, 3, 7, 9, 24]
[1, 2, 8, 9, 22]
[2, 4, 6, 13, 22]
[1, 3, 8, 11, 15]
[1, 2, 7, 16, 19]
[1, 4, 6, 23]
[1, 4, 7, 10, 17]
[2, 3, 5, 22]
[1, 5, 6, 15, 20]
[1, 2, 10, 12, 13]
[16, 17, 18, 19, 20, 21, 22, 23, 24, 25, 26, 27, 28]


5
process id 1
stats
5, 15, 7, 100, 1000
20220818-101515
loosing coalitions taken
[1, 2, 9, 11, 14]
[1, 2, 7, 12, 25]
[2, 4, 5, 20, 24]
[2, 3, 5, 25]
[1, 5, 6, 16, 20]
[1, 2, 8, 10, 20]
[1, 3, 7, 10, 24]
[1, 4, 6, 24]
[3, 4, 6, 10, 18]
[2, 3, 6, 12]
[2, 4, 6, 8]
[3, 4, 5, 15]
[1, 3, 8, 11, 12]
[1, 4, 7, 9, 16]
[16, 17, 18, 19, 20, 21, 22, 23, 24, 25, 26, 27, 28]


5
process id 7
stats
5, 15, 7, 100, 1000
20220818-101515
loosing coalitions taken
[3, 4, 6, 11, 21]
[1, 5, 6, 14, 22]
[1, 2, 7, 11, 25]
[2, 4, 5, 18]
[1, 4, 7, 8]
[1, 3, 9, 10, 12]
[2, 3, 5, 22]
[3, 4, 5, 9]
[1, 4, 6, 24]
[2, 3, 6, 17, 19]
[1, 3, 8, 11, 17]
[1, 2, 8, 13, 16]
[2, 4, 6, 9, 22]
[1, 3, 7, 15, 20]
[16, 17, 18, 19, 20, 21, 22, 23, 24, 25, 26, 27, 28]


5
process id 3
stats
5, 15, 7, 100, 1000
20220818-101515
loosing coalitions taken
[1, 2, 7, 11, 27]
[1, 2, 8, 14, 19]
[1, 5, 6, 14, 20]
[1, 3, 7, 14, 17]
[3, 4, 5, 16]
[1, 3, 8, 9, 20]
[1, 2, 9, 12, 13]
[2, 3, 6, 15, 23]
[2, 4, 5, 22, 24]
[2, 3, 5, 19]
[2, 4, 6, 9, 25]
[1, 4, 7, 8]
[3, 4, 6, 10, 17]
[1, 4, 6, 23]
[16, 17, 18, 19, 20, 21, 22, 23, 24, 25, 26, 27, 28]


6
process id 0
stats
5, 15, 7, 100, 1000
20220818-101515
loosing coalitions taken
[2, 3, 6, 16, 23]
[1, 5, 6, 15, 20]
[1, 3, 8, 15, 16]
[1, 3, 7, 11, 20]
[1, 2, 7, 15, 18]
[1, 2, 8, 12, 17]
[2, 3, 5, 21, 27]
[1, 2, 9, 11, 14]
[3, 4, 5, 13]
[1, 4, 6, 27]
[1, 4, 7, 8, 24]
[2, 4, 5, 20, 24]
[3, 4, 6, 9, 18]
[2, 4, 6, 8]
[16, 17, 18, 19, 20, 21, 22, 23, 24, 25, 26, 27, 28]


6
process id 5
stats
5, 15, 7, 100, 1000
20220818-101516
loosing coalitions taken
[3, 4, 6, 13, 20]
[1, 2, 7, 11, 26]
[1, 3, 8, 9, 18]
[2, 3, 7, 8, 10]
[2, 3, 6, 11]
[1, 5, 6, 15, 17]
[1, 4, 8, 10, 11]
[1, 3, 7, 16, 19]
[1, 4, 7, 12, 15]
[1, 4, 6, 26]
[2, 4, 6, 10, 22]
[1, 2, 8, 14, 17]
[2, 3, 5, 25, 28]
[3, 4, 5, 19, 21]
[16, 17, 18, 19, 20, 21, 22, 23, 24, 25, 26, 27, 28]


6
process id 2
stats
5, 15, 7, 100, 1000
20220818-101517
loosing coalitions taken
[1, 2, 9, 10, 11]
[1, 2, 7, 17, 18]
[2, 3, 6, 10]
[2, 4, 5, 20]
[1, 5, 6, 11, 25]
[2, 4, 6, 13, 21]
[3, 4, 5, 11, 27]
[1, 2, 8, 13, 14]
[2, 3, 5, 21, 28]
[1, 3, 7, 10, 21]
[1, 4, 6, 24]
[3, 4, 6, 14, 20]
[1, 4, 7, 8]
[1, 3, 8, 15, 16]
[16, 17, 18, 19, 20, 21, 22, 23, 24, 25, 26, 27, 28]


6
process id 3
stats
5, 15, 7, 100, 1000
20220818-101518
loosing coalitions taken
[3, 4, 5, 17, 28]
[2, 3, 6, 13]
[1, 2, 8, 14, 17]
[1, 2, 7, 9]
[1, 5, 6, 12, 20]
[1, 3, 8, 11, 19]
[1, 4, 8, 10, 13]
[1, 4, 6, 25]
[1, 4, 7, 11, 16]
[2, 4, 5, 16]
[2, 4, 6, 9, 20]
[2, 3, 5, 24]
[1, 3, 7, 10, 18]
[3, 4, 6, 14, 18]
[16, 17, 18, 19, 20, 21, 22, 23, 24, 25, 26, 27, 28]


6
process id 4
stats
5, 15, 7, 100, 1000
20220818-101518
loosing coalitions taken
[2, 4, 6, 14, 21]
[1, 2, 8, 15, 16]
[2, 3, 7, 8, 10]
[1, 5, 6, 12, 24]
[1, 2, 9, 10, 11]
[2, 3, 6, 12]
[2, 4, 5, 17, 24]
[3, 4, 5, 15]
[1, 3, 8, 9, 17]
[1, 3, 7, 13, 19]
[2, 3, 5, 21]
[1, 4, 6, 28]
[1, 4, 7, 9, 18]
[3, 4, 6, 11, 17]
[16, 17, 18, 19, 20, 21, 22, 23, 24, 25, 26, 27, 28]


6
process id 6
stats
5, 15, 7, 100, 1000
20220818-101519
loosing coalitions taken
[2, 4, 6, 9, 22]
[2, 4, 5, 20, 25]
[1, 2, 7, 9]
[3, 4, 5, 19, 24]
[1, 3, 8, 10, 17]
[2, 3, 6, 14]
[3, 4, 6, 13, 18]
[1, 3, 7, 15, 16]
[1, 4, 7, 10, 18]
[2, 3, 5, 18]
[1, 4, 6, 28]
[1, 5, 6, 15, 20]
[1, 4, 8, 9, 12]
[1, 2, 8, 13, 16]
[16, 17, 18, 19, 20, 21, 22, 23, 24, 25, 26, 27, 28]


5
process id 5
stats
5, 15, 7, 100, 1000
20220818-101522
loosing coalitions taken
[2, 3, 6, 13]
[1, 3, 7, 16, 17]
[1, 5, 6, 15, 21]
[1, 4, 6, 27]
[1, 2, 8, 9, 22]
[3, 4, 5, 18, 25]
[2, 4, 5, 19]
[1, 4, 7, 13, 15]
[2, 3, 5, 17]
[2, 4, 6, 10, 20]
[1, 2, 7, 11, 25]
[1, 3, 8, 10, 13]
[3, 4, 6, 8]
[1, 4, 8, 11, 12]
[16, 17, 18, 19, 20, 21, 22, 23, 24, 25, 26, 27, 28]


6
process id 0
stats
5, 15, 7, 100, 1000
20220818-101524
loosing coalitions taken
[1, 4, 7, 8]
[1, 5, 6, 10, 23]
[2, 3, 5, 24]
[1, 2, 7, 12, 25]
[1, 4, 6, 25]
[2, 3, 6, 13]
[2, 4, 6, 8]
[1, 2, 8, 11, 21]
[1, 2, 9, 10, 14]
[2, 4, 5, 16, 25]
[3, 4, 5, 18, 21]
[3, 4, 6, 9, 20]
[1, 3, 7, 14, 19]
[1, 3, 8, 12, 17]
[16, 17, 18, 19, 20, 21, 22, 23, 24, 25, 26, 27, 28]


6
process id 2
stats
5, 15, 7, 100, 1000
20220818-101525
loosing coalitions taken
[1, 2, 8, 14, 18]
[2, 3, 6, 14]
[1, 4, 7, 8]
[1, 5, 6, 10, 23]
[1, 2, 9, 11, 12]
[3, 4, 5, 20, 23]
[1, 3, 8, 10, 19]
[2, 4, 5, 21, 25]
[1, 3, 7, 16, 18]
[1, 2, 7, 15, 21]
[2, 4, 6, 8]
[3, 4, 6, 13, 18]
[2, 3, 5, 24]
[1, 4, 6, 26]
[16, 17, 18, 19, 20, 21, 22, 23, 24, 25, 26, 27, 28]


5
process id 0
stats
5, 15, 7, 100, 1000
20220818-101526
loosing coalitions taken
[1, 2, 7, 9]
[2, 3, 6, 10]
[1, 5, 6, 11, 25]
[1, 4, 6, 27]
[2, 4, 5, 16, 25]
[3, 4, 6, 8]
[1, 4, 7, 10, 16]
[3, 4, 5, 15]
[2, 3, 5, 21]
[1, 2, 10, 11, 14]
[1, 2, 8, 12, 17]
[2, 4, 6, 15, 21]
[1, 4, 8, 9, 14]
[1, 3, 7, 8]
[16, 17, 18, 19, 20, 21, 22, 23, 24, 25, 26, 27, 28]


5
process id 6
stats
5, 15, 7, 100, 1000
20220818-101526
loosing coalitions taken
[1, 3, 8, 12, 16]
[1, 2, 7, 11, 24]
[1, 5, 6, 13, 22]
[2, 3, 5, 23]
[1, 2, 9, 12, 13]
[1, 2, 8, 10, 18]
[1, 4, 7, 8, 23]
[3, 4, 6, 9, 21]
[1, 4, 6, 25]
[2, 4, 5, 17]
[3, 4, 5, 14]
[2, 4, 6, 12, 23]
[1, 3, 7, 14, 17]
[2, 3, 6, 13]
[16, 17, 18, 19, 20, 21, 22, 23, 24, 25, 26, 27, 28]


6
process id 3
stats
5, 15, 7, 100, 1000
20220818-101526
loosing coalitions taken
[2, 3, 6, 14]
[1, 3, 7, 15, 20]
[1, 5, 6, 9, 25]
[1, 4, 6, 28]
[3, 4, 5, 16]
[1, 3, 8, 12, 17]
[1, 4, 8, 13, 14]
[2, 4, 6, 10, 21]
[2, 3, 5, 22, 26]
[1, 2, 7, 11, 27]
[1, 2, 9, 10, 12]
[3, 4, 6, 8]
[2, 4, 5, 17]
[1, 4, 7, 10, 16]
[16, 17, 18, 19, 20, 21, 22, 23, 24, 25, 26, 27, 28]


5
process id 1
stats
5, 15, 7, 100, 1000
20220818-101526
loosing coalitions taken
[1, 4, 7, 8, 23]
[1, 2, 7, 9, 25]
[2, 3, 6, 9]
[2, 4, 5, 20]
[1, 3, 7, 11, 17]
[1, 2, 8, 14, 15]
[3, 4, 5, 18, 21]
[1, 4, 6, 28]
[2, 3, 5, 17]
[1, 5, 6, 11, 24]
[1, 3, 8, 10, 13]
[3, 4, 6, 14, 15]
[2, 4, 6, 8]
[1, 2, 10, 11, 12]
[16, 17, 18, 19, 20, 21, 22, 23, 24, 25, 26, 27, 28]


5
process id 4
stats
5, 15, 7, 100, 1000
20220818-101528
loosing coalitions taken
[1, 4, 8, 12, 14]
[1, 3, 7, 14, 22]
[3, 4, 5, 19, 23]
[1, 2, 7, 12, 25]
[2, 4, 5, 17]
[1, 2, 9, 10, 14]
[2, 3, 6, 12]
[1, 5, 6, 11, 24]
[2, 3, 5, 24]
[1, 4, 6, 22]
[1, 2, 8, 13, 18]
[3, 4, 6, 13, 17]
[2, 4, 6, 9, 24]
[1, 4, 7, 10, 19]
[16, 17, 18, 19, 20, 21, 22, 23, 24, 25, 26, 27, 28]


6
process id 0
stats
5, 15, 7, 100, 1000
20220818-101529
loosing coalitions taken
[2, 3, 6, 15, 23]
[3, 5, 6, 7, 12]
[1, 3, 9, 10, 12]
[1, 2, 10, 11, 13]
[1, 5, 6, 16, 20]
[1, 4, 8, 11, 12]
[1, 2, 7, 9, 26]
[1, 3, 7, 16, 18]
[2, 4, 6, 11, 22]
[1, 4, 6, 27]
[1, 2, 8, 14, 17]
[3, 4, 5, 20, 22]
[2, 3, 5, 17, 26]
[2, 4, 5, 14]
[16, 17, 18, 19, 20, 21, 22, 23, 24, 25, 26, 27, 28]


5
process id 3
stats
5, 15, 7, 100, 1000
20220818-101530
loosing coalitions taken
[1, 2, 9, 10, 13]
[1, 3, 7, 14, 19]
[1, 5, 6, 9, 23]
[2, 3, 7, 8, 10]
[1, 2, 8, 11, 18]
[1, 4, 7, 10, 18]
[2, 3, 6, 13]
[1, 2, 7, 12, 26]
[1, 4, 6, 28]
[3, 4, 6, 8]
[2, 4, 6, 9, 17]
[2, 4, 5, 14]
[2, 3, 5, 22, 28]
[3, 4, 5, 13]
[16, 17, 18, 19, 20, 21, 22, 23, 24, 25, 26, 27, 28]


5
process id 7
stats
5, 15, 7, 100, 1000
20220818-101531
loosing coalitions taken
[2, 4, 5, 20]
[1, 2, 7, 15, 21]
[2, 3, 6, 13]
[1, 4, 8, 9, 14]
[1, 3, 7, 8]
[2, 3, 5, 25]
[1, 2, 8, 10, 20]
[3, 4, 5, 12]
[1, 4, 6, 28]
[1, 4, 7, 12, 16]
[3, 4, 6, 8]
[1, 5, 6, 13, 20]
[2, 4, 6, 10, 17]
[1, 3, 9, 10, 12]
[16, 17, 18, 19, 20, 21, 22, 23, 24, 25, 26, 27, 28]


5
process id 2
stats
5, 15, 7, 100, 1000
20220818-101533
loosing coalitions taken
[1, 2, 8, 11, 21]
[1, 4, 7, 8]
[2, 3, 6, 14, 26]
[3, 4, 6, 13, 17]
[1, 5, 6, 11, 20]
[2, 3, 5, 21]
[1, 2, 7, 14, 24]
[2, 4, 5, 17, 22]
[1, 4, 6, 27]
[1, 3, 7, 10, 17]
[2, 4, 6, 8]
[1, 3, 8, 9, 14]
[3, 4, 5, 10]
[1, 2, 9, 10, 12]
[16, 17, 18, 19, 20, 21, 22, 23, 24, 25, 26, 27, 28]


6
process id 5
stats
5, 15, 7, 100, 1000
20220818-101533
loosing coalitions taken
[1, 3, 7, 11, 23]
[1, 4, 7, 8]
[2, 4, 5, 19, 28]
[3, 4, 5, 20, 22]
[1, 5, 6, 11, 24]
[2, 3, 6, 12]
[1, 4, 6, 22]
[2, 4, 6, 9, 21]
[1, 2, 8, 15, 16]
[1, 2, 10, 11, 14]
[1, 2, 7, 9, 24]
[2, 3, 5, 25]
[3, 4, 6, 8, 26]
[1, 3, 8, 13, 14]
[16, 17, 18, 19, 20, 21, 22, 23, 24, 25, 26, 27, 28]


6
process id 6
stats
5, 15, 7, 100, 1000
20220818-101534
loosing coalitions taken
[1, 3, 8, 12, 17]
[1, 2, 7, 17, 19]
[1, 3, 7, 14, 22]
[1, 4, 8, 10, 13]
[1, 4, 6, 25]
[1, 2, 8, 14, 16]
[3, 4, 5, 12, 26]
[2, 4, 5, 13]
[2, 4, 6, 9, 23]
[2, 3, 5, 19, 27]
[2, 3, 6, 17, 20]
[1, 5, 6, 10, 19]
[1, 4, 7, 12, 16]
[3, 4, 6, 11, 15]
[16, 17, 18, 19, 20, 21, 22, 23, 24, 25, 26, 27, 28]


6
process id 7
stats
5, 15, 7, 100, 1000
20220818-101534
loosing coalitions taken
[1, 5, 6, 11, 25]
[3, 4, 5, 16]
[1, 2, 7, 17, 19]
[1, 4, 6, 27]
[2, 3, 6, 13]
[1, 3, 7, 13, 16]
[1, 2, 10, 12, 14]
[3, 4, 6, 9, 17]
[2, 3, 5, 22]
[1, 4, 7, 14, 15]
[2, 4, 6, 15, 20]
[1, 3, 8, 9, 19]
[2, 4, 5, 14]
[1, 4, 8, 10, 11]
[16, 17, 18, 19, 20, 21, 22, 23, 24, 25, 26, 27, 28]


6
process id 5
stats
5, 15, 7, 100, 1000
20220818-101535
loosing coalitions taken
[2, 3, 6, 14]
[1, 4, 7, 8]
[3, 4, 5, 15, 27]
[2, 3, 5, 22]
[1, 3, 8, 11, 17]
[2, 4, 6, 11, 17]
[1, 5, 6, 10, 24]
[3, 4, 6, 10, 19]
[1, 2, 8, 13, 16]
[1, 2, 7, 9]
[2, 4, 5, 18]
[1, 3, 7, 12, 16]
[1, 4, 6, 28]
[1, 2, 10, 12, 14]
[16, 17, 18, 19, 20, 21, 22, 23, 24, 25, 26, 27, 28]


6
process id 4
stats
5, 15, 7, 100, 1000
20220818-101536
loosing coalitions taken
[1, 2, 9, 12, 14]
[1, 3, 8, 12, 17]
[1, 3, 7, 14, 21]
[1, 4, 8, 11, 14]
[1, 4, 7, 9, 17]
[2, 3, 6, 11]
[1, 2, 8, 13, 20]
[1, 5, 6, 12, 24]
[1, 2, 7, 16, 18]
[1, 4, 6, 27]
[2, 4, 5, 20, 21]
[3, 4, 5, 15, 27]
[2, 4, 6, 10, 22]
[3, 4, 6, 8]
[16, 17, 18, 19, 20, 21, 22, 23, 24, 25, 26, 27, 28]


5
process id 4
stats
5, 15, 7, 100, 1000
20220818-101537
loosing coalitions taken
[1, 2, 8, 11, 18]
[2, 3, 5, 23]
[1, 2, 9, 10, 12]
[1, 4, 7, 9, 17]
[1, 2, 7, 13, 22]
[2, 4, 6, 15, 21]
[3, 4, 6, 14, 18]
[3, 4, 5, 13]
[2, 4, 5, 14]
[1, 4, 6, 28]
[1, 5, 6, 10, 24]
[2, 3, 6, 10]
[1, 3, 7, 8]
[1, 4, 8, 12, 13]
[16, 17, 18, 19, 20, 21, 22, 23, 24, 25, 26, 27, 28]


5
process id 2
stats
5, 15, 7, 100, 1000
20220818-101537
loosing coalitions taken
[1, 3, 8, 10, 18]
[1, 2, 9, 12, 13]
[1, 3, 7, 9, 24]
[1, 2, 7, 10, 26]
[2, 4, 6, 15, 19]
[2, 4, 5, 17, 24]
[2, 3, 6, 13]
[1, 4, 6, 25]
[3, 4, 6, 12, 16]
[1, 5, 6, 8]
[1, 4, 8, 11, 13]
[2, 3, 5, 25]
[3, 4, 5, 9]
[1, 4, 7, 14, 15]
[16, 17, 18, 19, 20, 21, 22, 23, 24, 25, 26, 27, 28]


6
process id 0
stats
5, 15, 7, 100, 1000
20220818-101539
loosing coalitions taken
[1, 2, 9, 11, 14]
[1, 3, 7, 13, 22]
[1, 4, 7, 8]
[1, 5, 6, 9, 24]
[2, 4, 5, 20]
[2, 3, 5, 19]
[3, 4, 5, 16]
[1, 4, 6, 23]
[3, 4, 6, 11, 18]
[2, 3, 6, 12, 27]
[1, 3, 8, 9, 18]
[1, 2, 8, 10, 21]
[2, 4, 6, 8]
[1, 2, 7, 12, 26]
[16, 17, 18, 19, 20, 21, 22, 23, 24, 25, 26, 27, 28]


6
process id 4
stats
5, 15, 7, 100, 1000
20220818-101539
loosing coalitions taken
[2, 4, 6, 15, 21]
[1, 2, 8, 15, 16]
[1, 3, 7, 14, 17]
[1, 3, 8, 11, 19]
[3, 4, 5, 13]
[2, 3, 6, 14]
[1, 4, 6, 27, 28]
[1, 3, 9, 10, 12]
[1, 4, 7, 8]
[3, 4, 6, 10, 17]
[1, 2, 7, 11, 18]
[2, 3, 5, 20]
[2, 4, 5, 16, 25]
[1, 5, 6, 11, 22]
[16, 17, 18, 19, 20, 21, 22, 23, 24, 25, 26, 27, 28]


6
process id 1
stats
5, 15, 7, 100, 1000
20220818-101539
loosing coalitions taken
[1, 2, 8, 12, 18]
[1, 3, 9, 10, 12]
[1, 5, 6, 16, 19]
[1, 2, 7, 13, 24]
[1, 4, 7, 8]
[2, 4, 5, 22, 23]
[2, 3, 6, 18, 21]
[3, 4, 5, 17, 24]
[2, 3, 5, 25]
[1, 4, 6, 28]
[3, 4, 6, 11, 16]
[2, 4, 6, 13, 17]
[1, 3, 8, 13, 16]
[1, 2, 10, 11, 14]
[16, 17, 18, 19, 20, 21, 22, 23, 24, 25, 26, 27, 28]


5
process id 0
stats
5, 15, 7, 100, 1000
20220818-101540
loosing coalitions taken
[1, 3, 8, 15, 16]
[2, 3, 6, 12]
[3, 4, 5, 15]
[1, 3, 7, 10, 18]
[1, 5, 6, 12, 22]
[2, 3, 5, 22]
[1, 2, 7, 9]
[3, 4, 6, 8]
[1, 2, 8, 14, 20]
[2, 4, 5, 17, 24]
[1, 4, 7, 8]
[1, 4, 6, 23]
[1, 2, 10, 12, 13]
[2, 4, 6, 15, 20]
[16, 17, 18, 19, 20, 21, 22, 23, 24, 25, 26, 27, 28]


6
process id 5
stats
5, 15, 7, 100, 1000
20220818-101540
loosing coalitions taken
[2, 3, 6, 14]
[1, 4, 8, 10, 13]
[1, 5, 6, 16, 19]
[1, 3, 7, 10, 24]
[2, 4, 5, 19]
[1, 4, 7, 9, 18]
[1, 4, 6, 27]
[1, 3, 8, 9, 15]
[2, 4, 6, 15, 21]
[2, 3, 5, 20]
[3, 4, 5, 13]
[3, 4, 6, 9, 16]
[1, 2, 9, 12, 14]
[1, 2, 7, 16, 17]
[16, 17, 18, 19, 20, 21, 22, 23, 24, 25, 26, 27, 28]


5
process id 4
stats
5, 15, 7, 100, 1000
20220818-101544
loosing coalitions taken
[1, 4, 7, 9, 18]
[1, 2, 8, 14, 16]
[2, 3, 6, 11]
[1, 3, 7, 13, 21]
[1, 3, 8, 10, 19]
[1, 2, 7, 15, 20]
[2, 4, 6, 8]
[2, 4, 5, 16]
[3, 4, 5, 14]
[1, 5, 6, 12, 22]
[1, 4, 6, 23]
[3, 4, 6, 12, 19]
[2, 3, 7, 8, 9]
[2, 3, 5, 19]
[16, 17, 18, 19, 20, 21, 22, 23, 24, 25, 26, 27, 28]


6
process id 1
stats
5, 15, 7, 100, 1000
20220818-101544
loosing coalitions taken
[1, 5, 6, 16, 19]
[2, 4, 5, 20, 28]
[1, 2, 9, 12, 14]
[2, 3, 6, 16, 20]
[1, 3, 8, 10, 18]
[2, 3, 5, 24]
[1, 2, 7, 13, 22]
[3, 4, 6, 8, 28]
[1, 4, 6, 25]
[1, 3, 7, 11, 17]
[3, 4, 5, 11]
[2, 4, 6, 9, 22]
[1, 4, 7, 8]
[1, 2, 8, 11, 21]
[16, 17, 18, 19, 20, 21, 22, 23, 24, 25, 26, 27, 28]


6
process id 7
stats
5, 15, 7, 100, 1000
20220818-101545
loosing coalitions taken
[1, 3, 7, 15, 19]
[1, 2, 7, 10, 28]
[1, 2, 8, 15, 16]
[1, 5, 6, 10, 25]
[1, 2, 9, 11, 12]
[2, 3, 6, 13]
[1, 4, 7, 13, 16]
[1, 4, 6, 23]
[2, 4, 5, 14]
[2, 3, 5, 25]
[3, 4, 6, 15, 16]
[3, 4, 5, 13]
[1, 3, 8, 12, 13]
[2, 4, 6, 9, 24]
[16, 17, 18, 19, 20, 21, 22, 23, 24, 25, 26, 27, 28]


6
process id 3
stats
5, 15, 7, 100, 1000
20220818-101545
loosing coalitions taken
[1, 2, 7, 13, 22]
[1, 2, 10, 12, 14]
[3, 4, 5, 16]
[1, 2, 8, 15, 17]
[1, 3, 8, 9, 18]
[1, 5, 6, 12, 24]
[2, 3, 6, 9]
[1, 4, 7, 9, 12]
[2, 3, 5, 17, 26]
[2, 4, 6, 8]
[2, 4, 5, 13]
[3, 4, 6, 14, 20]
[1, 4, 6, 23]
[2, 3, 7, 8, 10]
[16, 17, 18, 19, 20, 21, 22, 23, 24, 25, 26, 27, 28]


5
process id 7
stats
5, 15, 7, 100, 1000
20220818-101546
loosing coalitions taken
[1, 2, 9, 10, 12]
[1, 2, 8, 11, 18]
[1, 5, 6, 10, 26]
[1, 3, 8, 9, 17]
[1, 3, 7, 14, 19]
[2, 3, 6, 10]
[1, 2, 7, 16, 21]
[1, 4, 6, 23]
[3, 4, 5, 13]
[2, 4, 6, 13, 16]
[2, 4, 5, 20]
[3, 4, 6, 8, 26]
[2, 3, 5, 18, 27]
[1, 4, 7, 8]
[16, 17, 18, 19, 20, 21, 22, 23, 24, 25, 26, 27, 28]


5
process id 6
stats
5, 15, 7, 100, 1000
20220818-101546
loosing coalitions taken
[1, 5, 6, 12, 22]
[1, 3, 7, 10, 23]
[1, 2, 9, 10, 12]
[2, 4, 5, 17, 26]
[2, 3, 6, 10, 27]
[1, 4, 6, 28]
[1, 2, 8, 11, 18]
[2, 4, 6, 8]
[3, 4, 6, 9, 17]
[1, 4, 7, 11, 16]
[2, 3, 5, 21, 23]
[3, 4, 5, 20, 24]
[1, 3, 8, 12, 19]
[2, 5, 6, 7, 11]
[16, 17, 18, 19, 20, 21, 22, 23, 24, 25, 26, 27, 28]


