Results
15
0.64
0.642

6
process id 1
stats
5, 15, 7, 100, 1000
20220818-102209
loosing coalitions taken
[1, 3, 8, 14, 15]
[1, 2, 8, 12, 17]
[1, 2, 9, 11, 14]
[3, 4, 5, 16]
[1, 3, 7, 11, 22]
[2, 3, 6, 11]
[3, 4, 6, 9, 20]
[1, 4, 7, 10, 16]
[2, 4, 5, 15]
[2, 4, 6, 12, 22]
[2, 3, 5, 26, 27]
[1, 4, 6, 26]
[1, 5, 6, 10, 21]
[1, 3, 9, 10, 12]
[16, 17, 18, 19, 20, 21, 22, 23, 24, 25, 26, 27, 28]


5
process id 2
stats
5, 15, 7, 100, 1000
20220818-102209
loosing coalitions taken
[2, 3, 5, 23]
[1, 5, 6, 11, 22]
[3, 4, 6, 13, 18]
[1, 2, 10, 11, 13]
[2, 4, 6, 15, 20]
[1, 2, 7, 12, 24]
[1, 3, 8, 11, 17]
[1, 3, 7, 10, 22]
[3, 4, 5, 15]
[2, 3, 6, 10]
[2, 4, 5, 21, 22]
[1, 2, 8, 15, 16]
[1, 4, 7, 8]
[1, 4, 6, 28]
[16, 17, 18, 19, 20, 21, 22, 23, 24, 25, 26, 27, 28]


6
process id 6
stats
5, 15, 7, 100, 1000
20220818-102211
loosing coalitions taken
[1, 2, 7, 9]
[1, 3, 8, 14, 15]
[3, 4, 5, 15]
[2, 3, 6, 10]
[1, 4, 6, 25]
[2, 4, 5, 20]
[1, 5, 6, 13, 24]
[2, 3, 5, 22, 24]
[1, 4, 7, 8]
[1, 3, 7, 13, 19]
[2, 4, 6, 12, 17]
[1, 3, 9, 10, 11]
[1, 2, 8, 10, 21]
[3, 4, 6, 11, 16]
[16, 17, 18, 19, 20, 21, 22, 23, 24, 25, 26, 27, 28]


6
process id 5
stats
5, 15, 7, 100, 1000
20220818-102211
loosing coalitions taken
[1, 5, 6, 10, 25]
[2, 3, 5, 24]
[1, 4, 7, 8, 27]
[1, 2, 9, 11, 12]
[1, 3, 7, 9, 22]
[1, 3, 8, 11, 18]
[1, 2, 8, 14, 16]
[3, 4, 6, 8]
[3, 4, 5, 21, 22]
[2, 4, 6, 13, 22]
[1, 4, 6, 28]
[1, 2, 7, 13, 25]
[2, 3, 6, 12]
[2, 4, 5, 17, 23]
[16, 17, 18, 19, 20, 21, 22, 23, 24, 25, 26, 27, 28]


6
process id 3
stats
5, 15, 7, 100, 1000
20220818-102212
loosing coalitions taken
[1, 3, 7, 11, 23]
[1, 5, 6, 13, 22]
[1, 2, 10, 12, 14]
[1, 4, 7, 9, 17]
[2, 3, 6, 13]
[1, 4, 8, 11, 12]
[2, 4, 5, 18]
[1, 3, 8, 14, 16]
[1, 2, 8, 15, 17]
[2, 3, 5, 22]
[3, 4, 5, 14]
[3, 4, 6, 12, 17]
[1, 4, 6, 27, 28]
[2, 4, 6, 15, 16]
[16, 17, 18, 19, 20, 21, 22, 23, 24, 25, 26, 27, 28]


6
process id 2
stats
5, 15, 7, 100, 1000
20220818-102212
loosing coalitions taken
[1, 5, 6, 13, 23]
[1, 2, 7, 9]
[1, 3, 8, 10, 17]
[3, 4, 6, 8, 28]
[1, 4, 8, 12, 13]
[1, 4, 6, 27]
[2, 3, 6, 11]
[2, 3, 5, 24, 28]
[3, 4, 5, 16]
[1, 3, 7, 14, 21]
[2, 4, 5, 18]
[2, 5, 6, 8, 12]
[2, 4, 6, 14, 22]
[1, 4, 7, 10, 16]
[16, 17, 18, 19, 20, 21, 22, 23, 24, 25, 26, 27, 28]


6
process id 4
stats
5, 15, 7, 100, 1000
20220818-102213
loosing coalitions taken
[1, 5, 6, 13, 24]
[1, 2, 8, 9, 22]
[1, 4, 7, 8]
[2, 4, 6, 10, 23]
[3, 4, 6, 9, 22]
[2, 3, 5, 26, 28]
[1, 4, 6, 28]
[2, 4, 5, 18]
[2, 3, 6, 12]
[3, 4, 5, 15]
[1, 3, 7, 16, 19]
[1, 2, 7, 12, 23]
[1, 2, 10, 11, 13]
[1, 3, 8, 13, 15]
[16, 17, 18, 19, 20, 21, 22, 23, 24, 25, 26, 27, 28]


6
process id 5
stats
5, 15, 7, 100, 1000
20220818-102214
loosing coalitions taken
[3, 4, 5, 20, 23]
[1, 5, 6, 14, 22]
[1, 2, 9, 11, 14]
[2, 4, 6, 15, 17]
[2, 3, 6, 10]
[2, 4, 5, 19]
[1, 3, 7, 12, 19]
[1, 4, 7, 8]
[1, 4, 6, 26]
[1, 2, 8, 12, 21]
[1, 3, 8, 9, 15]
[2, 3, 5, 25]
[3, 4, 6, 13, 16]
[1, 2, 7, 15, 20]
[16, 17, 18, 19, 20, 21, 22, 23, 24, 25, 26, 27, 28]


6
process id 7
stats
5, 15, 7, 100, 1000
20220818-102215
loosing coalitions taken
[1, 5, 6, 11, 23]
[1, 3, 8, 12, 18]
[3, 4, 6, 11, 21]
[1, 3, 7, 15, 19]
[2, 4, 6, 16, 19]
[1, 2, 7, 14, 23]
[1, 2, 8, 11, 20]
[2, 4, 5, 17, 27]
[1, 2, 9, 10, 12]
[1, 4, 7, 8, 27]
[3, 4, 5, 18, 24]
[2, 3, 6, 10, 25]
[2, 3, 5, 20]
[1, 4, 6, 25]
[16, 17, 18, 19, 20, 21, 22, 23, 24, 25, 26, 27, 28]


6
process id 1
stats
5, 15, 7, 100, 1000
20220818-102215
loosing coalitions taken
[2, 3, 6, 13]
[1, 4, 7, 8, 27]
[1, 2, 8, 12, 20]
[3, 4, 5, 16]
[1, 2, 7, 9]
[2, 3, 5, 25, 26]
[2, 4, 6, 11, 22]
[1, 3, 7, 14, 22]
[1, 5, 6, 15, 20]
[2, 4, 5, 17, 27]
[3, 4, 6, 12, 17]
[1, 4, 6, 26]
[2, 5, 6, 8, 10]
[1, 3, 9, 10, 11]
[16, 17, 18, 19, 20, 21, 22, 23, 24, 25, 26, 27, 28]


6
process id 6
stats
5, 15, 7, 100, 1000
20220818-102216
loosing coalitions taken
[1, 4, 7, 8]
[2, 4, 5, 18]
[3, 4, 5, 19, 23]
[1, 3, 7, 15, 19]
[1, 3, 8, 9, 17]
[1, 5, 6, 12, 21]
[1, 4, 6, 27]
[2, 4, 6, 11, 22]
[2, 3, 5, 21]
[2, 3, 6, 16, 18]
[1, 2, 8, 11, 18]
[1, 2, 7, 13, 25]
[1, 2, 9, 10, 12]
[3, 4, 6, 10, 17]
[16, 17, 18, 19, 20, 21, 22, 23, 24, 25, 26, 27, 28]


5
process id 5
stats
5, 15, 7, 100, 1000
20220818-102216
loosing coalitions taken
[2, 4, 6, 11, 24]
[3, 4, 5, 18, 22]
[1, 2, 8, 13, 18]
[1, 3, 7, 15, 19]
[1, 2, 7, 9]
[2, 4, 5, 16]
[1, 3, 8, 11, 16]
[1, 4, 6, 25]
[2, 3, 6, 16, 22]
[1, 5, 6, 13, 21]
[2, 3, 5, 23]
[1, 4, 7, 13, 14]
[1, 4, 8, 9, 12]
[3, 4, 6, 8]
[16, 17, 18, 19, 20, 21, 22, 23, 24, 25, 26, 27, 28]


6
process id 0
stats
5, 15, 7, 100, 1000
20220818-102216
loosing coalitions taken
[1, 3, 7, 14, 22]
[2, 3, 6, 13]
[1, 2, 9, 10, 14]
[1, 4, 7, 8]
[2, 4, 5, 17]
[1, 2, 8, 13, 17]
[1, 5, 6, 11, 23]
[3, 4, 5, 18, 22]
[2, 3, 5, 24]
[1, 3, 8, 12, 15]
[1, 4, 6, 26]
[2, 4, 6, 12, 18]
[3, 4, 6, 10, 20]
[1, 2, 7, 11, 25]
[16, 17, 18, 19, 20, 21, 22, 23, 24, 25, 26, 27, 28]


5
process id 1
stats
5, 15, 7, 100, 1000
20220818-102218
loosing coalitions taken
[1, 4, 7, 9, 17]
[2, 3, 6, 14]
[1, 3, 8, 10, 19]
[2, 4, 5, 17]
[1, 5, 6, 13, 21]
[1, 2, 8, 11, 21]
[1, 2, 7, 16, 18]
[1, 3, 7, 13, 20]
[2, 4, 6, 11, 24]
[2, 3, 5, 22]
[3, 4, 5, 21, 23]
[1, 4, 6, 28]
[3, 4, 6, 8]
[1, 4, 8, 13, 14]
[16, 17, 18, 19, 20, 21, 22, 23, 24, 25, 26, 27, 28]


6
process id 2
stats
5, 15, 7, 100, 1000
20220818-102218
loosing coalitions taken
[1, 2, 8, 14, 20]
[1, 3, 7, 15, 21]
[1, 3, 8, 11, 18]
[2, 4, 5, 19]
[1, 5, 6, 11, 23]
[3, 4, 6, 13, 17]
[2, 3, 6, 14, 26]
[1, 2, 7, 12, 26]
[2, 3, 7, 8, 10]
[2, 3, 5, 21]
[1, 4, 6, 25]
[3, 4, 5, 15]
[1, 4, 7, 9, 17]
[2, 4, 6, 10, 18]
[16, 17, 18, 19, 20, 21, 22, 23, 24, 25, 26, 27, 28]


6
process id 0
stats
5, 15, 7, 100, 1000
20220818-102218
loosing coalitions taken
[1, 3, 7, 9, 24]
[2, 3, 6, 13]
[3, 4, 5, 20, 24]
[1, 2, 7, 15, 22]
[1, 2, 10, 11, 14]
[2, 4, 5, 18]
[1, 2, 8, 12, 21]
[3, 4, 6, 11, 16]
[1, 4, 6, 25]
[1, 4, 7, 8]
[2, 3, 5, 22]
[1, 5, 6, 9, 23]
[1, 3, 8, 14, 15]
[2, 4, 6, 14, 17]
[16, 17, 18, 19, 20, 21, 22, 23, 24, 25, 26, 27, 28]


5
process id 3
stats
5, 15, 7, 100, 1000
20220818-102219
loosing coalitions taken
[1, 2, 8, 9, 22]
[1, 4, 8, 13, 14]
[1, 2, 10, 11, 12]
[1, 3, 7, 14, 20]
[1, 2, 7, 13, 25]
[1, 5, 6, 15, 17]
[1, 3, 8, 10, 17]
[3, 4, 5, 15]
[2, 3, 5, 25]
[1, 4, 6, 27]
[2, 3, 6, 10]
[2, 4, 5, 19]
[1, 4, 7, 10, 18]
[3, 4, 6, 12, 17]
[16, 17, 18, 19, 20, 21, 22, 23, 24, 25, 26, 27, 28]


6
process id 4
stats
5, 15, 7, 100, 1000
20220818-102219
loosing coalitions taken
[1, 3, 9, 10, 12]
[1, 4, 8, 13, 14]
[1, 2, 8, 12, 18]
[3, 4, 5, 16]
[1, 3, 7, 14, 17]
[2, 3, 6, 12]
[1, 2, 7, 15, 20]
[2, 3, 5, 23]
[2, 4, 5, 19]
[3, 4, 6, 8]
[2, 4, 6, 15, 16]
[1, 4, 6, 27]
[1, 5, 6, 13, 21]
[1, 2, 9, 11, 14]
[16, 17, 18, 19, 20, 21, 22, 23, 24, 25, 26, 27, 28]


6
process id 6
stats
5, 15, 7, 100, 1000
20220818-102220
loosing coalitions taken
[1, 3, 8, 15, 16]
[1, 2, 8, 12, 20]
[1, 5, 6, 16, 20]
[1, 2, 7, 16, 21]
[2, 4, 5, 19]
[1, 3, 7, 10, 22]
[3, 4, 5, 18, 20]
[2, 3, 5, 22]
[2, 3, 6, 14]
[1, 4, 6, 26]
[1, 4, 7, 9, 19]
[2, 4, 6, 9, 23]
[1, 4, 8, 13, 14]
[3, 4, 6, 10, 17]
[16, 17, 18, 19, 20, 21, 22, 23, 24, 25, 26, 27, 28]


6
process id 2
stats
5, 15, 7, 100, 1000
20220818-102222
loosing coalitions taken
[1, 3, 7, 9, 22]
[1, 2, 8, 12, 18]
[1, 4, 7, 10, 19]
[3, 5, 6, 7, 12]
[2, 3, 6, 9]
[1, 3, 8, 11, 17]
[1, 4, 6, 28]
[3, 4, 5, 19, 26]
[1, 2, 10, 11, 13]
[2, 3, 5, 20]
[1, 5, 6, 11, 23]
[3, 4, 6, 8]
[2, 4, 6, 14, 21]
[2, 4, 5, 18, 23]
[16, 17, 18, 19, 20, 21, 22, 23, 24, 25, 26, 27, 28]


6
process id 5
stats
5, 15, 7, 100, 1000
20220818-102223
loosing coalitions taken
[1, 3, 8, 15, 16]
[1, 3, 7, 13, 21]
[1, 2, 7, 12, 25]
[2, 4, 5, 21, 25]
[3, 4, 5, 15]
[1, 2, 8, 10, 18]
[1, 3, 9, 10, 12]
[1, 5, 6, 9, 22]
[2, 3, 6, 17, 20]
[2, 3, 5, 22]
[2, 4, 6, 14, 22]
[1, 4, 8, 9, 11]
[1, 4, 6, 27]
[3, 4, 6, 12, 19]
[16, 17, 18, 19, 20, 21, 22, 23, 24, 25, 26, 27, 28]


6
process id 7
stats
5, 15, 7, 100, 1000
20220818-102224
loosing coalitions taken
[2, 3, 6, 10]
[1, 4, 8, 11, 12]
[1, 5, 6, 13, 22]
[1, 2, 7, 15, 22]
[1, 3, 7, 11, 23]
[2, 4, 5, 19, 28]
[1, 4, 6, 28]
[1, 2, 9, 11, 13]
[2, 3, 5, 21]
[3, 4, 5, 18, 20]
[2, 4, 6, 12, 17]
[1, 3, 8, 10, 15]
[3, 4, 6, 15, 16]
[1, 4, 7, 9, 19]
[16, 17, 18, 19, 20, 21, 22, 23, 24, 25, 26, 27, 28]


6
process id 6
stats
5, 15, 7, 100, 1000
20220818-102224
loosing coalitions taken
[2, 4, 6, 12, 22]
[1, 3, 7, 14, 22]
[3, 4, 6, 15, 17]
[2, 3, 6, 14]
[1, 2, 7, 17, 18]
[1, 3, 8, 12, 17]
[1, 3, 9, 10, 11]
[1, 4, 8, 10, 15]
[1, 5, 6, 13, 23]
[3, 4, 5, 16]
[2, 3, 5, 22]
[2, 4, 5, 20]
[1, 4, 6, 27]
[1, 2, 8, 13, 16]
[16, 17, 18, 19, 20, 21, 22, 23, 24, 25, 26, 27, 28]


6
process id 4
stats
5, 15, 7, 100, 1000
20220818-102224
loosing coalitions taken
[1, 2, 7, 12, 25]
[1, 4, 8, 10, 11]
[3, 4, 5, 18, 27]
[1, 2, 9, 11, 13]
[1, 3, 7, 14, 22]
[2, 3, 5, 25, 26]
[2, 4, 5, 17]
[1, 4, 7, 13, 15]
[1, 3, 8, 13, 16]
[2, 3, 7, 8, 10]
[1, 2, 8, 14, 20]
[1, 5, 6, 15, 21]
[2, 3, 6, 12]
[1, 4, 6, 25]
[16, 17, 18, 19, 20, 21, 22, 23, 24, 25, 26, 27, 28]


6
process id 5
stats
5, 15, 7, 100, 1000
20220818-102225
loosing coalitions taken
[2, 3, 6, 13]
[1, 2, 8, 14, 17]
[1, 3, 7, 11, 23]
[1, 5, 6, 15, 17]
[2, 4, 5, 20]
[1, 2, 7, 16, 19]
[3, 4, 5, 16, 23]
[2, 4, 6, 10, 22]
[1, 4, 7, 8]
[2, 3, 5, 21]
[1, 4, 6, 28]
[1, 2, 9, 11, 13]
[1, 3, 8, 12, 18]
[3, 4, 6, 8]
[16, 17, 18, 19, 20, 21, 22, 23, 24, 25, 26, 27, 28]


5
process id 6
stats
5, 15, 7, 100, 1000
20220818-102226
loosing coalitions taken
[2, 3, 6, 14]
[1, 3, 9, 10, 11]
[1, 4, 7, 8]
[3, 4, 6, 8]
[1, 2, 7, 9, 28]
[2, 3, 5, 23]
[3, 4, 5, 15]
[2, 4, 5, 18]
[2, 4, 6, 12, 23]
[1, 3, 7, 13, 19]
[1, 2, 8, 14, 18]
[1, 4, 6, 27]
[1, 5, 6, 11, 23]
[1, 3, 8, 15, 16]
[16, 17, 18, 19, 20, 21, 22, 23, 24, 25, 26, 27, 28]


5
process id 1
stats
5, 15, 7, 100, 1000
20220818-102226
loosing coalitions taken
[2, 3, 6, 14]
[1, 2, 8, 11, 21]
[1, 4, 7, 8]
[1, 3, 9, 10, 11]
[1, 5, 6, 13, 22]
[1, 3, 7, 15, 16]
[1, 4, 6, 27]
[2, 4, 5, 16]
[1, 2, 7, 14, 23]
[2, 3, 5, 22]
[1, 3, 8, 13, 14]
[3, 4, 5, 14]
[3, 4, 6, 8]
[2, 4, 6, 10, 23]
[16, 17, 18, 19, 20, 21, 22, 23, 24, 25, 26, 27, 28]


6
process id 5
stats
5, 15, 7, 100, 1000
20220818-102228
loosing coalitions taken
[1, 2, 9, 12, 14]
[2, 4, 6, 10, 23]
[2, 3, 6, 11]
[1, 3, 7, 12, 22]
[3, 4, 5, 15, 28]
[1, 4, 7, 10, 16]
[1, 3, 8, 14, 15]
[1, 2, 7, 13, 24]
[1, 4, 6, 28]
[2, 4, 5, 19]
[1, 5, 6, 16, 18]
[2, 3, 5, 23]
[1, 2, 8, 10, 21]
[3, 4, 6, 8]
[16, 17, 18, 19, 20, 21, 22, 23, 24, 25, 26, 27, 28]


6
process id 0
stats
5, 15, 7, 100, 1000
20220818-102228
loosing coalitions taken
[1, 2, 7, 9]
[1, 4, 8, 13, 14]
[2, 3, 6, 14]
[2, 4, 5, 17]
[1, 3, 8, 11, 19]
[1, 5, 6, 12, 23]
[2, 3, 5, 22]
[3, 4, 5, 13]
[1, 3, 7, 13, 22]
[1, 4, 6, 25]
[1, 2, 10, 11, 13]
[3, 4, 6, 8]
[1, 3, 9, 10, 12]
[1, 4, 7, 10, 17]
[16, 17, 18, 19, 20, 21, 22, 23, 24, 25, 26, 27, 28]


6
process id 6
stats
5, 15, 7, 100, 1000
20220818-102230
loosing coalitions taken
[1, 4, 7, 8]
[1, 5, 6, 9, 25]
[3, 4, 6, 13, 21]
[1, 2, 10, 11, 14]
[3, 4, 5, 17, 26]
[2, 3, 6, 11]
[2, 4, 5, 20, 22]
[1, 3, 8, 13, 14]
[1, 4, 6, 26]
[2, 4, 6, 15, 19]
[2, 3, 5, 23, 28]
[1, 2, 8, 9, 20]
[1, 2, 7, 13, 23]
[1, 3, 9, 10, 12]
[16, 17, 18, 19, 20, 21, 22, 23, 24, 25, 26, 27, 28]


6
process id 4
stats
5, 15, 7, 100, 1000
20220818-102231
loosing coalitions taken
[2, 4, 5, 20]
[1, 4, 7, 9, 19]
[1, 3, 9, 10, 11]
[2, 3, 6, 9]
[1, 3, 7, 12, 21]
[1, 2, 7, 14, 24]
[1, 2, 10, 12, 13]
[1, 3, 8, 13, 16]
[1, 4, 6, 27]
[2, 4, 6, 11, 21]
[3, 4, 5, 14]
[2, 3, 5, 23]
[1, 5, 6, 15, 17]
[3, 4, 6, 12, 16]
[16, 17, 18, 19, 20, 21, 22, 23, 24, 25, 26, 27, 28]


5
process id 0
stats
5, 15, 7, 100, 1000
20220818-102234
loosing coalitions taken
[1, 4, 8, 10, 11]
[3, 5, 6, 7, 15]
[3, 4, 6, 12, 18]
[1, 3, 8, 15, 16]
[1, 2, 7, 11, 24]
[1, 3, 7, 14, 21]
[2, 3, 7, 8, 9]
[2, 3, 6, 14]
[1, 5, 6, 10, 22]
[1, 3, 9, 10, 12]
[1, 2, 8, 13, 19]
[1, 4, 6, 27]
[2, 4, 5, 18, 22]
[3, 4, 5, 16]
[16, 17, 18, 19, 20, 21, 22, 23, 24, 25, 26, 27, 28]


5
process id 3
stats
5, 15, 7, 100, 1000
20220818-102234
loosing coalitions taken
[1, 5, 6, 11, 24]
[1, 2, 10, 11, 13]
[2, 3, 6, 14]
[3, 4, 5, 17, 22]
[1, 2, 7, 9]
[1, 3, 8, 11, 19]
[3, 4, 6, 8]
[1, 4, 6, 27]
[2, 4, 5, 19]
[2, 4, 6, 12, 22]
[1, 3, 7, 14, 17]
[2, 3, 5, 25]
[1, 4, 7, 8]
[1, 2, 8, 15, 17]
[16, 17, 18, 19, 20, 21, 22, 23, 24, 25, 26, 27, 28]


5
process id 3
stats
5, 15, 7, 100, 1000
20220818-102236
loosing coalitions taken
[1, 4, 7, 8]
[1, 2, 9, 10, 14]
[2, 4, 5, 20]
[2, 3, 6, 19, 20]
[1, 2, 8, 11, 16]
[3, 4, 6, 13, 16]
[1, 3, 8, 9, 19]
[3, 4, 5, 17, 21]
[2, 4, 6, 9, 23]
[2, 3, 5, 23]
[1, 2, 7, 15, 17]
[1, 4, 6, 27]
[1, 5, 6, 13, 22]
[1, 3, 7, 14, 22]
[16, 17, 18, 19, 20, 21, 22, 23, 24, 25, 26, 27, 28]


6
process id 2
stats
5, 15, 7, 100, 1000
20220818-102237
loosing coalitions taken
[3, 4, 5, 16]
[2, 3, 6, 12]
[1, 4, 7, 8]
[1, 4, 6, 27]
[1, 5, 6, 9, 21]
[1, 2, 7, 11, 25]
[1, 3, 7, 10, 19]
[1, 2, 10, 12, 14]
[3, 4, 6, 14, 20]
[2, 3, 5, 22]
[2, 4, 5, 20]
[1, 3, 8, 11, 15]
[2, 4, 6, 16, 17]
[1, 2, 8, 9, 17]
[16, 17, 18, 19, 20, 21, 22, 23, 24, 25, 26, 27, 28]


6
process id 7
stats
5, 15, 7, 100, 1000
20220818-102237
loosing coalitions taken
[2, 3, 6, 13]
[1, 2, 9, 12, 14]
[1, 2, 7, 16, 20]
[1, 3, 8, 9, 20]
[1, 4, 8, 10, 11]
[1, 3, 7, 10, 23]
[2, 4, 5, 17]
[1, 4, 6, 25]
[3, 4, 5, 15]
[2, 3, 5, 21]
[1, 4, 7, 12, 15]
[1, 5, 6, 13, 23]
[3, 4, 6, 8]
[2, 4, 6, 15, 19]
[16, 17, 18, 19, 20, 21, 22, 23, 24, 25, 26, 27, 28]


5
process id 5
stats
5, 15, 7, 100, 1000
20220818-102237
loosing coalitions taken
[2, 4, 6, 9, 23]
[1, 3, 9, 10, 11]
[1, 2, 7, 9]
[1, 3, 8, 12, 18]
[2, 4, 5, 20]
[1, 2, 8, 15, 16]
[1, 4, 6, 28]
[1, 4, 7, 8]
[3, 4, 5, 17, 25]
[2, 3, 6, 16, 20]
[2, 3, 5, 22]
[1, 5, 6, 12, 21]
[1, 3, 7, 14, 20]
[3, 4, 6, 8]
[16, 17, 18, 19, 20, 21, 22, 23, 24, 25, 26, 27, 28]


6
process id 1
stats
5, 15, 7, 100, 1000
20220818-102239
loosing coalitions taken
[1, 3, 8, 12, 17]
[2, 4, 5, 18, 27]
[2, 3, 5, 24]
[1, 3, 7, 14, 20]
[1, 4, 7, 8, 27]
[3, 4, 6, 12, 19]
[1, 2, 10, 12, 14]
[2, 4, 6, 9, 22]
[3, 4, 5, 17, 23]
[1, 5, 6, 15, 18]
[1, 4, 6, 26, 28]
[2, 3, 6, 13, 27]
[1, 2, 7, 9, 23]
[1, 2, 8, 13, 18]
[16, 17, 18, 19, 20, 21, 22, 23, 24, 25, 26, 27, 28]


5
process id 3
stats
5, 15, 7, 100, 1000
20220818-102242
loosing coalitions taken
[1, 2, 7, 12, 26]
[3, 4, 6, 13, 20]
[1, 4, 7, 8]
[3, 5, 6, 7, 14]
[1, 5, 6, 12, 24]
[1, 3, 9, 10, 12]
[2, 4, 5, 17]
[2, 3, 5, 25, 28]
[2, 4, 6, 15, 19]
[2, 3, 6, 10, 24]
[1, 4, 6, 28]
[1, 2, 8, 13, 20]
[1, 3, 8, 11, 18]
[3, 4, 5, 16]
[16, 17, 18, 19, 20, 21, 22, 23, 24, 25, 26, 27, 28]


6
process id 0
stats
5, 15, 7, 100, 1000
20220818-102242
loosing coalitions taken
[1, 4, 7, 9, 19]
[2, 4, 6, 12, 23]
[2, 3, 6, 10]
[2, 4, 5, 20]
[1, 3, 8, 12, 16]
[1, 4, 8, 10, 15]
[1, 2, 8, 9, 22]
[1, 3, 7, 13, 22]
[3, 4, 5, 13]
[2, 3, 5, 21, 28]
[1, 5, 6, 14, 18]
[1, 4, 6, 27]
[3, 4, 6, 8]
[1, 2, 7, 10, 27]
[16, 17, 18, 19, 20, 21, 22, 23, 24, 25, 26, 27, 28]


6
process id 5
stats
5, 15, 7, 100, 1000
20220818-102242
loosing coalitions taken
[1, 2, 9, 11, 14]
[1, 2, 8, 10, 19]
[1, 2, 7, 12, 23]
[3, 4, 6, 11, 18]
[1, 3, 7, 10, 22]
[1, 3, 8, 11, 16]
[2, 4, 6, 9, 24]
[2, 3, 5, 24]
[2, 4, 5, 22, 23]
[3, 4, 5, 14]
[1, 5, 6, 10, 23]
[2, 3, 6, 13]
[1, 4, 6, 26]
[1, 4, 7, 8]
[16, 17, 18, 19, 20, 21, 22, 23, 24, 25, 26, 27, 28]


5
process id 4
stats
5, 15, 7, 100, 1000
20220818-102242
loosing coalitions taken
[1, 5, 6, 13, 24]
[1, 3, 9, 10, 11]
[3, 4, 5, 17, 23]
[2, 3, 6, 10]
[1, 2, 9, 12, 13]
[1, 2, 7, 16, 18]
[1, 3, 7, 13, 19]
[2, 4, 5, 19]
[1, 4, 7, 8]
[3, 4, 6, 11, 19]
[2, 4, 6, 12, 23]
[2, 3, 5, 24]
[1, 4, 6, 27]
[1, 3, 8, 12, 15]
[16, 17, 18, 19, 20, 21, 22, 23, 24, 25, 26, 27, 28]


6
process id 2
stats
5, 15, 7, 100, 1000
20220818-102243
loosing coalitions taken
[2, 4, 5, 20]
[1, 4, 7, 14, 16]
[1, 2, 7, 15, 21]
[1, 3, 7, 13, 20]
[1, 5, 6, 11, 25]
[1, 3, 8, 12, 16]
[1, 2, 9, 12, 13]
[1, 4, 6, 27]
[2, 3, 5, 24]
[2, 3, 6, 11]
[3, 4, 6, 8]
[2, 4, 6, 9, 25]
[1, 2, 8, 14, 19]
[3, 4, 5, 15]
[16, 17, 18, 19, 20, 21, 22, 23, 24, 25, 26, 27, 28]


6
process id 6
stats
5, 15, 7, 100, 1000
20220818-102243
loosing coalitions taken
[1, 4, 7, 8]
[1, 2, 10, 11, 12]
[1, 5, 6, 10, 24]
[2, 4, 6, 14, 18]
[2, 4, 5, 16, 26]
[1, 2, 7, 15, 19]
[1, 3, 8, 10, 15]
[2, 3, 5, 22]
[1, 3, 7, 13, 18]
[2, 3, 6, 11]
[1, 4, 6, 26]
[1, 2, 8, 9, 18]
[3, 4, 5, 13]
[3, 4, 6, 8]
[16, 17, 18, 19, 20, 21, 22, 23, 24, 25, 26, 27, 28]


5
process id 6
stats
5, 15, 7, 100, 1000
20220818-102245
loosing coalitions taken
[1, 2, 8, 15, 17]
[2, 3, 6, 9]
[1, 3, 8, 11, 18]
[1, 4, 8, 12, 14]
[1, 4, 7, 9, 16]
[2, 4, 5, 18]
[1, 3, 7, 12, 22]
[1, 5, 6, 12, 21]
[3, 4, 6, 10, 19]
[1, 4, 6, 28]
[2, 3, 5, 22]
[1, 2, 9, 10, 11]
[2, 4, 6, 14, 20]
[3, 4, 5, 16]
[16, 17, 18, 19, 20, 21, 22, 23, 24, 25, 26, 27, 28]


6
process id 7
stats
5, 15, 7, 100, 1000
20220818-102245
loosing coalitions taken
[1, 4, 7, 9, 16]
[3, 4, 6, 13, 18]
[1, 2, 7, 10, 24]
[1, 3, 8, 9, 17]
[2, 3, 5, 24]
[1, 3, 7, 12, 22]
[1, 5, 6, 11, 25]
[2, 4, 6, 10, 22]
[1, 2, 9, 12, 14]
[2, 4, 5, 19]
[1, 4, 6, 26]
[2, 3, 6, 12]
[3, 4, 5, 16]
[1, 2, 8, 11, 20]
[16, 17, 18, 19, 20, 21, 22, 23, 24, 25, 26, 27, 28]


6
process id 1
stats
5, 15, 7, 100, 1000
20220818-102245
loosing coalitions taken
[1, 4, 7, 8]
[1, 5, 6, 13, 23]
[1, 2, 10, 12, 13]
[2, 4, 6, 9, 24]
[2, 3, 6, 13]
[1, 3, 7, 9, 20]
[1, 2, 7, 16, 19]
[1, 4, 6, 28]
[2, 4, 5, 17]
[3, 4, 5, 19, 26]
[3, 4, 6, 8]
[2, 3, 5, 24]
[1, 2, 8, 11, 21]
[1, 3, 8, 12, 18]
[16, 17, 18, 19, 20, 21, 22, 23, 24, 25, 26, 27, 28]


6
process id 3
stats
5, 15, 7, 100, 1000
20220818-102246
loosing coalitions taken
[3, 4, 6, 15, 17]
[1, 5, 6, 13, 23]
[2, 3, 6, 12]
[1, 3, 8, 13, 16]
[1, 2, 8, 10, 21]
[1, 3, 9, 10, 11]
[1, 3, 7, 15, 18]
[2, 4, 5, 16]
[1, 2, 7, 14, 23]
[1, 4, 6, 25]
[2, 3, 5, 24]
[1, 4, 7, 8, 27]
[2, 4, 6, 11, 21]
[3, 4, 5, 14]
[16, 17, 18, 19, 20, 21, 22, 23, 24, 25, 26, 27, 28]


5
process id 6
stats
5, 15, 7, 100, 1000
20220818-102247
loosing coalitions taken
[1, 4, 7, 10, 17]
[3, 4, 5, 21, 22]
[2, 4, 5, 16]
[1, 3, 7, 12, 22]
[1, 3, 8, 14, 16]
[1, 2, 8, 9, 18]
[2, 3, 6, 11]
[1, 2, 7, 13, 25]
[2, 3, 5, 24]
[1, 4, 6, 27, 28]
[1, 5, 6, 12, 23]
[1, 4, 8, 11, 12]
[3, 4, 6, 8]
[1, 3, 9, 10, 11]
[16, 17, 18, 19, 20, 21, 22, 23, 24, 25, 26, 27, 28]


6
process id 1
stats
5, 15, 7, 100, 1000
20220818-102247
loosing coalitions taken
[2, 4, 6, 9, 25]
[1, 2, 10, 11, 14]
[1, 3, 7, 15, 20]
[1, 2, 8, 13, 20]
[2, 3, 5, 25]
[1, 3, 9, 10, 12]
[3, 4, 6, 14, 20]
[2, 3, 6, 13]
[3, 4, 5, 13]
[2, 4, 5, 15]
[1, 2, 7, 16, 18]
[1, 4, 6, 27]
[1, 5, 6, 14, 22]
[1, 4, 7, 8, 22]
[16, 17, 18, 19, 20, 21, 22, 23, 24, 25, 26, 27, 28]


5
process id 7
stats
5, 15, 7, 100, 1000
20220818-102248
loosing coalitions taken
[1, 4, 7, 9, 17]
[1, 2, 8, 11, 19]
[1, 2, 7, 13, 25]
[2, 4, 5, 20, 28]
[2, 3, 6, 14, 27]
[1, 3, 8, 9, 18]
[1, 5, 6, 12, 21]
[1, 3, 7, 14, 22]
[1, 4, 6, 27]
[3, 4, 6, 11, 20]
[1, 4, 8, 13, 14]
[2, 3, 5, 21]
[2, 4, 6, 15, 21]
[3, 4, 5, 15]
[16, 17, 18, 19, 20, 21, 22, 23, 24, 25, 26, 27, 28]


6
process id 2
stats
5, 15, 7, 100, 1000
20220818-102248
loosing coalitions taken
[2, 3, 5, 27, 28]
[2, 4, 6, 11, 23]
[1, 2, 9, 11, 12]
[1, 5, 6, 12, 22]
[3, 4, 6, 13, 21]
[1, 4, 7, 8]
[2, 5, 6, 8, 10]
[2, 3, 6, 14]
[2, 4, 5, 19]
[3, 4, 5, 18, 20]
[1, 3, 7, 13, 22]
[1, 4, 6, 26]
[1, 2, 7, 16, 20]
[1, 3, 8, 10, 19]
[16, 17, 18, 19, 20, 21, 22, 23, 24, 25, 26, 27, 28]


5
process id 5
stats
5, 15, 7, 100, 1000
20220818-102249
loosing coalitions taken
[1, 2, 9, 10, 12]
[2, 3, 6, 10]
[1, 3, 8, 9, 18]
[2, 4, 5, 18]
[1, 2, 7, 11, 23]
[1, 3, 7, 13, 21]
[1, 4, 6, 28]
[2, 3, 5, 20]
[3, 4, 5, 16]
[3, 4, 6, 8]
[1, 5, 6, 13, 24]
[2, 4, 6, 12, 20]
[1, 2, 8, 14, 19]
[1, 4, 7, 10, 16]
[16, 17, 18, 19, 20, 21, 22, 23, 24, 25, 26, 27, 28]


6
process id 1
stats
5, 15, 7, 100, 1000
20220818-102249
loosing coalitions taken
[3, 4, 5, 15]
[2, 3, 6, 14]
[1, 2, 7, 16, 17]
[1, 3, 8, 11, 18]
[1, 3, 7, 13, 21]
[1, 2, 9, 11, 12]
[1, 4, 6, 28]
[2, 4, 5, 20]
[2, 3, 5, 24]
[2, 4, 6, 13, 19]
[1, 5, 6, 12, 24]
[1, 4, 7, 9, 15]
[3, 4, 6, 11, 20]
[1, 4, 8, 10, 13]
[16, 17, 18, 19, 20, 21, 22, 23, 24, 25, 26, 27, 28]


6
process id 3
stats
5, 15, 7, 100, 1000
20220818-102249
loosing coalitions taken
[3, 4, 5, 16]
[1, 2, 9, 12, 13]
[2, 4, 6, 11, 24]
[2, 3, 6, 12]
[1, 3, 7, 13, 20]
[1, 4, 7, 8, 24]
[3, 4, 6, 14, 19]
[2, 4, 5, 20, 27]
[1, 5, 6, 9, 25]
[2, 3, 5, 22]
[1, 2, 7, 11, 26]
[1, 4, 6, 28]
[1, 3, 8, 14, 15]
[1, 3, 9, 10, 11]
[16, 17, 18, 19, 20, 21, 22, 23, 24, 25, 26, 27, 28]


5
process id 5
stats
5, 15, 7, 100, 1000
20220818-102250
loosing coalitions taken
[2, 3, 5, 23]
[1, 3, 8, 10, 18]
[1, 4, 7, 8]
[1, 5, 6, 10, 25]
[1, 2, 9, 11, 13]
[1, 2, 10, 12, 14]
[2, 4, 6, 16, 19]
[1, 3, 7, 16, 17]
[1, 4, 6, 27]
[3, 4, 5, 15]
[2, 3, 6, 9]
[2, 4, 5, 18]
[3, 4, 6, 13, 17]
[1, 2, 7, 15, 20]
[16, 17, 18, 19, 20, 21, 22, 23, 24, 25, 26, 27, 28]


6
process id 4
stats
5, 15, 7, 100, 1000
20220818-102252
loosing coalitions taken
[2, 4, 5, 17]
[1, 3, 7, 15, 21]
[1, 2, 8, 12, 21]
[1, 4, 7, 8]
[1, 5, 6, 11, 24]
[1, 2, 9, 10, 13]
[2, 3, 6, 15, 25]
[2, 4, 6, 14, 21]
[1, 4, 6, 26]
[3, 4, 5, 14]
[3, 4, 6, 8]
[1, 3, 8, 9, 20]
[2, 3, 5, 24, 28]
[1, 2, 7, 17, 19]
[16, 17, 18, 19, 20, 21, 22, 23, 24, 25, 26, 27, 28]


5
process id 6
stats
5, 15, 7, 100, 1000
20220818-102252
loosing coalitions taken
[2, 3, 6, 14, 27]
[1, 3, 9, 10, 11]
[3, 4, 5, 16]
[2, 3, 7, 8, 9]
[1, 2, 8, 11, 17]
[1, 3, 7, 14, 19]
[1, 4, 6, 27]
[2, 4, 6, 15, 20]
[3, 4, 6, 8]
[2, 3, 5, 21]
[1, 4, 7, 9, 16]
[1, 5, 6, 11, 24]
[2, 4, 5, 18, 25]
[1, 2, 7, 13, 21]
[16, 17, 18, 19, 20, 21, 22, 23, 24, 25, 26, 27, 28]


5
process id 1
stats
5, 15, 7, 100, 1000
20220818-102253
loosing coalitions taken
[1, 2, 9, 11, 14]
[1, 2, 7, 16, 21]
[1, 3, 8, 9, 19]
[1, 3, 7, 15, 18]
[2, 4, 6, 12, 22]
[1, 4, 7, 8]
[2, 3, 5, 24]
[3, 4, 6, 15, 17]
[2, 4, 5, 17]
[2, 3, 6, 13]
[3, 4, 5, 16]
[1, 4, 6, 27]
[1, 2, 10, 12, 13]
[1, 5, 6, 9, 21]
[16, 17, 18, 19, 20, 21, 22, 23, 24, 25, 26, 27, 28]


6
process id 3
stats
5, 15, 7, 100, 1000
20220818-102253
loosing coalitions taken
[1, 4, 7, 14, 15]
[1, 2, 8, 14, 16]
[2, 3, 6, 9]
[3, 4, 5, 15]
[1, 5, 6, 16, 17]
[1, 2, 7, 11, 23]
[1, 3, 7, 16, 18]
[2, 4, 5, 20, 28]
[2, 4, 6, 10, 24]
[3, 4, 6, 13, 18]
[2, 3, 5, 24]
[1, 4, 6, 28]
[1, 4, 8, 9, 12]
[1, 3, 8, 10, 19]
[16, 17, 18, 19, 20, 21, 22, 23, 24, 25, 26, 27, 28]


6
process id 7
stats
5, 15, 7, 100, 1000
20220818-102253
loosing coalitions taken
[3, 4, 6, 10, 19]
[1, 4, 8, 13, 14]
[1, 3, 8, 11, 18]
[2, 4, 6, 13, 22]
[2, 3, 6, 11]
[1, 2, 7, 15, 20]
[1, 2, 8, 9, 21]
[1, 2, 10, 12, 13]
[3, 4, 5, 17, 27]
[1, 5, 6, 15, 19]
[2, 4, 5, 18]
[1, 3, 7, 12, 17]
[1, 4, 7, 11, 16]
[1, 4, 6, 25]
[16, 17, 18, 19, 20, 21, 22, 23, 24, 25, 26, 27, 28]


6
process id 0
stats
5, 15, 7, 100, 1000
20220818-102254
loosing coalitions taken
[2, 4, 5, 17]
[1, 3, 9, 10, 11]
[2, 3, 6, 9]
[1, 3, 8, 12, 19]
[1, 2, 7, 12, 24]
[1, 5, 6, 15, 18]
[1, 2, 8, 11, 21]
[1, 4, 6, 27]
[1, 4, 7, 8, 26]
[2, 3, 5, 21]
[3, 4, 6, 8]
[1, 3, 7, 13, 21]
[3, 4, 5, 15, 27]
[2, 4, 6, 11, 18]
[16, 17, 18, 19, 20, 21, 22, 23, 24, 25, 26, 27, 28]


6
process id 5
stats
5, 15, 7, 100, 1000
20220818-102254
loosing coalitions taken
[2, 3, 5, 23]
[1, 3, 7, 14, 17]
[1, 2, 9, 12, 14]
[3, 4, 6, 15, 17]
[1, 5, 6, 16, 18]
[1, 3, 8, 12, 16]
[1, 2, 7, 10, 26]
[2, 3, 6, 9]
[2, 4, 6, 10, 24]
[2, 4, 5, 19]
[3, 4, 5, 16]
[1, 4, 6, 28]
[1, 4, 7, 9, 16]
[1, 2, 8, 11, 21]
[16, 17, 18, 19, 20, 21, 22, 23, 24, 25, 26, 27, 28]


5
process id 6
stats
5, 15, 7, 100, 1000
20220818-102254
loosing coalitions taken
[1, 3, 8, 15, 16]
[1, 3, 9, 10, 12]
[2, 4, 5, 17]
[1, 2, 7, 10, 26]
[2, 3, 6, 11]
[1, 4, 7, 8, 23]
[1, 5, 6, 13, 22]
[1, 3, 7, 14, 20]
[1, 4, 6, 28]
[2, 3, 5, 20]
[2, 4, 6, 10, 19]
[3, 4, 5, 14]
[1, 2, 8, 13, 18]
[3, 4, 6, 13, 17]
[16, 17, 18, 19, 20, 21, 22, 23, 24, 25, 26, 27, 28]


6
process id 0
stats
5, 15, 7, 100, 1000
20220818-102256
loosing coalitions taken
[2, 4, 5, 17]
[1, 5, 6, 10, 22]
[2, 3, 6, 11]
[1, 3, 7, 15, 21]
[1, 2, 8, 14, 19]
[1, 3, 8, 12, 18]
[1, 2, 7, 12, 22]
[1, 4, 6, 28]
[1, 4, 7, 9, 16]
[3, 4, 6, 8]
[3, 4, 5, 13]
[2, 3, 5, 21]
[2, 4, 6, 15, 19]
[2, 3, 7, 8, 10]
[16, 17, 18, 19, 20, 21, 22, 23, 24, 25, 26, 27, 28]


5
process id 2
stats
5, 15, 7, 100, 1000
20220818-102257
loosing coalitions taken
[1, 3, 8, 11, 17]
[2, 3, 6, 14]
[2, 4, 5, 20]
[1, 3, 7, 12, 22]
[1, 2, 7, 9]
[2, 3, 5, 24]
[1, 5, 6, 15, 19]
[3, 4, 5, 15]
[3, 4, 6, 8]
[2, 4, 6, 10, 18]
[1, 2, 8, 14, 19]
[1, 4, 6, 27]
[1, 4, 8, 9, 15]
[1, 4, 7, 10, 17]
[16, 17, 18, 19, 20, 21, 22, 23, 24, 25, 26, 27, 28]


5
process id 7
stats
5, 15, 7, 100, 1000
20220818-102258
loosing coalitions taken
[1, 2, 7, 17, 18]
[1, 4, 7, 8]
[1, 5, 6, 9, 24]
[3, 4, 5, 19, 23]
[1, 3, 8, 12, 18]
[2, 4, 6, 9, 20]
[2, 3, 5, 24]
[3, 4, 6, 8]
[2, 4, 5, 17]
[2, 3, 6, 15, 26]
[1, 2, 8, 13, 19]
[1, 4, 6, 25]
[1, 2, 9, 10, 12]
[1, 3, 7, 14, 21]
[16, 17, 18, 19, 20, 21, 22, 23, 24, 25, 26, 27, 28]


5
process id 2
stats
5, 15, 7, 100, 1000
20220818-102258
loosing coalitions taken
[1, 2, 8, 14, 18]
[1, 4, 7, 8]
[1, 2, 10, 11, 12]
[3, 4, 6, 14, 20]
[2, 4, 5, 17]
[2, 3, 5, 20]
[2, 3, 6, 10]
[1, 5, 6, 16, 20]
[3, 4, 5, 13]
[1, 4, 6, 28]
[1, 3, 7, 11, 22]
[1, 2, 7, 13, 25]
[1, 3, 8, 12, 16]
[2, 4, 6, 15, 19]
[16, 17, 18, 19, 20, 21, 22, 23, 24, 25, 26, 27, 28]


5
process id 1
stats
5, 15, 7, 100, 1000
20220818-102300
loosing coalitions taken
[1, 4, 7, 11, 15]
[1, 5, 6, 11, 21]
[1, 2, 7, 12, 25]
[1, 2, 9, 10, 11]
[1, 3, 7, 13, 18]
[2, 4, 5, 18]
[2, 3, 6, 13]
[1, 4, 6, 28]
[2, 3, 5, 20]
[3, 4, 5, 13]
[1, 3, 8, 12, 19]
[2, 4, 6, 14, 17]
[3, 4, 6, 15, 16]
[2, 3, 7, 8, 9]
[16, 17, 18, 19, 20, 21, 22, 23, 24, 25, 26, 27, 28]


6
process id 4
stats
5, 15, 7, 100, 1000
20220818-102300
loosing coalitions taken
[1, 2, 8, 13, 20]
[1, 2, 7, 16, 19]
[3, 4, 6, 13, 20]
[1, 2, 10, 12, 14]
[1, 4, 7, 8]
[1, 5, 6, 12, 21]
[2, 4, 5, 20]
[3, 4, 5, 15]
[2, 3, 5, 23]
[2, 3, 6, 10]
[1, 3, 7, 9, 22]
[1, 4, 6, 25]
[2, 4, 6, 14, 19]
[1, 3, 8, 11, 19]
[16, 17, 18, 19, 20, 21, 22, 23, 24, 25, 26, 27, 28]


5
process id 6
stats
5, 15, 7, 100, 1000
20220818-102300
loosing coalitions taken
[3, 4, 6, 12, 21]
[1, 3, 8, 13, 16]
[1, 2, 7, 16, 19]
[2, 4, 5, 16]
[1, 3, 7, 9, 21]
[1, 2, 9, 11, 13]
[1, 5, 6, 10, 22]
[1, 2, 8, 15, 17]
[2, 3, 6, 15, 24]
[3, 4, 5, 19, 25]
[2, 3, 5, 21]
[1, 4, 8, 9, 14]
[1, 4, 6, 27]
[2, 4, 6, 14, 22]
[16, 17, 18, 19, 20, 21, 22, 23, 24, 25, 26, 27, 28]


6
process id 7
stats
5, 15, 7, 100, 1000
20220818-102300
loosing coalitions taken
[3, 4, 5, 16, 26]
[1, 3, 8, 10, 16]
[1, 3, 7, 12, 22]
[1, 2, 7, 9, 23]
[2, 3, 6, 12]
[1, 4, 8, 9, 13]
[1, 4, 6, 27]
[1, 2, 8, 11, 17]
[2, 4, 5, 18]
[1, 5, 6, 11, 21]
[2, 3, 5, 25]
[3, 4, 6, 11, 18]
[2, 4, 6, 15, 19]
[2, 5, 6, 7, 16]
[16, 17, 18, 19, 20, 21, 22, 23, 24, 25, 26, 27, 28]


6
process id 0
stats
5, 15, 7, 100, 1000
20220818-102301
loosing coalitions taken
[1, 3, 8, 11, 17]
[1, 2, 10, 11, 12]
[1, 4, 7, 8]
[2, 3, 6, 14]
[1, 5, 6, 13, 24]
[2, 4, 5, 19]
[3, 4, 5, 16, 28]
[1, 4, 6, 25]
[2, 4, 6, 11, 23]
[2, 3, 5, 22, 25]
[1, 3, 7, 10, 24]
[1, 2, 7, 13, 20]
[1, 2, 8, 9, 19]
[3, 4, 6, 8]
[16, 17, 18, 19, 20, 21, 22, 23, 24, 25, 26, 27, 28]


6
process id 1
stats
5, 15, 7, 100, 1000
20220818-102302
loosing coalitions taken
[1, 2, 7, 13, 23]
[3, 4, 5, 21, 23]
[1, 2, 9, 11, 12]
[1, 5, 6, 16, 20]
[2, 3, 6, 13]
[1, 4, 6, 28]
[1, 3, 8, 10, 17]
[2, 4, 6, 11, 21]
[2, 4, 5, 17]
[3, 4, 6, 8]
[1, 4, 7, 8]
[2, 3, 5, 22]
[1, 2, 8, 14, 19]
[1, 3, 7, 11, 19]
[16, 17, 18, 19, 20, 21, 22, 23, 24, 25, 26, 27, 28]


5
process id 3
stats
5, 15, 7, 100, 1000
20220818-102302
loosing coalitions taken
[1, 2, 7, 15, 21]
[2, 3, 5, 23]
[1, 2, 10, 12, 13]
[1, 4, 8, 9, 14]
[3, 4, 6, 11, 17]
[1, 2, 8, 11, 19]
[1, 3, 8, 13, 15]
[2, 4, 5, 18]
[1, 5, 6, 14, 20]
[1, 4, 6, 25]
[2, 3, 6, 18, 20]
[3, 4, 5, 21, 24]
[2, 3, 7, 8, 10]
[1, 3, 7, 16, 17]
[16, 17, 18, 19, 20, 21, 22, 23, 24, 25, 26, 27, 28]


6
process id 5
stats
5, 15, 7, 100, 1000
20220818-102303
loosing coalitions taken
[1, 3, 8, 9, 19]
[1, 2, 9, 12, 13]
[2, 3, 5, 22]
[1, 2, 8, 15, 17]
[1, 5, 6, 13, 24]
[3, 4, 6, 8]
[1, 2, 7, 16, 18]
[3, 4, 5, 15, 28]
[2, 4, 6, 15, 16]
[1, 4, 6, 26]
[2, 3, 6, 11]
[2, 4, 5, 18, 26]
[1, 4, 7, 8]
[1, 3, 7, 11, 21]
[16, 17, 18, 19, 20, 21, 22, 23, 24, 25, 26, 27, 28]


6
process id 0
stats
5, 15, 7, 100, 1000
20220818-102304
loosing coalitions taken
[3, 4, 5, 20, 24]
[1, 5, 6, 15, 21]
[1, 2, 7, 9]
[1, 3, 8, 12, 19]
[2, 3, 6, 13]
[1, 3, 9, 10, 11]
[2, 4, 5, 15]
[2, 3, 5, 25]
[1, 4, 7, 8]
[1, 4, 6, 27]
[2, 4, 6, 9, 23]
[3, 4, 6, 11, 18]
[1, 2, 8, 10, 21]
[1, 3, 7, 16, 17]
[16, 17, 18, 19, 20, 21, 22, 23, 24, 25, 26, 27, 28]


5
process id 3
stats
5, 15, 7, 100, 1000
20220818-102304
loosing coalitions taken
[1, 3, 9, 10, 11]
[1, 2, 7, 9]
[2, 4, 6, 14, 17]
[3, 4, 5, 16]
[2, 3, 6, 11]
[1, 5, 6, 10, 20]
[1, 2, 8, 11, 20]
[1, 4, 6, 27]
[2, 4, 5, 15]
[2, 3, 5, 23]
[1, 4, 7, 8]
[3, 4, 6, 8]
[1, 3, 7, 13, 17]
[1, 3, 8, 14, 15]
[16, 17, 18, 19, 20, 21, 22, 23, 24, 25, 26, 27, 28]


6
process id 2
stats
5, 15, 7, 100, 1000
20220818-102305
loosing coalitions taken
[3, 4, 6, 14, 20]
[1, 3, 8, 10, 17]
[1, 4, 8, 11, 13]
[1, 5, 6, 10, 22]
[3, 4, 5, 17, 26]
[1, 2, 8, 12, 21]
[1, 2, 9, 10, 14]
[1, 3, 7, 16, 19]
[2, 3, 6, 13]
[2, 4, 5, 20]
[2, 3, 5, 25]
[1, 4, 6, 25]
[2, 4, 6, 9, 22]
[2, 5, 6, 7, 15]
[16, 17, 18, 19, 20, 21, 22, 23, 24, 25, 26, 27, 28]


6
process id 4
stats
5, 15, 7, 100, 1000
20220818-102306
loosing coalitions taken
[2, 3, 6, 14, 28]
[1, 3, 8, 9, 19]
[2, 5, 6, 7, 16]
[1, 2, 9, 10, 11]
[1, 4, 7, 8]
[1, 5, 6, 13, 22]
[2, 4, 5, 18, 26]
[3, 4, 6, 11, 18]
[2, 4, 6, 9, 23]
[3, 4, 5, 16]
[2, 3, 5, 21]
[1, 4, 6, 26, 28]
[1, 3, 7, 14, 20]
[1, 2, 8, 12, 21]
[16, 17, 18, 19, 20, 21, 22, 23, 24, 25, 26, 27, 28]


5
process id 0
stats
5, 15, 7, 100, 1000
20220818-102306
loosing coalitions taken
[1, 2, 8, 12, 19]
[1, 5, 6, 9, 26]
[1, 2, 7, 11, 26]
[1, 4, 7, 8]
[2, 4, 6, 11, 24]
[2, 3, 5, 25]
[1, 2, 9, 10, 13]
[1, 3, 7, 13, 19]
[2, 4, 5, 19]
[3, 4, 5, 18, 23]
[2, 3, 6, 10, 26]
[3, 4, 6, 13, 21]
[1, 4, 6, 25]
[1, 3, 8, 11, 16]
[16, 17, 18, 19, 20, 21, 22, 23, 24, 25, 26, 27, 28]


6
process id 5
stats
5, 15, 7, 100, 1000
20220818-102307
loosing coalitions taken
[1, 4, 7, 10, 19]
[2, 3, 6, 9]
[1, 2, 10, 11, 13]
[1, 2, 8, 12, 19]
[1, 2, 7, 14, 22]
[1, 3, 7, 11, 20]
[2, 4, 5, 18]
[3, 4, 5, 15]
[1, 5, 6, 9, 21]
[2, 3, 5, 24]
[1, 4, 6, 27]
[3, 4, 6, 13, 17]
[1, 3, 8, 14, 16]
[2, 4, 6, 16, 19]
[16, 17, 18, 19, 20, 21, 22, 23, 24, 25, 26, 27, 28]


6
process id 4
stats
5, 15, 7, 100, 1000
20220818-102308
loosing coalitions taken
[1, 2, 7, 12, 24]
[3, 4, 6, 13, 20]
[1, 2, 9, 10, 14]
[1, 5, 6, 16, 17]
[1, 3, 8, 12, 17]
[1, 3, 7, 15, 19]
[3, 4, 5, 17, 24]
[2, 4, 5, 18]
[1, 4, 7, 8, 25]
[2, 3, 5, 25]
[2, 3, 6, 11]
[1, 4, 6, 28]
[2, 4, 6, 14, 21]
[1, 2, 8, 13, 16]
[16, 17, 18, 19, 20, 21, 22, 23, 24, 25, 26, 27, 28]


6
process id 6
stats
5, 15, 7, 100, 1000
20220818-102308
loosing coalitions taken
[2, 4, 5, 21, 25]
[1, 3, 9, 10, 12]
[1, 5, 6, 13, 21]
[2, 3, 6, 13]
[3, 4, 6, 8]
[1, 2, 7, 10, 23]
[3, 4, 5, 14]
[2, 4, 6, 12, 19]
[1, 3, 7, 11, 17]
[1, 4, 6, 28]
[1, 2, 9, 11, 14]
[2, 3, 5, 23]
[2, 3, 7, 8, 9]
[1, 2, 8, 12, 17]
[16, 17, 18, 19, 20, 21, 22, 23, 24, 25, 26, 27, 28]


6
process id 1
stats
5, 15, 7, 100, 1000
20220818-102308
loosing coalitions taken
[1, 3, 7, 9, 22]
[2, 4, 5, 21, 26]
[1, 3, 8, 12, 19]
[1, 2, 8, 9, 20]
[1, 4, 8, 10, 13]
[2, 3, 6, 13]
[1, 5, 6, 12, 23]
[1, 2, 7, 11, 26]
[2, 3, 5, 25, 28]
[3, 4, 5, 16]
[2, 4, 6, 15, 20]
[3, 4, 6, 9, 19]
[2, 5, 6, 7, 16]
[1, 4, 6, 27]
[16, 17, 18, 19, 20, 21, 22, 23, 24, 25, 26, 27, 28]


6
process id 0
stats
5, 15, 7, 100, 1000
20220818-102309
loosing coalitions taken
[3, 4, 6, 11, 20]
[1, 2, 9, 12, 14]
[1, 4, 7, 10, 17]
[1, 4, 8, 13, 14]
[1, 2, 8, 11, 18]
[1, 2, 7, 15, 19]
[1, 3, 8, 9, 17]
[2, 3, 6, 14]
[3, 4, 5, 18, 23]
[2, 4, 5, 20]
[2, 3, 5, 24]
[1, 3, 7, 13, 21]
[2, 4, 6, 10, 22]
[1, 5, 6, 15, 20]
[16, 17, 18, 19, 20, 21, 22, 23, 24, 25, 26, 27, 28]


5
process id 7
stats
5, 15, 7, 100, 1000
20220818-102309
loosing coalitions taken
[1, 5, 6, 13, 22]
[2, 4, 5, 20]
[1, 2, 8, 10, 18]
[1, 4, 7, 9, 19]
[1, 3, 7, 16, 18]
[2, 3, 6, 12]
[1, 3, 8, 9, 17]
[3, 4, 5, 15]
[1, 4, 6, 26]
[2, 3, 5, 25]
[3, 4, 6, 10, 19]
[1, 4, 8, 11, 12]
[1, 2, 7, 14, 24]
[2, 4, 6, 13, 17]
[16, 17, 18, 19, 20, 21, 22, 23, 24, 25, 26, 27, 28]


6
process id 1
stats
5, 15, 7, 100, 1000
20220818-102312
loosing coalitions taken
[3, 4, 6, 12, 21]
[1, 3, 7, 14, 22]
[3, 4, 5, 16]
[2, 5, 6, 8, 12]
[1, 2, 8, 9, 21]
[1, 2, 7, 11, 24]
[1, 5, 6, 10, 25]
[2, 3, 6, 14]
[1, 4, 6, 26]
[1, 3, 8, 12, 15]
[2, 4, 6, 16, 19]
[2, 3, 5, 20]
[2, 4, 5, 18, 28]
[1, 4, 7, 9, 16]
[16, 17, 18, 19, 20, 21, 22, 23, 24, 25, 26, 27, 28]


6
process id 2
stats
5, 15, 7, 100, 1000
20220818-102312
loosing coalitions taken
[3, 4, 6, 9, 22]
[1, 2, 7, 11, 26]
[1, 2, 8, 14, 18]
[1, 4, 7, 8]
[2, 3, 6, 15, 25]
[1, 5, 6, 9, 26]
[1, 4, 6, 25]
[3, 4, 5, 18, 26]
[1, 3, 7, 14, 19]
[2, 3, 5, 23]
[2, 4, 6, 12, 19]
[2, 4, 5, 17]
[1, 3, 8, 12, 16]
[1, 3, 9, 10, 11]
[16, 17, 18, 19, 20, 21, 22, 23, 24, 25, 26, 27, 28]


6
process id 3
stats
5, 15, 7, 100, 1000
20220818-102312
loosing coalitions taken
[2, 3, 6, 11]
[2, 4, 5, 19, 26]
[1, 3, 7, 13, 22]
[1, 4, 7, 8]
[1, 3, 9, 10, 12]
[1, 5, 6, 10, 23]
[2, 4, 6, 15, 16]
[1, 4, 6, 25]
[3, 4, 5, 18, 20]
[2, 3, 5, 24]
[1, 2, 7, 12, 25]
[3, 4, 6, 8]
[1, 3, 8, 11, 16]
[1, 2, 8, 10, 19]
[16, 17, 18, 19, 20, 21, 22, 23, 24, 25, 26, 27, 28]


5
process id 1
stats
5, 15, 7, 100, 1000
20220818-102313
loosing coalitions taken
[1, 4, 7, 14, 16]
[1, 2, 8, 11, 18]
[1, 2, 9, 12, 13]
[2, 3, 6, 12]
[1, 2, 7, 15, 22]
[2, 4, 5, 18]
[1, 4, 8, 10, 12]
[1, 3, 8, 15, 16]
[1, 5, 6, 16, 19]
[3, 4, 5, 16]
[1, 4, 6, 27]
[1, 3, 7, 12, 19]
[2, 3, 5, 21]
[3, 4, 6, 14, 20]
[16, 17, 18, 19, 20, 21, 22, 23, 24, 25, 26, 27, 28]


5
process id 6
stats
5, 15, 7, 100, 1000
20220818-102313
loosing coalitions taken
[2, 4, 5, 20]
[1, 3, 7, 12, 22]
[1, 4, 8, 11, 13]
[1, 5, 6, 12, 24]
[1, 2, 8, 12, 21]
[2, 3, 6, 12]
[1, 3, 8, 10, 18]
[1, 2, 9, 10, 13]
[3, 4, 6, 8]
[2, 4, 6, 15, 16]
[2, 3, 5, 24]
[3, 4, 5, 13]
[1, 4, 6, 28]
[1, 2, 7, 11, 27]
[16, 17, 18, 19, 20, 21, 22, 23, 24, 25, 26, 27, 28]


5
process id 4
stats
5, 15, 7, 100, 1000
20220818-102314
loosing coalitions taken
[1, 2, 9, 11, 13]
[1, 2, 7, 15, 22]
[1, 3, 7, 16, 18]
[1, 2, 8, 10, 17]
[2, 3, 5, 23]
[1, 4, 7, 8]
[2, 4, 6, 14, 21]
[2, 4, 5, 22, 24]
[2, 3, 6, 10]
[1, 5, 6, 13, 18]
[3, 4, 5, 16]
[1, 3, 8, 11, 15]
[1, 4, 6, 25]
[3, 4, 6, 9, 17]
[16, 17, 18, 19, 20, 21, 22, 23, 24, 25, 26, 27, 28]


5
process id 1
stats
5, 15, 7, 100, 1000
20220818-102315
loosing coalitions taken
[1, 2, 9, 10, 11]
[1, 2, 7, 16, 17]
[2, 3, 6, 11]
[1, 3, 7, 13, 18]
[2, 4, 5, 17]
[1, 2, 8, 12, 18]
[1, 5, 6, 12, 24]
[3, 4, 5, 16]
[1, 4, 7, 14, 15]
[2, 4, 6, 10, 19]
[2, 3, 5, 20]
[1, 4, 6, 28]
[3, 4, 6, 8]
[1, 3, 8, 9, 19]
[16, 17, 18, 19, 20, 21, 22, 23, 24, 25, 26, 27, 28]


5
process id 6
stats
5, 15, 7, 100, 1000
20220818-102315
loosing coalitions taken
[1, 2, 10, 11, 14]
[1, 3, 8, 9, 20]
[1, 2, 7, 9]
[2, 4, 5, 20, 28]
[2, 3, 6, 10]
[3, 4, 6, 11, 20]
[1, 4, 6, 26]
[2, 3, 5, 24]
[1, 3, 7, 11, 19]
[3, 4, 5, 13]
[1, 4, 7, 13, 16]
[1, 4, 8, 10, 12]
[1, 5, 6, 13, 21]
[2, 4, 6, 15, 21]
[16, 17, 18, 19, 20, 21, 22, 23, 24, 25, 26, 27, 28]


6
process id 2
stats
5, 15, 7, 100, 1000
20220818-102315
loosing coalitions taken
[1, 3, 9, 10, 12]
[1, 3, 8, 11, 18]
[2, 4, 6, 15, 19]
[1, 3, 7, 14, 19]
[1, 2, 7, 11, 26]
[2, 4, 5, 20]
[2, 3, 6, 14, 28]
[1, 2, 8, 10, 17]
[1, 5, 6, 16, 17]
[2, 3, 5, 24]
[1, 4, 7, 8]
[3, 4, 6, 8]
[3, 4, 5, 13]
[1, 4, 6, 26]
[16, 17, 18, 19, 20, 21, 22, 23, 24, 25, 26, 27, 28]


6
process id 4
stats
5, 15, 7, 100, 1000
20220818-102316
loosing coalitions taken
[1, 5, 6, 16, 20]
[1, 2, 7, 12, 24]
[1, 3, 8, 12, 16]
[1, 3, 7, 13, 22]
[1, 2, 8, 13, 17]
[2, 3, 6, 17, 21]
[2, 4, 5, 16]
[3, 4, 6, 13, 20]
[1, 4, 7, 10, 19]
[2, 4, 6, 14, 18]
[1, 4, 6, 28]
[3, 4, 5, 15]
[2, 3, 7, 8, 10]
[2, 3, 5, 26, 28]
[16, 17, 18, 19, 20, 21, 22, 23, 24, 25, 26, 27, 28]


6
process id 7
stats
5, 15, 7, 100, 1000
20220818-102316
loosing coalitions taken
[1, 4, 7, 8]
[2, 4, 5, 18]
[3, 4, 6, 12, 21]
[2, 3, 6, 11]
[1, 3, 7, 10, 24]
[1, 4, 6, 28]
[1, 2, 9, 10, 14]
[1, 2, 8, 12, 16]
[3, 4, 5, 19, 26]
[1, 5, 6, 10, 21]
[1, 3, 8, 13, 14]
[2, 4, 6, 9, 20]
[2, 3, 5, 24, 27]
[1, 2, 7, 15, 19]
[16, 17, 18, 19, 20, 21, 22, 23, 24, 25, 26, 27, 28]


6
process id 1
stats
5, 15, 7, 100, 1000
20220818-102316
loosing coalitions taken
[2, 3, 6, 13]
[1, 2, 10, 12, 14]
[3, 4, 5, 16]
[1, 2, 8, 9, 17]
[1, 3, 8, 14, 15]
[1, 3, 7, 12, 19]
[2, 4, 6, 11, 20]
[1, 4, 8, 11, 12]
[2, 4, 5, 18]
[1, 5, 6, 10, 21]
[3, 4, 6, 9, 22]
[1, 4, 6, 25]
[2, 3, 5, 24]
[1, 2, 7, 16, 21]
[16, 17, 18, 19, 20, 21, 22, 23, 24, 25, 26, 27, 28]


6
process id 5
stats
5, 15, 7, 100, 1000
20220818-102317
loosing coalitions taken
[1, 4, 7, 8]
[2, 4, 6, 9, 25]
[2, 3, 6, 14]
[2, 4, 5, 19]
[2, 3, 5, 20]
[1, 3, 7, 11, 22]
[1, 4, 6, 27]
[1, 5, 6, 13, 23]
[1, 2, 7, 9]
[3, 4, 5, 16, 26]
[1, 3, 8, 10, 17]
[1, 2, 10, 11, 13]
[1, 2, 8, 14, 16]
[3, 4, 6, 8]
[16, 17, 18, 19, 20, 21, 22, 23, 24, 25, 26, 27, 28]


6
process id 3
stats
5, 15, 7, 100, 1000
20220818-102317
loosing coalitions taken
[1, 3, 7, 16, 18]
[1, 2, 7, 15, 21]
[1, 2, 9, 12, 13]
[2, 3, 6, 10]
[1, 2, 8, 14, 16]
[1, 5, 6, 14, 21]
[2, 4, 5, 20]
[2, 4, 6, 12, 23]
[1, 4, 6, 25]
[1, 4, 7, 11, 17]
[2, 3, 5, 22]
[3, 4, 5, 13]
[3, 4, 6, 8]
[1, 3, 8, 10, 17]
[16, 17, 18, 19, 20, 21, 22, 23, 24, 25, 26, 27, 28]


6
process id 6
stats
5, 15, 7, 100, 1000
20220818-102318
loosing coalitions taken
[3, 4, 5, 17, 28]
[2, 4, 5, 19]
[1, 2, 9, 11, 14]
[1, 2, 7, 12, 26]
[2, 3, 6, 13]
[1, 5, 6, 11, 23]
[1, 3, 8, 11, 18]
[3, 4, 6, 8]
[1, 3, 7, 13, 20]
[2, 3, 5, 22, 26]
[2, 4, 6, 12, 21]
[1, 2, 8, 15, 16]
[1, 4, 6, 25]
[2, 5, 6, 7, 16]
[16, 17, 18, 19, 20, 21, 22, 23, 24, 25, 26, 27, 28]


6
process id 0
stats
5, 15, 7, 100, 1000
20220818-102319
loosing coalitions taken
[1, 3, 7, 9, 23]
[1, 2, 10, 12, 13]
[2, 4, 5, 20, 28]
[1, 3, 8, 15, 16]
[1, 4, 7, 11, 17]
[1, 2, 7, 15, 20]
[1, 2, 8, 9, 17]
[2, 3, 6, 14, 24]
[2, 3, 7, 8, 10]
[2, 3, 5, 22]
[1, 5, 6, 14, 19]
[2, 4, 6, 13, 18]
[1, 4, 6, 26, 28]
[3, 4, 6, 8]
[16, 17, 18, 19, 20, 21, 22, 23, 24, 25, 26, 27, 28]


6
process id 1
stats
5, 15, 7, 100, 1000
20220818-102322
loosing coalitions taken
[2, 3, 6, 14]
[1, 3, 7, 9, 23]
[1, 4, 7, 10, 19]
[1, 2, 8, 12, 17]
[1, 2, 9, 11, 13]
[1, 5, 6, 11, 25]
[1, 3, 8, 13, 15]
[2, 4, 5, 15]
[2, 3, 5, 20]
[1, 4, 6, 26]
[3, 4, 5, 16, 27]
[2, 4, 6, 9, 21]
[1, 2, 7, 14, 22]
[3, 4, 6, 8]
[16, 17, 18, 19, 20, 21, 22, 23, 24, 25, 26, 27, 28]


5
process id 5
stats
5, 15, 7, 100, 1000
20220818-102323
loosing coalitions taken
[2, 3, 6, 13]
[1, 3, 7, 10, 24]
[1, 2, 8, 12, 21]
[1, 3, 8, 11, 16]
[1, 2, 7, 9]
[1, 4, 6, 28]
[1, 4, 7, 8, 25]
[3, 4, 6, 9, 21]
[3, 4, 5, 16, 23]
[2, 4, 6, 16, 19]
[2, 4, 5, 18]
[1, 5, 6, 13, 24]
[2, 3, 5, 22]
[1, 2, 10, 11, 14]
[16, 17, 18, 19, 20, 21, 22, 23, 24, 25, 26, 27, 28]


6
process id 4
stats
5, 15, 7, 100, 1000
20220818-102324
loosing coalitions taken
[2, 4, 5, 20]
[1, 5, 6, 10, 26]
[1, 2, 8, 15, 17]
[1, 3, 8, 9, 20]
[1, 3, 7, 10, 23]
[2, 3, 6, 11]
[1, 4, 7, 9, 19]
[1, 2, 7, 14, 20]
[3, 4, 6, 14, 18]
[1, 4, 6, 28]
[2, 3, 5, 24]
[3, 4, 5, 16]
[1, 2, 9, 11, 12]
[1, 4, 8, 10, 13]
[16, 17, 18, 19, 20, 21, 22, 23, 24, 25, 26, 27, 28]


6
process id 3
stats
5, 15, 7, 100, 1000
20220818-102326
loosing coalitions taken
[1, 5, 6, 16, 17]
[3, 4, 6, 12, 21]
[1, 3, 8, 10, 19]
[2, 3, 6, 11]
[1, 4, 7, 8]
[1, 2, 9, 10, 12]
[2, 4, 5, 18]
[1, 3, 7, 11, 20]
[2, 3, 5, 23]
[1, 4, 6, 27]
[1, 2, 7, 14, 19]
[2, 5, 6, 8, 10]
[3, 4, 5, 19, 26]
[2, 4, 6, 15, 20]
[16, 17, 18, 19, 20, 21, 22, 23, 24, 25, 26, 27, 28]


6
process id 1
stats
5, 15, 7, 100, 1000
20220818-102326
loosing coalitions taken
[1, 3, 8, 12, 18]
[2, 4, 6, 13, 22]
[1, 2, 7, 15, 22]
[1, 4, 7, 10, 19]
[1, 4, 8, 9, 15]
[2, 4, 5, 19]
[2, 3, 6, 10]
[1, 3, 7, 9, 21]
[1, 2, 8, 11, 20]
[3, 4, 6, 12, 17]
[2, 3, 5, 22]
[3, 4, 5, 18, 26]
[1, 4, 6, 28]
[1, 2, 9, 10, 13]
[16, 17, 18, 19, 20, 21, 22, 23, 24, 25, 26, 27, 28]


6
process id 7
stats
5, 15, 7, 100, 1000
20220818-102326
loosing coalitions taken
[1, 2, 8, 15, 17]
[1, 2, 7, 11, 26]
[3, 4, 5, 16]
[2, 3, 6, 12]
[1, 3, 7, 14, 20]
[1, 5, 6, 10, 25]
[1, 2, 9, 10, 13]
[1, 3, 8, 9, 18]
[2, 3, 5, 21]
[2, 4, 5, 18]
[2, 4, 6, 14, 20]
[3, 4, 6, 8]
[1, 4, 7, 9, 15]
[1, 4, 6, 28]
[16, 17, 18, 19, 20, 21, 22, 23, 24, 25, 26, 27, 28]


6
process id 6
stats
5, 15, 7, 100, 1000
20220818-102327
loosing coalitions taken
[1, 2, 7, 9]
[2, 3, 6, 13]
[1, 5, 6, 11, 22]
[1, 3, 8, 10, 18]
[2, 4, 5, 18]
[1, 4, 8, 13, 14]
[2, 3, 5, 20]
[1, 2, 10, 11, 14]
[3, 4, 6, 8]
[3, 4, 5, 16]
[2, 4, 6, 9, 25]
[1, 4, 6, 28]
[1, 4, 7, 11, 15]
[1, 3, 7, 13, 19]
[16, 17, 18, 19, 20, 21, 22, 23, 24, 25, 26, 27, 28]


5
process id 1
stats
5, 15, 7, 100, 1000
20220818-102328
loosing coalitions taken
[2, 4, 5, 18]
[1, 2, 7, 9]
[1, 3, 8, 11, 19]
[2, 3, 6, 11]
[3, 4, 5, 16]
[2, 4, 6, 12, 19]
[3, 4, 6, 8]
[1, 4, 6, 28]
[1, 4, 7, 8]
[1, 3, 7, 14, 17]
[1, 2, 10, 11, 14]
[1, 5, 6, 12, 21]
[2, 3, 5, 25]
[1, 2, 8, 13, 18]
[16, 17, 18, 19, 20, 21, 22, 23, 24, 25, 26, 27, 28]


6
process id 4
stats
5, 15, 7, 100, 1000
20220818-102328
loosing coalitions taken
[1, 4, 7, 8]
[1, 3, 9, 10, 12]
[2, 3, 6, 19, 21]
[1, 2, 9, 11, 14]
[3, 4, 6, 9, 22]
[1, 5, 6, 13, 22]
[2, 4, 5, 15]
[2, 4, 6, 12, 18]
[3, 4, 5, 18, 21]
[2, 3, 5, 24]
[1, 2, 7, 12, 24]
[1, 4, 6, 25]
[1, 3, 7, 13, 17]
[1, 3, 8, 14, 16]
[16, 17, 18, 19, 20, 21, 22, 23, 24, 25, 26, 27, 28]


5
process id 5
stats
5, 15, 7, 100, 1000
20220818-102329
loosing coalitions taken
[1, 3, 8, 12, 17]
[1, 2, 9, 10, 13]
[2, 4, 5, 18]
[1, 4, 7, 9, 16]
[1, 2, 7, 11, 24]
[1, 5, 6, 15, 17]
[3, 4, 6, 8, 28]
[2, 3, 6, 10]
[1, 2, 8, 15, 16]
[1, 4, 6, 26]
[3, 4, 5, 13]
[2, 3, 5, 20]
[1, 4, 8, 10, 14]
[1, 3, 7, 15, 19]
[16, 17, 18, 19, 20, 21, 22, 23, 24, 25, 26, 27, 28]


6
process id 6
stats
5, 15, 7, 100, 1000
20220818-102329
loosing coalitions taken
[1, 2, 9, 10, 12]
[1, 3, 7, 15, 18]
[1, 5, 6, 10, 22]
[3, 4, 5, 18, 25]
[1, 2, 8, 13, 17]
[1, 3, 8, 9, 19]
[1, 2, 7, 11, 25]
[1, 4, 6, 26]
[1, 4, 7, 8, 23]
[2, 3, 6, 14, 26]
[2, 3, 5, 24]
[2, 4, 5, 16]
[2, 4, 6, 15, 18]
[3, 4, 6, 11, 17]
[16, 17, 18, 19, 20, 21, 22, 23, 24, 25, 26, 27, 28]


6
process id 2
stats
5, 15, 7, 100, 1000
20220818-102330
loosing coalitions taken
[2, 4, 5, 18]
[1, 2, 7, 10, 28]
[2, 3, 6, 15, 26]
[1, 4, 7, 8]
[1, 3, 9, 10, 11]
[1, 2, 9, 12, 13]
[1, 5, 6, 10, 20]
[1, 4, 6, 28]
[1, 3, 8, 12, 18]
[3, 4, 5, 19, 23]
[3, 4, 6, 13, 21]
[2, 3, 5, 20]
[1, 3, 7, 15, 19]
[2, 4, 6, 14, 20]
[16, 17, 18, 19, 20, 21, 22, 23, 24, 25, 26, 27, 28]


6
process id 6
stats
5, 15, 7, 100, 1000
20220818-102331
loosing coalitions taken
[2, 3, 6, 12]
[1, 4, 7, 9, 19]
[1, 3, 9, 10, 11]
[1, 2, 8, 9, 18]
[1, 2, 7, 15, 22]
[3, 4, 5, 15, 28]
[2, 4, 5, 20]
[2, 3, 5, 25]
[3, 4, 6, 8]
[2, 4, 6, 11, 17]
[1, 4, 6, 28]
[1, 3, 8, 14, 15]
[1, 5, 6, 13, 21]
[1, 3, 7, 13, 17]
[16, 17, 18, 19, 20, 21, 22, 23, 24, 25, 26, 27, 28]


6
process id 0
stats
5, 15, 7, 100, 1000
20220818-102332
loosing coalitions taken
[1, 4, 7, 8, 27]
[1, 2, 8, 14, 20]
[2, 3, 6, 14]
[1, 3, 9, 10, 12]
[1, 3, 7, 15, 20]
[1, 5, 6, 11, 25]
[1, 4, 6, 28]
[1, 2, 7, 10, 28]
[2, 4, 5, 19]
[2, 3, 5, 24]
[3, 4, 6, 8]
[3, 4, 5, 14]
[2, 4, 6, 13, 22]
[1, 2, 9, 11, 13]
[16, 17, 18, 19, 20, 21, 22, 23, 24, 25, 26, 27, 28]


5
process id 7
stats
5, 15, 7, 100, 1000
20220818-102332
loosing coalitions taken
[1, 2, 7, 9, 25]
[2, 3, 6, 14]
[1, 5, 6, 12, 23]
[1, 3, 9, 10, 11]
[2, 4, 5, 16]
[1, 4, 6, 25]
[1, 3, 7, 14, 19]
[3, 4, 6, 12, 20]
[1, 4, 8, 13, 14]
[2, 3, 5, 20]
[2, 4, 6, 13, 22]
[3, 4, 5, 13]
[1, 3, 8, 12, 15]
[1, 4, 7, 10, 17]
[16, 17, 18, 19, 20, 21, 22, 23, 24, 25, 26, 27, 28]


5
process id 1
stats
5, 15, 7, 100, 1000
20220818-102332
loosing coalitions taken
[1, 2, 9, 11, 14]
[1, 4, 7, 12, 15]
[2, 4, 5, 16]
[1, 5, 6, 15, 17]
[1, 3, 9, 10, 12]
[1, 2, 8, 12, 19]
[1, 3, 8, 14, 16]
[1, 4, 6, 26]
[2, 3, 5, 21]
[2, 4, 6, 12, 22]
[2, 3, 6, 9, 27]
[1, 4, 8, 9, 13]
[3, 4, 6, 8, 28]
[3, 4, 5, 14]
[16, 17, 18, 19, 20, 21, 22, 23, 24, 25, 26, 27, 28]


6
process id 3
stats
5, 15, 7, 100, 1000
20220818-102333
loosing coalitions taken
[1, 5, 6, 10, 22]
[1, 3, 8, 12, 19]
[3, 4, 6, 12, 21]
[1, 2, 7, 13, 25]
[1, 2, 8, 9, 21]
[1, 3, 7, 10, 21]
[1, 4, 6, 26]
[2, 3, 5, 24]
[3, 4, 5, 16]
[2, 4, 5, 20, 26]
[1, 4, 7, 8]
[2, 3, 6, 9]
[1, 2, 10, 11, 12]
[2, 4, 6, 11, 22]
[16, 17, 18, 19, 20, 21, 22, 23, 24, 25, 26, 27, 28]


6
process id 2
stats
5, 15, 7, 100, 1000
20220818-102334
loosing coalitions taken
[1, 3, 7, 9, 23]
[2, 3, 6, 9, 28]
[1, 4, 8, 9, 15]
[1, 2, 10, 11, 14]
[1, 4, 7, 13, 16]
[1, 5, 6, 10, 25]
[2, 4, 5, 15]
[1, 2, 7, 12, 26]
[3, 4, 5, 14]
[2, 3, 5, 24, 27]
[3, 4, 6, 8]
[1, 4, 6, 26]
[1, 3, 8, 10, 19]
[2, 4, 6, 13, 22]
[16, 17, 18, 19, 20, 21, 22, 23, 24, 25, 26, 27, 28]


5
process id 1
stats
5, 15, 7, 100, 1000
20220818-102334
loosing coalitions taken
[1, 4, 7, 8, 25]
[1, 3, 7, 14, 19]
[1, 5, 6, 13, 20]
[1, 2, 7, 15, 20]
[1, 3, 9, 10, 12]
[1, 2, 8, 12, 19]
[2, 3, 6, 12]
[3, 4, 5, 16, 23]
[2, 3, 5, 20]
[3, 4, 6, 8]
[2, 4, 6, 13, 19]
[1, 4, 6, 26]
[2, 4, 5, 21, 22]
[1, 3, 8, 11, 15]
[16, 17, 18, 19, 20, 21, 22, 23, 24, 25, 26, 27, 28]


5
process id 0
stats
5, 15, 7, 100, 1000
20220818-102335
loosing coalitions taken
[2, 4, 5, 20]
[1, 3, 7, 12, 22]
[1, 2, 9, 10, 13]
[2, 3, 6, 14]
[1, 4, 6, 27]
[2, 4, 6, 16, 17]
[1, 5, 6, 9, 21]
[3, 4, 5, 14]
[2, 3, 5, 25]
[1, 2, 7, 15, 17]
[3, 4, 6, 8]
[2, 3, 7, 8, 9]
[1, 3, 8, 10, 17]
[1, 4, 7, 14, 16]
[16, 17, 18, 19, 20, 21, 22, 23, 24, 25, 26, 27, 28]


6
process id 6
stats
5, 15, 7, 100, 1000
20220818-102335
loosing coalitions taken
[1, 4, 7, 11, 16]
[1, 2, 7, 12, 23]
[1, 3, 8, 15, 16]
[1, 5, 6, 15, 17]
[2, 3, 6, 14]
[1, 3, 7, 13, 21]
[1, 2, 8, 11, 18]
[2, 4, 5, 21, 24]
[1, 4, 8, 10, 13]
[1, 4, 6, 25]
[3, 4, 6, 8, 27]
[3, 4, 5, 15]
[1, 2, 9, 10, 14]
[2, 4, 6, 11, 20]
[16, 17, 18, 19, 20, 21, 22, 23, 24, 25, 26, 27, 28]


6
process id 4
stats
5, 15, 7, 100, 1000
20220818-102336
loosing coalitions taken
[1, 2, 8, 9, 21]
[1, 3, 7, 15, 18]
[1, 4, 7, 8]
[1, 5, 6, 9, 23]
[3, 4, 6, 14, 17]
[1, 2, 10, 12, 13]
[2, 3, 5, 21]
[3, 4, 5, 18, 23]
[2, 4, 5, 16, 26]
[2, 3, 6, 9]
[2, 4, 6, 11, 23]
[1, 4, 6, 25]
[1, 2, 7, 14, 22]
[1, 3, 8, 11, 19]
[16, 17, 18, 19, 20, 21, 22, 23, 24, 25, 26, 27, 28]


5
process id 6
stats
5, 15, 7, 100, 1000
20220818-102337
loosing coalitions taken
[1, 4, 7, 8]
[2, 4, 5, 18]
[1, 2, 10, 11, 12]
[1, 3, 7, 15, 19]
[2, 3, 6, 15, 26]
[3, 4, 6, 8]
[1, 2, 7, 9]
[1, 4, 6, 25]
[3, 4, 5, 20, 21]
[2, 4, 6, 16, 17]
[2, 3, 5, 24, 25]
[1, 5, 6, 12, 22]
[1, 2, 8, 14, 20]
[1, 3, 8, 12, 16]
[16, 17, 18, 19, 20, 21, 22, 23, 24, 25, 26, 27, 28]


6
process id 7
stats
5, 15, 7, 100, 1000
20220818-102337
loosing coalitions taken
[1, 5, 6, 12, 22]
[2, 4, 5, 19]
[3, 4, 6, 13, 17]
[1, 2, 8, 14, 20]
[1, 2, 7, 9]
[1, 3, 8, 15, 16]
[3, 4, 5, 15, 26]
[2, 3, 5, 20]
[2, 3, 6, 9]
[1, 4, 6, 25]
[1, 2, 10, 11, 12]
[1, 4, 7, 8, 23]
[2, 4, 6, 14, 21]
[1, 3, 7, 12, 19]
[16, 17, 18, 19, 20, 21, 22, 23, 24, 25, 26, 27, 28]


6
process id 3
stats
5, 15, 7, 100, 1000
20220818-102337
loosing coalitions taken
[1, 2, 7, 16, 20]
[1, 4, 7, 10, 19]
[3, 4, 6, 9, 18]
[2, 3, 6, 14]
[1, 3, 8, 11, 18]
[1, 3, 7, 9, 24]
[2, 4, 5, 17]
[1, 2, 10, 11, 12]
[1, 5, 6, 12, 21]
[2, 3, 5, 25]
[1, 4, 6, 26]
[1, 2, 8, 14, 17]
[2, 5, 6, 8, 11]
[2, 4, 6, 13, 19]
[16, 17, 18, 19, 20, 21, 22, 23, 24, 25, 26, 27, 28]


6
process id 2
stats
5, 15, 7, 100, 1000
20220818-102338
loosing coalitions taken
[2, 3, 6, 10]
[1, 2, 7, 16, 20]
[1, 3, 8, 9, 18]
[1, 5, 6, 15, 17]
[1, 4, 7, 8]
[2, 4, 5, 19]
[3, 4, 5, 15]
[1, 4, 6, 26]
[3, 4, 6, 12, 20]
[1, 3, 7, 14, 21]
[2, 3, 5, 21, 28]
[2, 4, 6, 15, 16]
[1, 2, 10, 11, 13]
[1, 2, 8, 12, 21]
[16, 17, 18, 19, 20, 21, 22, 23, 24, 25, 26, 27, 28]


6
process id 0
stats
5, 15, 7, 100, 1000
20220818-102339
loosing coalitions taken
[1, 2, 7, 9]
[1, 5, 6, 15, 17]
[1, 3, 8, 10, 17]
[2, 4, 6, 11, 21]
[2, 3, 6, 13]
[1, 4, 7, 11, 17]
[2, 4, 5, 19]
[2, 3, 5, 21]
[1, 4, 6, 27]
[3, 4, 5, 15]
[3, 4, 6, 9, 18]
[1, 2, 8, 12, 21]
[1, 4, 8, 13, 14]
[1, 3, 7, 14, 21]
[16, 17, 18, 19, 20, 21, 22, 23, 24, 25, 26, 27, 28]


6
process id 4
stats
5, 15, 7, 100, 1000
20220818-102339
loosing coalitions taken
[1, 3, 8, 14, 15]
[1, 3, 7, 9, 24]
[2, 4, 5, 20]
[1, 2, 8, 13, 18]
[1, 4, 7, 8]
[1, 5, 6, 15, 17]
[3, 4, 6, 13, 18]
[1, 2, 9, 11, 12]
[3, 4, 5, 19, 22]
[2, 3, 6, 14]
[2, 4, 6, 9, 21]
[2, 3, 5, 24]
[1, 4, 6, 27]
[1, 2, 7, 15, 19]
[16, 17, 18, 19, 20, 21, 22, 23, 24, 25, 26, 27, 28]


6
process id 6
stats
5, 15, 7, 100, 1000
20220818-102340
loosing coalitions taken
[3, 4, 6, 13, 18]
[1, 3, 7, 10, 24]
[2, 3, 5, 25, 27]
[1, 2, 9, 10, 14]
[2, 4, 5, 18]
[1, 3, 8, 9, 17]
[2, 3, 6, 10]
[1, 2, 7, 16, 20]
[1, 4, 7, 11, 17]
[1, 5, 6, 13, 17]
[3, 4, 5, 16]
[1, 2, 8, 11, 19]
[2, 4, 6, 14, 20]
[1, 4, 6, 25]
[16, 17, 18, 19, 20, 21, 22, 23, 24, 25, 26, 27, 28]


6
process id 3
stats
5, 15, 7, 100, 1000
20220818-102341
loosing coalitions taken
[2, 3, 6, 13]
[1, 3, 7, 9, 24]
[2, 4, 5, 19, 26]
[3, 4, 5, 21, 24]
[1, 2, 10, 11, 14]
[1, 2, 8, 12, 17]
[1, 5, 6, 11, 20]
[1, 3, 8, 14, 15]
[3, 4, 6, 14, 19]
[1, 4, 6, 25]
[2, 3, 5, 22]
[1, 4, 7, 8]
[2, 4, 6, 11, 18]
[1, 2, 7, 15, 22]
[16, 17, 18, 19, 20, 21, 22, 23, 24, 25, 26, 27, 28]


5
process id 1
stats
5, 15, 7, 100, 1000
20220818-102341
loosing coalitions taken
[1, 2, 8, 10, 21]
[1, 2, 7, 9]
[3, 4, 5, 18, 25]
[2, 4, 5, 20]
[2, 3, 6, 10, 28]
[1, 3, 8, 13, 14]
[1, 4, 6, 28]
[2, 4, 6, 12, 21]
[3, 4, 6, 8]
[1, 4, 7, 8]
[1, 3, 9, 10, 12]
[2, 3, 5, 23]
[1, 3, 7, 15, 17]
[1, 5, 6, 9, 24]
[16, 17, 18, 19, 20, 21, 22, 23, 24, 25, 26, 27, 28]


6
process id 0
stats
5, 15, 7, 100, 1000
20220818-102342
loosing coalitions taken
[1, 4, 7, 10, 18]
[2, 4, 5, 18]
[2, 3, 6, 11]
[1, 4, 8, 9, 14]
[1, 5, 6, 10, 24]
[1, 2, 7, 9]
[1, 3, 8, 13, 16]
[1, 2, 10, 11, 14]
[3, 4, 6, 9, 19]
[2, 3, 5, 25]
[1, 4, 6, 25]
[3, 4, 5, 15]
[1, 2, 8, 12, 17]
[1, 3, 7, 15, 17]
[16, 17, 18, 19, 20, 21, 22, 23, 24, 25, 26, 27, 28]


6
process id 4
stats
5, 15, 7, 100, 1000
20220818-102342
loosing coalitions taken
[1, 4, 8, 12, 14]
[2, 3, 6, 14, 27]
[2, 3, 7, 8, 10]
[1, 5, 6, 15, 18]
[3, 4, 6, 13, 17]
[1, 2, 10, 11, 14]
[1, 2, 8, 9, 18]
[1, 2, 7, 12, 26]
[3, 4, 5, 20, 24]
[2, 3, 5, 23]
[1, 3, 7, 16, 19]
[2, 4, 6, 16, 18]
[1, 4, 6, 25]
[1, 3, 8, 13, 15]
[16, 17, 18, 19, 20, 21, 22, 23, 24, 25, 26, 27, 28]


6
process id 5
stats
5, 15, 7, 100, 1000
20220818-102342
loosing coalitions taken
[2, 4, 6, 14, 22]
[2, 3, 6, 11]
[1, 2, 9, 10, 14]
[1, 5, 6, 13, 21]
[1, 4, 7, 10, 17]
[1, 2, 7, 15, 22]
[2, 4, 5, 19]
[1, 2, 8, 12, 20]
[2, 3, 5, 20]
[3, 4, 5, 16]
[3, 4, 6, 8]
[1, 4, 6, 25]
[1, 3, 7, 9, 21]
[1, 3, 8, 11, 16]
[16, 17, 18, 19, 20, 21, 22, 23, 24, 25, 26, 27, 28]


6
process id 2
stats
5, 15, 7, 100, 1000
20220818-102343
loosing coalitions taken
[1, 3, 8, 12, 18]
[1, 2, 8, 15, 17]
[1, 2, 10, 12, 13]
[2, 4, 6, 12, 22]
[2, 4, 5, 19, 27]
[3, 4, 6, 15, 16]
[3, 4, 5, 21, 23]
[1, 4, 7, 8]
[1, 5, 6, 11, 24]
[1, 3, 7, 10, 19]
[2, 3, 6, 10]
[2, 3, 5, 22]
[1, 4, 6, 25]
[1, 2, 7, 9]
[16, 17, 18, 19, 20, 21, 22, 23, 24, 25, 26, 27, 28]


6
process id 4
stats
5, 15, 7, 100, 1000
20220818-102344
loosing coalitions taken
[1, 5, 6, 10, 25]
[2, 4, 6, 15, 18]
[1, 2, 7, 11, 25]
[1, 2, 8, 10, 20]
[1, 3, 8, 12, 19]
[1, 3, 7, 15, 17]
[1, 2, 9, 12, 13]
[2, 3, 6, 19, 21]
[3, 4, 6, 12, 20]
[3, 5, 6, 7, 14]
[1, 3, 9, 10, 11]
[2, 3, 5, 23, 24]
[1, 4, 6, 26]
[3, 4, 5, 16]
[16, 17, 18, 19, 20, 21, 22, 23, 24, 25, 26, 27, 28]


5
process id 0
stats
5, 15, 7, 100, 1000
20220818-102345
loosing coalitions taken
[3, 4, 6, 14, 18]
[1, 5, 6, 13, 24]
[1, 2, 7, 17, 18]
[2, 4, 6, 9, 24]
[1, 2, 9, 10, 14]
[1, 3, 8, 9, 20]
[1, 4, 7, 14, 15]
[1, 3, 7, 12, 21]
[1, 4, 8, 10, 12]
[3, 4, 5, 15]
[2, 3, 6, 13]
[2, 4, 5, 20, 26]
[1, 4, 6, 28]
[2, 3, 5, 24]
[16, 17, 18, 19, 20, 21, 22, 23, 24, 25, 26, 27, 28]


6
process id 1
stats
5, 15, 7, 100, 1000
20220818-102345
loosing coalitions taken
[1, 3, 8, 11, 19]
[2, 3, 6, 13]
[1, 3, 7, 15, 21]
[1, 4, 7, 8]
[1, 2, 9, 11, 12]
[1, 5, 6, 15, 16]
[1, 4, 6, 27]
[2, 4, 5, 20, 28]
[3, 4, 5, 15]
[2, 4, 6, 12, 19]
[2, 3, 5, 21, 27]
[1, 2, 7, 10, 22]
[1, 2, 8, 14, 17]
[3, 4, 6, 8]
[16, 17, 18, 19, 20, 21, 22, 23, 24, 25, 26, 27, 28]


5
process id 2
stats
5, 15, 7, 100, 1000
20220818-102345
loosing coalitions taken
[1, 2, 8, 14, 20]
[1, 4, 7, 8]
[1, 2, 9, 10, 12]
[2, 4, 5, 17]
[1, 5, 6, 11, 24]
[3, 4, 5, 13]
[1, 4, 6, 25]
[2, 4, 6, 11, 23]
[1, 2, 7, 16, 18]
[3, 4, 6, 8]
[2, 3, 5, 21]
[2, 3, 6, 18, 19]
[1, 3, 8, 11, 19]
[1, 3, 7, 12, 21]
[16, 17, 18, 19, 20, 21, 22, 23, 24, 25, 26, 27, 28]


6
process id 7
stats
5, 15, 7, 100, 1000
20220818-102345
loosing coalitions taken
[1, 2, 9, 12, 13]
[1, 5, 6, 15, 20]
[1, 4, 7, 9, 19]
[1, 2, 8, 14, 16]
[1, 3, 7, 13, 22]
[1, 2, 7, 11, 27]
[1, 3, 8, 10, 18]
[1, 4, 6, 28]
[3, 4, 6, 8]
[2, 3, 6, 13, 23]
[2, 4, 5, 16]
[2, 3, 5, 21]
[3, 4, 5, 15, 25]
[1, 4, 8, 11, 12]
[16, 17, 18, 19, 20, 21, 22, 23, 24, 25, 26, 27, 28]


6
process id 6
stats
5, 15, 7, 100, 1000
20220818-102346
loosing coalitions taken
[1, 5, 6, 10, 24]
[2, 3, 6, 15, 22]
[1, 2, 8, 14, 20]
[1, 2, 7, 9]
[3, 5, 6, 7, 11]
[2, 4, 6, 13, 20]
[2, 4, 5, 16]
[1, 3, 8, 12, 16]
[1, 4, 8, 9, 15]
[1, 3, 7, 13, 18]
[2, 3, 5, 21]
[3, 4, 5, 17, 28]
[1, 4, 6, 26]
[3, 4, 6, 8]
[16, 17, 18, 19, 20, 21, 22, 23, 24, 25, 26, 27, 28]


5
process id 3
stats
5, 15, 7, 100, 1000
20220818-102346
loosing coalitions taken
[2, 3, 6, 10]
[1, 2, 8, 14, 18]
[1, 3, 7, 13, 19]
[2, 4, 5, 16]
[1, 3, 8, 11, 16]
[1, 2, 7, 9]
[3, 4, 5, 15, 25]
[1, 4, 6, 27]
[1, 4, 7, 12, 16]
[2, 3, 5, 20]
[3, 4, 6, 14, 16]
[1, 4, 8, 10, 13]
[1, 5, 6, 13, 23]
[2, 4, 6, 11, 21]
[16, 17, 18, 19, 20, 21, 22, 23, 24, 25, 26, 27, 28]


6
process id 4
stats
5, 15, 7, 100, 1000
20220818-102347
loosing coalitions taken
[1, 3, 7, 14, 22]
[2, 3, 6, 13]
[1, 3, 9, 10, 11]
[1, 2, 9, 12, 14]
[1, 5, 6, 10, 25]
[2, 4, 5, 20]
[1, 4, 6, 28]
[3, 4, 5, 18, 27]
[2, 4, 6, 15, 18]
[1, 2, 8, 11, 16]
[2, 3, 5, 21]
[1, 4, 7, 9, 18]
[1, 2, 7, 13, 21]
[3, 4, 6, 8]
[16, 17, 18, 19, 20, 21, 22, 23, 24, 25, 26, 27, 28]


5
process id 0
stats
5, 15, 7, 100, 1000
20220818-102348
loosing coalitions taken
[2, 4, 5, 20]
[1, 2, 8, 14, 19]
[1, 4, 7, 11, 17]
[1, 3, 8, 12, 17]
[2, 3, 6, 12, 25]
[2, 4, 6, 15, 19]
[1, 4, 6, 28]
[3, 4, 6, 13, 18]
[1, 3, 7, 13, 19]
[1, 2, 7, 9, 22]
[1, 5, 6, 12, 24]
[3, 4, 5, 16]
[2, 3, 5, 23]
[2, 3, 7, 8, 10]
[16, 17, 18, 19, 20, 21, 22, 23, 24, 25, 26, 27, 28]


6
process id 5
stats
5, 15, 7, 100, 1000
20220818-102348
loosing coalitions taken
[1, 3, 7, 10, 23]
[1, 2, 9, 10, 13]
[3, 4, 6, 9, 22]
[2, 4, 5, 18, 24]
[2, 3, 5, 26, 27]
[1, 5, 6, 13, 24]
[1, 2, 8, 15, 17]
[1, 3, 8, 13, 16]
[1, 2, 7, 14, 21]
[3, 4, 5, 16]
[2, 5, 6, 7, 15]
[2, 3, 6, 12, 25]
[1, 4, 8, 9, 12]
[1, 4, 6, 27]
[16, 17, 18, 19, 20, 21, 22, 23, 24, 25, 26, 27, 28]


6
process id 1
stats
5, 15, 7, 100, 1000
20220818-102350
loosing coalitions taken
[1, 3, 7, 9, 22]
[1, 4, 8, 12, 13]
[2, 5, 6, 7, 15]
[2, 3, 6, 9]
[1, 2, 7, 11, 24]
[3, 4, 5, 15]
[1, 3, 8, 10, 19]
[1, 5, 6, 11, 23]
[2, 4, 5, 17, 28]
[3, 4, 6, 13, 18]
[1, 4, 6, 28]
[1, 2, 8, 14, 17]
[2, 3, 5, 25]
[2, 4, 6, 11, 21]
[16, 17, 18, 19, 20, 21, 22, 23, 24, 25, 26, 27, 28]


5
process id 2
stats
5, 15, 7, 100, 1000
20220818-102350
loosing coalitions taken
[2, 4, 6, 15, 18]
[2, 3, 6, 11]
[1, 2, 9, 12, 13]
[1, 2, 8, 10, 19]
[1, 2, 7, 16, 18]
[1, 3, 7, 10, 24]
[3, 4, 5, 16]
[2, 4, 5, 20]
[1, 4, 7, 8]
[1, 4, 6, 28]
[1, 5, 6, 10, 21]
[2, 3, 5, 22]
[3, 4, 6, 8]
[1, 3, 8, 12, 18]
[16, 17, 18, 19, 20, 21, 22, 23, 24, 25, 26, 27, 28]


6
process id 0
stats
5, 15, 7, 100, 1000
20220818-102351
loosing coalitions taken
[1, 3, 7, 10, 24]
[1, 2, 7, 11, 27]
[1, 2, 9, 12, 13]
[1, 3, 8, 12, 18]
[2, 4, 5, 20]
[1, 5, 6, 16, 18]
[1, 4, 8, 9, 15]
[2, 3, 6, 9]
[2, 3, 5, 23, 27]
[3, 4, 5, 15]
[1, 4, 6, 25]
[2, 4, 6, 10, 21]
[3, 4, 6, 8]
[1, 2, 8, 14, 17]
[16, 17, 18, 19, 20, 21, 22, 23, 24, 25, 26, 27, 28]


6
process id 4
stats
5, 15, 7, 100, 1000
20220818-102352
loosing coalitions taken
[1, 3, 8, 9, 17]
[1, 4, 8, 11, 14]
[2, 3, 6, 14]
[1, 2, 7, 11, 24]
[1, 2, 8, 15, 16]
[1, 4, 7, 10, 16]
[1, 2, 9, 12, 13]
[1, 3, 7, 13, 20]
[3, 4, 5, 19, 21]
[2, 4, 5, 17]
[2, 3, 5, 24]
[1, 4, 6, 25]
[2, 4, 6, 10, 18]
[1, 5, 6, 11, 23]
[16, 17, 18, 19, 20, 21, 22, 23, 24, 25, 26, 27, 28]


6
process id 7
stats
5, 15, 7, 100, 1000
20220818-102353
loosing coalitions taken
[2, 4, 5, 20, 27]
[2, 3, 5, 25]
[1, 3, 8, 10, 19]
[1, 4, 7, 8]
[2, 4, 6, 9, 24]
[1, 2, 10, 12, 14]
[2, 3, 6, 14, 26]
[3, 4, 6, 12, 16]
[1, 4, 6, 25]
[1, 3, 7, 11, 23]
[1, 5, 6, 13, 21]
[1, 2, 8, 11, 20]
[3, 4, 5, 19, 26]
[1, 2, 7, 9]
[16, 17, 18, 19, 20, 21, 22, 23, 24, 25, 26, 27, 28]


6
process id 6
stats
5, 15, 7, 100, 1000
20220818-102354
loosing coalitions taken
[1, 4, 7, 8]
[3, 4, 6, 11, 20]
[2, 3, 5, 22]
[2, 4, 6, 14, 17]
[1, 2, 9, 12, 14]
[3, 4, 5, 13]
[2, 4, 5, 16]
[1, 5, 6, 9, 23]
[1, 4, 6, 28]
[1, 2, 8, 10, 21]
[2, 3, 6, 13]
[1, 3, 8, 9, 19]
[1, 2, 7, 11, 23]
[1, 3, 7, 15, 21]
[16, 17, 18, 19, 20, 21, 22, 23, 24, 25, 26, 27, 28]


6
process id 2
stats
5, 15, 7, 100, 1000
20220818-102355
loosing coalitions taken
[2, 4, 5, 20]
[1, 2, 7, 11, 23]
[1, 2, 8, 14, 17]
[1, 3, 8, 13, 16]
[2, 3, 6, 13]
[1, 3, 7, 15, 20]
[1, 4, 7, 8]
[2, 4, 6, 11, 18]
[1, 4, 6, 27]
[2, 3, 5, 22]
[1, 5, 6, 15, 21]
[3, 4, 6, 8]
[3, 4, 5, 13]
[1, 3, 9, 10, 11]
[16, 17, 18, 19, 20, 21, 22, 23, 24, 25, 26, 27, 28]


5
process id 0
stats
5, 15, 7, 100, 1000
20220818-102355
loosing coalitions taken
[2, 3, 5, 23]
[1, 2, 8, 11, 20]
[1, 2, 7, 9, 25]
[2, 4, 6, 13, 20]
[1, 3, 8, 14, 16]
[1, 3, 7, 10, 22]
[2, 3, 6, 9]
[3, 4, 6, 8]
[3, 4, 5, 15]
[1, 4, 8, 9, 12]
[1, 5, 6, 11, 21]
[2, 4, 5, 19]
[1, 4, 6, 25]
[1, 4, 7, 11, 16]
[16, 17, 18, 19, 20, 21, 22, 23, 24, 25, 26, 27, 28]


5
process id 5
stats
5, 15, 7, 100, 1000
20220818-102356
loosing coalitions taken
[1, 4, 7, 8]
[2, 3, 6, 14]
[1, 2, 10, 11, 12]
[3, 4, 6, 8]
[1, 2, 8, 14, 18]
[2, 4, 5, 18]
[2, 3, 5, 25, 26]
[1, 5, 6, 10, 21]
[2, 4, 6, 12, 17]
[1, 2, 7, 9, 23]
[1, 4, 6, 25]
[1, 3, 7, 10, 19]
[3, 4, 5, 14]
[1, 3, 8, 9, 15]
[16, 17, 18, 19, 20, 21, 22, 23, 24, 25, 26, 27, 28]


5
process id 7
stats
5, 15, 7, 100, 1000
20220818-102356
loosing coalitions taken
[2, 3, 6, 9]
[2, 4, 5, 18]
[1, 3, 8, 13, 15]
[1, 3, 7, 11, 21]
[1, 2, 8, 11, 20]
[1, 5, 6, 12, 21]
[2, 3, 5, 25]
[1, 4, 7, 8, 23]
[3, 4, 5, 13]
[1, 2, 10, 12, 14]
[1, 2, 7, 9]
[2, 4, 6, 10, 22]
[3, 4, 6, 12, 18]
[1, 4, 6, 28]
[16, 17, 18, 19, 20, 21, 22, 23, 24, 25, 26, 27, 28]


6
process id 3
stats
5, 15, 7, 100, 1000
20220818-102357
loosing coalitions taken
[1, 5, 6, 9, 26]
[1, 4, 7, 8]
[1, 2, 9, 12, 14]
[3, 4, 6, 13, 20]
[1, 2, 7, 16, 17]
[3, 4, 5, 15, 25]
[2, 3, 5, 24]
[2, 4, 5, 16]
[1, 4, 6, 27]
[2, 4, 6, 14, 18]
[1, 2, 8, 10, 20]
[2, 3, 6, 10]
[1, 3, 7, 13, 19]
[1, 3, 8, 11, 17]
[16, 17, 18, 19, 20, 21, 22, 23, 24, 25, 26, 27, 28]


6
process id 2
stats
5, 15, 7, 100, 1000
20220818-102358
loosing coalitions taken
[1, 3, 8, 9, 20]
[1, 2, 7, 9, 27]
[1, 5, 6, 13, 21]
[2, 3, 6, 11]
[3, 4, 5, 17, 23]
[1, 2, 8, 15, 16]
[2, 4, 5, 16]
[1, 4, 7, 8, 24]
[1, 4, 6, 27]
[2, 4, 6, 14, 20]
[1, 3, 7, 12, 19]
[2, 3, 5, 25, 28]
[1, 2, 10, 12, 13]
[3, 4, 6, 13, 18]
[16, 17, 18, 19, 20, 21, 22, 23, 24, 25, 26, 27, 28]


6
process id 0
stats
5, 15, 7, 100, 1000
20220818-102358
loosing coalitions taken
[1, 2, 8, 14, 20]
[2, 4, 6, 13, 22]
[2, 3, 6, 14]
[1, 2, 10, 11, 12]
[1, 4, 8, 9, 12]
[2, 4, 5, 17]
[1, 3, 8, 11, 18]
[1, 2, 7, 13, 25]
[1, 4, 6, 27]
[2, 3, 5, 21]
[1, 5, 6, 10, 21]
[3, 4, 5, 19, 24]
[3, 4, 6, 12, 20]
[1, 3, 7, 15, 21]
[16, 17, 18, 19, 20, 21, 22, 23, 24, 25, 26, 27, 28]


6
process id 7
stats
5, 15, 7, 100, 1000
20220818-102358
loosing coalitions taken
[1, 2, 9, 11, 14]
[1, 5, 6, 16, 20]
[2, 3, 6, 14]
[1, 3, 7, 10, 23]
[1, 4, 8, 13, 14]
[1, 4, 7, 11, 17]
[2, 4, 5, 18]
[1, 4, 6, 26]
[3, 4, 5, 15, 26]
[2, 3, 5, 22]
[1, 3, 8, 12, 18]
[1, 2, 7, 15, 19]
[2, 4, 6, 9, 25]
[1, 2, 8, 10, 21]
[16, 17, 18, 19, 20, 21, 22, 23, 24, 25, 26, 27, 28]


6
process id 5
stats
5, 15, 7, 100, 1000
20220818-102359
loosing coalitions taken
[1, 2, 8, 9, 21]
[2, 4, 5, 20]
[1, 3, 7, 13, 22]
[1, 5, 6, 10, 24]
[1, 4, 6, 27]
[1, 2, 7, 17, 19]
[2, 3, 6, 14]
[3, 4, 6, 8]
[3, 4, 5, 16, 26]
[2, 3, 5, 22]
[2, 4, 6, 15, 18]
[1, 4, 8, 12, 14]
[2, 5, 6, 7, 11]
[1, 2, 10, 11, 12]
[16, 17, 18, 19, 20, 21, 22, 23, 24, 25, 26, 27, 28]


6
process id 1
stats
5, 15, 7, 100, 1000
20220818-102359
loosing coalitions taken
[1, 2, 7, 9]
[1, 4, 8, 13, 14]
[2, 4, 5, 16]
[2, 3, 6, 12, 25]
[1, 3, 8, 11, 17]
[3, 4, 6, 8]
[3, 4, 5, 17, 28]
[2, 4, 6, 11, 19]
[1, 3, 7, 14, 19]
[3, 5, 6, 7, 13]
[2, 3, 5, 24]
[1, 4, 6, 25]
[1, 2, 8, 15, 16]
[1, 5, 6, 9, 21]
[16, 17, 18, 19, 20, 21, 22, 23, 24, 25, 26, 27, 28]


6
process id 3
stats
5, 15, 7, 100, 1000
20220818-102400
loosing coalitions taken
[2, 4, 5, 20]
[2, 3, 6, 12]
[1, 2, 8, 14, 17]
[1, 5, 6, 10, 23]
[1, 3, 8, 13, 15]
[1, 2, 7, 15, 21]
[1, 3, 9, 10, 11]
[1, 4, 7, 8]
[1, 3, 7, 12, 17]
[2, 3, 5, 21]
[3, 4, 5, 16]
[3, 4, 6, 14, 18]
[2, 4, 6, 11, 17]
[1, 4, 6, 27]
[16, 17, 18, 19, 20, 21, 22, 23, 24, 25, 26, 27, 28]


6
process id 5
stats
5, 15, 7, 100, 1000
20220818-102401
loosing coalitions taken
[1, 3, 8, 11, 19]
[1, 2, 7, 11, 22]
[1, 2, 8, 14, 20]
[1, 3, 7, 10, 24]
[2, 3, 6, 12, 25]
[1, 2, 9, 10, 13]
[3, 4, 6, 14, 19]
[2, 4, 5, 16]
[1, 5, 6, 9, 22]
[3, 4, 5, 15]
[1, 4, 6, 26]
[2, 3, 5, 20]
[1, 4, 7, 8]
[2, 4, 6, 10, 18]
[16, 17, 18, 19, 20, 21, 22, 23, 24, 25, 26, 27, 28]


6
process id 1
stats
5, 15, 7, 100, 1000
20220818-102402
loosing coalitions taken
[1, 4, 7, 13, 16]
[2, 4, 5, 17]
[1, 2, 10, 11, 13]
[2, 3, 6, 12]
[1, 3, 8, 11, 16]
[1, 2, 8, 14, 18]
[1, 3, 7, 14, 22]
[2, 4, 6, 10, 21]
[3, 4, 5, 16, 23]
[1, 5, 6, 13, 20]
[3, 4, 6, 8]
[1, 4, 6, 28]
[1, 2, 7, 9, 26]
[2, 3, 5, 22]
[16, 17, 18, 19, 20, 21, 22, 23, 24, 25, 26, 27, 28]


6
process id 2
stats
5, 15, 7, 100, 1000
20220818-102403
loosing coalitions taken
[2, 3, 6, 12]
[1, 4, 8, 9, 12]
[2, 4, 5, 20, 23]
[1, 2, 7, 9]
[1, 3, 8, 14, 15]
[1, 4, 6, 28]
[3, 4, 6, 8, 27]
[2, 3, 5, 22]
[3, 4, 5, 18, 24]
[2, 4, 6, 13, 22]
[1, 2, 8, 11, 19]
[1, 5, 6, 10, 24]
[1, 3, 7, 11, 20]
[1, 2, 10, 12, 13]
[16, 17, 18, 19, 20, 21, 22, 23, 24, 25, 26, 27, 28]


6
process id 4
stats
5, 15, 7, 100, 1000
20220818-102403
loosing coalitions taken
[3, 4, 6, 13, 17]
[2, 3, 6, 9]
[1, 4, 7, 12, 16]
[1, 5, 6, 10, 26]
[1, 3, 7, 10, 22]
[1, 2, 8, 12, 18]
[1, 3, 8, 11, 17]
[1, 4, 6, 28]
[2, 4, 5, 18]
[2, 3, 5, 25]
[3, 4, 5, 19, 26]
[1, 2, 7, 9]
[1, 4, 8, 13, 14]
[1, 2, 10, 11, 14]
[16, 17, 18, 19, 20, 21, 22, 23, 24, 25, 26, 27, 28]


6
process id 0
stats
5, 15, 7, 100, 1000
20220818-102403
loosing coalitions taken
[1, 5, 6, 11, 24]
[1, 4, 7, 10, 18]
[1, 2, 10, 12, 14]
[1, 3, 8, 11, 17]
[1, 2, 8, 9, 21]
[1, 2, 7, 16, 20]
[1, 3, 7, 12, 19]
[2, 4, 5, 15]
[3, 4, 6, 14, 18]
[2, 4, 6, 12, 20]
[2, 3, 5, 25]
[3, 4, 5, 20, 23]
[1, 4, 6, 25]
[2, 3, 6, 9, 26]
[16, 17, 18, 19, 20, 21, 22, 23, 24, 25, 26, 27, 28]


5
process id 4
stats
5, 15, 7, 100, 1000
20220818-102405
loosing coalitions taken
[1, 4, 7, 12, 16]
[1, 2, 7, 9]
[1, 3, 8, 15, 16]
[2, 3, 6, 14, 25]
[2, 3, 5, 23]
[3, 4, 5, 17, 21]
[2, 4, 5, 19]
[1, 3, 7, 13, 19]
[1, 4, 8, 9, 13]
[2, 4, 6, 10, 22]
[1, 4, 6, 27]
[1, 5, 6, 16, 18]
[3, 4, 6, 8]
[1, 2, 8, 10, 20]
[16, 17, 18, 19, 20, 21, 22, 23, 24, 25, 26, 27, 28]


6
process id 1
stats
5, 15, 7, 100, 1000
20220818-102405
loosing coalitions taken
[1, 5, 6, 12, 23]
[2, 3, 5, 23]
[1, 3, 8, 13, 15]
[1, 2, 7, 9]
[2, 4, 6, 14, 17]
[2, 3, 6, 11]
[3, 4, 5, 14]
[1, 2, 8, 11, 19]
[1, 4, 7, 8, 25]
[1, 4, 6, 26]
[2, 4, 5, 18]
[1, 3, 9, 10, 11]
[3, 4, 6, 10, 18]
[1, 3, 7, 14, 21]
[16, 17, 18, 19, 20, 21, 22, 23, 24, 25, 26, 27, 28]


6
process id 6
stats
5, 15, 7, 100, 1000
20220818-102405
loosing coalitions taken
[1, 3, 7, 12, 22]
[1, 4, 7, 9, 18]
[1, 2, 9, 11, 12]
[1, 5, 6, 16, 17]
[2, 3, 5, 20]
[2, 4, 5, 21, 28]
[2, 3, 6, 11]
[3, 4, 5, 18, 24]
[1, 2, 7, 10, 24]
[3, 4, 6, 9, 20]
[1, 4, 6, 25]
[2, 4, 6, 12, 23]
[1, 3, 8, 11, 16]
[1, 4, 8, 10, 12]
[16, 17, 18, 19, 20, 21, 22, 23, 24, 25, 26, 27, 28]


6
process id 2
stats
5, 15, 7, 100, 1000
20220818-102405
loosing coalitions taken
[2, 4, 5, 18]
[1, 2, 8, 13, 20]
[1, 3, 7, 15, 17]
[1, 3, 8, 11, 19]
[1, 5, 6, 13, 23]
[1, 4, 7, 8]
[2, 3, 6, 11, 27]
[2, 3, 5, 25, 28]
[1, 4, 6, 25]
[2, 4, 6, 16, 19]
[1, 2, 7, 11, 24]
[1, 2, 9, 10, 12]
[3, 4, 6, 14, 18]
[3, 4, 5, 16, 24]
[16, 17, 18, 19, 20, 21, 22, 23, 24, 25, 26, 27, 28]


6
process id 5
stats
5, 15, 7, 100, 1000
20220818-102407
loosing coalitions taken
[2, 3, 6, 18, 21]
[1, 2, 7, 13, 24]
[1, 4, 7, 10, 18]
[3, 4, 5, 16]
[2, 4, 6, 10, 24]
[1, 3, 8, 9, 18]
[1, 2, 8, 10, 17]
[1, 3, 7, 14, 22]
[1, 5, 6, 9, 26]
[2, 4, 5, 20]
[2, 3, 5, 25]
[1, 4, 6, 27, 28]
[3, 4, 6, 8]
[1, 4, 8, 11, 14]
[16, 17, 18, 19, 20, 21, 22, 23, 24, 25, 26, 27, 28]


5
process id 0
stats
5, 15, 7, 100, 1000
20220818-102407
loosing coalitions taken
[3, 4, 6, 12, 19]
[1, 3, 9, 10, 12]
[1, 2, 9, 11, 14]
[1, 2, 8, 10, 18]
[2, 3, 6, 10]
[1, 3, 7, 11, 23]
[1, 4, 7, 10, 17]
[1, 3, 8, 15, 16]
[1, 2, 7, 15, 22]
[1, 5, 6, 16, 19]
[1, 4, 6, 26, 27]
[2, 4, 5, 19, 22]
[3, 4, 5, 14]
[2, 3, 5, 25]
[16, 17, 18, 19, 20, 21, 22, 23, 24, 25, 26, 27, 28]


6
process id 2
stats
5, 15, 7, 100, 1000
20220818-102409
loosing coalitions taken
[1, 2, 8, 12, 20]
[1, 3, 7, 14, 22]
[1, 2, 9, 11, 14]
[1, 5, 6, 9, 25]
[2, 3, 6, 13]
[1, 2, 7, 15, 21]
[1, 3, 8, 11, 18]
[1, 3, 9, 10, 12]
[2, 3, 5, 22]
[2, 4, 5, 15]
[1, 4, 6, 28]
[3, 4, 5, 18, 27]
[2, 4, 6, 10, 22]
[1, 4, 7, 10, 18]
[16, 17, 18, 19, 20, 21, 22, 23, 24, 25, 26, 27, 28]


6
process id 3
stats
5, 15, 7, 100, 1000
20220818-102411
loosing coalitions taken
[2, 3, 6, 11]
[1, 2, 8, 10, 21]
[1, 3, 7, 14, 22]
[1, 3, 9, 10, 12]
[1, 2, 7, 9]
[2, 4, 5, 17]
[1, 5, 6, 15, 19]
[1, 3, 8, 15, 16]
[3, 4, 6, 12, 17]
[2, 3, 5, 24]
[3, 4, 5, 15, 26]
[2, 4, 6, 14, 18]
[1, 4, 7, 8]
[1, 4, 6, 25]
[16, 17, 18, 19, 20, 21, 22, 23, 24, 25, 26, 27, 28]


6
process id 2
stats
5, 15, 7, 100, 1000
20220818-102412
loosing coalitions taken
[1, 2, 9, 11, 14]
[2, 3, 6, 13]
[1, 3, 9, 10, 12]
[1, 2, 7, 16, 17]
[2, 4, 5, 17]
[1, 5, 6, 16, 18]
[1, 4, 7, 8]
[3, 4, 6, 8]
[2, 3, 5, 23, 28]
[3, 4, 5, 19, 22]
[1, 4, 6, 28]
[1, 3, 7, 11, 18]
[2, 4, 6, 9, 21]
[1, 3, 8, 13, 14]
[16, 17, 18, 19, 20, 21, 22, 23, 24, 25, 26, 27, 28]


6
process id 2
stats
5, 15, 7, 100, 1000
20220818-102417
loosing coalitions taken
[1, 3, 7, 11, 22]
[1, 2, 9, 12, 14]
[2, 4, 5, 22, 24]
[1, 3, 8, 12, 19]
[3, 4, 5, 15]
[2, 3, 6, 14]
[1, 5, 6, 10, 24]
[1, 2, 8, 11, 17]
[1, 2, 7, 16, 20]
[2, 3, 5, 23]
[1, 4, 7, 10, 17]
[1, 4, 6, 28]
[2, 4, 6, 11, 18]
[3, 4, 6, 8]
[16, 17, 18, 19, 20, 21, 22, 23, 24, 25, 26, 27, 28]


6
process id 5
stats
5, 15, 7, 100, 1000
20220818-102417
loosing coalitions taken
[1, 3, 8, 12, 17]
[1, 2, 9, 11, 14]
[2, 3, 6, 13]
[1, 3, 7, 11, 20]
[2, 4, 5, 16]
[3, 4, 6, 9, 19]
[1, 5, 6, 16, 17]
[1, 4, 6, 26]
[1, 4, 7, 12, 14]
[2, 3, 5, 25, 28]
[2, 4, 6, 11, 18]
[3, 4, 5, 17, 22]
[1, 2, 8, 15, 16]
[1, 2, 7, 10, 25]
[16, 17, 18, 19, 20, 21, 22, 23, 24, 25, 26, 27, 28]


6
process id 4
stats
5, 15, 7, 100, 1000
20220818-102417
loosing coalitions taken
[1, 3, 8, 11, 17]
[1, 2, 7, 14, 24]
[1, 2, 10, 11, 13]
[1, 5, 6, 13, 24]
[1, 3, 7, 10, 22]
[1, 2, 8, 12, 16]
[1, 4, 6, 26]
[3, 4, 5, 15]
[2, 4, 6, 12, 22]
[2, 3, 5, 24]
[2, 3, 6, 18, 20]
[2, 4, 5, 19]
[3, 4, 6, 8]
[1, 4, 7, 11, 15]
[16, 17, 18, 19, 20, 21, 22, 23, 24, 25, 26, 27, 28]


6
process id 6
stats
5, 15, 7, 100, 1000
20220818-102417
loosing coalitions taken
[1, 3, 8, 9, 18]
[1, 4, 7, 8]
[1, 5, 6, 10, 26]
[1, 2, 9, 10, 14]
[3, 4, 5, 16, 26]
[2, 3, 5, 21]
[2, 4, 5, 19]
[3, 4, 6, 8, 28]
[1, 2, 7, 17, 18]
[2, 3, 6, 10]
[1, 4, 6, 25]
[1, 3, 7, 14, 20]
[2, 4, 6, 13, 17]
[1, 2, 8, 11, 20]
[16, 17, 18, 19, 20, 21, 22, 23, 24, 25, 26, 27, 28]


6
process id 3
stats
5, 15, 7, 100, 1000
20220818-102419
loosing coalitions taken
[2, 3, 5, 23]
[1, 2, 9, 11, 12]
[1, 3, 7, 10, 21]
[2, 4, 6, 15, 17]
[1, 2, 7, 15, 20]
[2, 3, 6, 10, 25]
[1, 2, 8, 10, 18]
[2, 4, 5, 18, 22]
[1, 4, 7, 8]
[3, 4, 5, 16]
[1, 4, 6, 27]
[1, 5, 6, 16, 20]
[1, 3, 8, 12, 19]
[3, 4, 6, 8]
[16, 17, 18, 19, 20, 21, 22, 23, 24, 25, 26, 27, 28]


6
process id 5
stats
5, 15, 7, 100, 1000
20220818-102420
loosing coalitions taken
[2, 4, 6, 13, 22]
[1, 4, 7, 8]
[3, 4, 6, 15, 17]
[1, 2, 10, 12, 14]
[2, 4, 5, 18]
[2, 3, 6, 12]
[1, 2, 7, 15, 21]
[1, 3, 7, 11, 19]
[3, 4, 5, 16]
[1, 2, 8, 11, 17]
[1, 5, 6, 14, 20]
[2, 3, 5, 23]
[1, 4, 6, 26]
[1, 3, 8, 9, 18]
[16, 17, 18, 19, 20, 21, 22, 23, 24, 25, 26, 27, 28]


5
process id 6
stats
5, 15, 7, 100, 1000
20220818-102420
loosing coalitions taken
[2, 3, 6, 14]
[1, 3, 8, 10, 18]
[1, 4, 7, 9, 18]
[1, 3, 7, 16, 17]
[3, 4, 5, 16, 23]
[1, 4, 6, 26]
[2, 4, 5, 22, 24]
[2, 3, 5, 21]
[2, 4, 6, 15, 21]
[1, 2, 10, 11, 14]
[3, 4, 6, 11, 18]
[1, 5, 6, 9, 25]
[1, 2, 7, 12, 25]
[1, 4, 8, 13, 14]
[16, 17, 18, 19, 20, 21, 22, 23, 24, 25, 26, 27, 28]


6
process id 0
stats
5, 15, 7, 100, 1000
20220818-102422
loosing coalitions taken
[1, 3, 9, 10, 11]
[1, 4, 7, 8]
[2, 4, 6, 15, 18]
[2, 4, 5, 20]
[1, 2, 9, 12, 14]
[3, 4, 6, 12, 21]
[2, 3, 5, 24]
[1, 4, 6, 28]
[2, 3, 6, 13]
[3, 4, 5, 19, 22]
[1, 5, 6, 16, 19]
[1, 3, 8, 14, 15]
[1, 2, 8, 11, 18]
[1, 3, 7, 16, 17]
[16, 17, 18, 19, 20, 21, 22, 23, 24, 25, 26, 27, 28]


6
process id 5
stats
5, 15, 7, 100, 1000
20220818-102422
loosing coalitions taken
[1, 4, 8, 10, 15]
[1, 2, 7, 17, 19]
[2, 4, 5, 19]
[1, 2, 10, 11, 14]
[1, 2, 8, 12, 20]
[1, 3, 8, 11, 18]
[1, 3, 7, 13, 22]
[2, 3, 6, 9, 25]
[1, 5, 6, 14, 21]
[1, 4, 6, 28]
[1, 4, 7, 11, 16]
[3, 4, 5, 17, 23]
[2, 4, 6, 12, 21]
[2, 3, 5, 21]
[16, 17, 18, 19, 20, 21, 22, 23, 24, 25, 26, 27, 28]


6
process id 4
stats
5, 15, 7, 100, 1000
20220818-102423
loosing coalitions taken
[1, 5, 6, 12, 24]
[1, 3, 8, 10, 18]
[2, 3, 5, 24]
[3, 4, 6, 9, 22]
[1, 4, 7, 11, 15]
[1, 4, 8, 13, 14]
[1, 2, 7, 9]
[2, 3, 6, 14, 23]
[1, 4, 6, 28]
[3, 4, 5, 18, 26]
[2, 4, 5, 19]
[2, 4, 6, 12, 21]
[1, 2, 8, 12, 17]
[3, 5, 6, 7, 11]
[16, 17, 18, 19, 20, 21, 22, 23, 24, 25, 26, 27, 28]


6
process id 2
stats
5, 15, 7, 100, 1000
20220818-102423
loosing coalitions taken
[1, 3, 8, 12, 16]
[1, 2, 7, 17, 19]
[1, 2, 8, 13, 20]
[2, 3, 6, 12]
[1, 2, 9, 10, 11]
[1, 5, 6, 13, 21]
[2, 4, 5, 16]
[2, 4, 6, 11, 22]
[3, 4, 6, 8]
[3, 4, 5, 15]
[1, 4, 7, 8, 23]
[1, 4, 6, 27]
[2, 3, 5, 24, 25]
[1, 3, 7, 9, 20]
[16, 17, 18, 19, 20, 21, 22, 23, 24, 25, 26, 27, 28]


6
process id 1
stats
5, 15, 7, 100, 1000
20220818-102423
loosing coalitions taken
[2, 4, 6, 11, 22]
[2, 3, 5, 25]
[1, 4, 7, 8]
[3, 4, 6, 15, 17]
[1, 2, 9, 10, 12]
[1, 2, 7, 14, 20]
[2, 4, 5, 19]
[2, 3, 6, 10]
[1, 5, 6, 13, 19]
[1, 4, 6, 27]
[3, 4, 5, 14]
[1, 3, 8, 12, 16]
[1, 2, 8, 11, 19]
[1, 3, 7, 10, 21]
[16, 17, 18, 19, 20, 21, 22, 23, 24, 25, 26, 27, 28]


6
process id 0
stats
5, 15, 7, 100, 1000
20220818-102424
loosing coalitions taken
[3, 4, 5, 16]
[2, 3, 6, 12]
[1, 3, 8, 11, 19]
[1, 5, 6, 15, 20]
[1, 4, 8, 9, 10]
[1, 2, 7, 9]
[1, 4, 6, 26]
[2, 4, 5, 18, 23]
[2, 3, 5, 22]
[2, 4, 6, 11, 17]
[1, 4, 7, 13, 16]
[3, 4, 6, 13, 19]
[1, 2, 8, 12, 20]
[2, 3, 7, 8, 10]
[16, 17, 18, 19, 20, 21, 22, 23, 24, 25, 26, 27, 28]


6
process id 6
stats
5, 15, 7, 100, 1000
20220818-102424
loosing coalitions taken
[1, 3, 9, 10, 11]
[1, 5, 6, 9, 23]
[2, 4, 5, 18]
[1, 2, 8, 10, 20]
[1, 3, 8, 13, 15]
[1, 2, 7, 13, 24]
[2, 3, 6, 11]
[1, 4, 7, 8]
[2, 3, 5, 25]
[2, 4, 6, 15, 21]
[3, 4, 5, 16]
[3, 4, 6, 8]
[1, 4, 6, 27]
[1, 3, 7, 12, 17]
[16, 17, 18, 19, 20, 21, 22, 23, 24, 25, 26, 27, 28]


6
process id 6
stats
5, 15, 7, 100, 1000
20220818-102426
loosing coalitions taken
[1, 4, 8, 11, 14]
[2, 4, 6, 10, 23]
[1, 2, 9, 10, 11]
[1, 2, 8, 12, 19]
[2, 3, 6, 13]
[1, 3, 8, 15, 16]
[2, 4, 5, 18]
[1, 3, 7, 11, 20]
[1, 4, 7, 9, 19]
[2, 3, 5, 20]
[1, 4, 6, 25]
[3, 4, 5, 16]
[1, 5, 6, 12, 23]
[1, 2, 7, 15, 22]
[16, 17, 18, 19, 20, 21, 22, 23, 24, 25, 26, 27, 28]


6
process id 3
stats
5, 15, 7, 100, 1000
20220818-102427
loosing coalitions taken
[2, 4, 5, 20, 28]
[2, 3, 5, 25]
[1, 4, 7, 14, 16]
[2, 4, 6, 13, 21]
[1, 2, 7, 10, 28]
[1, 2, 8, 15, 16]
[3, 4, 6, 14, 19]
[1, 2, 9, 12, 13]
[1, 5, 6, 16, 18]
[3, 4, 5, 15]
[2, 3, 6, 12]
[1, 3, 7, 11, 17]
[1, 4, 8, 10, 12]
[1, 4, 6, 27]
[16, 17, 18, 19, 20, 21, 22, 23, 24, 25, 26, 27, 28]


6
process id 4
stats
5, 15, 7, 100, 1000
20220818-102428
loosing coalitions taken
[1, 3, 8, 11, 19]
[1, 5, 6, 16, 18]
[1, 4, 7, 8, 24]
[1, 2, 7, 12, 26]
[2, 3, 6, 10]
[1, 2, 8, 9, 21]
[1, 3, 7, 14, 21]
[3, 4, 5, 15]
[2, 3, 5, 25]
[1, 4, 6, 26]
[2, 4, 5, 21, 23]
[3, 4, 6, 13, 17]
[2, 4, 6, 12, 22]
[1, 2, 10, 11, 13]
[16, 17, 18, 19, 20, 21, 22, 23, 24, 25, 26, 27, 28]


6
process id 2
stats
5, 15, 7, 100, 1000
20220818-102429
loosing coalitions taken
[1, 5, 6, 12, 23]
[3, 4, 6, 14, 20]
[2, 3, 6, 11]
[1, 3, 8, 9, 20]
[1, 2, 7, 12, 26]
[2, 4, 5, 18]
[1, 4, 7, 10, 16]
[1, 2, 9, 10, 14]
[3, 4, 5, 15]
[2, 3, 5, 21]
[1, 4, 6, 26]
[1, 2, 8, 13, 19]
[2, 4, 6, 16, 19]
[1, 3, 7, 14, 18]
[16, 17, 18, 19, 20, 21, 22, 23, 24, 25, 26, 27, 28]


5
process id 1
stats
5, 15, 7, 100, 1000
20220818-102429
loosing coalitions taken
[2, 3, 6, 14]
[1, 2, 9, 11, 13]
[1, 2, 7, 16, 21]
[1, 5, 6, 10, 24]
[1, 4, 7, 8]
[2, 4, 5, 19]
[3, 4, 6, 9, 22]
[1, 3, 8, 10, 17]
[3, 4, 5, 17, 24]
[1, 4, 6, 28]
[2, 3, 5, 22]
[1, 2, 8, 14, 20]
[2, 4, 6, 10, 21]
[1, 3, 7, 11, 22]
[16, 17, 18, 19, 20, 21, 22, 23, 24, 25, 26, 27, 28]


5
process id 6
stats
5, 15, 7, 100, 1000
20220818-102430
loosing coalitions taken
[2, 4, 5, 19]
[1, 2, 10, 11, 12]
[1, 4, 7, 8]
[3, 4, 6, 14, 20]
[2, 4, 6, 9, 25]
[3, 4, 5, 16]
[1, 3, 7, 15, 16]
[1, 4, 6, 28]
[2, 3, 5, 24, 25]
[2, 3, 6, 17, 18]
[1, 2, 7, 9]
[1, 3, 8, 9, 20]
[1, 5, 6, 13, 18]
[1, 2, 8, 14, 18]
[16, 17, 18, 19, 20, 21, 22, 23, 24, 25, 26, 27, 28]


5
process id 4
stats
5, 15, 7, 100, 1000
20220818-102430
loosing coalitions taken
[1, 5, 6, 15, 21]
[1, 4, 8, 13, 14]
[2, 4, 5, 17]
[1, 2, 8, 12, 19]
[2, 3, 6, 11, 26]
[1, 2, 7, 16, 21]
[1, 3, 8, 9, 18]
[2, 3, 7, 8, 10]
[1, 2, 9, 10, 14]
[3, 4, 6, 13, 21]
[2, 3, 5, 24, 25]
[3, 4, 5, 19, 20]
[2, 4, 6, 12, 22]
[1, 4, 7, 10, 18]
[16, 17, 18, 19, 20, 21, 22, 23, 24, 25, 26, 27, 28]


6
process id 7
stats
5, 15, 7, 100, 1000
20220818-102430
loosing coalitions taken
[1, 2, 7, 14, 24]
[2, 3, 5, 23]
[2, 4, 6, 11, 24]
[1, 5, 6, 16, 19]
[1, 2, 8, 11, 20]
[1, 4, 7, 8]
[1, 3, 7, 11, 17]
[3, 4, 5, 14]
[2, 4, 5, 19]
[2, 3, 6, 9]
[1, 4, 6, 26]
[1, 2, 9, 10, 13]
[3, 4, 6, 8]
[1, 3, 8, 14, 16]
[16, 17, 18, 19, 20, 21, 22, 23, 24, 25, 26, 27, 28]


5
process id 0
stats
5, 15, 7, 100, 1000
20220818-102431
loosing coalitions taken
[2, 3, 6, 15, 27]
[1, 2, 10, 12, 13]
[2, 4, 6, 10, 24]
[3, 4, 6, 12, 20]
[1, 5, 6, 12, 21]
[2, 4, 5, 18, 25]
[1, 2, 7, 17, 18]
[1, 4, 8, 10, 15]
[1, 4, 6, 26]
[1, 3, 7, 15, 16]
[1, 2, 8, 11, 21]
[3, 4, 5, 14]
[1, 3, 8, 9, 17]
[2, 3, 7, 8, 10]
[16, 17, 18, 19, 20, 21, 22, 23, 24, 25, 26, 27, 28]


6
process id 5
stats
5, 15, 7, 100, 1000
20220818-102432
loosing coalitions taken
[3, 4, 5, 17, 28]
[1, 3, 8, 12, 19]
[2, 3, 6, 14]
[1, 3, 9, 10, 11]
[2, 4, 5, 20]
[1, 2, 7, 15, 21]
[1, 2, 10, 12, 13]
[1, 4, 7, 10, 16]
[2, 3, 5, 22]
[1, 4, 6, 26]
[1, 5, 6, 14, 18]
[1, 2, 8, 11, 20]
[2, 4, 6, 10, 18]
[3, 4, 6, 9, 22]
[16, 17, 18, 19, 20, 21, 22, 23, 24, 25, 26, 27, 28]


6
process id 2
stats
5, 15, 7, 100, 1000
20220818-102432
loosing coalitions taken
[1, 4, 7, 8]
[1, 2, 10, 12, 14]
[1, 5, 6, 12, 24]
[3, 4, 6, 13, 18]
[1, 2, 9, 11, 13]
[1, 3, 7, 14, 18]
[2, 3, 6, 10]
[2, 4, 5, 18]
[1, 3, 8, 10, 16]
[1, 4, 6, 28]
[2, 4, 6, 9, 20]
[3, 4, 5, 14]
[2, 3, 5, 24, 28]
[1, 2, 7, 15, 22]
[16, 17, 18, 19, 20, 21, 22, 23, 24, 25, 26, 27, 28]


6
process id 4
stats
5, 15, 7, 100, 1000
20220818-102432
loosing coalitions taken
[2, 3, 6, 14]
[2, 4, 5, 20, 27]
[1, 3, 8, 12, 17]
[1, 2, 8, 9, 22]
[1, 4, 8, 10, 11]
[1, 2, 7, 12, 24]
[3, 4, 5, 19, 25]
[2, 3, 5, 22]
[1, 5, 6, 11, 25]
[1, 4, 6, 27]
[3, 4, 6, 12, 20]
[2, 4, 6, 16, 18]
[1, 4, 7, 9, 19]
[1, 3, 7, 14, 18]
[16, 17, 18, 19, 20, 21, 22, 23, 24, 25, 26, 27, 28]


6
process id 1
stats
5, 15, 7, 100, 1000
20220818-102433
loosing coalitions taken
[1, 2, 7, 16, 20]
[2, 4, 5, 18]
[1, 2, 9, 10, 13]
[1, 5, 6, 13, 24]
[1, 4, 7, 8, 28]
[1, 3, 8, 11, 19]
[1, 3, 7, 15, 21]
[2, 3, 6, 10, 24]
[3, 4, 6, 8]
[1, 4, 6, 26]
[2, 3, 5, 22]
[3, 4, 5, 17, 27]
[2, 4, 6, 12, 19]
[1, 2, 8, 15, 17]
[16, 17, 18, 19, 20, 21, 22, 23, 24, 25, 26, 27, 28]


5
process id 0
stats
5, 15, 7, 100, 1000
20220818-102434
loosing coalitions taken
[1, 3, 8, 9, 19]
[1, 5, 6, 16, 18]
[2, 4, 5, 17]
[2, 3, 6, 12]
[1, 2, 7, 9]
[2, 3, 5, 22]
[1, 4, 6, 27]
[3, 4, 5, 21, 23]
[1, 2, 8, 15, 16]
[1, 2, 10, 12, 13]
[1, 4, 7, 8]
[3, 4, 6, 8]
[2, 4, 6, 13, 21]
[1, 3, 7, 12, 20]
[16, 17, 18, 19, 20, 21, 22, 23, 24, 25, 26, 27, 28]


6
process id 6
stats
5, 15, 7, 100, 1000
20220818-102434
loosing coalitions taken
[1, 2, 7, 17, 18]
[1, 4, 7, 8]
[1, 5, 6, 16, 20]
[1, 2, 9, 12, 14]
[2, 3, 5, 25]
[3, 4, 6, 10, 21]
[1, 3, 8, 11, 15]
[3, 4, 5, 17, 27]
[1, 3, 7, 14, 20]
[2, 4, 6, 9, 24]
[2, 4, 5, 16]
[1, 4, 6, 27, 28]
[1, 2, 8, 10, 19]
[2, 3, 6, 13]
[16, 17, 18, 19, 20, 21, 22, 23, 24, 25, 26, 27, 28]


5
process id 2
stats
5, 15, 7, 100, 1000
20220818-102435
loosing coalitions taken
[1, 5, 6, 16, 20]
[2, 4, 5, 17]
[2, 3, 6, 12]
[1, 2, 9, 11, 14]
[1, 3, 8, 11, 19]
[1, 3, 7, 16, 18]
[1, 2, 8, 13, 20]
[1, 4, 7, 8, 23]
[3, 4, 5, 13]
[1, 4, 6, 26]
[2, 3, 5, 23]
[3, 4, 6, 14, 20]
[2, 4, 6, 11, 19]
[1, 2, 7, 12, 24]
[16, 17, 18, 19, 20, 21, 22, 23, 24, 25, 26, 27, 28]


6
process id 6
stats
5, 15, 7, 100, 1000
20220818-102436
loosing coalitions taken
[1, 2, 7, 10, 26]
[1, 3, 8, 15, 16]
[2, 3, 6, 10]
[1, 3, 7, 14, 21]
[1, 2, 8, 11, 19]
[2, 4, 5, 16]
[1, 4, 8, 9, 13]
[1, 2, 9, 12, 14]
[1, 5, 6, 13, 23]
[3, 4, 5, 15]
[2, 3, 5, 22, 25]
[1, 4, 6, 26]
[2, 4, 6, 12, 17]
[3, 4, 6, 14, 20]
[16, 17, 18, 19, 20, 21, 22, 23, 24, 25, 26, 27, 28]


6
process id 7
stats
5, 15, 7, 100, 1000
20220818-102437
loosing coalitions taken
[3, 4, 5, 17, 26]
[1, 2, 7, 12, 26]
[1, 4, 7, 8]
[1, 2, 9, 10, 14]
[2, 3, 6, 13]
[2, 4, 5, 20]
[1, 3, 8, 14, 15]
[2, 5, 6, 8, 11]
[3, 4, 6, 9, 21]
[1, 5, 6, 16, 18]
[2, 3, 5, 24]
[1, 4, 6, 26]
[2, 4, 6, 12, 23]
[1, 3, 7, 11, 19]
[16, 17, 18, 19, 20, 21, 22, 23, 24, 25, 26, 27, 28]


6
process id 3
stats
5, 15, 7, 100, 1000
20220818-102437
loosing coalitions taken
[1, 2, 7, 9]
[2, 3, 6, 14]
[1, 3, 8, 11, 19]
[1, 2, 10, 11, 12]
[2, 4, 5, 18]
[3, 4, 5, 16]
[2, 3, 5, 22]
[1, 4, 8, 10, 15]
[1, 4, 6, 25]
[2, 3, 7, 8, 10]
[2, 4, 6, 12, 19]
[3, 4, 6, 8]
[1, 5, 6, 13, 22]
[1, 3, 7, 13, 20]
[16, 17, 18, 19, 20, 21, 22, 23, 24, 25, 26, 27, 28]


6
process id 1
stats
5, 15, 7, 100, 1000
20220818-102437
loosing coalitions taken
[2, 3, 6, 11]
[1, 2, 8, 9, 22]
[1, 4, 7, 8]
[1, 5, 6, 9, 26]
[3, 4, 6, 12, 17]
[1, 2, 7, 10, 25]
[1, 4, 6, 27]
[3, 4, 5, 16]
[1, 3, 7, 13, 21]
[2, 3, 5, 25]
[2, 4, 5, 18]
[1, 3, 8, 14, 15]
[2, 4, 6, 10, 21]
[1, 3, 9, 10, 12]
[16, 17, 18, 19, 20, 21, 22, 23, 24, 25, 26, 27, 28]


6
process id 2
stats
5, 15, 7, 100, 1000
20220818-102438
loosing coalitions taken
[2, 3, 5, 27, 28]
[1, 4, 7, 8]
[1, 5, 6, 10, 25]
[2, 4, 5, 20]
[2, 3, 6, 13]
[3, 4, 6, 11, 19]
[3, 4, 5, 16]
[2, 5, 6, 8, 11]
[1, 2, 7, 16, 18]
[1, 2, 9, 10, 14]
[1, 4, 6, 27]
[1, 3, 7, 9, 24]
[1, 3, 8, 13, 14]
[2, 4, 6, 12, 22]
[16, 17, 18, 19, 20, 21, 22, 23, 24, 25, 26, 27, 28]


6
process id 4
stats
5, 15, 7, 100, 1000
20220818-102438
loosing coalitions taken
[2, 3, 6, 16, 22]
[1, 2, 7, 12, 25]
[1, 5, 6, 12, 24]
[2, 4, 6, 15, 20]
[3, 4, 6, 9, 19]
[1, 2, 8, 10, 19]
[3, 4, 5, 16, 24]
[2, 4, 5, 17, 28]
[2, 3, 5, 25]
[1, 4, 7, 13, 15]
[1, 4, 6, 26, 28]
[1, 3, 8, 12, 15]
[1, 2, 9, 11, 13]
[1, 3, 7, 16, 17]
[16, 17, 18, 19, 20, 21, 22, 23, 24, 25, 26, 27, 28]


5
process id 1
stats
5, 15, 7, 100, 1000
20220818-102439
loosing coalitions taken
[1, 2, 8, 12, 19]
[1, 5, 6, 13, 22]
[1, 3, 7, 13, 21]
[2, 3, 6, 10]
[1, 3, 8, 14, 16]
[3, 4, 5, 16]
[1, 2, 7, 15, 17]
[1, 2, 9, 11, 14]
[2, 3, 5, 22]
[3, 4, 6, 14, 19]
[1, 4, 7, 8]
[1, 4, 6, 26]
[2, 4, 5, 15]
[2, 4, 6, 12, 22]
[16, 17, 18, 19, 20, 21, 22, 23, 24, 25, 26, 27, 28]


6
process id 0
stats
5, 15, 7, 100, 1000
20220818-102440
loosing coalitions taken
[1, 5, 6, 11, 24]
[1, 2, 8, 14, 19]
[1, 3, 8, 11, 18]
[1, 4, 7, 8]
[2, 3, 5, 24]
[1, 2, 7, 11, 22]
[3, 4, 6, 12, 18]
[2, 4, 5, 21, 27]
[1, 2, 9, 10, 12]
[2, 3, 6, 13]
[3, 4, 5, 15]
[2, 4, 6, 15, 16]
[1, 4, 6, 28]
[1, 3, 7, 15, 16]
[16, 17, 18, 19, 20, 21, 22, 23, 24, 25, 26, 27, 28]


6
process id 5
stats
5, 15, 7, 100, 1000
20220818-102440
loosing coalitions taken
[1, 2, 9, 10, 12]
[3, 4, 5, 16]
[2, 3, 6, 13]
[1, 3, 8, 9, 18]
[1, 5, 6, 11, 25]
[1, 2, 7, 14, 23]
[1, 3, 7, 10, 22]
[1, 4, 7, 9, 19]
[1, 4, 8, 13, 14]
[2, 4, 5, 15]
[2, 3, 5, 21]
[2, 4, 6, 12, 21]
[1, 2, 8, 11, 20]
[1, 4, 6, 27]
[16, 17, 18, 19, 20, 21, 22, 23, 24, 25, 26, 27, 28]


6
process id 6
stats
5, 15, 7, 100, 1000
20220818-102442
loosing coalitions taken
[2, 3, 6, 9]
[1, 4, 7, 9, 17]
[1, 2, 7, 12, 25]
[1, 3, 7, 11, 22]
[1, 2, 8, 10, 21]
[1, 5, 6, 15, 21]
[3, 4, 6, 8]
[2, 3, 5, 21]
[2, 4, 5, 18]
[1, 4, 6, 27]
[3, 4, 5, 15, 26]
[1, 3, 8, 9, 18]
[1, 4, 8, 11, 14]
[2, 4, 6, 10, 24]
[16, 17, 18, 19, 20, 21, 22, 23, 24, 25, 26, 27, 28]


6
process id 7
stats
5, 15, 7, 100, 1000
20220818-102443
loosing coalitions taken
[2, 4, 5, 21, 28]
[1, 3, 8, 10, 18]
[1, 2, 7, 12, 22]
[1, 2, 8, 14, 20]
[1, 2, 10, 11, 13]
[2, 3, 6, 9, 27]
[1, 3, 7, 13, 19]
[3, 5, 6, 7, 15]
[2, 4, 6, 14, 17]
[3, 4, 6, 13, 20]
[1, 5, 6, 10, 22]
[3, 4, 5, 18, 24]
[1, 4, 6, 28]
[2, 3, 5, 25]
[16, 17, 18, 19, 20, 21, 22, 23, 24, 25, 26, 27, 28]


5
process id 6
stats
5, 15, 7, 100, 1000
20220818-102443
loosing coalitions taken
[1, 3, 8, 11, 19]
[1, 5, 6, 11, 24]
[2, 3, 6, 14]
[1, 4, 7, 8, 24]
[1, 2, 10, 12, 13]
[1, 2, 7, 9]
[2, 4, 5, 19, 28]
[3, 4, 6, 8, 28]
[3, 4, 5, 14]
[2, 3, 5, 25]
[1, 3, 7, 14, 18]
[2, 4, 6, 9, 20]
[1, 2, 8, 15, 16]
[1, 4, 6, 25]
[16, 17, 18, 19, 20, 21, 22, 23, 24, 25, 26, 27, 28]


6
process id 6
stats
5, 15, 7, 100, 1000
20220818-102445
loosing coalitions taken
[3, 4, 5, 21, 22]
[1, 5, 6, 16, 19]
[2, 3, 6, 14]
[1, 4, 7, 10, 17]
[1, 2, 8, 15, 17]
[1, 3, 7, 9, 22]
[2, 4, 5, 20]
[1, 3, 8, 11, 16]
[1, 4, 6, 26]
[2, 4, 6, 11, 22]
[2, 3, 5, 24]
[3, 4, 6, 8]
[1, 2, 7, 16, 20]
[1, 2, 9, 10, 13]
[16, 17, 18, 19, 20, 21, 22, 23, 24, 25, 26, 27, 28]


6
process id 0
stats
5, 15, 7, 100, 1000
20220818-102446
loosing coalitions taken
[3, 4, 5, 15]
[2, 3, 6, 13]
[1, 4, 7, 8, 24]
[1, 2, 8, 11, 19]
[1, 2, 7, 16, 17]
[1, 3, 8, 12, 18]
[1, 5, 6, 12, 21]
[1, 3, 7, 10, 20]
[1, 2, 9, 10, 12]
[3, 4, 6, 11, 20]
[2, 4, 5, 19, 26]
[1, 4, 6, 28]
[2, 3, 5, 20]
[2, 4, 6, 15, 16]
[16, 17, 18, 19, 20, 21, 22, 23, 24, 25, 26, 27, 28]


5
process id 5
stats
5, 15, 7, 100, 1000
20220818-102446
loosing coalitions taken
[1, 3, 7, 14, 22]
[1, 2, 9, 11, 13]
[1, 2, 8, 10, 21]
[2, 4, 5, 20]
[3, 4, 6, 13, 17]
[2, 3, 7, 8, 9]
[1, 2, 7, 12, 23]
[2, 3, 6, 16, 19]
[1, 3, 8, 11, 19]
[1, 4, 6, 25]
[2, 3, 5, 25]
[2, 4, 6, 10, 22]
[1, 4, 7, 10, 16]
[3, 4, 5, 14]
[16, 17, 18, 19, 20, 21, 22, 23, 24, 25, 26, 27, 28]


6
process id 4
stats
5, 15, 7, 100, 1000
20220818-102446
loosing coalitions taken
[1, 3, 7, 12, 21]
[2, 3, 6, 10]
[1, 5, 6, 11, 23]
[1, 2, 8, 12, 17]
[1, 4, 7, 8]
[1, 2, 9, 11, 13]
[2, 4, 5, 20]
[1, 4, 6, 27]
[2, 4, 6, 12, 18]
[2, 3, 5, 21]
[3, 4, 5, 15]
[1, 2, 7, 10, 24]
[3, 4, 6, 9, 20]
[1, 3, 8, 13, 15]
[16, 17, 18, 19, 20, 21, 22, 23, 24, 25, 26, 27, 28]


5
process id 3
stats
5, 15, 7, 100, 1000
20220818-102447
loosing coalitions taken
[1, 5, 6, 13, 22]
[3, 4, 6, 14, 17]
[1, 3, 7, 14, 19]
[1, 3, 8, 12, 17]
[2, 3, 6, 13]
[1, 4, 7, 8, 27]
[2, 4, 5, 18]
[1, 2, 7, 16, 20]
[2, 4, 6, 15, 20]
[2, 3, 5, 22]
[3, 4, 5, 15, 25]
[1, 2, 9, 10, 11]
[1, 4, 6, 26, 28]
[1, 2, 8, 13, 19]
[16, 17, 18, 19, 20, 21, 22, 23, 24, 25, 26, 27, 28]


5
process id 0
stats
5, 15, 7, 100, 1000
20220818-102447
loosing coalitions taken
[2, 3, 6, 9]
[2, 4, 5, 19]
[1, 2, 10, 11, 12]
[1, 2, 7, 15, 20]
[1, 2, 8, 14, 16]
[1, 3, 8, 12, 17]
[1, 3, 7, 13, 22]
[1, 4, 7, 8, 28]
[2, 3, 5, 21]
[1, 5, 6, 12, 19]
[1, 4, 6, 26]
[3, 4, 6, 8]
[3, 4, 5, 16]
[2, 4, 6, 11, 24]
[16, 17, 18, 19, 20, 21, 22, 23, 24, 25, 26, 27, 28]


6
process id 1
stats
5, 15, 7, 100, 1000
20220818-102447
loosing coalitions taken
[1, 3, 7, 10, 23]
[1, 2, 8, 9, 21]
[1, 3, 8, 12, 18]
[2, 3, 6, 13]
[1, 2, 7, 15, 20]
[1, 2, 10, 11, 14]
[1, 5, 6, 11, 23]
[1, 4, 7, 13, 14]
[2, 4, 6, 14, 22]
[2, 4, 5, 20]
[1, 4, 6, 25]
[2, 3, 5, 24, 26]
[3, 4, 5, 17, 25]
[3, 4, 6, 15, 16]
[16, 17, 18, 19, 20, 21, 22, 23, 24, 25, 26, 27, 28]


6
process id 2
stats
5, 15, 7, 100, 1000
20220818-102447
loosing coalitions taken
[3, 4, 5, 18, 27]
[1, 2, 9, 11, 13]
[2, 3, 6, 13]
[2, 4, 5, 17]
[1, 4, 8, 11, 14]
[1, 4, 6, 26]
[1, 2, 7, 15, 21]
[3, 4, 6, 8]
[1, 5, 6, 15, 18]
[1, 3, 7, 11, 17]
[1, 2, 10, 12, 14]
[2, 3, 5, 24]
[3, 5, 6, 7, 10]
[2, 4, 6, 12, 20]
[16, 17, 18, 19, 20, 21, 22, 23, 24, 25, 26, 27, 28]


6
process id 2
stats
5, 15, 7, 100, 1000
20220818-102450
loosing coalitions taken
[1, 3, 9, 10, 12]
[2, 4, 6, 9, 25]
[1, 2, 8, 12, 20]
[1, 3, 7, 13, 22]
[1, 4, 8, 11, 13]
[1, 2, 7, 9]
[3, 4, 5, 16, 24]
[1, 3, 8, 14, 15]
[2, 4, 5, 21, 23]
[1, 5, 6, 12, 24]
[2, 3, 6, 16, 17]
[2, 3, 5, 20]
[3, 4, 6, 14, 19]
[1, 4, 6, 28]
[16, 17, 18, 19, 20, 21, 22, 23, 24, 25, 26, 27, 28]


6
process id 6
stats
5, 15, 7, 100, 1000
20220818-102450
loosing coalitions taken
[1, 3, 7, 15, 17]
[1, 2, 7, 11, 23]
[1, 3, 8, 14, 16]
[2, 4, 5, 19]
[2, 3, 6, 14]
[1, 3, 9, 10, 11]
[1, 2, 8, 13, 17]
[2, 3, 5, 20]
[3, 4, 6, 8]
[1, 4, 8, 9, 15]
[2, 4, 6, 10, 20]
[1, 4, 6, 26]
[3, 4, 5, 14]
[1, 4, 7, 12, 16]
[16, 17, 18, 19, 20, 21, 22, 23, 24, 25, 26, 27, 28]


5
process id 0
stats
5, 15, 7, 100, 1000
20220818-102450
loosing coalitions taken
[3, 4, 5, 16]
[1, 2, 7, 9, 26]
[1, 3, 7, 10, 23]
[1, 2, 10, 12, 14]
[1, 3, 8, 12, 19]
[2, 4, 6, 9, 23]
[1, 2, 8, 11, 17]
[2, 3, 6, 10, 28]
[1, 5, 6, 10, 24]
[1, 4, 6, 28]
[2, 3, 5, 22]
[3, 4, 6, 8]
[2, 4, 5, 17]
[1, 4, 7, 8]
[16, 17, 18, 19, 20, 21, 22, 23, 24, 25, 26, 27, 28]


6
process id 5
stats
5, 15, 7, 100, 1000
20220818-102451
loosing coalitions taken
[1, 3, 7, 16, 19]
[1, 4, 7, 11, 17]
[2, 4, 5, 18]
[2, 3, 6, 9]
[1, 5, 6, 12, 22]
[1, 3, 8, 12, 17]
[1, 2, 7, 15, 21]
[3, 4, 5, 15]
[3, 4, 6, 13, 20]
[2, 3, 5, 25]
[1, 4, 6, 28]
[1, 2, 8, 11, 19]
[1, 4, 8, 9, 14]
[2, 4, 6, 15, 16]
[16, 17, 18, 19, 20, 21, 22, 23, 24, 25, 26, 27, 28]


6
process id 1
stats
5, 15, 7, 100, 1000
20220818-102451
loosing coalitions taken
[3, 4, 5, 17, 23]
[2, 3, 5, 25]
[2, 4, 6, 16, 17]
[3, 4, 6, 14, 18]
[1, 2, 8, 13, 17]
[1, 3, 8, 14, 15]
[1, 5, 6, 10, 24]
[1, 2, 10, 11, 14]
[1, 4, 8, 9, 12]
[1, 3, 7, 13, 20]
[2, 3, 6, 9]
[1, 4, 6, 27]
[1, 2, 7, 9]
[2, 4, 5, 15]
[16, 17, 18, 19, 20, 21, 22, 23, 24, 25, 26, 27, 28]


6
process id 2
stats
5, 15, 7, 100, 1000
20220818-102452
loosing coalitions taken
[1, 5, 6, 13, 23]
[1, 4, 7, 12, 16]
[1, 2, 9, 11, 12]
[1, 3, 7, 13, 18]
[1, 2, 7, 10, 28]
[1, 3, 8, 11, 17]
[2, 3, 6, 12]
[2, 3, 5, 21]
[2, 4, 6, 13, 20]
[2, 4, 5, 19]
[3, 4, 5, 15, 27]
[3, 4, 6, 8]
[1, 4, 6, 27]
[1, 2, 8, 14, 15]
[16, 17, 18, 19, 20, 21, 22, 23, 24, 25, 26, 27, 28]


6
process id 0
stats
5, 15, 7, 100, 1000
20220818-102453
loosing coalitions taken
[3, 4, 6, 9, 21]
[2, 3, 5, 25]
[1, 3, 8, 15, 16]
[1, 5, 6, 13, 24]
[1, 3, 7, 14, 18]
[1, 2, 8, 11, 17]
[2, 4, 6, 15, 20]
[2, 4, 5, 18, 28]
[3, 4, 5, 15]
[1, 4, 7, 13, 16]
[2, 3, 6, 14]
[1, 4, 6, 26]
[1, 2, 7, 9]
[1, 3, 9, 10, 12]
[16, 17, 18, 19, 20, 21, 22, 23, 24, 25, 26, 27, 28]


6
process id 7
stats
5, 15, 7, 100, 1000
20220818-102454
loosing coalitions taken
[1, 3, 7, 15, 18]
[1, 2, 9, 12, 14]
[2, 4, 5, 19]
[1, 4, 7, 8]
[3, 4, 6, 13, 21]
[1, 5, 6, 12, 19]
[2, 3, 6, 9]
[1, 4, 6, 28]
[2, 3, 5, 24]
[3, 4, 5, 16, 26]
[1, 2, 8, 11, 18]
[1, 2, 7, 10, 24]
[2, 4, 6, 14, 22]
[1, 3, 8, 9, 16]
[16, 17, 18, 19, 20, 21, 22, 23, 24, 25, 26, 27, 28]


6
process id 6
stats
5, 15, 7, 100, 1000
20220818-102454
loosing coalitions taken
[1, 4, 8, 11, 14]
[2, 3, 6, 11]
[1, 3, 8, 12, 18]
[2, 4, 5, 21, 27]
[1, 2, 8, 13, 20]
[1, 2, 7, 9, 23]
[3, 4, 5, 16]
[1, 4, 6, 27]
[1, 5, 6, 13, 19]
[2, 3, 5, 22]
[2, 4, 6, 12, 22]
[3, 4, 6, 13, 21]
[1, 4, 7, 10, 17]
[3, 5, 6, 7, 9]
[16, 17, 18, 19, 20, 21, 22, 23, 24, 25, 26, 27, 28]


6
process id 4
stats
5, 15, 7, 100, 1000
20220818-102454
loosing coalitions taken
[1, 2, 9, 10, 11]
[1, 5, 6, 14, 20]
[1, 4, 7, 9, 16]
[1, 3, 8, 11, 19]
[2, 3, 6, 12]
[1, 2, 8, 13, 18]
[1, 3, 7, 15, 17]
[3, 4, 5, 15]
[2, 3, 5, 23]
[2, 4, 5, 16]
[1, 4, 6, 27]
[3, 4, 6, 13, 19]
[1, 2, 7, 14, 24]
[2, 4, 6, 10, 20]
[16, 17, 18, 19, 20, 21, 22, 23, 24, 25, 26, 27, 28]


6
process id 2
stats
5, 15, 7, 100, 1000
20220818-102455
loosing coalitions taken
[2, 3, 5, 26, 27]
[1, 4, 7, 8, 25]
[2, 3, 6, 12]
[1, 5, 6, 16, 17]
[1, 3, 7, 10, 24]
[1, 2, 8, 10, 21]
[3, 4, 5, 19, 24]
[1, 2, 9, 11, 14]
[1, 3, 8, 13, 15]
[2, 4, 5, 16]
[1, 4, 6, 28]
[1, 2, 7, 16, 18]
[2, 4, 6, 13, 22]
[3, 4, 6, 9, 21]
[16, 17, 18, 19, 20, 21, 22, 23, 24, 25, 26, 27, 28]


5
process id 6
stats
5, 15, 7, 100, 1000
20220818-102455
loosing coalitions taken
[1, 5, 6, 11, 25]
[2, 3, 6, 13]
[1, 4, 7, 8]
[1, 2, 9, 11, 12]
[3, 4, 5, 14]
[2, 4, 5, 16]
[1, 3, 7, 11, 21]
[2, 4, 6, 10, 20]
[1, 4, 6, 26]
[2, 3, 5, 24]
[1, 2, 8, 15, 17]
[3, 4, 6, 8]
[1, 2, 7, 10, 24]
[1, 3, 8, 13, 16]
[16, 17, 18, 19, 20, 21, 22, 23, 24, 25, 26, 27, 28]


6
process id 1
stats
5, 15, 7, 100, 1000
20220818-102456
loosing coalitions taken
[1, 3, 9, 10, 11]
[2, 3, 6, 13]
[1, 4, 7, 11, 17]
[1, 3, 8, 12, 19]
[1, 3, 7, 14, 20]
[1, 2, 8, 11, 21]
[1, 2, 9, 12, 14]
[1, 2, 7, 10, 27]
[1, 5, 6, 16, 20]
[2, 4, 5, 20]
[3, 4, 5, 16]
[1, 4, 6, 27]
[2, 3, 5, 25]
[3, 4, 6, 8, 28]
[16, 17, 18, 19, 20, 21, 22, 23, 24, 25, 26, 27, 28]


6
process id 3
stats
5, 15, 7, 100, 1000
20220818-102457
loosing coalitions taken
[1, 2, 7, 11, 27]
[1, 3, 8, 9, 20]
[1, 3, 7, 12, 22]
[3, 4, 5, 16]
[1, 4, 7, 8]
[2, 5, 6, 8, 11]
[2, 4, 6, 15, 19]
[2, 4, 5, 21, 26]
[3, 4, 6, 9, 22]
[1, 4, 6, 27]
[2, 3, 5, 24, 27]
[1, 5, 6, 12, 20]
[2, 3, 6, 14]
[1, 2, 10, 12, 13]
[16, 17, 18, 19, 20, 21, 22, 23, 24, 25, 26, 27, 28]


6
process id 1
stats
5, 15, 7, 100, 1000
20220818-102458
loosing coalitions taken
[3, 4, 5, 21, 23]
[2, 3, 6, 15, 23]
[1, 5, 6, 16, 17]
[1, 3, 8, 12, 16]
[1, 2, 9, 10, 12]
[1, 2, 7, 17, 19]
[2, 3, 5, 22]
[1, 2, 8, 11, 18]
[1, 4, 8, 9, 14]
[1, 3, 7, 10, 21]
[1, 4, 6, 26, 27]
[1, 4, 7, 11, 15]
[2, 4, 5, 18]
[3, 4, 6, 14, 19]
[16, 17, 18, 19, 20, 21, 22, 23, 24, 25, 26, 27, 28]


6
process id 2
stats
5, 15, 7, 100, 1000
20220818-102458
loosing coalitions taken
[2, 4, 5, 20]
[1, 5, 6, 10, 25]
[1, 4, 7, 8]
[3, 4, 5, 14]
[2, 3, 5, 23, 26]
[2, 3, 6, 14]
[1, 3, 8, 13, 14]
[1, 2, 7, 9, 28]
[3, 4, 6, 11, 17]
[1, 2, 10, 12, 14]
[1, 3, 7, 12, 17]
[1, 4, 6, 27, 28]
[2, 4, 6, 16, 19]
[1, 2, 8, 15, 17]
[16, 17, 18, 19, 20, 21, 22, 23, 24, 25, 26, 27, 28]


6
process id 5
stats
5, 15, 7, 100, 1000
20220818-102459
loosing coalitions taken
[1, 3, 7, 15, 20]
[1, 4, 7, 8, 27]
[1, 3, 9, 10, 11]
[2, 3, 6, 14]
[1, 5, 6, 9, 22]
[1, 2, 9, 12, 13]
[1, 2, 8, 15, 17]
[1, 3, 8, 12, 16]
[1, 2, 7, 11, 23]
[3, 4, 6, 8]
[3, 4, 5, 19, 22]
[2, 4, 5, 18]
[1, 4, 6, 25]
[2, 3, 5, 24, 28]
[16, 17, 18, 19, 20, 21, 22, 23, 24, 25, 26, 27, 28]


6
process id 3
stats
5, 15, 7, 100, 1000
20220818-102500
loosing coalitions taken
[2, 3, 6, 14]
[1, 3, 9, 10, 12]
[1, 3, 7, 16, 19]
[1, 2, 7, 9, 25]
[1, 5, 6, 16, 20]
[2, 4, 5, 20]
[1, 2, 8, 13, 17]
[1, 4, 7, 10, 15]
[2, 4, 6, 13, 18]
[1, 4, 6, 28]
[3, 4, 5, 15, 27]
[2, 3, 5, 24]
[3, 4, 6, 12, 21]
[2, 5, 6, 8, 12]
[16, 17, 18, 19, 20, 21, 22, 23, 24, 25, 26, 27, 28]


5
process id 2
stats
5, 15, 7, 100, 1000
20220818-102501
loosing coalitions taken
[1, 3, 8, 14, 16]
[1, 3, 7, 13, 19]
[1, 2, 7, 9]
[2, 4, 5, 19]
[1, 4, 8, 10, 12]
[3, 4, 6, 8]
[2, 3, 6, 11]
[1, 4, 7, 11, 15]
[1, 4, 6, 28]
[2, 3, 5, 22]
[1, 2, 10, 11, 13]
[3, 4, 5, 14]
[2, 4, 6, 13, 22]
[1, 5, 6, 16, 19]
[16, 17, 18, 19, 20, 21, 22, 23, 24, 25, 26, 27, 28]


5
process id 1
stats
5, 15, 7, 100, 1000
20220818-102501
loosing coalitions taken
[1, 3, 7, 16, 18]
[3, 4, 5, 19, 23]
[1, 2, 8, 14, 20]
[1, 4, 7, 8]
[1, 2, 10, 11, 13]
[1, 5, 6, 11, 25]
[2, 3, 6, 10]
[2, 3, 5, 24]
[1, 2, 7, 9, 23]
[2, 4, 5, 18]
[1, 4, 6, 28]
[3, 4, 6, 11, 16]
[2, 4, 6, 12, 22]
[1, 3, 8, 12, 17]
[16, 17, 18, 19, 20, 21, 22, 23, 24, 25, 26, 27, 28]


6
process id 6
stats
5, 15, 7, 100, 1000
20220818-102502
loosing coalitions taken
[1, 2, 8, 10, 21]
[1, 3, 7, 14, 21]
[2, 3, 6, 10]
[1, 2, 9, 12, 13]
[2, 4, 5, 18]
[1, 5, 6, 15, 17]
[1, 3, 8, 9, 16]
[1, 2, 7, 11, 22]
[3, 4, 5, 13]
[1, 4, 7, 8, 28]
[1, 4, 6, 25]
[2, 3, 5, 22, 25]
[2, 4, 6, 12, 20]
[3, 4, 6, 8]
[16, 17, 18, 19, 20, 21, 22, 23, 24, 25, 26, 27, 28]


6
process id 1
stats
5, 15, 7, 100, 1000
20220818-102502
loosing coalitions taken
[2, 4, 6, 16, 18]
[1, 2, 7, 9]
[2, 3, 6, 11]
[1, 3, 8, 12, 18]
[3, 4, 5, 16]
[1, 2, 10, 12, 14]
[2, 3, 5, 24]
[1, 4, 7, 11, 16]
[1, 5, 6, 13, 21]
[3, 4, 6, 9, 19]
[2, 4, 5, 15]
[1, 2, 8, 13, 17]
[1, 4, 6, 25]
[1, 4, 8, 9, 14]
[16, 17, 18, 19, 20, 21, 22, 23, 24, 25, 26, 27, 28]


6
process id 3
stats
5, 15, 7, 100, 1000
20220818-102503
loosing coalitions taken
[2, 4, 5, 18]
[1, 4, 7, 8]
[2, 3, 6, 15, 25]
[1, 2, 10, 12, 13]
[1, 5, 6, 16, 17]
[2, 4, 6, 10, 23]
[1, 3, 7, 10, 18]
[3, 4, 5, 13]
[2, 3, 5, 20]
[1, 4, 6, 25]
[1, 2, 8, 15, 16]
[1, 2, 7, 9]
[3, 4, 6, 8]
[1, 3, 8, 13, 14]
[16, 17, 18, 19, 20, 21, 22, 23, 24, 25, 26, 27, 28]


6
process id 4
stats
5, 15, 7, 100, 1000
20220818-102503
loosing coalitions taken
[1, 3, 8, 10, 17]
[1, 2, 10, 11, 14]
[2, 4, 6, 11, 24]
[1, 4, 8, 11, 12]
[1, 4, 7, 10, 19]
[3, 4, 6, 14, 20]
[1, 2, 7, 13, 24]
[1, 3, 7, 9, 23]
[1, 5, 6, 9, 26]
[2, 3, 5, 21]
[3, 4, 5, 16]
[2, 3, 6, 12]
[1, 4, 6, 28]
[1, 2, 8, 9, 19]
[16, 17, 18, 19, 20, 21, 22, 23, 24, 25, 26, 27, 28]


6
process id 5
stats
5, 15, 7, 100, 1000
20220818-102505
loosing coalitions taken
[2, 4, 6, 9, 25]
[3, 4, 6, 12, 21]
[1, 2, 7, 9]
[1, 3, 8, 15, 16]
[2, 4, 5, 21, 28]
[1, 4, 8, 13, 14]
[1, 4, 6, 27]
[3, 4, 5, 17, 25]
[2, 3, 6, 11, 23]
[2, 3, 5, 24]
[1, 3, 7, 13, 20]
[1, 2, 8, 12, 17]
[1, 4, 7, 10, 16]
[1, 5, 6, 10, 25]
[16, 17, 18, 19, 20, 21, 22, 23, 24, 25, 26, 27, 28]


6
process id 2
stats
5, 15, 7, 100, 1000
20220818-102506
loosing coalitions taken
[3, 4, 5, 21, 23]
[1, 4, 7, 9, 18]
[1, 3, 7, 14, 21]
[1, 2, 8, 11, 18]
[1, 4, 8, 10, 14]
[2, 4, 5, 20, 25]
[1, 2, 7, 10, 24]
[1, 5, 6, 11, 22]
[2, 3, 6, 18, 20]
[1, 2, 9, 12, 13]
[1, 3, 8, 9, 20]
[3, 4, 6, 12, 19]
[2, 3, 5, 22]
[1, 4, 6, 26]
[16, 17, 18, 19, 20, 21, 22, 23, 24, 25, 26, 27, 28]


5
process id 1
stats
5, 15, 7, 100, 1000
20220818-102506
loosing coalitions taken
[1, 2, 9, 10, 13]
[1, 4, 7, 8]
[3, 4, 6, 9, 22]
[2, 4, 5, 17]
[1, 2, 8, 11, 20]
[1, 3, 7, 14, 22]
[1, 4, 6, 28]
[2, 3, 5, 25]
[1, 5, 6, 9, 23]
[2, 3, 6, 10]
[3, 4, 5, 16, 23]
[1, 2, 7, 12, 23]
[2, 4, 6, 16, 18]
[1, 3, 8, 12, 15]
[16, 17, 18, 19, 20, 21, 22, 23, 24, 25, 26, 27, 28]


6
process id 5
stats
5, 15, 7, 100, 1000
20220818-102506
loosing coalitions taken
[3, 4, 6, 15, 17]
[2, 3, 5, 23]
[1, 2, 8, 9, 21]
[1, 3, 9, 10, 11]
[1, 3, 8, 12, 19]
[1, 4, 7, 10, 19]
[1, 3, 7, 13, 20]
[1, 2, 7, 11, 25]
[1, 5, 6, 16, 18]
[2, 3, 6, 14]
[2, 4, 5, 17]
[3, 4, 5, 13]
[1, 4, 6, 27]
[2, 4, 6, 13, 21]
[16, 17, 18, 19, 20, 21, 22, 23, 24, 25, 26, 27, 28]


7
process id 7
stats
5, 15, 7, 100, 1000
20220818-102507
loosing coalitions taken
[2, 4, 5, 20]
[1, 4, 8, 11, 14]
[1, 3, 8, 15, 16]
[2, 3, 6, 14]
[1, 2, 10, 11, 12]
[1, 2, 7, 14, 24]
[2, 4, 6, 12, 19]
[1, 4, 6, 27]
[3, 4, 5, 18, 26]
[2, 3, 5, 22]
[1, 4, 7, 10, 19]
[3, 4, 6, 8]
[1, 5, 6, 13, 21]
[1, 3, 7, 9, 20]
[16, 17, 18, 19, 20, 21, 22, 23, 24, 25, 26, 27, 28]


6
process id 5
stats
5, 15, 7, 100, 1000
20220818-102507
loosing coalitions taken
[1, 4, 7, 14, 16]
[2, 3, 6, 14]
[1, 3, 8, 10, 19]
[2, 4, 5, 16]
[1, 2, 7, 13, 21]
[1, 3, 7, 15, 17]
[1, 2, 9, 10, 11]
[2, 3, 5, 24]
[2, 4, 6, 15, 17]
[3, 4, 6, 8]
[1, 5, 6, 13, 24]
[1, 2, 8, 12, 20]
[1, 4, 6, 25]
[3, 4, 5, 14]
[16, 17, 18, 19, 20, 21, 22, 23, 24, 25, 26, 27, 28]


5
process id 6
stats
5, 15, 7, 100, 1000
20220818-102508
loosing coalitions taken
[1, 2, 8, 14, 20]
[1, 3, 7, 14, 21]
[2, 3, 6, 14]
[2, 4, 5, 17]
[1, 4, 8, 11, 12]
[1, 4, 7, 9, 19]
[1, 2, 9, 11, 13]
[1, 2, 7, 12, 25]
[1, 5, 6, 9, 26]
[3, 4, 5, 16]
[1, 4, 6, 25]
[3, 4, 6, 10, 20]
[2, 4, 6, 11, 24]
[2, 3, 5, 25]
[16, 17, 18, 19, 20, 21, 22, 23, 24, 25, 26, 27, 28]


6
process id 7
stats
5, 15, 7, 100, 1000
20220818-102510
loosing coalitions taken
[1, 3, 8, 11, 19]
[1, 3, 9, 10, 12]
[1, 2, 7, 12, 23]
[1, 2, 8, 15, 17]
[1, 4, 8, 9, 13]
[1, 3, 7, 15, 20]
[2, 4, 5, 21, 23]
[1, 5, 6, 9, 22]
[1, 4, 6, 27]
[2, 3, 5, 22]
[2, 3, 6, 12]
[3, 4, 5, 16, 26]
[2, 4, 6, 14, 18]
[3, 4, 6, 8]
[16, 17, 18, 19, 20, 21, 22, 23, 24, 25, 26, 27, 28]


