Results
Max overall: 15
Min avg pop: 0.63
Min pop: 0.63

6
process id 4
stats
5, 15, 7, 100, 1000
20220818-193511
loosing coalitions taken
[1, 2, 9, 12, 13]
[1, 4, 7, 14, 16]
[1, 4, 6, 26]
[2, 3, 6, 15, 24]
[1, 3, 7, 12, 15]
[1, 2, 8, 15, 17]
[2, 4, 6, 8]
[2, 4, 5, 18, 28]
[3, 4, 5, 16, 25]
[1, 5, 6, 9, 21]
[3, 4, 6, 14, 18]
[2, 3, 5, 12]
[1, 2, 7, 10, 28]
[1, 3, 8, 10, 11]
[16, 17, 18, 19, 20, 21, 22, 23, 24, 25, 26, 27, 28]


5
process id 3
stats
5, 15, 7, 100, 1000
20220818-193516
loosing coalitions taken
[1, 4, 8, 12, 14]
[2, 4, 5, 21, 24]
[3, 4, 5, 10]
[1, 5, 6, 14, 22]
[1, 4, 6, 23, 27]
[1, 3, 8, 11, 17]
[2, 4, 6, 13, 19]
[2, 3, 7, 8, 9]
[1, 3, 7, 12, 18]
[2, 3, 6, 15, 24]
[1, 2, 7, 13, 20]
[1, 2, 8, 10, 21]
[1, 2, 6, 26]
[1, 4, 7, 9, 15]
[16, 17, 18, 19, 20, 21, 22, 23, 24, 25, 26, 27, 28]


6
process id 0
stats
5, 15, 7, 100, 1000
20220818-193528
loosing coalitions taken
[1, 2, 8, 13, 19]
[1, 3, 7, 15, 21]
[1, 4, 8, 10, 11]
[1, 5, 6, 16, 18]
[1, 2, 9, 11, 12]
[1, 3, 8, 9, 20]
[2, 4, 5, 19, 24]
[3, 4, 5, 10, 28]
[1, 3, 6, 23]
[2, 4, 6, 15, 17]
[1, 4, 6, 26]
[2, 3, 5, 20]
[1, 2, 7, 10, 26]
[2, 3, 6, 13]
[16, 17, 18, 19, 20, 21, 22, 23, 24, 25, 26, 27, 28]


6
process id 6
stats
5, 15, 7, 100, 1000
20220818-193535
loosing coalitions taken
[1, 5, 6, 11, 25]
[3, 4, 5, 18, 26]
[1, 2, 9, 11, 12]
[2, 3, 6, 9]
[1, 2, 7, 13, 25]
[1, 3, 7, 10, 18]
[1, 3, 8, 11, 17]
[1, 4, 7, 14, 15]
[1, 2, 8, 14, 16]
[2, 3, 5, 16]
[2, 4, 5, 19]
[1, 4, 6, 23]
[2, 4, 6, 12, 16]
[1, 3, 6, 24]
[16, 17, 18, 19, 20, 21, 22, 23, 24, 25, 26, 27, 28]


5
process id 6
stats
5, 15, 7, 100, 1000
20220818-193538
loosing coalitions taken
[2, 3, 6, 11, 24]
[1, 5, 6, 16, 18]
[1, 2, 8, 14, 20]
[2, 4, 6, 10, 23]
[3, 4, 5, 16, 24]
[3, 4, 6, 13, 18]
[1, 4, 7, 10, 17]
[1, 3, 8, 15, 16]
[1, 3, 7, 9, 22]
[1, 4, 8, 12, 13]
[1, 3, 6, 25]
[2, 4, 5, 14]
[1, 2, 9, 10, 13]
[1, 2, 7, 11, 18]
[16, 17, 18, 19, 20, 21, 22, 23, 24, 25, 26, 27, 28]


6
process id 3
stats
5, 15, 7, 100, 1000
20220818-193616
loosing coalitions taken
[1, 2, 7, 16, 19]
[1, 2, 8, 12, 18]
[2, 4, 5, 20]
[1, 3, 8, 9, 19]
[1, 5, 6, 12, 21]
[1, 4, 7, 14, 15]
[3, 4, 5, 11, 27]
[1, 3, 6, 23]
[2, 3, 5, 21]
[2, 3, 6, 10, 27]
[1, 4, 6, 28]
[2, 4, 6, 14, 19]
[1, 3, 7, 13, 21]
[1, 2, 9, 10, 13]
[16, 17, 18, 19, 20, 21, 22, 23, 24, 25, 26, 27, 28]


6
process id 6
stats
5, 15, 7, 100, 1000
20220818-193623
loosing coalitions taken
[1, 3, 8, 9, 20]
[1, 2, 7, 14, 20]
[1, 2, 9, 11, 12]
[2, 3, 6, 14]
[1, 3, 7, 13, 19]
[1, 5, 6, 10, 25]
[1, 2, 8, 10, 21]
[1, 4, 6, 27]
[2, 4, 6, 11, 16]
[3, 4, 5, 14]
[2, 4, 5, 21, 22]
[1, 3, 6, 23]
[2, 3, 5, 19]
[1, 4, 7, 9, 15]
[16, 17, 18, 19, 20, 21, 22, 23, 24, 25, 26, 27, 28]


6
process id 3
stats
5, 15, 7, 100, 1000
20220818-193640
loosing coalitions taken
[1, 4, 7, 11, 14]
[1, 2, 8, 9, 16]
[3, 4, 5, 10]
[1, 2, 7, 12, 18]
[1, 3, 7, 13, 16]
[2, 4, 6, 9, 24]
[2, 3, 6, 12]
[1, 3, 8, 12, 14]
[1, 4, 6, 28]
[2, 3, 5, 18]
[2, 4, 5, 16, 20]
[3, 4, 6, 11, 21]
[1, 5, 6, 13, 22]
[1, 3, 6, 27]
[16, 17, 18, 19, 20, 21, 22, 23, 24, 25, 26, 27, 28]


5
process id 3
stats
5, 15, 7, 100, 1000
20220818-193645
loosing coalitions taken
[1, 2, 7, 13, 17]
[1, 3, 8, 11, 13]
[1, 5, 6, 12, 24]
[2, 3, 5, 15]
[1, 3, 7, 14, 18]
[1, 4, 7, 9, 11]
[1, 4, 8, 10, 14]
[2, 3, 6, 13]
[3, 4, 5, 17, 23]
[1, 2, 9, 12, 14]
[1, 4, 6, 22]
[2, 4, 5, 11]
[2, 4, 6, 14, 19]
[1, 2, 6, 25]
[16, 17, 18, 19, 20, 21, 22, 23, 24, 25, 26, 27, 28]


5
process id 4
stats
5, 15, 7, 100, 1000
20220818-193647
loosing coalitions taken
[2, 3, 6, 14]
[3, 4, 5, 16]
[1, 4, 7, 12, 15]
[1, 4, 8, 11, 13]
[1, 3, 7, 10, 22]
[1, 5, 6, 10, 25]
[1, 2, 8, 10, 16]
[1, 3, 8, 12, 18]
[2, 4, 5, 17]
[2, 3, 5, 25]
[2, 4, 6, 15, 20]
[1, 3, 6, 27]
[1, 4, 6, 23, 24]
[3, 4, 6, 8]
[16, 17, 18, 19, 20, 21, 22, 23, 24, 25, 26, 27, 28]


5
process id 0
stats
5, 15, 7, 100, 1000
20220818-193739
loosing coalitions taken
[2, 3, 7, 8, 9]
[2, 4, 6, 16, 18]
[1, 3, 8, 13, 16]
[1, 4, 7, 12, 16]
[1, 2, 7, 15, 19]
[2, 4, 5, 19, 24]
[1, 2, 9, 11, 13]
[1, 5, 6, 13, 22]
[1, 3, 7, 10, 20]
[3, 4, 5, 18, 23]
[3, 4, 6, 9, 17]
[2, 3, 6, 15, 26]
[2, 3, 5, 11]
[1, 4, 6, 26]
[16, 17, 18, 19, 20, 21, 22, 23, 24, 25, 26, 27, 28]


6
process id 3
stats
5, 15, 7, 100, 1000
20220818-193746
loosing coalitions taken
[1, 4, 8, 10, 12]
[1, 3, 7, 12, 18]
[3, 4, 6, 12, 15]
[2, 4, 6, 14, 21]
[1, 3, 8, 11, 14]
[3, 4, 5, 10]
[1, 4, 7, 9, 13]
[1, 4, 6, 26, 28]
[1, 2, 8, 9, 18]
[1, 2, 7, 15, 20]
[2, 3, 6, 9]
[1, 5, 6, 11, 22]
[2, 4, 5, 17]
[2, 3, 5, 19, 28]
[16, 17, 18, 19, 20, 21, 22, 23, 24, 25, 26, 27, 28]


5
process id 0
stats
5, 15, 7, 100, 1000
20220818-193754
loosing coalitions taken
[1, 2, 7, 9, 26]
[1, 5, 6, 13, 21]
[2, 3, 5, 25]
[1, 3, 8, 15, 16]
[1, 3, 7, 13, 17]
[1, 2, 10, 11, 14]
[1, 2, 8, 12, 19]
[1, 4, 7, 10, 15]
[2, 4, 6, 8]
[3, 4, 5, 15]
[2, 4, 5, 10]
[1, 3, 6, 22]
[1, 4, 6, 28]
[1, 4, 8, 9, 14]
[16, 17, 18, 19, 20, 21, 22, 23, 24, 25, 26, 27, 28]


5
process id 3
stats
5, 15, 7, 100, 1000
20220818-193842
loosing coalitions taken
[1, 5, 6, 14, 19]
[1, 2, 7, 15, 19]
[1, 2, 8, 14, 16]
[1, 3, 8, 10, 18]
[1, 2, 9, 10, 11]
[2, 3, 6, 9]
[3, 4, 5, 13, 25]
[1, 3, 7, 13, 16]
[2, 3, 5, 16]
[2, 4, 5, 15]
[2, 4, 6, 12, 17]
[1, 4, 7, 12, 14]
[1, 3, 6, 22]
[3, 4, 6, 10, 19]
[16, 17, 18, 19, 20, 21, 22, 23, 24, 25, 26, 27, 28]


5
process id 1
stats
5, 15, 7, 100, 1000
20220818-193851
loosing coalitions taken
[1, 2, 8, 14, 19]
[1, 2, 9, 11, 12]
[1, 4, 7, 10, 18]
[2, 3, 7, 8, 10]
[2, 4, 6, 15, 18]
[2, 5, 6, 8, 12]
[1, 5, 6, 10, 25]
[1, 2, 7, 15, 17]
[1, 3, 7, 9, 20]
[1, 4, 6, 23]
[3, 4, 5, 13, 27]
[2, 3, 6, 14]
[2, 4, 5, 9]
[1, 3, 8, 15, 16]
[16, 17, 18, 19, 20, 21, 22, 23, 24, 25, 26, 27, 28]


