Results
Max overall: 15
Min avg pop: 0.631
Min pop: 0.63

6
process id 4
stats
5, 15, 7, 100, 1000
20220818-193918
loosing coalitions taken
[1, 3, 7, 15, 21]
[2, 3, 6, 12, 25]
[1, 4, 7, 10, 16]
[1, 5, 6, 9, 23]
[1, 2, 8, 9, 22]
[1, 3, 8, 13, 16]
[3, 4, 6, 8]
[1, 2, 7, 11, 26]
[3, 4, 5, 16]
[1, 4, 6, 27]
[2, 3, 5, 19, 27]
[1, 3, 6, 22, 28]
[1, 4, 8, 12, 14]
[2, 4, 5, 20, 28]
[16, 17, 18, 19, 20, 21, 22, 23, 24, 25, 26, 27, 28]


6
process id 3
stats
5, 15, 7, 100, 1000
20220818-193935
loosing coalitions taken
[1, 5, 6, 11, 23]
[2, 4, 5, 19]
[3, 4, 6, 13, 17]
[1, 2, 7, 14, 22]
[2, 3, 6, 10]
[1, 2, 8, 13, 17]
[1, 4, 7, 8]
[1, 2, 9, 11, 12]
[1, 3, 8, 10, 16]
[2, 3, 5, 13]
[3, 4, 5, 20, 22]
[1, 4, 6, 22]
[1, 3, 7, 12, 20]
[2, 4, 6, 9, 21]
[16, 17, 18, 19, 20, 21, 22, 23, 24, 25, 26, 27, 28]


6
process id 1
stats
5, 15, 7, 100, 1000
20220818-193942
loosing coalitions taken
[2, 3, 6, 16, 23]
[1, 2, 9, 10, 11]
[1, 3, 7, 11, 21]
[2, 4, 6, 10, 18]
[1, 4, 7, 12, 14]
[1, 2, 8, 14, 15]
[1, 3, 6, 25, 28]
[1, 3, 8, 10, 18]
[2, 3, 5, 21]
[2, 4, 5, 17]
[1, 5, 6, 11, 23]
[3, 4, 5, 14, 18]
[1, 4, 6, 26]
[1, 2, 7, 17, 19]
[16, 17, 18, 19, 20, 21, 22, 23, 24, 25, 26, 27, 28]


6
process id 1
stats
5, 15, 7, 100, 1000
20220818-194000
loosing coalitions taken
[1, 5, 6, 16, 17]
[1, 3, 8, 12, 18]
[1, 4, 6, 25, 28]
[1, 4, 8, 11, 14]
[2, 4, 6, 8, 26]
[1, 2, 8, 10, 21]
[2, 3, 6, 10, 28]
[1, 3, 9, 10, 11]
[1, 4, 7, 12, 16]
[2, 3, 5, 20]
[1, 2, 7, 13, 18]
[3, 4, 5, 12, 24]
[2, 5, 6, 7, 15]
[2, 4, 5, 9, 27]
[16, 17, 18, 19, 20, 21, 22, 23, 24, 25, 26, 27, 28]


6
process id 0
stats
5, 15, 7, 100, 1000
20220818-194003
loosing coalitions taken
[2, 4, 5, 21, 23]
[1, 4, 8, 9, 11]
[2, 3, 5, 25]
[1, 4, 7, 10, 16]
[1, 3, 7, 9, 18]
[1, 2, 10, 11, 13]
[1, 2, 8, 14, 20]
[1, 4, 6, 24, 26]
[2, 3, 6, 13]
[3, 4, 5, 11, 27]
[1, 2, 7, 17, 19]
[1, 3, 8, 10, 12]
[2, 4, 6, 15, 19]
[1, 3, 6, 27]
[16, 17, 18, 19, 20, 21, 22, 23, 24, 25, 26, 27, 28]


6
process id 5
stats
5, 15, 7, 100, 1000
20220818-194008
loosing coalitions taken
[1, 5, 6, 15, 21]
[2, 4, 6, 11, 23]
[1, 4, 7, 9, 18]
[3, 4, 5, 16]
[1, 2, 8, 14, 18]
[1, 2, 7, 12, 24]
[1, 4, 6, 25, 27]
[2, 3, 5, 22]
[2, 4, 5, 13]
[1, 3, 8, 10, 16]
[2, 3, 6, 12]
[1, 3, 6, 26]
[3, 4, 6, 10, 17]
[1, 3, 7, 13, 22]
[16, 17, 18, 19, 20, 21, 22, 23, 24, 25, 26, 27, 28]


6
process id 7
stats
5, 15, 7, 100, 1000
20220818-194012
loosing coalitions taken
[1, 3, 8, 9, 17]
[1, 4, 8, 12, 13]
[1, 4, 6, 25]
[2, 3, 6, 13]
[3, 4, 5, 15]
[1, 2, 7, 16, 20]
[1, 3, 7, 11, 23]
[2, 3, 5, 22]
[2, 4, 6, 11, 23]
[2, 4, 5, 10, 27]
[1, 5, 6, 15, 18]
[1, 2, 9, 11, 12]
[1, 2, 8, 10, 19]
[3, 4, 6, 14, 17]
[16, 17, 18, 19, 20, 21, 22, 23, 24, 25, 26, 27, 28]


5
process id 0
stats
5, 15, 7, 100, 1000
20220818-194055
loosing coalitions taken
[1, 3, 7, 10, 24]
[2, 4, 5, 14]
[1, 4, 7, 8]
[1, 5, 6, 11, 25]
[2, 3, 6, 13, 22]
[2, 3, 5, 11]
[1, 2, 7, 17, 19]
[3, 4, 6, 10, 19]
[3, 4, 5, 9]
[1, 3, 6, 28]
[1, 4, 6, 26]
[1, 2, 9, 12, 13]
[1, 3, 8, 12, 18]
[2, 4, 6, 11, 24]
[16, 17, 18, 19, 20, 21, 22, 23, 24, 25, 26, 27, 28]


6
process id 2
stats
5, 15, 7, 100, 1000
20220818-194056
loosing coalitions taken
[1, 5, 6, 16, 18]
[1, 2, 7, 13, 25]
[3, 4, 6, 9, 22]
[1, 3, 8, 11, 19]
[1, 2, 8, 14, 20]
[2, 3, 6, 14]
[1, 2, 9, 10, 12]
[1, 4, 8, 10, 13]
[1, 4, 6, 24]
[1, 3, 7, 10, 17]
[2, 3, 5, 11]
[2, 4, 5, 15]
[3, 4, 5, 10, 20]
[2, 4, 6, 12, 17]
[16, 17, 18, 19, 20, 21, 22, 23, 24, 25, 26, 27, 28]


5
process id 6
stats
5, 15, 7, 100, 1000
20220818-194058
loosing coalitions taken
[2, 4, 6, 10, 19]
[1, 4, 7, 8]
[1, 2, 10, 12, 14]
[3, 4, 6, 12, 21]
[3, 4, 5, 13]
[2, 3, 5, 18]
[1, 3, 7, 16, 18]
[2, 4, 5, 9, 22]
[1, 3, 8, 11, 14]
[1, 4, 6, 26]
[2, 3, 6, 15, 25]
[1, 2, 7, 11, 15]
[1, 2, 8, 9, 16]
[1, 5, 6, 10, 18]
[16, 17, 18, 19, 20, 21, 22, 23, 24, 25, 26, 27, 28]


6
process id 7
stats
5, 15, 7, 100, 1000
20220818-194104
loosing coalitions taken
[1, 3, 8, 13, 16]
[1, 3, 7, 10, 18]
[1, 5, 6, 14, 22]
[1, 4, 7, 8, 21]
[1, 2, 10, 11, 13]
[1, 2, 7, 12, 24]
[3, 4, 6, 9, 21]
[1, 2, 8, 9, 22]
[2, 3, 6, 13, 26]
[2, 4, 6, 10, 16]
[2, 3, 5, 15, 25]
[1, 4, 6, 20, 25]
[3, 4, 5, 11, 23]
[2, 4, 5, 19]
[16, 17, 18, 19, 20, 21, 22, 23, 24, 25, 26, 27, 28]


5
process id 0
stats
5, 15, 7, 100, 1000
20220818-194111
loosing coalitions taken
[1, 2, 10, 12, 13]
[2, 3, 5, 24]
[2, 4, 6, 14, 21]
[1, 2, 7, 9, 25]
[1, 2, 8, 11, 19]
[1, 4, 7, 13, 16]
[1, 4, 8, 9, 15]
[1, 5, 6, 11, 18]
[1, 4, 6, 23]
[2, 3, 6, 9]
[2, 4, 5, 15]
[3, 4, 5, 18, 23]
[1, 3, 7, 15, 18]
[1, 3, 6, 22, 28]
[16, 17, 18, 19, 20, 21, 22, 23, 24, 25, 26, 27, 28]


6
process id 2
stats
5, 15, 7, 100, 1000
20220818-194155
loosing coalitions taken
[1, 4, 8, 9, 15]
[1, 5, 6, 10, 21]
[1, 4, 7, 11, 13]
[1, 2, 7, 10, 24]
[1, 2, 9, 12, 14]
[2, 4, 5, 15]
[1, 2, 8, 11, 19]
[1, 3, 8, 12, 13]
[1, 3, 9, 10, 11]
[1, 3, 7, 14, 21]
[2, 3, 5, 18, 26]
[2, 3, 6, 13]
[1, 4, 6, 25]
[2, 4, 6, 11, 21]
[16, 17, 18, 19, 20, 21, 22, 23, 24, 25, 26, 27, 28]


6
process id 0
stats
5, 15, 7, 100, 1000
20220818-194203
loosing coalitions taken
[2, 3, 6, 14]
[1, 3, 9, 10, 12]
[1, 5, 6, 10, 25]
[3, 4, 5, 15]
[1, 2, 9, 11, 13]
[1, 3, 7, 11, 20]
[2, 4, 6, 15, 20]
[2, 4, 5, 17, 28]
[1, 3, 6, 28]
[2, 3, 5, 16]
[3, 4, 6, 9, 21]
[1, 2, 7, 8]
[1, 4, 6, 24]
[1, 4, 8, 9, 14]
[16, 17, 18, 19, 20, 21, 22, 23, 24, 25, 26, 27, 28]


6
process id 7
stats
5, 15, 7, 100, 1000
20220818-194242
loosing coalitions taken
[1, 4, 7, 13, 14]
[1, 4, 6, 26, 28]
[1, 4, 8, 10, 15]
[2, 4, 5, 19]
[1, 3, 7, 9, 20]
[1, 2, 8, 12, 16]
[1, 5, 6, 15, 17]
[3, 4, 5, 10]
[2, 3, 5, 26, 28]
[2, 3, 6, 15, 24]
[2, 4, 6, 11, 20]
[1, 2, 6, 23]
[1, 3, 8, 11, 14]
[1, 2, 7, 11, 18]
[16, 17, 18, 19, 20, 21, 22, 23, 24, 25, 26, 27, 28]


6
process id 6
stats
5, 15, 7, 100, 1000
20220818-194248
loosing coalitions taken
[2, 3, 6, 10]
[1, 3, 8, 11, 18]
[1, 2, 7, 9, 26]
[1, 3, 7, 13, 21]
[1, 2, 8, 15, 16]
[1, 4, 7, 8]
[3, 4, 5, 15]
[1, 3, 6, 24]
[1, 2, 10, 11, 12]
[3, 4, 6, 12, 19]
[1, 4, 6, 25]
[2, 4, 5, 20, 28]
[1, 5, 6, 14, 21]
[2, 3, 5, 23]
[16, 17, 18, 19, 20, 21, 22, 23, 24, 25, 26, 27, 28]


5
process id 1
stats
5, 15, 7, 100, 1000
20220818-194249
loosing coalitions taken
[1, 3, 8, 13, 15]
[1, 2, 8, 14, 18]
[1, 4, 8, 9, 12]
[3, 4, 6, 8]
[1, 2, 7, 11, 19]
[1, 3, 7, 9, 21]
[1, 5, 6, 12, 22]
[2, 4, 5, 17, 22]
[2, 3, 6, 14, 25]
[1, 4, 6, 27]
[2, 3, 5, 16]
[3, 4, 5, 15]
[2, 4, 6, 11, 24]
[1, 4, 7, 14, 15]
[16, 17, 18, 19, 20, 21, 22, 23, 24, 25, 26, 27, 28]


5
process id 0
stats
5, 15, 7, 100, 1000
20220818-194254
loosing coalitions taken
[2, 4, 5, 17]
[2, 3, 6, 9]
[1, 4, 8, 9, 12]
[1, 2, 10, 12, 14]
[1, 4, 6, 27]
[1, 2, 8, 11, 18]
[2, 3, 5, 10]
[1, 5, 6, 15, 19]
[1, 3, 7, 14, 16]
[3, 4, 5, 14, 23]
[2, 4, 6, 8, 26]
[1, 3, 6, 26]
[1, 2, 7, 9, 17]
[1, 4, 7, 11, 13]
[16, 17, 18, 19, 20, 21, 22, 23, 24, 25, 26, 27, 28]


