Results
Max overall: 15
Min avg pop: 0.64
Min pop: 0.63

6
process id 3
stats
5, 15, 7, 100, 1000
20220818-201559
loosing coalitions taken
[2, 4, 6, 9, 22]
[1, 3, 7, 16, 17]
[1, 2, 7, 11, 23]
[3, 4, 6, 13, 21]
[1, 2, 10, 12, 13]
[1, 2, 8, 14, 16]
[1, 4, 7, 8, 21]
[2, 3, 5, 18, 27]
[2, 4, 5, 15]
[1, 3, 8, 11, 13]
[3, 4, 5, 10]
[1, 5, 6, 9, 17]
[2, 3, 6, 12, 28]
[1, 4, 6, 28]
[16, 17, 18, 19, 20, 21, 22, 23, 24, 25, 26, 27, 28]


5
process id 4
stats
5, 15, 7, 100, 1000
20220818-201656
loosing coalitions taken
[1, 5, 6, 11, 20]
[3, 4, 5, 16]
[2, 3, 6, 12, 25]
[2, 4, 6, 14, 22]
[1, 2, 7, 11, 22]
[1, 4, 7, 9, 19]
[1, 4, 8, 10, 12]
[1, 3, 7, 14, 20]
[1, 3, 8, 9, 17]
[1, 4, 6, 24]
[2, 3, 5, 20]
[1, 2, 8, 14, 16]
[1, 2, 6, 23]
[2, 4, 5, 17, 24]
[16, 17, 18, 19, 20, 21, 22, 23, 24, 25, 26, 27, 28]


6
process id 1
stats
5, 15, 7, 100, 1000
20220818-201728
loosing coalitions taken
[2, 4, 6, 10, 21]
[2, 5, 6, 7, 12]
[2, 4, 5, 19, 27]
[1, 4, 8, 9, 13]
[3, 4, 6, 8, 27]
[1, 4, 6, 25]
[2, 3, 5, 23, 26]
[3, 4, 5, 16]
[1, 2, 7, 10, 22]
[2, 3, 6, 13, 28]
[1, 2, 8, 15, 17]
[1, 3, 7, 12, 13]
[1, 3, 8, 10, 14]
[1, 2, 9, 12, 14]
[16, 17, 18, 19, 20, 21, 22, 23, 24, 25, 26, 27, 28]


6
process id 5
stats
5, 15, 7, 100, 1000
20220818-201738
loosing coalitions taken
[1, 4, 8, 13, 14]
[1, 3, 7, 14, 19]
[1, 3, 8, 9, 18]
[1, 2, 7, 9, 27]
[2, 4, 5, 21, 23]
[1, 4, 6, 25]
[2, 3, 6, 12]
[3, 4, 5, 15, 26]
[2, 3, 5, 17, 24]
[1, 4, 7, 10, 16]
[1, 3, 6, 23]
[2, 4, 6, 13, 16]
[1, 2, 8, 12, 16]
[1, 5, 6, 9, 22]
[16, 17, 18, 19, 20, 21, 22, 23, 24, 25, 26, 27, 28]


5
process id 3
stats
5, 15, 7, 100, 1000
20220818-201745
loosing coalitions taken
[1, 2, 7, 14, 24]
[1, 2, 9, 10, 13]
[1, 4, 7, 9, 18]
[1, 3, 7, 15, 21]
[3, 4, 6, 12, 19]
[1, 5, 6, 11, 21]
[1, 4, 8, 12, 13]
[2, 4, 6, 10, 20]
[1, 2, 8, 11, 16]
[1, 4, 6, 23]
[2, 3, 5, 11, 27]
[2, 4, 5, 19, 22]
[2, 3, 6, 9, 28]
[3, 4, 5, 16, 17]
[16, 17, 18, 19, 20, 21, 22, 23, 24, 25, 26, 27, 28]


6
process id 1
stats
5, 15, 7, 100, 1000
20220818-201824
loosing coalitions taken
[2, 4, 6, 14, 20]
[2, 3, 5, 24, 25]
[2, 4, 5, 16, 27]
[1, 5, 6, 9, 25]
[3, 4, 6, 11, 16]
[3, 4, 5, 18, 22]
[1, 2, 10, 12, 14]
[1, 3, 8, 15, 16]
[1, 3, 7, 9, 23]
[1, 3, 6, 28]
[1, 2, 8, 9, 11]
[1, 4, 8, 13, 14]
[1, 2, 7, 13, 18]
[1, 4, 7, 10, 19]
[16, 17, 18, 19, 20, 21, 22, 23, 24, 25, 26, 27, 28]


6
process id 1
stats
5, 15, 7, 100, 1000
20220818-201835
loosing coalitions taken
[2, 3, 5, 17]
[1, 4, 8, 13, 14]
[3, 4, 6, 7, 27]
[1, 3, 7, 10, 19]
[1, 5, 6, 12, 24]
[1, 3, 8, 11, 15]
[1, 4, 7, 11, 17]
[2, 4, 6, 10, 19]
[2, 4, 5, 21, 26]
[3, 4, 5, 15]
[1, 4, 6, 18]
[1, 2, 8, 9, 16]
[2, 3, 6, 14]
[1, 2, 7, 14, 22]
[16, 17, 18, 19, 20, 21, 22, 23, 24, 25, 26, 27, 28]


5
process id 3
stats
5, 15, 7, 100, 1000
20220818-201836
loosing coalitions taken
[2, 4, 6, 14, 22]
[3, 4, 6, 9, 21]
[2, 3, 6, 13, 24]
[1, 5, 6, 13, 17]
[1, 2, 9, 11, 13]
[3, 4, 5, 14, 23]
[1, 2, 7, 12, 21]
[1, 2, 8, 14, 20]
[1, 3, 7, 10, 17]
[1, 3, 8, 11, 16]
[1, 3, 6, 25]
[2, 4, 5, 12]
[1, 4, 8, 9, 10]
[1, 4, 7, 14, 16]
[16, 17, 18, 19, 20, 21, 22, 23, 24, 25, 26, 27, 28]


5
process id 2
stats
5, 15, 7, 100, 1000
20220818-201841
loosing coalitions taken
[1, 4, 7, 13, 16]
[1, 2, 7, 11, 22]
[2, 3, 6, 18, 19]
[1, 3, 7, 9, 23]
[1, 4, 6, 24, 27]
[1, 2, 8, 14, 20]
[2, 4, 6, 15, 20]
[1, 2, 9, 10, 13]
[1, 3, 8, 11, 19]
[2, 4, 5, 22, 23]
[3, 4, 6, 14, 16]
[3, 4, 5, 12, 24]
[2, 3, 5, 20]
[1, 5, 6, 8]
[16, 17, 18, 19, 20, 21, 22, 23, 24, 25, 26, 27, 28]


5
process id 5
stats
5, 15, 7, 100, 1000
20220818-201852
loosing coalitions taken
[1, 4, 7, 9, 16]
[1, 2, 7, 12, 17]
[1, 3, 8, 11, 15]
[3, 4, 6, 12, 21]
[1, 3, 7, 10, 23]
[1, 2, 8, 13, 18]
[1, 4, 6, 28]
[2, 4, 5, 15]
[2, 3, 6, 16, 18]
[1, 5, 6, 11, 12]
[2, 3, 5, 24]
[3, 4, 5, 14]
[2, 3, 7, 8, 9]
[1, 2, 10, 11, 14]
[16, 17, 18, 19, 20, 21, 22, 23, 24, 25, 26, 27, 28]


5
process id 5
stats
5, 15, 7, 100, 1000
20220818-201905
loosing coalitions taken
[1, 2, 9, 11, 13]
[1, 3, 8, 14, 15]
[1, 2, 10, 12, 14]
[3, 4, 6, 8]
[1, 4, 7, 9, 10]
[2, 4, 5, 17, 25]
[2, 3, 5, 21, 23]
[1, 5, 6, 10, 22]
[1, 3, 7, 12, 16]
[2, 3, 6, 16, 20]
[1, 4, 8, 12, 13]
[1, 4, 6, 20, 26]
[3, 4, 5, 14]
[1, 2, 7, 8]
[16, 17, 18, 19, 20, 21, 22, 23, 24, 25, 26, 27, 28]


5
process id 1
stats
5, 15, 7, 100, 1000
20220818-201907
loosing coalitions taken
[1, 3, 7, 9, 17]
[1, 2, 7, 14, 18]
[2, 3, 6, 9]
[1, 4, 6, 28]
[2, 4, 5, 19]
[1, 2, 8, 15, 17]
[1, 3, 8, 12, 13]
[3, 4, 5, 11, 26]
[1, 4, 7, 12, 16]
[1, 2, 9, 10, 13]
[1, 5, 6, 9, 20]
[3, 4, 6, 8]
[2, 3, 5, 12]
[2, 4, 6, 11, 21]
[16, 17, 18, 19, 20, 21, 22, 23, 24, 25, 26, 27, 28]


6
process id 5
stats
5, 15, 7, 100, 1000
20220818-201934
loosing coalitions taken
[2, 4, 6, 11, 23]
[1, 3, 8, 10, 15]
[2, 3, 6, 14]
[1, 5, 6, 9, 19]
[1, 4, 6, 26]
[1, 2, 8, 9, 21]
[1, 3, 6, 22]
[2, 4, 5, 18]
[3, 4, 5, 10, 28]
[1, 2, 7, 12, 15]
[2, 3, 5, 22]
[1, 4, 8, 11, 12]
[1, 3, 7, 9, 24]
[1, 4, 7, 13, 14]
[16, 17, 18, 19, 20, 21, 22, 23, 24, 25, 26, 27, 28]


5
process id 2
stats
5, 15, 7, 100, 1000
20220818-201941
loosing coalitions taken
[1, 5, 6, 9, 22]
[1, 4, 7, 13, 15]
[1, 4, 8, 10, 11]
[1, 3, 7, 10, 20]
[1, 3, 8, 9, 19]
[1, 2, 7, 11, 25]
[3, 4, 6, 8, 22]
[2, 3, 5, 24]
[1, 4, 6, 23, 24]
[2, 3, 6, 15, 20]
[3, 4, 5, 12]
[2, 4, 6, 12, 19]
[2, 4, 5, 18, 26]
[1, 2, 8, 14, 18]
[16, 17, 18, 19, 20, 21, 22, 23, 24, 25, 26, 27, 28]


6
process id 5
stats
5, 15, 7, 100, 1000
20220818-201947
loosing coalitions taken
[1, 2, 8, 12, 19]
[1, 4, 7, 9, 17]
[1, 3, 8, 10, 18]
[1, 3, 7, 11, 22]
[1, 2, 7, 15, 21]
[1, 2, 10, 11, 14]
[2, 3, 6, 13]
[1, 5, 6, 14, 21]
[1, 4, 6, 28]
[3, 4, 5, 17, 20]
[1, 3, 6, 25]
[2, 3, 5, 14]
[2, 4, 5, 11]
[2, 4, 6, 8]
[16, 17, 18, 19, 20, 21, 22, 23, 24, 25, 26, 27, 28]


