Results
Max overall: 15
Min avg pop: 0.641
Min pop: 0.63

5
process id 3
stats
5, 15, 7, 100, 1000
20220818-202013
loosing coalitions taken
[1, 4, 8, 11, 13]
[2, 4, 6, 14, 21]
[2, 3, 5, 23, 25]
[1, 3, 7, 14, 19]
[2, 3, 6, 13]
[1, 5, 6, 11, 24]
[1, 2, 8, 15, 17]
[1, 3, 8, 9, 16]
[1, 2, 7, 16, 21]
[1, 4, 7, 10, 15]
[1, 2, 9, 11, 14]
[2, 4, 5, 20, 24]
[1, 4, 6, 19]
[3, 4, 5, 12]
[16, 17, 18, 19, 20, 21, 22, 23, 24, 25, 26, 27, 28]


5
process id 6
stats
5, 15, 7, 100, 1000
20220818-202052
loosing coalitions taken
[1, 2, 8, 12, 21]
[1, 2, 7, 9]
[1, 3, 8, 11, 18]
[1, 5, 6, 16, 18]
[1, 4, 8, 10, 13]
[2, 3, 6, 13]
[3, 4, 5, 13]
[1, 4, 6, 24]
[2, 3, 5, 14]
[2, 4, 5, 17, 19]
[1, 2, 10, 11, 14]
[2, 4, 6, 11, 23]
[1, 3, 6, 28]
[1, 4, 7, 14, 16]
[16, 17, 18, 19, 20, 21, 22, 23, 24, 25, 26, 27, 28]


5
process id 2
stats
5, 15, 7, 100, 1000
20220818-202108
loosing coalitions taken
[1, 3, 7, 14, 21]
[1, 2, 9, 10, 12]
[1, 2, 7, 13, 25]
[2, 4, 5, 18]
[1, 4, 7, 8]
[1, 5, 6, 10, 26]
[1, 3, 6, 28]
[3, 4, 5, 15, 20]
[2, 3, 5, 25]
[1, 2, 8, 14, 18]
[3, 4, 6, 8]
[2, 3, 6, 18, 21]
[2, 4, 6, 9, 24]
[1, 4, 6, 22]
[16, 17, 18, 19, 20, 21, 22, 23, 24, 25, 26, 27, 28]


6
process id 6
stats
5, 15, 7, 100, 1000
20220818-202153
loosing coalitions taken
[3, 4, 5, 17, 27]
[1, 2, 7, 13, 25]
[1, 2, 8, 12, 19]
[1, 4, 7, 11, 15]
[2, 4, 6, 13, 19]
[2, 3, 6, 14]
[1, 3, 8, 11, 18]
[1, 4, 6, 28]
[1, 5, 6, 12, 22]
[1, 3, 6, 27]
[2, 3, 5, 20]
[2, 4, 5, 9]
[1, 3, 7, 10, 21]
[1, 4, 8, 10, 13]
[16, 17, 18, 19, 20, 21, 22, 23, 24, 25, 26, 27, 28]


6
process id 6
stats
5, 15, 7, 100, 1000
20220818-202202
loosing coalitions taken
[1, 5, 6, 9, 26]
[1, 4, 8, 10, 13]
[1, 2, 9, 11, 13]
[2, 3, 6, 12]
[1, 3, 8, 11, 18]
[1, 2, 8, 15, 16]
[1, 2, 7, 10, 28]
[1, 4, 6, 23, 28]
[2, 3, 5, 18]
[3, 4, 5, 10]
[2, 4, 5, 16, 21]
[1, 3, 7, 14, 22]
[1, 3, 6, 27]
[2, 4, 6, 15, 19]
[16, 17, 18, 19, 20, 21, 22, 23, 24, 25, 26, 27, 28]


5
process id 4
stats
5, 15, 7, 100, 1000
20220818-202223
loosing coalitions taken
[1, 3, 8, 14, 16]
[1, 2, 8, 9, 17]
[1, 2, 10, 11, 13]
[1, 4, 6, 28]
[1, 3, 7, 11, 19]
[2, 3, 6, 12]
[1, 3, 6, 26]
[2, 3, 5, 11]
[1, 2, 7, 12, 16]
[3, 4, 5, 10]
[2, 4, 5, 19, 27]
[1, 4, 7, 10, 15]
[2, 4, 6, 15, 16]
[1, 5, 6, 9, 23]
[16, 17, 18, 19, 20, 21, 22, 23, 24, 25, 26, 27, 28]


5
process id 0
stats
5, 15, 7, 100, 1000
20220818-202357
loosing coalitions taken
[1, 5, 6, 9, 20]
[1, 4, 7, 9, 18]
[3, 4, 6, 11, 18]
[2, 4, 5, 15]
[1, 3, 7, 15, 21]
[1, 4, 6, 26]
[2, 3, 6, 10, 27]
[1, 3, 8, 11, 16]
[1, 2, 8, 13, 20]
[1, 2, 9, 10, 11]
[2, 3, 5, 23]
[3, 4, 5, 13, 20]
[2, 4, 6, 13, 22]
[1, 3, 6, 28]
[16, 17, 18, 19, 20, 21, 22, 23, 24, 25, 26, 27, 28]


