Results
Max overall: 15
Min avg pop: 0.642
Min pop: 0.63

5
process id 7
stats
5, 15, 7, 100, 1000
20220818-202431
loosing coalitions taken
[2, 3, 6, 9]
[1, 3, 7, 12, 21]
[2, 4, 5, 19]
[1, 3, 8, 11, 18]
[1, 2, 7, 10, 28]
[1, 2, 8, 15, 16]
[2, 3, 5, 20]
[3, 4, 6, 13, 19]
[3, 4, 5, 17, 25]
[1, 4, 6, 25]
[1, 4, 7, 8, 26]
[1, 3, 6, 28]
[2, 4, 6, 16, 18]
[1, 5, 6, 9, 21]
[16, 17, 18, 19, 20, 21, 22, 23, 24, 25, 26, 27, 28]


6
process id 4
stats
5, 15, 7, 100, 1000
20220818-202447
loosing coalitions taken
[1, 3, 7, 13, 17]
[1, 3, 8, 12, 16]
[3, 4, 6, 13, 20]
[1, 2, 8, 13, 15]
[1, 2, 7, 11, 19]
[1, 4, 8, 9, 14]
[1, 4, 6, 27]
[2, 4, 5, 18]
[1, 5, 6, 11, 17]
[1, 4, 7, 10, 15]
[3, 4, 5, 9]
[2, 3, 5, 11]
[2, 3, 6, 14, 23]
[1, 2, 9, 10, 12]
[16, 17, 18, 19, 20, 21, 22, 23, 24, 25, 26, 27, 28]


5
process id 1
stats
5, 15, 7, 100, 1000
20220818-202502
loosing coalitions taken
[1, 2, 7, 14, 24]
[1, 3, 8, 13, 15]
[2, 4, 5, 20]
[2, 3, 6, 14]
[1, 2, 8, 11, 21]
[1, 2, 10, 12, 13]
[1, 4, 6, 24]
[1, 4, 7, 8]
[3, 4, 5, 14]
[2, 4, 6, 15, 17]
[2, 3, 5, 25]
[1, 3, 7, 12, 22]
[1, 5, 6, 12, 23]
[1, 3, 6, 25]
[16, 17, 18, 19, 20, 21, 22, 23, 24, 25, 26, 27, 28]


6
process id 3
stats
5, 15, 7, 100, 1000
20220818-202519
loosing coalitions taken
[1, 2, 8, 13, 19]
[2, 4, 6, 8]
[1, 2, 10, 11, 12]
[1, 3, 7, 15, 17]
[1, 4, 7, 9, 13]
[3, 4, 5, 15]
[1, 2, 7, 14, 16]
[2, 3, 5, 12]
[2, 4, 5, 16, 21]
[1, 5, 6, 10, 26]
[1, 4, 6, 25]
[2, 3, 6, 9]
[1, 3, 6, 23]
[1, 3, 8, 12, 18]
[16, 17, 18, 19, 20, 21, 22, 23, 24, 25, 26, 27, 28]


5
process id 3
stats
5, 15, 7, 100, 1000
20220818-202527
loosing coalitions taken
[1, 2, 7, 10, 23]
[1, 2, 8, 11, 16]
[1, 3, 7, 11, 18]
[2, 3, 5, 23]
[1, 3, 8, 12, 17]
[1, 4, 7, 12, 16]
[1, 5, 6, 11, 25]
[2, 3, 6, 15, 21]
[3, 4, 5, 9, 22]
[2, 4, 5, 20]
[2, 4, 6, 7]
[1, 4, 8, 9, 14]
[1, 4, 6, 28]
[1, 2, 6, 26]
[16, 17, 18, 19, 20, 21, 22, 23, 24, 25, 26, 27, 28]


5
process id 0
stats
5, 15, 7, 100, 1000
20220818-202531
loosing coalitions taken
[1, 2, 9, 11, 13]
[1, 2, 8, 14, 17]
[2, 4, 6, 15, 21]
[1, 4, 7, 8, 24]
[1, 2, 7, 12, 23]
[2, 4, 5, 17]
[2, 3, 6, 10]
[1, 3, 8, 12, 15]
[1, 5, 6, 16, 20]
[1, 4, 6, 26]
[3, 4, 5, 10]
[1, 3, 6, 23]
[1, 3, 7, 14, 22]
[2, 3, 5, 15]
[16, 17, 18, 19, 20, 21, 22, 23, 24, 25, 26, 27, 28]


6
process id 2
stats
5, 15, 7, 100, 1000
20220818-202631
loosing coalitions taken
[1, 3, 9, 10, 12]
[1, 4, 8, 10, 15]
[2, 3, 6, 14]
[3, 4, 5, 17, 26]
[1, 3, 7, 15, 20]
[1, 2, 7, 10, 27]
[1, 2, 8, 12, 18]
[1, 5, 6, 11, 19]
[2, 4, 6, 16, 18]
[1, 4, 6, 25]
[2, 4, 5, 11, 28]
[2, 3, 5, 19, 20]
[1, 4, 7, 11, 16]
[3, 4, 6, 8]
[16, 17, 18, 19, 20, 21, 22, 23, 24, 25, 26, 27, 28]


6
process id 2
stats
5, 15, 7, 100, 1000
20220818-202705
loosing coalitions taken
[2, 4, 5, 18]
[1, 3, 8, 12, 17]
[1, 3, 7, 13, 19]
[1, 4, 7, 12, 15]
[1, 2, 10, 12, 13]
[2, 3, 6, 14, 27]
[1, 2, 7, 9, 26]
[1, 4, 6, 24, 25]
[3, 4, 6, 15, 17]
[1, 5, 6, 11, 23]
[2, 3, 5, 15]
[3, 4, 5, 11]
[2, 4, 6, 9, 11]
[1, 4, 8, 9, 14]
[16, 17, 18, 19, 20, 21, 22, 23, 24, 25, 26, 27, 28]


6
process id 6
stats
5, 15, 7, 100, 1000
20220818-202718
loosing coalitions taken
[1, 3, 7, 16, 18]
[2, 4, 5, 19, 28]
[2, 3, 6, 16, 22]
[1, 4, 8, 11, 14]
[3, 4, 5, 17, 23]
[3, 4, 6, 12, 20]
[2, 4, 6, 10, 21]
[1, 4, 7, 10, 15]
[2, 3, 5, 25, 27]
[1, 2, 9, 12, 13]
[1, 2, 7, 11, 22]
[1, 5, 6, 16, 19]
[1, 4, 6, 24]
[1, 3, 8, 9, 19]
[16, 17, 18, 19, 20, 21, 22, 23, 24, 25, 26, 27, 28]


5
process id 1
stats
5, 15, 7, 100, 1000
20220818-202725
loosing coalitions taken
[2, 4, 6, 16, 19]
[1, 3, 7, 9, 21]
[1, 3, 8, 11, 13]
[3, 4, 5, 12, 26]
[1, 2, 7, 15, 18]
[1, 4, 7, 11, 12]
[1, 5, 6, 10, 23]
[2, 3, 6, 11, 20]
[3, 4, 6, 7]
[2, 4, 5, 22, 23]
[2, 3, 5, 15, 24]
[1, 2, 6, 25, 27]
[1, 4, 8, 9, 14]
[1, 2, 8, 10, 19]
[16, 17, 18, 19, 20, 21, 22, 23, 24, 25, 26, 27, 28]


6
process id 4
stats
5, 15, 7, 100, 1000
20220818-202731
loosing coalitions taken
[1, 5, 6, 16, 17]
[1, 4, 7, 13, 14]
[1, 3, 7, 15, 18]
[2, 4, 5, 17, 24]
[1, 4, 6, 28]
[1, 3, 8, 14, 16]
[1, 2, 8, 13, 17]
[1, 2, 10, 12, 14]
[1, 3, 9, 10, 11]
[3, 4, 5, 18, 26]
[1, 2, 7, 9]
[2, 3, 5, 23]
[3, 4, 6, 8]
[2, 3, 6, 14]
[16, 17, 18, 19, 20, 21, 22, 23, 24, 25, 26, 27, 28]


5
process id 2
stats
5, 15, 7, 100, 1000
20220818-202753
loosing coalitions taken
[1, 3, 7, 14, 22]
[1, 2, 8, 13, 20]
[3, 4, 6, 11, 16]
[1, 4, 7, 9, 19]
[1, 2, 10, 11, 14]
[1, 2, 7, 12, 23]
[1, 5, 6, 9, 24]
[1, 3, 8, 11, 18]
[2, 3, 5, 10]
[1, 3, 6, 27]
[2, 3, 6, 13]
[3, 4, 5, 17, 22]
[2, 4, 5, 14]
[1, 4, 6, 23]
[16, 17, 18, 19, 20, 21, 22, 23, 24, 25, 26, 27, 28]


5
process id 7
stats
5, 15, 7, 100, 1000
20220818-202802
loosing coalitions taken
[1, 3, 7, 11, 20]
[1, 2, 9, 11, 14]
[1, 2, 7, 15, 19]
[2, 3, 6, 14]
[2, 4, 5, 15, 24]
[1, 5, 6, 11, 22]
[1, 3, 8, 9, 10]
[1, 2, 8, 13, 18]
[2, 3, 5, 22]
[1, 4, 6, 18]
[3, 4, 5, 13]
[1, 3, 6, 27]
[2, 4, 6, 10, 23]
[1, 4, 7, 8]
[16, 17, 18, 19, 20, 21, 22, 23, 24, 25, 26, 27, 28]


5
process id 6
stats
5, 15, 7, 100, 1000
20220818-202803
loosing coalitions taken
[1, 5, 6, 14, 21]
[1, 4, 7, 10, 18]
[2, 3, 6, 10, 28]
[1, 4, 6, 26]
[1, 3, 8, 11, 17]
[1, 2, 9, 11, 14]
[1, 2, 7, 8]
[3, 4, 5, 21, 23]
[2, 3, 5, 17]
[2, 4, 5, 20]
[1, 3, 7, 12, 19]
[1, 3, 6, 27]
[3, 4, 6, 8]
[2, 4, 6, 14, 22]
[16, 17, 18, 19, 20, 21, 22, 23, 24, 25, 26, 27, 28]


5
process id 3
stats
5, 15, 7, 100, 1000
20220818-202804
loosing coalitions taken
[1, 2, 10, 11, 13]
[2, 3, 6, 17, 18]
[1, 5, 6, 13, 24]
[1, 4, 8, 11, 12]
[1, 4, 7, 9, 19]
[1, 2, 7, 12, 24]
[1, 3, 7, 11, 21]
[2, 4, 5, 17, 26]
[3, 4, 5, 11]
[1, 2, 8, 14, 17]
[1, 4, 6, 18]
[1, 3, 6, 23, 28]
[2, 3, 5, 10]
[1, 3, 8, 10, 16]
[16, 17, 18, 19, 20, 21, 22, 23, 24, 25, 26, 27, 28]


5
process id 2
stats
5, 15, 7, 100, 1000
20220818-202806
loosing coalitions taken
[1, 4, 8, 11, 13]
[1, 2, 8, 15, 16]
[1, 5, 6, 15, 19]
[1, 2, 9, 11, 12]
[2, 3, 5, 20]
[2, 4, 6, 14, 22]
[1, 2, 7, 17, 19]
[2, 3, 7, 8, 10]
[2, 3, 6, 13, 25]
[1, 3, 8, 12, 18]
[3, 4, 6, 15, 16]
[1, 4, 6, 23, 24]
[3, 4, 5, 11]
[2, 4, 5, 17]
[16, 17, 18, 19, 20, 21, 22, 23, 24, 25, 26, 27, 28]


5
process id 5
stats
5, 15, 7, 100, 1000
20220818-202808
loosing coalitions taken
[1, 4, 6, 22, 27]
[1, 2, 7, 15, 17]
[1, 4, 7, 10, 11]
[1, 3, 7, 13, 20]
[1, 2, 10, 12, 14]
[3, 4, 6, 15, 17]
[2, 4, 5, 17, 23]
[2, 3, 5, 15]
[1, 2, 8, 11, 20]
[1, 3, 8, 10, 18]
[1, 4, 8, 9, 12]
[1, 3, 6, 26, 28]
[2, 4, 6, 16, 19]
[1, 5, 6, 11, 25]
[16, 17, 18, 19, 20, 21, 22, 23, 24, 25, 26, 27, 28]


