Results
Max overall: 15
Min avg pop: 0.643
Min pop: 0.63

5
process id 5
stats
5, 15, 7, 100, 1000
20220818-202822
loosing coalitions taken
[1, 4, 8, 11, 14]
[1, 3, 8, 15, 16]
[1, 3, 9, 10, 11]
[2, 4, 6, 12, 22]
[1, 2, 7, 14, 16]
[1, 2, 9, 12, 13]
[1, 5, 6, 11, 25]
[2, 3, 6, 15, 19]
[1, 4, 7, 9, 15]
[3, 4, 5, 14]
[2, 3, 5, 20]
[1, 4, 6, 26]
[3, 4, 6, 10, 17]
[2, 4, 5, 17, 21]
[16, 17, 18, 19, 20, 21, 22, 23, 24, 25, 26, 27, 28]


5
process id 6
stats
5, 15, 7, 100, 1000
20220818-202822
loosing coalitions taken
[2, 3, 6, 10, 28]
[1, 5, 6, 14, 17]
[1, 4, 7, 10, 18]
[1, 4, 8, 9, 13]
[1, 2, 7, 9, 28]
[1, 2, 8, 12, 19]
[2, 4, 5, 20]
[1, 4, 6, 27]
[1, 3, 8, 10, 16]
[3, 4, 5, 13, 17]
[1, 3, 7, 12, 22]
[2, 4, 6, 11, 24]
[2, 3, 5, 23]
[1, 2, 6, 26]
[16, 17, 18, 19, 20, 21, 22, 23, 24, 25, 26, 27, 28]


6
process id 2
stats
5, 15, 7, 100, 1000
20220818-202825
loosing coalitions taken
[1, 5, 6, 16, 20]
[2, 3, 6, 14]
[1, 3, 8, 10, 19]
[1, 2, 7, 15, 17]
[1, 2, 8, 9, 18]
[2, 4, 5, 17]
[1, 4, 6, 28]
[2, 3, 5, 19]
[2, 4, 6, 11, 23]
[1, 4, 8, 12, 14]
[3, 4, 5, 10]
[3, 4, 6, 8]
[1, 3, 7, 12, 18]
[1, 3, 6, 26]
[16, 17, 18, 19, 20, 21, 22, 23, 24, 25, 26, 27, 28]


5
process id 3
stats
5, 15, 7, 100, 1000
20220818-202914
loosing coalitions taken
[2, 4, 5, 17, 22]
[1, 2, 7, 8, 28]
[2, 3, 5, 24, 28]
[3, 4, 5, 19, 20]
[1, 3, 8, 11, 18]
[3, 4, 6, 12, 17]
[1, 3, 7, 9, 22]
[2, 4, 6, 15, 19]
[1, 4, 7, 10, 13]
[1, 2, 9, 11, 14]
[1, 4, 8, 9, 15]
[2, 3, 6, 13]
[1, 5, 6, 10, 17]
[1, 4, 6, 18, 24]
[16, 17, 18, 19, 20, 21, 22, 23, 24, 25, 26, 27, 28]


6
process id 1
stats
5, 15, 7, 100, 1000
20220818-202959
loosing coalitions taken
[1, 3, 8, 9, 18]
[2, 4, 6, 12, 22]
[1, 2, 8, 12, 21]
[1, 2, 9, 11, 14]
[2, 3, 6, 14]
[3, 4, 5, 16]
[1, 3, 7, 11, 22]
[1, 2, 7, 10, 27]
[1, 4, 6, 24]
[2, 3, 5, 15, 27]
[1, 3, 6, 26]
[1, 5, 6, 11, 25]
[1, 4, 7, 8, 26]
[2, 4, 5, 18, 26]
[16, 17, 18, 19, 20, 21, 22, 23, 24, 25, 26, 27, 28]


5
process id 7
stats
5, 15, 7, 100, 1000
20220818-203000
loosing coalitions taken
[1, 5, 6, 10, 26]
[1, 3, 8, 9, 18]
[2, 3, 6, 10]
[1, 2, 8, 11, 16]
[1, 4, 6, 27]
[1, 2, 7, 14, 24]
[1, 3, 7, 13, 20]
[3, 4, 5, 12]
[1, 4, 7, 10, 15]
[2, 4, 5, 18]
[1, 3, 6, 28]
[2, 3, 5, 21]
[3, 4, 6, 8]
[2, 4, 6, 12, 22]
[16, 17, 18, 19, 20, 21, 22, 23, 24, 25, 26, 27, 28]


6
process id 0
stats
5, 15, 7, 100, 1000
20220818-203006
loosing coalitions taken
[1, 5, 6, 11, 22]
[1, 4, 7, 11, 17]
[1, 2, 8, 9, 20]
[2, 3, 6, 12]
[1, 2, 10, 11, 14]
[2, 4, 5, 16]
[1, 3, 8, 10, 18]
[1, 4, 8, 12, 14]
[2, 3, 5, 24, 28]
[3, 4, 6, 8, 23]
[2, 4, 6, 9, 24]
[3, 4, 5, 15]
[1, 3, 6, 26]
[1, 2, 7, 12, 23]
[16, 17, 18, 19, 20, 21, 22, 23, 24, 25, 26, 27, 28]


6
process id 3
stats
5, 15, 7, 100, 1000
20220818-203028
loosing coalitions taken
[1, 3, 8, 14, 16]
[1, 4, 8, 9, 15]
[1, 3, 9, 10, 12]
[2, 4, 5, 17]
[1, 2, 8, 11, 18]
[3, 4, 6, 11, 18]
[1, 4, 7, 11, 16]
[1, 3, 7, 13, 21]
[2, 3, 6, 10]
[1, 4, 6, 23]
[1, 2, 7, 12, 19]
[2, 3, 5, 20]
[2, 4, 6, 12, 13]
[3, 4, 5, 16, 27]
[16, 17, 18, 19, 20, 21, 22, 23, 24, 25, 26, 27, 28]


6
process id 5
stats
5, 15, 7, 100, 1000
20220818-203123
loosing coalitions taken
[2, 4, 5, 19]
[1, 2, 8, 9, 20]
[1, 5, 6, 11, 24]
[1, 3, 7, 9, 21]
[1, 3, 8, 12, 17]
[1, 4, 8, 13, 14]
[3, 4, 6, 8]
[1, 4, 7, 10, 15]
[2, 3, 6, 11]
[3, 4, 5, 10]
[1, 3, 6, 26]
[1, 4, 6, 27]
[1, 2, 10, 12, 14]
[2, 3, 5, 17, 28]
[16, 17, 18, 19, 20, 21, 22, 23, 24, 25, 26, 27, 28]


5
process id 0
stats
5, 15, 7, 100, 1000
20220818-203125
loosing coalitions taken
[1, 2, 7, 10, 25]
[2, 3, 5, 21]
[2, 4, 6, 16, 17]
[1, 3, 7, 13, 18]
[1, 2, 8, 9, 14]
[1, 5, 6, 12, 23]
[1, 3, 9, 10, 12]
[1, 4, 7, 12, 14]
[1, 4, 6, 24, 26]
[3, 4, 5, 18, 20]
[2, 4, 5, 14]
[3, 4, 6, 8]
[2, 3, 6, 14]
[1, 3, 6, 27]
[16, 17, 18, 19, 20, 21, 22, 23, 24, 25, 26, 27, 28]


5
process id 5
stats
5, 15, 7, 100, 1000
20220818-203131
loosing coalitions taken
[1, 3, 7, 10, 20]
[1, 2, 8, 9, 17]
[2, 4, 5, 18, 25]
[2, 3, 6, 15, 25]
[2, 4, 6, 11, 22]
[1, 4, 7, 8, 22]
[1, 4, 6, 24, 28]
[1, 2, 7, 11, 27]
[1, 5, 6, 10, 25]
[1, 2, 10, 12, 13]
[1, 3, 8, 12, 19]
[2, 3, 5, 17, 22]
[3, 4, 5, 15]
[1, 3, 6, 23]
[16, 17, 18, 19, 20, 21, 22, 23, 24, 25, 26, 27, 28]


5
process id 7
stats
5, 15, 7, 100, 1000
20220818-203155
loosing coalitions taken
[2, 4, 5, 20, 24]
[1, 4, 8, 9, 12]
[1, 3, 7, 9, 21]
[2, 3, 6, 14]
[3, 4, 5, 16, 23]
[1, 5, 6, 16, 20]
[1, 3, 8, 11, 17]
[1, 2, 9, 10, 11]
[1, 4, 7, 10, 16]
[1, 4, 6, 23, 25]
[2, 3, 5, 17]
[1, 3, 6, 27]
[1, 2, 7, 8, 24]
[3, 4, 6, 11, 19]
[16, 17, 18, 19, 20, 21, 22, 23, 24, 25, 26, 27, 28]


5
process id 1
stats
5, 15, 7, 100, 1000
20220818-203156
loosing coalitions taken
[3, 4, 5, 15]
[1, 4, 7, 8, 27]
[1, 3, 7, 11, 22]
[1, 3, 8, 10, 17]
[1, 2, 8, 15, 16]
[1, 2, 7, 12, 21]
[2, 4, 6, 11, 23]
[2, 3, 5, 17]
[1, 3, 6, 27]
[2, 4, 5, 13, 25]
[1, 4, 6, 19]
[2, 3, 6, 14]
[1, 2, 9, 10, 11]
[1, 5, 6, 12, 17]
[16, 17, 18, 19, 20, 21, 22, 23, 24, 25, 26, 27, 28]


6
process id 5
stats
5, 15, 7, 100, 1000
20220818-203202
loosing coalitions taken
[1, 2, 7, 10, 27]
[1, 3, 7, 16, 18]
[1, 4, 7, 11, 17]
[2, 4, 6, 9, 25]
[3, 4, 5, 12, 25]
[2, 3, 6, 12, 26]
[1, 5, 6, 13, 19]
[1, 3, 9, 10, 12]
[1, 4, 8, 12, 13]
[1, 2, 8, 11, 21]
[2, 3, 7, 8, 9]
[2, 4, 5, 15, 26]
[2, 3, 5, 17]
[1, 4, 6, 16]
[16, 17, 18, 19, 20, 21, 22, 23, 24, 25, 26, 27, 28]


