Results
Max overall: 15
Min avg pop: 0.644
Min pop: 0.63

5
process id 6
stats
5, 15, 7, 100, 1000
20220818-203225
loosing coalitions taken
[1, 3, 8, 12, 16]
[1, 2, 9, 10, 11]
[1, 4, 8, 13, 14]
[1, 2, 7, 14, 23]
[2, 3, 6, 12]
[2, 4, 5, 20]
[1, 4, 7, 11, 16]
[3, 4, 6, 13, 19]
[2, 4, 6, 11, 14]
[1, 3, 6, 23]
[2, 3, 5, 15]
[3, 4, 5, 12]
[1, 3, 7, 10, 18]
[1, 5, 6, 11, 22]
[16, 17, 18, 19, 20, 21, 22, 23, 24, 25, 26, 27, 28]


6
process id 2
stats
5, 15, 7, 100, 1000
20220818-203252
loosing coalitions taken
[2, 5, 6, 8, 12]
[2, 4, 5, 19]
[1, 3, 9, 10, 12]
[2, 3, 7, 8, 9]
[2, 3, 6, 13]
[1, 2, 7, 16, 18]
[1, 4, 7, 8]
[1, 2, 10, 11, 14]
[1, 5, 6, 11, 22]
[2, 4, 6, 15, 17]
[3, 4, 5, 14, 25]
[1, 3, 7, 11, 19]
[1, 3, 6, 27]
[1, 4, 6, 23]
[16, 17, 18, 19, 20, 21, 22, 23, 24, 25, 26, 27, 28]


6
process id 4
stats
5, 15, 7, 100, 1000
20220818-203259
loosing coalitions taken
[1, 5, 6, 13, 21]
[1, 2, 7, 17, 18]
[1, 2, 8, 12, 21]
[2, 3, 5, 16, 27]
[1, 3, 7, 14, 20]
[2, 4, 5, 20, 23]
[2, 5, 6, 7, 15]
[3, 4, 5, 15, 26]
[3, 4, 6, 11, 18]
[1, 3, 9, 10, 12]
[1, 4, 8, 10, 15]
[1, 2, 9, 11, 13]
[1, 4, 6, 27]
[2, 3, 6, 12]
[16, 17, 18, 19, 20, 21, 22, 23, 24, 25, 26, 27, 28]


6
process id 5
stats
5, 15, 7, 100, 1000
20220818-203311
loosing coalitions taken
[1, 3, 8, 12, 15]
[1, 3, 7, 14, 22]
[1, 5, 6, 16, 20]
[1, 4, 7, 8, 24]
[1, 2, 8, 13, 20]
[2, 3, 6, 10, 28]
[2, 4, 5, 15]
[1, 3, 9, 10, 11]
[1, 2, 9, 12, 14]
[3, 4, 5, 12, 21]
[1, 2, 6, 23]
[2, 3, 5, 14]
[1, 4, 6, 25]
[2, 4, 6, 8]
[16, 17, 18, 19, 20, 21, 22, 23, 24, 25, 26, 27, 28]


5
process id 4
stats
5, 15, 7, 100, 1000
20220818-203333
loosing coalitions taken
[1, 4, 8, 10, 11]
[2, 4, 5, 18]
[2, 3, 6, 14]
[1, 4, 7, 9, 16]
[1, 2, 9, 11, 13]
[1, 5, 6, 12, 22]
[1, 3, 7, 13, 19]
[3, 4, 5, 16, 22]
[1, 3, 6, 24]
[1, 3, 8, 9, 18]
[3, 4, 6, 11, 18]
[1, 2, 7, 14, 17]
[2, 4, 6, 10, 12]
[2, 3, 5, 20]
[16, 17, 18, 19, 20, 21, 22, 23, 24, 25, 26, 27, 28]


6
process id 5
stats
5, 15, 7, 100, 1000
20220818-203339
loosing coalitions taken
[2, 3, 6, 12]
[1, 3, 8, 10, 18]
[1, 2, 7, 17, 19]
[1, 2, 9, 10, 11]
[1, 5, 6, 15, 21]
[1, 3, 7, 11, 14]
[1, 2, 8, 14, 15]
[2, 4, 5, 18]
[2, 3, 5, 16]
[3, 4, 5, 17, 28]
[1, 3, 6, 26]
[1, 4, 6, 27]
[2, 4, 6, 8]
[1, 4, 7, 8]
[16, 17, 18, 19, 20, 21, 22, 23, 24, 25, 26, 27, 28]


6
process id 1
stats
5, 15, 7, 100, 1000
20220818-203349
loosing coalitions taken
[1, 2, 9, 11, 14]
[1, 4, 8, 10, 12]
[1, 5, 6, 11, 24]
[1, 4, 7, 13, 15]
[1, 2, 8, 13, 17]
[2, 3, 6, 12]
[1, 3, 8, 11, 18]
[1, 3, 7, 10, 23]
[1, 4, 6, 26]
[3, 4, 5, 15]
[2, 4, 5, 12]
[2, 3, 5, 25, 28]
[3, 4, 6, 10, 21]
[1, 3, 6, 27]
[16, 17, 18, 19, 20, 21, 22, 23, 24, 25, 26, 27, 28]


6
process id 1
stats
5, 15, 7, 100, 1000
20220818-203417
loosing coalitions taken
[1, 4, 7, 13, 15]
[3, 4, 6, 12, 17]
[2, 3, 7, 8, 10]
[1, 2, 7, 17, 18]
[1, 2, 8, 14, 19]
[1, 3, 7, 12, 19]
[1, 3, 8, 11, 16]
[1, 2, 10, 11, 13]
[2, 4, 6, 9, 20]
[1, 4, 6, 23]
[2, 3, 5, 18, 25]
[3, 4, 5, 9, 28]
[2, 4, 5, 15]
[2, 3, 6, 13, 26]
[16, 17, 18, 19, 20, 21, 22, 23, 24, 25, 26, 27, 28]


6
process id 3
stats
5, 15, 7, 100, 1000
20220818-203421
loosing coalitions taken
[1, 2, 8, 13, 19]
[1, 3, 8, 10, 11]
[2, 3, 5, 17]
[1, 4, 8, 9, 12]
[1, 4, 7, 10, 18]
[1, 2, 9, 11, 14]
[1, 2, 7, 12, 26]
[3, 4, 5, 19, 21]
[1, 4, 6, 23, 25]
[2, 4, 5, 15]
[1, 5, 6, 13, 24]
[2, 4, 6, 16, 17]
[2, 3, 6, 12]
[1, 3, 6, 22, 28]
[16, 17, 18, 19, 20, 21, 22, 23, 24, 25, 26, 27, 28]


6
process id 3
stats
5, 15, 7, 100, 1000
20220818-203432
loosing coalitions taken
[1, 4, 7, 9, 16]
[2, 3, 6, 13, 27]
[2, 5, 6, 8, 12]
[1, 3, 7, 10, 22]
[2, 3, 7, 8, 9]
[1, 4, 6, 25]
[1, 2, 9, 11, 12]
[1, 3, 8, 13, 16]
[1, 2, 8, 10, 17]
[2, 4, 5, 14, 27]
[2, 3, 5, 21]
[3, 4, 6, 10, 21]
[3, 4, 5, 18, 20]
[2, 4, 6, 11, 24]
[16, 17, 18, 19, 20, 21, 22, 23, 24, 25, 26, 27, 28]


5
process id 7
stats
5, 15, 7, 100, 1000
20220818-203451
loosing coalitions taken
[1, 4, 7, 12, 16]
[1, 4, 8, 9, 10]
[1, 3, 8, 11, 16]
[1, 4, 6, 25]
[2, 3, 6, 15, 24]
[1, 2, 8, 12, 18]
[1, 2, 7, 9, 28]
[2, 3, 5, 25]
[3, 4, 5, 10]
[2, 4, 5, 12]
[2, 4, 6, 8]
[1, 2, 6, 26]
[1, 5, 6, 12, 24]
[1, 3, 7, 14, 21]
[16, 17, 18, 19, 20, 21, 22, 23, 24, 25, 26, 27, 28]


6
process id 7
stats
5, 15, 7, 100, 1000
20220818-203501
loosing coalitions taken
[1, 4, 6, 26]
[2, 3, 6, 12]
[1, 2, 8, 10, 20]
[1, 2, 7, 14, 21]
[1, 3, 8, 9, 15]
[1, 3, 7, 11, 23]
[2, 4, 5, 10]
[3, 4, 5, 16]
[2, 3, 5, 11]
[1, 5, 6, 14, 19]
[1, 2, 9, 11, 12]
[1, 4, 7, 10, 17]
[1, 3, 6, 27]
[2, 4, 6, 13, 17]
[16, 17, 18, 19, 20, 21, 22, 23, 24, 25, 26, 27, 28]


6
process id 7
stats
5, 15, 7, 100, 1000
20220818-203530
loosing coalitions taken
[2, 3, 6, 13]
[1, 2, 9, 12, 14]
[1, 5, 6, 11, 25]
[2, 4, 5, 18]
[1, 4, 6, 24]
[1, 4, 7, 10, 16]
[3, 4, 5, 10]
[1, 3, 8, 14, 15]
[3, 4, 6, 9, 18]
[2, 3, 7, 8, 9]
[1, 2, 8, 10, 20]
[2, 3, 5, 17, 27]
[1, 3, 6, 28]
[2, 4, 6, 10, 23]
[16, 17, 18, 19, 20, 21, 22, 23, 24, 25, 26, 27, 28]


5
process id 6
stats
5, 15, 7, 100, 1000
20220818-203537
loosing coalitions taken
[1, 2, 9, 11, 14]
[1, 4, 8, 12, 13]
[2, 4, 5, 17]
[2, 3, 6, 12]
[1, 3, 7, 11, 23]
[1, 5, 6, 16, 20]
[1, 3, 8, 9, 17]
[1, 4, 7, 9, 19]
[2, 4, 6, 9, 23]
[1, 3, 6, 28]
[3, 4, 6, 10, 15]
[2, 3, 5, 13]
[1, 2, 7, 10, 13]
[1, 4, 6, 25, 27]
[16, 17, 18, 19, 20, 21, 22, 23, 24, 25, 26, 27, 28]


6
process id 7
stats
5, 15, 7, 100, 1000
20220818-203540
loosing coalitions taken
[1, 2, 8, 15, 17]
[1, 4, 8, 10, 14]
[1, 2, 7, 12, 21]
[2, 4, 6, 9, 22]
[1, 4, 6, 23, 28]
[1, 5, 6, 8]
[1, 3, 9, 10, 12]
[1, 2, 10, 11, 13]
[1, 3, 7, 16, 17]
[2, 3, 6, 15, 24]
[2, 4, 5, 11, 26]
[2, 3, 5, 22, 28]
[3, 4, 6, 13, 21]
[3, 4, 5, 16, 25]
[16, 17, 18, 19, 20, 21, 22, 23, 24, 25, 26, 27, 28]


5
process id 0
stats
5, 15, 7, 100, 1000
20220818-203606
loosing coalitions taken
[1, 2, 7, 13, 23]
[1, 3, 9, 10, 11]
[2, 3, 5, 22]
[2, 4, 6, 14, 20]
[3, 4, 6, 13, 19]
[1, 3, 8, 14, 16]
[1, 4, 7, 10, 14]
[1, 5, 6, 9, 18]
[3, 4, 5, 12]
[2, 4, 5, 15]
[1, 4, 6, 23, 25]
[1, 3, 7, 12, 20]
[1, 2, 8, 10, 20]
[2, 3, 6, 12]
[16, 17, 18, 19, 20, 21, 22, 23, 24, 25, 26, 27, 28]


