Results
Max overall: 15
Min avg pop: 0.645
Min pop: 0.63

5
process id 0
stats
5, 15, 7, 100, 1000
20220818-203646
loosing coalitions taken
[1, 2, 8, 9, 22]
[1, 3, 8, 11, 18]
[1, 4, 7, 10, 18]
[2, 4, 5, 18, 26]
[2, 4, 6, 10, 20]
[1, 2, 7, 14, 21]
[3, 4, 5, 16]
[1, 3, 7, 15, 20]
[2, 3, 6, 14, 25]
[1, 2, 10, 11, 13]
[1, 4, 6, 24, 28]
[1, 5, 6, 14, 17]
[1, 3, 6, 26]
[2, 3, 7, 8, 10]
[16, 17, 18, 19, 20, 21, 22, 23, 24, 25, 26, 27, 28]


5
process id 6
stats
5, 15, 7, 100, 1000
20220818-203731
loosing coalitions taken
[1, 4, 8, 11, 14]
[1, 5, 6, 16, 20]
[1, 4, 7, 10, 16]
[1, 3, 7, 13, 21]
[3, 4, 6, 8]
[2, 4, 5, 17, 25]
[1, 2, 7, 9, 18]
[1, 2, 10, 11, 12]
[2, 3, 6, 14, 24]
[1, 4, 6, 25]
[2, 3, 5, 21]
[3, 4, 5, 13]
[1, 3, 8, 9, 10]
[1, 2, 6, 26]
[16, 17, 18, 19, 20, 21, 22, 23, 24, 25, 26, 27, 28]


5
process id 0
stats
5, 15, 7, 100, 1000
20220818-203811
loosing coalitions taken
[1, 5, 6, 9, 26]
[2, 3, 5, 24]
[1, 4, 8, 13, 14]
[1, 4, 7, 9, 19]
[2, 4, 6, 12, 22]
[1, 2, 8, 12, 20]
[1, 3, 9, 10, 12]
[1, 2, 10, 11, 13]
[3, 4, 6, 8]
[3, 4, 5, 15]
[1, 4, 6, 27]
[2, 5, 6, 7, 15]
[2, 3, 6, 11, 20]
[1, 3, 7, 8, 26]
[16, 17, 18, 19, 20, 21, 22, 23, 24, 25, 26, 27, 28]


6
process id 3
stats
5, 15, 7, 100, 1000
20220818-203824
loosing coalitions taken
[1, 5, 6, 16, 17]
[2, 4, 5, 17]
[1, 2, 7, 12, 25]
[1, 3, 8, 13, 16]
[1, 3, 7, 14, 18]
[3, 4, 6, 11, 20]
[1, 4, 7, 8]
[1, 2, 9, 11, 14]
[2, 3, 5, 16]
[1, 2, 6, 23]
[2, 3, 6, 13]
[3, 4, 5, 12]
[1, 3, 9, 10, 12]
[1, 4, 6, 28]
[16, 17, 18, 19, 20, 21, 22, 23, 24, 25, 26, 27, 28]


5
process id 7
stats
5, 15, 7, 100, 1000
20220818-203825
loosing coalitions taken
[1, 5, 6, 10, 26]
[2, 4, 5, 20]
[1, 4, 7, 9, 17]
[1, 3, 9, 10, 12]
[1, 3, 7, 11, 21]
[1, 3, 8, 13, 14]
[1, 2, 8, 9, 21]
[1, 4, 6, 21, 28]
[2, 3, 6, 14, 26]
[2, 3, 5, 21]
[1, 2, 7, 10, 20]
[3, 4, 5, 11, 17]
[3, 4, 6, 13, 19]
[2, 4, 6, 8]
[16, 17, 18, 19, 20, 21, 22, 23, 24, 25, 26, 27, 28]


6
process id 5
stats
5, 15, 7, 100, 1000
20220818-203854
loosing coalitions taken
[1, 3, 8, 9, 16]
[1, 5, 6, 13, 21]
[1, 3, 7, 12, 19]
[1, 4, 8, 11, 12]
[3, 4, 6, 9, 19]
[2, 3, 7, 8, 10]
[1, 2, 7, 16, 20]
[2, 3, 6, 11, 23]
[1, 2, 8, 13, 15]
[2, 3, 5, 15]
[3, 4, 5, 12, 25]
[1, 4, 6, 23]
[2, 4, 5, 20]
[2, 4, 6, 14, 22]
[16, 17, 18, 19, 20, 21, 22, 23, 24, 25, 26, 27, 28]


6
process id 2
stats
5, 15, 7, 100, 1000
20220818-203859
loosing coalitions taken
[1, 2, 9, 11, 14]
[1, 3, 9, 10, 12]
[1, 3, 8, 13, 16]
[1, 2, 7, 16, 17]
[2, 4, 5, 20]
[1, 3, 7, 15, 19]
[2, 3, 6, 10]
[1, 4, 7, 8]
[2, 4, 6, 8]
[2, 3, 5, 17, 28]
[1, 2, 8, 10, 21]
[3, 4, 5, 14]
[1, 4, 6, 22]
[3, 4, 6, 15, 16]
[16, 17, 18, 19, 20, 21, 22, 23, 24, 25, 26, 27, 28]


5
process id 1
stats
5, 15, 7, 100, 1000
20220818-203913
loosing coalitions taken
[1, 2, 7, 9, 27]
[1, 2, 8, 13, 17]
[1, 4, 8, 9, 15]
[2, 3, 5, 23]
[2, 4, 6, 13, 20]
[1, 2, 10, 11, 14]
[2, 4, 5, 18]
[1, 3, 7, 8]
[1, 3, 6, 23]
[3, 4, 6, 8]
[2, 3, 6, 10, 21]
[1, 4, 7, 10, 19]
[1, 5, 6, 11, 25]
[3, 4, 5, 20, 21]
[16, 17, 18, 19, 20, 21, 22, 23, 24, 25, 26, 27, 28]


5
process id 4
stats
5, 15, 7, 100, 1000
20220818-203916
loosing coalitions taken
[1, 3, 8, 13, 15]
[1, 3, 7, 10, 22]
[1, 2, 10, 12, 14]
[1, 2, 7, 13, 23]
[2, 4, 5, 16]
[2, 3, 6, 12]
[1, 4, 6, 26]
[3, 4, 5, 15, 17]
[1, 2, 8, 11, 19]
[1, 5, 6, 16, 19]
[2, 4, 6, 8]
[3, 4, 6, 13, 16]
[1, 4, 7, 8, 24]
[2, 3, 5, 10]
[16, 17, 18, 19, 20, 21, 22, 23, 24, 25, 26, 27, 28]


6
process id 0
stats
5, 15, 7, 100, 1000
20220818-203916
loosing coalitions taken
[1, 2, 7, 12, 23]
[2, 4, 5, 20, 28]
[1, 2, 10, 11, 14]
[1, 3, 7, 13, 22]
[1, 2, 8, 13, 17]
[1, 3, 9, 10, 12]
[2, 3, 6, 14]
[3, 4, 5, 11]
[1, 5, 6, 15, 16]
[2, 3, 5, 24]
[1, 4, 7, 9, 17]
[2, 4, 6, 8, 22]
[1, 4, 6, 28]
[3, 4, 6, 12, 17]
[16, 17, 18, 19, 20, 21, 22, 23, 24, 25, 26, 27, 28]


5
process id 1
stats
5, 15, 7, 100, 1000
20220818-203952
loosing coalitions taken
[1, 2, 7, 10, 24]
[1, 2, 8, 9, 22]
[1, 5, 6, 13, 22]
[2, 3, 6, 12]
[1, 3, 7, 13, 18]
[1, 4, 6, 23, 27]
[1, 4, 8, 10, 15]
[1, 3, 8, 11, 14]
[1, 4, 7, 14, 16]
[2, 4, 6, 9, 17]
[2, 3, 5, 18]
[3, 4, 5, 15]
[2, 4, 5, 12, 28]
[1, 3, 6, 25]
[16, 17, 18, 19, 20, 21, 22, 23, 24, 25, 26, 27, 28]


6
process id 2
stats
5, 15, 7, 100, 1000
20220818-203958
loosing coalitions taken
[2, 4, 5, 16, 28]
[2, 3, 5, 24, 26]
[3, 4, 5, 14, 27]
[2, 4, 6, 13, 20]
[3, 4, 6, 10, 21]
[1, 5, 6, 15, 18]
[1, 3, 9, 10, 11]
[2, 3, 6, 11]
[1, 4, 7, 8, 17]
[1, 4, 6, 25]
[1, 3, 8, 12, 19]
[1, 2, 7, 10, 21]
[1, 3, 7, 13, 14]
[1, 2, 8, 14, 16]
[16, 17, 18, 19, 20, 21, 22, 23, 24, 25, 26, 27, 28]


6
process id 7
stats
5, 15, 7, 100, 1000
20220818-204014
loosing coalitions taken
[1, 5, 6, 13, 23]
[1, 4, 7, 8]
[3, 4, 6, 10, 20]
[1, 2, 10, 11, 12]
[2, 4, 6, 11, 18]
[1, 2, 7, 9]
[2, 3, 6, 16, 24]
[1, 4, 6, 16]
[1, 3, 7, 16, 19]
[1, 2, 8, 13, 15]
[2, 4, 5, 12, 24]
[2, 3, 5, 21]
[3, 4, 5, 15]
[1, 3, 8, 12, 14]
[16, 17, 18, 19, 20, 21, 22, 23, 24, 25, 26, 27, 28]


