Results
Max overall: 15
Min avg pop: 0.646
Min pop: 0.63

5
process id 4
stats
5, 15, 7, 100, 1000
20220818-204052
loosing coalitions taken
[1, 2, 8, 11, 18]
[3, 4, 6, 14, 18]
[1, 3, 7, 10, 21]
[2, 3, 6, 10]
[1, 2, 7, 9]
[2, 4, 5, 20]
[1, 4, 6, 26, 27]
[2, 3, 5, 13]
[1, 3, 6, 28]
[3, 4, 5, 11]
[1, 4, 8, 10, 12]
[1, 4, 7, 14, 15]
[1, 5, 6, 12, 19]
[1, 3, 8, 9, 20]
[16, 17, 18, 19, 20, 21, 22, 23, 24, 25, 26, 27, 28]


6
process id 3
stats
5, 15, 7, 100, 1000
20220818-204058
loosing coalitions taken
[1, 4, 7, 8]
[2, 4, 6, 16, 18]
[1, 2, 10, 12, 14]
[2, 3, 5, 22]
[1, 5, 6, 9, 23]
[1, 3, 7, 14, 20]
[3, 4, 5, 11, 17]
[2, 3, 6, 13, 26]
[2, 4, 5, 20]
[1, 2, 8, 15, 17]
[3, 4, 6, 14, 15]
[1, 3, 8, 11, 13]
[1, 2, 7, 11, 27]
[1, 4, 6, 24]
[16, 17, 18, 19, 20, 21, 22, 23, 24, 25, 26, 27, 28]


5
process id 4
stats
5, 15, 7, 100, 1000
20220818-204102
loosing coalitions taken
[1, 5, 6, 10, 26]
[1, 3, 8, 10, 17]
[2, 4, 5, 19]
[2, 3, 6, 13]
[1, 3, 7, 12, 20]
[1, 2, 8, 12, 18]
[1, 2, 7, 10, 28]
[1, 2, 9, 11, 14]
[3, 4, 5, 11]
[2, 3, 5, 18, 23]
[1, 4, 7, 8]
[1, 4, 6, 28]
[2, 4, 6, 8]
[1, 3, 6, 27]
[16, 17, 18, 19, 20, 21, 22, 23, 24, 25, 26, 27, 28]


5
process id 7
stats
5, 15, 7, 100, 1000
20220818-204104
loosing coalitions taken
[1, 3, 9, 10, 12]
[3, 5, 6, 7, 13]
[2, 3, 6, 14]
[2, 4, 5, 15]
[1, 3, 8, 13, 16]
[1, 5, 6, 11, 19]
[3, 4, 5, 14]
[1, 4, 8, 10, 15]
[2, 4, 6, 9, 21]
[2, 3, 5, 25, 27]
[1, 2, 7, 10, 28]
[1, 4, 6, 25]
[3, 4, 6, 8, 24]
[1, 3, 7, 11, 15]
[16, 17, 18, 19, 20, 21, 22, 23, 24, 25, 26, 27, 28]


5
process id 4
stats
5, 15, 7, 100, 1000
20220818-204110
loosing coalitions taken
[1, 2, 7, 14, 24]
[1, 3, 9, 10, 11]
[2, 4, 5, 17, 25]
[1, 4, 7, 11, 16]
[1, 2, 10, 12, 13]
[3, 4, 5, 18, 19]
[1, 3, 7, 15, 19]
[1, 5, 6, 14, 19]
[1, 2, 8, 9, 20]
[3, 4, 6, 8, 22]
[1, 4, 6, 28]
[2, 3, 6, 11, 17]
[2, 3, 5, 20]
[1, 3, 8, 14, 16]
[16, 17, 18, 19, 20, 21, 22, 23, 24, 25, 26, 27, 28]


6
process id 5
stats
5, 15, 7, 100, 1000
20220818-204110
loosing coalitions taken
[1, 2, 7, 16, 19]
[2, 4, 6, 11, 24]
[1, 4, 6, 28]
[1, 3, 8, 10, 19]
[1, 3, 7, 15, 21]
[1, 2, 10, 11, 12]
[1, 2, 8, 9, 17]
[2, 3, 5, 15]
[2, 4, 5, 20]
[3, 4, 5, 12]
[1, 4, 8, 13, 14]
[2, 3, 6, 9]
[1, 5, 6, 10, 24]
[1, 3, 6, 27]
[16, 17, 18, 19, 20, 21, 22, 23, 24, 25, 26, 27, 28]


6
process id 3
stats
5, 15, 7, 100, 1000
20220818-204121
loosing coalitions taken
[1, 4, 6, 27]
[1, 3, 8, 10, 17]
[2, 4, 5, 9]
[1, 2, 8, 13, 19]
[3, 4, 5, 14, 22]
[1, 3, 6, 23, 24]
[3, 4, 6, 13, 20]
[1, 3, 7, 11, 21]
[1, 2, 9, 10, 12]
[2, 3, 5, 24, 28]
[2, 3, 6, 11]
[1, 5, 6, 10, 19]
[1, 4, 7, 12, 16]
[1, 2, 7, 14, 17]
[16, 17, 18, 19, 20, 21, 22, 23, 24, 25, 26, 27, 28]


6
process id 3
stats
5, 15, 7, 100, 1000
20220818-204210
loosing coalitions taken
[2, 4, 5, 20]
[1, 4, 7, 9, 16]
[2, 3, 6, 14, 26]
[1, 3, 7, 14, 20]
[1, 2, 8, 10, 16]
[1, 3, 9, 10, 12]
[1, 2, 7, 15, 21]
[3, 4, 6, 13, 19]
[1, 3, 8, 11, 18]
[1, 5, 6, 10, 25]
[1, 4, 6, 22, 27]
[2, 4, 6, 8]
[2, 3, 5, 21]
[3, 4, 5, 9]
[16, 17, 18, 19, 20, 21, 22, 23, 24, 25, 26, 27, 28]


5
process id 7
stats
5, 15, 7, 100, 1000
20220818-204224
loosing coalitions taken
[1, 3, 8, 11, 15]
[2, 3, 5, 25]
[1, 3, 7, 9, 24]
[2, 4, 6, 8, 27]
[1, 2, 8, 12, 19]
[1, 2, 9, 11, 13]
[1, 5, 6, 15, 19]
[1, 4, 7, 11, 14]
[1, 2, 7, 10, 26]
[1, 4, 8, 10, 13]
[3, 4, 5, 11]
[1, 4, 6, 28]
[1, 3, 6, 23]
[2, 4, 5, 15]
[16, 17, 18, 19, 20, 21, 22, 23, 24, 25, 26, 27, 28]


5
process id 1
stats
5, 15, 7, 100, 1000
20220818-204225
loosing coalitions taken
[1, 4, 7, 10, 19]
[2, 4, 6, 9, 23]
[1, 2, 7, 16, 17]
[1, 2, 9, 11, 12]
[3, 4, 5, 16]
[2, 3, 6, 11, 28]
[1, 3, 7, 13, 20]
[1, 5, 6, 15, 17]
[2, 3, 5, 14]
[1, 2, 8, 14, 20]
[2, 4, 5, 11]
[3, 4, 6, 14, 18]
[1, 3, 6, 23]
[1, 3, 8, 12, 15]
[16, 17, 18, 19, 20, 21, 22, 23, 24, 25, 26, 27, 28]


6
process id 5
stats
5, 15, 7, 100, 1000
20220818-204248
loosing coalitions taken
[1, 4, 7, 13, 16]
[3, 4, 5, 17, 28]
[1, 5, 6, 11, 21]
[1, 2, 8, 13, 18]
[1, 3, 7, 10, 18]
[2, 4, 5, 19, 24]
[1, 4, 6, 24]
[1, 2, 7, 15, 17]
[2, 3, 6, 11]
[1, 4, 8, 11, 12]
[2, 3, 5, 16]
[1, 3, 8, 9, 19]
[3, 4, 6, 13, 18]
[1, 3, 6, 27]
[16, 17, 18, 19, 20, 21, 22, 23, 24, 25, 26, 27, 28]


5
process id 4
stats
5, 15, 7, 100, 1000
20220818-204303
loosing coalitions taken
[1, 3, 8, 12, 18]
[2, 3, 6, 17, 21]
[1, 4, 8, 9, 15]
[1, 2, 9, 12, 14]
[3, 4, 5, 16, 22]
[2, 3, 5, 23]
[1, 4, 7, 11, 14]
[2, 4, 6, 15, 19]
[1, 5, 6, 14, 18]
[3, 4, 6, 8]
[1, 3, 9, 10, 11]
[1, 2, 7, 8, 28]
[1, 3, 7, 15, 20]
[1, 2, 6, 24]
[16, 17, 18, 19, 20, 21, 22, 23, 24, 25, 26, 27, 28]


5
process id 2
stats
5, 15, 7, 100, 1000
20220818-204320
loosing coalitions taken
[1, 2, 7, 10, 24]
[1, 3, 8, 13, 16]
[1, 3, 7, 14, 19]
[1, 4, 7, 11, 15]
[1, 2, 9, 12, 13]
[3, 4, 5, 16]
[1, 4, 6, 25]
[1, 5, 6, 10, 23]
[2, 4, 5, 13, 20]
[1, 3, 6, 24, 27]
[2, 4, 6, 8, 28]
[2, 3, 5, 21, 22]
[1, 2, 8, 11, 19]
[2, 3, 6, 10]
[16, 17, 18, 19, 20, 21, 22, 23, 24, 25, 26, 27, 28]


5
process id 7
stats
5, 15, 7, 100, 1000
20220818-204338
loosing coalitions taken
[1, 3, 9, 10, 12]
[1, 4, 7, 9, 16]
[1, 2, 8, 12, 21]
[3, 4, 6, 12, 17]
[1, 4, 6, 27]
[1, 2, 7, 10, 25]
[1, 3, 7, 14, 19]
[3, 4, 5, 14]
[2, 3, 6, 15, 26]
[2, 4, 5, 15]
[2, 4, 6, 11, 23]
[1, 4, 8, 11, 13]
[2, 3, 5, 19, 21]
[1, 3, 6, 25]
[16, 17, 18, 19, 20, 21, 22, 23, 24, 25, 26, 27, 28]


5
process id 1
stats
5, 15, 7, 100, 1000
20220818-204344
loosing coalitions taken
[2, 4, 6, 9, 24]
[1, 2, 7, 16, 20]
[1, 2, 10, 11, 12]
[1, 5, 6, 10, 22]
[1, 4, 8, 12, 13]
[2, 3, 6, 11]
[2, 4, 5, 18]
[1, 3, 7, 14, 15]
[1, 3, 8, 10, 16]
[3, 4, 5, 14]
[1, 2, 8, 9, 14]
[2, 3, 5, 23]
[3, 4, 6, 7]
[1, 3, 6, 23, 28]
[16, 17, 18, 19, 20, 21, 22, 23, 24, 25, 26, 27, 28]


5
process id 7
stats
5, 15, 7, 100, 1000
20220818-204348
loosing coalitions taken
[2, 4, 6, 13, 22]
[1, 2, 7, 12, 19]
[2, 3, 6, 14, 28]
[2, 3, 5, 22]
[1, 4, 6, 26]
[1, 3, 9, 10, 12]
[1, 2, 8, 15, 17]
[3, 4, 5, 16, 21]
[1, 3, 8, 11, 16]
[1, 5, 6, 14, 20]
[2, 4, 5, 17]
[1, 4, 7, 10, 18]
[3, 4, 6, 11, 18]
[1, 3, 6, 27]
[16, 17, 18, 19, 20, 21, 22, 23, 24, 25, 26, 27, 28]


6
process id 6
stats
5, 15, 7, 100, 1000
20220818-204403
loosing coalitions taken
[1, 3, 8, 10, 17]
[1, 4, 7, 11, 15]
[2, 3, 6, 19, 20]
[3, 4, 6, 14, 17]
[1, 2, 9, 11, 14]
[1, 4, 8, 13, 14]
[2, 4, 5, 19, 28]
[2, 3, 5, 24, 25]
[3, 4, 5, 15]
[1, 2, 10, 12, 13]
[1, 3, 7, 13, 22]
[1, 5, 6, 16, 17]
[1, 4, 6, 28]
[1, 2, 7, 8, 27]
[16, 17, 18, 19, 20, 21, 22, 23, 24, 25, 26, 27, 28]


5
process id 4
stats
5, 15, 7, 100, 1000
20220818-204405
loosing coalitions taken
[2, 3, 7, 8, 10]
[1, 4, 7, 10, 16]
[1, 5, 6, 9, 21]
[1, 2, 10, 12, 14]
[3, 4, 6, 14, 18]
[3, 4, 5, 16]
[1, 3, 8, 9, 19]
[1, 3, 7, 12, 18]
[1, 2, 7, 9, 23]
[2, 3, 5, 24]
[2, 4, 6, 15, 19]
[2, 4, 5, 20]
[2, 3, 6, 13]
[1, 4, 6, 25]
[16, 17, 18, 19, 20, 21, 22, 23, 24, 25, 26, 27, 28]


6
process id 0
stats
5, 15, 7, 100, 1000
20220818-204407
loosing coalitions taken
[3, 4, 6, 13, 19]
[1, 4, 7, 13, 16]
[3, 4, 5, 21, 22]
[2, 4, 5, 19, 27]
[1, 4, 8, 11, 12]
[1, 2, 8, 13, 19]
[1, 5, 6, 9, 21]
[1, 2, 7, 12, 23]
[1, 3, 7, 14, 22]
[2, 3, 5, 17]
[1, 3, 8, 9, 18]
[1, 4, 6, 23]
[2, 3, 6, 10]
[1, 2, 6, 28]
[16, 17, 18, 19, 20, 21, 22, 23, 24, 25, 26, 27, 28]


5
process id 2
stats
5, 15, 7, 100, 1000
20220818-204411
loosing coalitions taken
[1, 5, 6, 12, 19]
[3, 4, 6, 10, 20]
[1, 4, 7, 13, 15]
[1, 4, 8, 11, 14]
[2, 4, 6, 9, 23]
[1, 4, 6, 26]
[1, 2, 8, 13, 16]
[1, 3, 7, 14, 22]
[2, 4, 5, 16, 27]
[3, 4, 5, 9]
[1, 3, 8, 10, 18]
[1, 2, 7, 10, 20]
[2, 3, 6, 13, 25]
[1, 2, 9, 12, 14]
[16, 17, 18, 19, 20, 21, 22, 23, 24, 25, 26, 27, 28]


5
process id 6
stats
5, 15, 7, 100, 1000
20220818-204430
loosing coalitions taken
[1, 2, 8, 11, 19]
[2, 3, 6, 15, 23]
[3, 4, 6, 13, 19]
[1, 4, 7, 8, 25]
[1, 3, 7, 11, 22]
[2, 3, 5, 24]
[1, 3, 8, 13, 14]
[2, 4, 5, 9]
[1, 4, 6, 26]
[1, 5, 6, 12, 23]
[1, 3, 6, 28]
[1, 2, 7, 9]
[3, 4, 5, 15, 20]
[1, 2, 10, 12, 13]
[16, 17, 18, 19, 20, 21, 22, 23, 24, 25, 26, 27, 28]


6
process id 4
stats
5, 15, 7, 100, 1000
20220818-204435
loosing coalitions taken
[1, 4, 7, 11, 15]
[2, 4, 5, 18, 27]
[1, 3, 7, 10, 20]
[3, 4, 6, 10, 16]
[1, 3, 8, 9, 19]
[2, 3, 6, 13, 28]
[2, 4, 6, 15, 21]
[1, 5, 6, 10, 22]
[1, 4, 6, 23]
[3, 4, 5, 9, 25]
[1, 2, 9, 12, 13]
[1, 2, 8, 14, 20]
[2, 3, 5, 21]
[1, 2, 7, 17, 19]
[16, 17, 18, 19, 20, 21, 22, 23, 24, 25, 26, 27, 28]


