Results
Max overall: 15
Min avg pop: 0.648
Min pop: 0.63

5
process id 6
stats
5, 15, 7, 100, 1000
20220818-204934
loosing coalitions taken
[1, 3, 8, 11, 17]
[1, 2, 10, 12, 14]
[3, 4, 6, 9, 21]
[3, 4, 5, 16]
[2, 3, 7, 8, 10]
[2, 3, 6, 12]
[1, 2, 8, 9, 20]
[1, 2, 7, 13, 25]
[1, 3, 7, 14, 20]
[1, 3, 6, 22]
[1, 4, 6, 26]
[1, 5, 6, 11, 18]
[2, 4, 5, 9]
[2, 3, 5, 18]
[16, 17, 18, 19, 20, 21, 22, 23, 24, 25, 26, 27, 28]


6
process id 5
stats
5, 15, 7, 100, 1000
20220818-204940
loosing coalitions taken
[1, 2, 7, 14, 22]
[1, 5, 6, 12, 20]
[1, 3, 8, 12, 15]
[1, 2, 10, 12, 13]
[1, 4, 6, 28]
[1, 3, 9, 10, 11]
[2, 4, 5, 19]
[2, 3, 5, 17]
[3, 4, 5, 11, 23]
[1, 2, 8, 11, 21]
[2, 4, 6, 16, 18]
[3, 4, 6, 9, 20]
[1, 4, 7, 8, 26]
[2, 3, 6, 15, 24]
[16, 17, 18, 19, 20, 21, 22, 23, 24, 25, 26, 27, 28]


6
process id 3
stats
5, 15, 7, 100, 1000
20220818-205000
loosing coalitions taken
[1, 2, 7, 14, 22]
[1, 2, 8, 9, 20]
[2, 5, 6, 7, 16]
[1, 3, 8, 11, 18]
[1, 2, 10, 11, 12]
[3, 4, 5, 10]
[2, 3, 6, 11]
[1, 3, 7, 13, 17]
[1, 4, 6, 24, 26]
[2, 4, 5, 9, 26]
[2, 3, 5, 23, 28]
[1, 5, 6, 10, 21]
[3, 4, 6, 15, 16]
[1, 3, 6, 28]
[16, 17, 18, 19, 20, 21, 22, 23, 24, 25, 26, 27, 28]


5
process id 3
stats
5, 15, 7, 100, 1000
20220818-205054
loosing coalitions taken
[2, 3, 5, 23]
[1, 3, 7, 12, 22]
[1, 4, 8, 10, 15]
[1, 2, 7, 10, 25]
[1, 2, 9, 11, 12]
[1, 4, 7, 9, 17]
[1, 3, 8, 13, 16]
[3, 4, 6, 9, 21]
[2, 4, 6, 11, 23]
[1, 3, 6, 25]
[2, 4, 5, 19, 20]
[3, 4, 5, 15]
[1, 2, 8, 14, 19]
[2, 3, 6, 12, 18]
[16, 17, 18, 19, 20, 21, 22, 23, 24, 25, 26, 27, 28]


6
process id 1
stats
5, 15, 7, 100, 1000
20220818-205114
loosing coalitions taken
[2, 3, 5, 25]
[3, 4, 6, 12, 21]
[2, 4, 6, 16, 17]
[1, 3, 8, 11, 16]
[1, 2, 7, 17, 19]
[1, 2, 8, 14, 20]
[1, 2, 9, 11, 12]
[1, 3, 6, 26]
[3, 4, 5, 10]
[2, 3, 6, 13]
[1, 4, 6, 28]
[2, 4, 5, 14, 28]
[1, 4, 7, 14, 16]
[1, 5, 6, 8]
[16, 17, 18, 19, 20, 21, 22, 23, 24, 25, 26, 27, 28]


5
process id 0
stats
5, 15, 7, 100, 1000
20220818-205125
loosing coalitions taken
[2, 4, 5, 18]
[1, 2, 9, 10, 11]
[1, 2, 7, 16, 17]
[2, 3, 6, 11]
[1, 2, 8, 14, 19]
[1, 3, 7, 15, 20]
[1, 5, 6, 9, 23]
[2, 3, 5, 24]
[3, 4, 5, 11]
[1, 3, 8, 13, 16]
[1, 4, 6, 25]
[2, 4, 6, 15, 20]
[1, 3, 6, 22]
[1, 4, 7, 9, 14]
[16, 17, 18, 19, 20, 21, 22, 23, 24, 25, 26, 27, 28]


6
process id 0
stats
5, 15, 7, 100, 1000
20220818-205127
loosing coalitions taken
[1, 3, 8, 15, 16]
[1, 4, 7, 10, 19]
[1, 2, 7, 12, 26]
[2, 4, 5, 20]
[1, 2, 9, 10, 14]
[2, 3, 6, 13]
[1, 4, 6, 27]
[2, 3, 5, 15]
[3, 4, 6, 11, 17]
[3, 4, 5, 9]
[1, 5, 6, 13, 23]
[1, 3, 7, 11, 22]
[1, 2, 6, 25]
[1, 4, 8, 11, 14]
[16, 17, 18, 19, 20, 21, 22, 23, 24, 25, 26, 27, 28]


6
process id 2
stats
5, 15, 7, 100, 1000
20220818-205140
loosing coalitions taken
[1, 3, 9, 10, 12]
[1, 2, 10, 11, 13]
[1, 4, 8, 11, 12]
[1, 2, 8, 9, 18]
[1, 3, 7, 14, 18]
[2, 4, 5, 20, 27]
[1, 2, 7, 12, 26]
[3, 4, 5, 15]
[2, 4, 6, 10, 17]
[2, 3, 6, 11, 19]
[2, 3, 5, 22]
[1, 4, 6, 24, 26]
[3, 4, 6, 13, 16]
[1, 5, 6, 9, 22]
[16, 17, 18, 19, 20, 21, 22, 23, 24, 25, 26, 27, 28]


6
process id 3
stats
5, 15, 7, 100, 1000
20220818-205247
loosing coalitions taken
[3, 4, 6, 15, 17]
[2, 3, 5, 24, 28]
[1, 5, 6, 11, 25]
[1, 2, 9, 10, 14]
[1, 4, 7, 14, 16]
[1, 4, 8, 10, 11]
[1, 2, 8, 13, 19]
[1, 3, 8, 15, 16]
[1, 3, 7, 10, 23]
[1, 4, 6, 27]
[2, 3, 6, 9]
[2, 4, 5, 18, 20]
[1, 2, 7, 11, 17]
[3, 4, 5, 12]
[16, 17, 18, 19, 20, 21, 22, 23, 24, 25, 26, 27, 28]


