Results
Max overall: 15
Min avg pop: 0.649
Min pop: 0.63

6
process id 5
stats
5, 15, 7, 100, 1000
20220818-205334
loosing coalitions taken
[2, 4, 5, 20]
[1, 2, 7, 9, 24]
[1, 2, 10, 11, 14]
[2, 3, 6, 12]
[1, 3, 8, 10, 15]
[1, 3, 7, 11, 20]
[1, 2, 8, 13, 16]
[2, 3, 5, 23]
[1, 5, 6, 12, 22]
[3, 4, 5, 9, 26]
[1, 4, 6, 21]
[3, 4, 6, 8]
[2, 4, 6, 14, 16]
[1, 4, 7, 8]
[16, 17, 18, 19, 20, 21, 22, 23, 24, 25, 26, 27, 28]


5
process id 4
stats
5, 15, 7, 100, 1000
20220818-205410
loosing coalitions taken
[2, 4, 6, 16, 19]
[1, 2, 7, 10, 26]
[1, 2, 8, 13, 16]
[1, 2, 9, 11, 12]
[1, 3, 7, 15, 21]
[2, 3, 5, 23, 26]
[2, 3, 6, 17, 21]
[1, 4, 7, 9, 13]
[2, 4, 5, 14]
[1, 4, 8, 10, 12]
[3, 4, 6, 11, 20]
[1, 3, 8, 9, 19]
[1, 5, 6, 15, 17]
[1, 4, 6, 22]
[16, 17, 18, 19, 20, 21, 22, 23, 24, 25, 26, 27, 28]


6
process id 2
stats
5, 15, 7, 100, 1000
20220818-205420
loosing coalitions taken
[2, 4, 6, 14, 22]
[2, 3, 6, 13]
[1, 3, 9, 10, 11]
[1, 2, 7, 10, 28]
[1, 2, 9, 12, 14]
[1, 5, 6, 11, 22]
[3, 4, 5, 12]
[1, 3, 8, 14, 15]
[1, 2, 8, 11, 20]
[2, 3, 5, 18]
[1, 3, 6, 25]
[1, 4, 6, 23, 27]
[2, 4, 5, 17]
[1, 4, 7, 9, 15]
[16, 17, 18, 19, 20, 21, 22, 23, 24, 25, 26, 27, 28]


6
process id 7
stats
5, 15, 7, 100, 1000
20220818-205426
loosing coalitions taken
[1, 4, 8, 11, 14]
[1, 5, 6, 16, 19]
[1, 2, 8, 13, 20]
[1, 3, 8, 9, 19]
[2, 4, 5, 21, 22]
[1, 2, 7, 10, 17]
[2, 4, 6, 13, 17]
[1, 4, 7, 9, 12]
[2, 3, 5, 24, 28]
[2, 3, 6, 15, 26]
[3, 4, 5, 14, 26]
[1, 4, 6, 22]
[1, 3, 7, 15, 16]
[1, 2, 6, 27]
[16, 17, 18, 19, 20, 21, 22, 23, 24, 25, 26, 27, 28]


5
process id 1
stats
5, 15, 7, 100, 1000
20220818-205427
loosing coalitions taken
[2, 4, 6, 15, 20]
[3, 4, 6, 13, 19]
[2, 3, 5, 21]
[1, 3, 7, 14, 22]
[1, 2, 7, 13, 19]
[1, 3, 8, 10, 16]
[1, 4, 7, 8]
[1, 3, 6, 26]
[1, 4, 6, 27]
[3, 4, 5, 10, 23]
[1, 5, 6, 9, 21]
[2, 3, 6, 12, 22]
[2, 4, 5, 17]
[1, 2, 8, 9, 15]
[16, 17, 18, 19, 20, 21, 22, 23, 24, 25, 26, 27, 28]


5
process id 2
stats
5, 15, 7, 100, 1000
20220818-205504
loosing coalitions taken
[1, 5, 6, 11, 25]
[1, 2, 7, 16, 21]
[1, 4, 8, 13, 14]
[2, 3, 5, 16]
[1, 2, 8, 12, 15]
[1, 3, 7, 14, 22]
[2, 4, 6, 14, 22]
[1, 4, 7, 9, 19]
[3, 4, 6, 7]
[3, 4, 5, 15]
[2, 4, 5, 12]
[2, 3, 6, 9]
[1, 3, 6, 28]
[1, 4, 6, 24]
[16, 17, 18, 19, 20, 21, 22, 23, 24, 25, 26, 27, 28]


6
process id 7
stats
5, 15, 7, 100, 1000
20220818-205520
loosing coalitions taken
[1, 4, 7, 10, 16]
[1, 4, 8, 9, 11]
[2, 4, 5, 15]
[1, 2, 10, 11, 13]
[1, 3, 8, 10, 18]
[1, 2, 8, 14, 16]
[3, 4, 6, 12, 21]
[1, 4, 6, 25]
[2, 3, 6, 14]
[1, 2, 7, 9, 23]
[2, 3, 5, 17]
[1, 5, 6, 13, 23]
[1, 3, 7, 15, 17]
[3, 4, 5, 13]
[16, 17, 18, 19, 20, 21, 22, 23, 24, 25, 26, 27, 28]


6
process id 4
stats
5, 15, 7, 100, 1000
20220818-205544
loosing coalitions taken
[1, 5, 6, 10, 24]
[2, 3, 6, 11, 28]
[1, 2, 8, 13, 17]
[1, 4, 7, 11, 13]
[2, 3, 7, 8, 9]
[1, 4, 8, 9, 15]
[1, 3, 7, 16, 19]
[1, 3, 8, 10, 14]
[1, 2, 7, 12, 25]
[3, 4, 6, 12, 19]
[2, 4, 5, 20, 28]
[3, 4, 5, 18, 25]
[2, 3, 5, 14]
[1, 3, 6, 27]
[16, 17, 18, 19, 20, 21, 22, 23, 24, 25, 26, 27, 28]


6
process id 6
stats
5, 15, 7, 100, 1000
20220818-205554
loosing coalitions taken
[1, 5, 6, 9, 26]
[1, 4, 6, 27]
[1, 2, 8, 14, 17]
[1, 2, 10, 11, 12]
[1, 2, 7, 15, 20]
[1, 3, 7, 11, 22]
[1, 3, 8, 10, 18]
[2, 3, 6, 17, 19]
[3, 4, 5, 12]
[2, 3, 5, 18]
[3, 4, 6, 15, 16]
[2, 4, 6, 12, 21]
[2, 4, 5, 20]
[1, 4, 7, 8]
[16, 17, 18, 19, 20, 21, 22, 23, 24, 25, 26, 27, 28]


5
process id 4
stats
5, 15, 7, 100, 1000
20220818-205601
loosing coalitions taken
[3, 4, 6, 11, 19]
[2, 4, 6, 10, 23]
[2, 3, 5, 22]
[1, 2, 7, 16, 18]
[1, 2, 8, 14, 17]
[1, 5, 6, 10, 24]
[1, 3, 7, 14, 19]
[1, 3, 8, 11, 15]
[2, 4, 5, 9]
[3, 4, 5, 10]
[2, 3, 6, 13]
[1, 4, 6, 25]
[1, 3, 6, 27]
[1, 4, 7, 8]
[16, 17, 18, 19, 20, 21, 22, 23, 24, 25, 26, 27, 28]


5
process id 2
stats
5, 15, 7, 100, 1000
20220818-205603
loosing coalitions taken
[1, 2, 8, 11, 18]
[3, 4, 5, 18, 25]
[1, 2, 9, 10, 14]
[2, 3, 6, 12, 24]
[1, 3, 8, 10, 17]
[2, 3, 7, 8, 9]
[2, 4, 5, 14, 28]
[1, 3, 7, 13, 16]
[1, 5, 6, 10, 22]
[2, 3, 5, 23]
[1, 4, 8, 12, 13]
[3, 4, 6, 11, 17]
[1, 4, 6, 21, 26]
[1, 4, 7, 14, 15]
[16, 17, 18, 19, 20, 21, 22, 23, 24, 25, 26, 27, 28]


5
process id 0
stats
5, 15, 7, 100, 1000
20220818-205605
loosing coalitions taken
[1, 2, 10, 11, 14]
[2, 3, 6, 12, 21]
[3, 4, 6, 9, 15]
[1, 5, 6, 9, 22]
[1, 2, 7, 12, 24]
[2, 4, 5, 15]
[1, 4, 7, 8, 23]
[1, 3, 8, 10, 12]
[1, 3, 7, 14, 21]
[1, 2, 8, 13, 17]
[2, 3, 5, 11, 28]
[3, 4, 5, 18, 19]
[2, 4, 6, 8]
[1, 4, 6, 28]
[16, 17, 18, 19, 20, 21, 22, 23, 24, 25, 26, 27, 28]


5
process id 5
stats
5, 15, 7, 100, 1000
20220818-205613
loosing coalitions taken
[1, 3, 8, 12, 18]
[1, 5, 6, 9, 26]
[1, 2, 8, 11, 16]
[1, 2, 7, 9, 24]
[1, 4, 6, 28]
[3, 4, 5, 16, 23]
[2, 4, 5, 20]
[1, 2, 10, 12, 13]
[2, 4, 6, 10, 15]
[3, 4, 6, 9, 12]
[1, 4, 7, 8]
[2, 3, 5, 24]
[2, 3, 6, 8]
[1, 3, 7, 11, 19]
[16, 17, 18, 19, 20, 21, 22, 23, 24, 25, 26, 27, 28]


6
process id 6
stats
5, 15, 7, 100, 1000
20220818-205626
loosing coalitions taken
[1, 5, 6, 12, 24]
[1, 2, 7, 11, 22]
[1, 3, 7, 14, 17]
[2, 3, 6, 13]
[1, 2, 8, 9, 17]
[1, 4, 8, 11, 14]
[3, 4, 5, 16]
[1, 3, 8, 12, 18]
[1, 4, 6, 27]
[2, 4, 5, 17]
[2, 3, 5, 23, 28]
[1, 4, 7, 9, 10]
[1, 3, 6, 28]
[2, 4, 6, 10, 20]
[16, 17, 18, 19, 20, 21, 22, 23, 24, 25, 26, 27, 28]


5
process id 2
stats
5, 15, 7, 100, 1000
20220818-205631
loosing coalitions taken
[1, 5, 6, 16, 20]
[1, 2, 9, 10, 14]
[1, 3, 7, 13, 22]
[1, 4, 7, 10, 17]
[1, 4, 8, 9, 15]
[3, 4, 6, 12, 18]
[2, 3, 6, 9]
[1, 3, 8, 12, 19]
[3, 4, 5, 21, 22]
[2, 4, 5, 18]
[1, 2, 7, 8]
[1, 2, 6, 25]
[2, 3, 5, 25]
[2, 4, 6, 7, 28]
[16, 17, 18, 19, 20, 21, 22, 23, 24, 25, 26, 27, 28]


5
process id 7
stats
5, 15, 7, 100, 1000
20220818-205640
loosing coalitions taken
[1, 2, 7, 15, 19]
[2, 3, 5, 22]
[1, 2, 8, 13, 20]
[1, 3, 7, 11, 23]
[1, 4, 7, 9, 16]
[3, 4, 6, 12, 20]
[1, 5, 6, 14, 21]
[2, 4, 6, 9, 17]
[1, 2, 10, 11, 14]
[1, 4, 8, 10, 12]
[1, 3, 6, 25]
[2, 4, 5, 13]
[2, 3, 6, 8]
[3, 4, 5, 15]
[16, 17, 18, 19, 20, 21, 22, 23, 24, 25, 26, 27, 28]


5
process id 4
stats
5, 15, 7, 100, 1000
20220818-205649
loosing coalitions taken
[1, 3, 7, 10, 20]
[1, 5, 6, 11, 23]
[1, 2, 9, 10, 13]
[2, 4, 6, 10, 18]
[1, 4, 6, 24, 27]
[2, 3, 5, 22]
[1, 4, 7, 13, 15]
[1, 3, 8, 12, 13]
[1, 4, 8, 10, 14]
[3, 4, 5, 19, 24]
[2, 4, 5, 14, 23]
[1, 2, 7, 8, 27]
[3, 4, 6, 9, 11]
[2, 3, 6, 12]
[16, 17, 18, 19, 20, 21, 22, 23, 24, 25, 26, 27, 28]


