Results
Max overall: 15
Min avg pop: 0.632
Min pop: 0.63

6
process id 5
stats
5, 15, 7, 100, 1000
20220818-194315
loosing coalitions taken
[1, 2, 8, 10, 20]
[3, 4, 6, 10, 18]
[2, 4, 6, 14, 20]
[1, 5, 6, 16, 17]
[1, 4, 7, 8, 22]
[1, 2, 7, 16, 18]
[1, 3, 8, 11, 18]
[2, 3, 5, 20]
[1, 2, 9, 12, 14]
[2, 3, 6, 13]
[2, 4, 5, 12]
[3, 4, 5, 11]
[1, 3, 7, 15, 19]
[1, 3, 6, 28]
[16, 17, 18, 19, 20, 21, 22, 23, 24, 25, 26, 27, 28]


6
process id 6
stats
5, 15, 7, 100, 1000
20220818-194316
loosing coalitions taken
[2, 4, 5, 22, 23]
[2, 4, 6, 10, 21]
[1, 2, 9, 10, 12]
[2, 3, 7, 8, 9]
[1, 4, 7, 14, 15]
[1, 2, 8, 15, 16]
[1, 4, 8, 9, 13]
[1, 2, 7, 11, 17]
[3, 4, 5, 11]
[1, 5, 6, 13, 24]
[1, 4, 6, 28]
[1, 3, 8, 12, 19]
[1, 3, 7, 13, 20]
[2, 3, 6, 15, 26]
[16, 17, 18, 19, 20, 21, 22, 23, 24, 25, 26, 27, 28]


6
process id 0
stats
5, 15, 7, 100, 1000
20220818-194411
loosing coalitions taken
[1, 4, 7, 12, 16]
[3, 4, 6, 10, 21]
[2, 3, 6, 16, 18]
[2, 4, 5, 20]
[1, 3, 7, 9, 18]
[1, 5, 6, 9, 22]
[2, 3, 7, 8, 10]
[1, 4, 8, 11, 13]
[1, 2, 10, 12, 13]
[1, 3, 6, 24]
[3, 4, 5, 15]
[1, 2, 7, 15, 20]
[2, 4, 6, 8]
[2, 3, 5, 25]
[16, 17, 18, 19, 20, 21, 22, 23, 24, 25, 26, 27, 28]


6
process id 7
stats
5, 15, 7, 100, 1000
20220818-194428
loosing coalitions taken
[1, 2, 9, 10, 14]
[1, 2, 7, 13, 24]
[1, 2, 8, 12, 17]
[1, 4, 8, 9, 15]
[1, 3, 7, 15, 21]
[2, 3, 5, 26, 27]
[2, 4, 5, 19, 24]
[3, 4, 6, 14, 16]
[1, 3, 8, 13, 16]
[2, 3, 7, 8, 10]
[1, 4, 6, 21, 28]
[3, 4, 5, 15]
[2, 3, 6, 11, 28]
[2, 4, 6, 7]
[16, 17, 18, 19, 20, 21, 22, 23, 24, 25, 26, 27, 28]


6
process id 1
stats
5, 15, 7, 100, 1000
20220818-194430
loosing coalitions taken
[1, 3, 8, 13, 15]
[1, 2, 7, 13, 23]
[3, 4, 6, 9, 18]
[1, 4, 8, 10, 12]
[1, 3, 7, 11, 17]
[1, 5, 6, 12, 23]
[2, 4, 6, 13, 16]
[3, 4, 5, 19, 22]
[2, 4, 5, 15]
[2, 3, 7, 8, 10]
[1, 4, 7, 14, 16]
[1, 2, 8, 11, 20]
[1, 4, 6, 19]
[2, 3, 6, 11]
[16, 17, 18, 19, 20, 21, 22, 23, 24, 25, 26, 27, 28]


6
process id 4
stats
5, 15, 7, 100, 1000
20220818-194440
loosing coalitions taken
[1, 2, 9, 12, 13]
[2, 3, 6, 14]
[1, 3, 8, 11, 16]
[1, 3, 7, 15, 20]
[1, 2, 7, 10, 21]
[2, 4, 5, 18, 28]
[3, 4, 5, 15]
[2, 3, 5, 22]
[1, 5, 6, 14, 16]
[1, 4, 6, 23]
[3, 4, 6, 12, 21]
[2, 4, 6, 16, 17]
[1, 4, 8, 10, 15]
[1, 3, 6, 26]
[16, 17, 18, 19, 20, 21, 22, 23, 24, 25, 26, 27, 28]


5
process id 4
stats
5, 15, 7, 100, 1000
20220818-194447
loosing coalitions taken
[3, 4, 6, 14, 20]
[2, 4, 6, 9, 19]
[1, 5, 6, 9, 26]
[3, 4, 5, 13, 26]
[3, 5, 6, 7, 12]
[2, 3, 5, 22, 28]
[2, 4, 5, 12]
[2, 3, 6, 11]
[1, 2, 9, 10, 13]
[1, 4, 7, 8, 27]
[1, 4, 6, 25]
[1, 3, 7, 14, 15]
[1, 2, 8, 14, 20]
[1, 3, 8, 12, 17]
[16, 17, 18, 19, 20, 21, 22, 23, 24, 25, 26, 27, 28]


6
process id 2
stats
5, 15, 7, 100, 1000
20220818-194502
loosing coalitions taken
[1, 3, 7, 12, 21]
[2, 4, 6, 15, 18]
[1, 4, 7, 13, 15]
[1, 2, 9, 12, 13]
[3, 4, 5, 16]
[1, 5, 6, 9, 17]
[1, 4, 6, 23]
[1, 3, 8, 11, 19]
[2, 3, 6, 13]
[1, 3, 6, 26]
[2, 3, 5, 25, 27]
[2, 3, 7, 8, 9]
[2, 4, 5, 10]
[1, 2, 7, 10, 27]
[16, 17, 18, 19, 20, 21, 22, 23, 24, 25, 26, 27, 28]


5
process id 6
stats
5, 15, 7, 100, 1000
20220818-194505
loosing coalitions taken
[3, 4, 6, 13, 16]
[1, 5, 6, 13, 24]
[1, 4, 6, 28]
[1, 3, 7, 12, 17]
[1, 2, 7, 16, 21]
[2, 4, 5, 15]
[1, 2, 8, 13, 17]
[2, 3, 5, 17, 26]
[2, 4, 6, 11, 21]
[3, 4, 5, 9]
[1, 4, 8, 12, 14]
[2, 3, 6, 12, 18]
[1, 4, 7, 9, 15]
[2, 3, 7, 8, 10]
[16, 17, 18, 19, 20, 21, 22, 23, 24, 25, 26, 27, 28]


6
process id 4
stats
5, 15, 7, 100, 1000
20220818-194509
loosing coalitions taken
[1, 2, 7, 14, 24]
[1, 2, 8, 13, 20]
[2, 3, 5, 17, 23]
[1, 4, 7, 13, 15]
[1, 3, 8, 14, 16]
[1, 5, 6, 11, 23]
[3, 4, 5, 16, 28]
[1, 3, 9, 10, 12]
[2, 3, 6, 12, 18]
[2, 4, 5, 18]
[1, 2, 6, 27]
[1, 3, 7, 11, 17]
[1, 4, 8, 11, 12]
[3, 4, 6, 14, 17]
[16, 17, 18, 19, 20, 21, 22, 23, 24, 25, 26, 27, 28]


5
process id 3
stats
5, 15, 7, 100, 1000
20220818-194517
loosing coalitions taken
[1, 2, 9, 11, 12]
[2, 4, 5, 19]
[1, 2, 7, 16, 18]
[3, 4, 6, 12, 18]
[2, 3, 6, 16, 20]
[1, 3, 8, 11, 16]
[1, 3, 7, 10, 20]
[1, 4, 7, 8]
[1, 5, 6, 10, 24]
[1, 3, 6, 26, 28]
[2, 3, 5, 25]
[3, 4, 5, 13]
[1, 4, 6, 23]
[1, 2, 8, 10, 15]
[16, 17, 18, 19, 20, 21, 22, 23, 24, 25, 26, 27, 28]


6
process id 2
stats
5, 15, 7, 100, 1000
20220818-194520
loosing coalitions taken
[1, 2, 8, 9, 22]
[1, 5, 6, 13, 24]
[1, 4, 6, 26, 28]
[1, 2, 7, 13, 23]
[2, 4, 6, 8, 27]
[1, 4, 8, 11, 12]
[1, 3, 7, 11, 22]
[1, 2, 10, 12, 14]
[1, 3, 8, 10, 18]
[3, 4, 6, 14, 15]
[2, 3, 6, 12]
[3, 4, 5, 11, 23]
[2, 4, 5, 18]
[1, 4, 7, 9, 14]
[16, 17, 18, 19, 20, 21, 22, 23, 24, 25, 26, 27, 28]


6
process id 0
stats
5, 15, 7, 100, 1000
20220818-194536
loosing coalitions taken
[1, 5, 6, 11, 23]
[1, 4, 8, 12, 14]
[1, 3, 8, 9, 16]
[1, 3, 7, 14, 18]
[1, 2, 8, 15, 17]
[3, 4, 5, 14, 28]
[2, 4, 6, 13, 16]
[2, 3, 5, 25]
[1, 4, 6, 26]
[1, 2, 10, 11, 12]
[1, 3, 6, 24]
[2, 4, 5, 19, 22]
[1, 2, 7, 9]
[2, 3, 6, 10]
[16, 17, 18, 19, 20, 21, 22, 23, 24, 25, 26, 27, 28]


6
process id 5
stats
5, 15, 7, 100, 1000
20220818-194538
loosing coalitions taken
[1, 5, 6, 12, 23]
[1, 2, 10, 11, 14]
[2, 4, 5, 20]
[1, 3, 8, 11, 12]
[1, 4, 7, 8]
[2, 3, 6, 11, 27]
[3, 4, 6, 10, 18]
[2, 4, 6, 13, 15]
[2, 3, 5, 13]
[1, 2, 7, 9, 25]
[3, 4, 5, 9]
[1, 4, 6, 28]
[1, 3, 7, 15, 17]
[1, 2, 8, 13, 17]
[16, 17, 18, 19, 20, 21, 22, 23, 24, 25, 26, 27, 28]


6
process id 0
stats
5, 15, 7, 100, 1000
20220818-194604
loosing coalitions taken
[1, 5, 6, 11, 25]
[2, 3, 6, 12, 28]
[2, 4, 6, 14, 19]
[1, 3, 8, 12, 19]
[1, 4, 8, 10, 14]
[1, 4, 7, 11, 17]
[1, 3, 9, 10, 11]
[2, 4, 5, 20, 28]
[1, 4, 6, 20]
[1, 2, 7, 10, 28]
[1, 2, 8, 9, 13]
[3, 4, 5, 10, 27]
[2, 3, 5, 21]
[1, 3, 7, 14, 16]
[16, 17, 18, 19, 20, 21, 22, 23, 24, 25, 26, 27, 28]


6
process id 3
stats
5, 15, 7, 100, 1000
20220818-194617
loosing coalitions taken
[1, 4, 7, 10, 16]
[2, 3, 6, 14]
[1, 5, 6, 9, 26]
[1, 2, 7, 17, 19]
[1, 2, 8, 11, 18]
[1, 3, 8, 15, 16]
[1, 2, 10, 12, 13]
[1, 4, 8, 13, 14]
[1, 3, 7, 9, 23]
[2, 4, 6, 10, 21]
[3, 4, 5, 21, 24]
[2, 4, 5, 9, 23]
[1, 3, 6, 28]
[3, 4, 6, 12, 20]
[16, 17, 18, 19, 20, 21, 22, 23, 24, 25, 26, 27, 28]


5
process id 3
stats
5, 15, 7, 100, 1000
20220818-194631
loosing coalitions taken
[1, 2, 7, 12, 25]
[1, 5, 6, 9, 26]
[2, 3, 6, 14]
[1, 3, 8, 10, 16]
[3, 4, 5, 15]
[1, 2, 8, 11, 20]
[1, 4, 8, 9, 13]
[1, 3, 7, 11, 21]
[1, 3, 6, 25]
[2, 4, 5, 12]
[2, 3, 5, 16, 25]
[1, 4, 6, 23]
[2, 4, 6, 15, 17]
[1, 2, 9, 10, 14]
[16, 17, 18, 19, 20, 21, 22, 23, 24, 25, 26, 27, 28]


6
process id 3
stats
5, 15, 7, 100, 1000
20220818-194656
loosing coalitions taken
[2, 4, 6, 10, 21]
[1, 3, 7, 12, 21]
[1, 4, 6, 27]
[1, 2, 7, 15, 18]
[1, 2, 9, 11, 14]
[2, 3, 6, 15, 24]
[1, 2, 8, 10, 17]
[2, 3, 5, 21]
[1, 3, 6, 23]
[1, 5, 6, 15, 19]
[3, 4, 5, 12, 24]
[1, 3, 8, 11, 18]
[1, 4, 7, 10, 16]
[2, 4, 5, 20, 28]
[16, 17, 18, 19, 20, 21, 22, 23, 24, 25, 26, 27, 28]


