Results
Max overall: 15
Min avg pop: 0.633
Min pop: 0.63

6
process id 7
stats
5, 15, 7, 100, 1000
20220818-194720
loosing coalitions taken
[1, 2, 10, 12, 13]
[2, 3, 7, 8, 9]
[2, 3, 6, 14]
[1, 3, 9, 10, 11]
[1, 3, 8, 13, 16]
[1, 3, 7, 15, 18]
[1, 4, 7, 10, 16]
[1, 2, 7, 17, 19]
[1, 5, 6, 13, 20]
[1, 4, 6, 24]
[2, 3, 5, 15]
[3, 4, 5, 10, 25]
[2, 4, 5, 20]
[1, 2, 6, 23]
[16, 17, 18, 19, 20, 21, 22, 23, 24, 25, 26, 27, 28]


5
process id 4
stats
5, 15, 7, 100, 1000
20220818-194726
loosing coalitions taken
[1, 3, 7, 14, 20]
[1, 3, 8, 12, 16]
[1, 4, 6, 27]
[1, 2, 8, 13, 20]
[2, 4, 5, 19]
[2, 3, 6, 12]
[2, 4, 6, 11, 24]
[1, 3, 6, 25]
[2, 3, 5, 17]
[1, 4, 8, 9, 10]
[3, 4, 6, 10, 20]
[3, 4, 5, 14]
[1, 2, 7, 9, 18]
[1, 4, 7, 11, 15]
[16, 17, 18, 19, 20, 21, 22, 23, 24, 25, 26, 27, 28]


6
process id 2
stats
5, 15, 7, 100, 1000
20220818-194728
loosing coalitions taken
[3, 4, 6, 8, 27]
[1, 5, 6, 13, 21]
[2, 4, 6, 10, 21]
[1, 2, 7, 11, 27]
[1, 3, 8, 10, 17]
[1, 4, 7, 10, 18]
[1, 3, 7, 13, 15]
[1, 2, 9, 10, 12]
[1, 4, 8, 9, 14]
[1, 4, 6, 24]
[2, 4, 5, 13, 25]
[2, 3, 5, 17, 26]
[3, 4, 5, 15]
[2, 3, 6, 14, 23]
[16, 17, 18, 19, 20, 21, 22, 23, 24, 25, 26, 27, 28]


6
process id 1
stats
5, 15, 7, 100, 1000
20220818-194747
loosing coalitions taken
[2, 4, 5, 18]
[3, 4, 6, 8]
[1, 4, 7, 9, 16]
[1, 3, 9, 10, 12]
[1, 3, 7, 14, 19]
[1, 5, 6, 12, 24]
[1, 2, 8, 15, 16]
[1, 2, 7, 11, 21]
[1, 4, 6, 25]
[2, 3, 6, 15, 25]
[2, 4, 6, 7, 27]
[3, 4, 5, 14, 28]
[1, 4, 8, 11, 12]
[2, 3, 5, 19, 23]
[16, 17, 18, 19, 20, 21, 22, 23, 24, 25, 26, 27, 28]


6
process id 6
stats
5, 15, 7, 100, 1000
20220818-194821
loosing coalitions taken
[2, 3, 6, 14]
[1, 4, 8, 12, 14]
[1, 4, 7, 9, 16]
[1, 3, 8, 15, 16]
[1, 2, 10, 12, 13]
[1, 2, 7, 11, 24]
[1, 5, 6, 13, 23]
[3, 4, 5, 16, 23]
[1, 4, 6, 21]
[1, 3, 7, 12, 18]
[2, 4, 5, 18]
[2, 3, 5, 26, 27]
[3, 4, 6, 12, 15]
[1, 3, 9, 10, 11]
[16, 17, 18, 19, 20, 21, 22, 23, 24, 25, 26, 27, 28]


6
process id 0
stats
5, 15, 7, 100, 1000
20220818-194843
loosing coalitions taken
[2, 3, 6, 14]
[2, 4, 5, 20]
[1, 5, 6, 10, 26]
[1, 4, 7, 9, 14]
[1, 3, 8, 13, 16]
[1, 4, 6, 24, 28]
[3, 4, 6, 7]
[2, 3, 5, 23]
[2, 4, 6, 15, 21]
[1, 2, 8, 10, 19]
[1, 3, 6, 27]
[3, 4, 5, 15]
[1, 2, 7, 11, 18]
[1, 2, 9, 12, 13]
[16, 17, 18, 19, 20, 21, 22, 23, 24, 25, 26, 27, 28]


6
process id 7
stats
5, 15, 7, 100, 1000
20220818-194846
loosing coalitions taken
[1, 2, 10, 12, 14]
[2, 3, 5, 20, 28]
[3, 4, 5, 18, 24]
[2, 4, 6, 14, 22]
[1, 5, 6, 13, 17]
[3, 4, 6, 12, 21]
[2, 3, 6, 9]
[1, 2, 8, 13, 18]
[1, 3, 8, 10, 11]
[2, 4, 5, 16]
[1, 4, 7, 8, 22]
[1, 4, 6, 26]
[1, 3, 7, 13, 19]
[1, 2, 7, 15, 21]
[16, 17, 18, 19, 20, 21, 22, 23, 24, 25, 26, 27, 28]


5
process id 2
stats
5, 15, 7, 100, 1000
20220818-194852
loosing coalitions taken
[1, 3, 8, 9, 18]
[2, 3, 5, 25]
[1, 5, 6, 13, 23]
[3, 4, 6, 12, 18]
[1, 2, 7, 11, 23]
[1, 2, 8, 13, 19]
[1, 4, 8, 10, 15]
[1, 4, 7, 9, 16]
[2, 3, 6, 13, 26]
[1, 4, 6, 28]
[3, 4, 5, 20, 21]
[2, 4, 5, 18]
[1, 3, 6, 24]
[1, 3, 7, 12, 21]
[16, 17, 18, 19, 20, 21, 22, 23, 24, 25, 26, 27, 28]


6
process id 4
stats
5, 15, 7, 100, 1000
20220818-194856
loosing coalitions taken
[1, 4, 8, 9, 15]
[2, 3, 6, 14, 23]
[2, 4, 5, 16, 28]
[2, 4, 6, 9, 24]
[1, 4, 7, 10, 16]
[1, 3, 8, 13, 16]
[1, 3, 7, 12, 19]
[1, 3, 6, 25, 27]
[3, 4, 5, 11]
[1, 5, 6, 13, 23]
[1, 2, 9, 12, 13]
[1, 2, 8, 10, 20]
[1, 4, 6, 28]
[1, 2, 7, 11, 26]
[16, 17, 18, 19, 20, 21, 22, 23, 24, 25, 26, 27, 28]


5
process id 7
stats
5, 15, 7, 100, 1000
20220818-194857
loosing coalitions taken
[1, 4, 8, 9, 12]
[1, 3, 7, 9, 20]
[1, 2, 7, 15, 18]
[1, 4, 7, 10, 19]
[2, 4, 6, 9, 21]
[3, 4, 6, 14, 16]
[1, 3, 8, 10, 16]
[1, 2, 9, 11, 13]
[2, 3, 6, 12]
[2, 4, 5, 12]
[1, 4, 6, 25]
[2, 3, 5, 13]
[1, 5, 6, 11, 17]
[3, 4, 5, 11]
[16, 17, 18, 19, 20, 21, 22, 23, 24, 25, 26, 27, 28]


5
process id 5
stats
5, 15, 7, 100, 1000
20220818-194929
loosing coalitions taken
[2, 3, 6, 16, 22]
[2, 4, 5, 18]
[1, 3, 7, 14, 17]
[1, 2, 10, 11, 14]
[1, 2, 7, 9, 24]
[1, 3, 8, 13, 15]
[2, 3, 5, 25]
[3, 4, 5, 10]
[2, 4, 6, 12, 20]
[1, 5, 6, 13, 19]
[1, 4, 6, 25]
[1, 3, 9, 10, 12]
[1, 4, 7, 11, 13]
[1, 2, 6, 26]
[16, 17, 18, 19, 20, 21, 22, 23, 24, 25, 26, 27, 28]


5
process id 5
stats
5, 15, 7, 100, 1000
20220818-194935
loosing coalitions taken
[1, 4, 7, 10, 16]
[1, 2, 9, 10, 13]
[1, 3, 8, 11, 16]
[1, 2, 8, 12, 20]
[2, 3, 6, 9]
[1, 2, 7, 14, 21]
[1, 3, 7, 13, 19]
[3, 4, 5, 14]
[1, 4, 6, 28]
[2, 3, 5, 16]
[2, 4, 5, 13, 25]
[3, 4, 6, 12, 18]
[1, 5, 6, 9, 21]
[2, 4, 6, 10, 20]
[16, 17, 18, 19, 20, 21, 22, 23, 24, 25, 26, 27, 28]


6
process id 1
stats
5, 15, 7, 100, 1000
20220818-194937
loosing coalitions taken
[1, 2, 10, 11, 13]
[1, 2, 8, 9, 19]
[2, 4, 5, 17]
[1, 2, 7, 12, 24]
[1, 4, 7, 10, 19]
[2, 3, 6, 9, 25]
[1, 4, 8, 13, 14]
[1, 5, 6, 10, 22]
[3, 4, 6, 8]
[1, 3, 7, 9, 20]
[1, 3, 6, 23]
[1, 3, 8, 12, 15]
[3, 4, 5, 16, 19]
[2, 3, 5, 14, 26]
[16, 17, 18, 19, 20, 21, 22, 23, 24, 25, 26, 27, 28]


6
process id 6
stats
5, 15, 7, 100, 1000
20220818-194942
loosing coalitions taken
[1, 2, 10, 11, 13]
[1, 2, 7, 9, 26]
[1, 3, 8, 11, 19]
[1, 5, 6, 9, 21]
[1, 4, 8, 10, 14]
[2, 4, 5, 19, 26]
[3, 4, 5, 17, 23]
[2, 3, 6, 13, 22]
[2, 3, 5, 24]
[2, 4, 6, 15, 20]
[1, 4, 6, 25, 27]
[1, 2, 8, 12, 15]
[1, 3, 9, 10, 12]
[1, 3, 6, 28]
[16, 17, 18, 19, 20, 21, 22, 23, 24, 25, 26, 27, 28]


6
process id 4
stats
5, 15, 7, 100, 1000
20220818-195017
loosing coalitions taken
[1, 3, 7, 16, 17]
[1, 3, 8, 11, 18]
[1, 2, 8, 10, 21]
[1, 5, 6, 16, 20]
[1, 4, 7, 10, 18]
[3, 4, 5, 19, 21]
[2, 3, 5, 25, 28]
[2, 4, 6, 9, 18]
[1, 2, 9, 11, 14]
[2, 4, 5, 17]
[1, 3, 9, 10, 12]
[3, 4, 6, 7]
[1, 2, 6, 23]
[1, 4, 8, 13, 14]
[16, 17, 18, 19, 20, 21, 22, 23, 24, 25, 26, 27, 28]


5
process id 4
stats
5, 15, 7, 100, 1000
20220818-195036
loosing coalitions taken
[1, 3, 7, 13, 20]
[2, 4, 6, 9, 25]
[1, 3, 8, 12, 16]
[1, 2, 8, 14, 15]
[3, 4, 5, 12]
[2, 3, 6, 11, 23]
[2, 4, 5, 15]
[3, 4, 6, 8]
[2, 3, 5, 24]
[1, 3, 6, 28]
[1, 2, 7, 12, 19]
[1, 5, 6, 11, 24]
[1, 4, 6, 26]
[1, 2, 10, 11, 13]
[16, 17, 18, 19, 20, 21, 22, 23, 24, 25, 26, 27, 28]


6
process id 2
stats
5, 15, 7, 100, 1000
20220818-195039
loosing coalitions taken
[1, 4, 7, 14, 16]
[1, 3, 7, 9, 19]
[2, 4, 5, 19, 27]
[1, 2, 9, 10, 12]
[1, 4, 6, 26]
[2, 3, 5, 23]
[1, 2, 7, 15, 21]
[3, 4, 5, 15]
[1, 3, 8, 13, 16]
[2, 3, 6, 11]
[1, 5, 6, 10, 24]
[1, 3, 6, 25]
[2, 4, 6, 8]
[1, 2, 8, 11, 14]
[16, 17, 18, 19, 20, 21, 22, 23, 24, 25, 26, 27, 28]


