Results
Max overall: 15
Min avg pop: 0.634
Min pop: 0.63

6
process id 1
stats
5, 15, 7, 100, 1000
20220818-195142
loosing coalitions taken
[1, 2, 7, 9, 23]
[1, 5, 6, 9, 24]
[1, 3, 7, 11, 18]
[1, 2, 8, 12, 21]
[2, 4, 5, 20, 23]
[2, 5, 6, 8, 11]
[1, 2, 10, 11, 14]
[1, 4, 7, 10, 19]
[2, 4, 6, 16, 19]
[3, 4, 6, 13, 20]
[1, 4, 6, 28]
[3, 4, 5, 12]
[1, 3, 8, 10, 17]
[2, 3, 6, 15, 17]
[16, 17, 18, 19, 20, 21, 22, 23, 24, 25, 26, 27, 28]


6
process id 0
stats
5, 15, 7, 100, 1000
20220818-195144
loosing coalitions taken
[2, 3, 6, 12]
[1, 2, 8, 13, 19]
[1, 2, 9, 10, 11]
[1, 3, 7, 13, 22]
[3, 4, 5, 17, 23]
[1, 4, 6, 27]
[2, 4, 5, 20]
[1, 3, 8, 10, 18]
[1, 3, 6, 24]
[2, 3, 5, 21]
[1, 5, 6, 10, 19]
[2, 4, 6, 14, 18]
[1, 4, 7, 11, 12]
[1, 2, 7, 16, 17]
[16, 17, 18, 19, 20, 21, 22, 23, 24, 25, 26, 27, 28]


6
process id 7
stats
5, 15, 7, 100, 1000
20220818-195149
loosing coalitions taken
[1, 2, 7, 10, 25]
[1, 4, 8, 9, 14]
[2, 3, 6, 13, 24]
[1, 3, 7, 14, 20]
[1, 2, 9, 11, 13]
[2, 4, 6, 15, 19]
[3, 4, 6, 10, 21]
[1, 5, 6, 9, 26]
[1, 2, 8, 12, 17]
[1, 4, 6, 28]
[2, 4, 5, 10, 24]
[2, 3, 5, 16, 23]
[1, 3, 8, 13, 16]
[3, 4, 5, 14]
[16, 17, 18, 19, 20, 21, 22, 23, 24, 25, 26, 27, 28]


5
process id 5
stats
5, 15, 7, 100, 1000
20220818-195234
loosing coalitions taken
[2, 4, 5, 17, 24]
[1, 3, 7, 11, 20]
[1, 5, 6, 11, 24]
[3, 4, 5, 15, 27]
[2, 3, 5, 23]
[3, 4, 6, 10, 17]
[1, 3, 8, 9, 16]
[1, 2, 8, 13, 19]
[1, 4, 6, 27]
[1, 3, 6, 26]
[2, 4, 6, 15, 20]
[2, 3, 6, 14]
[1, 4, 7, 8]
[2, 5, 6, 7, 16]
[16, 17, 18, 19, 20, 21, 22, 23, 24, 25, 26, 27, 28]


6
process id 2
stats
5, 15, 7, 100, 1000
20220818-195257
loosing coalitions taken
[1, 4, 8, 12, 13]
[1, 4, 7, 11, 15]
[1, 5, 6, 10, 26]
[2, 4, 6, 13, 22]
[1, 2, 7, 12, 16]
[1, 3, 8, 15, 16]
[1, 2, 8, 14, 19]
[2, 4, 5, 16, 27]
[2, 3, 7, 8, 9]
[3, 4, 5, 20, 24]
[2, 3, 5, 19]
[1, 3, 7, 14, 21]
[1, 3, 6, 28]
[1, 2, 10, 11, 13]
[16, 17, 18, 19, 20, 21, 22, 23, 24, 25, 26, 27, 28]


5
process id 5
stats
5, 15, 7, 100, 1000
20220818-195301
loosing coalitions taken
[1, 3, 9, 10, 12]
[3, 4, 6, 12, 18]
[1, 4, 8, 10, 15]
[2, 3, 6, 14]
[1, 2, 7, 11, 22]
[1, 3, 7, 15, 20]
[1, 3, 8, 11, 17]
[3, 4, 5, 11]
[2, 3, 5, 23]
[2, 4, 5, 19]
[1, 5, 6, 14, 22]
[2, 4, 6, 8]
[1, 4, 6, 27]
[1, 4, 7, 9, 14]
[16, 17, 18, 19, 20, 21, 22, 23, 24, 25, 26, 27, 28]


5
process id 7
stats
5, 15, 7, 100, 1000
20220818-195310
loosing coalitions taken
[3, 4, 5, 19, 20]
[3, 4, 6, 12, 18]
[1, 2, 9, 10, 11]
[2, 4, 5, 21, 26]
[2, 3, 5, 23]
[2, 4, 6, 9, 15]
[1, 4, 8, 13, 14]
[1, 4, 7, 9, 17]
[1, 5, 6, 10, 24]
[1, 4, 6, 21]
[1, 2, 7, 13, 25]
[1, 3, 7, 12, 14]
[1, 3, 8, 10, 17]
[1, 2, 8, 12, 19]
[16, 17, 18, 19, 20, 21, 22, 23, 24, 25, 26, 27, 28]


6
process id 4
stats
5, 15, 7, 100, 1000
20220818-195338
loosing coalitions taken
[2, 3, 6, 11]
[1, 4, 7, 13, 15]
[1, 5, 6, 14, 21]
[1, 2, 8, 10, 18]
[2, 4, 5, 16]
[1, 3, 8, 15, 16]
[1, 4, 8, 11, 14]
[1, 3, 7, 12, 20]
[3, 4, 5, 15]
[1, 3, 6, 27]
[2, 3, 5, 25, 28]
[2, 4, 6, 8, 22]
[1, 2, 7, 11, 22]
[3, 4, 6, 12, 19]
[16, 17, 18, 19, 20, 21, 22, 23, 24, 25, 26, 27, 28]


5
process id 5
stats
5, 15, 7, 100, 1000
20220818-195357
loosing coalitions taken
[3, 4, 6, 9, 19]
[1, 4, 7, 11, 17]
[1, 2, 8, 9, 19]
[1, 2, 7, 15, 20]
[1, 3, 7, 12, 22]
[1, 3, 9, 10, 11]
[2, 3, 7, 8, 10]
[2, 4, 6, 15, 18]
[1, 2, 10, 12, 14]
[1, 4, 6, 24]
[3, 4, 5, 10]
[2, 3, 6, 11]
[2, 4, 5, 20]
[2, 3, 5, 24]
[16, 17, 18, 19, 20, 21, 22, 23, 24, 25, 26, 27, 28]


5
process id 6
stats
5, 15, 7, 100, 1000
20220818-195412
loosing coalitions taken
[1, 4, 7, 14, 16]
[2, 3, 6, 13, 28]
[1, 3, 8, 14, 15]
[2, 3, 5, 23, 27]
[1, 2, 8, 12, 19]
[2, 3, 7, 8, 10]
[2, 4, 6, 11, 23]
[1, 5, 6, 11, 22]
[1, 4, 6, 28]
[1, 3, 7, 13, 19]
[1, 2, 7, 11, 20]
[2, 4, 5, 10, 28]
[1, 3, 9, 10, 12]
[3, 4, 5, 9]
[16, 17, 18, 19, 20, 21, 22, 23, 24, 25, 26, 27, 28]


6
process id 0
stats
5, 15, 7, 100, 1000
20220818-195431
loosing coalitions taken
[2, 4, 5, 19, 28]
[1, 2, 7, 14, 21]
[2, 3, 6, 12]
[3, 4, 5, 16]
[1, 2, 9, 11, 13]
[1, 4, 8, 13, 14]
[1, 3, 8, 9, 20]
[1, 4, 6, 23]
[1, 4, 7, 9, 15]
[1, 3, 7, 12, 18]
[3, 4, 6, 11, 21]
[1, 5, 6, 16, 18]
[2, 4, 6, 8]
[2, 3, 5, 22]
[16, 17, 18, 19, 20, 21, 22, 23, 24, 25, 26, 27, 28]


5
process id 5
stats
5, 15, 7, 100, 1000
20220818-195434
loosing coalitions taken
[1, 5, 6, 11, 22]
[1, 4, 8, 9, 13]
[2, 4, 6, 10, 21]
[1, 4, 7, 10, 17]
[1, 3, 7, 13, 20]
[1, 2, 8, 10, 20]
[2, 3, 5, 21]
[1, 2, 7, 9, 27]
[1, 4, 6, 28]
[1, 3, 8, 11, 17]
[3, 4, 5, 12, 25]
[2, 4, 5, 14]
[2, 3, 6, 14, 20]
[3, 4, 6, 8, 23]
[16, 17, 18, 19, 20, 21, 22, 23, 24, 25, 26, 27, 28]


5
process id 6
stats
5, 15, 7, 100, 1000
20220818-195454
loosing coalitions taken
[1, 3, 8, 12, 19]
[3, 4, 6, 11, 21]
[1, 4, 6, 23, 26]
[1, 4, 8, 11, 14]
[1, 2, 7, 8]
[2, 4, 6, 13, 17]
[1, 5, 6, 10, 20]
[2, 3, 6, 10, 26]
[2, 4, 5, 9]
[2, 3, 5, 14]
[1, 4, 7, 9, 19]
[3, 4, 5, 15, 26]
[1, 3, 7, 10, 17]
[1, 2, 9, 10, 14]
[16, 17, 18, 19, 20, 21, 22, 23, 24, 25, 26, 27, 28]


5
process id 6
stats
5, 15, 7, 100, 1000
20220818-195511
loosing coalitions taken
[2, 3, 6, 14]
[1, 2, 9, 11, 12]
[1, 3, 8, 12, 18]
[1, 2, 7, 16, 18]
[1, 4, 7, 8]
[2, 4, 5, 20]
[1, 2, 8, 10, 15]
[1, 4, 6, 20]
[3, 4, 6, 8, 27]
[2, 4, 6, 11, 22]
[2, 3, 5, 12]
[3, 4, 5, 10]
[1, 5, 6, 10, 22]
[1, 3, 7, 14, 20]
[16, 17, 18, 19, 20, 21, 22, 23, 24, 25, 26, 27, 28]


5
process id 6
stats
5, 15, 7, 100, 1000
20220818-195514
loosing coalitions taken
[1, 5, 6, 12, 22]
[1, 3, 7, 9, 22]
[1, 2, 10, 11, 12]
[2, 3, 5, 18]
[1, 4, 8, 10, 14]
[1, 2, 8, 9, 20]
[3, 4, 6, 8, 26]
[1, 4, 7, 11, 17]
[1, 2, 7, 14, 24]
[2, 4, 6, 15, 21]
[3, 4, 5, 14, 25]
[2, 3, 6, 11, 24]
[2, 4, 5, 13]
[1, 4, 6, 20]
[16, 17, 18, 19, 20, 21, 22, 23, 24, 25, 26, 27, 28]


6
process id 4
stats
5, 15, 7, 100, 1000
20220818-195518
loosing coalitions taken
[3, 4, 5, 16]
[2, 4, 6, 9, 21]
[1, 4, 8, 11, 12]
[1, 3, 8, 9, 20]
[2, 3, 7, 8, 10]
[1, 5, 6, 10, 24]
[1, 3, 7, 14, 19]
[1, 2, 7, 9]
[2, 4, 5, 17, 26]
[1, 4, 6, 22]
[2, 3, 5, 14]
[2, 3, 6, 13, 27]
[1, 2, 6, 25]
[1, 2, 8, 14, 17]
[16, 17, 18, 19, 20, 21, 22, 23, 24, 25, 26, 27, 28]


