Results
Max overall: 15
Min avg pop: 0.635
Min pop: 0.63

5
process id 7
stats
5, 15, 7, 100, 1000
20220818-195532
loosing coalitions taken
[1, 3, 8, 11, 17]
[2, 3, 5, 22, 26]
[1, 3, 7, 9, 21]
[1, 2, 8, 12, 20]
[1, 2, 7, 15, 18]
[2, 3, 6, 9]
[3, 4, 5, 15]
[1, 4, 7, 8]
[1, 4, 6, 21]
[2, 4, 6, 14, 15]
[2, 4, 5, 17]
[1, 5, 6, 10, 23]
[3, 4, 6, 11, 12]
[1, 2, 9, 11, 14]
[16, 17, 18, 19, 20, 21, 22, 23, 24, 25, 26, 27, 28]


5
process id 3
stats
5, 15, 7, 100, 1000
20220818-195538
loosing coalitions taken
[1, 2, 9, 10, 14]
[2, 3, 7, 8, 9]
[1, 4, 7, 10, 12]
[1, 4, 6, 25, 28]
[2, 4, 6, 8]
[1, 5, 6, 12, 23]
[3, 4, 5, 14]
[1, 2, 7, 13, 17]
[2, 3, 6, 16, 22]
[2, 3, 5, 19, 26]
[2, 4, 5, 11]
[1, 3, 6, 24]
[1, 2, 8, 15, 16]
[1, 3, 7, 14, 15]
[16, 17, 18, 19, 20, 21, 22, 23, 24, 25, 26, 27, 28]


6
process id 1
stats
5, 15, 7, 100, 1000
20220818-195551
loosing coalitions taken
[1, 3, 8, 11, 16]
[1, 4, 7, 12, 15]
[3, 4, 6, 12, 17]
[2, 4, 6, 9, 24]
[1, 2, 9, 10, 12]
[1, 4, 6, 27]
[1, 2, 7, 11, 24]
[1, 3, 7, 13, 17]
[2, 3, 6, 15, 25]
[2, 3, 5, 24, 26]
[3, 4, 5, 14, 28]
[2, 4, 5, 17, 18]
[2, 3, 7, 8, 9]
[1, 2, 8, 13, 20]
[16, 17, 18, 19, 20, 21, 22, 23, 24, 25, 26, 27, 28]


6
process id 7
stats
5, 15, 7, 100, 1000
20220818-195559
loosing coalitions taken
[1, 3, 9, 10, 12]
[2, 4, 6, 8]
[1, 4, 7, 12, 13]
[1, 2, 10, 11, 14]
[2, 3, 5, 25, 27]
[1, 5, 6, 10, 25]
[1, 3, 7, 11, 17]
[3, 4, 5, 12, 28]
[1, 4, 6, 27]
[2, 4, 5, 14]
[2, 3, 6, 13]
[1, 2, 6, 24]
[1, 2, 7, 8]
[1, 3, 8, 14, 16]
[16, 17, 18, 19, 20, 21, 22, 23, 24, 25, 26, 27, 28]


6
process id 5
stats
5, 15, 7, 100, 1000
20220818-195604
loosing coalitions taken
[1, 5, 6, 11, 25]
[1, 2, 9, 11, 14]
[1, 3, 8, 15, 16]
[3, 4, 5, 16]
[1, 2, 8, 12, 21]
[1, 4, 7, 8, 26]
[1, 2, 7, 10, 17]
[1, 3, 9, 10, 12]
[2, 3, 5, 23]
[2, 3, 6, 12]
[1, 4, 6, 16]
[3, 4, 6, 8, 20]
[2, 4, 5, 19, 20]
[2, 4, 6, 14, 17]
[16, 17, 18, 19, 20, 21, 22, 23, 24, 25, 26, 27, 28]


5
process id 0
stats
5, 15, 7, 100, 1000
20220818-195607
loosing coalitions taken
[1, 3, 8, 14, 15]
[1, 2, 7, 14, 23]
[1, 2, 8, 10, 18]
[2, 4, 6, 11, 24]
[1, 4, 6, 27]
[1, 2, 9, 11, 13]
[2, 3, 5, 17]
[1, 4, 7, 10, 17]
[2, 3, 6, 10]
[1, 3, 6, 25]
[1, 5, 6, 15, 16]
[3, 4, 5, 9]
[2, 4, 5, 18]
[1, 3, 7, 11, 19]
[16, 17, 18, 19, 20, 21, 22, 23, 24, 25, 26, 27, 28]


5
process id 0
stats
5, 15, 7, 100, 1000
20220818-195651
loosing coalitions taken
[2, 3, 6, 13, 28]
[1, 4, 7, 10, 16]
[2, 3, 7, 8, 9]
[1, 2, 9, 11, 13]
[1, 4, 8, 9, 15]
[1, 3, 7, 12, 17]
[1, 2, 7, 15, 21]
[2, 4, 5, 17, 25]
[2, 4, 6, 14, 21]
[3, 4, 5, 14, 26]
[1, 4, 6, 20]
[2, 3, 5, 21]
[1, 3, 8, 11, 19]
[1, 2, 8, 10, 17]
[16, 17, 18, 19, 20, 21, 22, 23, 24, 25, 26, 27, 28]


6
process id 7
stats
5, 15, 7, 100, 1000
20220818-195654
loosing coalitions taken
[1, 3, 8, 12, 17]
[3, 4, 6, 15, 17]
[1, 2, 7, 13, 19]
[2, 4, 6, 9, 22]
[1, 3, 7, 14, 18]
[1, 5, 6, 14, 20]
[2, 4, 5, 11, 27]
[3, 4, 5, 16, 23]
[2, 3, 6, 16, 24]
[1, 3, 6, 25]
[2, 3, 5, 13]
[1, 4, 7, 10, 15]
[1, 2, 9, 10, 12]
[1, 4, 8, 9, 13]
[16, 17, 18, 19, 20, 21, 22, 23, 24, 25, 26, 27, 28]


5
process id 3
stats
5, 15, 7, 100, 1000
20220818-195702
loosing coalitions taken
[2, 4, 6, 11, 19]
[1, 5, 6, 12, 18]
[1, 3, 7, 14, 22]
[1, 4, 8, 10, 15]
[1, 2, 7, 11, 26]
[1, 4, 6, 25]
[1, 2, 8, 12, 21]
[1, 3, 8, 9, 11]
[2, 3, 6, 10, 26]
[2, 3, 5, 23]
[3, 4, 5, 12, 19]
[2, 4, 5, 10]
[1, 2, 9, 10, 13]
[1, 3, 6, 24, 28]
[16, 17, 18, 19, 20, 21, 22, 23, 24, 25, 26, 27, 28]


6
process id 0
stats
5, 15, 7, 100, 1000
20220818-195715
loosing coalitions taken
[1, 3, 7, 9, 24]
[2, 3, 6, 11]
[1, 4, 7, 8]
[3, 4, 5, 9, 28]
[1, 3, 8, 12, 19]
[1, 2, 7, 15, 19]
[2, 3, 5, 20]
[1, 5, 6, 15, 17]
[2, 4, 5, 15]
[1, 4, 6, 28]
[1, 2, 10, 12, 13]
[3, 4, 6, 8]
[1, 2, 8, 11, 14]
[1, 3, 6, 23]
[16, 17, 18, 19, 20, 21, 22, 23, 24, 25, 26, 27, 28]


5
process id 1
stats
5, 15, 7, 100, 1000
20220818-195715
loosing coalitions taken
[1, 5, 6, 15, 17]
[1, 2, 8, 13, 16]
[2, 3, 6, 14]
[1, 2, 7, 10, 24]
[1, 3, 8, 9, 19]
[3, 4, 5, 17, 25]
[1, 3, 7, 13, 22]
[2, 4, 5, 13]
[1, 3, 6, 25]
[2, 3, 5, 20, 22]
[3, 4, 6, 8]
[1, 4, 6, 27]
[1, 4, 7, 9, 17]
[1, 4, 8, 10, 11]
[16, 17, 18, 19, 20, 21, 22, 23, 24, 25, 26, 27, 28]


6
process id 6
stats
5, 15, 7, 100, 1000
20220818-195730
loosing coalitions taken
[2, 3, 6, 14, 21]
[2, 3, 5, 26, 28]
[1, 4, 7, 9, 17]
[1, 2, 9, 12, 13]
[1, 2, 7, 15, 16]
[2, 3, 7, 8, 10]
[1, 3, 7, 13, 20]
[3, 4, 5, 19, 24]
[2, 4, 6, 13, 17]
[3, 4, 6, 15, 16]
[1, 4, 6, 18]
[1, 2, 8, 14, 17]
[2, 4, 5, 11]
[1, 3, 8, 12, 15]
[16, 17, 18, 19, 20, 21, 22, 23, 24, 25, 26, 27, 28]


5
process id 5
stats
5, 15, 7, 100, 1000
20220818-195740
loosing coalitions taken
[2, 4, 5, 19, 26]
[1, 3, 9, 10, 11]
[1, 5, 6, 13, 20]
[1, 4, 8, 10, 15]
[1, 2, 7, 11, 24]
[1, 3, 8, 12, 19]
[1, 2, 10, 12, 13]
[1, 3, 7, 15, 20]
[1, 4, 7, 12, 16]
[1, 4, 6, 21, 28]
[2, 3, 5, 17, 21]
[2, 4, 6, 14, 20]
[3, 4, 6, 10, 17]
[3, 4, 5, 14]
[16, 17, 18, 19, 20, 21, 22, 23, 24, 25, 26, 27, 28]


6
process id 6
stats
5, 15, 7, 100, 1000
20220818-195804
loosing coalitions taken
[1, 3, 8, 9, 19]
[1, 5, 6, 12, 20]
[3, 4, 5, 15, 26]
[1, 2, 7, 13, 22]
[2, 3, 5, 21, 24]
[1, 2, 9, 10, 11]
[2, 4, 6, 10, 23]
[1, 4, 8, 12, 13]
[2, 4, 5, 12]
[1, 4, 7, 11, 17]
[2, 3, 6, 11, 20]
[1, 4, 6, 21]
[1, 3, 7, 14, 18]
[1, 2, 8, 15, 17]
[16, 17, 18, 19, 20, 21, 22, 23, 24, 25, 26, 27, 28]


5
process id 2
stats
5, 15, 7, 100, 1000
20220818-195815
loosing coalitions taken
[1, 5, 6, 10, 25]
[2, 4, 6, 14, 21]
[1, 2, 8, 9, 17]
[3, 4, 6, 12, 16]
[1, 3, 7, 12, 22]
[1, 4, 7, 8, 24]
[1, 3, 8, 11, 18]
[1, 2, 10, 11, 14]
[3, 4, 5, 21, 22]
[2, 4, 5, 20, 23]
[1, 4, 6, 23]
[2, 3, 6, 9, 19]
[2, 3, 5, 25]
[1, 2, 7, 16, 20]
[16, 17, 18, 19, 20, 21, 22, 23, 24, 25, 26, 27, 28]


5
process id 1
stats
5, 15, 7, 100, 1000
20220818-195828
loosing coalitions taken
[3, 4, 6, 13, 21]
[1, 4, 8, 12, 13]
[1, 2, 7, 17, 19]
[1, 3, 8, 11, 19]
[1, 2, 9, 11, 12]
[2, 3, 6, 12]
[2, 4, 5, 20]
[1, 4, 6, 25]
[1, 3, 7, 10, 22]
[3, 4, 5, 17, 18]
[2, 3, 5, 10]
[1, 4, 7, 14, 15]
[1, 3, 6, 23]
[1, 5, 6, 15, 20]
[16, 17, 18, 19, 20, 21, 22, 23, 24, 25, 26, 27, 28]


5
process id 1
stats
5, 15, 7, 100, 1000
20220818-195914
loosing coalitions taken
[1, 4, 7, 9, 18]
[1, 2, 7, 17, 19]
[1, 3, 7, 12, 22]
[2, 5, 6, 8, 12]
[1, 2, 8, 15, 16]
[1, 2, 9, 11, 12]
[3, 4, 5, 10]
[1, 5, 6, 11, 20]
[1, 4, 8, 11, 13]
[1, 4, 6, 25]
[2, 3, 6, 10]
[2, 4, 5, 19]
[2, 3, 5, 26, 28]
[1, 3, 6, 26]
[16, 17, 18, 19, 20, 21, 22, 23, 24, 25, 26, 27, 28]


