Results
Max overall: 15
Min avg pop: 0.636
Min pop: 0.63

5
process id 3
stats
5, 15, 7, 100, 1000
20220818-200051
loosing coalitions taken
[1, 3, 8, 12, 19]
[3, 4, 6, 9, 22]
[2, 3, 6, 14, 26]
[2, 4, 6, 10, 23]
[1, 4, 8, 10, 11]
[1, 3, 7, 13, 18]
[1, 3, 6, 25]
[1, 2, 9, 11, 12]
[2, 3, 5, 18, 21]
[3, 4, 5, 11, 20]
[2, 4, 5, 19, 24]
[1, 2, 7, 14, 17]
[1, 4, 7, 9, 19]
[1, 2, 8, 13, 15]
[16, 17, 18, 19, 20, 21, 22, 23, 24, 25, 26, 27, 28]


6
process id 2
stats
5, 15, 7, 100, 1000
20220818-200053
loosing coalitions taken
[1, 3, 8, 12, 19]
[1, 4, 7, 10, 17]
[1, 2, 10, 12, 13]
[1, 4, 6, 26]
[2, 3, 6, 11]
[1, 3, 7, 16, 18]
[1, 2, 8, 14, 17]
[3, 4, 5, 13]
[2, 3, 5, 12]
[1, 5, 6, 12, 24]
[1, 3, 6, 23]
[2, 4, 5, 15]
[2, 4, 6, 13, 18]
[1, 4, 8, 11, 13]
[16, 17, 18, 19, 20, 21, 22, 23, 24, 25, 26, 27, 28]


6
process id 6
stats
5, 15, 7, 100, 1000
20220818-200130
loosing coalitions taken
[1, 5, 6, 13, 20]
[1, 3, 9, 10, 12]
[3, 4, 5, 16, 28]
[1, 3, 8, 11, 16]
[2, 3, 6, 12, 26]
[3, 5, 6, 7, 10]
[2, 3, 5, 24]
[1, 3, 7, 14, 19]
[2, 4, 6, 8]
[1, 4, 7, 9, 17]
[2, 4, 5, 19, 22]
[1, 4, 8, 13, 14]
[1, 2, 8, 9, 15]
[1, 4, 6, 26]
[16, 17, 18, 19, 20, 21, 22, 23, 24, 25, 26, 27, 28]


5
process id 3
stats
5, 15, 7, 100, 1000
20220818-200132
loosing coalitions taken
[3, 4, 6, 11, 20]
[2, 4, 6, 12, 23]
[1, 2, 10, 12, 14]
[1, 2, 7, 16, 18]
[1, 2, 8, 13, 19]
[1, 4, 6, 26]
[2, 4, 5, 14, 25]
[1, 5, 6, 10, 19]
[1, 3, 8, 11, 12]
[1, 4, 8, 9, 10]
[2, 3, 5, 23, 27]
[3, 4, 5, 18, 21]
[2, 3, 6, 14]
[1, 3, 6, 27]
[16, 17, 18, 19, 20, 21, 22, 23, 24, 25, 26, 27, 28]


6
process id 0
stats
5, 15, 7, 100, 1000
20220818-200220
loosing coalitions taken
[1, 3, 8, 9, 17]
[1, 2, 8, 10, 20]
[2, 4, 5, 17]
[1, 5, 6, 12, 23]
[1, 2, 7, 11, 27]
[3, 5, 6, 7, 10]
[2, 3, 6, 9]
[1, 3, 7, 15, 20]
[2, 4, 6, 11, 23]
[3, 4, 5, 18, 26]
[1, 4, 6, 26]
[3, 4, 6, 14, 16]
[2, 3, 5, 24]
[1, 4, 8, 13, 14]
[16, 17, 18, 19, 20, 21, 22, 23, 24, 25, 26, 27, 28]


5
process id 4
stats
5, 15, 7, 100, 1000
20220818-200223
loosing coalitions taken
[1, 3, 8, 12, 16]
[3, 4, 6, 14, 18]
[1, 2, 7, 15, 18]
[1, 4, 6, 26]
[2, 3, 7, 8, 9]
[2, 3, 6, 10]
[2, 4, 5, 18]
[1, 4, 8, 9, 11]
[2, 4, 6, 9, 24]
[2, 3, 5, 12]
[1, 3, 7, 10, 17]
[1, 3, 6, 27]
[1, 2, 10, 11, 12]
[3, 4, 5, 15]
[16, 17, 18, 19, 20, 21, 22, 23, 24, 25, 26, 27, 28]


5
process id 1
stats
5, 15, 7, 100, 1000
20220818-200226
loosing coalitions taken
[2, 4, 5, 17]
[1, 4, 7, 14, 16]
[1, 2, 8, 11, 21]
[1, 5, 6, 10, 23]
[1, 4, 8, 10, 15]
[2, 3, 6, 11]
[1, 2, 10, 12, 14]
[1, 2, 7, 15, 19]
[1, 4, 6, 17]
[3, 4, 5, 15]
[2, 4, 6, 16, 18]
[2, 3, 5, 14]
[1, 3, 6, 26]
[1, 3, 7, 8]
[16, 17, 18, 19, 20, 21, 22, 23, 24, 25, 26, 27, 28]


6
process id 6
stats
5, 15, 7, 100, 1000
20220818-200239
loosing coalitions taken
[1, 2, 7, 16, 21]
[1, 2, 10, 11, 13]
[1, 4, 7, 8]
[1, 5, 6, 9, 24]
[1, 4, 6, 17, 28]
[2, 3, 5, 22, 27]
[1, 3, 7, 10, 18]
[2, 3, 6, 14, 25]
[3, 4, 5, 11, 23]
[2, 4, 6, 12, 23]
[3, 4, 6, 10, 15]
[1, 3, 8, 9, 17]
[2, 4, 5, 19]
[1, 2, 8, 14, 20]
[16, 17, 18, 19, 20, 21, 22, 23, 24, 25, 26, 27, 28]


6
process id 0
stats
5, 15, 7, 100, 1000
20220818-200240
loosing coalitions taken
[1, 4, 8, 10, 12]
[2, 4, 6, 11, 23]
[2, 3, 5, 21, 27]
[2, 4, 5, 22, 24]
[1, 2, 9, 11, 14]
[3, 4, 6, 9, 22]
[2, 3, 6, 12]
[1, 3, 7, 10, 18]
[1, 2, 7, 16, 19]
[3, 4, 5, 15, 25]
[1, 5, 6, 13, 19]
[1, 4, 6, 21]
[1, 3, 8, 9, 16]
[1, 2, 8, 15, 17]
[16, 17, 18, 19, 20, 21, 22, 23, 24, 25, 26, 27, 28]


6
process id 0
stats
5, 15, 7, 100, 1000
20220818-200244
loosing coalitions taken
[2, 4, 6, 11, 24]
[3, 4, 6, 12, 17]
[1, 5, 6, 9, 26]
[2, 3, 5, 18, 26]
[2, 3, 6, 16, 21]
[2, 4, 5, 15]
[1, 4, 8, 12, 13]
[1, 4, 7, 9, 17]
[1, 3, 8, 11, 15]
[1, 2, 8, 10, 19]
[1, 2, 7, 12, 16]
[1, 4, 6, 23]
[1, 3, 9, 10, 12]
[1, 3, 7, 13, 14]
[16, 17, 18, 19, 20, 21, 22, 23, 24, 25, 26, 27, 28]


5
process id 7
stats
5, 15, 7, 100, 1000
20220818-200246
loosing coalitions taken
[2, 4, 5, 18, 28]
[1, 3, 7, 13, 22]
[3, 4, 5, 16]
[2, 5, 6, 8, 11]
[1, 2, 7, 11, 18]
[1, 4, 7, 9, 15]
[2, 4, 6, 9, 23]
[1, 2, 9, 12, 14]
[2, 3, 6, 13]
[1, 3, 8, 12, 17]
[1, 4, 6, 27]
[1, 3, 6, 28]
[3, 4, 6, 8]
[2, 3, 5, 15]
[16, 17, 18, 19, 20, 21, 22, 23, 24, 25, 26, 27, 28]


6
process id 5
stats
5, 15, 7, 100, 1000
20220818-200253
loosing coalitions taken
[1, 2, 8, 9, 20]
[1, 2, 7, 10, 25]
[1, 4, 7, 9, 17]
[3, 4, 6, 11, 21]
[1, 5, 6, 13, 23]
[1, 3, 7, 13, 19]
[2, 3, 5, 26, 28]
[2, 4, 5, 17]
[1, 4, 6, 25]
[3, 4, 5, 13]
[2, 3, 6, 16, 23]
[1, 4, 8, 10, 15]
[1, 3, 6, 26]
[1, 3, 8, 12, 16]
[16, 17, 18, 19, 20, 21, 22, 23, 24, 25, 26, 27, 28]


6
process id 7
stats
5, 15, 7, 100, 1000
20220818-200258
loosing coalitions taken
[1, 3, 7, 14, 21]
[2, 4, 5, 19]
[2, 3, 6, 9]
[1, 2, 7, 16, 20]
[1, 4, 8, 9, 12]
[1, 3, 8, 11, 16]
[1, 5, 6, 10, 25]
[1, 2, 10, 12, 13]
[1, 4, 6, 28]
[3, 4, 5, 18, 23]
[1, 4, 7, 11, 15]
[2, 3, 5, 10]
[1, 3, 6, 27]
[3, 4, 6, 14, 17]
[16, 17, 18, 19, 20, 21, 22, 23, 24, 25, 26, 27, 28]


5
process id 4
stats
5, 15, 7, 100, 1000
20220818-200303
loosing coalitions taken
[2, 3, 7, 8, 10]
[1, 4, 7, 10, 19]
[1, 2, 7, 11, 24]
[1, 3, 8, 11, 17]
[1, 2, 8, 9, 21]
[1, 5, 6, 14, 21]
[3, 4, 6, 10, 21]
[2, 3, 6, 12, 27]
[1, 3, 7, 15, 20]
[1, 3, 6, 25]
[2, 4, 5, 17, 23]
[3, 4, 5, 19, 24]
[2, 4, 6, 8]
[2, 3, 5, 15, 26]
[16, 17, 18, 19, 20, 21, 22, 23, 24, 25, 26, 27, 28]


5
process id 5
stats
5, 15, 7, 100, 1000
20220818-200303
loosing coalitions taken
[1, 2, 10, 11, 13]
[2, 3, 6, 11]
[2, 4, 5, 17, 27]
[1, 4, 7, 9, 18]
[1, 2, 7, 12, 23]
[1, 4, 6, 27]
[1, 3, 8, 13, 15]
[3, 4, 5, 14]
[3, 4, 6, 15, 17]
[2, 5, 6, 8, 10]
[2, 3, 5, 22, 24]
[1, 3, 7, 10, 14]
[1, 3, 6, 28]
[1, 5, 6, 11, 20]
[16, 17, 18, 19, 20, 21, 22, 23, 24, 25, 26, 27, 28]


5
process id 5
stats
5, 15, 7, 100, 1000
20220818-200332
loosing coalitions taken
[1, 2, 7, 12, 23]
[2, 3, 6, 12, 28]
[3, 4, 6, 15, 16]
[1, 3, 7, 16, 18]
[1, 4, 7, 10, 14]
[2, 3, 7, 8, 9]
[1, 4, 8, 9, 13]
[1, 2, 8, 14, 20]
[1, 5, 6, 10, 21]
[1, 3, 8, 10, 11]
[2, 4, 5, 18, 21]
[1, 3, 6, 26]
[2, 4, 6, 14, 17]
[3, 4, 5, 12]
[16, 17, 18, 19, 20, 21, 22, 23, 24, 25, 26, 27, 28]


