Results
Max overall: 15
Min avg pop: 0.637
Min pop: 0.63

6
process id 0
stats
5, 15, 7, 100, 1000
20220818-200352
loosing coalitions taken
[3, 4, 5, 17, 22]
[1, 2, 8, 15, 16]
[1, 3, 7, 13, 21]
[1, 4, 8, 10, 14]
[1, 4, 7, 9, 17]
[1, 3, 8, 9, 11]
[2, 4, 5, 10]
[1, 2, 7, 12, 24]
[1, 5, 6, 11, 20]
[2, 3, 6, 14]
[2, 3, 5, 16]
[1, 2, 9, 10, 13]
[2, 4, 6, 8]
[1, 4, 6, 23, 24]
[16, 17, 18, 19, 20, 21, 22, 23, 24, 25, 26, 27, 28]


5
process id 4
stats
5, 15, 7, 100, 1000
20220818-200401
loosing coalitions taken
[2, 4, 5, 17]
[1, 2, 7, 9]
[2, 3, 6, 14]
[2, 4, 6, 8]
[1, 2, 8, 10, 19]
[1, 3, 6, 23]
[2, 3, 5, 12]
[1, 3, 7, 11, 17]
[1, 5, 6, 10, 22]
[3, 4, 5, 16]
[1, 4, 8, 11, 12]
[1, 4, 6, 25]
[1, 3, 8, 9, 20]
[1, 4, 7, 10, 16]
[16, 17, 18, 19, 20, 21, 22, 23, 24, 25, 26, 27, 28]


5
process id 3
stats
5, 15, 7, 100, 1000
20220818-200413
loosing coalitions taken
[1, 4, 7, 12, 14]
[1, 5, 6, 10, 25]
[2, 3, 6, 16, 23]
[2, 4, 6, 11, 22]
[2, 3, 5, 21]
[3, 4, 6, 9, 19]
[1, 2, 8, 10, 20]
[1, 4, 6, 27]
[1, 2, 7, 9]
[1, 3, 6, 28]
[2, 4, 5, 16]
[3, 4, 5, 12]
[1, 3, 9, 10, 12]
[1, 3, 7, 8]
[16, 17, 18, 19, 20, 21, 22, 23, 24, 25, 26, 27, 28]


5
process id 4
stats
5, 15, 7, 100, 1000
20220818-200414
loosing coalitions taken
[1, 2, 9, 10, 13]
[1, 2, 8, 11, 21]
[2, 4, 6, 12, 23]
[1, 2, 7, 12, 19]
[1, 3, 7, 9, 24]
[2, 4, 5, 19]
[1, 3, 8, 10, 19]
[1, 3, 6, 23]
[1, 4, 7, 13, 15]
[2, 3, 6, 9]
[2, 3, 5, 11]
[3, 4, 5, 15, 23]
[1, 5, 6, 8, 28]
[1, 4, 6, 25]
[16, 17, 18, 19, 20, 21, 22, 23, 24, 25, 26, 27, 28]


5
process id 6
stats
5, 15, 7, 100, 1000
20220818-200423
loosing coalitions taken
[1, 2, 7, 16, 21]
[1, 2, 8, 11, 17]
[1, 4, 7, 12, 15]
[1, 3, 8, 10, 19]
[1, 5, 6, 10, 23]
[2, 4, 5, 15, 23]
[2, 4, 6, 11, 21]
[1, 4, 6, 17]
[1, 3, 7, 13, 18]
[3, 4, 5, 12, 27]
[2, 3, 7, 8, 9]
[2, 3, 5, 17, 24]
[1, 2, 10, 12, 14]
[2, 3, 6, 19, 20]
[16, 17, 18, 19, 20, 21, 22, 23, 24, 25, 26, 27, 28]


6
process id 5
stats
5, 15, 7, 100, 1000
20220818-200425
loosing coalitions taken
[1, 2, 7, 14, 21]
[1, 2, 8, 15, 17]
[1, 4, 7, 9, 19]
[1, 4, 8, 12, 14]
[1, 3, 7, 12, 18]
[1, 5, 6, 11, 24]
[2, 4, 6, 8, 18]
[2, 3, 5, 24, 25]
[3, 4, 5, 16, 28]
[2, 4, 5, 12, 26]
[2, 3, 6, 13, 22]
[1, 2, 9, 10, 12]
[1, 4, 6, 17]
[1, 3, 8, 9, 16]
[16, 17, 18, 19, 20, 21, 22, 23, 24, 25, 26, 27, 28]


5
process id 5
stats
5, 15, 7, 100, 1000
20220818-200439
loosing coalitions taken
[1, 3, 7, 13, 22]
[1, 2, 9, 12, 13]
[1, 2, 8, 14, 16]
[1, 3, 8, 12, 18]
[3, 4, 5, 16]
[1, 2, 7, 15, 17]
[1, 5, 6, 9, 26]
[1, 4, 7, 8]
[1, 4, 6, 23]
[2, 4, 5, 12]
[2, 3, 5, 24]
[2, 3, 6, 11]
[2, 4, 6, 10, 19]
[1, 3, 6, 27]
[16, 17, 18, 19, 20, 21, 22, 23, 24, 25, 26, 27, 28]


6
process id 6
stats
5, 15, 7, 100, 1000
20220818-200440
loosing coalitions taken
[1, 5, 6, 10, 26]
[1, 2, 8, 9, 20]
[1, 3, 7, 14, 18]
[1, 2, 7, 12, 22]
[1, 2, 10, 11, 13]
[1, 4, 7, 9, 15]
[1, 3, 9, 10, 12]
[3, 4, 6, 13, 17]
[1, 3, 6, 28]
[2, 4, 5, 11, 22]
[2, 4, 6, 15, 21]
[2, 3, 5, 19, 27]
[3, 4, 5, 14]
[1, 4, 8, 11, 12]
[16, 17, 18, 19, 20, 21, 22, 23, 24, 25, 26, 27, 28]


5
process id 7
stats
5, 15, 7, 100, 1000
20220818-200510
loosing coalitions taken
[1, 3, 7, 14, 20]
[1, 5, 6, 15, 20]
[1, 4, 8, 10, 15]
[1, 2, 8, 14, 17]
[3, 4, 5, 15]
[1, 2, 7, 9]
[2, 4, 6, 11, 24]
[2, 4, 5, 22, 23]
[1, 4, 6, 25]
[2, 3, 6, 13, 23]
[1, 2, 10, 11, 12]
[2, 3, 5, 18]
[1, 3, 8, 11, 19]
[3, 4, 6, 10, 16]
[16, 17, 18, 19, 20, 21, 22, 23, 24, 25, 26, 27, 28]


5
process id 6
stats
5, 15, 7, 100, 1000
20220818-200522
loosing coalitions taken
[1, 2, 7, 13, 18]
[1, 2, 8, 15, 17]
[1, 3, 8, 13, 16]
[1, 3, 7, 9, 22]
[3, 4, 5, 13]
[2, 3, 6, 14, 24]
[1, 2, 10, 11, 14]
[1, 4, 7, 8]
[1, 5, 6, 16, 18]
[2, 3, 5, 10]
[2, 4, 6, 16, 19]
[1, 3, 6, 26]
[1, 4, 6, 20]
[2, 4, 5, 15]
[16, 17, 18, 19, 20, 21, 22, 23, 24, 25, 26, 27, 28]


6
process id 4
stats
5, 15, 7, 100, 1000
20220818-200531
loosing coalitions taken
[1, 2, 10, 11, 13]
[2, 3, 6, 14, 24]
[1, 3, 7, 12, 21]
[2, 3, 5, 25, 27]
[1, 2, 7, 16, 19]
[2, 4, 5, 16]
[1, 3, 8, 10, 16]
[1, 4, 6, 26, 27]
[1, 4, 8, 9, 12]
[1, 5, 6, 11, 25]
[1, 3, 6, 23]
[2, 3, 7, 8, 9]
[1, 4, 7, 10, 18]
[1, 2, 8, 14, 20]
[16, 17, 18, 19, 20, 21, 22, 23, 24, 25, 26, 27, 28]


5
process id 4
stats
5, 15, 7, 100, 1000
20220818-200559
loosing coalitions taken
[2, 3, 6, 15, 24]
[2, 4, 6, 12, 21]
[1, 4, 7, 10, 15]
[1, 3, 7, 16, 18]
[1, 3, 8, 9, 20]
[3, 4, 6, 13, 20]
[1, 2, 10, 11, 12]
[1, 5, 6, 12, 23]
[1, 3, 6, 28]
[3, 4, 5, 9]
[1, 2, 8, 14, 17]
[2, 3, 7, 8, 10]
[1, 2, 7, 9]
[1, 4, 8, 11, 13]
[16, 17, 18, 19, 20, 21, 22, 23, 24, 25, 26, 27, 28]


5
process id 0
stats
5, 15, 7, 100, 1000
20220818-200605
loosing coalitions taken
[1, 2, 8, 9, 21]
[1, 2, 10, 12, 14]
[3, 4, 5, 14]
[2, 3, 6, 12, 26]
[1, 3, 9, 10, 11]
[1, 2, 7, 11, 18]
[1, 4, 7, 8]
[2, 4, 6, 15, 16]
[2, 4, 5, 19, 25]
[1, 4, 6, 26]
[1, 3, 8, 13, 14]
[2, 3, 5, 17]
[1, 5, 6, 13, 22]
[3, 4, 6, 9, 13]
[16, 17, 18, 19, 20, 21, 22, 23, 24, 25, 26, 27, 28]


6
process id 4
stats
5, 15, 7, 100, 1000
20220818-200630
loosing coalitions taken
[2, 4, 5, 17, 27]
[1, 5, 6, 9, 24]
[1, 2, 7, 12, 26]
[3, 4, 6, 13, 17]
[1, 4, 8, 11, 13]
[1, 4, 7, 10, 16]
[2, 4, 6, 12, 22]
[1, 3, 7, 15, 17]
[1, 2, 8, 9, 18]
[2, 3, 6, 14, 23]
[1, 3, 8, 10, 19]
[3, 4, 5, 16, 28]
[2, 3, 5, 13]
[1, 4, 6, 18]
[16, 17, 18, 19, 20, 21, 22, 23, 24, 25, 26, 27, 28]


6
process id 2
stats
5, 15, 7, 100, 1000
20220818-200644
loosing coalitions taken
[1, 5, 6, 15, 18]
[2, 3, 6, 10, 27]
[3, 4, 6, 13, 16]
[2, 4, 6, 11, 17]
[1, 2, 9, 10, 12]
[1, 4, 7, 9, 18]
[1, 2, 8, 13, 19]
[1, 4, 6, 27]
[2, 4, 5, 15, 28]
[1, 3, 8, 12, 17]
[2, 3, 5, 12]
[3, 4, 5, 9]
[1, 3, 7, 14, 19]
[1, 2, 7, 11, 22]
[16, 17, 18, 19, 20, 21, 22, 23, 24, 25, 26, 27, 28]


