Results
Max overall: 15
Min avg pop: 0.639
Min pop: 0.63

6
process id 2
stats
5, 15, 7, 100, 1000
20220818-201203
loosing coalitions taken
[1, 5, 6, 16, 19]
[1, 4, 8, 10, 12]
[2, 3, 6, 12]
[1, 2, 8, 15, 17]
[3, 4, 5, 15]
[1, 3, 8, 9, 19]
[1, 2, 9, 10, 14]
[1, 4, 6, 23]
[2, 3, 5, 18]
[2, 4, 5, 12, 28]
[2, 4, 6, 14, 21]
[1, 3, 6, 26]
[1, 3, 7, 10, 20]
[1, 4, 7, 11, 17]
[16, 17, 18, 19, 20, 21, 22, 23, 24, 25, 26, 27, 28]


5
process id 0
stats
5, 15, 7, 100, 1000
20220818-201208
loosing coalitions taken
[3, 4, 5, 18, 22]
[2, 3, 5, 20]
[2, 4, 6, 13, 21]
[1, 2, 7, 15, 19]
[1, 4, 7, 13, 14]
[1, 3, 8, 12, 17]
[1, 3, 7, 16, 18]
[1, 3, 9, 10, 11]
[1, 2, 8, 10, 18]
[3, 4, 6, 8]
[2, 4, 5, 14]
[1, 2, 6, 23]
[2, 3, 6, 14]
[1, 5, 6, 15, 17]
[16, 17, 18, 19, 20, 21, 22, 23, 24, 25, 26, 27, 28]


6
process id 5
stats
5, 15, 7, 100, 1000
20220818-201232
loosing coalitions taken
[3, 4, 6, 11, 20]
[1, 5, 6, 12, 23]
[1, 3, 8, 14, 16]
[1, 2, 7, 14, 22]
[2, 3, 6, 14]
[1, 2, 8, 10, 19]
[1, 4, 7, 8]
[2, 4, 5, 20, 21]
[2, 3, 5, 17]
[2, 4, 6, 9, 25]
[1, 4, 6, 22]
[1, 2, 9, 11, 13]
[1, 3, 7, 11, 12]
[3, 4, 5, 10]
[16, 17, 18, 19, 20, 21, 22, 23, 24, 25, 26, 27, 28]


5
process id 3
stats
5, 15, 7, 100, 1000
20220818-201239
loosing coalitions taken
[1, 2, 8, 13, 17]
[2, 4, 5, 17]
[1, 3, 8, 10, 19]
[1, 4, 6, 24, 28]
[1, 2, 9, 10, 12]
[1, 2, 7, 16, 19]
[1, 3, 7, 13, 22]
[1, 4, 7, 9, 15]
[1, 4, 8, 11, 14]
[3, 4, 6, 15, 16]
[3, 4, 5, 14]
[2, 3, 5, 12]
[2, 3, 6, 14]
[2, 4, 6, 8, 21]
[16, 17, 18, 19, 20, 21, 22, 23, 24, 25, 26, 27, 28]


6
process id 4
stats
5, 15, 7, 100, 1000
20220818-201243
loosing coalitions taken
[2, 3, 6, 13]
[1, 2, 9, 10, 12]
[1, 4, 7, 12, 15]
[1, 2, 8, 15, 16]
[1, 3, 8, 11, 18]
[2, 4, 5, 17]
[1, 4, 6, 24, 27]
[1, 2, 7, 11, 17]
[3, 4, 6, 10, 14]
[1, 3, 7, 9, 16]
[1, 5, 6, 13, 21]
[2, 3, 5, 14]
[2, 4, 6, 9, 19]
[3, 4, 5, 16, 19]
[16, 17, 18, 19, 20, 21, 22, 23, 24, 25, 26, 27, 28]


5
process id 5
stats
5, 15, 7, 100, 1000
20220818-201247
loosing coalitions taken
[1, 2, 9, 10, 11]
[1, 2, 8, 14, 17]
[1, 2, 7, 13, 25]
[2, 3, 6, 14]
[1, 3, 7, 12, 21]
[1, 3, 8, 15, 16]
[1, 4, 6, 26, 27]
[2, 4, 5, 20, 25]
[1, 5, 6, 12, 19]
[2, 3, 5, 17, 21]
[3, 4, 6, 8, 28]
[3, 4, 5, 11]
[2, 4, 6, 9, 23]
[1, 4, 7, 8]
[16, 17, 18, 19, 20, 21, 22, 23, 24, 25, 26, 27, 28]


6
process id 4
stats
5, 15, 7, 100, 1000
20220818-201318
loosing coalitions taken
[2, 4, 6, 16, 17]
[1, 3, 9, 10, 11]
[1, 5, 6, 12, 24]
[3, 4, 5, 16, 23]
[2, 3, 6, 18, 19]
[2, 4, 5, 13, 28]
[3, 4, 6, 9, 20]
[2, 3, 5, 22]
[1, 2, 7, 10, 27]
[1, 4, 7, 12, 16]
[1, 3, 7, 13, 14]
[1, 3, 8, 15, 16]
[1, 4, 6, 28]
[1, 2, 8, 11, 21]
[16, 17, 18, 19, 20, 21, 22, 23, 24, 25, 26, 27, 28]


6
process id 7
stats
5, 15, 7, 100, 1000
20220818-201319
loosing coalitions taken
[1, 3, 8, 11, 17]
[1, 5, 6, 12, 22]
[1, 4, 7, 10, 19]
[1, 3, 7, 15, 20]
[1, 4, 8, 13, 14]
[2, 3, 6, 14, 24]
[3, 4, 6, 9, 18]
[1, 4, 6, 25]
[1, 2, 7, 16, 18]
[2, 3, 5, 16, 27]
[2, 4, 5, 15, 22]
[3, 4, 5, 19, 20]
[1, 2, 8, 9, 21]
[1, 2, 10, 11, 14]
[16, 17, 18, 19, 20, 21, 22, 23, 24, 25, 26, 27, 28]


5
process id 3
stats
5, 15, 7, 100, 1000
20220818-201335
loosing coalitions taken
[1, 4, 7, 11, 15]
[1, 3, 8, 10, 19]
[1, 2, 7, 9, 22]
[1, 2, 10, 11, 14]
[2, 3, 6, 12]
[1, 5, 6, 10, 21]
[1, 4, 8, 12, 13]
[1, 3, 7, 13, 20]
[1, 4, 6, 19]
[2, 4, 5, 19]
[2, 4, 6, 7]
[2, 3, 5, 24]
[3, 4, 5, 18, 25]
[1, 2, 8, 15, 16]
[16, 17, 18, 19, 20, 21, 22, 23, 24, 25, 26, 27, 28]


6
process id 6
stats
5, 15, 7, 100, 1000
20220818-201346
loosing coalitions taken
[1, 2, 8, 11, 21]
[1, 5, 6, 15, 18]
[1, 2, 7, 10, 26]
[2, 4, 6, 13, 20]
[3, 4, 6, 14, 18]
[1, 4, 6, 25, 27]
[1, 3, 8, 12, 14]
[1, 3, 7, 11, 23]
[2, 3, 5, 22, 26]
[3, 4, 5, 17, 23]
[2, 4, 5, 21, 28]
[1, 2, 9, 12, 13]
[2, 3, 6, 12]
[1, 4, 7, 8]
[16, 17, 18, 19, 20, 21, 22, 23, 24, 25, 26, 27, 28]


5
process id 2
stats
5, 15, 7, 100, 1000
20220818-201347
loosing coalitions taken
[1, 2, 8, 14, 19]
[1, 4, 7, 9, 18]
[2, 3, 6, 14]
[2, 4, 5, 21, 24]
[1, 2, 9, 10, 12]
[1, 3, 8, 9, 17]
[1, 5, 6, 10, 21]
[1, 4, 6, 27]
[1, 2, 7, 13, 23]
[1, 3, 6, 22]
[2, 3, 5, 25, 27]
[2, 4, 6, 11, 23]
[1, 4, 8, 10, 13]
[3, 4, 5, 11, 26]
[16, 17, 18, 19, 20, 21, 22, 23, 24, 25, 26, 27, 28]


6
process id 2
stats
5, 15, 7, 100, 1000
20220818-201437
loosing coalitions taken
[3, 4, 6, 14, 17]
[1, 3, 8, 10, 16]
[2, 4, 5, 17, 26]
[1, 2, 8, 9, 19]
[3, 4, 5, 13]
[2, 4, 6, 15, 20]
[2, 5, 6, 8, 12]
[1, 2, 7, 12, 23]
[1, 2, 10, 11, 14]
[2, 3, 6, 11]
[1, 5, 6, 9, 25]
[1, 4, 7, 14, 16]
[1, 4, 6, 28]
[1, 3, 7, 9, 22]
[16, 17, 18, 19, 20, 21, 22, 23, 24, 25, 26, 27, 28]


5
process id 4
stats
5, 15, 7, 100, 1000
20220818-201512
loosing coalitions taken
[1, 5, 6, 9, 25]
[1, 2, 8, 12, 19]
[1, 4, 7, 13, 15]
[1, 3, 8, 9, 18]
[1, 2, 7, 9]
[2, 3, 6, 10]
[2, 4, 5, 20]
[2, 4, 6, 13, 19]
[2, 3, 5, 11]
[1, 4, 6, 27]
[3, 4, 5, 14]
[1, 4, 8, 10, 14]
[1, 3, 7, 12, 21]
[1, 3, 6, 23]
[16, 17, 18, 19, 20, 21, 22, 23, 24, 25, 26, 27, 28]


5
process id 1
stats
5, 15, 7, 100, 1000
20220818-201526
loosing coalitions taken
[2, 3, 5, 23]
[1, 5, 6, 15, 21]
[3, 4, 6, 12, 20]
[1, 3, 8, 14, 16]
[1, 3, 7, 15, 19]
[1, 4, 7, 8, 25]
[1, 4, 6, 28]
[1, 3, 9, 10, 11]
[3, 4, 5, 10, 27]
[2, 4, 5, 15]
[2, 3, 6, 10]
[1, 2, 6, 26]
[1, 2, 7, 16, 18]
[1, 2, 8, 13, 19]
[16, 17, 18, 19, 20, 21, 22, 23, 24, 25, 26, 27, 28]


6
process id 3
stats
5, 15, 7, 100, 1000
20220818-201537
loosing coalitions taken
[2, 3, 6, 14]
[1, 2, 9, 10, 13]
[1, 4, 6, 28]
[1, 3, 7, 10, 19]
[1, 2, 8, 11, 16]
[3, 4, 5, 16, 25]
[1, 3, 8, 9, 12]
[2, 4, 6, 13, 22]
[2, 3, 5, 22]
[1, 5, 6, 9, 23]
[2, 4, 5, 20]
[1, 3, 6, 25, 26]
[1, 4, 8, 10, 15]
[1, 2, 7, 12, 24]
[16, 17, 18, 19, 20, 21, 22, 23, 24, 25, 26, 27, 28]


5
process id 6
stats
5, 15, 7, 100, 1000
20220818-201543
loosing coalitions taken
[2, 3, 6, 18, 21]
[1, 4, 8, 9, 11]
[2, 3, 7, 8, 9]
[1, 2, 9, 12, 14]
[1, 2, 7, 15, 19]
[1, 3, 7, 10, 24]
[1, 3, 8, 12, 15]
[2, 3, 5, 24]
[2, 4, 5, 19]
[3, 4, 5, 14, 25]
[1, 3, 6, 28]
[2, 4, 6, 14, 22]
[1, 4, 6, 23, 24]
[1, 5, 6, 13, 17]
[16, 17, 18, 19, 20, 21, 22, 23, 24, 25, 26, 27, 28]


5
process id 5
stats
5, 15, 7, 100, 1000
20220818-201548
loosing coalitions taken
[1, 4, 8, 9, 11]
[1, 2, 10, 11, 13]
[1, 4, 7, 10, 18]
[1, 2, 7, 9]
[1, 5, 6, 13, 22]
[2, 4, 5, 10]
[1, 3, 8, 10, 16]
[1, 2, 6, 23]
[2, 4, 6, 14, 17]
[2, 3, 5, 20]
[1, 3, 7, 11, 14]
[2, 3, 6, 12, 24]
[3, 4, 5, 15]
[1, 4, 6, 28]
[16, 17, 18, 19, 20, 21, 22, 23, 24, 25, 26, 27, 28]


