Results
15
0.64
0.6416000000000001

6
process id 1
stats
5, 15, 7, 100, 1000
20220817-204224
loosing coalitions taken
[1, 2, 7, 13, 23]
[1, 5, 6, 15, 21]
[2, 3, 6, 12]
[1, 2, 9, 10, 11]
[1, 3, 7, 11, 21]
[2, 4, 5, 18]
[1, 2, 8, 14, 20]
[1, 3, 8, 9, 18]
[3, 4, 5, 16]
[3, 4, 6, 14, 17]
[2, 3, 5, 25, 26]
[2, 4, 6, 10, 21]
[1, 4, 6, 28]
[1, 4, 8, 10, 13]
[16, 17, 18, 19, 20, 21, 22, 23, 24, 25, 26, 27, 28]


6
process id 5
stats
5, 15, 7, 100, 1000
20220817-204225
loosing coalitions taken
[2, 3, 6, 13]
[1, 2, 8, 11, 21]
[1, 2, 9, 10, 12]
[1, 3, 7, 15, 17]
[1, 5, 6, 16, 19]
[1, 3, 8, 9, 18]
[1, 2, 7, 14, 20]
[1, 4, 6, 25]
[2, 4, 5, 15]
[3, 4, 5, 14]
[2, 4, 6, 10, 20]
[2, 3, 5, 22]
[1, 4, 7, 8]
[3, 4, 6, 8]
[16, 17, 18, 19, 20, 21, 22, 23, 24, 25, 26, 27, 28]


6
process id 4
stats
5, 15, 7, 100, 1000
20220817-204227
loosing coalitions taken
[1, 3, 9, 10, 11]
[1, 2, 7, 9, 26]
[1, 3, 7, 15, 17]
[2, 4, 5, 19]
[1, 4, 8, 10, 13]
[1, 2, 8, 11, 21]
[2, 3, 5, 24, 26]
[3, 4, 5, 16, 27]
[1, 4, 6, 27]
[2, 4, 6, 14, 21]
[2, 3, 6, 13]
[1, 5, 6, 13, 23]
[3, 4, 6, 8]
[3, 5, 6, 7, 12]
[16, 17, 18, 19, 20, 21, 22, 23, 24, 25, 26, 27, 28]


5
process id 7
stats
5, 15, 7, 100, 1000
20220817-204227
loosing coalitions taken
[1, 2, 7, 10, 24]
[2, 4, 5, 17]
[2, 3, 6, 11]
[1, 4, 7, 9, 16]
[1, 2, 8, 9, 20]
[1, 3, 7, 15, 20]
[3, 4, 5, 19, 23]
[2, 3, 5, 22]
[3, 4, 6, 8]
[1, 4, 6, 25]
[1, 5, 6, 11, 22]
[2, 4, 6, 16, 18]
[1, 3, 8, 11, 16]
[1, 4, 8, 10, 12]
[16, 17, 18, 19, 20, 21, 22, 23, 24, 25, 26, 27, 28]


5
process id 3
stats
5, 15, 7, 100, 1000
20220817-204228
loosing coalitions taken
[2, 3, 6, 12]
[1, 2, 7, 14, 23]
[3, 4, 5, 16]
[1, 4, 7, 11, 17]
[1, 3, 8, 10, 18]
[1, 4, 8, 9, 12]
[1, 2, 10, 11, 13]
[1, 2, 8, 15, 16]
[2, 3, 5, 25]
[1, 4, 6, 27]
[2, 4, 5, 20]
[2, 4, 6, 13, 18]
[3, 4, 6, 8, 28]
[1, 5, 6, 11, 19]
[16, 17, 18, 19, 20, 21, 22, 23, 24, 25, 26, 27, 28]


6
process id 7
stats
5, 15, 7, 100, 1000
20220817-204230
loosing coalitions taken
[2, 3, 6, 15, 27]
[1, 2, 7, 14, 23]
[1, 3, 7, 15, 21]
[1, 2, 9, 12, 13]
[2, 3, 5, 23]
[1, 2, 8, 15, 16]
[1, 3, 8, 12, 19]
[3, 4, 5, 16]
[1, 4, 6, 28]
[3, 4, 6, 8]
[2, 4, 5, 19]
[1, 5, 6, 9, 26]
[1, 4, 7, 8]
[2, 4, 6, 10, 23]
[16, 17, 18, 19, 20, 21, 22, 23, 24, 25, 26, 27, 28]


6
process id 5
stats
5, 15, 7, 100, 1000
20220817-204232
loosing coalitions taken
[2, 4, 6, 16, 17]
[1, 3, 7, 14, 17]
[1, 4, 8, 9, 14]
[1, 3, 9, 10, 11]
[1, 2, 8, 10, 17]
[1, 2, 7, 13, 23]
[2, 3, 6, 11]
[1, 3, 8, 12, 19]
[3, 4, 5, 16]
[1, 4, 6, 28]
[2, 4, 5, 15]
[2, 3, 5, 22]
[1, 5, 6, 9, 24]
[3, 4, 6, 8]
[16, 17, 18, 19, 20, 21, 22, 23, 24, 25, 26, 27, 28]


5
process id 7
stats
5, 15, 7, 100, 1000
20220817-204233
loosing coalitions taken
[1, 5, 6, 15, 21]
[1, 3, 7, 11, 21]
[2, 4, 5, 16]
[2, 3, 6, 13]
[3, 4, 6, 10, 17]
[2, 3, 5, 21, 28]
[3, 5, 6, 7, 9]
[1, 2, 7, 9]
[2, 4, 6, 15, 18]
[1, 2, 8, 12, 20]
[1, 4, 6, 27]
[3, 4, 5, 20, 22]
[1, 2, 10, 11, 13]
[1, 3, 8, 9, 15]
[16, 17, 18, 19, 20, 21, 22, 23, 24, 25, 26, 27, 28]


5
process id 1
stats
5, 15, 7, 100, 1000
20220817-204234
loosing coalitions taken
[1, 2, 8, 10, 20]
[1, 2, 7, 14, 23]
[1, 3, 8, 14, 16]
[2, 3, 5, 22]
[2, 4, 6, 11, 24]
[1, 4, 8, 12, 13]
[1, 4, 6, 28]
[3, 4, 6, 12, 18]
[2, 3, 6, 9]
[3, 4, 5, 15]
[1, 3, 7, 10, 24]
[2, 4, 5, 20]
[1, 5, 6, 9, 25]
[1, 4, 7, 11, 17]
[16, 17, 18, 19, 20, 21, 22, 23, 24, 25, 26, 27, 28]


5
process id 0
stats
5, 15, 7, 100, 1000
20220817-204236
loosing coalitions taken
[1, 3, 8, 15, 16]
[2, 4, 5, 19]
[1, 4, 7, 10, 17]
[1, 2, 8, 9, 21]
[1, 5, 6, 16, 20]
[1, 3, 7, 13, 20]
[2, 3, 6, 9]
[2, 3, 5, 21]
[3, 4, 5, 13]
[1, 4, 6, 28]
[2, 4, 6, 10, 20]
[3, 4, 6, 8, 26]
[1, 2, 7, 14, 18]
[1, 4, 8, 13, 14]
[16, 17, 18, 19, 20, 21, 22, 23, 24, 25, 26, 27, 28]


6
process id 6
stats
5, 15, 7, 100, 1000
20220817-204236
loosing coalitions taken
[1, 2, 9, 10, 13]
[2, 3, 7, 8, 9]
[2, 3, 5, 24]
[1, 3, 7, 11, 21]
[1, 3, 8, 15, 16]
[1, 4, 8, 10, 14]
[3, 4, 6, 11, 19]
[1, 2, 8, 12, 21]
[1, 2, 7, 15, 19]
[1, 4, 6, 28]
[3, 4, 5, 15, 27]
[2, 4, 5, 19]
[2, 4, 6, 12, 22]
[2, 3, 6, 13]
[16, 17, 18, 19, 20, 21, 22, 23, 24, 25, 26, 27, 28]


5
process id 3
stats
5, 15, 7, 100, 1000
20220817-204238
loosing coalitions taken
[2, 4, 5, 20]
[1, 3, 9, 10, 12]
[1, 2, 7, 9]
[2, 3, 6, 10]
[1, 5, 6, 11, 25]
[3, 4, 5, 17, 22]
[1, 2, 8, 12, 19]
[1, 4, 7, 8]
[2, 3, 5, 23]
[1, 4, 6, 28]
[3, 4, 6, 8]
[2, 4, 6, 9, 24]
[1, 3, 8, 14, 16]
[1, 3, 7, 11, 19]
[16, 17, 18, 19, 20, 21, 22, 23, 24, 25, 26, 27, 28]


6
process id 5
stats
5, 15, 7, 100, 1000
20220817-204241
loosing coalitions taken
[1, 5, 6, 16, 19]
[1, 4, 8, 12, 13]
[1, 4, 7, 10, 16]
[1, 2, 7, 9]
[2, 4, 5, 18, 23]
[1, 4, 6, 26]
[1, 3, 8, 15, 16]
[2, 3, 6, 13, 27]
[2, 3, 5, 24]
[1, 2, 8, 10, 17]
[3, 4, 5, 13]
[1, 3, 9, 10, 12]
[3, 4, 6, 8, 28]
[2, 4, 6, 11, 17]
[16, 17, 18, 19, 20, 21, 22, 23, 24, 25, 26, 27, 28]


6
process id 6
stats
5, 15, 7, 100, 1000
20220817-204241
loosing coalitions taken
[1, 4, 7, 10, 18]
[1, 4, 8, 11, 13]
[1, 3, 7, 12, 22]
[2, 4, 5, 18]
[1, 5, 6, 11, 22]
[1, 3, 8, 10, 16]
[1, 2, 8, 15, 17]
[1, 2, 7, 16, 21]
[2, 4, 6, 12, 21]
[1, 2, 9, 12, 14]
[3, 4, 5, 14, 27]
[2, 3, 6, 14]
[1, 4, 6, 25]
[3, 4, 6, 13, 17]
[16, 17, 18, 19, 20, 21, 22, 23, 24, 25, 26, 27, 28]


6
process id 7
stats
5, 15, 7, 100, 1000
20220817-204241
loosing coalitions taken
[1, 3, 8, 9, 20]
[2, 3, 6, 14]
[1, 2, 8, 10, 18]
[1, 2, 7, 16, 19]
[2, 4, 5, 18, 28]
[3, 4, 5, 19, 23]
[3, 4, 6, 11, 21]
[1, 4, 6, 25]
[2, 4, 6, 15, 17]
[1, 5, 6, 9, 21]
[1, 4, 7, 8]
[2, 3, 5, 21]
[1, 3, 7, 11, 17]
[1, 2, 9, 11, 13]
[16, 17, 18, 19, 20, 21, 22, 23, 24, 25, 26, 27, 28]


6
process id 1
stats
5, 15, 7, 100, 1000
20220817-204241
loosing coalitions taken
[2, 3, 6, 14]
[1, 3, 8, 12, 17]
[2, 4, 5, 20]
[3, 4, 5, 16]
[2, 3, 5, 22]
[1, 2, 7, 13, 24]
[1, 4, 7, 8]
[2, 4, 6, 12, 22]
[1, 4, 6, 25]
[1, 2, 8, 10, 21]
[3, 4, 6, 9, 17]
[1, 3, 7, 10, 19]
[1, 2, 9, 12, 14]
[1, 5, 6, 13, 23]
[16, 17, 18, 19, 20, 21, 22, 23, 24, 25, 26, 27, 28]


6
process id 0
stats
5, 15, 7, 100, 1000
20220817-204244
loosing coalitions taken
[3, 4, 5, 19, 25]
[1, 4, 7, 9, 17]
[1, 5, 6, 16, 17]
[2, 4, 5, 17]
[1, 3, 8, 11, 18]
[1, 2, 8, 13, 20]
[1, 3, 7, 13, 19]
[1, 2, 7, 10, 23]
[1, 4, 8, 10, 14]
[2, 3, 6, 11]
[1, 4, 6, 28]
[2, 3, 5, 23]
[3, 4, 6, 9, 22]
[2, 4, 6, 15, 19]
[16, 17, 18, 19, 20, 21, 22, 23, 24, 25, 26, 27, 28]


6
process id 5
stats
5, 15, 7, 100, 1000
20220817-204245
loosing coalitions taken
[1, 3, 7, 15, 21]
[1, 2, 8, 15, 17]
[1, 2, 7, 13, 25]
[3, 4, 6, 11, 19]
[1, 3, 8, 10, 19]
[1, 4, 7, 10, 18]
[1, 5, 6, 14, 19]
[1, 4, 6, 27]
[2, 3, 5, 20]
[2, 4, 6, 15, 16]
[3, 4, 5, 14]
[2, 3, 6, 12, 23]
[2, 4, 5, 17]
[1, 2, 9, 11, 12]
[16, 17, 18, 19, 20, 21, 22, 23, 24, 25, 26, 27, 28]


6
process id 2
stats
5, 15, 7, 100, 1000
20220817-204245
loosing coalitions taken
[2, 3, 5, 24]
[1, 5, 6, 16, 18]
[2, 4, 6, 15, 21]
[1, 4, 7, 10, 18]
[1, 2, 8, 14, 19]
[1, 2, 7, 15, 22]
[1, 3, 8, 10, 16]
[1, 2, 9, 10, 12]
[1, 4, 6, 27]
[3, 4, 5, 17, 20]
[2, 3, 6, 14]
[1, 3, 7, 9, 24]
[2, 4, 5, 16, 27]
[3, 4, 6, 8, 25]
[16, 17, 18, 19, 20, 21, 22, 23, 24, 25, 26, 27, 28]


5
process id 6
stats
5, 15, 7, 100, 1000
20220817-204245
loosing coalitions taken
[1, 4, 7, 11, 17]
[3, 4, 6, 13, 21]
[1, 2, 7, 9, 24]
[1, 2, 8, 13, 18]
[2, 3, 6, 12]
[2, 4, 5, 18]
[1, 5, 6, 15, 21]
[1, 3, 7, 14, 19]
[1, 4, 6, 25]
[2, 3, 5, 25]
[2, 4, 6, 10, 23]
[1, 4, 8, 10, 15]
[3, 4, 5, 14]
[1, 2, 10, 11, 12]
[16, 17, 18, 19, 20, 21, 22, 23, 24, 25, 26, 27, 28]


5
process id 5
stats
5, 15, 7, 100, 1000
20220817-204246
loosing coalitions taken
[3, 4, 5, 20, 24]
[1, 5, 6, 11, 24]
[1, 4, 7, 8]
[2, 3, 5, 22]
[2, 4, 6, 12, 23]
[2, 3, 6, 13]
[1, 2, 7, 17, 18]
[1, 4, 6, 25]
[1, 3, 8, 12, 16]
[1, 2, 9, 11, 13]
[2, 4, 5, 19]
[3, 4, 6, 11, 18]
[1, 3, 7, 10, 20]
[1, 2, 10, 12, 14]
[16, 17, 18, 19, 20, 21, 22, 23, 24, 25, 26, 27, 28]


5
process id 3
stats
5, 15, 7, 100, 1000
20220817-204246
loosing coalitions taken
[1, 5, 6, 13, 23]
[2, 3, 5, 23]
[1, 3, 7, 14, 18]
[1, 4, 7, 8]
[3, 4, 6, 12, 16]
[1, 2, 7, 10, 23]
[2, 3, 6, 14]
[2, 4, 5, 18]
[3, 4, 5, 14]
[2, 4, 6, 13, 22]
[1, 3, 8, 11, 17]
[1, 3, 9, 10, 12]
[1, 2, 8, 14, 20]
[1, 4, 6, 27]
[16, 17, 18, 19, 20, 21, 22, 23, 24, 25, 26, 27, 28]


5
process id 4
stats
5, 15, 7, 100, 1000
20220817-204246
loosing coalitions taken
[1, 5, 6, 13, 23]
[1, 2, 9, 11, 13]
[2, 4, 5, 17]
[3, 5, 6, 7, 12]
[1, 3, 7, 16, 19]
[1, 4, 8, 10, 13]
[2, 3, 6, 14]
[1, 3, 9, 10, 12]
[1, 2, 8, 12, 20]
[1, 2, 7, 10, 25]
[2, 4, 6, 16, 18]
[1, 4, 6, 28]
[1, 3, 8, 11, 15]
[2, 3, 5, 23]
[16, 17, 18, 19, 20, 21, 22, 23, 24, 25, 26, 27, 28]


5
process id 7
stats
5, 15, 7, 100, 1000
20220817-204246
loosing coalitions taken
[1, 5, 6, 13, 24]
[2, 4, 6, 13, 22]
[1, 4, 7, 8, 27]
[1, 2, 10, 11, 12]
[2, 3, 6, 12]
[2, 4, 5, 20]
[1, 2, 7, 9, 25]
[1, 3, 7, 11, 21]
[1, 2, 8, 13, 17]
[1, 3, 8, 12, 16]
[3, 4, 5, 16]
[2, 3, 5, 25]
[1, 4, 6, 25]
[3, 4, 6, 8]
[16, 17, 18, 19, 20, 21, 22, 23, 24, 25, 26, 27, 28]


6
process id 4
stats
5, 15, 7, 100, 1000
20220817-204248
loosing coalitions taken
[2, 4, 5, 16]
[1, 2, 7, 15, 22]
[1, 2, 8, 10, 17]
[1, 3, 8, 11, 19]
[1, 3, 7, 13, 18]
[1, 2, 9, 11, 13]
[2, 3, 6, 12]
[1, 5, 6, 11, 24]
[1, 4, 6, 27]
[2, 3, 5, 22]
[3, 4, 6, 8]
[2, 4, 6, 13, 22]
[1, 4, 7, 8]
[3, 4, 5, 17, 20]
[16, 17, 18, 19, 20, 21, 22, 23, 24, 25, 26, 27, 28]


6
process id 1
stats
5, 15, 7, 100, 1000
20220817-204248
loosing coalitions taken
[2, 4, 5, 20]
[1, 3, 7, 10, 23]
[1, 5, 6, 14, 22]
[1, 2, 7, 13, 25]
[1, 4, 8, 10, 14]
[2, 3, 6, 11]
[1, 3, 8, 13, 15]
[3, 4, 6, 10, 16]
[1, 4, 6, 27]
[2, 3, 5, 25]
[2, 4, 6, 12, 23]
[1, 2, 9, 11, 14]
[2, 5, 6, 8, 9]
[3, 4, 5, 17, 26]
[16, 17, 18, 19, 20, 21, 22, 23, 24, 25, 26, 27, 28]


6
process id 6
stats
5, 15, 7, 100, 1000
20220817-204248
loosing coalitions taken
[1, 5, 6, 13, 24]
[1, 3, 7, 12, 20]
[1, 4, 8, 10, 15]
[2, 3, 6, 11, 28]
[1, 2, 8, 13, 20]
[2, 3, 7, 8, 10]
[1, 2, 10, 12, 14]
[1, 2, 7, 9]
[2, 4, 5, 19]
[1, 4, 6, 25]
[3, 4, 6, 9, 17]
[3, 5, 6, 7, 14]
[3, 4, 5, 15]
[2, 3, 5, 23, 27]
[16, 17, 18, 19, 20, 21, 22, 23, 24, 25, 26, 27, 28]


5
process id 5
stats
5, 15, 7, 100, 1000
20220817-204249
loosing coalitions taken
[1, 5, 6, 10, 26]
[1, 2, 8, 10, 20]
[2, 3, 6, 11]
[1, 4, 7, 10, 19]
[1, 2, 7, 15, 22]
[1, 4, 8, 9, 15]
[2, 4, 5, 18]
[1, 3, 8, 12, 18]
[3, 4, 5, 20, 22]
[2, 3, 5, 25]
[2, 4, 6, 14, 21]
[1, 4, 6, 25]
[3, 4, 6, 8]
[1, 3, 7, 9, 21]
[16, 17, 18, 19, 20, 21, 22, 23, 24, 25, 26, 27, 28]


5
process id 6
stats
5, 15, 7, 100, 1000
20220817-204250
loosing coalitions taken
[2, 3, 6, 14]
[1, 4, 7, 8]
[3, 4, 5, 21, 23]
[1, 2, 10, 11, 13]
[2, 4, 5, 20]
[1, 4, 6, 28]
[1, 3, 8, 15, 16]
[1, 2, 7, 9]
[2, 3, 5, 22]
[3, 4, 6, 11, 18]
[1, 3, 7, 13, 22]
[2, 4, 6, 10, 22]
[1, 2, 8, 12, 19]
[1, 5, 6, 10, 24]
[16, 17, 18, 19, 20, 21, 22, 23, 24, 25, 26, 27, 28]


5
process id 2
stats
5, 15, 7, 100, 1000
20220817-204250
loosing coalitions taken
[1, 2, 9, 12, 13]
[1, 2, 7, 11, 23]
[1, 3, 7, 14, 21]
[2, 4, 5, 16]
[2, 3, 6, 12]
[1, 3, 8, 15, 16]
[1, 2, 8, 14, 19]
[2, 3, 5, 24]
[3, 4, 5, 20, 23]
[1, 5, 6, 12, 17]
[3, 4, 6, 8]
[1, 4, 7, 8]
[1, 4, 6, 27]
[2, 4, 6, 9, 23]
[16, 17, 18, 19, 20, 21, 22, 23, 24, 25, 26, 27, 28]


6
process id 4
stats
5, 15, 7, 100, 1000
20220817-204250
loosing coalitions taken
[1, 2, 7, 9, 25]
[3, 4, 6, 11, 21]
[1, 3, 8, 12, 17]
[2, 4, 5, 18]
[2, 3, 6, 13]
[1, 3, 9, 10, 11]
[1, 2, 8, 11, 20]
[1, 2, 10, 12, 14]
[1, 3, 7, 14, 20]
[1, 4, 7, 8]
[1, 4, 6, 26]
[1, 5, 6, 10, 23]
[2, 3, 5, 25]
[3, 4, 5, 15]
[16, 17, 18, 19, 20, 21, 22, 23, 24, 25, 26, 27, 28]




5
process id 0
stats
5, 15, 7, 100, 1000
20220817-204252
loosing coalitions taken
[2, 3, 6, 12]
[2, 4, 5, 20, 24]
[1, 3, 9, 10, 11]
[1, 2, 7, 16, 21]
[1, 2, 8, 10, 20]
[3, 4, 5, 15]
[1, 3, 7, 13, 20]
[1, 5, 6, 12, 19]
[2, 3, 5, 22]
[1, 4, 6, 27]
[1, 4, 7, 8]
[3, 4, 6, 13, 21]
[2, 4, 6, 10, 23]
[1, 2, 9, 12, 14]
[16, 17, 18, 19, 20, 21, 22, 23, 24, 25, 26, 27, 28]


6
process id 2
stats
5, 15, 7, 100, 1000
20220817-204252
loosing coalitions taken
[1, 2, 8, 15, 16]
[1, 4, 7, 8, 26]
[1, 2, 10, 11, 14]
[1, 3, 7, 11, 22]
[1, 5, 6, 15, 21]
[1, 2, 7, 9, 24]
[2, 4, 5, 17]
[1, 3, 8, 12, 17]
[2, 3, 6, 11]
[3, 4, 5, 16]
[3, 4, 6, 8]
[2, 3, 5, 25]
[1, 4, 6, 27]
[2, 4, 6, 13, 22]
[16, 17, 18, 19, 20, 21, 22, 23, 24, 25, 26, 27, 28]


6
process id 3
stats
5, 15, 7, 100, 1000
20220817-204252
loosing coalitions taken
[1, 2, 8, 10, 21]
[1, 4, 7, 8]
[1, 2, 9, 11, 12]
[3, 4, 5, 16, 27]
[2, 4, 5, 19]
[2, 3, 6, 11, 27]
[2, 3, 5, 24]
[1, 5, 6, 13, 23]
[1, 2, 7, 14, 19]
[2, 4, 6, 10, 24]
[1, 4, 6, 25]
[1, 3, 8, 12, 17]
[1, 3, 7, 11, 21]
[3, 4, 6, 8]
[16, 17, 18, 19, 20, 21, 22, 23, 24, 25, 26, 27, 28]


6
process id 4
stats
5, 15, 7, 100, 1000
20220817-204255
loosing coalitions taken
[1, 5, 6, 9, 25]
[3, 4, 6, 9, 21]
[2, 3, 6, 14]
[2, 4, 5, 22, 24]
[1, 2, 8, 12, 21]
[1, 2, 7, 9]
[3, 4, 5, 15]
[1, 3, 8, 10, 16]
[1, 4, 8, 13, 14]
[2, 3, 5, 23, 28]
[1, 3, 7, 12, 22]
[1, 4, 6, 27]
[1, 4, 7, 10, 18]
[2, 4, 6, 13, 18]
[16, 17, 18, 19, 20, 21, 22, 23, 24, 25, 26, 27, 28]


6
process id 0
stats
5, 15, 7, 100, 1000
20220817-204255
loosing coalitions taken
[2, 4, 6, 16, 19]
[1, 5, 6, 13, 24]
[1, 4, 7, 8]
[3, 4, 5, 19, 25]
[1, 2, 9, 10, 11]
[2, 3, 6, 11]
[1, 4, 6, 25]
[1, 3, 7, 15, 20]
[1, 2, 8, 13, 20]
[2, 4, 5, 20]
[3, 4, 6, 8]
[2, 3, 5, 24]
[1, 3, 8, 12, 17]
[1, 2, 7, 17, 18]
[16, 17, 18, 19, 20, 21, 22, 23, 24, 25, 26, 27, 28]


6
process id 6
stats
5, 15, 7, 100, 1000
20220817-204256
loosing coalitions taken
[1, 3, 8, 11, 18]
[1, 2, 7, 16, 20]
[1, 4, 7, 8, 27]
[3, 4, 5, 16]
[2, 4, 6, 9, 22]
[1, 2, 8, 15, 17]
[1, 2, 9, 10, 13]
[1, 5, 6, 15, 18]
[2, 3, 6, 13]
[1, 3, 7, 10, 19]
[2, 4, 5, 17, 27]
[3, 4, 6, 10, 21]
[2, 3, 5, 24]
[1, 4, 6, 26]
[16, 17, 18, 19, 20, 21, 22, 23, 24, 25, 26, 27, 28]


5
process id 3
stats
5, 15, 7, 100, 1000
20220817-204256
loosing coalitions taken
[1, 4, 7, 10, 19]
[2, 3, 6, 10]
[3, 4, 5, 15]
[1, 3, 8, 12, 16]
[1, 3, 7, 11, 22]
[1, 2, 8, 11, 18]
[1, 5, 6, 10, 20]
[2, 4, 6, 13, 17]
[2, 4, 5, 18]
[2, 3, 5, 20]
[1, 4, 6, 28]
[1, 2, 7, 9, 27]
[1, 4, 8, 9, 15]
[3, 4, 6, 11, 21]
[16, 17, 18, 19, 20, 21, 22, 23, 24, 25, 26, 27, 28]


6
process id 5
stats
5, 15, 7, 100, 1000
20220817-204256
loosing coalitions taken
[1, 2, 9, 11, 14]
[2, 4, 5, 18]
[1, 2, 7, 15, 22]
[1, 4, 7, 10, 16]
[2, 3, 6, 14]
[1, 3, 7, 13, 20]
[1, 4, 6, 25]
[3, 4, 5, 15]
[2, 3, 5, 23]
[3, 4, 6, 8]
[1, 5, 6, 16, 20]
[1, 4, 8, 12, 14]
[2, 4, 6, 11, 22]
[1, 3, 8, 9, 18]
[16, 17, 18, 19, 20, 21, 22, 23, 24, 25, 26, 27, 28]


5
process id 1
stats
5, 15, 7, 100, 1000
20220817-204257
loosing coalitions taken
[2, 4, 5, 16]
[1, 4, 7, 9, 19]
[1, 3, 8, 10, 19]
[1, 2, 8, 9, 20]
[1, 5, 6, 9, 22]
[1, 3, 7, 14, 17]
[2, 3, 6, 13]
[1, 2, 7, 11, 23]
[1, 4, 6, 25]
[3, 4, 6, 8, 26]
[1, 4, 8, 13, 14]
[3, 4, 5, 13]
[2, 3, 5, 21]
[2, 4, 6, 12, 21]
[16, 17, 18, 19, 20, 21, 22, 23, 24, 25, 26, 27, 28]


6
process id 3
stats
5, 15, 7, 100, 1000
20220817-204258
loosing coalitions taken
[1, 2, 7, 13, 24]
[2, 3, 5, 22]
[1, 3, 7, 10, 21]
[1, 2, 10, 12, 14]
[1, 5, 6, 11, 25]
[2, 4, 6, 14, 18]
[1, 4, 8, 12, 13]
[2, 4, 5, 17]
[3, 4, 6, 8, 27]
[2, 3, 6, 11]
[3, 4, 5, 15]
[1, 4, 7, 9, 19]
[1, 2, 8, 15, 17]
[1, 4, 6, 26]
[16, 17, 18, 19, 20, 21, 22, 23, 24, 25, 26, 27, 28]


6
process id 2
stats
5, 15, 7, 100, 1000
20220817-204258
loosing coalitions taken
[1, 2, 7, 9, 25]
[1, 2, 8, 14, 18]
[1, 5, 6, 15, 18]
[3, 4, 5, 16]
[1, 2, 10, 12, 13]
[1, 3, 9, 10, 11]
[2, 3, 6, 9]
[1, 3, 7, 14, 17]
[1, 4, 6, 28]
[2, 3, 5, 25]
[2, 4, 5, 18, 23]
[3, 4, 6, 8]
[1, 4, 7, 8]
[2, 4, 6, 14, 20]
[16, 17, 18, 19, 20, 21, 22, 23, 24, 25, 26, 27, 28]


6
process id 6
stats
5, 15, 7, 100, 1000
20220817-204258
loosing coalitions taken
[1, 4, 7, 8]
[1, 2, 10, 11, 14]
[2, 3, 6, 14]
[2, 4, 5, 18, 25]
[1, 5, 6, 16, 19]
[3, 4, 6, 8]
[1, 4, 6, 26, 27]
[1, 2, 8, 12, 21]
[3, 4, 5, 14]
[2, 3, 5, 23]
[2, 4, 6, 12, 20]
[1, 3, 8, 9, 18]
[1, 3, 7, 10, 19]
[1, 2, 7, 9]
[16, 17, 18, 19, 20, 21, 22, 23, 24, 25, 26, 27, 28]


5
process id 1
stats
5, 15, 7, 100, 1000
20220817-204259
loosing coalitions taken
[1, 3, 7, 9, 23]
[1, 5, 6, 10, 25]
[1, 2, 9, 11, 14]
[2, 4, 5, 19]
[3, 4, 6, 10, 21]
[1, 2, 8, 13, 18]
[1, 3, 8, 10, 17]
[2, 3, 6, 14]
[2, 3, 5, 21]
[3, 4, 5, 16]
[1, 4, 6, 27]
[1, 4, 7, 8]
[2, 4, 6, 9, 20]
[1, 2, 7, 17, 19]
[16, 17, 18, 19, 20, 21, 22, 23, 24, 25, 26, 27, 28]


6
process id 4
stats
5, 15, 7, 100, 1000
20220817-204259
loosing coalitions taken
[1, 2, 7, 11, 27]
[1, 2, 10, 12, 13]
[1, 3, 7, 10, 24]
[1, 5, 6, 12, 23]
[3, 4, 6, 9, 22]
[2, 3, 6, 10]
[2, 4, 5, 22, 23]
[3, 4, 5, 16, 25]
[1, 3, 8, 11, 19]
[2, 3, 5, 24]
[1, 4, 6, 26]
[1, 2, 8, 9, 21]
[1, 4, 7, 9, 18]
[2, 4, 6, 15, 17]
[16, 17, 18, 19, 20, 21, 22, 23, 24, 25, 26, 27, 28]


6
process id 0
stats
5, 15, 7, 100, 1000
20220817-204300
loosing coalitions taken
[1, 3, 9, 10, 11]
[1, 3, 8, 12, 19]
[3, 4, 6, 15, 16]
[3, 4, 5, 18, 24]
[2, 4, 5, 20, 27]
[1, 3, 7, 13, 22]
[1, 2, 8, 15, 17]
[1, 4, 7, 9, 15]
[1, 5, 6, 13, 17]
[1, 4, 8, 10, 14]
[1, 2, 7, 10, 26]
[2, 3, 5, 21]
[2, 4, 6, 13, 19]
[1, 4, 6, 25]
[16, 17, 18, 19, 20, 21, 22, 23, 24, 25, 26, 27, 28]


6
process id 1
stats
5, 15, 7, 100, 1000
20220817-204300
loosing coalitions taken
[2, 3, 6, 13]
[2, 4, 5, 18]
[1, 5, 6, 12, 22]
[1, 2, 8, 12, 19]
[1, 4, 7, 9, 19]
[1, 3, 8, 10, 17]
[1, 4, 6, 27]
[1, 3, 7, 14, 18]
[3, 4, 5, 15]
[2, 3, 5, 24]
[3, 4, 6, 8]
[2, 4, 6, 14, 22]
[1, 2, 7, 16, 17]
[1, 2, 9, 10, 11]
[16, 17, 18, 19, 20, 21, 22, 23, 24, 25, 26, 27, 28]


5
process id 3
stats
5, 15, 7, 100, 1000
20220817-204301
loosing coalitions taken
[1, 2, 8, 14, 20]
[3, 4, 6, 14, 20]
[2, 3, 6, 13]
[3, 4, 5, 16]
[1, 2, 7, 12, 24]
[1, 3, 8, 11, 19]
[1, 2, 9, 10, 11]
[2, 3, 5, 24]
[1, 4, 6, 26]
[1, 5, 6, 15, 16]
[2, 4, 5, 19]
[1, 4, 7, 8]
[1, 3, 7, 9, 22]
[2, 4, 6, 10, 17]
[16, 17, 18, 19, 20, 21, 22, 23, 24, 25, 26, 27, 28]


5
process id 2
stats
5, 15, 7, 100, 1000
20220817-204301
loosing coalitions taken
[3, 4, 6, 13, 17]
[2, 4, 5, 20]
[1, 2, 7, 12, 24]
[2, 3, 6, 11]
[1, 4, 8, 10, 15]
[1, 5, 6, 10, 22]
[1, 2, 9, 10, 13]
[1, 2, 8, 14, 19]
[1, 4, 6, 28]
[2, 3, 5, 23]
[3, 4, 5, 15, 28]
[1, 3, 8, 13, 16]
[1, 3, 7, 11, 23]
[2, 4, 6, 16, 18]
[16, 17, 18, 19, 20, 21, 22, 23, 24, 25, 26, 27, 28]


6
process id 0
stats
5, 15, 7, 100, 1000
20220817-204302
loosing coalitions taken
[1, 2, 8, 15, 17]
[2, 3, 6, 13]
[3, 4, 5, 16]
[1, 5, 6, 9, 25]
[1, 2, 7, 11, 23]
[1, 2, 9, 10, 14]
[1, 4, 6, 26]
[1, 3, 7, 14, 18]
[2, 4, 5, 21, 27]
[2, 4, 6, 15, 16]
[3, 4, 6, 14, 20]
[1, 4, 8, 10, 13]
[2, 3, 5, 20]
[1, 3, 8, 12, 16]
[16, 17, 18, 19, 20, 21, 22, 23, 24, 25, 26, 27, 28]


6
process id 7
stats
5, 15, 7, 100, 1000
20220817-204303
loosing coalitions taken
[2, 4, 5, 20]
[1, 2, 7, 9]
[3, 4, 6, 14, 17]
[1, 5, 6, 13, 24]
[1, 3, 8, 14, 15]
[3, 4, 5, 15]
[2, 3, 5, 25, 26]
[1, 4, 6, 26]
[1, 4, 7, 8]
[2, 3, 6, 9]
[1, 3, 7, 11, 22]
[2, 4, 6, 12, 23]
[1, 2, 10, 12, 14]
[1, 2, 8, 13, 16]
[16, 17, 18, 19, 20, 21, 22, 23, 24, 25, 26, 27, 28]


6
process id 2
stats
5, 15, 7, 100, 1000
20220817-204303
loosing coalitions taken
[2, 3, 6, 14]
[1, 3, 7, 15, 20]
[1, 3, 9, 10, 12]
[1, 4, 7, 8]
[1, 5, 6, 12, 24]
[3, 4, 5, 13]
[1, 2, 8, 14, 16]
[2, 3, 5, 23]
[2, 4, 5, 17]
[1, 4, 6, 25]
[2, 4, 6, 10, 21]
[1, 2, 7, 17, 18]
[1, 3, 8, 11, 17]
[3, 4, 6, 8]
[16, 17, 18, 19, 20, 21, 22, 23, 24, 25, 26, 27, 28]


6
process id 4
stats
5, 15, 7, 100, 1000
20220817-204304
loosing coalitions taken
[3, 4, 6, 13, 21]
[1, 3, 9, 10, 12]
[2, 3, 6, 10]
[3, 4, 5, 19, 23]
[2, 4, 5, 20, 26]
[1, 3, 8, 11, 16]
[1, 4, 7, 10, 18]
[1, 4, 6, 28]
[1, 2, 7, 9]
[1, 3, 7, 14, 21]
[2, 4, 6, 9, 18]
[2, 3, 5, 25]
[1, 5, 6, 15, 17]
[1, 2, 8, 14, 20]
[16, 17, 18, 19, 20, 21, 22, 23, 24, 25, 26, 27, 28]


5
process id 7
stats
5, 15, 7, 100, 1000
20220817-204304
loosing coalitions taken
[1, 3, 8, 13, 16]
[1, 2, 8, 11, 20]
[2, 3, 6, 13]
[1, 3, 7, 15, 17]
[2, 4, 5, 18]
[1, 4, 6, 28]
[2, 4, 6, 10, 20]
[2, 3, 5, 23]
[3, 4, 6, 8]
[3, 4, 5, 16]
[1, 2, 10, 12, 14]
[1, 4, 7, 8]
[1, 2, 7, 13, 23]
[1, 5, 6, 13, 21]
[16, 17, 18, 19, 20, 21, 22, 23, 24, 25, 26, 27, 28]


6
process id 1
stats
5, 15, 7, 100, 1000
20220817-204306
loosing coalitions taken
[3, 4, 5, 15]
[1, 3, 8, 10, 18]
[1, 3, 7, 14, 19]
[1, 2, 8, 11, 19]
[2, 3, 6, 12]
[1, 2, 7, 16, 18]
[1, 4, 6, 26]
[2, 3, 5, 23, 26]
[1, 2, 9, 12, 13]
[3, 4, 6, 8]
[2, 4, 5, 20]
[1, 4, 7, 8, 27]
[1, 5, 6, 12, 22]
[2, 4, 6, 14, 19]
[16, 17, 18, 19, 20, 21, 22, 23, 24, 25, 26, 27, 28]


6
process id 0
stats
5, 15, 7, 100, 1000
20220817-204306
loosing coalitions taken
[1, 2, 9, 11, 14]
[1, 2, 7, 12, 26]
[1, 5, 6, 13, 24]
[2, 3, 6, 15, 27]
[2, 3, 5, 25]
[2, 4, 6, 16, 19]
[2, 4, 5, 21, 23]
[3, 5, 6, 7, 14]
[3, 4, 5, 18, 27]
[1, 2, 8, 13, 15]
[1, 4, 7, 14, 15]
[3, 4, 6, 10, 17]
[1, 4, 6, 28]
[1, 3, 8, 11, 17]
[16, 17, 18, 19, 20, 21, 22, 23, 24, 25, 26, 27, 28]


5
process id 5
stats
5, 15, 7, 100, 1000
20220817-204306
loosing coalitions taken
[1, 2, 8, 14, 20]
[2, 3, 6, 14]
[1, 3, 7, 11, 20]
[1, 4, 7, 8, 26]
[1, 3, 8, 13, 15]
[1, 3, 9, 10, 12]
[1, 5, 6, 10, 23]
[1, 2, 7, 10, 27]
[1, 4, 6, 28]
[3, 4, 6, 9, 19]
[2, 4, 5, 18]
[3, 4, 5, 16, 24]
[2, 4, 6, 15, 16]
[2, 3, 5, 21]
[16, 17, 18, 19, 20, 21, 22, 23, 24, 25, 26, 27, 28]


5
process id 0
stats
5, 15, 7, 100, 1000
20220817-204307
loosing coalitions taken
[1, 5, 6, 11, 22]
[1, 3, 7, 12, 22]
[2, 4, 5, 21, 26]
[2, 3, 5, 25]
[1, 3, 8, 11, 19]
[3, 4, 6, 12, 19]
[2, 4, 6, 10, 20]
[1, 4, 6, 28]
[1, 2, 7, 10, 26]
[1, 4, 7, 8]
[3, 4, 5, 15]
[1, 2, 9, 12, 13]
[2, 3, 6, 15, 22]
[1, 2, 8, 15, 17]
[16, 17, 18, 19, 20, 21, 22, 23, 24, 25, 26, 27, 28]


5
process id 2
stats
5, 15, 7, 100, 1000
20220817-204308
loosing coalitions taken
[2, 3, 7, 8, 10]
[2, 3, 6, 13]
[2, 4, 5, 16]
[1, 2, 10, 12, 14]
[1, 2, 8, 11, 21]
[1, 3, 8, 9, 16]
[1, 3, 7, 15, 19]
[1, 4, 8, 10, 13]
[1, 4, 6, 26]
[2, 3, 5, 25]
[2, 4, 6, 15, 20]
[3, 4, 5, 13]
[1, 4, 7, 11, 16]
[1, 2, 7, 9]
[16, 17, 18, 19, 20, 21, 22, 23, 24, 25, 26, 27, 28]


5
process id 1
stats
5, 15, 7, 100, 1000
20220817-204308
loosing coalitions taken
[1, 2, 7, 13, 23]
[1, 3, 7, 14, 17]
[2, 3, 7, 8, 10]
[2, 4, 5, 19]
[1, 5, 6, 9, 25]
[1, 4, 7, 9, 16]
[1, 2, 8, 15, 17]
[2, 3, 6, 13]
[1, 3, 8, 9, 20]
[3, 4, 5, 15, 25]
[1, 2, 10, 11, 12]
[1, 4, 6, 27]
[2, 3, 5, 23]
[1, 4, 8, 12, 13]
[16, 17, 18, 19, 20, 21, 22, 23, 24, 25, 26, 27, 28]


6
process id 6
stats
5, 15, 7, 100, 1000
20220817-204309
loosing coalitions taken
[1, 4, 7, 11, 16]
[1, 2, 7, 9]
[2, 4, 6, 10, 23]
[2, 3, 5, 24, 27]
[3, 4, 5, 17, 22]
[2, 4, 5, 20]
[2, 3, 6, 12]
[1, 4, 6, 28]
[1, 3, 7, 10, 24]
[1, 4, 8, 13, 14]
[1, 5, 6, 15, 17]
[3, 4, 6, 14, 19]
[1, 2, 10, 11, 14]
[1, 3, 8, 9, 16]
[16, 17, 18, 19, 20, 21, 22, 23, 24, 25, 26, 27, 28]


6
process id 5
stats
5, 15, 7, 100, 1000
20220817-204310
loosing coalitions taken
[1, 5, 6, 13, 23]
[1, 2, 8, 14, 20]
[1, 2, 10, 11, 13]
[2, 3, 7, 8, 9]
[2, 3, 6, 14]
[2, 3, 5, 21]
[1, 4, 6, 26]
[1, 4, 8, 10, 15]
[1, 2, 7, 16, 17]
[2, 4, 5, 18, 22]
[2, 4, 6, 11, 19]
[3, 4, 5, 16, 26]
[1, 3, 8, 11, 16]
[1, 4, 7, 12, 14]
[16, 17, 18, 19, 20, 21, 22, 23, 24, 25, 26, 27, 28]


6
process id 3
stats
5, 15, 7, 100, 1000
20220817-204312
loosing coalitions taken
[1, 4, 7, 13, 16]
[1, 2, 9, 12, 14]
[2, 4, 5, 16]
[3, 5, 6, 7, 13]
[1, 2, 7, 11, 25]
[1, 2, 8, 13, 20]
[2, 3, 6, 10]
[1, 3, 8, 11, 19]
[1, 4, 6, 28]
[3, 4, 5, 14]
[2, 3, 5, 21, 28]
[3, 4, 6, 8]
[2, 4, 6, 15, 17]
[1, 5, 6, 9, 26]
[16, 17, 18, 19, 20, 21, 22, 23, 24, 25, 26, 27, 28]


6
process id 1
stats
5, 15, 7, 100, 1000
20220817-204313
loosing coalitions taken
[3, 4, 5, 16]
[1, 5, 6, 9, 23]
[1, 2, 10, 11, 14]
[2, 4, 5, 19]
[2, 3, 5, 26, 27]
[1, 2, 7, 9, 24]
[1, 4, 7, 13, 15]
[3, 4, 6, 12, 18]
[2, 3, 6, 9]
[2, 4, 6, 15, 21]
[1, 4, 6, 25]
[1, 3, 7, 11, 20]
[1, 2, 8, 13, 16]
[2, 5, 6, 8, 11]
[16, 17, 18, 19, 20, 21, 22, 23, 24, 25, 26, 27, 28]


6
process id 2
stats
5, 15, 7, 100, 1000
20220817-204313
loosing coalitions taken
[1, 2, 7, 13, 25]
[1, 2, 10, 12, 14]
[1, 3, 8, 10, 18]
[1, 5, 6, 9, 26]
[2, 3, 5, 24, 28]
[2, 3, 6, 12]
[3, 4, 5, 16]
[3, 4, 6, 10, 21]
[2, 4, 6, 11, 22]
[1, 4, 7, 8]
[1, 3, 7, 14, 21]
[2, 4, 5, 20]
[1, 4, 6, 25]
[1, 2, 8, 15, 16]
[16, 17, 18, 19, 20, 21, 22, 23, 24, 25, 26, 27, 28]


6
process id 5
stats
5, 15, 7, 100, 1000
20220817-204313
loosing coalitions taken
[2, 3, 6, 13]
[2, 4, 5, 21, 26]
[1, 2, 7, 10, 24]
[1, 3, 7, 11, 23]
[3, 4, 5, 19, 22]
[1, 3, 8, 14, 16]
[1, 4, 6, 26]
[2, 4, 6, 10, 18]
[2, 5, 6, 8, 9]
[1, 5, 6, 11, 25]
[2, 3, 5, 25]
[1, 4, 7, 8]
[3, 4, 6, 15, 16]
[1, 2, 9, 11, 14]
[16, 17, 18, 19, 20, 21, 22, 23, 24, 25, 26, 27, 28]


6
process id 7
stats
5, 15, 7, 100, 1000
20220817-204313
loosing coalitions taken
[1, 2, 7, 16, 18]
[1, 2, 8, 14, 17]
[1, 5, 6, 12, 22]
[2, 3, 6, 14]
[3, 4, 5, 15, 28]
[1, 3, 8, 12, 18]
[2, 4, 5, 20]
[1, 4, 6, 28]
[2, 4, 6, 11, 18]
[3, 4, 6, 10, 20]
[1, 4, 7, 8]
[2, 3, 5, 23]
[1, 2, 10, 11, 12]
[1, 3, 7, 11, 21]
[16, 17, 18, 19, 20, 21, 22, 23, 24, 25, 26, 27, 28]


6
process id 4
stats
5, 15, 7, 100, 1000
20220817-204314
loosing coalitions taken
[2, 3, 6, 14]
[1, 3, 8, 12, 19]
[1, 2, 7, 17, 18]
[1, 3, 9, 10, 11]
[2, 4, 5, 21, 26]
[1, 4, 7, 8]
[3, 4, 5, 17, 22]
[1, 4, 6, 27]
[2, 3, 5, 23]
[2, 4, 6, 12, 18]
[3, 4, 6, 8]
[1, 5, 6, 13, 21]
[1, 3, 7, 13, 22]
[1, 2, 8, 14, 15]
[16, 17, 18, 19, 20, 21, 22, 23, 24, 25, 26, 27, 28]


6
process id 2
stats
5, 15, 7, 100, 1000
20220817-204316
loosing coalitions taken
[1, 2, 10, 12, 14]
[2, 3, 6, 14]
[1, 4, 8, 11, 14]
[3, 4, 5, 15]
[1, 5, 6, 12, 22]
[1, 2, 7, 9]
[1, 3, 8, 9, 17]
[2, 4, 6, 12, 17]
[1, 4, 7, 13, 16]
[2, 4, 5, 21, 28]
[1, 3, 7, 10, 21]
[1, 4, 6, 27]
[2, 3, 5, 25]
[1, 2, 8, 13, 20]
[16, 17, 18, 19, 20, 21, 22, 23, 24, 25, 26, 27, 28]


6
process id 1
stats
5, 15, 7, 100, 1000
20220817-204316
loosing coalitions taken
[1, 2, 8, 12, 20]
[2, 4, 5, 17]
[1, 3, 9, 10, 11]
[1, 2, 7, 16, 19]
[1, 3, 8, 15, 16]
[3, 4, 6, 13, 18]
[2, 3, 6, 10]
[1, 4, 8, 9, 14]
[1, 4, 6, 27]
[2, 3, 5, 20]
[1, 3, 7, 12, 17]
[3, 4, 5, 14, 28]
[2, 4, 6, 15, 20]
[1, 5, 6, 13, 24]
[16, 17, 18, 19, 20, 21, 22, 23, 24, 25, 26, 27, 28]


6
process id 7
stats
5, 15, 7, 100, 1000
20220817-204317
loosing coalitions taken
[1, 3, 8, 10, 18]
[3, 4, 5, 21, 24]
[1, 5, 6, 12, 24]
[1, 3, 7, 14, 21]
[1, 2, 7, 11, 23]
[1, 2, 10, 12, 14]
[1, 4, 7, 9, 18]
[2, 3, 6, 14]
[2, 3, 5, 20]
[1, 4, 6, 27]
[2, 4, 5, 15]
[3, 4, 6, 9, 17]
[2, 4, 6, 10, 20]
[1, 2, 8, 13, 16]
[16, 17, 18, 19, 20, 21, 22, 23, 24, 25, 26, 27, 28]


6
process id 6
stats
5, 15, 7, 100, 1000
20220817-204317
loosing coalitions taken
[1, 5, 6, 16, 20]
[1, 3, 8, 14, 16]
[1, 3, 7, 11, 21]
[2, 4, 5, 17]
[1, 2, 8, 11, 19]
[1, 4, 7, 9, 16]
[2, 3, 6, 14]
[1, 2, 7, 10, 23]
[1, 4, 6, 26]
[2, 3, 5, 24]
[3, 4, 5, 18, 26]
[1, 2, 9, 12, 13]
[3, 4, 6, 12, 19]
[2, 4, 6, 9, 18]
[16, 17, 18, 19, 20, 21, 22, 23, 24, 25, 26, 27, 28]


6
process id 1
stats
5, 15, 7, 100, 1000
20220817-204318
loosing coalitions taken
[2, 4, 5, 20]
[1, 2, 10, 11, 13]
[1, 5, 6, 12, 23]
[1, 3, 7, 13, 19]
[3, 4, 6, 9, 22]
[2, 4, 6, 12, 19]
[2, 3, 6, 11]
[3, 4, 5, 15]
[1, 4, 6, 27]
[2, 3, 5, 21]
[1, 3, 8, 9, 17]
[1, 4, 7, 14, 15]
[1, 2, 7, 9, 24]
[1, 2, 8, 14, 18]
[16, 17, 18, 19, 20, 21, 22, 23, 24, 25, 26, 27, 28]


5
process id 7
stats
5, 15, 7, 100, 1000
20220817-204318
loosing coalitions taken
[1, 3, 8, 9, 20]
[1, 5, 6, 12, 23]
[1, 2, 8, 11, 19]
[1, 3, 7, 15, 19]
[2, 3, 5, 25]
[1, 2, 7, 16, 18]
[1, 4, 6, 27, 28]
[3, 4, 6, 8]
[2, 3, 6, 10]
[2, 4, 6, 11, 23]
[1, 4, 7, 12, 14]
[3, 4, 5, 14]
[1, 2, 9, 10, 12]
[2, 4, 5, 19]
[16, 17, 18, 19, 20, 21, 22, 23, 24, 25, 26, 27, 28]


6
process id 2
stats
5, 15, 7, 100, 1000
20220817-204319
loosing coalitions taken
[1, 3, 7, 12, 20]
[1, 2, 10, 11, 14]
[1, 4, 7, 14, 15]
[1, 3, 8, 11, 17]
[1, 5, 6, 13, 19]
[1, 2, 7, 16, 19]
[2, 3, 6, 12, 24]
[2, 3, 5, 22]
[2, 4, 5, 15]
[2, 4, 6, 13, 22]
[3, 4, 5, 16]
[3, 4, 6, 9, 20]
[1, 4, 6, 27]
[1, 2, 8, 12, 21]
[16, 17, 18, 19, 20, 21, 22, 23, 24, 25, 26, 27, 28]


6
process id 0
stats
5, 15, 7, 100, 1000
20220817-204320
loosing coalitions taken
[2, 4, 5, 21, 28]
[3, 4, 5, 16]
[1, 3, 7, 9, 22]
[1, 3, 8, 11, 17]
[1, 2, 9, 11, 12]
[1, 2, 8, 14, 20]
[2, 3, 6, 11]
[3, 4, 6, 8]
[1, 5, 6, 12, 23]
[1, 4, 6, 26]
[2, 4, 6, 12, 18]
[1, 4, 7, 14, 15]
[2, 3, 5, 24]
[3, 5, 6, 7, 10]
[16, 17, 18, 19, 20, 21, 22, 23, 24, 25, 26, 27, 28]


6
process id 6
stats
5, 15, 7, 100, 1000
20220817-204321
loosing coalitions taken
[1, 2, 9, 11, 14]
[1, 2, 10, 12, 13]
[2, 4, 5, 20]
[1, 4, 7, 8]
[2, 3, 6, 14]
[1, 5, 6, 12, 22]
[3, 4, 5, 15]
[2, 3, 5, 23]
[1, 4, 6, 26]
[2, 4, 6, 13, 17]
[1, 3, 7, 15, 21]
[3, 4, 6, 11, 19]
[1, 2, 7, 16, 19]
[1, 3, 8, 11, 18]
[16, 17, 18, 19, 20, 21, 22, 23, 24, 25, 26, 27, 28]


6
process id 4
stats
5, 15, 7, 100, 1000
20220817-204322
loosing coalitions taken
[1, 5, 6, 12, 23]
[1, 4, 7, 8]
[2, 4, 6, 16, 19]
[1, 2, 9, 11, 12]
[3, 4, 6, 9, 20]
[2, 3, 6, 15, 24]
[2, 3, 5, 21]
[1, 2, 8, 13, 18]
[2, 4, 5, 18]
[3, 4, 5, 13]
[1, 3, 7, 13, 19]
[1, 2, 7, 10, 25]
[1, 4, 6, 27]
[1, 3, 8, 10, 17]
[16, 17, 18, 19, 20, 21, 22, 23, 24, 25, 26, 27, 28]


6
process id 0
stats
5, 15, 7, 100, 1000
20220817-204322
loosing coalitions taken
[3, 4, 5, 18, 27]
[1, 4, 7, 8]
[1, 2, 9, 11, 12]
[2, 3, 6, 15, 23]
[3, 4, 6, 12, 16]
[1, 5, 6, 9, 23]
[1, 3, 7, 15, 16]
[2, 3, 5, 26, 28]
[1, 3, 8, 10, 17]
[2, 4, 6, 14, 21]
[1, 2, 7, 13, 24]
[2, 5, 6, 8, 10]
[2, 4, 5, 20]
[1, 4, 6, 26]
[16, 17, 18, 19, 20, 21, 22, 23, 24, 25, 26, 27, 28]


5
process id 2
stats
5, 15, 7, 100, 1000
20220817-204323
loosing coalitions taken
[1, 3, 8, 10, 18]
[1, 2, 10, 11, 14]
[1, 2, 8, 9, 20]
[1, 2, 7, 15, 22]
[2, 4, 5, 18]
[2, 3, 6, 10]
[2, 3, 5, 25]
[3, 4, 5, 13]
[3, 4, 6, 8, 28]
[2, 4, 6, 14, 22]
[1, 4, 6, 26]
[1, 4, 7, 8, 27]
[1, 5, 6, 13, 18]
[1, 3, 7, 11, 23]
[16, 17, 18, 19, 20, 21, 22, 23, 24, 25, 26, 27, 28]


5
process id 1
stats
5, 15, 7, 100, 1000
20220817-204324
loosing coalitions taken
[2, 3, 6, 13]
[1, 2, 7, 16, 20]
[1, 3, 8, 9, 18]
[1, 4, 7, 8]
[1, 5, 6, 16, 18]
[1, 2, 10, 11, 13]
[2, 3, 5, 24]
[2, 4, 5, 17, 23]
[3, 4, 5, 13]
[2, 4, 6, 11, 19]
[1, 4, 6, 25]
[1, 2, 8, 12, 19]
[1, 3, 7, 13, 17]
[3, 4, 6, 8, 27]
[16, 17, 18, 19, 20, 21, 22, 23, 24, 25, 26, 27, 28]


6
process id 6
stats
5, 15, 7, 100, 1000
20220817-204325
loosing coalitions taken
[1, 2, 7, 9]
[1, 5, 6, 13, 24]
[1, 3, 8, 12, 16]
[3, 4, 6, 12, 21]
[2, 4, 5, 20]
[2, 3, 6, 10]
[1, 4, 7, 12, 13]
[1, 4, 8, 10, 11]
[2, 3, 5, 21]
[3, 4, 5, 13]
[1, 4, 6, 25]
[1, 2, 8, 14, 18]
[1, 3, 7, 11, 19]
[2, 4, 6, 15, 18]
[16, 17, 18, 19, 20, 21, 22, 23, 24, 25, 26, 27, 28]


6
process id 7
stats
5, 15, 7, 100, 1000
20220817-204326
loosing coalitions taken
[1, 2, 8, 9, 22]
[1, 3, 7, 13, 22]
[1, 4, 7, 8, 27]
[1, 2, 7, 17, 19]
[2, 4, 6, 9, 20]
[3, 4, 6, 8]
[2, 4, 5, 17, 28]
[1, 2, 10, 12, 13]
[2, 3, 5, 22]
[3, 4, 5, 14]
[2, 3, 6, 14]
[1, 5, 6, 9, 23]
[1, 4, 6, 26]
[1, 3, 8, 10, 19]
[16, 17, 18, 19, 20, 21, 22, 23, 24, 25, 26, 27, 28]


5
process id 6
stats
5, 15, 7, 100, 1000
20220817-204327
loosing coalitions taken
[2, 4, 5, 20]
[1, 4, 7, 8]
[1, 5, 6, 11, 25]
[2, 3, 6, 12]
[3, 4, 5, 17, 24]
[1, 4, 6, 27]
[1, 2, 9, 10, 13]
[3, 4, 6, 14, 18]
[1, 2, 7, 12, 26]
[1, 3, 8, 13, 15]
[2, 3, 5, 25]
[1, 3, 7, 10, 19]
[2, 4, 6, 11, 19]
[1, 2, 8, 11, 18]
[16, 17, 18, 19, 20, 21, 22, 23, 24, 25, 26, 27, 28]


6
process id 0
stats
5, 15, 7, 100, 1000
20220817-204327
loosing coalitions taken
[1, 5, 6, 16, 18]
[2, 3, 6, 14]
[1, 3, 7, 9, 22]
[1, 2, 8, 12, 18]
[1, 2, 7, 10, 24]
[1, 3, 8, 11, 17]
[2, 4, 5, 19]
[2, 3, 5, 23]
[1, 4, 6, 26, 28]
[3, 4, 5, 15]
[1, 4, 8, 10, 15]
[3, 4, 6, 8, 25]
[1, 2, 9, 11, 13]
[2, 4, 6, 12, 20]
[16, 17, 18, 19, 20, 21, 22, 23, 24, 25, 26, 27, 28]


6
process id 1
stats
5, 15, 7, 100, 1000
20220817-204329
loosing coalitions taken
[1, 3, 7, 15, 20]
[2, 3, 5, 24]
[1, 4, 7, 8]
[2, 4, 6, 13, 21]
[1, 2, 9, 10, 13]
[3, 4, 6, 12, 18]
[2, 4, 5, 19, 26]
[2, 3, 6, 14]
[3, 4, 5, 16, 22]
[1, 5, 6, 10, 20]
[1, 4, 6, 27]
[1, 2, 7, 16, 18]
[1, 2, 8, 12, 19]
[1, 3, 8, 9, 18]
[16, 17, 18, 19, 20, 21, 22, 23, 24, 25, 26, 27, 28]


6
process id 2
stats
5, 15, 7, 100, 1000
20220817-204330
loosing coalitions taken
[1, 3, 7, 12, 22]
[2, 3, 5, 23]
[3, 4, 6, 10, 21]
[1, 2, 10, 12, 13]
[1, 2, 8, 9, 22]
[1, 4, 6, 27]
[1, 2, 7, 17, 19]
[2, 4, 5, 16]
[3, 4, 5, 14]
[2, 3, 6, 12]
[1, 4, 7, 8, 26]
[1, 3, 8, 13, 14]
[2, 4, 6, 9, 24]
[1, 5, 6, 14, 19]
[16, 17, 18, 19, 20, 21, 22, 23, 24, 25, 26, 27, 28]


6
process id 3
stats
5, 15, 7, 100, 1000
20220817-204331
loosing coalitions taken
[2, 4, 5, 19]
[1, 4, 7, 8]
[3, 4, 6, 9, 22]
[1, 3, 9, 10, 12]
[2, 3, 6, 13]
[1, 2, 9, 11, 14]
[2, 3, 5, 22]
[1, 4, 6, 28]
[1, 2, 8, 12, 19]
[1, 5, 6, 13, 24]
[3, 4, 5, 14]
[1, 3, 7, 15, 18]
[1, 2, 7, 16, 17]
[2, 4, 6, 10, 20]
[16, 17, 18, 19, 20, 21, 22, 23, 24, 25, 26, 27, 28]


6
process id 6
stats
5, 15, 7, 100, 1000
20220817-204331
loosing coalitions taken
[1, 2, 10, 12, 13]
[1, 3, 8, 9, 19]
[1, 2, 8, 14, 18]
[2, 4, 5, 20, 23]
[2, 4, 6, 9, 22]
[2, 3, 6, 10]
[3, 4, 5, 16]
[1, 3, 7, 13, 22]
[1, 2, 7, 11, 26]
[1, 5, 6, 13, 23]
[1, 4, 7, 8]
[1, 4, 6, 28]
[2, 3, 5, 22, 28]
[3, 4, 6, 14, 20]
[16, 17, 18, 19, 20, 21, 22, 23, 24, 25, 26, 27, 28]


6
process id 7
stats
5, 15, 7, 100, 1000
20220817-204331
loosing coalitions taken
[2, 3, 6, 15, 24]
[1, 3, 7, 9, 24]
[3, 4, 6, 14, 17]
[1, 5, 6, 13, 22]
[1, 2, 9, 10, 14]
[1, 2, 7, 15, 20]
[2, 4, 5, 20]
[1, 2, 8, 11, 17]
[1, 4, 6, 28]
[2, 3, 5, 23]
[3, 4, 5, 16]
[1, 4, 7, 10, 18]
[1, 3, 8, 13, 14]
[2, 4, 6, 11, 19]
[16, 17, 18, 19, 20, 21, 22, 23, 24, 25, 26, 27, 28]


5
process id 3
stats
5, 15, 7, 100, 1000
20220817-204332
loosing coalitions taken
[1, 2, 9, 11, 14]
[1, 2, 8, 13, 18]
[2, 3, 6, 14]
[1, 2, 7, 15, 22]
[1, 3, 7, 10, 21]
[1, 3, 8, 11, 16]
[3, 4, 5, 13]
[2, 4, 5, 15]
[1, 4, 6, 25]
[1, 5, 6, 13, 19]
[2, 4, 6, 10, 22]
[2, 3, 5, 21]
[3, 4, 6, 9, 17]
[1, 4, 7, 8, 28]
[16, 17, 18, 19, 20, 21, 22, 23, 24, 25, 26, 27, 28]


6
process id 1
stats
5, 15, 7, 100, 1000
20220817-204333
loosing coalitions taken
[1, 5, 6, 10, 23]
[1, 3, 8, 12, 19]
[3, 4, 5, 16]
[1, 2, 10, 11, 13]
[1, 2, 8, 14, 17]
[1, 2, 7, 15, 20]
[1, 4, 7, 11, 17]
[1, 3, 7, 14, 21]
[2, 4, 5, 17]
[3, 4, 6, 10, 21]
[1, 4, 6, 25]
[2, 3, 6, 13]
[2, 3, 5, 22, 27]
[2, 4, 6, 14, 22]
[16, 17, 18, 19, 20, 21, 22, 23, 24, 25, 26, 27, 28]


6
process id 0
stats
5, 15, 7, 100, 1000
20220817-204333
loosing coalitions taken
[1, 2, 10, 11, 13]
[1, 5, 6, 10, 24]
[1, 3, 9, 10, 12]
[2, 4, 6, 16, 19]
[2, 3, 5, 25]
[1, 3, 8, 15, 16]
[1, 4, 8, 13, 14]
[1, 3, 7, 14, 17]
[3, 4, 6, 8]
[2, 4, 5, 18]
[1, 4, 6, 25]
[1, 2, 7, 9, 24]
[2, 3, 6, 11]
[1, 2, 8, 12, 17]
[16, 17, 18, 19, 20, 21, 22, 23, 24, 25, 26, 27, 28]


6
process id 7
stats
5, 15, 7, 100, 1000
20220817-204334
loosing coalitions taken
[1, 2, 8, 15, 16]
[1, 2, 10, 12, 13]
[1, 3, 7, 15, 19]
[1, 3, 8, 12, 18]
[1, 2, 7, 14, 21]
[1, 4, 8, 10, 11]
[3, 4, 5, 16]
[1, 4, 6, 25]
[2, 3, 6, 11]
[2, 4, 5, 17]
[2, 4, 6, 15, 19]
[2, 3, 5, 21]
[1, 5, 6, 9, 21]
[3, 4, 6, 8]
[16, 17, 18, 19, 20, 21, 22, 23, 24, 25, 26, 27, 28]


6
process id 6
stats
5, 15, 7, 100, 1000
20220817-204334
loosing coalitions taken
[2, 3, 6, 14]
[1, 5, 6, 12, 22]
[1, 2, 8, 12, 21]
[1, 2, 9, 10, 11]
[1, 3, 8, 10, 18]
[3, 4, 5, 16]
[1, 3, 7, 11, 21]
[2, 4, 5, 20]
[1, 4, 6, 28]
[1, 4, 7, 10, 17]
[2, 3, 5, 23]
[3, 4, 6, 13, 20]
[1, 2, 7, 13, 24]
[2, 4, 6, 11, 22]
[16, 17, 18, 19, 20, 21, 22, 23, 24, 25, 26, 27, 28]


6
process id 3
stats
5, 15, 7, 100, 1000
20220817-204335
loosing coalitions taken
[1, 2, 8, 12, 21]
[2, 3, 5, 22]
[3, 4, 6, 9, 19]
[2, 4, 6, 16, 17]
[1, 4, 8, 10, 15]
[1, 3, 8, 11, 19]
[1, 2, 7, 9]
[1, 5, 6, 11, 20]
[1, 3, 7, 15, 18]
[2, 4, 5, 20]
[3, 4, 5, 16]
[2, 3, 6, 13]
[1, 4, 6, 25]
[1, 2, 10, 11, 14]
[16, 17, 18, 19, 20, 21, 22, 23, 24, 25, 26, 27, 28]


5
process id 1
stats
5, 15, 7, 100, 1000
20220817-204335
loosing coalitions taken
[1, 2, 8, 14, 20]
[1, 3, 9, 10, 12]
[1, 3, 8, 11, 19]
[1, 2, 7, 9]
[2, 4, 5, 17]
[2, 3, 6, 10]
[1, 4, 6, 28]
[1, 5, 6, 16, 20]
[2, 3, 5, 22]
[3, 4, 6, 14, 16]
[2, 4, 6, 13, 18]
[1, 4, 7, 8]
[3, 4, 5, 15]
[1, 3, 7, 15, 16]
[16, 17, 18, 19, 20, 21, 22, 23, 24, 25, 26, 27, 28]


5
process id 0
stats
5, 15, 7, 100, 1000
20220817-204336
loosing coalitions taken
[1, 4, 7, 11, 16]
[1, 5, 6, 15, 21]
[2, 4, 5, 19]
[1, 2, 10, 11, 12]
[1, 2, 7, 15, 20]
[1, 4, 8, 10, 14]
[2, 3, 6, 10]
[1, 3, 8, 15, 16]
[2, 3, 5, 21]
[2, 4, 6, 12, 23]
[3, 4, 5, 13]
[1, 4, 6, 26]
[3, 4, 6, 8]
[1, 3, 7, 10, 22]
[16, 17, 18, 19, 20, 21, 22, 23, 24, 25, 26, 27, 28]


6
process id 1
stats
5, 15, 7, 100, 1000
20220817-204337
loosing coalitions taken
[1, 4, 7, 8]
[1, 5, 6, 10, 26]
[2, 4, 5, 22, 23]
[2, 3, 6, 14]
[3, 4, 6, 13, 17]
[2, 4, 6, 9, 25]
[1, 2, 7, 17, 18]
[2, 3, 5, 24]
[1, 4, 6, 28]
[1, 3, 8, 13, 16]
[1, 3, 7, 12, 21]
[3, 4, 5, 16]
[1, 3, 9, 10, 11]
[1, 2, 9, 12, 13]
[16, 17, 18, 19, 20, 21, 22, 23, 24, 25, 26, 27, 28]


6
process id 7
stats
5, 15, 7, 100, 1000
20220817-204337
loosing coalitions taken
[1, 2, 8, 14, 18]
[3, 4, 5, 21, 24]
[2, 4, 5, 18]
[2, 3, 6, 13]
[1, 4, 7, 8]
[1, 3, 7, 14, 21]
[1, 2, 7, 9]
[2, 3, 5, 23]
[1, 3, 8, 12, 16]
[1, 5, 6, 14, 22]
[3, 4, 6, 8]
[1, 4, 6, 26]
[1, 2, 10, 11, 13]
[2, 4, 6, 12, 20]
[16, 17, 18, 19, 20, 21, 22, 23, 24, 25, 26, 27, 28]


6
process id 2
stats
5, 15, 7, 100, 1000
20220817-204339
loosing coalitions taken
[1, 2, 8, 13, 20]
[1, 3, 8, 10, 17]
[2, 3, 6, 13]
[1, 3, 7, 15, 20]
[2, 4, 5, 16]
[1, 2, 7, 10, 28]
[1, 4, 6, 28]
[3, 4, 5, 14]
[2, 3, 5, 24]
[1, 4, 7, 11, 14]
[2, 4, 6, 11, 17]
[1, 5, 6, 15, 19]
[1, 2, 9, 11, 12]
[3, 4, 6, 8]
[16, 17, 18, 19, 20, 21, 22, 23, 24, 25, 26, 27, 28]


5
process id 0
stats
5, 15, 7, 100, 1000
20220817-204339
loosing coalitions taken
[3, 4, 5, 20, 23]
[1, 2, 10, 12, 14]
[2, 3, 5, 25]
[1, 5, 6, 15, 20]
[3, 4, 6, 10, 21]
[1, 3, 8, 11, 18]
[1, 2, 8, 9, 22]
[1, 2, 7, 16, 18]
[2, 3, 6, 16, 17]
[2, 4, 5, 15]
[2, 4, 6, 12, 22]
[1, 4, 6, 26]
[1, 4, 7, 8]
[1, 3, 7, 14, 19]
[16, 17, 18, 19, 20, 21, 22, 23, 24, 25, 26, 27, 28]


6
process id 2
stats
5, 15, 7, 100, 1000
20220817-204340
loosing coalitions taken
[2, 4, 5, 20]
[1, 4, 8, 9, 13]
[2, 3, 6, 12]
[1, 3, 7, 10, 23]
[1, 2, 7, 9]
[1, 5, 6, 10, 22]
[2, 4, 6, 11, 21]
[1, 4, 6, 27]
[2, 3, 5, 21]
[1, 2, 8, 14, 18]
[3, 4, 5, 16]
[1, 3, 8, 12, 16]
[3, 4, 6, 8]
[1, 2, 10, 12, 13]
[16, 17, 18, 19, 20, 21, 22, 23, 24, 25, 26, 27, 28]


6
process id 7
stats
5, 15, 7, 100, 1000
20220817-204341
loosing coalitions taken
[1, 4, 7, 8]
[1, 5, 6, 9, 23]
[2, 3, 6, 10, 27]
[2, 4, 6, 13, 19]
[3, 4, 6, 14, 16]
[1, 2, 10, 11, 12]
[2, 3, 5, 20]
[2, 4, 5, 16]
[1, 4, 6, 25]
[1, 2, 8, 9, 17]
[1, 2, 7, 15, 19]
[1, 3, 8, 11, 18]
[3, 4, 5, 17, 27]
[1, 3, 7, 14, 17]
[16, 17, 18, 19, 20, 21, 22, 23, 24, 25, 26, 27, 28]


5
process id 1
stats
5, 15, 7, 100, 1000
20220817-204341
loosing coalitions taken
[1, 5, 6, 13, 24]
[2, 4, 5, 20]
[2, 3, 6, 11]
[1, 3, 7, 13, 18]
[1, 2, 7, 16, 21]
[1, 2, 8, 10, 18]
[2, 3, 5, 23]
[3, 4, 6, 14, 15]
[3, 4, 5, 18, 25]
[1, 3, 8, 9, 17]
[1, 2, 9, 12, 14]
[1, 4, 6, 27]
[2, 4, 6, 13, 17]
[1, 4, 7, 8]
[16, 17, 18, 19, 20, 21, 22, 23, 24, 25, 26, 27, 28]


6
process id 3
stats
5, 15, 7, 100, 1000
20220817-204342
loosing coalitions taken
[1, 4, 8, 10, 13]
[1, 5, 6, 15, 20]
[1, 2, 8, 12, 20]
[1, 3, 7, 11, 23]
[2, 4, 5, 18]
[1, 3, 8, 15, 16]
[2, 3, 6, 13]
[1, 4, 7, 12, 16]
[1, 2, 7, 9]
[3, 4, 5, 16]
[2, 4, 6, 12, 19]
[2, 3, 5, 21, 27]
[3, 4, 6, 8]
[1, 4, 6, 26]
[16, 17, 18, 19, 20, 21, 22, 23, 24, 25, 26, 27, 28]


6
process id 2
stats
5, 15, 7, 100, 1000
20220817-204343
loosing coalitions taken
[2, 4, 5, 20, 28]
[1, 5, 6, 9, 24]
[1, 4, 7, 10, 18]
[3, 4, 5, 16, 25]
[3, 4, 6, 11, 19]
[2, 3, 6, 17, 20]
[2, 3, 5, 21]
[2, 4, 6, 13, 22]
[1, 2, 7, 11, 22]
[1, 3, 8, 12, 19]
[1, 3, 7, 15, 20]
[1, 4, 6, 27]
[1, 2, 8, 14, 16]
[1, 2, 9, 10, 13]
[16, 17, 18, 19, 20, 21, 22, 23, 24, 25, 26, 27, 28]


5
process id 0
stats
5, 15, 7, 100, 1000
20220817-204343
loosing coalitions taken
[1, 5, 6, 9, 24]
[1, 2, 9, 12, 13]
[1, 2, 8, 14, 18]
[2, 4, 6, 10, 24]
[2, 3, 5, 25]
[1, 4, 7, 8]
[3, 4, 6, 13, 18]
[3, 4, 5, 20, 23]
[1, 2, 7, 11, 22]
[1, 3, 8, 10, 16]
[2, 3, 6, 12]
[1, 4, 6, 26]
[2, 4, 5, 16]
[1, 3, 7, 13, 17]
[16, 17, 18, 19, 20, 21, 22, 23, 24, 25, 26, 27, 28]


5
process id 6
stats
5, 15, 7, 100, 1000
20220817-204344
loosing coalitions taken
[1, 3, 9, 10, 11]
[1, 2, 8, 12, 19]
[2, 4, 5, 17]
[1, 3, 8, 15, 16]
[1, 3, 7, 13, 19]
[1, 2, 7, 9]
[1, 4, 6, 26]
[3, 4, 6, 8]
[1, 5, 6, 12, 18]
[3, 4, 5, 14]
[2, 4, 6, 16, 19]
[2, 3, 6, 13, 24]
[2, 3, 5, 21]
[1, 4, 7, 8]
[16, 17, 18, 19, 20, 21, 22, 23, 24, 25, 26, 27, 28]


6
process id 5
stats
5, 15, 7, 100, 1000
20220817-204346
loosing coalitions taken
[3, 4, 6, 12, 20]
[1, 3, 9, 10, 11]
[3, 5, 6, 7, 15]
[1, 2, 7, 13, 25]
[1, 4, 8, 11, 12]
[1, 5, 6, 9, 26]
[1, 3, 8, 13, 16]
[1, 3, 7, 14, 21]
[2, 3, 6, 11, 27]
[2, 4, 5, 16]
[1, 4, 6, 25]
[1, 2, 8, 9, 18]
[1, 2, 10, 12, 14]
[2, 3, 7, 8, 10]
[16, 17, 18, 19, 20, 21, 22, 23, 24, 25, 26, 27, 28]


6
process id 7
stats
5, 15, 7, 100, 1000
20220817-204346
loosing coalitions taken
[2, 3, 5, 24]
[1, 2, 8, 13, 20]
[1, 4, 8, 12, 14]
[2, 4, 6, 11, 23]
[1, 3, 8, 9, 19]
[1, 3, 7, 11, 23]
[1, 2, 9, 10, 11]
[1, 5, 6, 15, 20]
[1, 4, 7, 10, 16]
[1, 4, 6, 28]
[2, 3, 6, 13]
[3, 4, 5, 16]
[2, 4, 5, 19]
[3, 4, 6, 10, 19]
[16, 17, 18, 19, 20, 21, 22, 23, 24, 25, 26, 27, 28]


5
process id 3
stats
5, 15, 7, 100, 1000
20220817-204348
loosing coalitions taken
[1, 3, 8, 10, 19]
[3, 4, 5, 18, 25]
[1, 5, 6, 10, 25]
[2, 4, 5, 20, 23]
[1, 4, 7, 8]
[1, 2, 7, 9]
[2, 4, 6, 9, 25]
[2, 3, 5, 24]
[1, 2, 10, 11, 14]
[1, 2, 8, 13, 16]
[3, 4, 6, 14, 17]
[1, 4, 6, 28]
[1, 3, 7, 16, 18]
[2, 3, 6, 13]
[16, 17, 18, 19, 20, 21, 22, 23, 24, 25, 26, 27, 28]


6
process id 6
stats
5, 15, 7, 100, 1000
20220817-204348
loosing coalitions taken
[1, 2, 8, 15, 16]
[3, 4, 6, 13, 20]
[2, 4, 5, 17]
[1, 5, 6, 11, 22]
[2, 3, 6, 14, 25]
[1, 3, 7, 13, 21]
[1, 3, 8, 10, 18]
[1, 4, 8, 12, 14]
[1, 2, 7, 10, 26]
[2, 3, 5, 24, 27]
[3, 4, 5, 16]
[1, 4, 6, 27]
[2, 5, 6, 7, 16]
[1, 2, 9, 11, 12]
[16, 17, 18, 19, 20, 21, 22, 23, 24, 25, 26, 27, 28]


5
process id 7
stats
5, 15, 7, 100, 1000
20220817-204348
loosing coalitions taken
[1, 4, 8, 9, 15]
[1, 5, 6, 16, 17]
[3, 4, 5, 20, 24]
[2, 4, 5, 19]
[1, 3, 8, 14, 16]
[1, 3, 7, 13, 20]
[2, 3, 6, 15, 27]
[1, 2, 8, 13, 17]
[3, 5, 6, 7, 10]
[1, 3, 9, 10, 11]
[1, 2, 10, 12, 14]
[3, 4, 6, 12, 17]
[1, 4, 6, 27]
[1, 2, 7, 9, 26]
[16, 17, 18, 19, 20, 21, 22, 23, 24, 25, 26, 27, 28]


5
process id 3
stats
5, 15, 7, 100, 1000
20220817-204349
loosing coalitions taken
[1, 2, 9, 11, 13]
[1, 3, 8, 11, 17]
[1, 4, 7, 8]
[1, 5, 6, 10, 26]
[2, 3, 5, 24]
[3, 4, 6, 10, 21]
[2, 4, 5, 19]
[1, 2, 7, 10, 22]
[2, 4, 6, 11, 23]
[1, 4, 6, 27]
[2, 3, 6, 13]
[3, 4, 5, 15]
[1, 2, 8, 14, 15]
[1, 3, 7, 13, 19]
[16, 17, 18, 19, 20, 21, 22, 23, 24, 25, 26, 27, 28]


6
process id 4
stats
5, 15, 7, 100, 1000
20220817-204350
loosing coalitions taken
[3, 4, 5, 18, 27]
[1, 3, 9, 10, 11]
[1, 2, 7, 15, 21]
[1, 3, 8, 15, 16]
[2, 4, 5, 20]
[1, 3, 7, 14, 19]
[1, 4, 7, 9, 18]
[1, 2, 8, 9, 17]
[1, 5, 6, 10, 22]
[2, 3, 6, 14, 28]
[1, 4, 6, 26]
[3, 4, 6, 13, 21]
[2, 3, 5, 21, 26]
[2, 4, 6, 12, 17]
[16, 17, 18, 19, 20, 21, 22, 23, 24, 25, 26, 27, 28]


5
process id 0
stats
5, 15, 7, 100, 1000
20220817-204350
loosing coalitions taken
[1, 2, 7, 15, 20]
[3, 4, 6, 9, 20]
[2, 3, 6, 14]
[1, 3, 8, 12, 17]
[1, 3, 7, 16, 18]
[1, 5, 6, 15, 18]
[3, 4, 5, 15]
[1, 2, 8, 10, 19]
[2, 3, 5, 25]
[2, 4, 5, 20]
[2, 4, 6, 11, 21]
[1, 4, 6, 25]
[1, 2, 9, 12, 14]
[1, 4, 7, 8]
[16, 17, 18, 19, 20, 21, 22, 23, 24, 25, 26, 27, 28]


6
process id 7
stats
5, 15, 7, 100, 1000
20220817-204351
loosing coalitions taken
[1, 2, 10, 11, 14]
[2, 3, 6, 11]
[1, 2, 7, 12, 26]
[1, 5, 6, 9, 22]
[1, 2, 8, 9, 20]
[1, 3, 7, 16, 17]
[1, 3, 8, 12, 18]
[2, 3, 5, 24]
[3, 4, 5, 16, 27]
[2, 4, 6, 10, 22]
[1, 4, 6, 25]
[3, 4, 6, 14, 18]
[2, 4, 5, 17]
[1, 4, 7, 8]
[16, 17, 18, 19, 20, 21, 22, 23, 24, 25, 26, 27, 28]


6
process id 6
stats
5, 15, 7, 100, 1000
20220817-204352
loosing coalitions taken
[1, 5, 6, 16, 20]
[1, 3, 8, 10, 17]
[1, 4, 7, 8, 26]
[1, 3, 7, 9, 23]
[2, 4, 5, 16]
[1, 2, 7, 13, 22]
[1, 2, 8, 11, 18]
[3, 4, 5, 18, 23]
[3, 4, 6, 14, 19]
[2, 3, 6, 15, 22]
[2, 4, 6, 12, 21]
[1, 4, 6, 27]
[1, 2, 9, 10, 12]
[2, 3, 5, 21]
[16, 17, 18, 19, 20, 21, 22, 23, 24, 25, 26, 27, 28]


6
process id 2
stats
5, 15, 7, 100, 1000
20220817-204352
loosing coalitions taken
[2, 4, 6, 9, 25]
[1, 3, 7, 14, 22]
[1, 2, 9, 10, 14]
[1, 2, 8, 12, 17]
[2, 4, 5, 17]
[1, 5, 6, 9, 24]
[2, 3, 6, 14]
[1, 2, 7, 16, 19]
[1, 3, 8, 15, 16]
[2, 3, 5, 23, 24]
[3, 4, 5, 18, 26]
[3, 4, 6, 13, 16]
[1, 4, 6, 26]
[1, 4, 7, 8]
[16, 17, 18, 19, 20, 21, 22, 23, 24, 25, 26, 27, 28]


5
process id 1
stats
5, 15, 7, 100, 1000
20220817-204352
loosing coalitions taken
[2, 3, 6, 10]
[1, 2, 7, 9]
[1, 3, 8, 12, 18]
[1, 3, 7, 11, 21]
[2, 4, 6, 14, 18]
[3, 4, 6, 8]
[3, 4, 5, 15]
[2, 3, 5, 22]
[1, 4, 6, 26]
[2, 4, 5, 20]
[1, 5, 6, 15, 21]
[1, 4, 7, 10, 16]
[1, 2, 8, 11, 19]
[1, 2, 10, 12, 14]
[16, 17, 18, 19, 20, 21, 22, 23, 24, 25, 26, 27, 28]


6
process id 3
stats
5, 15, 7, 100, 1000
20220817-204354
loosing coalitions taken
[1, 2, 7, 16, 21]
[1, 4, 7, 8, 27]
[2, 4, 5, 18]
[1, 3, 7, 13, 20]
[1, 2, 8, 11, 20]
[1, 5, 6, 11, 25]
[1, 3, 8, 15, 16]
[2, 3, 6, 10]
[1, 4, 6, 26]
[2, 4, 6, 12, 22]
[2, 3, 5, 22]
[3, 4, 5, 16]
[3, 4, 6, 8]
[1, 2, 9, 10, 13]
[16, 17, 18, 19, 20, 21, 22, 23, 24, 25, 26, 27, 28]


6
process id 4
stats
5, 15, 7, 100, 1000
20220817-204355
loosing coalitions taken
[1, 3, 8, 9, 19]
[1, 4, 7, 8]
[1, 2, 10, 12, 14]
[1, 5, 6, 11, 24]
[2, 4, 6, 12, 21]
[1, 4, 6, 26]
[3, 4, 6, 8, 28]
[2, 3, 6, 16, 22]
[1, 3, 7, 10, 17]
[2, 3, 5, 21]
[2, 4, 5, 17]
[3, 4, 5, 18, 26]
[1, 2, 7, 9]
[2, 5, 6, 8, 10]
[16, 17, 18, 19, 20, 21, 22, 23, 24, 25, 26, 27, 28]


