Results
15
0.64
0.6418

5
process id 2
stats
5, 15, 7, 100, 1000
20220817-204401
loosing coalitions taken
[3, 4, 6, 14, 18]
[1, 5, 6, 16, 17]
[2, 4, 5, 17]
[2, 3, 6, 9]
[1, 2, 7, 13, 25]
[1, 4, 8, 10, 13]
[1, 3, 7, 11, 22]
[1, 4, 7, 9, 16]
[1, 4, 6, 25]
[2, 3, 5, 20]
[3, 4, 5, 15]
[1, 2, 8, 12, 18]
[1, 3, 8, 15, 16]
[2, 4, 6, 13, 22]
[16, 17, 18, 19, 20, 21, 22, 23, 24, 25, 26, 27, 28]


6
process id 3
stats
5, 15, 7, 100, 1000
20220817-204402
loosing coalitions taken
[1, 2, 7, 9]
[2, 4, 5, 18]
[1, 3, 8, 12, 18]
[2, 4, 6, 12, 19]
[1, 4, 6, 27]
[3, 4, 5, 13]
[1, 4, 7, 12, 15]
[2, 3, 6, 9]
[2, 3, 5, 20]
[3, 4, 6, 8]
[1, 5, 6, 16, 20]
[1, 2, 8, 10, 17]
[1, 3, 7, 11, 17]
[1, 4, 8, 11, 13]
[16, 17, 18, 19, 20, 21, 22, 23, 24, 25, 26, 27, 28]


6
process id 6
stats
5, 15, 7, 100, 1000
20220817-204403
loosing coalitions taken
[1, 3, 9, 10, 11]
[2, 3, 6, 13]
[1, 5, 6, 16, 17]
[3, 4, 6, 8]
[1, 2, 7, 15, 19]
[3, 4, 5, 13]
[2, 4, 6, 11, 24]
[2, 4, 5, 16]
[1, 4, 6, 28]
[2, 3, 5, 22]
[1, 4, 7, 10, 17]
[1, 3, 8, 13, 15]
[1, 2, 8, 14, 18]
[1, 3, 7, 12, 22]
[16, 17, 18, 19, 20, 21, 22, 23, 24, 25, 26, 27, 28]


6
process id 0
stats
5, 15, 7, 100, 1000
20220817-204403
loosing coalitions taken
[1, 2, 7, 11, 24]
[3, 4, 5, 16]
[1, 2, 9, 10, 14]
[2, 3, 6, 12]
[1, 5, 6, 15, 19]
[1, 2, 8, 15, 16]
[1, 3, 8, 11, 18]
[1, 3, 7, 13, 22]
[2, 4, 5, 18]
[3, 4, 6, 8]
[2, 4, 6, 14, 22]
[1, 4, 8, 9, 12]
[2, 3, 5, 20]
[1, 4, 6, 25]
[16, 17, 18, 19, 20, 21, 22, 23, 24, 25, 26, 27, 28]


6
process id 5
stats
5, 15, 7, 100, 1000
20220817-204403
loosing coalitions taken
[2, 3, 6, 12]
[1, 4, 7, 9, 17]
[2, 4, 5, 19]
[1, 2, 7, 10, 24]
[1, 3, 7, 11, 23]
[1, 2, 8, 14, 20]
[1, 5, 6, 16, 19]
[2, 4, 6, 9, 22]
[3, 4, 6, 8]
[2, 3, 5, 22]
[1, 4, 6, 25]
[1, 3, 8, 12, 16]
[3, 4, 5, 16, 27]
[1, 2, 9, 12, 13]
[16, 17, 18, 19, 20, 21, 22, 23, 24, 25, 26, 27, 28]


5
process id 6
stats
5, 15, 7, 100, 1000
20220817-204404
loosing coalitions taken
[1, 5, 6, 15, 18]
[2, 3, 6, 14]
[2, 4, 5, 16]
[1, 2, 9, 12, 13]
[1, 3, 8, 9, 16]
[1, 2, 8, 11, 17]
[3, 4, 5, 14]
[1, 4, 6, 28]
[2, 3, 5, 23]
[1, 3, 7, 10, 22]
[2, 4, 6, 10, 21]
[3, 4, 6, 11, 18]
[1, 2, 7, 15, 20]
[1, 4, 7, 8, 24]
[16, 17, 18, 19, 20, 21, 22, 23, 24, 25, 26, 27, 28]


6
process id 4
stats
5, 15, 7, 100, 1000
20220817-204405
loosing coalitions taken
[1, 3, 8, 12, 16]
[1, 2, 7, 11, 24]
[2, 4, 5, 21, 27]
[1, 2, 9, 12, 14]
[1, 3, 7, 15, 20]
[1, 3, 9, 10, 11]
[3, 4, 6, 11, 21]
[2, 4, 6, 9, 25]
[1, 5, 6, 14, 22]
[1, 4, 8, 13, 14]
[1, 2, 8, 10, 19]
[2, 3, 6, 13, 28]
[3, 4, 5, 17, 24]
[2, 3, 5, 25]
[16, 17, 18, 19, 20, 21, 22, 23, 24, 25, 26, 27, 28]


6
process id 3
stats
5, 15, 7, 100, 1000
20220817-204405
loosing coalitions taken
[3, 4, 6, 14, 20]
[1, 2, 8, 10, 17]
[1, 4, 8, 9, 14]
[1, 3, 7, 10, 24]
[1, 3, 8, 12, 18]
[1, 5, 6, 11, 23]
[3, 4, 5, 15]
[1, 2, 7, 9, 26]
[2, 3, 5, 23, 26]
[2, 4, 6, 11, 22]
[2, 3, 6, 17, 19]
[1, 4, 6, 28]
[2, 4, 5, 20]
[2, 5, 6, 7, 15]
[16, 17, 18, 19, 20, 21, 22, 23, 24, 25, 26, 27, 28]


6
process id 5
stats
5, 15, 7, 100, 1000
20220817-204406
loosing coalitions taken
[1, 3, 9, 10, 11]
[2, 4, 6, 15, 20]
[3, 4, 6, 14, 17]
[1, 2, 7, 9]
[2, 3, 5, 27, 28]
[3, 4, 5, 16]
[1, 4, 6, 27]
[2, 4, 5, 19]
[2, 3, 6, 13]
[1, 5, 6, 13, 22]
[1, 4, 7, 8, 28]
[1, 2, 8, 12, 18]
[2, 5, 6, 7, 12]
[1, 3, 8, 13, 14]
[16, 17, 18, 19, 20, 21, 22, 23, 24, 25, 26, 27, 28]


6
process id 2
stats
5, 15, 7, 100, 1000
20220817-204406
loosing coalitions taken
[1, 5, 6, 13, 22]
[1, 2, 8, 13, 18]
[2, 3, 6, 14]
[1, 3, 7, 11, 23]
[1, 3, 8, 12, 19]
[1, 4, 8, 10, 15]
[2, 4, 5, 17]
[2, 3, 5, 25]
[3, 4, 6, 9, 20]
[1, 4, 6, 28]
[1, 2, 7, 9]
[3, 4, 5, 16]
[1, 4, 7, 12, 16]
[1, 2, 10, 11, 14]
[16, 17, 18, 19, 20, 21, 22, 23, 24, 25, 26, 27, 28]


6
process id 6
stats
5, 15, 7, 100, 1000
20220817-204408
loosing coalitions taken
[1, 4, 8, 11, 14]
[1, 2, 8, 13, 20]
[2, 3, 6, 9]
[1, 3, 8, 10, 16]
[3, 4, 5, 17, 24]
[1, 2, 7, 11, 25]
[2, 4, 5, 21, 28]
[1, 4, 6, 28]
[1, 3, 7, 12, 20]
[2, 3, 5, 20]
[1, 2, 10, 12, 14]
[1, 5, 6, 11, 22]
[1, 4, 7, 10, 17]
[2, 4, 6, 15, 16]
[16, 17, 18, 19, 20, 21, 22, 23, 24, 25, 26, 27, 28]


6
process id 1
stats
5, 15, 7, 100, 1000
20220817-204408
loosing coalitions taken
[1, 4, 7, 9, 18]
[1, 3, 7, 15, 19]
[1, 2, 7, 14, 23]
[2, 3, 6, 18, 21]
[1, 2, 8, 15, 17]
[1, 3, 8, 10, 16]
[1, 2, 9, 11, 12]
[2, 3, 5, 24]
[2, 4, 5, 16, 26]
[1, 4, 6, 25]
[3, 4, 5, 14]
[2, 4, 6, 14, 19]
[1, 5, 6, 15, 20]
[3, 4, 6, 10, 17]
[16, 17, 18, 19, 20, 21, 22, 23, 24, 25, 26, 27, 28]


6
process id 4
stats
5, 15, 7, 100, 1000
20220817-204409
loosing coalitions taken
[3, 4, 6, 14, 17]
[1, 5, 6, 11, 22]
[3, 4, 5, 18, 27]
[2, 4, 5, 17]
[1, 2, 10, 11, 12]
[1, 3, 7, 14, 18]
[1, 3, 8, 13, 16]
[2, 3, 6, 9]
[1, 2, 7, 13, 24]
[1, 4, 7, 8]
[2, 4, 6, 12, 21]
[2, 3, 5, 23]
[1, 2, 8, 14, 15]
[1, 4, 6, 25]
[16, 17, 18, 19, 20, 21, 22, 23, 24, 25, 26, 27, 28]


6
process id 1
stats
5, 15, 7, 100, 1000
20220817-204409
loosing coalitions taken
[1, 2, 8, 12, 20]
[1, 4, 7, 8]
[1, 2, 10, 11, 14]
[1, 3, 9, 10, 12]
[3, 4, 5, 17, 24]
[2, 3, 5, 22]
[2, 4, 6, 11, 23]
[3, 4, 6, 12, 19]
[2, 4, 5, 20]
[1, 4, 6, 26, 28]
[1, 2, 7, 15, 22]
[2, 3, 6, 16, 20]
[1, 3, 7, 11, 23]
[1, 5, 6, 13, 22]
[16, 17, 18, 19, 20, 21, 22, 23, 24, 25, 26, 27, 28]


6
process id 5
stats
5, 15, 7, 100, 1000
20220817-204410
loosing coalitions taken
[1, 3, 8, 12, 18]
[1, 2, 8, 10, 21]
[1, 4, 7, 8]
[1, 5, 6, 11, 23]
[2, 4, 6, 9, 25]
[3, 4, 6, 12, 21]
[2, 3, 6, 19, 20]
[2, 3, 5, 24, 26]
[3, 4, 5, 19, 23]
[2, 4, 5, 17]
[1, 4, 6, 26]
[1, 3, 7, 10, 23]
[1, 2, 9, 11, 12]
[1, 2, 7, 16, 20]
[16, 17, 18, 19, 20, 21, 22, 23, 24, 25, 26, 27, 28]


5
process id 0
stats
5, 15, 7, 100, 1000
20220817-204411
loosing coalitions taken
[1, 3, 9, 10, 12]
[1, 4, 8, 9, 13]
[2, 3, 6, 13]
[1, 2, 7, 9]
[1, 3, 8, 11, 17]
[1, 5, 6, 14, 21]
[3, 4, 6, 14, 16]
[2, 4, 5, 17]
[1, 4, 6, 26]
[2, 3, 5, 25]
[3, 5, 6, 7, 10]
[1, 2, 8, 14, 16]
[3, 4, 5, 18, 26]
[2, 4, 6, 11, 24]
[16, 17, 18, 19, 20, 21, 22, 23, 24, 25, 26, 27, 28]


6
process id 3
stats
5, 15, 7, 100, 1000
20220817-204411
loosing coalitions taken
[1, 3, 7, 16, 17]
[1, 4, 7, 8]
[3, 4, 5, 14]
[1, 2, 9, 10, 11]
[1, 2, 7, 14, 20]
[2, 3, 6, 14]
[2, 4, 5, 19]
[1, 5, 6, 12, 22]
[2, 3, 5, 25]
[3, 4, 6, 10, 21]
[2, 4, 6, 15, 18]
[1, 4, 6, 28]
[1, 2, 8, 12, 16]
[1, 3, 8, 10, 18]
[16, 17, 18, 19, 20, 21, 22, 23, 24, 25, 26, 27, 28]


6
process id 6
stats
5, 15, 7, 100, 1000
20220817-204412
loosing coalitions taken
[2, 3, 6, 13]
[1, 5, 6, 14, 22]
[1, 4, 7, 8]
[1, 3, 9, 10, 11]
[1, 2, 10, 12, 14]
[1, 3, 8, 12, 18]
[2, 4, 5, 19]
[1, 2, 7, 17, 19]
[3, 4, 6, 11, 19]
[3, 4, 5, 15]
[2, 3, 5, 22]
[1, 4, 6, 26]
[1, 2, 8, 11, 21]
[2, 4, 6, 15, 16]
[16, 17, 18, 19, 20, 21, 22, 23, 24, 25, 26, 27, 28]


6
process id 5
stats
5, 15, 7, 100, 1000
20220817-204412
loosing coalitions taken
[2, 3, 5, 25]
[1, 2, 9, 10, 14]
[2, 4, 6, 12, 23]
[1, 2, 7, 13, 22]
[1, 3, 8, 15, 16]
[1, 4, 7, 9, 16]
[1, 5, 6, 15, 21]
[1, 4, 6, 26]
[2, 4, 5, 18]
[2, 3, 6, 13]
[3, 4, 5, 15]
[1, 4, 8, 10, 13]
[3, 4, 6, 10, 17]
[1, 2, 8, 11, 21]
[16, 17, 18, 19, 20, 21, 22, 23, 24, 25, 26, 27, 28]


5
process id 3
stats
5, 15, 7, 100, 1000
20220817-204414
loosing coalitions taken
[1, 2, 7, 10, 26]
[1, 5, 6, 16, 18]
[2, 3, 6, 14]
[1, 2, 9, 11, 13]
[2, 3, 5, 20]
[1, 4, 6, 26]
[2, 4, 5, 16]
[3, 4, 6, 8, 25]
[1, 2, 8, 14, 15]
[3, 4, 5, 13]
[2, 4, 6, 10, 22]
[1, 3, 8, 12, 16]
[1, 3, 7, 13, 22]
[1, 4, 7, 8]
[16, 17, 18, 19, 20, 21, 22, 23, 24, 25, 26, 27, 28]


6
process id 2
stats
5, 15, 7, 100, 1000
20220817-204414
loosing coalitions taken
[2, 4, 5, 21, 26]
[2, 3, 6, 14, 28]
[1, 4, 8, 11, 13]
[1, 2, 8, 12, 21]
[1, 2, 9, 10, 13]
[3, 4, 6, 12, 18]
[1, 5, 6, 11, 23]
[2, 4, 6, 9, 23]
[1, 3, 8, 10, 18]
[2, 3, 5, 24]
[1, 2, 7, 17, 19]
[3, 4, 5, 15]
[1, 3, 7, 15, 20]
[1, 4, 6, 25]
[16, 17, 18, 19, 20, 21, 22, 23, 24, 25, 26, 27, 28]


6
process id 1
stats
5, 15, 7, 100, 1000
20220817-204415
loosing coalitions taken
[1, 2, 9, 11, 14]
[2, 4, 6, 9, 25]
[2, 3, 5, 24]
[1, 3, 7, 14, 19]
[1, 3, 8, 15, 16]
[1, 2, 8, 10, 19]
[2, 4, 5, 15]
[1, 5, 6, 13, 24]
[1, 4, 8, 11, 13]
[3, 4, 5, 16]
[3, 4, 6, 12, 19]
[2, 3, 6, 11, 23]
[1, 4, 7, 9, 17]
[1, 2, 7, 12, 22]
[16, 17, 18, 19, 20, 21, 22, 23, 24, 25, 26, 27, 28]


6
process id 6
stats
5, 15, 7, 100, 1000
20220817-204415
loosing coalitions taken
[2, 4, 6, 11, 23]
[2, 4, 5, 19]
[1, 3, 8, 14, 16]
[1, 2, 7, 16, 21]
[1, 4, 7, 8]
[1, 2, 9, 11, 12]
[1, 5, 6, 15, 21]
[1, 4, 6, 26]
[2, 3, 5, 25]
[2, 3, 6, 10]
[3, 4, 5, 18, 26]
[3, 4, 6, 8]
[1, 3, 7, 10, 22]
[1, 2, 8, 15, 17]
[16, 17, 18, 19, 20, 21, 22, 23, 24, 25, 26, 27, 28]


6
process id 3
stats
5, 15, 7, 100, 1000
20220817-204416
loosing coalitions taken
[1, 2, 10, 11, 13]
[1, 2, 7, 9]
[2, 3, 5, 24]
[3, 4, 6, 15, 17]
[1, 4, 6, 27]
[2, 4, 5, 18]
[1, 3, 8, 9, 17]
[1, 3, 7, 10, 19]
[2, 3, 6, 12]
[1, 5, 6, 13, 19]
[3, 4, 5, 13]
[1, 4, 7, 12, 16]
[2, 4, 6, 9, 19]
[1, 2, 8, 14, 20]
[16, 17, 18, 19, 20, 21, 22, 23, 24, 25, 26, 27, 28]


6
process id 5
stats
5, 15, 7, 100, 1000
20220817-204416
loosing coalitions taken
[3, 4, 5, 18, 27]
[2, 4, 5, 20]
[1, 3, 8, 15, 16]
[1, 2, 9, 12, 14]
[1, 3, 7, 14, 17]
[1, 5, 6, 14, 22]
[1, 2, 8, 13, 19]
[1, 2, 7, 11, 26]
[2, 3, 6, 9]
[3, 4, 6, 11, 16]
[1, 4, 6, 26]
[2, 3, 5, 22]
[1, 4, 7, 8]
[2, 4, 6, 13, 22]
[16, 17, 18, 19, 20, 21, 22, 23, 24, 25, 26, 27, 28]


5
process id 0
stats
5, 15, 7, 100, 1000
20220817-204417
loosing coalitions taken
[1, 5, 6, 11, 24]
[1, 3, 8, 14, 16]
[1, 2, 8, 11, 20]
[1, 2, 7, 14, 23]
[1, 4, 7, 8, 27]
[2, 3, 6, 12]
[2, 4, 5, 19]
[1, 3, 7, 9, 21]
[2, 4, 6, 9, 23]
[2, 3, 5, 21]
[3, 4, 6, 13, 17]
[1, 4, 6, 28]
[3, 4, 5, 16]
[1, 2, 9, 12, 13]
[16, 17, 18, 19, 20, 21, 22, 23, 24, 25, 26, 27, 28]


5
process id 4
stats
5, 15, 7, 100, 1000
20220817-204418
loosing coalitions taken
[1, 3, 9, 10, 12]
[2, 3, 6, 14]
[1, 5, 6, 10, 25]
[2, 4, 5, 15]
[2, 4, 6, 11, 23]
[2, 3, 5, 25]
[1, 3, 7, 11, 17]
[1, 2, 8, 12, 21]
[1, 4, 6, 27]
[1, 4, 8, 9, 13]
[1, 2, 7, 14, 20]
[3, 4, 5, 14]
[3, 4, 6, 9, 20]
[1, 4, 7, 10, 16]
[16, 17, 18, 19, 20, 21, 22, 23, 24, 25, 26, 27, 28]


6
process id 1
stats
5, 15, 7, 100, 1000
20220817-204420
loosing coalitions taken
[1, 2, 7, 12, 25]
[1, 3, 9, 10, 12]
[1, 4, 7, 8]
[2, 3, 6, 14]
[1, 2, 9, 11, 13]
[3, 4, 5, 17, 23]
[1, 4, 6, 27]
[2, 4, 5, 16]
[3, 4, 6, 11, 19]
[1, 5, 6, 9, 24]
[2, 3, 5, 24, 27]
[1, 2, 8, 14, 19]
[1, 3, 8, 11, 17]
[2, 4, 6, 12, 20]
[16, 17, 18, 19, 20, 21, 22, 23, 24, 25, 26, 27, 28]


6
process id 5
stats
5, 15, 7, 100, 1000
20220817-204420
loosing coalitions taken
[1, 2, 7, 10, 26]
[1, 3, 8, 11, 17]
[3, 4, 5, 18, 24]
[1, 4, 7, 12, 16]
[1, 2, 8, 14, 19]
[1, 5, 6, 13, 22]
[2, 4, 5, 17, 27]
[1, 3, 7, 13, 21]
[2, 3, 6, 11]
[3, 4, 6, 10, 17]
[1, 2, 9, 11, 12]
[1, 4, 6, 26]
[2, 4, 6, 14, 22]
[2, 3, 5, 22]
[16, 17, 18, 19, 20, 21, 22, 23, 24, 25, 26, 27, 28]


5
process id 2
stats
5, 15, 7, 100, 1000
20220817-204420
loosing coalitions taken
[1, 2, 10, 11, 12]
[1, 5, 6, 11, 21]
[1, 3, 8, 11, 19]
[1, 3, 7, 15, 18]
[1, 2, 7, 9, 26]
[1, 4, 7, 13, 16]
[1, 4, 8, 9, 15]
[2, 4, 5, 19]
[3, 4, 5, 16]
[2, 3, 5, 22, 25]
[2, 3, 6, 12, 24]
[3, 4, 6, 8]
[1, 4, 6, 27]
[2, 4, 6, 13, 20]
[16, 17, 18, 19, 20, 21, 22, 23, 24, 25, 26, 27, 28]


6
process id 3
stats
5, 15, 7, 100, 1000
20220817-204420
loosing coalitions taken
[1, 4, 7, 8, 28]
[1, 2, 8, 14, 20]
[1, 3, 7, 11, 22]
[1, 3, 8, 15, 16]
[3, 4, 5, 18, 22]
[1, 2, 7, 9]
[2, 3, 6, 13]
[2, 4, 5, 17]
[1, 5, 6, 15, 18]
[3, 4, 6, 11, 16]
[2, 3, 5, 25]
[2, 4, 6, 10, 23]
[1, 4, 6, 26]
[1, 2, 10, 11, 13]
[16, 17, 18, 19, 20, 21, 22, 23, 24, 25, 26, 27, 28]


6
process id 6
stats
5, 15, 7, 100, 1000
20220817-204420
loosing coalitions taken
[1, 4, 8, 12, 13]
[2, 4, 5, 18]
[1, 3, 7, 9, 22]
[1, 2, 8, 9, 20]
[3, 4, 6, 14, 17]
[1, 4, 7, 14, 15]
[2, 3, 6, 11]
[1, 2, 10, 12, 14]
[1, 4, 6, 28]
[1, 2, 7, 13, 24]
[2, 3, 5, 25]
[1, 5, 6, 15, 21]
[3, 4, 5, 15]
[2, 4, 6, 10, 21]
[16, 17, 18, 19, 20, 21, 22, 23, 24, 25, 26, 27, 28]


6
process id 4
stats
5, 15, 7, 100, 1000
20220817-204421
loosing coalitions taken
[1, 3, 8, 9, 20]
[1, 3, 7, 15, 21]
[3, 4, 6, 9, 21]
[1, 2, 7, 13, 24]
[1, 2, 9, 11, 12]
[1, 2, 8, 10, 17]
[2, 4, 5, 19, 25]
[3, 4, 5, 14]
[1, 4, 6, 25]
[2, 4, 6, 12, 22]
[2, 3, 6, 13]
[2, 3, 5, 24]
[1, 5, 6, 11, 24]
[1, 4, 7, 8]
[16, 17, 18, 19, 20, 21, 22, 23, 24, 25, 26, 27, 28]


5
process id 5
stats
5, 15, 7, 100, 1000
20220817-204422
loosing coalitions taken
[1, 2, 7, 9]
[1, 4, 8, 10, 12]
[1, 3, 8, 11, 19]
[2, 3, 6, 12]
[2, 4, 5, 18]
[1, 3, 7, 14, 22]
[1, 4, 6, 28]
[1, 5, 6, 11, 20]
[2, 3, 5, 25]
[3, 4, 6, 8]
[1, 2, 8, 14, 18]
[2, 4, 6, 9, 21]
[3, 4, 5, 16]
[1, 4, 7, 11, 15]
[16, 17, 18, 19, 20, 21, 22, 23, 24, 25, 26, 27, 28]


5
process id 7
stats
5, 15, 7, 100, 1000
20220817-204423
loosing coalitions taken
[1, 3, 7, 11, 23]
[2, 3, 6, 10]
[3, 4, 5, 17, 22]
[1, 2, 7, 13, 22]
[1, 3, 8, 13, 15]
[2, 4, 5, 19]
[1, 4, 7, 9, 18]
[1, 2, 8, 9, 20]
[2, 4, 6, 9, 22]
[3, 4, 6, 14, 16]
[2, 3, 5, 24]
[1, 5, 6, 13, 17]
[1, 4, 6, 28]
[1, 3, 9, 10, 12]
[16, 17, 18, 19, 20, 21, 22, 23, 24, 25, 26, 27, 28]


6
process id 1
stats
5, 15, 7, 100, 1000
20220817-204423
loosing coalitions taken
[2, 3, 6, 12]
[1, 2, 7, 16, 20]
[3, 4, 5, 20, 23]
[1, 4, 8, 12, 14]
[1, 3, 8, 10, 16]
[1, 5, 6, 11, 22]
[2, 4, 5, 18, 24]
[1, 2, 9, 10, 11]
[1, 2, 8, 15, 17]
[2, 3, 5, 22]
[2, 4, 6, 9, 19]
[3, 4, 6, 8]
[1, 4, 6, 28]
[1, 4, 7, 10, 19]
[16, 17, 18, 19, 20, 21, 22, 23, 24, 25, 26, 27, 28]


6
process id 4
stats
5, 15, 7, 100, 1000
20220817-204425
loosing coalitions taken
[2, 4, 6, 12, 22]
[1, 2, 7, 17, 18]
[1, 5, 6, 10, 24]
[2, 3, 6, 13]
[2, 4, 5, 20]
[1, 3, 7, 14, 19]
[1, 2, 9, 10, 12]
[1, 2, 8, 15, 16]
[2, 3, 5, 23]
[1, 4, 7, 8]
[3, 4, 6, 14, 15]
[1, 4, 6, 25]
[3, 4, 5, 16]
[1, 3, 8, 11, 17]
[16, 17, 18, 19, 20, 21, 22, 23, 24, 25, 26, 27, 28]


6
process id 0
stats
5, 15, 7, 100, 1000
20220817-204425
loosing coalitions taken
[2, 4, 5, 20]
[3, 4, 6, 9, 21]
[1, 3, 8, 11, 17]
[1, 2, 7, 13, 23]
[2, 3, 6, 14]
[1, 4, 7, 8, 25]
[1, 5, 6, 12, 24]
[1, 2, 10, 11, 12]
[1, 3, 7, 12, 18]
[1, 4, 6, 26]
[2, 3, 5, 21, 28]
[3, 4, 5, 16]
[1, 2, 8, 15, 16]
[2, 4, 6, 10, 23]
[16, 17, 18, 19, 20, 21, 22, 23, 24, 25, 26, 27, 28]


6
process id 1
stats
5, 15, 7, 100, 1000
20220817-204425
loosing coalitions taken
[1, 3, 7, 16, 17]
[1, 2, 8, 14, 20]
[2, 3, 6, 14]
[1, 4, 7, 8]
[2, 4, 5, 20, 23]
[1, 5, 6, 10, 23]
[1, 2, 10, 11, 13]
[3, 4, 5, 18, 22]
[1, 4, 6, 27]
[2, 3, 5, 24]
[1, 2, 7, 9]
[1, 3, 8, 9, 19]
[3, 4, 6, 8]
[2, 4, 6, 13, 21]
[16, 17, 18, 19, 20, 21, 22, 23, 24, 25, 26, 27, 28]


6
process id 3
stats
5, 15, 7, 100, 1000
20220817-204426
loosing coalitions taken
[1, 2, 10, 12, 14]
[1, 3, 7, 12, 22]
[3, 4, 5, 16]
[1, 5, 6, 15, 18]
[1, 4, 8, 10, 11]
[2, 3, 6, 11]
[1, 2, 7, 17, 18]
[2, 3, 7, 8, 9]
[2, 3, 5, 25, 28]
[1, 4, 6, 25]
[3, 4, 6, 13, 19]
[2, 5, 6, 7, 12]
[2, 4, 5, 19]
[1, 2, 8, 13, 19]
[16, 17, 18, 19, 20, 21, 22, 23, 24, 25, 26, 27, 28]


5
process id 0
stats
5, 15, 7, 100, 1000
20220817-204427
loosing coalitions taken
[1, 4, 8, 12, 13]
[2, 3, 6, 10]
[1, 2, 7, 9]
[2, 4, 5, 20, 23]
[1, 4, 6, 27]
[2, 4, 6, 15, 21]
[1, 5, 6, 12, 23]
[1, 3, 9, 10, 12]
[2, 3, 5, 25]
[3, 4, 6, 8]
[1, 3, 7, 13, 21]
[3, 4, 5, 15]
[1, 2, 8, 10, 18]
[1, 4, 7, 10, 17]
[16, 17, 18, 19, 20, 21, 22, 23, 24, 25, 26, 27, 28]


5
process id 6
stats
5, 15, 7, 100, 1000
20220817-204427
loosing coalitions taken
[2, 3, 5, 25]
[1, 4, 7, 8]
[3, 4, 6, 13, 18]
[1, 2, 9, 10, 14]
[2, 3, 6, 11]
[2, 4, 5, 16]
[1, 5, 6, 11, 19]
[3, 4, 5, 14]
[1, 3, 7, 11, 17]
[1, 3, 8, 10, 19]
[1, 4, 6, 26]
[1, 2, 7, 15, 18]
[2, 4, 6, 14, 20]
[1, 2, 8, 11, 20]
[16, 17, 18, 19, 20, 21, 22, 23, 24, 25, 26, 27, 28]


6
process id 7
stats
5, 15, 7, 100, 1000
20220817-204428
loosing coalitions taken
[1, 3, 7, 9, 22]
[1, 2, 7, 12, 23]
[1, 2, 9, 11, 13]
[1, 3, 8, 11, 18]
[2, 3, 6, 19, 20]
[3, 4, 6, 8]
[1, 5, 6, 15, 19]
[2, 4, 6, 14, 22]
[3, 4, 5, 21, 23]
[1, 4, 7, 11, 16]
[2, 3, 5, 22, 28]
[2, 4, 5, 18]
[1, 4, 6, 27]
[1, 2, 8, 14, 20]
[16, 17, 18, 19, 20, 21, 22, 23, 24, 25, 26, 27, 28]


6
process id 4
stats
5, 15, 7, 100, 1000
20220817-204429
loosing coalitions taken
[1, 2, 10, 11, 14]
[2, 4, 5, 19, 28]
[2, 4, 6, 9, 22]
[2, 3, 6, 14]
[1, 2, 7, 9]
[1, 3, 8, 15, 16]
[1, 3, 7, 11, 21]
[1, 4, 6, 25]
[3, 4, 5, 13]
[1, 5, 6, 10, 22]
[2, 3, 5, 21]
[1, 3, 9, 10, 12]
[1, 4, 7, 8]
[3, 4, 6, 8]
[16, 17, 18, 19, 20, 21, 22, 23, 24, 25, 26, 27, 28]


6
process id 3
stats
5, 15, 7, 100, 1000
20220817-204429
loosing coalitions taken
[1, 4, 7, 10, 18]
[1, 5, 6, 9, 24]
[1, 3, 7, 15, 21]
[3, 4, 6, 12, 18]
[2, 4, 6, 16, 17]
[1, 4, 8, 13, 14]
[1, 2, 10, 12, 14]
[1, 3, 9, 10, 11]
[1, 2, 7, 13, 25]
[2, 3, 6, 13]
[1, 4, 6, 26]
[2, 4, 5, 19, 27]
[3, 4, 5, 20, 23]
[1, 2, 8, 15, 17]
[16, 17, 18, 19, 20, 21, 22, 23, 24, 25, 26, 27, 28]


6
process id 1
stats
5, 15, 7, 100, 1000
20220817-204430
loosing coalitions taken
[1, 5, 6, 12, 24]
[3, 4, 6, 14, 20]
[1, 3, 8, 11, 19]
[2, 3, 6, 17, 21]
[2, 4, 5, 20, 28]
[2, 5, 6, 8, 11]
[2, 3, 5, 22, 26]
[3, 4, 5, 15]
[1, 3, 7, 13, 20]
[1, 2, 7, 17, 18]
[1, 4, 7, 10, 16]
[1, 4, 6, 28]
[1, 2, 8, 12, 16]
[1, 2, 9, 10, 14]
[16, 17, 18, 19, 20, 21, 22, 23, 24, 25, 26, 27, 28]


6
process id 2
stats
5, 15, 7, 100, 1000
20220817-204430
loosing coalitions taken
[1, 4, 7, 8]
[2, 4, 6, 12, 22]
[3, 4, 5, 18, 27]
[1, 5, 6, 15, 21]
[1, 3, 9, 10, 12]
[2, 3, 6, 14]
[2, 3, 5, 21]
[2, 4, 5, 20, 23]
[1, 2, 7, 9]
[1, 4, 6, 27]
[3, 4, 6, 8]
[1, 2, 8, 12, 17]
[1, 3, 7, 14, 17]
[1, 2, 10, 11, 14]
[16, 17, 18, 19, 20, 21, 22, 23, 24, 25, 26, 27, 28]


6
process id 6
stats
5, 15, 7, 100, 1000
20220817-204431
loosing coalitions taken
[3, 4, 5, 18, 27]
[2, 4, 5, 20, 28]
[1, 5, 6, 15, 17]
[1, 3, 9, 10, 12]
[2, 3, 6, 9]
[1, 2, 10, 11, 14]
[1, 3, 8, 14, 15]
[1, 2, 7, 15, 20]
[1, 3, 7, 13, 18]
[1, 4, 8, 12, 13]
[2, 5, 6, 7, 13]
[2, 4, 6, 10, 22]
[2, 3, 5, 21]
[1, 4, 6, 28]
[16, 17, 18, 19, 20, 21, 22, 23, 24, 25, 26, 27, 28]


6
process id 5
stats
5, 15, 7, 100, 1000
20220817-204432
loosing coalitions taken
[1, 2, 9, 11, 13]
[2, 4, 6, 9, 24]
[1, 4, 7, 12, 15]
[1, 2, 8, 14, 17]
[1, 5, 6, 16, 18]
[3, 4, 6, 10, 21]
[1, 4, 8, 10, 11]
[1, 3, 8, 15, 16]
[2, 4, 5, 18, 23]
[1, 4, 6, 26]
[3, 4, 5, 19, 24]
[2, 3, 5, 21, 28]
[2, 3, 6, 11]
[1, 2, 7, 16, 21]
[16, 17, 18, 19, 20, 21, 22, 23, 24, 25, 26, 27, 28]


6
process id 4
stats
5, 15, 7, 100, 1000
20220817-204432
loosing coalitions taken
[1, 2, 9, 11, 12]
[1, 2, 7, 10, 28]
[2, 4, 5, 19]
[3, 4, 6, 11, 21]
[2, 3, 6, 9]
[1, 3, 8, 11, 17]
[1, 4, 7, 8, 27]
[1, 5, 6, 14, 18]
[1, 3, 7, 13, 20]
[2, 3, 5, 23]
[3, 4, 5, 17, 28]
[1, 4, 6, 28]
[2, 4, 6, 10, 17]
[1, 2, 8, 13, 19]
[16, 17, 18, 19, 20, 21, 22, 23, 24, 25, 26, 27, 28]


5
process id 0
stats
5, 15, 7, 100, 1000
20220817-204433
loosing coalitions taken
[1, 2, 9, 12, 14]
[1, 2, 8, 11, 21]
[2, 3, 5, 22]
[1, 4, 7, 12, 15]
[1, 3, 7, 16, 18]
[2, 4, 6, 15, 19]
[1, 3, 8, 14, 15]
[1, 5, 6, 12, 23]
[1, 2, 7, 10, 23]
[3, 4, 5, 15]
[3, 4, 6, 9, 18]
[2, 3, 6, 13, 26]
[2, 4, 5, 18]
[1, 4, 6, 25]
[16, 17, 18, 19, 20, 21, 22, 23, 24, 25, 26, 27, 28]


5
process id 2
stats
5, 15, 7, 100, 1000
20220817-204433
loosing coalitions taken
[1, 4, 7, 8]
[1, 5, 6, 15, 20]
[2, 3, 5, 25]
[2, 3, 6, 14]
[2, 4, 5, 17]
[2, 4, 6, 9, 22]
[1, 4, 6, 26]
[3, 4, 6, 8]
[1, 2, 10, 11, 13]
[1, 3, 8, 14, 15]
[1, 2, 7, 14, 23]
[1, 3, 7, 12, 20]
[3, 4, 5, 15]
[1, 2, 8, 12, 18]
[16, 17, 18, 19, 20, 21, 22, 23, 24, 25, 26, 27, 28]


5
process id 1
stats
5, 15, 7, 100, 1000
20220817-204434
loosing coalitions taken
[1, 2, 9, 12, 14]
[3, 4, 5, 18, 24]
[2, 4, 5, 20]
[1, 3, 7, 15, 20]
[3, 5, 6, 7, 13]
[1, 3, 8, 12, 19]
[1, 2, 7, 13, 25]
[1, 5, 6, 15, 19]
[2, 3, 7, 8, 9]
[1, 4, 8, 9, 15]
[2, 3, 6, 12, 24]
[3, 4, 6, 11, 16]
[1, 4, 6, 27]
[1, 2, 8, 10, 16]
[16, 17, 18, 19, 20, 21, 22, 23, 24, 25, 26, 27, 28]


6
process id 7
stats
5, 15, 7, 100, 1000
20220817-204434
loosing coalitions taken
[1, 4, 8, 11, 12]
[1, 3, 8, 9, 16]
[1, 2, 10, 12, 13]
[2, 4, 5, 21, 26]
[1, 3, 7, 14, 22]
[1, 2, 7, 9]
[2, 3, 6, 10]
[1, 4, 6, 28]
[2, 3, 5, 23]
[3, 4, 5, 15]
[2, 4, 6, 14, 19]
[2, 5, 6, 7, 12]
[3, 4, 6, 8]
[1, 5, 6, 13, 23]
[16, 17, 18, 19, 20, 21, 22, 23, 24, 25, 26, 27, 28]


6
process id 4
stats
5, 15, 7, 100, 1000
20220817-204435
loosing coalitions taken
[1, 5, 6, 15, 21]
[1, 3, 8, 13, 16]
[2, 3, 6, 12, 27]
[1, 4, 8, 12, 14]
[1, 3, 9, 10, 12]
[1, 2, 7, 10, 25]
[3, 5, 6, 7, 13]
[1, 3, 7, 14, 20]
[1, 2, 9, 11, 14]
[2, 4, 5, 21, 27]
[2, 3, 5, 22]
[1, 2, 8, 15, 17]
[3, 4, 6, 9, 18]
[1, 4, 6, 26]
[16, 17, 18, 19, 20, 21, 22, 23, 24, 25, 26, 27, 28]


6
process id 5
stats
5, 15, 7, 100, 1000
20220817-204436
loosing coalitions taken
[2, 3, 6, 12, 28]
[1, 4, 8, 11, 13]
[2, 4, 5, 16]
[1, 3, 8, 10, 17]
[3, 4, 6, 15, 17]
[1, 5, 6, 13, 23]
[2, 3, 5, 25]
[1, 2, 7, 9]
[3, 4, 5, 19, 24]
[1, 2, 8, 12, 16]
[2, 4, 6, 14, 21]
[1, 3, 7, 14, 20]
[1, 4, 6, 28]
[1, 2, 10, 11, 14]
[16, 17, 18, 19, 20, 21, 22, 23, 24, 25, 26, 27, 28]


6
process id 3
stats
5, 15, 7, 100, 1000
20220817-204436
loosing coalitions taken
[1, 2, 8, 10, 20]
[2, 3, 6, 13]
[1, 4, 7, 11, 17]
[1, 2, 7, 14, 21]
[1, 3, 9, 10, 11]
[1, 3, 7, 12, 22]
[2, 4, 5, 18]
[1, 3, 8, 14, 15]
[1, 4, 6, 27]
[2, 4, 6, 11, 19]
[3, 4, 5, 17, 22]
[2, 3, 5, 25]
[1, 5, 6, 9, 20]
[3, 4, 6, 14, 16]
[16, 17, 18, 19, 20, 21, 22, 23, 24, 25, 26, 27, 28]


6
process id 0
stats
5, 15, 7, 100, 1000
20220817-204436
loosing coalitions taken
[1, 5, 6, 9, 26]
[1, 2, 7, 17, 19]
[1, 3, 7, 12, 22]
[2, 3, 6, 11]
[1, 4, 7, 13, 14]
[1, 3, 8, 15, 16]
[3, 4, 5, 16]
[1, 4, 8, 10, 11]
[3, 4, 6, 12, 19]
[1, 4, 6, 27, 28]
[2, 3, 5, 20]
[1, 2, 9, 11, 13]
[1, 2, 8, 14, 20]
[2, 4, 6, 13, 18]
[16, 17, 18, 19, 20, 21, 22, 23, 24, 25, 26, 27, 28]


6
process id 7
stats
5, 15, 7, 100, 1000
20220817-204437
loosing coalitions taken
[2, 3, 5, 25]
[1, 5, 6, 11, 23]
[1, 2, 7, 17, 19]
[2, 4, 6, 10, 24]
[1, 2, 8, 13, 18]
[1, 3, 8, 10, 17]
[1, 3, 7, 13, 22]
[1, 2, 9, 12, 14]
[2, 3, 6, 9]
[1, 4, 7, 8]
[3, 4, 5, 20, 24]
[2, 4, 5, 19, 26]
[3, 4, 6, 14, 17]
[1, 4, 6, 27]
[16, 17, 18, 19, 20, 21, 22, 23, 24, 25, 26, 27, 28]


5
process id 0
stats
5, 15, 7, 100, 1000
20220817-204438
loosing coalitions taken
[1, 3, 7, 10, 24]
[1, 2, 7, 9]
[3, 4, 5, 18, 24]
[1, 5, 6, 12, 22]
[1, 3, 8, 11, 16]
[2, 4, 5, 17]
[2, 3, 6, 12]
[1, 4, 7, 8]
[3, 4, 6, 13, 21]
[2, 3, 5, 21]
[1, 4, 6, 25]
[1, 2, 10, 12, 14]
[1, 2, 8, 13, 20]
[2, 4, 6, 9, 20]
[16, 17, 18, 19, 20, 21, 22, 23, 24, 25, 26, 27, 28]


6
process id 7
stats
5, 15, 7, 100, 1000
20220817-204440
loosing coalitions taken
[1, 2, 7, 16, 21]
[1, 2, 8, 13, 18]
[1, 4, 7, 12, 15]
[1, 5, 6, 11, 22]
[2, 3, 6, 13]
[1, 4, 6, 27]
[1, 3, 7, 11, 23]
[2, 4, 5, 17]
[1, 2, 10, 11, 12]
[2, 3, 5, 20]
[3, 4, 5, 18, 23]
[1, 3, 8, 14, 15]
[2, 4, 6, 12, 23]
[3, 4, 6, 8]
[16, 17, 18, 19, 20, 21, 22, 23, 24, 25, 26, 27, 28]


6
process id 0
stats
5, 15, 7, 100, 1000
20220817-204440
loosing coalitions taken
[1, 4, 7, 11, 17]
[1, 3, 7, 16, 18]
[1, 2, 9, 10, 11]
[3, 4, 6, 15, 16]
[1, 2, 7, 14, 22]
[1, 5, 6, 13, 22]
[1, 2, 8, 13, 17]
[2, 3, 6, 10]
[3, 4, 5, 14]
[2, 4, 5, 19]
[2, 3, 5, 21]
[1, 4, 6, 27]
[1, 3, 8, 11, 19]
[2, 4, 6, 11, 24]
[16, 17, 18, 19, 20, 21, 22, 23, 24, 25, 26, 27, 28]


6
process id 6
stats
5, 15, 7, 100, 1000
20220817-204441
loosing coalitions taken
[2, 3, 6, 14]
[1, 3, 7, 16, 17]
[1, 3, 9, 10, 11]
[1, 2, 8, 9, 22]
[1, 5, 6, 13, 23]
[1, 4, 7, 8]
[1, 2, 7, 11, 24]
[2, 4, 5, 16]
[2, 3, 5, 22, 26]
[1, 3, 8, 13, 14]
[1, 4, 6, 27]
[3, 4, 5, 13]
[2, 4, 6, 11, 21]
[3, 4, 6, 12, 17]
[16, 17, 18, 19, 20, 21, 22, 23, 24, 25, 26, 27, 28]


6
process id 3
stats
5, 15, 7, 100, 1000
20220817-204441
loosing coalitions taken
[1, 5, 6, 9, 23]
[2, 3, 6, 15, 24]
[1, 2, 9, 11, 12]
[2, 3, 5, 25]
[3, 4, 6, 13, 20]
[1, 3, 8, 12, 19]
[1, 2, 8, 13, 16]
[2, 4, 6, 10, 22]
[1, 4, 8, 9, 14]
[1, 4, 7, 11, 16]
[1, 2, 7, 14, 24]
[2, 4, 5, 19]
[1, 4, 6, 26]
[3, 4, 5, 16]
[16, 17, 18, 19, 20, 21, 22, 23, 24, 25, 26, 27, 28]


6
process id 5
stats
5, 15, 7, 100, 1000
20220817-204441
loosing coalitions taken
[2, 4, 6, 15, 21]
[1, 2, 8, 14, 17]
[2, 5, 6, 8, 12]
[1, 2, 9, 11, 12]
[3, 4, 6, 12, 20]
[3, 4, 5, 16]
[2, 3, 6, 13]
[1, 4, 7, 8, 23]
[1, 3, 7, 9, 22]
[1, 2, 7, 10, 25]
[2, 3, 5, 21]
[2, 4, 5, 19, 26]
[1, 4, 6, 25]
[1, 5, 6, 15, 19]
[16, 17, 18, 19, 20, 21, 22, 23, 24, 25, 26, 27, 28]


6
process id 2
stats
5, 15, 7, 100, 1000
20220817-204442
loosing coalitions taken
[1, 3, 8, 12, 19]
[1, 3, 7, 10, 23]
[3, 4, 5, 16]
[1, 2, 9, 10, 13]
[2, 3, 6, 12]
[1, 2, 7, 15, 22]
[1, 4, 7, 8, 25]
[2, 4, 5, 21, 23]
[1, 4, 6, 27]
[3, 4, 6, 8]
[2, 4, 6, 11, 22]
[2, 3, 5, 20]
[1, 2, 8, 11, 16]
[1, 5, 6, 15, 17]
[16, 17, 18, 19, 20, 21, 22, 23, 24, 25, 26, 27, 28]


6
process id 1
stats
5, 15, 7, 100, 1000
20220817-204443
loosing coalitions taken
[1, 4, 7, 8]
[2, 3, 6, 13]
[1, 2, 9, 11, 14]
[2, 3, 5, 25]
[3, 4, 6, 11, 18]
[2, 4, 5, 15]
[1, 5, 6, 16, 17]
[1, 4, 6, 25]
[3, 4, 5, 14]
[1, 3, 8, 9, 18]
[1, 2, 8, 15, 16]
[1, 3, 7, 10, 17]
[2, 4, 6, 14, 21]
[1, 2, 7, 12, 24]
[16, 17, 18, 19, 20, 21, 22, 23, 24, 25, 26, 27, 28]


5
process id 6
stats
5, 15, 7, 100, 1000
20220817-204444
loosing coalitions taken
[1, 2, 9, 11, 12]
[1, 3, 7, 12, 20]
[2, 4, 5, 20]
[1, 4, 7, 9, 16]
[1, 2, 7, 15, 21]
[2, 3, 6, 12]
[1, 2, 8, 14, 18]
[3, 4, 6, 8]
[1, 4, 6, 26]
[1, 5, 6, 16, 19]
[2, 4, 6, 14, 17]
[2, 3, 5, 23]
[1, 4, 8, 10, 12]
[3, 4, 5, 13]
[16, 17, 18, 19, 20, 21, 22, 23, 24, 25, 26, 27, 28]


6
process id 2
stats
5, 15, 7, 100, 1000
20220817-204445
loosing coalitions taken
[2, 4, 5, 17]
[1, 2, 7, 14, 23]
[1, 2, 9, 11, 13]
[1, 3, 8, 14, 16]
[1, 4, 7, 8]
[1, 5, 6, 15, 21]
[3, 4, 6, 14, 18]
[1, 4, 6, 25]
[2, 3, 5, 22]
[2, 3, 6, 11]
[3, 4, 5, 16]
[1, 2, 8, 10, 20]
[2, 4, 6, 9, 23]
[1, 3, 7, 9, 22]
[16, 17, 18, 19, 20, 21, 22, 23, 24, 25, 26, 27, 28]


6
process id 7
stats
5, 15, 7, 100, 1000
20220817-204446
loosing coalitions taken
[1, 2, 8, 9, 20]
[1, 2, 7, 11, 23]
[2, 4, 5, 20]
[1, 5, 6, 12, 22]
[1, 3, 8, 13, 15]
[1, 3, 7, 14, 19]
[1, 2, 10, 12, 13]
[1, 4, 7, 8]
[2, 4, 6, 14, 19]
[2, 3, 5, 24]
[2, 3, 6, 10]
[1, 4, 6, 28]
[3, 4, 6, 8]
[3, 4, 5, 13]
[16, 17, 18, 19, 20, 21, 22, 23, 24, 25, 26, 27, 28]


6
process id 1
stats
5, 15, 7, 100, 1000
20220817-204448
loosing coalitions taken
[1, 5, 6, 13, 23]
[1, 3, 7, 15, 17]
[2, 3, 6, 12]
[2, 4, 5, 18]
[1, 2, 10, 11, 14]
[1, 2, 7, 16, 19]
[1, 2, 8, 13, 17]
[3, 4, 5, 15, 28]
[1, 4, 6, 26]
[2, 4, 6, 10, 17]
[2, 3, 5, 25]
[1, 4, 7, 8]
[3, 4, 6, 11, 21]
[1, 3, 8, 10, 19]
[16, 17, 18, 19, 20, 21, 22, 23, 24, 25, 26, 27, 28]


6
process id 3
stats
5, 15, 7, 100, 1000
20220817-204449
loosing coalitions taken
[3, 4, 5, 16]
[1, 3, 8, 11, 17]
[1, 3, 9, 10, 12]
[1, 2, 8, 9, 22]
[1, 5, 6, 14, 22]
[2, 3, 6, 13]
[1, 2, 7, 17, 18]
[3, 4, 6, 14, 18]
[2, 4, 5, 17]
[1, 4, 6, 25]
[2, 3, 5, 25]
[2, 4, 6, 15, 21]
[1, 2, 10, 11, 13]
[1, 4, 7, 9, 19]
[16, 17, 18, 19, 20, 21, 22, 23, 24, 25, 26, 27, 28]


5
process id 5
stats
5, 15, 7, 100, 1000
20220817-204449
loosing coalitions taken
[2, 3, 6, 13, 27]
[2, 4, 6, 10, 22]
[1, 3, 7, 15, 18]
[1, 4, 7, 10, 19]
[2, 3, 5, 23]
[1, 2, 9, 11, 13]
[1, 3, 9, 10, 12]
[1, 2, 8, 12, 18]
[2, 4, 5, 16]
[1, 4, 8, 9, 15]
[1, 4, 6, 25]
[1, 5, 6, 13, 22]
[3, 4, 5, 15]
[3, 4, 6, 8]
[16, 17, 18, 19, 20, 21, 22, 23, 24, 25, 26, 27, 28]


6
process id 0
stats
5, 15, 7, 100, 1000
20220817-204449
loosing coalitions taken
[1, 3, 7, 10, 24]
[2, 4, 5, 18]
[2, 3, 6, 13]
[1, 5, 6, 16, 17]
[1, 4, 8, 12, 14]
[1, 2, 8, 10, 21]
[1, 2, 7, 9]
[3, 4, 6, 8]
[2, 4, 6, 15, 20]
[3, 4, 5, 19, 26]
[1, 4, 6, 27]
[2, 3, 5, 25]
[1, 3, 8, 9, 18]
[1, 4, 7, 11, 15]
[16, 17, 18, 19, 20, 21, 22, 23, 24, 25, 26, 27, 28]


6
process id 6
stats
5, 15, 7, 100, 1000
20220817-204450
loosing coalitions taken
[1, 2, 7, 9, 28]
[2, 3, 5, 24, 26]
[2, 4, 5, 18]
[1, 4, 8, 11, 12]
[1, 2, 8, 13, 20]
[1, 2, 10, 11, 14]
[1, 5, 6, 9, 25]
[1, 3, 8, 10, 16]
[2, 3, 6, 10]
[3, 4, 6, 14, 15]
[1, 3, 7, 11, 17]
[1, 4, 6, 26]
[3, 4, 5, 16, 25]
[2, 4, 6, 9, 19]
[16, 17, 18, 19, 20, 21, 22, 23, 24, 25, 26, 27, 28]


6
process id 1
stats
5, 15, 7, 100, 1000
20220817-204451
loosing coalitions taken
[1, 2, 8, 9, 18]
[1, 4, 8, 10, 14]
[2, 3, 5, 24]
[1, 4, 7, 12, 15]
[3, 4, 6, 14, 18]
[1, 3, 8, 11, 15]
[1, 2, 7, 16, 21]
[1, 4, 6, 28]
[2, 3, 6, 10]
[2, 4, 5, 21, 28]
[1, 5, 6, 13, 24]
[3, 4, 5, 16]
[2, 4, 6, 13, 22]
[1, 3, 7, 14, 19]
[16, 17, 18, 19, 20, 21, 22, 23, 24, 25, 26, 27, 28]


5
process id 2
stats
5, 15, 7, 100, 1000
20220817-204451
loosing coalitions taken
[1, 2, 7, 17, 18]
[1, 3, 7, 11, 23]
[2, 3, 5, 25]
[1, 4, 7, 8]
[3, 4, 6, 13, 21]
[1, 2, 9, 12, 13]
[2, 3, 6, 10]
[1, 4, 6, 25]
[1, 5, 6, 10, 22]
[2, 4, 5, 20]
[2, 4, 6, 15, 16]
[1, 3, 8, 15, 16]
[3, 4, 5, 16]
[1, 2, 8, 11, 19]
[16, 17, 18, 19, 20, 21, 22, 23, 24, 25, 26, 27, 28]


6
process id 7
stats
5, 15, 7, 100, 1000
20220817-204452
loosing coalitions taken
[1, 5, 6, 16, 18]
[2, 3, 6, 9]
[1, 3, 8, 11, 18]
[1, 2, 8, 14, 17]
[1, 2, 7, 12, 24]
[1, 4, 6, 27]
[1, 2, 10, 11, 13]
[2, 4, 5, 20, 24]
[3, 4, 6, 8]
[1, 3, 7, 15, 17]
[3, 4, 5, 15]
[2, 3, 5, 22, 28]
[2, 4, 6, 14, 22]
[1, 4, 7, 8]
[16, 17, 18, 19, 20, 21, 22, 23, 24, 25, 26, 27, 28]


5
process id 1
stats
5, 15, 7, 100, 1000
20220817-204453
loosing coalitions taken
[1, 3, 8, 13, 16]
[2, 3, 6, 14]
[1, 2, 8, 15, 17]
[1, 3, 9, 10, 11]
[1, 2, 9, 12, 13]
[1, 4, 7, 8]
[1, 5, 6, 11, 22]
[2, 4, 6, 11, 23]
[2, 3, 5, 22]
[3, 4, 6, 8]
[3, 4, 5, 13]
[1, 3, 7, 12, 22]
[1, 2, 7, 14, 24]
[1, 4, 6, 26]
[16, 17, 18, 19, 20, 21, 22, 23, 24, 25, 26, 27, 28]


6
process id 4
stats
5, 15, 7, 100, 1000
20220817-204453
loosing coalitions taken
[3, 4, 6, 12, 21]
[1, 5, 6, 14, 22]
[2, 3, 6, 13]
[1, 2, 7, 9]
[2, 4, 5, 17]
[1, 4, 8, 10, 14]
[3, 4, 5, 15]
[1, 4, 6, 26]
[2, 3, 5, 22, 24]
[1, 3, 7, 14, 19]
[1, 3, 8, 12, 18]
[2, 3, 7, 8, 10]
[1, 2, 8, 13, 20]
[2, 4, 6, 10, 20]
[16, 17, 18, 19, 20, 21, 22, 23, 24, 25, 26, 27, 28]


6
process id 5
stats
5, 15, 7, 100, 1000
20220817-204454
loosing coalitions taken
[3, 4, 5, 17, 27]
[2, 4, 6, 13, 22]
[1, 5, 6, 15, 18]
[1, 2, 8, 13, 20]
[1, 3, 8, 14, 16]
[1, 3, 9, 10, 11]
[1, 4, 7, 10, 17]
[2, 3, 6, 11]
[1, 3, 7, 13, 19]
[2, 4, 5, 18, 28]
[1, 4, 6, 27]
[2, 3, 5, 25]
[1, 2, 7, 9]
[2, 5, 6, 8, 10]
[16, 17, 18, 19, 20, 21, 22, 23, 24, 25, 26, 27, 28]


5
process id 1
stats
5, 15, 7, 100, 1000
20220817-204456
loosing coalitions taken
[1, 5, 6, 16, 18]
[1, 4, 8, 12, 14]
[1, 2, 8, 13, 18]
[1, 2, 9, 10, 14]
[2, 4, 6, 9, 22]
[1, 3, 7, 12, 21]
[1, 3, 8, 9, 19]
[2, 4, 5, 19]
[2, 3, 6, 12]
[2, 3, 5, 23]
[1, 4, 6, 26]
[1, 2, 7, 11, 25]
[3, 4, 6, 8, 25]
[2, 5, 6, 7, 13]
[16, 17, 18, 19, 20, 21, 22, 23, 24, 25, 26, 27, 28]


6
process id 0
stats
5, 15, 7, 100, 1000
20220817-204456
loosing coalitions taken
[2, 4, 5, 22, 23]
[1, 3, 8, 10, 19]
[2, 3, 6, 12]
[1, 5, 6, 11, 22]
[1, 4, 6, 28]
[3, 4, 5, 21, 24]
[1, 2, 7, 14, 19]
[2, 3, 5, 25, 27]
[1, 3, 7, 11, 17]
[2, 4, 6, 10, 21]
[1, 4, 7, 8, 26]
[1, 2, 8, 15, 16]
[1, 2, 10, 11, 13]
[3, 4, 6, 8]
[16, 17, 18, 19, 20, 21, 22, 23, 24, 25, 26, 27, 28]


6
process id 2
stats
5, 15, 7, 100, 1000
20220817-204456
loosing coalitions taken
[1, 3, 7, 16, 18]
[1, 5, 6, 10, 24]
[1, 2, 8, 10, 18]
[3, 5, 6, 7, 9]
[1, 2, 7, 13, 23]
[1, 4, 6, 27]
[3, 4, 5, 15]
[1, 3, 9, 10, 11]
[2, 3, 5, 23, 28]
[2, 3, 6, 12]
[2, 4, 6, 16, 18]
[2, 4, 5, 17]
[3, 4, 6, 13, 20]
[1, 3, 8, 13, 14]
[16, 17, 18, 19, 20, 21, 22, 23, 24, 25, 26, 27, 28]


6
process id 6
stats
5, 15, 7, 100, 1000
20220817-204456
loosing coalitions taken
[1, 3, 7, 15, 19]
[2, 3, 5, 24]
[1, 4, 7, 12, 16]
[3, 4, 6, 13, 20]
[1, 3, 8, 12, 18]
[1, 2, 8, 15, 17]
[1, 2, 7, 11, 27]
[1, 5, 6, 16, 17]
[2, 3, 6, 14]
[2, 4, 6, 11, 19]
[1, 4, 6, 25]
[2, 4, 5, 20]
[3, 4, 5, 16]
[2, 3, 7, 8, 10]
[16, 17, 18, 19, 20, 21, 22, 23, 24, 25, 26, 27, 28]


6
process id 3
stats
5, 15, 7, 100, 1000
20220817-204457
loosing coalitions taken
[1, 4, 8, 9, 13]
[2, 3, 6, 13]
[1, 2, 7, 9, 24]
[1, 5, 6, 10, 23]
[2, 4, 5, 18]
[1, 3, 8, 11, 17]
[1, 3, 7, 16, 19]
[1, 4, 6, 25]
[2, 3, 5, 20]
[3, 4, 5, 14, 28]
[1, 2, 8, 10, 16]
[3, 4, 6, 8]
[2, 4, 6, 14, 20]
[1, 4, 7, 10, 17]
[16, 17, 18, 19, 20, 21, 22, 23, 24, 25, 26, 27, 28]


6
process id 4
stats
5, 15, 7, 100, 1000
20220817-204500
loosing coalitions taken
[1, 2, 8, 12, 20]
[1, 4, 7, 13, 16]
[2, 3, 6, 13]
[1, 2, 9, 11, 14]
[1, 2, 7, 10, 25]
[1, 3, 7, 14, 20]
[3, 4, 5, 15]
[1, 3, 8, 10, 18]
[2, 4, 5, 20, 26]
[3, 4, 6, 9, 22]
[2, 3, 5, 22, 24]
[1, 5, 6, 13, 24]
[1, 4, 6, 25]
[2, 4, 6, 12, 19]
[16, 17, 18, 19, 20, 21, 22, 23, 24, 25, 26, 27, 28]


6
process id 3
stats
5, 15, 7, 100, 1000
20220817-204500
loosing coalitions taken
[2, 4, 6, 9, 24]
[1, 4, 7, 10, 18]
[1, 5, 6, 16, 17]
[1, 3, 8, 9, 18]
[1, 3, 7, 11, 22]
[1, 4, 6, 27]
[1, 2, 9, 10, 12]
[2, 3, 6, 14]
[2, 3, 5, 21]
[2, 4, 5, 20]
[3, 4, 5, 13]
[3, 4, 6, 8]
[1, 2, 8, 13, 16]
[1, 2, 7, 14, 23]
[16, 17, 18, 19, 20, 21, 22, 23, 24, 25, 26, 27, 28]


5
process id 5
stats
5, 15, 7, 100, 1000
20220817-204500
loosing coalitions taken
[2, 4, 5, 17]
[2, 3, 5, 24]
[3, 4, 5, 15]
[2, 3, 6, 12]
[1, 3, 8, 9, 19]
[3, 4, 6, 11, 20]
[1, 3, 7, 10, 24]
[1, 2, 8, 11, 20]
[2, 4, 6, 15, 19]
[1, 5, 6, 15, 21]
[1, 4, 7, 8, 27]
[1, 2, 7, 12, 23]
[1, 4, 6, 28]
[1, 2, 9, 10, 14]
[16, 17, 18, 19, 20, 21, 22, 23, 24, 25, 26, 27, 28]


6
process id 7
stats
5, 15, 7, 100, 1000
20220817-204502
loosing coalitions taken
[2, 4, 5, 20]
[2, 3, 6, 14]
[1, 2, 7, 13, 25]
[1, 3, 7, 10, 20]
[1, 2, 10, 11, 12]
[1, 4, 7, 9, 15]
[1, 4, 6, 26]
[2, 3, 5, 22]
[1, 2, 8, 15, 16]
[3, 4, 5, 15]
[3, 4, 6, 12, 18]
[1, 5, 6, 16, 17]
[2, 4, 6, 9, 24]
[1, 3, 8, 9, 18]
[16, 17, 18, 19, 20, 21, 22, 23, 24, 25, 26, 27, 28]


6
process id 1
stats
5, 15, 7, 100, 1000
20220817-204504
loosing coalitions taken
[3, 5, 6, 7, 14]
[1, 4, 8, 11, 14]
[2, 4, 5, 18]
[2, 3, 6, 9]
[1, 3, 7, 10, 23]
[1, 2, 8, 12, 21]
[3, 4, 5, 21, 23]
[1, 4, 6, 27]
[2, 4, 6, 16, 19]
[1, 2, 9, 10, 11]
[3, 4, 6, 8, 28]
[2, 3, 5, 22, 27]
[1, 5, 6, 10, 24]
[1, 2, 7, 17, 19]
[16, 17, 18, 19, 20, 21, 22, 23, 24, 25, 26, 27, 28]


6
process id 6
stats
5, 15, 7, 100, 1000
20220817-204504
loosing coalitions taken
[1, 3, 8, 11, 19]
[2, 3, 6, 14]
[1, 2, 7, 9, 28]
[1, 5, 6, 9, 26]
[2, 4, 5, 19]
[1, 2, 10, 12, 13]
[3, 4, 5, 14]
[2, 3, 5, 25]
[3, 4, 6, 12, 18]
[1, 2, 8, 14, 17]
[2, 4, 6, 11, 17]
[1, 4, 6, 27]
[1, 3, 7, 13, 22]
[1, 4, 7, 8]
[16, 17, 18, 19, 20, 21, 22, 23, 24, 25, 26, 27, 28]


5
process id 3
stats
5, 15, 7, 100, 1000
20220817-204505
loosing coalitions taken
[1, 2, 7, 9]
[2, 4, 5, 17]
[1, 3, 8, 13, 16]
[1, 4, 8, 11, 14]
[1, 3, 7, 15, 18]
[3, 4, 5, 14]
[2, 3, 6, 12]
[1, 4, 7, 12, 16]
[1, 5, 6, 12, 19]
[2, 3, 5, 22]
[3, 4, 6, 11, 18]
[2, 4, 6, 15, 20]
[1, 4, 6, 26]
[2, 3, 7, 8, 10]
[16, 17, 18, 19, 20, 21, 22, 23, 24, 25, 26, 27, 28]


5
process id 1
stats
5, 15, 7, 100, 1000
20220817-204506
loosing coalitions taken
[1, 2, 9, 10, 11]
[1, 3, 7, 14, 17]
[1, 2, 7, 16, 21]
[1, 5, 6, 14, 22]
[1, 4, 7, 10, 18]
[3, 4, 6, 12, 19]
[2, 4, 6, 13, 22]
[1, 3, 8, 10, 16]
[3, 4, 5, 17, 25]
[2, 4, 5, 16]
[2, 3, 6, 10]
[1, 4, 8, 11, 12]
[1, 4, 6, 28]
[1, 2, 8, 13, 17]
[16, 17, 18, 19, 20, 21, 22, 23, 24, 25, 26, 27, 28]


5
process id 1
stats
5, 15, 7, 100, 1000
20220817-204507
loosing coalitions taken
[1, 3, 8, 12, 17]
[1, 2, 7, 11, 26]
[1, 2, 8, 10, 18]
[1, 5, 6, 16, 20]
[1, 4, 7, 12, 16]
[2, 4, 5, 19]
[2, 3, 6, 12]
[1, 3, 7, 13, 22]
[3, 4, 5, 14]
[2, 3, 5, 21]
[1, 4, 8, 11, 13]
[1, 4, 6, 25]
[2, 4, 6, 9, 21]
[3, 4, 6, 13, 20]
[16, 17, 18, 19, 20, 21, 22, 23, 24, 25, 26, 27, 28]


6
process id 4
stats
5, 15, 7, 100, 1000
20220817-204508
loosing coalitions taken
[1, 5, 6, 9, 25]
[1, 3, 8, 9, 20]
[2, 3, 6, 14]
[3, 4, 5, 18, 26]
[2, 4, 5, 19]
[2, 3, 5, 21]
[1, 4, 6, 28]
[1, 4, 8, 11, 12]
[1, 2, 7, 9]
[3, 4, 6, 8, 25]
[1, 3, 7, 12, 17]
[1, 2, 8, 14, 16]
[2, 4, 6, 10, 20]
[3, 5, 6, 7, 11]
[16, 17, 18, 19, 20, 21, 22, 23, 24, 25, 26, 27, 28]


5
process id 3
stats
5, 15, 7, 100, 1000
20220817-204508
loosing coalitions taken
[1, 2, 7, 12, 23]
[1, 4, 8, 10, 15]
[1, 2, 8, 9, 20]
[1, 3, 8, 12, 19]
[2, 4, 5, 18]
[1, 5, 6, 10, 23]
[2, 3, 6, 12]
[3, 4, 6, 8]
[3, 4, 5, 16]
[1, 2, 10, 11, 13]
[1, 3, 7, 14, 22]
[1, 4, 6, 28]
[2, 3, 5, 20]
[1, 4, 7, 9, 17]
[16, 17, 18, 19, 20, 21, 22, 23, 24, 25, 26, 27, 28]


6
process id 0
stats
5, 15, 7, 100, 1000
20220817-204508
loosing coalitions taken
[1, 2, 9, 12, 14]
[1, 3, 8, 11, 17]
[3, 4, 6, 13, 21]
[2, 3, 5, 24]
[1, 2, 7, 15, 17]
[1, 5, 6, 9, 22]
[1, 3, 7, 10, 22]
[2, 4, 5, 19]
[3, 4, 5, 16]
[1, 4, 6, 28]
[1, 2, 8, 13, 19]
[1, 4, 7, 8, 24]
[2, 3, 6, 11]
[2, 4, 6, 10, 24]
[16, 17, 18, 19, 20, 21, 22, 23, 24, 25, 26, 27, 28]


6
process id 2
stats
5, 15, 7, 100, 1000
20220817-204509
loosing coalitions taken
[1, 2, 7, 17, 19]
[3, 5, 6, 7, 15]
[1, 2, 8, 10, 21]
[1, 3, 7, 9, 22]
[1, 4, 8, 11, 14]
[1, 5, 6, 12, 24]
[1, 2, 9, 12, 14]
[1, 3, 8, 12, 18]
[3, 4, 5, 16]
[2, 3, 5, 24, 26]
[2, 3, 6, 11]
[2, 4, 6, 10, 23]
[2, 4, 5, 19]
[1, 4, 6, 26]
[16, 17, 18, 19, 20, 21, 22, 23, 24, 25, 26, 27, 28]


6
process id 7
stats
5, 15, 7, 100, 1000
20220817-204509
loosing coalitions taken
[1, 2, 8, 11, 21]
[1, 4, 7, 8]
[2, 4, 6, 15, 21]
[3, 4, 6, 14, 19]
[3, 4, 5, 18, 22]
[1, 5, 6, 12, 23]
[2, 4, 5, 20, 26]
[1, 3, 9, 10, 11]
[2, 3, 5, 25]
[1, 3, 7, 12, 20]
[1, 4, 6, 26]
[2, 3, 6, 9]
[1, 2, 7, 14, 18]
[1, 3, 8, 13, 15]
[16, 17, 18, 19, 20, 21, 22, 23, 24, 25, 26, 27, 28]


5
process id 4
stats
5, 15, 7, 100, 1000
20220817-204509
loosing coalitions taken
[1, 5, 6, 14, 21]
[1, 3, 8, 14, 15]
[1, 2, 7, 11, 26]
[1, 2, 8, 12, 20]
[1, 3, 7, 16, 19]
[3, 4, 5, 15]
[2, 3, 6, 10, 28]
[1, 4, 7, 8]
[2, 3, 5, 23]
[3, 4, 6, 8]
[2, 4, 6, 14, 18]
[2, 4, 5, 17]
[1, 4, 6, 27]
[1, 3, 9, 10, 11]
[16, 17, 18, 19, 20, 21, 22, 23, 24, 25, 26, 27, 28]


6
process id 1
stats
5, 15, 7, 100, 1000
20220817-204509
loosing coalitions taken
[2, 3, 5, 25]
[2, 4, 6, 11, 22]
[1, 5, 6, 12, 21]
[1, 3, 8, 12, 15]
[1, 2, 8, 10, 21]
[2, 4, 5, 16]
[3, 4, 6, 8]
[2, 3, 6, 14]
[1, 2, 7, 11, 26]
[1, 3, 7, 13, 17]
[1, 4, 7, 8]
[3, 4, 5, 14]
[1, 4, 6, 25]
[1, 3, 9, 10, 11]
[16, 17, 18, 19, 20, 21, 22, 23, 24, 25, 26, 27, 28]


6
process id 4
stats
5, 15, 7, 100, 1000
20220817-204511
loosing coalitions taken
[2, 3, 6, 14]
[1, 5, 6, 13, 23]
[1, 2, 9, 12, 13]
[2, 4, 5, 18]
[1, 4, 6, 26]
[1, 3, 7, 12, 20]
[2, 3, 5, 21]
[1, 2, 7, 15, 22]
[2, 4, 6, 10, 23]
[3, 4, 6, 8]
[1, 3, 9, 10, 11]
[1, 4, 7, 8]
[1, 3, 8, 13, 16]
[3, 4, 5, 14]
[16, 17, 18, 19, 20, 21, 22, 23, 24, 25, 26, 27, 28]


6
process id 3
stats
5, 15, 7, 100, 1000
20220817-204511
loosing coalitions taken
[1, 3, 7, 14, 19]
[1, 3, 8, 10, 17]
[2, 3, 6, 11]
[3, 4, 5, 16]
[1, 2, 7, 12, 22]
[1, 5, 6, 15, 19]
[2, 3, 5, 22, 27]
[1, 4, 6, 26]
[1, 4, 7, 10, 18]
[3, 4, 6, 8]
[2, 4, 5, 19, 28]
[2, 4, 6, 9, 20]
[1, 2, 8, 14, 15]
[1, 4, 8, 12, 13]
[16, 17, 18, 19, 20, 21, 22, 23, 24, 25, 26, 27, 28]


5
process id 6
stats
5, 15, 7, 100, 1000
20220817-204512
loosing coalitions taken
[1, 2, 7, 15, 22]
[1, 4, 7, 9, 19]
[3, 4, 6, 12, 20]
[2, 3, 6, 14]
[1, 2, 8, 10, 19]
[3, 4, 5, 16]
[1, 3, 7, 13, 17]
[1, 4, 6, 26]
[1, 5, 6, 15, 19]
[2, 4, 6, 10, 24]
[2, 3, 5, 23]
[2, 4, 5, 19, 25]
[1, 4, 8, 13, 14]
[1, 2, 9, 12, 13]
[16, 17, 18, 19, 20, 21, 22, 23, 24, 25, 26, 27, 28]


5
process id 3
stats
5, 15, 7, 100, 1000
20220817-204513
loosing coalitions taken
[1, 2, 7, 14, 24]
[1, 2, 8, 11, 20]
[1, 5, 6, 15, 18]
[1, 4, 7, 8, 27]
[3, 4, 5, 15]
[2, 3, 6, 13]
[1, 3, 7, 12, 22]
[2, 4, 6, 15, 21]
[3, 4, 6, 9, 17]
[1, 3, 8, 13, 16]
[2, 4, 5, 18]
[1, 4, 6, 26]
[2, 3, 5, 20]
[1, 3, 9, 10, 11]
[16, 17, 18, 19, 20, 21, 22, 23, 24, 25, 26, 27, 28]


6
process id 0
stats
5, 15, 7, 100, 1000
20220817-204514
loosing coalitions taken
[1, 4, 7, 9, 19]
[2, 3, 5, 25]
[1, 2, 10, 11, 13]
[1, 2, 8, 9, 21]
[1, 3, 7, 13, 20]
[1, 3, 8, 10, 18]
[2, 4, 5, 15]
[1, 4, 6, 25]
[2, 5, 6, 7, 11]
[2, 3, 6, 18, 20]
[3, 4, 5, 16, 26]
[2, 4, 6, 14, 17]
[3, 4, 6, 12, 21]
[1, 5, 6, 16, 19]
[16, 17, 18, 19, 20, 21, 22, 23, 24, 25, 26, 27, 28]


6
process id 4
stats
5, 15, 7, 100, 1000
20220817-204514
loosing coalitions taken
[1, 2, 8, 13, 20]
[1, 4, 8, 9, 12]
[1, 4, 7, 11, 17]
[1, 5, 6, 12, 22]
[1, 2, 7, 15, 21]
[2, 3, 5, 24]
[1, 3, 7, 13, 18]
[2, 4, 6, 10, 23]
[1, 3, 9, 10, 11]
[3, 4, 6, 8]
[2, 4, 5, 19, 25]
[2, 3, 6, 12]
[3, 4, 5, 13]
[1, 4, 6, 27]
[16, 17, 18, 19, 20, 21, 22, 23, 24, 25, 26, 27, 28]


6
process id 5
stats
5, 15, 7, 100, 1000
20220817-204514
loosing coalitions taken
[1, 4, 7, 10, 17]
[1, 2, 7, 13, 22]
[3, 4, 6, 10, 20]
[1, 2, 8, 12, 20]
[2, 4, 6, 9, 23]
[1, 2, 10, 11, 14]
[2, 3, 5, 23]
[1, 4, 6, 26]
[3, 4, 5, 14]
[2, 4, 5, 15]
[1, 3, 8, 11, 17]
[1, 3, 7, 14, 19]
[2, 3, 6, 13]
[1, 5, 6, 15, 16]
[16, 17, 18, 19, 20, 21, 22, 23, 24, 25, 26, 27, 28]


6
process id 6
stats
5, 15, 7, 100, 1000
20220817-204516
loosing coalitions taken
[1, 2, 8, 13, 19]
[1, 2, 7, 9]
[2, 3, 6, 13]
[1, 4, 6, 27]
[2, 4, 5, 19, 26]
[1, 5, 6, 10, 24]
[2, 3, 5, 20]
[1, 4, 7, 8]
[1, 3, 7, 10, 22]
[3, 4, 5, 15]
[3, 4, 6, 8]
[2, 4, 6, 12, 18]
[1, 2, 10, 12, 14]
[1, 3, 8, 9, 15]
[16, 17, 18, 19, 20, 21, 22, 23, 24, 25, 26, 27, 28]


6
process id 4
stats
5, 15, 7, 100, 1000
20220817-204516
loosing coalitions taken
[1, 2, 9, 10, 12]
[1, 2, 8, 14, 17]
[2, 4, 5, 20]
[1, 2, 7, 13, 23]
[1, 3, 7, 15, 20]
[2, 3, 6, 16, 23]
[3, 4, 6, 14, 19]
[1, 3, 8, 12, 18]
[3, 4, 5, 15]
[2, 3, 5, 25]
[2, 4, 6, 9, 21]
[1, 5, 6, 16, 17]
[1, 4, 6, 26]
[1, 4, 7, 11, 17]
[16, 17, 18, 19, 20, 21, 22, 23, 24, 25, 26, 27, 28]


5
process id 0
stats
5, 15, 7, 100, 1000
20220817-204516
loosing coalitions taken
[1, 3, 8, 12, 19]
[1, 4, 7, 8]
[1, 3, 9, 10, 11]
[1, 2, 9, 12, 13]
[1, 5, 6, 16, 19]
[2, 4, 6, 10, 22]
[2, 3, 6, 9]
[3, 4, 5, 16]
[3, 4, 6, 11, 19]
[1, 2, 7, 11, 26]
[1, 4, 6, 28]
[2, 4, 5, 20]
[2, 3, 5, 21]
[1, 2, 8, 14, 20]
[16, 17, 18, 19, 20, 21, 22, 23, 24, 25, 26, 27, 28]


5
process id 3
stats
5, 15, 7, 100, 1000
20220817-204517
loosing coalitions taken
[1, 2, 8, 13, 19]
[2, 3, 6, 17, 20]
[1, 4, 8, 10, 15]
[1, 2, 7, 9]
[3, 5, 6, 7, 13]
[2, 4, 5, 17]
[1, 5, 6, 15, 18]
[1, 3, 8, 12, 18]
[3, 4, 6, 9, 21]
[1, 4, 6, 27]
[3, 4, 5, 15]
[2, 3, 5, 25, 26]
[1, 3, 7, 15, 20]
[1, 3, 9, 10, 11]
[16, 17, 18, 19, 20, 21, 22, 23, 24, 25, 26, 27, 28]


6
process id 4
stats
5, 15, 7, 100, 1000
20220817-204518
loosing coalitions taken
[2, 3, 5, 26, 27]
[2, 4, 6, 12, 23]
[2, 3, 6, 14]
[1, 2, 10, 11, 13]
[1, 3, 9, 10, 12]
[1, 2, 8, 12, 21]
[1, 3, 7, 11, 23]
[1, 2, 7, 15, 22]
[1, 4, 8, 11, 14]
[1, 5, 6, 15, 21]
[3, 4, 5, 19, 21]
[2, 4, 5, 20]
[1, 4, 7, 9, 17]
[1, 4, 6, 28]
[16, 17, 18, 19, 20, 21, 22, 23, 24, 25, 26, 27, 28]


6
process id 1
stats
5, 15, 7, 100, 1000
20220817-204518
loosing coalitions taken
[1, 4, 7, 10, 17]
[2, 4, 5, 20]
[1, 2, 8, 9, 18]
[1, 3, 9, 10, 11]
[2, 3, 6, 17, 19]
[1, 3, 8, 14, 15]
[1, 2, 10, 12, 14]
[1, 5, 6, 9, 24]
[1, 4, 6, 25]
[2, 3, 5, 24]
[2, 4, 6, 12, 22]
[1, 2, 7, 13, 21]
[3, 4, 5, 15]
[3, 4, 6, 10, 21]
[16, 17, 18, 19, 20, 21, 22, 23, 24, 25, 26, 27, 28]


6
process id 0
stats
5, 15, 7, 100, 1000
20220817-204519
loosing coalitions taken
[1, 3, 7, 16, 17]
[1, 4, 8, 10, 13]
[1, 2, 10, 11, 14]
[3, 4, 5, 16]
[1, 2, 7, 15, 21]
[1, 3, 8, 11, 19]
[1, 2, 8, 9, 20]
[1, 5, 6, 11, 25]
[2, 3, 6, 10]
[3, 4, 6, 13, 20]
[1, 4, 6, 27]
[2, 4, 5, 22, 23]
[2, 3, 5, 25]
[2, 4, 6, 16, 17]
[16, 17, 18, 19, 20, 21, 22, 23, 24, 25, 26, 27, 28]


6
process id 7
stats
5, 15, 7, 100, 1000
20220817-204520
loosing coalitions taken
[1, 2, 8, 13, 19]
[2, 4, 5, 20]
[1, 5, 6, 16, 18]
[1, 2, 9, 10, 14]
[2, 3, 6, 11]
[1, 4, 6, 28]
[1, 3, 7, 11, 18]
[1, 4, 7, 8]
[3, 4, 6, 8]
[3, 4, 5, 16]
[2, 4, 6, 15, 19]
[2, 3, 5, 21]
[1, 3, 8, 9, 15]
[1, 2, 7, 12, 25]
[16, 17, 18, 19, 20, 21, 22, 23, 24, 25, 26, 27, 28]


6
process id 2
stats
5, 15, 7, 100, 1000
20220817-204520
loosing coalitions taken
[1, 3, 7, 15, 21]
[2, 3, 6, 11]
[1, 2, 8, 13, 19]
[1, 4, 6, 27]
[1, 3, 8, 10, 17]
[2, 4, 5, 19]
[3, 4, 5, 15]
[2, 3, 5, 25]
[2, 4, 6, 15, 16]
[1, 4, 7, 9, 19]
[1, 2, 7, 16, 17]
[1, 2, 9, 10, 12]
[3, 4, 6, 14, 18]
[1, 5, 6, 9, 21]
[16, 17, 18, 19, 20, 21, 22, 23, 24, 25, 26, 27, 28]


6
process id 6
stats
5, 15, 7, 100, 1000
20220817-204521
loosing coalitions taken
[1, 2, 10, 11, 13]
[2, 4, 5, 17]
[1, 5, 6, 10, 25]
[2, 3, 6, 9]
[1, 4, 6, 26]
[2, 3, 5, 23]
[1, 3, 8, 12, 15]
[1, 4, 7, 8]
[2, 4, 6, 11, 21]
[3, 4, 5, 15, 27]
[3, 4, 6, 10, 18]
[1, 2, 8, 9, 18]
[1, 2, 7, 12, 20]
[1, 3, 7, 14, 18]
[16, 17, 18, 19, 20, 21, 22, 23, 24, 25, 26, 27, 28]


5
process id 3
stats
5, 15, 7, 100, 1000
20220817-204522
loosing coalitions taken
[1, 2, 7, 11, 24]
[2, 4, 5, 18]
[1, 4, 7, 9, 16]
[1, 5, 6, 10, 26]
[2, 3, 6, 10]
[1, 3, 7, 15, 20]
[1, 4, 8, 10, 15]
[1, 3, 8, 12, 18]
[2, 3, 5, 25]
[1, 4, 6, 28]
[3, 4, 5, 20, 23]
[2, 4, 6, 14, 21]
[1, 2, 8, 13, 16]
[3, 4, 6, 11, 19]
[16, 17, 18, 19, 20, 21, 22, 23, 24, 25, 26, 27, 28]


5
process id 5
stats
5, 15, 7, 100, 1000
20220817-204522
loosing coalitions taken
[1, 2, 8, 14, 20]
[1, 4, 7, 8]
[3, 4, 6, 13, 20]
[1, 5, 6, 9, 25]
[2, 4, 5, 17, 22]
[2, 3, 6, 9]
[2, 3, 5, 20]
[1, 3, 7, 13, 22]
[3, 4, 5, 16]
[1, 3, 8, 9, 17]
[2, 4, 6, 15, 19]
[1, 2, 9, 10, 11]
[1, 2, 7, 15, 18]
[1, 4, 6, 26, 27]
[16, 17, 18, 19, 20, 21, 22, 23, 24, 25, 26, 27, 28]


6
process id 1
stats
5, 15, 7, 100, 1000
20220817-204522
loosing coalitions taken
[2, 4, 6, 15, 21]
[1, 3, 8, 14, 16]
[1, 2, 9, 12, 13]
[1, 3, 7, 11, 23]
[3, 4, 6, 13, 18]
[1, 2, 8, 10, 21]
[1, 4, 7, 8, 22]
[1, 5, 6, 10, 26]
[1, 2, 7, 17, 19]
[2, 3, 5, 24, 27]
[2, 3, 6, 12]
[2, 4, 5, 18, 25]
[3, 4, 5, 16]
[1, 4, 6, 25]
[16, 17, 18, 19, 20, 21, 22, 23, 24, 25, 26, 27, 28]


6
process id 7
stats
5, 15, 7, 100, 1000
20220817-204522
loosing coalitions taken
[2, 3, 6, 11]
[1, 2, 7, 9]
[1, 5, 6, 10, 26]
[1, 4, 6, 25]
[3, 4, 5, 16]
[1, 4, 7, 14, 16]
[2, 4, 5, 18]
[1, 2, 8, 13, 19]
[2, 3, 5, 24]
[3, 4, 6, 8]
[1, 2, 10, 11, 14]
[2, 4, 6, 14, 17]
[1, 3, 8, 11, 16]
[1, 4, 8, 9, 12]
[16, 17, 18, 19, 20, 21, 22, 23, 24, 25, 26, 27, 28]


5
process id 0
stats
5, 15, 7, 100, 1000
20220817-204523
loosing coalitions taken
[1, 2, 8, 12, 20]
[2, 4, 5, 17]
[1, 2, 9, 11, 13]
[1, 3, 7, 16, 17]
[1, 3, 8, 11, 19]
[1, 5, 6, 13, 23]
[1, 4, 6, 28]
[3, 4, 5, 14]
[2, 4, 6, 9, 19]
[2, 3, 6, 14]
[3, 4, 6, 8, 26]
[1, 2, 7, 10, 23]
[1, 4, 7, 8]
[2, 3, 5, 22]
[16, 17, 18, 19, 20, 21, 22, 23, 24, 25, 26, 27, 28]


5
process id 3
stats
5, 15, 7, 100, 1000
20220817-204524
loosing coalitions taken
[1, 2, 9, 11, 13]
[2, 4, 5, 18]
[1, 2, 8, 14, 17]
[1, 5, 6, 10, 23]
[1, 4, 7, 9, 19]
[1, 4, 8, 10, 13]
[1, 2, 7, 16, 20]
[2, 3, 6, 9]
[3, 4, 6, 12, 19]
[3, 4, 5, 13]
[2, 4, 6, 15, 17]
[2, 3, 5, 20]
[1, 4, 6, 27]
[1, 3, 7, 10, 17]
[16, 17, 18, 19, 20, 21, 22, 23, 24, 25, 26, 27, 28]


6
process id 4
stats
5, 15, 7, 100, 1000
20220817-204524
loosing coalitions taken
[1, 2, 9, 10, 14]
[2, 4, 5, 17]
[3, 4, 6, 12, 18]
[1, 5, 6, 15, 18]
[3, 4, 5, 21, 24]
[2, 3, 6, 14]
[1, 4, 6, 26]
[2, 3, 5, 23, 28]
[1, 4, 7, 8]
[1, 3, 7, 14, 18]
[2, 4, 6, 13, 20]
[1, 2, 7, 16, 19]
[1, 3, 8, 10, 16]
[2, 5, 6, 8, 9]
[16, 17, 18, 19, 20, 21, 22, 23, 24, 25, 26, 27, 28]


6
process id 0
stats
5, 15, 7, 100, 1000
20220817-204525
loosing coalitions taken
[1, 4, 7, 8, 27]
[1, 2, 8, 14, 18]
[1, 3, 8, 12, 17]
[2, 4, 6, 15, 21]
[3, 4, 6, 10, 19]
[1, 2, 7, 10, 28]
[1, 3, 7, 15, 20]
[3, 4, 5, 16, 28]
[1, 3, 9, 10, 11]
[2, 4, 5, 17]
[1, 2, 9, 12, 13]
[2, 3, 6, 11]
[1, 5, 6, 9, 20]
[1, 4, 6, 26]
[16, 17, 18, 19, 20, 21, 22, 23, 24, 25, 26, 27, 28]


5
process id 1
stats
5, 15, 7, 100, 1000
20220817-204525
loosing coalitions taken
[1, 2, 8, 10, 21]
[1, 3, 7, 10, 22]
[1, 5, 6, 13, 22]
[2, 4, 5, 19]
[1, 3, 8, 9, 20]
[1, 2, 7, 15, 18]
[3, 4, 6, 8]
[3, 4, 5, 14]
[2, 3, 6, 11]
[2, 4, 6, 16, 18]
[2, 3, 5, 25]
[1, 4, 6, 27]
[1, 4, 7, 9, 16]
[1, 4, 8, 13, 14]
[16, 17, 18, 19, 20, 21, 22, 23, 24, 25, 26, 27, 28]


6
process id 7
stats
5, 15, 7, 100, 1000
20220817-204525
loosing coalitions taken
[1, 5, 6, 10, 26]
[1, 4, 8, 10, 15]
[1, 2, 8, 11, 20]
[1, 2, 9, 12, 13]
[2, 4, 5, 19]
[2, 3, 6, 9, 27]
[1, 2, 7, 17, 18]
[1, 4, 7, 14, 16]
[2, 3, 7, 8, 10]
[3, 4, 6, 12, 17]
[3, 4, 5, 21, 22]
[1, 3, 7, 9, 19]
[2, 4, 6, 14, 21]
[2, 3, 5, 25]
[16, 17, 18, 19, 20, 21, 22, 23, 24, 25, 26, 27, 28]


5
process id 2
stats
5, 15, 7, 100, 1000
20220817-204526
loosing coalitions taken
[1, 3, 8, 12, 16]
[2, 4, 5, 18]
[1, 2, 7, 9]
[2, 3, 6, 11]
[2, 3, 5, 20]
[1, 2, 10, 11, 13]
[1, 5, 6, 12, 21]
[1, 4, 6, 26]
[1, 3, 7, 13, 19]
[3, 4, 5, 19, 24]
[3, 4, 6, 9, 21]
[2, 4, 6, 13, 22]
[1, 4, 7, 11, 17]
[1, 4, 8, 10, 14]
[16, 17, 18, 19, 20, 21, 22, 23, 24, 25, 26, 27, 28]


6
process id 4
stats
5, 15, 7, 100, 1000
20220817-204526
loosing coalitions taken
[1, 5, 6, 13, 23]
[2, 3, 6, 13]
[2, 4, 5, 21, 22]
[1, 2, 7, 16, 19]
[1, 2, 10, 11, 14]
[1, 4, 7, 9, 17]
[1, 3, 7, 14, 20]
[1, 3, 8, 10, 16]
[3, 4, 5, 15]
[1, 4, 6, 28]
[2, 3, 5, 25]
[3, 4, 6, 14, 16]
[1, 2, 8, 9, 18]
[2, 4, 6, 12, 19]
[16, 17, 18, 19, 20, 21, 22, 23, 24, 25, 26, 27, 28]


6
process id 3
stats
5, 15, 7, 100, 1000
20220817-204529
loosing coalitions taken
[3, 4, 5, 15]
[1, 3, 8, 11, 16]
[1, 3, 7, 13, 17]
[1, 2, 7, 9]
[2, 3, 6, 14, 23]
[2, 3, 5, 25, 28]
[1, 5, 6, 11, 22]
[1, 4, 7, 8]
[3, 4, 6, 8]
[1, 2, 8, 14, 20]
[2, 4, 5, 16]
[1, 4, 6, 26]
[2, 4, 6, 15, 19]
[1, 3, 9, 10, 12]
[16, 17, 18, 19, 20, 21, 22, 23, 24, 25, 26, 27, 28]


6
process id 1
stats
5, 15, 7, 100, 1000
20220817-204530
loosing coalitions taken
[2, 3, 6, 14]
[2, 4, 5, 19]
[1, 3, 7, 12, 21]
[1, 2, 10, 11, 13]
[1, 2, 8, 9, 20]
[1, 2, 7, 16, 18]
[1, 3, 8, 11, 19]
[1, 4, 7, 8, 28]
[1, 4, 6, 27]
[3, 4, 5, 16, 28]
[1, 5, 6, 13, 24]
[2, 4, 6, 11, 18]
[2, 3, 5, 25]
[3, 4, 6, 8]
[16, 17, 18, 19, 20, 21, 22, 23, 24, 25, 26, 27, 28]


6
process id 0
stats
5, 15, 7, 100, 1000
20220817-204530
loosing coalitions taken
[1, 4, 8, 12, 13]
[2, 3, 6, 10]
[1, 2, 9, 11, 12]
[1, 3, 8, 11, 16]
[1, 5, 6, 14, 21]
[1, 3, 7, 15, 18]
[1, 2, 7, 13, 22]
[2, 3, 7, 8, 9]
[1, 4, 6, 26]
[2, 3, 5, 20]
[3, 4, 6, 8]
[2, 4, 5, 19, 26]
[1, 4, 7, 11, 14]
[3, 4, 5, 16]
[16, 17, 18, 19, 20, 21, 22, 23, 24, 25, 26, 27, 28]


5
process id 5
stats
5, 15, 7, 100, 1000
20220817-204531
loosing coalitions taken
[1, 3, 8, 11, 17]
[1, 3, 7, 9, 24]
[1, 2, 8, 13, 20]
[1, 2, 9, 10, 14]
[1, 5, 6, 13, 24]
[2, 3, 6, 14]
[1, 2, 7, 12, 25]
[2, 3, 5, 22, 23]
[2, 4, 5, 15]
[2, 4, 6, 10, 24]
[1, 4, 6, 25]
[3, 4, 5, 16, 25]
[3, 4, 6, 8]
[1, 4, 7, 14, 15]
[16, 17, 18, 19, 20, 21, 22, 23, 24, 25, 26, 27, 28]


6
process id 7
stats
5, 15, 7, 100, 1000
20220817-204532
loosing coalitions taken
[2, 4, 5, 19]
[2, 3, 6, 15, 27]
[1, 2, 7, 13, 25]
[1, 2, 8, 11, 20]
[1, 3, 8, 13, 16]
[3, 4, 6, 11, 20]
[1, 2, 9, 12, 14]
[1, 3, 7, 12, 22]
[3, 4, 5, 18, 25]
[2, 3, 5, 23]
[1, 5, 6, 14, 19]
[1, 4, 6, 27]
[2, 4, 6, 9, 24]
[1, 4, 7, 8]
[16, 17, 18, 19, 20, 21, 22, 23, 24, 25, 26, 27, 28]


