Results
15
0.63
0.62

5
process id 5
stats
5, 15, 7, 100, 1000
20220817-020032
loosing coalitions taken
[2, 4, 6, 15, 21]
[1, 3, 8, 9, 20]
[3, 4, 5, 15]
[1, 4, 7, 12, 16]
[1, 5, 6, 13, 19]
[1, 4, 8, 10, 11]
[1, 2, 7, 11, 20]
[1, 2, 8, 12, 13]
[1, 3, 7, 10, 23]
[2, 3, 6, 9]
[1, 3, 6, 18]
[1, 4, 6, 24]
[2, 4, 5, 13]
[2, 3, 5, 11, 19]
[16, 17, 18, 19, 20, 21, 22, 23, 24, 25, 26, 27, 28]


5
process id 6
stats
5, 15, 7, 100, 1000
20220817-020059
loosing coalitions taken
[1, 2, 10, 11, 13]
[2, 4, 6, 9, 12]
[2, 3, 6, 16, 21]
[2, 3, 7, 8, 10]
[2, 4, 5, 13, 26]
[1, 2, 8, 9, 22]
[3, 4, 5, 9, 22]
[1, 3, 7, 11, 14]
[1, 3, 8, 12, 17]
[1, 3, 6, 28]
[1, 4, 5, 24, 25]
[2, 3, 5, 14]
[1, 4, 8, 10, 15]
[1, 2, 7, 16, 20]
[16, 17, 18, 19, 20, 21, 22, 23, 24, 25, 26, 27, 28]


6
process id 0
stats
5, 15, 7, 100, 1000
20220817-020207
loosing coalitions taken
[2, 3, 7, 8, 9]
[1, 4, 7, 10, 16]
[3, 4, 6, 14, 18]
[2, 4, 5, 20]
[1, 4, 8, 9, 12]
[1, 5, 6, 13, 21]
[1, 2, 9, 11, 13]
[2, 3, 6, 11]
[1, 4, 6, 24]
[1, 2, 8, 10, 21]
[1, 3, 8, 15, 16]
[1, 3, 7, 13, 22]
[1, 3, 5, 27]
[1, 2, 7, 12, 25]
[16, 17, 18, 19, 20, 21, 22, 23, 24, 25, 26, 27, 28]


6
process id 1
stats
5, 15, 7, 100, 1000
20220817-020322
loosing coalitions taken
[2, 4, 6, 8]
[3, 4, 5, 12]
[1, 3, 8, 10, 15]
[1, 5, 6, 14, 21]
[1, 3, 7, 16, 17]
[1, 4, 7, 9, 15]
[2, 3, 6, 13]
[2, 4, 5, 9]
[1, 4, 6, 24, 28]
[2, 3, 5, 21, 26]
[1, 4, 5, 26]
[1, 2, 9, 10, 14]
[2, 3, 4, 25, 28]
[1, 2, 6, 19]
[16, 17, 18, 19, 20, 21, 22, 23, 24, 25, 26, 27, 28]


5
process id 5
stats
5, 15, 7, 100, 1000
20220817-020445
loosing coalitions taken
[2, 4, 6, 13, 17]
[2, 3, 5, 19, 28]
[1, 4, 6, 26, 28]
[1, 4, 7, 13, 14]
[1, 5, 6, 11, 20]
[2, 3, 6, 12]
[1, 2, 8, 11, 18]
[1, 3, 9, 10, 11]
[1, 3, 7, 15, 18]
[3, 4, 5, 16, 21]
[1, 2, 7, 9, 19]
[2, 4, 5, 10]
[1, 3, 5, 26]
[1, 4, 8, 9, 15]
[16, 17, 18, 19, 20, 21, 22, 23, 24, 25, 26, 27, 28]


6
process id 5
stats
5, 15, 7, 100, 1000
20220817-020548
loosing coalitions taken
[2, 3, 5, 23, 26]
[1, 2, 7, 11, 21]
[3, 4, 5, 16, 22]
[1, 3, 8, 10, 18]
[2, 3, 6, 9]
[1, 2, 8, 13, 15]
[1, 3, 7, 12, 16]
[1, 4, 6, 15, 27]
[1, 5, 6, 10, 21]
[2, 4, 5, 20]
[1, 2, 10, 12, 14]
[1, 4, 7, 13, 14]
[1, 3, 5, 28]
[1, 4, 8, 9, 12]
[16, 17, 18, 19, 20, 21, 22, 23, 24, 25, 26, 27, 28]


6
process id 6
stats
5, 15, 7, 100, 1000
20220817-020559
loosing coalitions taken
[1, 4, 7, 9, 19]
[1, 5, 6, 16, 18]
[1, 3, 7, 10, 17]
[1, 2, 8, 14, 17]
[1, 3, 6, 24]
[2, 4, 6, 10, 22]
[1, 4, 8, 11, 12]
[2, 4, 5, 12, 20]
[2, 3, 5, 27, 28]
[1, 2, 7, 15, 16]
[1, 2, 9, 10, 13]
[3, 4, 5, 19, 22]
[1, 4, 5, 28]
[2, 5, 6, 8, 9]
[16, 17, 18, 19, 20, 21, 22, 23, 24, 25, 26, 27, 28]


5
process id 5
stats
5, 15, 7, 100, 1000
20220817-020604
loosing coalitions taken
[2, 4, 6, 12, 17]
[1, 4, 7, 8, 25]
[1, 3, 8, 14, 16]
[1, 2, 8, 13, 20]
[1, 3, 7, 10, 24]
[1, 2, 7, 9]
[3, 4, 5, 13]
[3, 4, 6, 9, 21]
[2, 3, 6, 10, 23]
[1, 5, 6, 14, 19]
[2, 4, 5, 14]
[1, 2, 6, 27]
[2, 3, 5, 19, 27]
[2, 3, 4, 26]
[16, 17, 18, 19, 20, 21, 22, 23, 24, 25, 26, 27, 28]


5
process id 6
stats
5, 15, 7, 100, 1000
20220817-020653
loosing coalitions taken
[1, 3, 8, 14, 15]
[1, 2, 7, 9, 24]
[1, 5, 6, 14, 21]
[1, 4, 7, 13, 16]
[1, 2, 8, 12, 20]
[2, 3, 6, 14]
[3, 4, 5, 12]
[1, 4, 6, 17]
[2, 4, 6, 8]
[1, 2, 10, 11, 14]
[1, 4, 5, 22]
[3, 4, 6, 10, 20]
[2, 3, 4, 28]
[2, 3, 5, 23]
[16, 17, 18, 19, 20, 21, 22, 23, 24, 25, 26, 27, 28]


5
process id 6
stats
5, 15, 7, 100, 1000
20220817-020708
loosing coalitions taken
[1, 3, 8, 12, 15]
[1, 3, 7, 14, 22]
[2, 4, 5, 21, 23]
[2, 3, 6, 10, 28]
[1, 2, 7, 12, 24]
[1, 2, 10, 11, 14]
[3, 4, 5, 16, 27]
[2, 3, 5, 13, 24]
[1, 4, 7, 9, 11]
[2, 4, 6, 11, 16]
[3, 4, 6, 8, 19]
[1, 3, 6, 23]
[1, 4, 5, 24]
[1, 2, 8, 9, 17]
[16, 17, 18, 19, 20, 21, 22, 23, 24, 25, 26, 27, 28]


5
process id 1
stats
5, 15, 7, 100, 1000
20220817-020728
loosing coalitions taken
[2, 4, 5, 20, 26]
[1, 3, 7, 12, 21]
[1, 2, 7, 10, 27]
[1, 2, 9, 12, 14]
[2, 4, 6, 11, 24]
[2, 3, 5, 27, 28]
[3, 4, 5, 15]
[1, 4, 6, 27]
[1, 2, 8, 11, 20]
[2, 3, 6, 15, 25]
[1, 3, 6, 18]
[1, 4, 7, 11, 17]
[1, 5, 6, 8]
[1, 4, 5, 21, 28]
[16, 17, 18, 19, 20, 21, 22, 23, 24, 25, 26, 27, 28]


5
process id 0
stats
5, 15, 7, 100, 1000
20220817-020735
loosing coalitions taken
[1, 2, 7, 15, 17]
[1, 2, 9, 10, 14]
[2, 4, 6, 12, 20]
[1, 4, 5, 22]
[1, 3, 7, 11, 20]
[1, 2, 6, 28]
[1, 3, 8, 10, 19]
[2, 3, 5, 26, 27]
[2, 4, 5, 17]
[1, 5, 6, 10, 21]
[3, 4, 6, 7, 26]
[3, 4, 5, 9]
[1, 4, 7, 8]
[2, 3, 6, 11, 23]
[16, 17, 18, 19, 20, 21, 22, 23, 24, 25, 26, 27, 28]


