Results
15
0.631
0.62

5
process id 5
stats
5, 15, 7, 100, 1000
20220817-021007
loosing coalitions taken
[2, 4, 5, 19]
[1, 2, 8, 11, 18]
[2, 3, 6, 12]
[1, 2, 7, 9]
[1, 5, 6, 11, 24]
[1, 4, 6, 26]
[1, 4, 7, 8]
[1, 3, 7, 11, 20]
[2, 4, 6, 8, 28]
[1, 4, 5, 25]
[1, 3, 6, 22]
[2, 3, 5, 18, 28]
[1, 3, 8, 9, 19]
[3, 4, 5, 9, 22]
[16, 17, 18, 19, 20, 21, 22, 23, 24, 25, 26, 27, 28]


5
process id 1
stats
5, 15, 7, 100, 1000
20220817-021157
loosing coalitions taken
[1, 2, 8, 13, 19]
[1, 3, 8, 9, 16]
[1, 2, 10, 11, 12]
[1, 2, 7, 16, 17]
[1, 3, 7, 10, 20]
[1, 4, 6, 24]
[2, 3, 6, 10]
[2, 4, 5, 17, 28]
[1, 3, 6, 23]
[3, 4, 5, 15, 20]
[1, 4, 7, 8]
[1, 5, 6, 13, 15]
[2, 3, 4, 26]
[2, 3, 5, 22]
[16, 17, 18, 19, 20, 21, 22, 23, 24, 25, 26, 27, 28]


5
process id 4
stats
5, 15, 7, 100, 1000
20220817-021201
loosing coalitions taken
[1, 2, 7, 16, 19]
[1, 2, 9, 11, 13]
[1, 5, 6, 10, 14]
[2, 4, 5, 20, 22]
[1, 2, 6, 24]
[1, 4, 7, 13, 15]
[1, 3, 7, 9, 14]
[2, 3, 7, 8, 10]
[2, 3, 5, 21, 28]
[3, 4, 5, 9, 27]
[1, 4, 5, 26]
[3, 4, 6, 13, 20]
[2, 3, 4, 25]
[1, 3, 8, 12, 15]
[16, 17, 18, 19, 20, 21, 22, 23, 24, 25, 26, 27, 28]


6
process id 6
stats
5, 15, 7, 100, 1000
20220817-021204
loosing coalitions taken
[1, 3, 8, 9, 17]
[3, 4, 5, 9, 27]
[1, 4, 8, 11, 12]
[2, 4, 5, 18, 28]
[1, 2, 7, 17, 18]
[1, 2, 8, 13, 15]
[1, 3, 7, 12, 15]
[2, 3, 5, 21]
[1, 5, 6, 16, 19]
[1, 4, 7, 13, 14]
[1, 4, 5, 26]
[2, 4, 6, 9, 25]
[1, 2, 6, 20]
[3, 4, 6, 8]
[16, 17, 18, 19, 20, 21, 22, 23, 24, 25, 26, 27, 28]


5
process id 5
stats
5, 15, 7, 100, 1000
20220817-021212
loosing coalitions taken
[1, 2, 9, 12, 13]
[2, 4, 5, 16, 21]
[1, 3, 8, 12, 16]
[2, 3, 5, 26, 28]
[1, 2, 8, 14, 15]
[1, 4, 6, 26]
[3, 4, 5, 12]
[1, 3, 7, 11, 19]
[1, 4, 5, 24]
[2, 3, 4, 25]
[2, 4, 6, 7, 27]
[1, 2, 6, 21]
[2, 3, 6, 11]
[1, 4, 7, 9, 17]
[16, 17, 18, 19, 20, 21, 22, 23, 24, 25, 26, 27, 28]


6
process id 5
stats
5, 15, 7, 100, 1000
20220817-021314
loosing coalitions taken
[1, 3, 7, 15, 18]
[1, 2, 8, 9, 22]
[3, 4, 6, 11, 20]
[1, 2, 10, 11, 13]
[2, 4, 5, 9, 26]
[3, 4, 5, 15, 23]
[1, 4, 6, 23, 26]
[1, 2, 7, 12, 14]
[1, 5, 6, 8]
[2, 3, 6, 14, 24]
[2, 3, 5, 13, 25]
[2, 3, 4, 28]
[1, 4, 7, 11, 16]
[1, 3, 9, 10, 12]
[16, 17, 18, 19, 20, 21, 22, 23, 24, 25, 26, 27, 28]


6
process id 5
stats
5, 15, 7, 100, 1000
20220817-021325
loosing coalitions taken
[1, 4, 7, 14, 15]
[2, 4, 6, 11, 21]
[1, 2, 8, 9, 20]
[2, 3, 6, 10]
[1, 4, 6, 28]
[3, 4, 5, 17, 26]
[1, 3, 7, 9, 17]
[1, 3, 8, 11, 18]
[2, 4, 5, 10]
[1, 4, 5, 20]
[1, 2, 6, 23, 27]
[2, 3, 5, 12]
[1, 2, 7, 10, 13]
[1, 5, 6, 9, 24]
[16, 17, 18, 19, 20, 21, 22, 23, 24, 25, 26, 27, 28]


5
process id 6
stats
5, 15, 7, 100, 1000
20220817-021325
loosing coalitions taken
[2, 4, 5, 9, 24]
[2, 3, 5, 18, 23]
[1, 3, 6, 28]
[3, 4, 5, 15, 26]
[2, 4, 6, 14, 18]
[1, 2, 10, 12, 13]
[1, 4, 7, 8, 19]
[1, 4, 5, 27]
[1, 2, 8, 11, 14]
[1, 2, 7, 9]
[1, 4, 6, 25]
[2, 3, 6, 10]
[1, 3, 8, 9, 15]
[1, 5, 6, 11, 22]
[16, 17, 18, 19, 20, 21, 22, 23, 24, 25, 26, 27, 28]


5
process id 5
stats
5, 15, 7, 100, 1000
20220817-021411
loosing coalitions taken
[1, 4, 7, 10, 13]
[1, 2, 7, 15, 16]
[2, 3, 6, 13]
[1, 3, 7, 12, 20]
[3, 4, 5, 11, 14]
[1, 4, 6, 16]
[2, 4, 5, 10, 27]
[1, 3, 8, 9, 19]
[1, 2, 8, 14, 18]
[1, 3, 5, 28]
[3, 4, 6, 12, 21]
[2, 4, 6, 11, 20]
[2, 3, 5, 9]
[1, 5, 6, 8]
[16, 17, 18, 19, 20, 21, 22, 23, 24, 25, 26, 27, 28]


5
process id 1
stats
5, 15, 7, 100, 1000
20220817-021448
loosing coalitions taken
[1, 2, 7, 11, 16]
[1, 4, 7, 10, 18]
[1, 2, 10, 12, 14]
[3, 4, 5, 17, 26]
[2, 4, 5, 20, 28]
[1, 4, 8, 9, 14]
[2, 3, 6, 11, 23]
[1, 2, 8, 13, 15]
[2, 4, 6, 9, 17]
[2, 3, 5, 19]
[1, 3, 8, 12, 16]
[1, 3, 6, 26, 27]
[3, 4, 6, 8]
[1, 4, 5, 24]
[16, 17, 18, 19, 20, 21, 22, 23, 24, 25, 26, 27, 28]


5
process id 2
stats
5, 15, 7, 100, 1000
20220817-021532
loosing coalitions taken
[1, 3, 8, 13, 15]
[1, 2, 7, 14, 17]
[1, 2, 9, 10, 13]
[1, 3, 7, 9, 23]
[1, 4, 8, 9, 14]
[3, 4, 6, 8, 19]
[1, 4, 7, 10, 16]
[1, 4, 6, 25]
[2, 3, 5, 18, 25]
[2, 3, 6, 14]
[2, 4, 5, 20, 24]
[1, 2, 8, 12, 19]
[3, 4, 5, 15, 28]
[1, 3, 5, 27]
[16, 17, 18, 19, 20, 21, 22, 23, 24, 25, 26, 27, 28]


5
process id 6
stats
5, 15, 7, 100, 1000
20220817-021544
loosing coalitions taken
[3, 4, 5, 15, 24]
[3, 4, 6, 12, 17]
[1, 4, 7, 10, 15]
[1, 3, 8, 9, 19]
[1, 3, 7, 14, 16]
[2, 4, 6, 14, 19]
[1, 4, 8, 11, 14]
[2, 3, 6, 13]
[1, 2, 9, 12, 14]
[1, 2, 7, 17, 18]
[1, 2, 8, 15, 16]
[1, 4, 6, 20]
[2, 4, 5, 9]
[1, 3, 5, 28]
[16, 17, 18, 19, 20, 21, 22, 23, 24, 25, 26, 27, 28]


5
process id 6
stats
5, 15, 7, 100, 1000
20220817-021646
loosing coalitions taken
[1, 2, 7, 15, 21]
[1, 5, 6, 13, 24]
[2, 4, 5, 20, 22]
[3, 4, 5, 17, 28]
[1, 3, 7, 13, 19]
[1, 2, 8, 11, 17]
[2, 3, 5, 18]
[1, 3, 9, 10, 11]
[1, 2, 6, 19]
[1, 4, 6, 18, 23]
[2, 3, 6, 9, 21]
[1, 4, 7, 8, 22]
[1, 3, 8, 12, 18]
[2, 3, 4, 25]
[16, 17, 18, 19, 20, 21, 22, 23, 24, 25, 26, 27, 28]


5
process id 4
stats
5, 15, 7, 100, 1000
20220817-021706
loosing coalitions taken
[1, 2, 10, 11, 14]
[1, 3, 8, 10, 17]
[2, 3, 6, 14]
[1, 2, 7, 12, 24]
[2, 4, 5, 20]
[1, 2, 8, 9, 21]
[1, 3, 6, 19]
[3, 4, 5, 14, 24]
[1, 3, 7, 9, 16]
[2, 4, 6, 11, 22]
[3, 4, 6, 7]
[1, 4, 7, 10, 13]
[2, 3, 5, 17]
[1, 5, 6, 12, 23]
[16, 17, 18, 19, 20, 21, 22, 23, 24, 25, 26, 27, 28]


5
process id 5
stats
5, 15, 7, 100, 1000
20220817-021847
loosing coalitions taken
[1, 4, 7, 12, 16]
[1, 2, 8, 12, 14]
[2, 4, 5, 14]
[2, 3, 7, 8, 9]
[2, 3, 6, 12]
[1, 3, 8, 10, 18]
[1, 4, 6, 15, 24]
[1, 2, 7, 10, 15]
[1, 3, 7, 13, 20]
[1, 2, 6, 17]
[1, 4, 5, 25]
[1, 3, 5, 28]
[2, 3, 4, 27]
[1, 5, 6, 8]
[16, 17, 18, 19, 20, 21, 22, 23, 24, 25, 26, 27, 28]


