Results
15
0.64
0.62

6
process id 1
stats
5, 15, 7, 100, 1000
20220817-034132
loosing coalitions taken
[2, 3, 6, 11, 26]
[2, 4, 5, 18, 28]
[1, 5, 6, 9, 22]
[2, 4, 6, 15, 17]
[1, 2, 10, 11, 14]
[1, 4, 8, 13, 14]
[1, 4, 6, 27]
[1, 2, 7, 9, 21]
[1, 3, 7, 15, 16]
[2, 3, 5, 9, 23]
[1, 2, 8, 12, 20]
[3, 4, 5, 19, 24]
[1, 3, 8, 10, 17]
[1, 3, 5, 28]
[16, 17, 18, 19, 20, 21, 22, 23, 24, 25, 26, 27, 28]


5
process id 6
stats
5, 15, 7, 100, 1000
20220817-034140
loosing coalitions taken
[1, 2, 7, 10, 20]
[1, 4, 7, 9, 13]
[1, 2, 8, 13, 18]
[2, 3, 5, 23]
[2, 4, 6, 16, 17]
[1, 4, 6, 28]
[1, 2, 6, 25, 27]
[1, 3, 8, 10, 15]
[2, 4, 5, 20]
[2, 3, 6, 12]
[3, 4, 5, 7]
[1, 4, 5, 26]
[1, 3, 5, 28]
[1, 3, 7, 16, 17]
[16, 17, 18, 19, 20, 21, 22, 23, 24, 25, 26, 27, 28]


5
process id 6
stats
5, 15, 7, 100, 1000
20220817-034204
loosing coalitions taken
[1, 3, 8, 12, 18]
[1, 5, 6, 11, 24]
[1, 2, 8, 11, 21]
[1, 4, 8, 9, 15]
[2, 3, 6, 13, 28]
[3, 4, 6, 9, 21]
[1, 4, 7, 11, 17]
[1, 2, 7, 9, 22]
[1, 3, 6, 26]
[2, 4, 5, 20, 23]
[3, 4, 5, 10, 28]
[1, 4, 5, 22]
[2, 3, 5, 15, 24]
[2, 4, 6, 10, 14]
[16, 17, 18, 19, 20, 21, 22, 23, 24, 25, 26, 27, 28]


5
process id 1
stats
5, 15, 7, 100, 1000
20220817-034312
loosing coalitions taken
[1, 2, 9, 10, 12]
[1, 2, 7, 11, 25]
[1, 3, 7, 10, 21]
[1, 4, 7, 8, 19]
[1, 4, 6, 26]
[1, 3, 8, 11, 17]
[2, 4, 5, 14, 28]
[2, 3, 6, 11]
[3, 4, 5, 16, 25]
[2, 3, 5, 18]
[1, 3, 6, 24]
[2, 3, 4, 26]
[2, 4, 6, 12, 23]
[1, 5, 6, 9, 25]
[16, 17, 18, 19, 20, 21, 22, 23, 24, 25, 26, 27, 28]


6
process id 4
stats
5, 15, 7, 100, 1000
20220817-034313
loosing coalitions taken
[2, 4, 6, 16, 18]
[1, 3, 8, 15, 16]
[1, 3, 7, 10, 19]
[2, 3, 6, 14]
[2, 4, 5, 19, 21]
[3, 4, 5, 20, 23]
[1, 2, 7, 9, 23]
[1, 4, 6, 24]
[1, 4, 5, 27]
[1, 4, 8, 9, 14]
[3, 4, 6, 12, 17]
[1, 2, 10, 11, 12]
[1, 2, 8, 13, 18]
[2, 3, 5, 25]
[16, 17, 18, 19, 20, 21, 22, 23, 24, 25, 26, 27, 28]


5
process id 1
stats
5, 15, 7, 100, 1000
20220817-034419
loosing coalitions taken
[1, 3, 8, 10, 16]
[1, 2, 7, 13, 23]
[1, 2, 10, 11, 14]
[3, 4, 6, 9, 18]
[2, 3, 6, 11, 25]
[1, 5, 6, 13, 20]
[1, 4, 7, 9, 17]
[1, 4, 8, 12, 14]
[1, 3, 7, 12, 22]
[1, 3, 6, 23]
[2, 4, 5, 8, 25]
[2, 3, 5, 17]
[1, 2, 8, 9, 15]
[2, 4, 6, 10, 21]
[16, 17, 18, 19, 20, 21, 22, 23, 24, 25, 26, 27, 28]


5
process id 1
stats
5, 15, 7, 100, 1000
20220817-034612
loosing coalitions taken
[2, 3, 5, 23, 27]
[1, 3, 7, 14, 16]
[2, 3, 6, 13]
[1, 2, 7, 15, 17]
[3, 4, 5, 17, 28]
[1, 3, 8, 11, 17]
[2, 4, 6, 9, 24]
[1, 2, 8, 10, 19]
[1, 4, 5, 25]
[1, 4, 7, 8, 22]
[1, 4, 6, 27, 28]
[2, 4, 5, 8]
[1, 2, 6, 16]
[1, 5, 6, 12, 20]
[16, 17, 18, 19, 20, 21, 22, 23, 24, 25, 26, 27, 28]


5
process id 5
stats
5, 15, 7, 100, 1000
20220817-034830
loosing coalitions taken
[1, 2, 9, 11, 12]
[1, 5, 6, 9, 23]
[1, 4, 7, 10, 11]
[2, 3, 5, 16, 28]
[1, 3, 7, 8]
[2, 4, 5, 18]
[1, 4, 5, 26]
[1, 2, 7, 13, 24]
[2, 3, 6, 12]
[3, 4, 5, 19, 22]
[3, 4, 6, 8]
[2, 3, 4, 25]
[1, 4, 6, 24]
[1, 3, 6, 21]
[16, 17, 18, 19, 20, 21, 22, 23, 24, 25, 26, 27, 28]


