Results
15
0.641
0.62

6
process id 4
stats
5, 15, 7, 100, 1000
20220817-035110
loosing coalitions taken
[1, 3, 7, 16, 19]
[2, 4, 6, 16, 18]
[1, 5, 6, 10, 24]
[2, 3, 5, 23]
[1, 3, 6, 28]
[1, 2, 8, 13, 14]
[1, 4, 7, 11, 15]
[1, 4, 5, 22]
[2, 4, 5, 14]
[3, 4, 5, 13, 27]
[1, 4, 6, 23]
[1, 3, 8, 9, 17]
[2, 3, 6, 9]
[1, 2, 7, 12, 23]
[16, 17, 18, 19, 20, 21, 22, 23, 24, 25, 26, 27, 28]


6
process id 3
stats
5, 15, 7, 100, 1000
20220817-035317
loosing coalitions taken
[2, 3, 6, 12, 24]
[1, 3, 8, 13, 14]
[1, 2, 9, 12, 13]
[2, 4, 5, 16, 27]
[1, 2, 7, 16, 17]
[3, 4, 5, 11]
[2, 3, 7, 8, 10]
[1, 3, 7, 9, 18]
[2, 4, 6, 14, 22]
[1, 4, 7, 12, 15]
[1, 5, 6, 8, 23]
[1, 3, 6, 21, 27]
[1, 4, 6, 28]
[1, 2, 8, 11, 19]
[16, 17, 18, 19, 20, 21, 22, 23, 24, 25, 26, 27, 28]


6
process id 0
stats
5, 15, 7, 100, 1000
20220817-035506
loosing coalitions taken
[2, 3, 7, 8, 10]
[1, 4, 8, 9, 12]
[1, 5, 6, 14, 19]
[1, 4, 7, 14, 16]
[3, 4, 6, 13, 17]
[2, 4, 5, 16, 24]
[1, 3, 7, 12, 18]
[2, 3, 5, 21]
[1, 3, 8, 13, 15]
[1, 3, 6, 25]
[1, 2, 7, 9, 26]
[1, 4, 5, 23]
[1, 2, 8, 11, 16]
[2, 4, 6, 10, 22]
[16, 17, 18, 19, 20, 21, 22, 23, 24, 25, 26, 27, 28]


5
process id 0
stats
5, 15, 7, 100, 1000
20220817-035830
loosing coalitions taken
[1, 3, 7, 13, 18]
[1, 5, 6, 13, 21]
[2, 3, 7, 8, 9]
[1, 2, 8, 15, 17]
[1, 4, 7, 10, 17]
[2, 4, 5, 17]
[1, 4, 6, 23]
[2, 3, 6, 14]
[1, 2, 9, 12, 13]
[1, 3, 6, 25]
[1, 2, 7, 11, 19]
[1, 4, 8, 12, 14]
[2, 4, 6, 11, 24]
[2, 3, 5, 16, 28]
[16, 17, 18, 19, 20, 21, 22, 23, 24, 25, 26, 27, 28]


6
process id 5
stats
5, 15, 7, 100, 1000
20220817-035924
loosing coalitions taken
[2, 4, 6, 15, 21]
[1, 2, 10, 12, 14]
[3, 4, 6, 9, 22]
[1, 3, 7, 11, 20]
[1, 2, 7, 16, 21]
[1, 5, 6, 13, 19]
[2, 3, 5, 23, 25]
[1, 4, 7, 13, 15]
[2, 3, 6, 11, 26]
[2, 4, 5, 9]
[1, 4, 6, 26]
[1, 3, 8, 12, 17]
[1, 3, 5, 27]
[1, 2, 8, 13, 20]
[16, 17, 18, 19, 20, 21, 22, 23, 24, 25, 26, 27, 28]


5
process id 3
stats
5, 15, 7, 100, 1000
20220817-035940
loosing coalitions taken
[1, 4, 7, 9, 11]
[1, 2, 7, 10, 20]
[2, 4, 5, 9]
[1, 4, 6, 27]
[1, 2, 6, 23]
[1, 3, 9, 10, 12]
[2, 3, 5, 15, 21]
[1, 3, 6, 28]
[3, 4, 5, 13, 28]
[2, 4, 6, 11, 24]
[1, 3, 7, 8, 19]
[1, 2, 8, 13, 18]
[1, 4, 5, 22]
[2, 3, 6, 19, 20]
[16, 17, 18, 19, 20, 21, 22, 23, 24, 25, 26, 27, 28]


6
process id 1
stats
5, 15, 7, 100, 1000
20220817-035946
loosing coalitions taken
[1, 3, 8, 12, 19]
[1, 3, 7, 11, 18]
[2, 3, 6, 15, 27]
[2, 3, 5, 22, 24]
[1, 2, 8, 14, 17]
[1, 4, 7, 9, 17]
[1, 4, 6, 16, 24]
[2, 4, 6, 11, 23]
[1, 5, 6, 14, 22]
[3, 4, 5, 9, 26]
[2, 4, 5, 13, 18]
[1, 3, 6, 28]
[1, 2, 7, 12, 21]
[1, 4, 5, 20]
[16, 17, 18, 19, 20, 21, 22, 23, 24, 25, 26, 27, 28]


