Results
15
0.642
0.62

5
process id 5
stats
5, 15, 7, 100, 1000
20220817-040054
loosing coalitions taken
[1, 4, 8, 9, 10]
[2, 3, 5, 23]
[3, 4, 6, 10, 20]
[1, 2, 8, 12, 20]
[1, 3, 6, 28]
[2, 4, 6, 8, 22]
[1, 4, 5, 23]
[1, 5, 6, 14, 21]
[2, 4, 5, 21, 27]
[2, 3, 4, 26]
[1, 4, 7, 11, 14]
[1, 3, 7, 8]
[3, 4, 5, 13]
[2, 3, 6, 12]
[16, 17, 18, 19, 20, 21, 22, 23, 24, 25, 26, 27, 28]


5
process id 2
stats
5, 15, 7, 100, 1000
20220817-040134
loosing coalitions taken
[1, 3, 8, 9, 19]
[1, 2, 7, 11, 18]
[1, 5, 6, 10, 23]
[2, 3, 6, 14]
[1, 2, 8, 13, 20]
[1, 4, 7, 8]
[1, 4, 5, 22]
[1, 4, 6, 16, 24]
[1, 3, 5, 27]
[2, 3, 5, 23]
[2, 4, 6, 8]
[2, 3, 4, 25]
[1, 3, 7, 16, 17]
[3, 4, 5, 13]
[16, 17, 18, 19, 20, 21, 22, 23, 24, 25, 26, 27, 28]


5
process id 5
stats
5, 15, 7, 100, 1000
20220817-040237
loosing coalitions taken
[1, 3, 7, 16, 19]
[1, 4, 7, 14, 15]
[1, 4, 6, 25]
[2, 3, 6, 10]
[1, 2, 7, 13, 21]
[1, 3, 8, 9, 20]
[2, 4, 5, 20]
[1, 2, 8, 12, 18]
[2, 3, 5, 12, 22]
[2, 4, 6, 14, 18]
[1, 5, 6, 11, 17]
[1, 2, 6, 20]
[3, 4, 5, 13, 28]
[1, 4, 5, 23]
[16, 17, 18, 19, 20, 21, 22, 23, 24, 25, 26, 27, 28]


6
process id 2
stats
5, 15, 7, 100, 1000
20220817-040307
loosing coalitions taken
[1, 3, 7, 16, 19]
[1, 4, 7, 12, 14]
[2, 3, 7, 8, 9]
[1, 4, 8, 10, 15]
[1, 2, 9, 10, 13]
[1, 2, 7, 11, 24]
[1, 5, 6, 12, 22]
[3, 4, 6, 10, 21]
[1, 4, 5, 26]
[2, 3, 6, 13, 24]
[2, 3, 5, 15]
[1, 3, 6, 20]
[2, 4, 6, 11, 18]
[1, 2, 8, 14, 18]
[16, 17, 18, 19, 20, 21, 22, 23, 24, 25, 26, 27, 28]


5
process id 6
stats
5, 15, 7, 100, 1000
20220817-040352
loosing coalitions taken
[1, 2, 9, 10, 12]
[2, 3, 5, 25, 28]
[1, 2, 7, 15, 18]
[1, 3, 8, 9, 18]
[1, 3, 7, 14, 17]
[1, 5, 6, 16, 17]
[1, 4, 7, 10, 16]
[3, 4, 5, 18, 20]
[2, 4, 5, 13]
[3, 4, 6, 9, 22]
[1, 4, 6, 25]
[2, 3, 6, 12]
[1, 3, 5, 27]
[1, 2, 8, 14, 19]
[16, 17, 18, 19, 20, 21, 22, 23, 24, 25, 26, 27, 28]


6
process id 7
stats
5, 15, 7, 100, 1000
20220817-040411
loosing coalitions taken
[1, 3, 7, 13, 19]
[1, 4, 6, 28]
[1, 2, 8, 12, 18]
[3, 4, 5, 15]
[2, 3, 6, 16, 22]
[1, 3, 8, 9, 11]
[2, 4, 5, 9, 26]
[2, 3, 5, 20]
[1, 2, 7, 10, 23]
[2, 4, 6, 10, 18]
[1, 5, 6, 15, 19]
[1, 4, 8, 13, 14]
[1, 4, 5, 20]
[1, 2, 6, 26]
[16, 17, 18, 19, 20, 21, 22, 23, 24, 25, 26, 27, 28]


5
process id 1
stats
5, 15, 7, 100, 1000
20220817-040415
loosing coalitions taken
[1, 5, 6, 13, 24]
[2, 4, 6, 14, 17]
[3, 4, 5, 16, 18]
[2, 3, 6, 13, 21]
[2, 4, 5, 12, 25]
[2, 3, 5, 23]
[1, 4, 7, 8, 22]
[1, 2, 7, 11, 19]
[1, 2, 8, 10, 16]
[1, 4, 5, 28]
[1, 3, 7, 12, 15]
[3, 4, 6, 11, 15]
[1, 3, 8, 9, 20]
[1, 3, 6, 16]
[16, 17, 18, 19, 20, 21, 22, 23, 24, 25, 26, 27, 28]


5
process id 0
stats
5, 15, 7, 100, 1000
20220817-040448
loosing coalitions taken
[1, 4, 7, 8, 24]
[1, 3, 8, 10, 13]
[2, 3, 6, 10]
[1, 5, 6, 11, 21]
[1, 2, 8, 11, 18]
[1, 3, 7, 14, 18]
[3, 4, 5, 9]
[1, 2, 9, 12, 14]
[1, 2, 7, 15, 19]
[1, 3, 6, 23]
[2, 4, 5, 14, 27]
[1, 4, 5, 28]
[2, 3, 5, 26, 28]
[1, 4, 6, 19, 27]
[16, 17, 18, 19, 20, 21, 22, 23, 24, 25, 26, 27, 28]


5
process id 0
stats
5, 15, 7, 100, 1000
20220817-040453
loosing coalitions taken
[1, 3, 7, 16, 19]
[2, 3, 6, 12, 23]
[2, 3, 7, 8, 10]
[1, 2, 8, 15, 17]
[2, 4, 5, 20, 23]
[1, 5, 6, 10, 24]
[1, 4, 7, 9, 17]
[2, 4, 6, 8]
[3, 4, 5, 16, 26]
[2, 3, 5, 15]
[1, 2, 7, 12, 13]
[1, 4, 5, 25, 27]
[1, 2, 9, 11, 14]
[1, 3, 6, 20, 25]
[16, 17, 18, 19, 20, 21, 22, 23, 24, 25, 26, 27, 28]


