Results
15
0.643
0.62

5
process id 2
stats
5, 15, 7, 100, 1000
20220817-041051
loosing coalitions taken
[3, 4, 5, 21, 23]
[1, 4, 7, 9, 19]
[1, 3, 8, 9, 17]
[1, 2, 7, 13, 23]
[1, 2, 8, 10, 14]
[1, 3, 7, 14, 18]
[1, 2, 6, 25, 28]
[1, 3, 6, 23]
[2, 4, 6, 11, 21]
[1, 4, 8, 12, 13]
[2, 3, 5, 10, 28]
[2, 4, 5, 19, 26]
[1, 4, 5, 24, 28]
[2, 3, 4, 25]
[16, 17, 18, 19, 20, 21, 22, 23, 24, 25, 26, 27, 28]


5
process id 1
stats
5, 15, 7, 100, 1000
20220817-041214
loosing coalitions taken
[1, 2, 7, 13, 23]
[2, 4, 5, 16]
[2, 3, 6, 10, 25]
[3, 4, 6, 8]
[1, 3, 7, 11, 14]
[1, 5, 6, 11, 23]
[1, 4, 7, 10, 15]
[1, 4, 5, 25, 26]
[1, 4, 6, 27]
[2, 3, 5, 20, 27]
[3, 4, 5, 12, 23]
[1, 2, 8, 12, 19]
[2, 4, 6, 14, 15]
[2, 3, 4, 28]
[16, 17, 18, 19, 20, 21, 22, 23, 24, 25, 26, 27, 28]


6
process id 4
stats
5, 15, 7, 100, 1000
20220817-041255
loosing coalitions taken
[3, 4, 5, 17, 27]
[1, 3, 7, 10, 18]
[1, 2, 8, 9, 16]
[2, 3, 6, 14]
[1, 3, 8, 12, 19]
[1, 4, 7, 11, 16]
[1, 4, 6, 22]
[2, 4, 5, 8]
[1, 3, 6, 16]
[2, 3, 5, 20, 22]
[2, 4, 6, 13, 18]
[2, 3, 4, 25]
[1, 4, 8, 10, 15]
[1, 5, 6, 12, 20]
[16, 17, 18, 19, 20, 21, 22, 23, 24, 25, 26, 27, 28]


6
process id 0
stats
5, 15, 7, 100, 1000
20220817-041405
loosing coalitions taken
[1, 4, 8, 13, 14]
[1, 4, 6, 23]
[2, 3, 6, 13]
[1, 3, 9, 10, 11]
[1, 3, 7, 8, 22]
[1, 2, 8, 9, 18]
[1, 2, 7, 15, 19]
[1, 2, 6, 28]
[3, 4, 5, 14, 16]
[1, 5, 6, 9, 16]
[2, 3, 5, 25, 26]
[2, 4, 6, 14, 22]
[2, 4, 5, 17]
[1, 4, 5, 21]
[16, 17, 18, 19, 20, 21, 22, 23, 24, 25, 26, 27, 28]


6
process id 3
stats
5, 15, 7, 100, 1000
20220817-041447
loosing coalitions taken
[1, 5, 6, 14, 22]
[1, 3, 8, 12, 15]
[1, 2, 9, 10, 12]
[1, 2, 8, 13, 19]
[2, 3, 6, 18, 19]
[1, 4, 6, 27]
[1, 3, 7, 11, 23]
[2, 3, 5, 24, 28]
[3, 4, 5, 9]
[1, 3, 6, 28]
[2, 3, 4, 25]
[1, 4, 5, 20]
[2, 4, 5, 10]
[1, 4, 7, 10, 15]
[16, 17, 18, 19, 20, 21, 22, 23, 24, 25, 26, 27, 28]


5
process id 1
stats
5, 15, 7, 100, 1000
20220817-041448
loosing coalitions taken
[2, 4, 6, 16, 18]
[2, 4, 5, 21, 24]
[1, 2, 8, 13, 15]
[1, 4, 7, 10, 13]
[2, 3, 5, 14, 28]
[1, 5, 6, 13, 21]
[1, 2, 7, 9]
[1, 3, 6, 27]
[2, 3, 4, 25]
[3, 4, 6, 9, 17]
[1, 4, 6, 24]
[3, 4, 5, 12]
[1, 3, 5, 26]
[2, 3, 6, 10]
[16, 17, 18, 19, 20, 21, 22, 23, 24, 25, 26, 27, 28]


5
process id 1
stats
5, 15, 7, 100, 1000
20220817-041546
loosing coalitions taken
[1, 5, 6, 11, 24]
[1, 2, 7, 9, 26]
[1, 3, 8, 9, 17]
[1, 3, 7, 11, 22]
[2, 4, 6, 11, 22]
[2, 4, 5, 14, 23]
[1, 4, 8, 13, 14]
[1, 4, 7, 10, 16]
[2, 5, 6, 8, 12]
[1, 2, 10, 12, 13]
[2, 3, 5, 18, 26]
[3, 4, 5, 17, 28]
[1, 3, 6, 28]
[1, 4, 5, 25]
[16, 17, 18, 19, 20, 21, 22, 23, 24, 25, 26, 27, 28]


5
process id 2
stats
5, 15, 7, 100, 1000
20220817-041555
loosing coalitions taken
[1, 3, 8, 13, 15]
[1, 5, 6, 16, 18]
[2, 3, 6, 11, 21]
[1, 2, 7, 13, 21]
[1, 4, 7, 12, 16]
[1, 2, 6, 25, 27]
[1, 4, 6, 9]
[1, 3, 7, 11, 18]
[2, 3, 5, 22, 28]
[3, 4, 5, 16, 25]
[2, 4, 5, 17, 23]
[1, 2, 8, 10, 19]
[1, 3, 5, 27]
[2, 3, 4, 26]
[16, 17, 18, 19, 20, 21, 22, 23, 24, 25, 26, 27, 28]


5
process id 0
stats
5, 15, 7, 100, 1000
20220817-041601
loosing coalitions taken
[1, 2, 7, 9, 28]
[1, 2, 8, 11, 18]
[1, 4, 7, 10, 19]
[2, 4, 6, 15, 19]
[1, 2, 10, 12, 13]
[1, 4, 6, 26]
[2, 3, 6, 9]
[1, 4, 5, 24]
[1, 5, 6, 16, 18]
[1, 3, 5, 27]
[2, 3, 5, 23, 28]
[2, 3, 4, 25]
[1, 3, 6, 22, 23]
[2, 4, 5, 12]
[16, 17, 18, 19, 20, 21, 22, 23, 24, 25, 26, 27, 28]


5
process id 0
stats
5, 15, 7, 100, 1000
20220817-041721
loosing coalitions taken
[1, 2, 9, 11, 12]
[3, 4, 6, 13, 18]
[1, 3, 8, 15, 16]
[3, 4, 5, 17, 23]
[2, 3, 7, 8, 10]
[2, 3, 6, 9, 19]
[1, 2, 7, 13, 24]
[1, 5, 6, 16, 19]
[1, 4, 8, 10, 14]
[1, 3, 6, 27]
[1, 4, 7, 9, 16]
[1, 4, 5, 20]
[2, 3, 5, 24]
[2, 4, 6, 15, 21]
[16, 17, 18, 19, 20, 21, 22, 23, 24, 25, 26, 27, 28]


5
process id 0
stats
5, 15, 7, 100, 1000
20220817-041953
loosing coalitions taken
[1, 4, 7, 12, 13]
[1, 4, 6, 26]
[1, 2, 7, 9, 27]
[1, 3, 7, 11, 22]
[3, 4, 5, 13]
[1, 2, 8, 13, 19]
[3, 4, 6, 11, 21]
[2, 4, 5, 11]
[2, 3, 6, 12, 25]
[1, 4, 5, 23]
[1, 2, 6, 17]
[1, 5, 6, 9, 20]
[2, 3, 5, 22]
[1, 3, 8, 10, 15]
[16, 17, 18, 19, 20, 21, 22, 23, 24, 25, 26, 27, 28]


5
process id 4
stats
5, 15, 7, 100, 1000
20220817-042029
loosing coalitions taken
[1, 3, 8, 12, 16]
[1, 4, 7, 12, 13]
[1, 2, 7, 17, 19]
[2, 3, 6, 13, 26]
[1, 3, 7, 11, 18]
[1, 4, 6, 27]
[2, 3, 7, 8, 10]
[1, 2, 8, 14, 18]
[3, 4, 5, 17, 27]
[2, 3, 5, 20]
[1, 4, 5, 22]
[2, 4, 5, 21, 23]
[1, 3, 6, 19]
[1, 5, 6, 11, 23]
[16, 17, 18, 19, 20, 21, 22, 23, 24, 25, 26, 27, 28]


5
process id 3
stats
5, 15, 7, 100, 1000
20220817-042031
loosing coalitions taken
[1, 5, 6, 14, 21]
[1, 3, 8, 11, 18]
[1, 4, 7, 12, 15]
[2, 4, 6, 11, 20]
[2, 3, 7, 8, 10]
[1, 2, 9, 10, 13]
[2, 3, 5, 25]
[1, 2, 7, 16, 20]
[1, 4, 5, 20]
[1, 4, 6, 16, 23]
[2, 3, 6, 14, 18]
[2, 4, 5, 12]
[1, 3, 7, 9, 24]
[3, 4, 5, 9]
[16, 17, 18, 19, 20, 21, 22, 23, 24, 25, 26, 27, 28]


