Results
15
0.644
0.62

5
process id 2
stats
5, 15, 7, 100, 1000
20220817-042256
loosing coalitions taken
[3, 4, 6, 11, 18]
[1, 2, 9, 11, 13]
[1, 2, 8, 10, 17]
[1, 2, 7, 14, 20]
[2, 4, 6, 15, 17]
[2, 3, 6, 12]
[1, 3, 7, 9, 17]
[1, 4, 6, 26]
[1, 3, 8, 11, 19]
[2, 4, 5, 20]
[1, 4, 7, 10, 18]
[2, 3, 5, 14]
[1, 3, 5, 27]
[3, 4, 5, 15, 28]
[16, 17, 18, 19, 20, 21, 22, 23, 24, 25, 26, 27, 28]


6
process id 2
stats
5, 15, 7, 100, 1000
20220817-042301
loosing coalitions taken
[1, 5, 6, 13, 23]
[1, 3, 7, 9, 18]
[1, 2, 8, 13, 18]
[2, 3, 5, 24]
[1, 2, 7, 11, 25]
[1, 4, 7, 8, 21]
[1, 2, 10, 12, 14]
[1, 4, 5, 25, 26]
[2, 4, 6, 12, 22]
[2, 4, 5, 18, 27]
[2, 3, 6, 13]
[3, 4, 5, 10]
[1, 4, 6, 28]
[1, 3, 6, 20]
[16, 17, 18, 19, 20, 21, 22, 23, 24, 25, 26, 27, 28]


5
process id 1
stats
5, 15, 7, 100, 1000
20220817-042312
loosing coalitions taken
[1, 2, 9, 11, 14]
[2, 4, 6, 8, 27]
[1, 2, 7, 10, 21]
[2, 3, 6, 14]
[1, 5, 6, 13, 24]
[1, 2, 8, 15, 16]
[1, 4, 6, 25]
[1, 3, 7, 8]
[2, 4, 5, 10]
[1, 4, 5, 27]
[2, 3, 5, 21]
[1, 3, 6, 22]
[3, 4, 5, 9, 23]
[1, 4, 7, 11, 15]
[16, 17, 18, 19, 20, 21, 22, 23, 24, 25, 26, 27, 28]


5
process id 2
stats
5, 15, 7, 100, 1000
20220817-042320
loosing coalitions taken
[2, 4, 6, 12, 22]
[2, 3, 5, 21]
[1, 2, 8, 14, 16]
[1, 3, 7, 16, 17]
[1, 4, 7, 10, 19]
[1, 4, 6, 18]
[1, 3, 8, 10, 11]
[1, 2, 7, 12, 23]
[2, 4, 5, 18]
[1, 3, 5, 28]
[1, 4, 5, 26]
[1, 5, 6, 15, 16]
[3, 4, 5, 12]
[2, 3, 6, 11, 19]
[16, 17, 18, 19, 20, 21, 22, 23, 24, 25, 26, 27, 28]


5
process id 1
stats
5, 15, 7, 100, 1000
20220817-042326
loosing coalitions taken
[1, 4, 7, 8, 23]
[1, 3, 7, 15, 21]
[1, 3, 8, 11, 19]
[1, 5, 6, 11, 18]
[2, 4, 6, 9, 22]
[3, 4, 6, 14, 17]
[1, 2, 8, 12, 21]
[2, 3, 6, 8]
[2, 4, 5, 20]
[1, 4, 6, 15, 25]
[1, 3, 5, 27]
[1, 2, 7, 9, 24]
[2, 3, 4, 27]
[3, 4, 5, 18, 21]
[16, 17, 18, 19, 20, 21, 22, 23, 24, 25, 26, 27, 28]


6
process id 1
stats
5, 15, 7, 100, 1000
20220817-042849
loosing coalitions taken
[2, 3, 6, 18, 20]
[2, 3, 7, 8, 9]
[1, 3, 9, 10, 12]
[1, 4, 6, 27]
[1, 3, 7, 15, 20]
[2, 4, 5, 11, 18]
[2, 3, 5, 25, 26]
[1, 3, 8, 13, 16]
[1, 2, 8, 10, 17]
[3, 4, 6, 13, 19]
[1, 2, 6, 16]
[1, 5, 6, 12, 24]
[1, 4, 5, 21]
[3, 4, 5, 14]
[16, 17, 18, 19, 20, 21, 22, 23, 24, 25, 26, 27, 28]


5
process id 1
stats
5, 15, 7, 100, 1000
20220817-043023
loosing coalitions taken
[3, 4, 6, 10, 21]
[1, 4, 7, 8]
[1, 5, 6, 16, 20]
[1, 3, 9, 10, 11]
[2, 3, 6, 12]
[1, 2, 8, 10, 13]
[1, 4, 6, 25]
[2, 3, 5, 15, 28]
[3, 4, 5, 12]
[1, 3, 6, 24, 27]
[1, 3, 8, 12, 16]
[1, 4, 5, 22]
[1, 2, 7, 12, 19]
[2, 4, 5, 20]
[16, 17, 18, 19, 20, 21, 22, 23, 24, 25, 26, 27, 28]


