Results
15
0.645
0.62

5
process id 1
stats
5, 15, 7, 100, 1000
20220817-043222
loosing coalitions taken
[2, 3, 6, 11]
[1, 3, 9, 10, 12]
[1, 2, 7, 9]
[1, 5, 6, 10, 25]
[2, 3, 5, 18, 27]
[3, 4, 5, 13]
[2, 4, 5, 11, 26]
[1, 3, 7, 13, 20]
[1, 2, 6, 19]
[1, 4, 5, 22]
[1, 2, 8, 13, 14]
[2, 4, 6, 12, 17]
[1, 4, 7, 8, 19]
[1, 4, 6, 28]
[16, 17, 18, 19, 20, 21, 22, 23, 24, 25, 26, 27, 28]


5
process id 2
stats
5, 15, 7, 100, 1000
20220817-043306
loosing coalitions taken
[1, 4, 7, 9, 16]
[1, 2, 8, 10, 17]
[2, 3, 6, 11]
[2, 4, 5, 16]
[1, 2, 9, 12, 13]
[3, 4, 6, 8]
[1, 4, 5, 25]
[1, 3, 8, 15, 16]
[3, 4, 5, 14]
[1, 3, 6, 22, 23]
[2, 3, 5, 23]
[1, 3, 7, 13, 17]
[1, 5, 6, 11, 21]
[1, 4, 6, 24]
[16, 17, 18, 19, 20, 21, 22, 23, 24, 25, 26, 27, 28]


5
process id 5
stats
5, 15, 7, 100, 1000
20220817-043326
loosing coalitions taken
[2, 3, 7, 8, 9]
[1, 4, 7, 12, 14]
[1, 2, 8, 12, 19]
[1, 2, 9, 10, 13]
[1, 3, 7, 11, 19]
[1, 4, 6, 27]
[1, 2, 7, 16, 18]
[2, 3, 6, 14, 23]
[2, 4, 5, 20]
[3, 4, 5, 11, 23]
[2, 4, 6, 8, 28]
[1, 3, 6, 16]
[2, 3, 5, 19, 26]
[1, 4, 5, 28]
[16, 17, 18, 19, 20, 21, 22, 23, 24, 25, 26, 27, 28]


5
process id 4
stats
5, 15, 7, 100, 1000
20220817-043518
loosing coalitions taken
[2, 3, 6, 12, 26]
[1, 2, 10, 11, 12]
[2, 4, 6, 8]
[1, 4, 7, 9, 18]
[1, 5, 6, 14, 18]
[1, 3, 8, 9, 13]
[1, 2, 7, 15, 20]
[2, 3, 5, 19, 23]
[3, 4, 6, 13, 21]
[3, 4, 5, 11, 28]
[1, 4, 6, 15]
[2, 3, 4, 25]
[1, 3, 7, 14, 17]
[2, 4, 5, 10]
[16, 17, 18, 19, 20, 21, 22, 23, 24, 25, 26, 27, 28]


6
process id 0
stats
5, 15, 7, 100, 1000
20220817-043553
loosing coalitions taken
[2, 4, 5, 20]
[1, 4, 7, 14, 16]
[2, 3, 6, 9, 28]
[1, 4, 6, 24]
[1, 3, 9, 10, 11]
[1, 3, 8, 12, 18]
[1, 2, 7, 11, 25]
[2, 3, 7, 8, 10]
[1, 2, 8, 13, 17]
[2, 3, 5, 18, 27]
[3, 4, 6, 8]
[1, 2, 6, 23]
[3, 4, 5, 13, 15]
[1, 4, 5, 25]
[16, 17, 18, 19, 20, 21, 22, 23, 24, 25, 26, 27, 28]


5
process id 7
stats
5, 15, 7, 100, 1000
20220817-043713
loosing coalitions taken
[1, 3, 7, 11, 22]
[1, 2, 8, 11, 21]
[1, 2, 9, 10, 14]
[1, 3, 8, 9, 20]
[2, 3, 6, 14]
[1, 2, 7, 13, 20]
[1, 5, 6, 9, 23]
[1, 4, 7, 12, 14]
[2, 3, 4, 28]
[1, 4, 6, 21]
[1, 3, 6, 24]
[2, 4, 5, 8]
[1, 4, 5, 20]
[2, 3, 5, 10]
[16, 17, 18, 19, 20, 21, 22, 23, 24, 25, 26, 27, 28]


5
process id 7
stats
5, 15, 7, 100, 1000
20220817-043727
loosing coalitions taken
[1, 2, 7, 12, 21]
[2, 3, 6, 11]
[1, 5, 6, 13, 22]
[1, 3, 7, 13, 20]
[1, 4, 7, 8]
[2, 4, 5, 19]
[3, 4, 6, 8]
[2, 4, 6, 12, 17]
[1, 4, 6, 18, 23]
[1, 3, 8, 9, 17]
[1, 4, 5, 21]
[1, 2, 8, 13, 16]
[2, 3, 5, 16, 20]
[1, 3, 5, 27]
[16, 17, 18, 19, 20, 21, 22, 23, 24, 25, 26, 27, 28]


5
process id 1
stats
5, 15, 7, 100, 1000
20220817-043848
loosing coalitions taken
[1, 2, 10, 11, 12]
[2, 4, 5, 18, 27]
[1, 3, 8, 10, 15]
[1, 2, 7, 9, 24]
[2, 3, 6, 13, 26]
[1, 2, 8, 13, 18]
[1, 3, 7, 14, 20]
[3, 4, 6, 11, 20]
[2, 4, 6, 8, 25]
[1, 3, 6, 27]
[3, 4, 5, 15, 21]
[2, 3, 5, 22, 23]
[1, 4, 5, 22]
[2, 3, 4, 28]
[16, 17, 18, 19, 20, 21, 22, 23, 24, 25, 26, 27, 28]


5
process id 6
stats
5, 15, 7, 100, 1000
20220817-043926
loosing coalitions taken
[1, 2, 8, 13, 19]
[2, 4, 6, 12, 23]
[1, 2, 7, 14, 18]
[1, 2, 9, 10, 11]
[2, 3, 7, 8, 9]
[2, 3, 6, 10, 27]
[1, 3, 8, 14, 16]
[2, 3, 5, 11]
[1, 3, 7, 12, 20]
[1, 3, 5, 26]
[1, 5, 6, 8]
[3, 4, 5, 18, 20]
[2, 4, 5, 16, 28]
[1, 4, 6, 18, 21]
[16, 17, 18, 19, 20, 21, 22, 23, 24, 25, 26, 27, 28]


6
process id 0
stats
5, 15, 7, 100, 1000
20220817-044025
loosing coalitions taken
[1, 5, 6, 15, 19]
[1, 4, 7, 9, 19]
[3, 4, 6, 9, 20]
[1, 3, 8, 10, 18]
[1, 3, 7, 12, 17]
[1, 2, 7, 10, 22]
[2, 4, 6, 10, 13]
[1, 2, 6, 23]
[2, 3, 5, 27, 28]
[1, 4, 5, 25, 26]
[3, 4, 5, 11, 17]
[1, 4, 8, 11, 12]
[2, 4, 5, 18]
[2, 3, 7, 8, 9]
[16, 17, 18, 19, 20, 21, 22, 23, 24, 25, 26, 27, 28]


