Results
15
0.646
0.62

6
process id 0
stats
5, 15, 7, 100, 1000
20220817-044346
loosing coalitions taken
[3, 4, 6, 8]
[1, 2, 7, 11, 27]
[1, 2, 8, 10, 14]
[1, 3, 7, 16, 19]
[1, 4, 7, 10, 13]
[1, 3, 9, 10, 11]
[2, 4, 5, 18]
[1, 4, 5, 26]
[2, 3, 5, 9, 28]
[3, 4, 5, 14]
[1, 3, 6, 26]
[2, 4, 6, 16, 17]
[2, 3, 6, 12, 27]
[1, 4, 6, 28]
[16, 17, 18, 19, 20, 21, 22, 23, 24, 25, 26, 27, 28]


5
process id 0
stats
5, 15, 7, 100, 1000
20220817-044428
loosing coalitions taken
[1, 3, 7, 13, 17]
[1, 4, 8, 13, 14]
[1, 2, 9, 10, 14]
[1, 2, 7, 16, 20]
[2, 3, 6, 14]
[1, 2, 8, 12, 15]
[2, 4, 5, 9]
[1, 4, 7, 10, 15]
[1, 4, 6, 27]
[2, 3, 4, 26]
[2, 3, 5, 25]
[2, 4, 6, 7, 22]
[1, 3, 6, 23]
[1, 3, 5, 26]
[16, 17, 18, 19, 20, 21, 22, 23, 24, 25, 26, 27, 28]


6
process id 2
stats
5, 15, 7, 100, 1000
20220817-044621
loosing coalitions taken
[1, 5, 6, 9, 24]
[1, 2, 8, 11, 16]
[1, 2, 7, 9]
[2, 3, 6, 13]
[3, 4, 5, 12]
[1, 3, 8, 10, 14]
[1, 3, 5, 26]
[1, 4, 6, 27]
[2, 3, 5, 22, 27]
[2, 4, 5, 20]
[1, 3, 6, 28]
[1, 4, 7, 8]
[3, 4, 6, 8]
[2, 3, 4, 28]
[16, 17, 18, 19, 20, 21, 22, 23, 24, 25, 26, 27, 28]


5
process id 3
stats
5, 15, 7, 100, 1000
20220817-044929
loosing coalitions taken
[1, 3, 9, 10, 12]
[1, 5, 6, 15, 19]
[1, 4, 6, 28]
[3, 4, 5, 17, 25]
[1, 2, 8, 13, 16]
[1, 2, 7, 9]
[2, 3, 6, 13]
[1, 3, 8, 11, 14]
[1, 4, 5, 22]
[1, 4, 7, 11, 13]
[2, 3, 5, 9]
[1, 3, 6, 20]
[2, 4, 5, 20, 28]
[2, 4, 6, 9, 24]
[16, 17, 18, 19, 20, 21, 22, 23, 24, 25, 26, 27, 28]


5
process id 0
stats
5, 15, 7, 100, 1000
20220817-045009
loosing coalitions taken
[1, 3, 8, 10, 17]
[1, 2, 7, 15, 18]
[2, 4, 5, 17, 27]
[1, 2, 8, 14, 19]
[3, 4, 5, 13]
[1, 4, 8, 9, 11]
[1, 5, 6, 9, 24]
[1, 3, 7, 9, 19]
[2, 4, 6, 8, 28]
[2, 3, 6, 10]
[3, 4, 6, 14, 15]
[2, 3, 5, 16, 25]
[2, 3, 4, 26]
[1, 4, 5, 21]
[16, 17, 18, 19, 20, 21, 22, 23, 24, 25, 26, 27, 28]


5
process id 5
stats
5, 15, 7, 100, 1000
20220817-045052
loosing coalitions taken
[1, 4, 8, 13, 14]
[1, 5, 6, 15, 18]
[1, 2, 8, 15, 16]
[2, 3, 6, 9, 23]
[1, 2, 10, 11, 13]
[1, 3, 7, 11, 17]
[1, 2, 7, 9, 24]
[1, 4, 7, 10, 15]
[1, 3, 8, 12, 18]
[3, 4, 6, 12, 16]
[2, 4, 6, 7]
[2, 3, 5, 18]
[1, 3, 6, 28]
[1, 4, 5, 25, 27]
[16, 17, 18, 19, 20, 21, 22, 23, 24, 25, 26, 27, 28]


