Results
15
0.647
0.62

5
process id 0
stats
5, 15, 7, 100, 1000
20220817-045104
loosing coalitions taken
[1, 3, 7, 13, 22]
[2, 3, 6, 15, 27]
[1, 2, 8, 14, 17]
[1, 2, 7, 11, 23]
[1, 5, 6, 16, 17]
[1, 4, 7, 10, 18]
[3, 4, 6, 7, 28]
[1, 3, 6, 24]
[2, 4, 6, 10, 21]
[1, 4, 8, 9, 12]
[3, 4, 5, 9, 19]
[2, 4, 5, 14, 25]
[2, 3, 5, 22]
[1, 4, 5, 26, 27]
[16, 17, 18, 19, 20, 21, 22, 23, 24, 25, 26, 27, 28]


5
process id 5
stats
5, 15, 7, 100, 1000
20220817-045112
loosing coalitions taken
[1, 2, 8, 11, 16]
[1, 3, 7, 14, 19]
[3, 4, 6, 10, 21]
[1, 4, 7, 11, 15]
[2, 3, 5, 19]
[1, 2, 6, 22]
[1, 3, 9, 10, 12]
[2, 4, 5, 17]
[1, 5, 6, 14, 17]
[1, 4, 6, 26]
[1, 2, 7, 9]
[2, 3, 6, 14]
[2, 3, 4, 27]
[1, 4, 5, 20]
[16, 17, 18, 19, 20, 21, 22, 23, 24, 25, 26, 27, 28]


5
process id 0
stats
5, 15, 7, 100, 1000
20220817-045119
loosing coalitions taken
[2, 3, 6, 13]
[1, 5, 6, 16, 18]
[1, 2, 7, 11, 21]
[1, 4, 8, 13, 14]
[1, 3, 8, 10, 15]
[1, 4, 7, 12, 15]
[1, 3, 7, 9, 17]
[1, 2, 9, 10, 14]
[1, 4, 6, 25]
[1, 2, 8, 12, 20]
[2, 3, 5, 17]
[3, 4, 5, 12, 19]
[2, 4, 6, 8]
[2, 4, 5, 13]
[16, 17, 18, 19, 20, 21, 22, 23, 24, 25, 26, 27, 28]


5
process id 4
stats
5, 15, 7, 100, 1000
20220817-045219
loosing coalitions taken
[1, 2, 7, 13, 18]
[1, 2, 9, 10, 14]
[1, 5, 6, 9, 21]
[2, 3, 6, 11, 28]
[2, 3, 5, 18]
[2, 4, 6, 14, 20]
[1, 4, 7, 11, 14]
[3, 4, 6, 7, 23]
[1, 4, 8, 9, 13]
[1, 3, 7, 10, 17]
[1, 3, 8, 12, 14]
[1, 3, 6, 24]
[1, 2, 8, 15, 17]
[1, 4, 5, 22]
[16, 17, 18, 19, 20, 21, 22, 23, 24, 25, 26, 27, 28]


5
process id 5
stats
5, 15, 7, 100, 1000
20220817-045456
loosing coalitions taken
[1, 5, 6, 9, 26]
[2, 4, 5, 20, 28]
[1, 2, 8, 15, 16]
[3, 4, 6, 12, 21]
[1, 3, 7, 16, 19]
[1, 3, 8, 9, 11]
[2, 3, 5, 21]
[1, 3, 5, 28]
[3, 4, 5, 17, 18]
[2, 3, 4, 26]
[1, 4, 7, 8, 21]
[2, 3, 6, 15, 23]
[1, 2, 7, 12, 17]
[1, 4, 6, 11]
[16, 17, 18, 19, 20, 21, 22, 23, 24, 25, 26, 27, 28]


6
process id 3
stats
5, 15, 7, 100, 1000
20220817-045519
loosing coalitions taken
[1, 5, 6, 11, 25]
[1, 4, 7, 9, 17]
[3, 4, 5, 8, 23]
[3, 4, 6, 9, 22]
[2, 3, 5, 20]
[1, 4, 8, 10, 14]
[1, 4, 5, 26]
[1, 3, 7, 11, 13]
[1, 3, 8, 9, 15]
[1, 3, 6, 16]
[2, 4, 6, 12, 19]
[1, 2, 8, 13, 17]
[1, 2, 7, 14, 15]
[1, 2, 9, 11, 12]
[16, 17, 18, 19, 20, 21, 22, 23, 24, 25, 26, 27, 28]


6
process id 0
stats
5, 15, 7, 100, 1000
20220817-045609
loosing coalitions taken
[3, 4, 5, 17, 25]
[1, 5, 6, 15, 18]
[1, 3, 8, 12, 14]
[2, 3, 6, 16, 23]
[1, 4, 8, 9, 13]
[3, 4, 6, 11, 15]
[1, 3, 7, 11, 17]
[2, 4, 5, 21, 26]
[1, 4, 7, 12, 15]
[2, 3, 5, 18, 24]
[1, 4, 5, 23]
[2, 4, 6, 13, 19]
[1, 2, 7, 9]
[2, 3, 4, 27]
[16, 17, 18, 19, 20, 21, 22, 23, 24, 25, 26, 27, 28]


5
process id 3
stats
5, 15, 7, 100, 1000
20220817-045645
loosing coalitions taken
[1, 2, 9, 10, 14]
[1, 5, 6, 9, 23]
[1, 3, 7, 10, 24]
[1, 4, 7, 14, 16]
[3, 4, 6, 10, 20]
[1, 4, 6, 28]
[2, 3, 5, 19]
[1, 2, 8, 12, 17]
[1, 3, 8, 11, 14]
[1, 4, 5, 25]
[2, 3, 6, 9, 27]
[2, 4, 5, 12]
[1, 3, 6, 22]
[3, 4, 5, 11, 27]
[16, 17, 18, 19, 20, 21, 22, 23, 24, 25, 26, 27, 28]


5
process id 0
stats
5, 15, 7, 100, 1000
20220817-045645
loosing coalitions taken
[2, 4, 6, 8, 28]
[1, 3, 8, 10, 15]
[1, 4, 7, 11, 14]
[1, 2, 8, 13, 20]
[1, 2, 10, 11, 12]
[2, 3, 5, 25, 28]
[3, 4, 5, 17, 26]
[2, 4, 5, 15, 27]
[1, 2, 7, 9, 27]
[2, 3, 6, 14]
[1, 5, 6, 13, 21]
[1, 4, 6, 16, 23]
[1, 4, 5, 25]
[1, 3, 7, 12, 21]
[16, 17, 18, 19, 20, 21, 22, 23, 24, 25, 26, 27, 28]


5
process id 4
stats
5, 15, 7, 100, 1000
20220817-045714
loosing coalitions taken
[2, 4, 5, 17]
[1, 3, 7, 11, 18]
[2, 3, 6, 9]
[1, 2, 8, 11, 19]
[1, 3, 8, 14, 16]
[1, 2, 7, 15, 20]
[3, 4, 5, 13, 28]
[2, 4, 6, 8, 22]
[1, 4, 6, 27]
[1, 4, 5, 21]
[1, 3, 6, 25]
[1, 4, 7, 8, 28]
[2, 3, 5, 19]
[1, 2, 9, 10, 14]
[16, 17, 18, 19, 20, 21, 22, 23, 24, 25, 26, 27, 28]


5
process id 5
stats
5, 15, 7, 100, 1000
20220817-045714
loosing coalitions taken
[1, 2, 7, 11, 27]
[1, 3, 8, 10, 17]
[1, 3, 7, 16, 18]
[1, 5, 6, 13, 20]
[1, 4, 7, 8]
[2, 4, 5, 20]
[2, 3, 5, 16, 19]
[3, 4, 5, 17, 26]
[3, 4, 6, 9, 19]
[1, 4, 6, 17]
[2, 3, 6, 12, 28]
[1, 4, 5, 28]
[1, 2, 8, 9, 12]
[2, 4, 6, 8, 24]
[16, 17, 18, 19, 20, 21, 22, 23, 24, 25, 26, 27, 28]


5
process id 2
stats
5, 15, 7, 100, 1000
20220817-045821
loosing coalitions taken
[2, 4, 6, 15, 21]
[1, 2, 8, 11, 17]
[1, 4, 7, 11, 15]
[2, 3, 6, 12]
[1, 2, 7, 9, 18]
[1, 3, 7, 13, 22]
[1, 4, 5, 24]
[2, 3, 5, 21]
[1, 5, 6, 14, 19]
[1, 2, 6, 16]
[2, 4, 5, 10, 27]
[1, 4, 8, 12, 13]
[3, 4, 6, 8, 27]
[3, 4, 5, 19, 25]
[16, 17, 18, 19, 20, 21, 22, 23, 24, 25, 26, 27, 28]


5
process id 1
stats
5, 15, 7, 100, 1000
20220817-045904
loosing coalitions taken
[1, 2, 10, 11, 13]
[1, 2, 7, 12, 25]
[1, 2, 8, 9, 20]
[1, 4, 7, 11, 14]
[3, 4, 6, 14, 19]
[2, 3, 5, 21, 28]
[1, 3, 7, 15, 20]
[2, 4, 5, 19]
[1, 4, 6, 27]
[1, 3, 8, 11, 19]
[2, 3, 6, 12]
[1, 4, 5, 26]
[2, 3, 4, 26]
[1, 3, 6, 24]
[16, 17, 18, 19, 20, 21, 22, 23, 24, 25, 26, 27, 28]


5
process id 5
stats
5, 15, 7, 100, 1000
20220817-045906
loosing coalitions taken
[1, 3, 8, 10, 18]
[1, 4, 7, 13, 15]
[1, 2, 7, 10, 28]
[1, 3, 7, 16, 19]
[1, 2, 9, 11, 12]
[2, 4, 5, 11, 23]
[2, 3, 5, 14, 27]
[3, 4, 5, 12, 16]
[2, 3, 6, 13]
[1, 4, 6, 22, 23]
[1, 2, 6, 20]
[1, 4, 5, 26]
[2, 3, 4, 28]
[1, 5, 6, 8]
[16, 17, 18, 19, 20, 21, 22, 23, 24, 25, 26, 27, 28]


5
process id 1
stats
5, 15, 7, 100, 1000
20220817-045958
loosing coalitions taken
[1, 3, 9, 10, 11]
[1, 5, 6, 13, 23]
[3, 4, 6, 8, 22]
[1, 2, 8, 12, 13]
[1, 2, 7, 9]
[1, 3, 8, 14, 16]
[2, 3, 5, 20]
[1, 3, 6, 28]
[2, 4, 6, 9, 24]
[3, 4, 5, 7]
[1, 4, 6, 27]
[2, 3, 6, 12]
[2, 4, 5, 19, 28]
[1, 4, 5, 22]
[16, 17, 18, 19, 20, 21, 22, 23, 24, 25, 26, 27, 28]


5
process id 6
stats
5, 15, 7, 100, 1000
20220817-050005
loosing coalitions taken
[2, 3, 6, 10, 28]
[1, 2, 9, 10, 13]
[2, 5, 6, 7, 16]
[1, 4, 6, 24, 25]
[1, 2, 8, 12, 14]
[1, 4, 8, 10, 15]
[1, 3, 7, 12, 22]
[1, 3, 8, 11, 17]
[1, 2, 7, 15, 17]
[1, 5, 6, 9, 19]
[2, 3, 7, 8, 9]
[2, 3, 5, 11]
[1, 4, 5, 20]
[1, 3, 6, 27]
[16, 17, 18, 19, 20, 21, 22, 23, 24, 25, 26, 27, 28]


