Results
15
0.632
0.62

5
process id 0
stats
5, 15, 7, 100, 1000
20220817-021936
loosing coalitions taken
[2, 4, 5, 18, 24]
[1, 3, 8, 11, 19]
[1, 3, 7, 12, 20]
[1, 5, 6, 9, 22]
[1, 4, 8, 12, 14]
[1, 4, 7, 10, 13]
[3, 4, 5, 14, 25]
[1, 2, 8, 10, 21]
[1, 2, 7, 9, 26]
[3, 4, 6, 12, 19]
[2, 3, 6, 11, 20]
[1, 2, 6, 18, 28]
[2, 3, 5, 21]
[1, 4, 5, 27]
[16, 17, 18, 19, 20, 21, 22, 23, 24, 25, 26, 27, 28]


5
process id 3
stats
5, 15, 7, 100, 1000
20220817-021942
loosing coalitions taken
[2, 3, 6, 12]
[1, 4, 7, 8, 27]
[2, 4, 5, 16, 27]
[1, 4, 6, 23]
[1, 3, 8, 9, 17]
[1, 2, 7, 11, 25]
[1, 3, 7, 13, 18]
[1, 5, 6, 11, 20]
[2, 3, 5, 9, 20]
[1, 4, 5, 21]
[1, 3, 6, 25, 27]
[1, 2, 8, 10, 20]
[3, 4, 5, 17, 28]
[2, 3, 4, 26]
[16, 17, 18, 19, 20, 21, 22, 23, 24, 25, 26, 27, 28]


5
process id 2
stats
5, 15, 7, 100, 1000
20220817-022026
loosing coalitions taken
[3, 4, 6, 9, 20]
[2, 3, 7, 8, 10]
[1, 4, 7, 13, 16]
[1, 3, 7, 9, 23]
[2, 3, 5, 19]
[1, 5, 6, 10, 25]
[1, 4, 6, 24]
[1, 2, 6, 27]
[2, 4, 5, 16]
[2, 3, 4, 25]
[1, 3, 8, 11, 18]
[3, 4, 5, 12, 28]
[1, 4, 8, 9, 14]
[1, 3, 5, 26]
[16, 17, 18, 19, 20, 21, 22, 23, 24, 25, 26, 27, 28]


5
process id 1
stats
5, 15, 7, 100, 1000
20220817-022121
loosing coalitions taken
[3, 4, 5, 12, 19]
[3, 4, 6, 11, 20]
[2, 3, 6, 8]
[1, 5, 6, 13, 23]
[1, 4, 8, 10, 15]
[1, 2, 7, 17, 18]
[2, 3, 5, 21, 27]
[1, 3, 5, 26]
[1, 3, 7, 8, 28]
[1, 2, 8, 9, 13]
[1, 4, 6, 27]
[1, 4, 7, 12, 14]
[2, 4, 5, 13, 22]
[2, 4, 6, 14, 17]
[16, 17, 18, 19, 20, 21, 22, 23, 24, 25, 26, 27, 28]


5
process id 1
stats
5, 15, 7, 100, 1000
20220817-022331
loosing coalitions taken
[1, 3, 7, 11, 22]
[1, 3, 8, 9, 20]
[2, 4, 5, 21, 23]
[1, 2, 8, 12, 17]
[2, 3, 6, 12, 28]
[2, 4, 6, 8]
[1, 3, 6, 23, 25]
[1, 4, 7, 14, 16]
[1, 5, 6, 11, 24]
[1, 2, 10, 11, 14]
[3, 4, 5, 12, 26]
[2, 3, 5, 11]
[1, 2, 7, 13, 23]
[1, 4, 5, 28]
[16, 17, 18, 19, 20, 21, 22, 23, 24, 25, 26, 27, 28]


6
process id 7
stats
5, 15, 7, 100, 1000
20220817-022540
loosing coalitions taken
[1, 3, 7, 9, 17]
[2, 4, 6, 13, 22]
[3, 4, 6, 11, 18]
[2, 3, 6, 14]
[1, 2, 8, 9, 22]
[3, 4, 5, 16, 22]
[1, 3, 8, 13, 16]
[1, 2, 7, 13, 23]
[2, 4, 5, 15, 27]
[1, 4, 7, 12, 14]
[1, 5, 6, 15, 21]
[1, 4, 6, 25]
[1, 2, 10, 11, 12]
[1, 3, 5, 27]
[16, 17, 18, 19, 20, 21, 22, 23, 24, 25, 26, 27, 28]


6
process id 6
stats
5, 15, 7, 100, 1000
20220817-022754
loosing coalitions taken
[2, 4, 5, 20, 24]
[1, 3, 8, 9, 19]
[1, 2, 7, 10, 21]
[3, 4, 5, 10, 26]
[2, 4, 6, 8, 27]
[3, 4, 6, 11, 21]
[1, 4, 7, 12, 13]
[1, 3, 7, 11, 18]
[2, 3, 5, 25, 27]
[1, 5, 6, 10, 23]
[2, 3, 6, 12]
[1, 4, 6, 24]
[1, 2, 8, 11, 15]
[1, 3, 5, 28]
[16, 17, 18, 19, 20, 21, 22, 23, 24, 25, 26, 27, 28]


5
process id 7
stats
5, 15, 7, 100, 1000
20220817-022843
loosing coalitions taken
[1, 3, 7, 14, 17]
[3, 4, 5, 20, 21]
[2, 3, 5, 24, 28]
[2, 4, 5, 16, 27]
[2, 3, 6, 10, 21]
[1, 4, 8, 10, 14]
[1, 2, 8, 15, 16]
[3, 4, 6, 9, 13]
[1, 3, 8, 12, 19]
[1, 2, 9, 10, 11]
[1, 3, 6, 18, 25]
[1, 4, 7, 13, 15]
[1, 4, 5, 24]
[1, 2, 7, 12, 18]
[16, 17, 18, 19, 20, 21, 22, 23, 24, 25, 26, 27, 28]


