Results
15
0.633
0.62

5
process id 3
stats
5, 15, 7, 100, 1000
20220817-022936
loosing coalitions taken
[1, 4, 8, 10, 15]
[1, 2, 7, 12, 21]
[2, 4, 6, 13, 20]
[2, 4, 5, 12, 25]
[1, 2, 8, 11, 18]
[1, 4, 7, 11, 14]
[3, 4, 6, 7, 23]
[1, 3, 7, 10, 18]
[3, 4, 5, 15, 19]
[1, 4, 5, 26]
[2, 3, 6, 10, 25]
[1, 2, 6, 19, 23]
[2, 3, 5, 21]
[1, 3, 8, 9, 19]
[16, 17, 18, 19, 20, 21, 22, 23, 24, 25, 26, 27, 28]


5
process id 0
stats
5, 15, 7, 100, 1000
20220817-022940
loosing coalitions taken
[1, 4, 7, 12, 14]
[3, 4, 6, 13, 17]
[2, 4, 5, 19]
[1, 3, 8, 12, 18]
[1, 4, 8, 9, 10]
[2, 3, 6, 11]
[1, 2, 7, 10, 28]
[1, 2, 8, 13, 14]
[2, 3, 5, 20, 28]
[1, 5, 6, 11, 21]
[1, 3, 6, 24]
[3, 4, 5, 11]
[2, 4, 6, 12, 22]
[1, 3, 5, 26]
[16, 17, 18, 19, 20, 21, 22, 23, 24, 25, 26, 27, 28]


6
process id 3
stats
5, 15, 7, 100, 1000
20220817-022952
loosing coalitions taken
[1, 2, 8, 9, 21]
[1, 3, 8, 11, 17]
[1, 2, 10, 11, 14]
[2, 4, 5, 14]
[1, 3, 9, 10, 12]
[2, 3, 6, 11]
[1, 5, 6, 10, 16]
[1, 2, 7, 13, 24]
[1, 4, 7, 9, 15]
[3, 4, 5, 13]
[2, 3, 5, 15, 26]
[1, 4, 5, 25]
[1, 4, 6, 28]
[1, 3, 6, 24]
[16, 17, 18, 19, 20, 21, 22, 23, 24, 25, 26, 27, 28]


6
process id 5
stats
5, 15, 7, 100, 1000
20220817-022957
loosing coalitions taken
[2, 3, 6, 15, 23]
[1, 3, 7, 9, 17]
[1, 2, 7, 16, 19]
[1, 2, 9, 10, 11]
[1, 5, 6, 16, 20]
[2, 4, 5, 16, 28]
[1, 4, 6, 22, 28]
[1, 3, 6, 21]
[1, 4, 7, 10, 14]
[3, 4, 5, 12, 18]
[1, 4, 5, 27]
[2, 3, 5, 25]
[1, 2, 8, 12, 17]
[2, 4, 6, 14, 19]
[16, 17, 18, 19, 20, 21, 22, 23, 24, 25, 26, 27, 28]


5
process id 5
stats
5, 15, 7, 100, 1000
20220817-023038
loosing coalitions taken
[1, 2, 7, 11, 23]
[1, 2, 9, 10, 14]
[1, 3, 8, 10, 16]
[1, 3, 7, 15, 19]
[1, 4, 7, 8]
[3, 4, 6, 11, 20]
[2, 4, 6, 9, 24]
[2, 3, 6, 17, 19]
[2, 4, 5, 15, 28]
[2, 3, 5, 13, 27]
[1, 5, 6, 15, 18]
[1, 2, 6, 22]
[3, 4, 5, 18, 21]
[2, 3, 4, 25]
[16, 17, 18, 19, 20, 21, 22, 23, 24, 25, 26, 27, 28]


5
process id 4
stats
5, 15, 7, 100, 1000
20220817-023100
loosing coalitions taken
[1, 3, 7, 16, 18]
[1, 2, 8, 14, 17]
[1, 2, 7, 12, 26]
[2, 3, 6, 15, 25]
[3, 4, 6, 8, 26]
[1, 3, 8, 9, 19]
[1, 4, 8, 10, 12]
[2, 4, 6, 10, 20]
[2, 3, 5, 27, 28]
[2, 4, 5, 15, 22]
[3, 4, 5, 13, 16]
[1, 4, 5, 23]
[1, 3, 6, 17]
[1, 2, 10, 11, 13]
[16, 17, 18, 19, 20, 21, 22, 23, 24, 25, 26, 27, 28]


5
process id 2
stats
5, 15, 7, 100, 1000
20220817-023105
loosing coalitions taken
[1, 2, 9, 12, 14]
[2, 3, 6, 19, 20]
[1, 3, 8, 11, 12]
[1, 2, 7, 15, 19]
[1, 2, 8, 10, 17]
[1, 3, 7, 9, 23]
[3, 4, 5, 17, 24]
[1, 5, 6, 13, 22]
[3, 4, 6, 12, 13]
[2, 4, 6, 15, 21]
[1, 3, 6, 24]
[2, 4, 5, 14, 25]
[2, 3, 5, 10]
[1, 4, 7, 8]
[16, 17, 18, 19, 20, 21, 22, 23, 24, 25, 26, 27, 28]


5
process id 5
stats
5, 15, 7, 100, 1000
20220817-023235
loosing coalitions taken
[1, 3, 8, 9, 18]
[1, 4, 7, 10, 15]
[1, 4, 8, 12, 13]
[2, 4, 5, 20]
[1, 2, 10, 11, 12]
[1, 2, 7, 8]
[1, 5, 6, 14, 21]
[1, 4, 6, 18, 24]
[2, 3, 5, 10]
[2, 3, 6, 11]
[1, 3, 5, 27]
[1, 3, 7, 11, 14]
[1, 2, 6, 25]
[3, 4, 5, 13]
[16, 17, 18, 19, 20, 21, 22, 23, 24, 25, 26, 27, 28]


5
process id 6
stats
5, 15, 7, 100, 1000
20220817-023239
loosing coalitions taken
[2, 4, 6, 13, 18]
[1, 2, 7, 12, 17]
[1, 3, 8, 10, 17]
[1, 4, 7, 8]
[3, 4, 6, 14, 20]
[3, 4, 5, 15]
[1, 3, 7, 15, 18]
[2, 3, 5, 16]
[2, 3, 6, 9]
[2, 3, 4, 26]
[1, 4, 5, 23, 24]
[1, 5, 6, 13, 21]
[1, 3, 6, 24]
[2, 4, 5, 10, 28]
[16, 17, 18, 19, 20, 21, 22, 23, 24, 25, 26, 27, 28]


5
process id 7
stats
5, 15, 7, 100, 1000
20220817-023314
loosing coalitions taken
[1, 2, 7, 12, 19]
[1, 3, 8, 10, 11]
[1, 2, 8, 9, 21]
[3, 4, 5, 17, 24]
[2, 4, 5, 18]
[1, 4, 8, 12, 13]
[2, 3, 6, 16, 23]
[1, 5, 6, 15, 21]
[3, 4, 6, 10, 19]
[1, 4, 6, 26]
[2, 3, 4, 26]
[1, 4, 5, 25]
[1, 3, 7, 9, 22]
[1, 3, 6, 27]
[16, 17, 18, 19, 20, 21, 22, 23, 24, 25, 26, 27, 28]


5
process id 6
stats
5, 15, 7, 100, 1000
20220817-023451
loosing coalitions taken
[1, 3, 7, 10, 22]
[1, 2, 7, 16, 18]
[2, 3, 6, 14, 26]
[1, 2, 8, 13, 15]
[1, 3, 8, 11, 16]
[2, 4, 6, 16, 17]
[1, 5, 6, 9, 25]
[1, 2, 10, 11, 12]
[2, 4, 5, 10]
[2, 3, 5, 24]
[2, 3, 4, 25]
[3, 4, 5, 15, 26]
[1, 4, 6, 28]
[1, 3, 6, 24]
[16, 17, 18, 19, 20, 21, 22, 23, 24, 25, 26, 27, 28]


5
process id 1
stats
5, 15, 7, 100, 1000
20220817-023643
loosing coalitions taken
[2, 4, 5, 18, 25]
[1, 5, 6, 11, 22]
[2, 4, 6, 10, 23]
[1, 4, 6, 27]
[1, 2, 7, 15, 17]
[1, 2, 9, 12, 14]
[2, 3, 6, 9]
[1, 3, 7, 13, 18]
[1, 2, 8, 13, 19]
[1, 4, 7, 8]
[1, 4, 5, 26]
[2, 3, 5, 23]
[3, 4, 5, 10]
[3, 4, 6, 11, 12]
[16, 17, 18, 19, 20, 21, 22, 23, 24, 25, 26, 27, 28]


5
process id 0
stats
5, 15, 7, 100, 1000
20220817-023656
loosing coalitions taken
[1, 3, 7, 13, 16]
[3, 4, 6, 13, 14]
[1, 3, 8, 9, 19]
[1, 4, 8, 12, 13]
[1, 4, 7, 9, 18]
[2, 3, 5, 16]
[1, 2, 8, 10, 18]
[1, 2, 7, 12, 17]
[1, 3, 6, 18]
[2, 3, 6, 11]
[1, 5, 6, 12, 20]
[2, 3, 4, 28]
[2, 4, 5, 22, 23]
[1, 4, 5, 28]
[16, 17, 18, 19, 20, 21, 22, 23, 24, 25, 26, 27, 28]


6
process id 6
stats
5, 15, 7, 100, 1000
20220817-023703
loosing coalitions taken
[1, 4, 6, 28]
[1, 2, 7, 9, 25]
[1, 3, 8, 10, 17]
[1, 3, 6, 22, 23]
[1, 5, 6, 14, 20]
[1, 3, 7, 12, 18]
[2, 3, 5, 12]
[3, 4, 5, 14, 26]
[3, 4, 6, 8]
[1, 2, 10, 12, 14]
[2, 4, 5, 11]
[2, 3, 6, 9]
[2, 3, 4, 27]
[1, 4, 5, 21]
[16, 17, 18, 19, 20, 21, 22, 23, 24, 25, 26, 27, 28]


5
process id 1
stats
5, 15, 7, 100, 1000
20220817-023704
loosing coalitions taken
[1, 2, 8, 13, 20]
[2, 4, 6, 10, 22]
[3, 4, 6, 11, 12]
[1, 3, 7, 10, 13]
[2, 3, 5, 19, 26]
[3, 4, 5, 13, 27]
[1, 5, 6, 12, 24]
[2, 4, 5, 15]
[2, 3, 6, 9]
[1, 2, 7, 11, 27]
[1, 4, 6, 23, 26]
[1, 3, 8, 12, 17]
[1, 4, 7, 8]
[1, 3, 5, 28]
[16, 17, 18, 19, 20, 21, 22, 23, 24, 25, 26, 27, 28]


5
process id 7
stats
5, 15, 7, 100, 1000
20220817-023743
loosing coalitions taken
[1, 3, 8, 12, 13]
[1, 3, 6, 25, 27]
[1, 3, 7, 9, 23]
[1, 2, 7, 13, 25]
[1, 2, 9, 11, 14]
[1, 5, 6, 9, 24]
[2, 3, 6, 15, 24]
[2, 4, 6, 14, 22]
[1, 4, 7, 8, 21]
[1, 4, 5, 22, 27]
[2, 3, 5, 21, 27]
[2, 4, 5, 17, 26]
[3, 4, 5, 12, 18]
[2, 3, 4, 25]
[16, 17, 18, 19, 20, 21, 22, 23, 24, 25, 26, 27, 28]


6
process id 5
stats
5, 15, 7, 100, 1000
20220817-023831
loosing coalitions taken
[3, 4, 6, 11, 19]
[2, 4, 5, 21, 26]
[2, 3, 6, 13, 20]
[1, 2, 9, 10, 14]
[1, 3, 7, 12, 21]
[1, 2, 8, 12, 20]
[1, 4, 8, 10, 13]
[2, 4, 6, 8]
[1, 4, 7, 9, 18]
[1, 5, 6, 9, 25]
[1, 3, 6, 24]
[2, 3, 5, 23]
[1, 4, 5, 28]
[1, 2, 7, 11, 27]
[16, 17, 18, 19, 20, 21, 22, 23, 24, 25, 26, 27, 28]


5
process id 6
stats
5, 15, 7, 100, 1000
20220817-023839
loosing coalitions taken
[1, 4, 6, 28]
[2, 3, 6, 10]
[1, 2, 7, 13, 19]
[1, 3, 8, 12, 15]
[1, 3, 7, 9, 24]
[2, 4, 5, 14, 25]
[1, 2, 8, 11, 18]
[3, 4, 5, 13]
[1, 4, 5, 22]
[2, 4, 6, 9, 18]
[1, 3, 6, 26]
[2, 3, 4, 26]
[2, 3, 5, 23, 27]
[1, 4, 7, 10, 18]
[16, 17, 18, 19, 20, 21, 22, 23, 24, 25, 26, 27, 28]


