Results
15
0.634
0.62

5
process id 7
stats
5, 15, 7, 100, 1000
20220817-024027
loosing coalitions taken
[1, 4, 6, 27]
[2, 3, 5, 24]
[1, 2, 8, 11, 19]
[1, 3, 7, 11, 17]
[2, 4, 5, 18, 28]
[1, 2, 7, 12, 25]
[2, 3, 6, 14]
[3, 4, 5, 15]
[1, 3, 8, 10, 14]
[2, 3, 4, 27]
[1, 3, 6, 23, 26]
[1, 4, 8, 9, 15]
[2, 4, 6, 9, 11]
[1, 4, 5, 25]
[16, 17, 18, 19, 20, 21, 22, 23, 24, 25, 26, 27, 28]


6
process id 3
stats
5, 15, 7, 100, 1000
20220817-024028
loosing coalitions taken
[1, 4, 7, 11, 16]
[1, 3, 8, 13, 16]
[1, 3, 7, 14, 19]
[1, 2, 9, 10, 12]
[3, 4, 6, 11, 18]
[1, 5, 6, 13, 15]
[1, 4, 6, 26, 28]
[2, 3, 6, 14]
[3, 4, 5, 19, 26]
[2, 4, 5, 20]
[1, 2, 7, 15, 18]
[1, 2, 8, 11, 21]
[1, 4, 8, 9, 15]
[1, 3, 5, 27, 28]
[16, 17, 18, 19, 20, 21, 22, 23, 24, 25, 26, 27, 28]


6
process id 3
stats
5, 15, 7, 100, 1000
20220817-024124
loosing coalitions taken
[1, 4, 8, 11, 14]
[2, 4, 6, 13, 21]
[1, 2, 7, 11, 23]
[1, 4, 7, 10, 13]
[1, 4, 6, 25, 27]
[1, 3, 7, 15, 20]
[1, 5, 6, 12, 22]
[2, 5, 6, 8, 10]
[1, 2, 8, 12, 13]
[3, 4, 5, 15, 22]
[2, 3, 5, 16, 26]
[3, 4, 6, 11, 17]
[2, 3, 6, 9]
[2, 4, 5, 20]
[16, 17, 18, 19, 20, 21, 22, 23, 24, 25, 26, 27, 28]


5
process id 4
stats
5, 15, 7, 100, 1000
20220817-024142
loosing coalitions taken
[1, 5, 6, 14, 22]
[2, 3, 5, 26, 28]
[2, 4, 6, 16, 18]
[3, 4, 6, 15, 17]
[1, 3, 7, 13, 18]
[1, 3, 8, 12, 16]
[1, 4, 7, 9, 14]
[2, 3, 7, 8, 10]
[1, 4, 6, 20]
[3, 4, 5, 10, 19]
[2, 3, 6, 12]
[2, 4, 5, 9, 21]
[1, 2, 7, 15, 16]
[1, 3, 5, 27]
[16, 17, 18, 19, 20, 21, 22, 23, 24, 25, 26, 27, 28]


5
process id 7
stats
5, 15, 7, 100, 1000
20220817-024157
loosing coalitions taken
[1, 2, 7, 16, 21]
[2, 4, 6, 12, 19]
[1, 3, 7, 12, 17]
[2, 3, 5, 21, 26]
[2, 3, 6, 14]
[1, 4, 7, 13, 15]
[3, 4, 5, 10, 17]
[1, 3, 8, 13, 16]
[1, 2, 8, 10, 20]
[2, 4, 5, 16]
[1, 4, 6, 27, 28]
[1, 5, 6, 9, 26]
[1, 4, 8, 9, 11]
[1, 3, 5, 28]
[16, 17, 18, 19, 20, 21, 22, 23, 24, 25, 26, 27, 28]


5
process id 3
stats
5, 15, 7, 100, 1000
20220817-024333
loosing coalitions taken
[1, 4, 7, 8, 21]
[1, 3, 8, 9, 17]
[1, 2, 8, 10, 18]
[1, 4, 6, 23]
[1, 3, 7, 14, 19]
[1, 2, 7, 12, 13]
[3, 4, 5, 11]
[2, 3, 5, 12]
[2, 3, 6, 13]
[2, 4, 6, 16, 18]
[2, 4, 5, 15, 27]
[1, 3, 6, 15]
[2, 3, 4, 26]
[1, 4, 5, 22]
[16, 17, 18, 19, 20, 21, 22, 23, 24, 25, 26, 27, 28]


5
process id 3
stats
5, 15, 7, 100, 1000
20220817-024537
loosing coalitions taken
[1, 2, 7, 11, 25]
[3, 4, 6, 12, 21]
[1, 2, 8, 9, 17]
[1, 3, 9, 10, 12]
[1, 4, 8, 10, 15]
[1, 5, 6, 14, 19]
[2, 4, 6, 8]
[1, 4, 7, 14, 16]
[1, 4, 5, 26]
[1, 3, 6, 17]
[2, 3, 5, 11, 27]
[3, 4, 5, 10]
[2, 4, 5, 20]
[1, 3, 7, 8, 20]
[16, 17, 18, 19, 20, 21, 22, 23, 24, 25, 26, 27, 28]


5
process id 2
stats
5, 15, 7, 100, 1000
20220817-024631
loosing coalitions taken
[1, 5, 6, 10, 24]
[1, 2, 8, 9, 15]
[1, 3, 8, 10, 12]
[2, 3, 6, 13, 21]
[3, 4, 5, 10, 26]
[2, 3, 5, 22, 27]
[1, 4, 7, 11, 17]
[1, 2, 7, 14, 23]
[1, 3, 7, 9, 18]
[1, 4, 8, 13, 14]
[3, 4, 6, 14, 19]
[2, 4, 5, 15, 20]
[1, 4, 5, 22]
[1, 3, 6, 16, 28]
[16, 17, 18, 19, 20, 21, 22, 23, 24, 25, 26, 27, 28]


5
process id 5
stats
5, 15, 7, 100, 1000
20220817-024648
loosing coalitions taken
[1, 4, 7, 10, 18]
[1, 3, 7, 12, 20]
[2, 3, 6, 13]
[1, 2, 7, 11, 26]
[1, 4, 6, 27]
[2, 3, 5, 12, 27]
[3, 4, 5, 16, 22]
[1, 3, 8, 10, 17]
[2, 4, 5, 13]
[1, 2, 8, 14, 15]
[1, 5, 6, 8]
[1, 4, 5, 23]
[2, 4, 6, 11, 21]
[1, 3, 6, 16]
[16, 17, 18, 19, 20, 21, 22, 23, 24, 25, 26, 27, 28]


6
process id 0
stats
5, 15, 7, 100, 1000
20220817-024755
loosing coalitions taken
[2, 3, 6, 9]
[1, 3, 7, 12, 22]
[1, 2, 7, 11, 21]
[2, 4, 5, 16, 26]
[3, 4, 5, 18, 25]
[1, 3, 8, 13, 14]
[1, 2, 8, 10, 18]
[1, 4, 5, 24]
[1, 4, 6, 28]
[1, 3, 6, 21]
[2, 4, 6, 14, 15]
[2, 3, 5, 23, 24]
[1, 5, 6, 10, 25]
[1, 2, 9, 12, 13]
[16, 17, 18, 19, 20, 21, 22, 23, 24, 25, 26, 27, 28]


5
process id 2
stats
5, 15, 7, 100, 1000
20220817-024821
loosing coalitions taken
[2, 3, 6, 14]
[1, 5, 6, 12, 24]
[1, 4, 6, 26]
[1, 3, 7, 11, 18]
[1, 2, 7, 9]
[2, 3, 5, 16, 26]
[3, 4, 5, 9, 18]
[1, 3, 8, 12, 13]
[1, 2, 8, 10, 18]
[1, 2, 6, 21, 23]
[2, 3, 4, 28]
[1, 4, 5, 22]
[1, 4, 7, 8]
[2, 4, 5, 10]
[16, 17, 18, 19, 20, 21, 22, 23, 24, 25, 26, 27, 28]


5
process id 6
stats
5, 15, 7, 100, 1000
20220817-024823
loosing coalitions taken
[2, 4, 5, 16]
[1, 2, 7, 9, 24]
[2, 3, 7, 8, 10]
[1, 3, 7, 14, 21]
[1, 2, 10, 11, 14]
[1, 3, 8, 12, 16]
[1, 4, 6, 25]
[1, 2, 8, 13, 17]
[2, 3, 6, 11, 27]
[3, 4, 5, 13, 27]
[2, 3, 5, 17]
[1, 4, 5, 23]
[2, 4, 6, 10, 20]
[1, 3, 6, 20]
[16, 17, 18, 19, 20, 21, 22, 23, 24, 25, 26, 27, 28]


5
process id 1
stats
5, 15, 7, 100, 1000
20220817-024852
loosing coalitions taken
[1, 3, 8, 11, 18]
[1, 2, 7, 11, 17]
[1, 4, 7, 10, 13]
[2, 4, 5, 19]
[1, 3, 9, 10, 12]
[1, 2, 8, 10, 16]
[2, 3, 6, 13, 23]
[2, 3, 7, 8, 9]
[1, 3, 7, 14, 21]
[3, 4, 5, 20, 23]
[1, 2, 6, 20]
[2, 3, 5, 25]
[1, 4, 5, 21]
[1, 5, 6, 8]
[16, 17, 18, 19, 20, 21, 22, 23, 24, 25, 26, 27, 28]


