Results
15
0.635
0.62

6
process id 1
stats
5, 15, 7, 100, 1000
20220817-025021
loosing coalitions taken
[2, 3, 6, 13, 26]
[1, 3, 8, 12, 17]
[2, 3, 7, 8, 10]
[1, 4, 7, 11, 12]
[1, 3, 7, 13, 22]
[3, 4, 5, 19, 23]
[2, 4, 5, 15, 28]
[3, 4, 6, 14, 20]
[1, 2, 7, 15, 20]
[1, 2, 9, 10, 13]
[1, 5, 6, 9, 22]
[2, 3, 5, 24]
[1, 4, 5, 27]
[2, 4, 6, 12, 19]
[16, 17, 18, 19, 20, 21, 22, 23, 24, 25, 26, 27, 28]


6
process id 0
stats
5, 15, 7, 100, 1000
20220817-025212
loosing coalitions taken
[2, 4, 6, 10, 24]
[1, 3, 7, 9, 21]
[1, 2, 7, 11, 18]
[3, 4, 6, 14, 15]
[1, 2, 8, 14, 20]
[1, 3, 8, 10, 11]
[3, 4, 5, 16]
[1, 4, 7, 8, 24]
[2, 3, 6, 13]
[1, 5, 6, 11, 19]
[2, 4, 5, 21, 25]
[2, 3, 5, 22]
[1, 3, 6, 25]
[1, 4, 5, 23]
[16, 17, 18, 19, 20, 21, 22, 23, 24, 25, 26, 27, 28]


7
process id 7
stats
5, 15, 7, 100, 1000
20220817-025227
loosing coalitions taken
[1, 2, 9, 12, 13]
[1, 2, 8, 15, 17]
[1, 3, 7, 14, 16]
[1, 2, 7, 10, 25]
[1, 4, 7, 8]
[2, 3, 6, 12]
[1, 5, 6, 16, 18]
[3, 4, 5, 17, 22]
[2, 3, 5, 16, 28]
[1, 4, 5, 20]
[1, 4, 6, 24]
[2, 4, 6, 14, 20]
[1, 3, 6, 22, 23]
[2, 4, 5, 8, 26]
[16, 17, 18, 19, 20, 21, 22, 23, 24, 25, 26, 27, 28]


6
process id 3
stats
5, 15, 7, 100, 1000
20220817-025242
loosing coalitions taken
[1, 4, 8, 11, 12]
[3, 4, 5, 14, 26]
[2, 3, 5, 21]
[1, 2, 8, 9, 16]
[1, 3, 7, 10, 23]
[1, 4, 7, 13, 16]
[1, 3, 6, 28]
[1, 2, 10, 11, 14]
[1, 2, 7, 15, 22]
[1, 5, 6, 8, 26]
[2, 3, 4, 25]
[2, 4, 5, 17]
[2, 3, 6, 16, 22]
[1, 4, 5, 23, 27]
[16, 17, 18, 19, 20, 21, 22, 23, 24, 25, 26, 27, 28]


6
process id 6
stats
5, 15, 7, 100, 1000
20220817-025309
loosing coalitions taken
[1, 4, 7, 10, 16]
[3, 4, 6, 11, 18]
[1, 4, 6, 28]
[1, 3, 8, 9, 16]
[2, 4, 5, 16, 27]
[3, 4, 5, 12]
[2, 3, 6, 10, 26]
[1, 2, 7, 9]
[1, 4, 5, 24]
[2, 3, 5, 24, 28]
[1, 3, 6, 25]
[1, 5, 6, 13, 17]
[1, 2, 8, 13, 18]
[1, 3, 7, 12, 19]
[16, 17, 18, 19, 20, 21, 22, 23, 24, 25, 26, 27, 28]


5
process id 6
stats
5, 15, 7, 100, 1000
20220817-025428
loosing coalitions taken
[2, 3, 6, 13, 27]
[1, 3, 8, 12, 19]
[1, 2, 8, 15, 16]
[1, 3, 7, 14, 18]
[2, 4, 6, 14, 22]
[1, 4, 8, 9, 13]
[1, 5, 6, 14, 17]
[2, 3, 7, 8, 10]
[1, 4, 6, 15]
[2, 4, 5, 13, 24]
[1, 2, 7, 9, 21]
[3, 4, 5, 18, 23]
[1, 3, 5, 26]
[2, 3, 4, 28]
[16, 17, 18, 19, 20, 21, 22, 23, 24, 25, 26, 27, 28]


5
process id 7
stats
5, 15, 7, 100, 1000
20220817-025434
loosing coalitions taken
[1, 4, 7, 12, 15]
[2, 4, 6, 13, 22]
[1, 2, 7, 13, 21]
[1, 3, 7, 8]
[2, 3, 6, 11]
[1, 5, 6, 9, 26]
[1, 4, 6, 24]
[2, 4, 5, 9]
[1, 2, 6, 27]
[2, 3, 5, 25, 28]
[3, 4, 5, 20, 24]
[1, 4, 5, 25]
[1, 2, 8, 10, 17]
[2, 3, 4, 27]
[16, 17, 18, 19, 20, 21, 22, 23, 24, 25, 26, 27, 28]


5
process id 3
stats
5, 15, 7, 100, 1000
20220817-025453
loosing coalitions taken
[2, 3, 6, 16, 21]
[1, 4, 8, 9, 14]
[2, 4, 6, 13, 22]
[2, 4, 5, 18]
[1, 3, 7, 11, 22]
[1, 5, 6, 9, 19]
[1, 2, 7, 10, 20]
[1, 3, 8, 15, 16]
[1, 2, 8, 11, 21]
[2, 3, 5, 17]
[3, 4, 5, 15, 23]
[1, 3, 9, 10, 12]
[1, 4, 6, 28]
[1, 2, 6, 24, 27]
[16, 17, 18, 19, 20, 21, 22, 23, 24, 25, 26, 27, 28]


5
process id 1
stats
5, 15, 7, 100, 1000
20220817-025508
loosing coalitions taken
[2, 4, 6, 12, 22]
[1, 4, 8, 11, 13]
[1, 5, 6, 15, 21]
[1, 3, 7, 11, 19]
[3, 4, 5, 17, 28]
[1, 4, 7, 9, 14]
[2, 4, 5, 20, 25]
[1, 2, 7, 16, 21]
[1, 3, 8, 9, 12]
[1, 4, 5, 26]
[3, 4, 6, 8]
[1, 2, 9, 10, 11]
[2, 3, 5, 9]
[1, 2, 6, 19]
[16, 17, 18, 19, 20, 21, 22, 23, 24, 25, 26, 27, 28]


5
process id 6
stats
5, 15, 7, 100, 1000
20220817-025510
loosing coalitions taken
[2, 4, 6, 12, 22]
[1, 2, 8, 12, 20]
[2, 3, 7, 8, 9]
[1, 3, 8, 10, 16]
[2, 3, 6, 14]
[1, 4, 7, 10, 17]
[1, 4, 8, 13, 14]
[3, 4, 5, 19, 26]
[1, 3, 7, 12, 21]
[1, 4, 6, 18]
[2, 4, 5, 11, 15]
[1, 2, 9, 10, 13]
[1, 3, 5, 28]
[1, 2, 7, 15, 22]
[16, 17, 18, 19, 20, 21, 22, 23, 24, 25, 26, 27, 28]


5
process id 5
stats
5, 15, 7, 100, 1000
20220817-025623
loosing coalitions taken
[1, 3, 8, 11, 16]
[3, 4, 5, 15]
[2, 3, 6, 14]
[1, 2, 7, 16, 19]
[1, 2, 8, 9, 22]
[1, 2, 10, 12, 13]
[1, 3, 7, 12, 22]
[2, 4, 6, 12, 20]
[1, 3, 6, 15]
[1, 4, 6, 28]
[2, 4, 5, 17, 28]
[2, 3, 5, 20, 25]
[1, 4, 5, 25]
[1, 4, 7, 8]
[16, 17, 18, 19, 20, 21, 22, 23, 24, 25, 26, 27, 28]


5
process id 3
stats
5, 15, 7, 100, 1000
20220817-025640
loosing coalitions taken
[1, 2, 8, 11, 16]
[1, 4, 7, 8, 26]
[1, 4, 6, 20, 21]
[2, 3, 5, 18, 26]
[1, 2, 7, 13, 25]
[2, 4, 5, 22, 23]
[1, 2, 9, 10, 12]
[3, 4, 5, 16, 20]
[1, 5, 6, 12, 17]
[1, 3, 8, 12, 15]
[1, 3, 7, 11, 21]
[2, 3, 6, 13, 24]
[2, 3, 4, 25]
[1, 3, 6, 27]
[16, 17, 18, 19, 20, 21, 22, 23, 24, 25, 26, 27, 28]


6
process id 2
stats
5, 15, 7, 100, 1000
20220817-025708
loosing coalitions taken
[1, 3, 8, 11, 19]
[1, 5, 6, 15, 17]
[1, 4, 7, 11, 15]
[3, 4, 6, 14, 19]
[1, 2, 9, 10, 12]
[1, 2, 8, 13, 18]
[1, 3, 7, 10, 18]
[1, 2, 7, 16, 21]
[2, 3, 6, 9, 27]
[3, 4, 5, 10, 24]
[2, 4, 5, 12, 26]
[2, 3, 5, 11, 28]
[1, 3, 6, 16]
[1, 4, 5, 25]
[16, 17, 18, 19, 20, 21, 22, 23, 24, 25, 26, 27, 28]


5
process id 2
stats
5, 15, 7, 100, 1000
20220817-025824
loosing coalitions taken
[2, 3, 6, 13, 28]
[1, 2, 7, 17, 18]
[1, 3, 8, 10, 15]
[2, 4, 5, 13, 27]
[3, 4, 5, 11, 26]
[2, 3, 5, 21]
[1, 4, 7, 8, 22]
[2, 4, 6, 10, 16]
[3, 4, 6, 8]
[1, 5, 6, 9, 26]
[1, 2, 8, 11, 20]
[1, 4, 5, 24]
[1, 2, 6, 23]
[1, 3, 7, 12, 14]
[16, 17, 18, 19, 20, 21, 22, 23, 24, 25, 26, 27, 28]


6
process id 2
stats
5, 15, 7, 100, 1000
20220817-025916
loosing coalitions taken
[1, 3, 7, 14, 20]
[2, 3, 6, 12]
[1, 2, 7, 17, 19]
[1, 5, 6, 13, 21]
[1, 3, 8, 9, 17]
[1, 4, 6, 25]
[2, 4, 5, 19]
[2, 3, 5, 9]
[2, 3, 4, 27]
[1, 2, 8, 10, 18]
[3, 4, 6, 14, 18]
[3, 4, 5, 16, 26]
[1, 2, 6, 22]
[1, 3, 5, 28]
[16, 17, 18, 19, 20, 21, 22, 23, 24, 25, 26, 27, 28]


5
process id 7
stats
5, 15, 7, 100, 1000
20220817-025929
loosing coalitions taken
[2, 4, 5, 18]
[1, 2, 8, 13, 16]
[1, 4, 7, 8, 28]
[1, 3, 8, 10, 17]
[3, 4, 6, 9, 17]
[1, 3, 7, 12, 16]
[2, 3, 6, 12, 23]
[1, 2, 7, 9]
[1, 4, 6, 13]
[1, 4, 5, 26]
[3, 4, 5, 7]
[1, 2, 10, 11, 12]
[1, 5, 6, 10, 25]
[2, 3, 5, 20]
[16, 17, 18, 19, 20, 21, 22, 23, 24, 25, 26, 27, 28]


