Results
15
0.636
0.62

5
process id 0
stats
5, 15, 7, 100, 1000
20220817-030006
loosing coalitions taken
[2, 3, 5, 24, 27]
[1, 2, 8, 14, 16]
[2, 4, 6, 13, 20]
[2, 3, 6, 12, 25]
[1, 2, 7, 10, 24]
[1, 4, 8, 9, 15]
[1, 2, 6, 26]
[2, 4, 5, 15, 18]
[3, 4, 5, 17, 26]
[1, 3, 7, 9, 18]
[1, 3, 8, 11, 12]
[1, 4, 5, 25, 28]
[1, 4, 7, 11, 14]
[3, 4, 6, 14, 16]
[16, 17, 18, 19, 20, 21, 22, 23, 24, 25, 26, 27, 28]


5
process id 2
stats
5, 15, 7, 100, 1000
20220817-030028
loosing coalitions taken
[2, 3, 5, 21, 26]
[1, 2, 7, 10, 22]
[1, 3, 8, 11, 15]
[2, 3, 6, 13]
[1, 4, 6, 28]
[1, 2, 8, 14, 18]
[1, 2, 6, 16]
[1, 5, 6, 11, 18]
[2, 4, 6, 15, 20]
[3, 4, 5, 14, 24]
[2, 3, 4, 28]
[2, 4, 5, 18]
[1, 3, 7, 9, 20]
[1, 3, 5, 28]
[16, 17, 18, 19, 20, 21, 22, 23, 24, 25, 26, 27, 28]


6
process id 1
stats
5, 15, 7, 100, 1000
20220817-030137
loosing coalitions taken
[1, 4, 8, 10, 13]
[2, 4, 5, 20, 25]
[2, 3, 7, 8, 10]
[1, 2, 7, 13, 25]
[1, 3, 8, 11, 17]
[1, 2, 8, 9, 19]
[2, 3, 5, 26, 27]
[3, 5, 6, 7, 14]
[1, 2, 10, 11, 12]
[2, 3, 6, 9]
[1, 3, 7, 15, 20]
[3, 4, 5, 16]
[1, 5, 6, 12, 23]
[1, 4, 6, 18]
[16, 17, 18, 19, 20, 21, 22, 23, 24, 25, 26, 27, 28]


6
process id 1
stats
5, 15, 7, 100, 1000
20220817-030406
loosing coalitions taken
[1, 2, 10, 11, 12]
[2, 4, 6, 16, 19]
[1, 4, 8, 9, 12]
[1, 3, 8, 10, 19]
[1, 2, 8, 15, 16]
[1, 5, 6, 11, 20]
[3, 4, 5, 20, 21]
[1, 3, 7, 14, 17]
[1, 2, 7, 9, 26]
[1, 4, 6, 24]
[2, 3, 5, 25, 27]
[2, 3, 6, 14, 23]
[2, 5, 6, 7, 13]
[2, 4, 5, 12, 23]
[16, 17, 18, 19, 20, 21, 22, 23, 24, 25, 26, 27, 28]


5
process id 5
stats
5, 15, 7, 100, 1000
20220817-030535
loosing coalitions taken
[1, 5, 6, 11, 25]
[1, 3, 8, 14, 15]
[2, 3, 7, 8, 10]
[3, 4, 5, 14]
[1, 2, 8, 13, 18]
[2, 3, 6, 9]
[1, 4, 8, 9, 12]
[1, 3, 7, 11, 21]
[1, 2, 7, 12, 19]
[1, 4, 6, 28]
[2, 3, 5, 20]
[2, 4, 6, 10, 21]
[1, 2, 6, 20]
[2, 4, 5, 12]
[16, 17, 18, 19, 20, 21, 22, 23, 24, 25, 26, 27, 28]


5
process id 1
stats
5, 15, 7, 100, 1000
20220817-030624
loosing coalitions taken
[2, 3, 6, 13, 28]
[1, 2, 7, 10, 27]
[2, 4, 5, 16, 28]
[1, 2, 9, 11, 12]
[2, 3, 5, 20]
[1, 3, 7, 9, 17]
[1, 2, 6, 21]
[1, 4, 6, 25]
[3, 4, 5, 9]
[2, 3, 4, 25]
[1, 4, 7, 11, 16]
[1, 4, 8, 10, 12]
[1, 5, 6, 8]
[1, 3, 5, 26]
[16, 17, 18, 19, 20, 21, 22, 23, 24, 25, 26, 27, 28]


5
process id 3
stats
5, 15, 7, 100, 1000
20220817-030638
loosing coalitions taken
[2, 3, 6, 13]
[1, 3, 7, 15, 20]
[1, 2, 7, 9, 19]
[3, 4, 5, 12, 27]
[1, 3, 9, 10, 12]
[1, 5, 6, 11, 25]
[1, 4, 7, 8]
[2, 4, 5, 15]
[2, 3, 5, 16]
[1, 2, 8, 15, 17]
[1, 4, 6, 17]
[1, 2, 6, 24]
[1, 4, 5, 22]
[2, 3, 4, 26]
[16, 17, 18, 19, 20, 21, 22, 23, 24, 25, 26, 27, 28]


5
process id 4
stats
5, 15, 7, 100, 1000
20220817-030645
loosing coalitions taken
[1, 3, 7, 12, 16]
[1, 5, 6, 10, 22]
[1, 3, 8, 14, 15]
[2, 4, 5, 16]
[1, 4, 6, 26]
[1, 2, 9, 12, 14]
[1, 3, 9, 10, 11]
[2, 3, 6, 13, 17]
[1, 4, 5, 27]
[1, 4, 7, 8]
[1, 2, 7, 10, 27]
[2, 3, 5, 20]
[1, 2, 8, 13, 16]
[2, 4, 6, 14, 18]
[16, 17, 18, 19, 20, 21, 22, 23, 24, 25, 26, 27, 28]


5
process id 3
stats
5, 15, 7, 100, 1000
20220817-030752
loosing coalitions taken
[1, 4, 6, 27]
[1, 2, 7, 16, 20]
[1, 2, 8, 11, 21]
[1, 3, 7, 9, 12]
[2, 3, 6, 13]
[2, 4, 5, 8]
[1, 3, 6, 20]
[3, 4, 5, 12, 28]
[1, 3, 5, 26]
[2, 3, 4, 27]
[2, 3, 5, 18, 21]
[1, 2, 10, 12, 13]
[1, 5, 6, 11, 22]
[1, 4, 7, 8, 15]
[16, 17, 18, 19, 20, 21, 22, 23, 24, 25, 26, 27, 28]


5
process id 3
stats
5, 15, 7, 100, 1000
20220817-030822
loosing coalitions taken
[2, 3, 6, 13]
[1, 3, 7, 14, 22]
[1, 4, 7, 12, 16]
[1, 5, 6, 14, 18]
[1, 3, 9, 10, 12]
[1, 2, 7, 15, 20]
[2, 4, 5, 12]
[1, 2, 10, 11, 14]
[1, 4, 6, 15]
[2, 3, 5, 21, 26]
[1, 4, 5, 27]
[2, 4, 6, 7]
[2, 3, 4, 28]
[3, 4, 6, 11, 19]
[16, 17, 18, 19, 20, 21, 22, 23, 24, 25, 26, 27, 28]


5
process id 6
stats
5, 15, 7, 100, 1000
20220817-030835
loosing coalitions taken
[2, 3, 6, 11]
[1, 3, 7, 15, 19]
[2, 4, 5, 18]
[1, 3, 8, 10, 18]
[1, 2, 8, 14, 17]
[1, 2, 7, 13, 20]
[1, 4, 7, 8, 16]
[3, 4, 5, 16, 17]
[1, 4, 6, 28]
[1, 4, 5, 23]
[1, 3, 6, 22]
[1, 2, 6, 21]
[2, 3, 5, 21, 26]
[2, 3, 4, 27]
[16, 17, 18, 19, 20, 21, 22, 23, 24, 25, 26, 27, 28]


6
process id 7
stats
5, 15, 7, 100, 1000
20220817-030905
loosing coalitions taken
[2, 4, 5, 18, 26]
[1, 2, 7, 11, 22]
[1, 5, 6, 14, 22]
[1, 2, 9, 10, 13]
[1, 4, 7, 12, 15]
[1, 3, 7, 10, 24]
[1, 3, 8, 9, 11]
[1, 4, 6, 28]
[2, 3, 5, 21, 25]
[3, 4, 5, 16, 19]
[2, 3, 6, 12, 26]
[1, 2, 8, 12, 20]
[1, 3, 5, 26]
[2, 3, 4, 27]
[16, 17, 18, 19, 20, 21, 22, 23, 24, 25, 26, 27, 28]


5
process id 2
stats
5, 15, 7, 100, 1000
20220817-030916
loosing coalitions taken
[3, 4, 6, 13, 17]
[1, 2, 8, 14, 19]
[1, 3, 8, 11, 15]
[1, 5, 6, 16, 19]
[1, 4, 6, 23]
[1, 2, 7, 11, 16]
[1, 3, 7, 10, 13]
[1, 3, 6, 28]
[2, 3, 5, 20]
[2, 4, 5, 15, 28]
[3, 4, 5, 11]
[2, 3, 4, 26]
[1, 4, 8, 10, 12]
[2, 3, 6, 16, 21]
[16, 17, 18, 19, 20, 21, 22, 23, 24, 25, 26, 27, 28]


