Results
15
0.637
0.62

5
process id 4
stats
5, 15, 7, 100, 1000
20220817-031106
loosing coalitions taken
[1, 3, 7, 15, 18]
[1, 2, 8, 13, 19]
[3, 4, 5, 16]
[1, 3, 8, 10, 17]
[1, 5, 6, 9, 24]
[1, 4, 7, 8]
[2, 3, 6, 11]
[2, 4, 5, 18, 28]
[2, 4, 6, 7]
[2, 3, 4, 27]
[2, 3, 5, 19]
[1, 3, 5, 28]
[1, 4, 6, 16]
[1, 2, 7, 9, 27]
[16, 17, 18, 19, 20, 21, 22, 23, 24, 25, 26, 27, 28]


5
process id 5
stats
5, 15, 7, 100, 1000
20220817-031121
loosing coalitions taken
[1, 3, 8, 13, 15]
[1, 2, 8, 10, 18]
[2, 4, 5, 17]
[2, 3, 6, 18, 20]
[1, 5, 6, 12, 23]
[1, 3, 7, 9, 12]
[1, 4, 7, 8]
[1, 4, 5, 21]
[2, 4, 6, 11, 24]
[1, 2, 6, 22]
[1, 2, 7, 16, 21]
[2, 3, 5, 11]
[3, 4, 5, 9, 27]
[1, 4, 6, 25]
[16, 17, 18, 19, 20, 21, 22, 23, 24, 25, 26, 27, 28]


5
process id 0
stats
5, 15, 7, 100, 1000
20220817-031312
loosing coalitions taken
[1, 2, 7, 12, 23]
[2, 3, 5, 25, 28]
[2, 3, 6, 10, 23]
[3, 4, 5, 16, 24]
[1, 2, 8, 15, 17]
[1, 3, 7, 11, 17]
[2, 4, 5, 17]
[1, 5, 6, 12, 21]
[1, 2, 6, 25]
[1, 4, 7, 9, 14]
[1, 3, 8, 9, 16]
[3, 4, 6, 13, 21]
[1, 4, 8, 11, 13]
[1, 3, 5, 26]
[16, 17, 18, 19, 20, 21, 22, 23, 24, 25, 26, 27, 28]


5
process id 5
stats
5, 15, 7, 100, 1000
20220817-031502
loosing coalitions taken
[1, 4, 8, 9, 13]
[1, 3, 7, 14, 18]
[1, 3, 8, 12, 17]
[1, 5, 6, 10, 22]
[1, 4, 7, 12, 15]
[1, 2, 10, 12, 13]
[1, 2, 7, 17, 19]
[2, 3, 6, 17, 20]
[2, 4, 6, 14, 22]
[2, 3, 5, 11, 22]
[1, 3, 6, 26]
[3, 4, 5, 10, 23]
[1, 2, 8, 14, 20]
[2, 4, 5, 18]
[16, 17, 18, 19, 20, 21, 22, 23, 24, 25, 26, 27, 28]


6
process id 4
stats
5, 15, 7, 100, 1000
20220817-031758
loosing coalitions taken
[1, 5, 6, 11, 23]
[1, 3, 7, 13, 22]
[3, 4, 6, 10, 17]
[2, 3, 6, 13, 24]
[1, 2, 8, 12, 16]
[1, 2, 7, 10, 27]
[2, 3, 7, 8, 9]
[2, 4, 5, 16, 19]
[3, 4, 5, 15, 27]
[2, 3, 5, 14]
[1, 2, 6, 25]
[1, 4, 7, 11, 15]
[1, 4, 5, 22]
[1, 3, 9, 10, 12]
[16, 17, 18, 19, 20, 21, 22, 23, 24, 25, 26, 27, 28]


