Results
15
0.638
0.62

5
process id 2
stats
5, 15, 7, 100, 1000
20220817-032101
loosing coalitions taken
[1, 3, 8, 9, 17]
[1, 2, 8, 14, 16]
[1, 3, 7, 11, 16]
[1, 5, 6, 13, 20]
[2, 3, 6, 19, 21]
[2, 4, 6, 10, 20]
[1, 2, 10, 11, 13]
[1, 2, 7, 9]
[1, 4, 8, 12, 13]
[1, 3, 6, 26]
[2, 4, 5, 16, 28]
[3, 4, 5, 10, 17]
[2, 3, 5, 11]
[1, 4, 5, 22]
[16, 17, 18, 19, 20, 21, 22, 23, 24, 25, 26, 27, 28]


5
process id 7
stats
5, 15, 7, 100, 1000
20220817-032624
loosing coalitions taken
[1, 3, 7, 16, 19]
[3, 4, 5, 16, 26]
[2, 4, 5, 20]
[2, 3, 6, 14, 24]
[2, 3, 7, 8, 9]
[1, 3, 8, 10, 17]
[1, 2, 8, 15, 16]
[1, 2, 9, 11, 14]
[1, 4, 8, 11, 13]
[1, 2, 7, 10, 25]
[1, 4, 5, 24]
[2, 4, 6, 12, 19]
[1, 4, 6, 18, 22]
[2, 3, 5, 12]
[16, 17, 18, 19, 20, 21, 22, 23, 24, 25, 26, 27, 28]


5
process id 6
stats
5, 15, 7, 100, 1000
20220817-032800
loosing coalitions taken
[1, 5, 6, 12, 24]
[3, 4, 5, 17, 28]
[2, 3, 6, 18, 21]
[2, 4, 6, 10, 12]
[2, 3, 5, 14, 23]
[1, 4, 7, 10, 18]
[1, 2, 7, 9, 19]
[1, 2, 8, 13, 17]
[2, 4, 5, 19]
[1, 2, 6, 20]
[1, 4, 8, 9, 14]
[3, 4, 6, 8]
[1, 3, 7, 12, 21]
[1, 3, 5, 27]
[16, 17, 18, 19, 20, 21, 22, 23, 24, 25, 26, 27, 28]


5
process id 5
stats
5, 15, 7, 100, 1000
20220817-032829
loosing coalitions taken
[1, 2, 9, 11, 13]
[2, 3, 7, 8, 10]
[2, 4, 6, 16, 17]
[2, 3, 6, 12]
[1, 3, 7, 14, 22]
[1, 4, 8, 10, 11]
[1, 3, 8, 9, 17]
[2, 4, 5, 13]
[1, 2, 8, 14, 19]
[1, 2, 6, 26]
[3, 4, 5, 12, 28]
[2, 3, 5, 18, 27]
[1, 4, 5, 20]
[3, 4, 6, 9, 15]
[16, 17, 18, 19, 20, 21, 22, 23, 24, 25, 26, 27, 28]


5
process id 7
stats
5, 15, 7, 100, 1000
20220817-032848
loosing coalitions taken
[2, 3, 6, 9, 17]
[1, 5, 6, 15, 17]
[1, 3, 7, 9, 20]
[1, 4, 8, 9, 15]
[3, 4, 6, 11, 21]
[1, 4, 7, 11, 12]
[1, 2, 8, 12, 19]
[2, 4, 5, 16, 20]
[2, 3, 5, 11]
[2, 4, 6, 12, 18]
[1, 3, 6, 23]
[1, 2, 7, 13, 15]
[1, 2, 9, 10, 14]
[1, 4, 5, 24, 26]
[16, 17, 18, 19, 20, 21, 22, 23, 24, 25, 26, 27, 28]


5
process id 4
stats
5, 15, 7, 100, 1000
20220817-032905
loosing coalitions taken
[1, 2, 7, 15, 21]
[2, 3, 6, 12]
[2, 4, 5, 21, 28]
[1, 4, 7, 10, 19]
[1, 5, 6, 14, 21]
[1, 2, 8, 11, 18]
[1, 4, 6, 27]
[2, 3, 5, 10]
[2, 3, 4, 26]
[1, 3, 7, 12, 18]
[1, 3, 6, 16]
[1, 4, 5, 24]
[3, 4, 6, 9, 19]
[3, 4, 5, 13, 22]
[16, 17, 18, 19, 20, 21, 22, 23, 24, 25, 26, 27, 28]


