Results
15
0.639
0.62

5
process id 1
stats
5, 15, 7, 100, 1000
20220817-033026
loosing coalitions taken
[1, 5, 6, 12, 24]
[2, 4, 6, 15, 20]
[3, 4, 6, 9, 11]
[2, 3, 6, 14, 22]
[1, 3, 6, 28]
[2, 3, 5, 21]
[1, 4, 8, 10, 12]
[1, 2, 8, 15, 16]
[1, 2, 9, 12, 14]
[1, 2, 7, 10, 17]
[2, 4, 5, 19]
[1, 3, 7, 8]
[2, 3, 4, 25]
[3, 4, 5, 16, 26]
[16, 17, 18, 19, 20, 21, 22, 23, 24, 25, 26, 27, 28]


5
process id 1
stats
5, 15, 7, 100, 1000
20220817-033027
loosing coalitions taken
[1, 3, 7, 15, 20]
[1, 3, 8, 14, 16]
[1, 2, 7, 12, 24]
[3, 4, 5, 17, 22]
[1, 4, 8, 9, 12]
[1, 2, 8, 11, 21]
[1, 4, 6, 16, 28]
[1, 5, 6, 11, 18]
[1, 4, 7, 11, 17]
[3, 4, 6, 10, 15]
[2, 3, 6, 12]
[1, 3, 5, 26]
[2, 4, 5, 13]
[1, 2, 9, 10, 14]
[16, 17, 18, 19, 20, 21, 22, 23, 24, 25, 26, 27, 28]


6
process id 5
stats
5, 15, 7, 100, 1000
20220817-033123
loosing coalitions taken
[2, 3, 6, 15, 24]
[1, 3, 8, 13, 14]
[1, 3, 9, 10, 11]
[2, 4, 5, 19, 28]
[3, 4, 5, 14]
[1, 4, 7, 11, 16]
[1, 2, 7, 10, 25]
[1, 2, 8, 11, 21]
[1, 4, 6, 22, 24]
[1, 3, 7, 15, 19]
[1, 5, 6, 13, 17]
[2, 3, 5, 20]
[1, 2, 6, 19]
[1, 4, 5, 25]
[16, 17, 18, 19, 20, 21, 22, 23, 24, 25, 26, 27, 28]


5
process id 7
stats
5, 15, 7, 100, 1000
20220817-033123
loosing coalitions taken
[1, 2, 8, 9, 21]
[3, 4, 5, 16]
[1, 3, 7, 10, 24]
[1, 2, 10, 12, 14]
[1, 2, 7, 15, 17]
[1, 4, 8, 11, 13]
[1, 3, 8, 12, 18]
[2, 3, 6, 14]
[2, 3, 4, 28]
[1, 3, 6, 25]
[3, 4, 6, 7]
[2, 4, 5, 13]
[1, 4, 7, 9, 19]
[1, 5, 6, 13, 19]
[16, 17, 18, 19, 20, 21, 22, 23, 24, 25, 26, 27, 28]


5
process id 6
stats
5, 15, 7, 100, 1000
20220817-033159
loosing coalitions taken
[3, 4, 6, 11, 16]
[1, 2, 7, 10, 24]
[2, 3, 6, 13]
[1, 2, 8, 12, 15]
[1, 3, 7, 14, 16]
[2, 4, 5, 15]
[1, 4, 6, 27]
[1, 3, 6, 20, 26]
[2, 3, 5, 20, 27]
[1, 4, 7, 11, 13]
[3, 4, 5, 9, 25]
[1, 4, 5, 23]
[1, 5, 6, 10, 25]
[2, 3, 4, 28]
[16, 17, 18, 19, 20, 21, 22, 23, 24, 25, 26, 27, 28]


5
process id 5
stats
5, 15, 7, 100, 1000
20220817-033232
loosing coalitions taken
[2, 3, 6, 18, 20]
[3, 4, 5, 10, 22]
[2, 3, 5, 23]
[3, 4, 6, 12, 16]
[1, 2, 9, 11, 12]
[1, 2, 7, 13, 15]
[1, 4, 7, 14, 16]
[2, 4, 6, 8, 19]
[1, 2, 8, 14, 17]
[1, 4, 6, 18, 21]
[2, 4, 5, 9, 26]
[1, 3, 8, 11, 19]
[1, 3, 7, 10, 17]
[1, 3, 5, 27]
[16, 17, 18, 19, 20, 21, 22, 23, 24, 25, 26, 27, 28]


5
process id 3
stats
5, 15, 7, 100, 1000
20220817-033336
loosing coalitions taken
[1, 2, 7, 13, 24]
[1, 3, 8, 9, 12]
[2, 3, 6, 15, 23]
[2, 4, 5, 19, 26]
[2, 3, 5, 24, 27]
[1, 4, 7, 9, 19]
[1, 2, 10, 12, 14]
[2, 4, 6, 11, 22]
[1, 4, 5, 28]
[3, 4, 6, 10, 16]
[1, 3, 7, 15, 21]
[1, 2, 8, 11, 18]
[1, 3, 6, 26]
[2, 5, 6, 8, 12]
[16, 17, 18, 19, 20, 21, 22, 23, 24, 25, 26, 27, 28]


5
process id 2
stats
5, 15, 7, 100, 1000
20220817-033411
loosing coalitions taken
[2, 3, 6, 11, 28]
[3, 4, 6, 14, 18]
[1, 2, 7, 8]
[2, 4, 6, 9, 25]
[2, 3, 5, 19, 27]
[2, 4, 5, 10, 22]
[1, 4, 6, 26]
[1, 3, 5, 28]
[1, 3, 8, 12, 19]
[3, 4, 5, 15, 17]
[1, 5, 6, 11, 24]
[1, 3, 7, 10, 20]
[2, 3, 4, 26]
[1, 4, 8, 9, 10]
[16, 17, 18, 19, 20, 21, 22, 23, 24, 25, 26, 27, 28]


5
process id 0
stats
5, 15, 7, 100, 1000
20220817-033633
loosing coalitions taken
[1, 3, 7, 12, 22]
[2, 4, 5, 20, 24]
[1, 2, 8, 11, 20]
[1, 3, 8, 13, 15]
[1, 5, 6, 10, 18]
[1, 4, 8, 12, 14]
[1, 2, 10, 12, 13]
[1, 4, 5, 23, 28]
[3, 4, 5, 13, 27]
[1, 4, 6, 20]
[1, 2, 7, 9]
[2, 3, 5, 12, 26]
[2, 3, 6, 16, 19]
[2, 3, 4, 25]
[16, 17, 18, 19, 20, 21, 22, 23, 24, 25, 26, 27, 28]


6
process id 6
stats
5, 15, 7, 100, 1000
20220817-033653
loosing coalitions taken
[3, 4, 5, 13, 28]
[1, 2, 8, 9, 21]
[1, 2, 7, 15, 19]
[3, 4, 6, 14, 19]
[2, 4, 5, 18]
[2, 3, 6, 11]
[1, 4, 6, 26, 27]
[1, 5, 6, 13, 20]
[1, 4, 8, 13, 14]
[1, 2, 6, 25]
[1, 3, 7, 10, 18]
[2, 3, 5, 16, 23]
[1, 4, 7, 12, 16]
[1, 3, 5, 27]
[16, 17, 18, 19, 20, 21, 22, 23, 24, 25, 26, 27, 28]


5
process id 3
stats
5, 15, 7, 100, 1000
20220817-033840
loosing coalitions taken
[1, 2, 10, 12, 14]
[1, 4, 6, 28]
[2, 3, 5, 22, 26]
[2, 4, 5, 16]
[2, 3, 6, 10]
[1, 2, 8, 9, 19]
[3, 4, 5, 14]
[1, 3, 6, 20]
[1, 4, 5, 23]
[1, 5, 6, 12, 24]
[1, 3, 7, 14, 18]
[3, 4, 6, 13, 19]
[1, 2, 7, 15, 21]
[2, 3, 4, 25]
[16, 17, 18, 19, 20, 21, 22, 23, 24, 25, 26, 27, 28]


