Results
15
0.63
0.6375

6
process id 0
stats
5, 15, 7, 100, 1000
20220817-230923
loosing coalitions taken
[1, 2, 8, 12, 21]
[2, 3, 6, 12]
[1, 3, 7, 15, 20]
[1, 2, 10, 11, 14]
[1, 5, 6, 15, 21]
[1, 3, 8, 9, 19]
[3, 4, 5, 16]
[2, 4, 5, 13]
[2, 3, 5, 19]
[2, 4, 6, 8]
[1, 4, 6, 27]
[1, 4, 7, 11, 12]
[3, 4, 6, 9, 20]
[1, 2, 7, 9]
[16, 17, 18, 19, 20, 21, 22, 23, 24, 25, 26, 27, 28]


6
process id 4
stats
5, 15, 7, 100, 1000
20220817-230925
loosing coalitions taken
[1, 3, 8, 10, 16]
[1, 2, 8, 13, 17]
[1, 2, 10, 12, 14]
[2, 3, 6, 13, 23]
[2, 5, 6, 8, 9]
[2, 4, 5, 20]
[1, 2, 7, 9]
[1, 4, 6, 26]
[3, 4, 6, 10, 18]
[1, 4, 7, 14, 16]
[3, 4, 5, 11, 27]
[2, 3, 5, 25]
[1, 5, 6, 13, 22]
[1, 3, 7, 13, 20]
[16, 17, 18, 19, 20, 21, 22, 23, 24, 25, 26, 27, 28]


