Results
15
0.63
0.6425

6
process id 2
stats
5, 15, 7, 100, 1000
20220817-230939
loosing coalitions taken
[1, 3, 7, 15, 21]
[1, 2, 9, 10, 12]
[1, 2, 8, 14, 19]
[1, 2, 7, 13, 24]
[1, 4, 7, 8]
[2, 3, 6, 10]
[2, 4, 5, 16, 27]
[2, 4, 6, 11, 19]
[1, 5, 6, 10, 24]
[1, 3, 8, 11, 18]
[2, 3, 5, 25]
[1, 4, 6, 26]
[3, 4, 5, 15, 26]
[3, 4, 6, 12, 16]
[16, 17, 18, 19, 20, 21, 22, 23, 24, 25, 26, 27, 28]


6
process id 7
stats
5, 15, 7, 100, 1000
20220817-230941
loosing coalitions taken
[1, 2, 7, 12, 25]
[1, 2, 9, 11, 13]
[1, 5, 6, 12, 24]
[1, 2, 8, 10, 19]
[3, 4, 5, 16]
[2, 3, 6, 13]
[1, 3, 7, 15, 21]
[1, 3, 8, 12, 18]
[2, 4, 6, 14, 19]
[1, 4, 6, 28]
[2, 4, 5, 18]
[2, 3, 5, 23]
[1, 4, 7, 10, 16]
[3, 4, 6, 8]
[16, 17, 18, 19, 20, 21, 22, 23, 24, 25, 26, 27, 28]


6
process id 5
stats
5, 15, 7, 100, 1000
20220817-230941
loosing coalitions taken
[1, 5, 6, 9, 23]
[1, 2, 8, 12, 21]
[2, 3, 6, 13]
[1, 3, 9, 10, 12]
[1, 4, 7, 8, 28]
[1, 3, 7, 15, 18]
[1, 3, 8, 11, 17]
[1, 2, 7, 9]
[1, 4, 6, 27]
[2, 4, 5, 21, 24]
[3, 4, 5, 20, 23]
[2, 3, 5, 25]
[3, 4, 6, 8]
[2, 4, 6, 11, 22]
[16, 17, 18, 19, 20, 21, 22, 23, 24, 25, 26, 27, 28]


6
process id 3
stats
5, 15, 7, 100, 1000
20220817-230943
loosing coalitions taken
[1, 3, 8, 10, 19]
[1, 2, 9, 11, 14]
[1, 5, 6, 10, 25]
[1, 2, 7, 15, 22]
[1, 2, 8, 13, 20]
[2, 3, 6, 13]
[3, 4, 5, 15]
[1, 4, 7, 8]
[2, 4, 5, 17, 27]
[3, 4, 6, 8]
[1, 4, 6, 27]
[2, 3, 5, 25]
[2, 5, 6, 7, 14]
[2, 4, 6, 12, 19]
[16, 17, 18, 19, 20, 21, 22, 23, 24, 25, 26, 27, 28]


