Results
15
0.63
0.6475

6
process id 3
stats
5, 15, 7, 100, 1000
20220817-230959
loosing coalitions taken
[1, 5, 6, 11, 25]
[1, 3, 8, 12, 18]
[1, 4, 7, 10, 19]
[1, 2, 8, 15, 17]
[1, 2, 7, 11, 27]
[1, 2, 9, 12, 13]
[1, 3, 7, 9, 24]
[2, 4, 5, 21, 28]
[2, 3, 6, 14]
[2, 4, 6, 11, 24]
[3, 4, 5, 16]
[2, 3, 5, 25]
[2, 5, 6, 8, 12]
[3, 4, 6, 9, 22]
[16, 17, 18, 19, 20, 21, 22, 23, 24, 25, 26, 27, 28]


6
process id 5
stats
5, 15, 7, 100, 1000
20220817-230959
loosing coalitions taken
[1, 3, 8, 12, 19]
[3, 4, 6, 9, 22]
[1, 2, 7, 17, 18]
[1, 3, 7, 15, 21]
[1, 2, 8, 9, 22]
[1, 4, 8, 13, 14]
[1, 5, 6, 16, 20]
[2, 4, 5, 21, 27]
[1, 4, 7, 9, 19]
[1, 2, 10, 12, 14]
[2, 4, 6, 16, 18]
[3, 4, 5, 16]
[2, 3, 6, 15, 26]
[2, 3, 5, 25]
[16, 17, 18, 19, 20, 21, 22, 23, 24, 25, 26, 27, 28]


