Results
15
0.62
0.6375

6
process id 4
stats
5, 15, 7, 100, 1000
20220817-231204
loosing coalitions taken
[1, 3, 8, 11, 18]
[1, 3, 7, 9, 24]
[2, 3, 6, 13]
[2, 4, 5, 20, 27]
[1, 2, 7, 15, 19]
[1, 2, 9, 12, 14]
[3, 4, 5, 15]
[1, 4, 6, 23]
[2, 3, 5, 16]
[1, 4, 7, 8]
[2, 4, 6, 16, 17]
[3, 4, 6, 7]
[1, 5, 6, 10, 19]
[1, 2, 8, 10, 16]
[16, 17, 18, 19, 20, 21, 22, 23, 24, 25, 26, 27, 28]


6
process id 3
stats
5, 15, 7, 100, 1000
20220817-231204
loosing coalitions taken
[2, 3, 6, 12]
[1, 4, 7, 8, 23]
[1, 3, 7, 11, 21]
[1, 5, 6, 13, 22]
[1, 2, 9, 11, 13]
[1, 3, 8, 14, 16]
[1, 2, 7, 10, 27]
[2, 3, 5, 18, 26]
[3, 4, 5, 15, 27]
[2, 4, 5, 19]
[1, 2, 8, 12, 15]
[3, 4, 6, 14, 20]
[1, 4, 6, 25]
[2, 4, 6, 8]
[16, 17, 18, 19, 20, 21, 22, 23, 24, 25, 26, 27, 28]


