Results
15
0.64
0.638

5
process id 0
stats
5, 15, 7, 100, 1000
20220817-201309
loosing coalitions taken
[1, 3, 7, 16, 17]
[1, 2, 7, 11, 23]
[1, 2, 8, 14, 18]
[1, 2, 10, 12, 13]
[2, 3, 5, 22]
[2, 4, 6, 11, 19]
[1, 4, 6, 25]
[3, 4, 5, 14]
[1, 5, 6, 14, 21]
[2, 4, 5, 21, 25]
[1, 3, 8, 10, 11]
[3, 4, 6, 12, 17]
[1, 4, 7, 8, 21]
[2, 3, 6, 15, 24]
[16, 17, 18, 19, 20, 21, 22, 23, 24, 25, 26, 27, 28]


5
process id 6
stats
5, 15, 7, 100, 1000
20220817-201312
loosing coalitions taken
[1, 4, 7, 9, 17]
[1, 3, 7, 10, 23]
[2, 4, 6, 8]
[1, 2, 9, 10, 11]
[3, 4, 5, 15, 28]
[2, 3, 5, 17]
[1, 3, 8, 11, 15]
[2, 3, 6, 10, 25]
[1, 5, 6, 10, 26]
[3, 4, 6, 11, 16]
[2, 4, 5, 12]
[1, 4, 6, 28]
[1, 2, 8, 12, 17]
[1, 2, 7, 15, 16]
[16, 17, 18, 19, 20, 21, 22, 23, 24, 25, 26, 27, 28]


