Results
15
0.64
0.641

5
process id 1
stats
5, 15, 7, 100, 1000
20220817-201421
loosing coalitions taken
[2, 3, 6, 11]
[2, 4, 5, 20, 27]
[1, 2, 9, 10, 12]
[1, 3, 8, 15, 16]
[1, 2, 8, 14, 17]
[1, 3, 7, 12, 20]
[3, 4, 5, 15]
[1, 4, 6, 25]
[2, 4, 6, 12, 19]
[2, 3, 5, 24]
[1, 5, 6, 15, 17]
[3, 4, 6, 8]
[1, 4, 7, 8]
[1, 2, 7, 11, 25]
[16, 17, 18, 19, 20, 21, 22, 23, 24, 25, 26, 27, 28]


5
process id 7
stats
5, 15, 7, 100, 1000
20220817-201422
loosing coalitions taken
[1, 2, 9, 12, 13]
[2, 3, 6, 9]
[1, 2, 7, 10, 23]
[1, 3, 7, 14, 19]
[1, 4, 7, 13, 16]
[1, 5, 6, 15, 20]
[1, 3, 8, 12, 18]
[2, 3, 5, 25]
[2, 4, 5, 20]
[1, 4, 6, 23]
[2, 4, 6, 15, 19]
[3, 4, 5, 19, 21]
[1, 4, 8, 9, 10]
[3, 4, 6, 8, 25]
[16, 17, 18, 19, 20, 21, 22, 23, 24, 25, 26, 27, 28]


6
process id 4
stats
5, 15, 7, 100, 1000
20220817-201423
loosing coalitions taken
[1, 3, 7, 16, 17]
[2, 4, 6, 13, 22]
[3, 4, 6, 11, 17]
[1, 4, 7, 10, 19]
[1, 2, 9, 11, 13]
[1, 2, 7, 15, 18]
[1, 3, 8, 11, 19]
[1, 4, 8, 9, 14]
[1, 5, 6, 13, 23]
[2, 4, 5, 19]
[1, 2, 8, 10, 21]
[2, 3, 6, 14]
[1, 3, 9, 10, 12]
[1, 4, 6, 26]
[16, 17, 18, 19, 20, 21, 22, 23, 24, 25, 26, 27, 28]


