Results
15
0.64
0.6413

5
process id 3
stats
5, 15, 7, 100, 1000
20220817-201428
loosing coalitions taken
[1, 2, 8, 13, 17]
[1, 3, 7, 13, 20]
[2, 3, 6, 14, 25]
[3, 5, 6, 7, 12]
[3, 4, 5, 17, 22]
[2, 4, 6, 16, 18]
[1, 5, 6, 16, 17]
[1, 3, 8, 10, 18]
[2, 4, 5, 20]
[1, 4, 8, 11, 12]
[3, 4, 6, 10, 21]
[1, 4, 6, 28]
[1, 2, 9, 10, 14]
[1, 2, 7, 12, 25]
[16, 17, 18, 19, 20, 21, 22, 23, 24, 25, 26, 27, 28]


6
process id 2
stats
5, 15, 7, 100, 1000
20220817-201428
loosing coalitions taken
[2, 3, 5, 25]
[1, 2, 7, 9]
[1, 3, 8, 15, 16]
[1, 5, 6, 11, 21]
[3, 4, 6, 14, 16]
[2, 4, 6, 15, 20]
[3, 4, 5, 18, 22]
[2, 3, 6, 17, 18]
[2, 4, 5, 19]
[1, 4, 6, 26]
[1, 2, 8, 14, 17]
[1, 4, 7, 13, 15]
[1, 3, 7, 12, 17]
[1, 3, 9, 10, 11]
[16, 17, 18, 19, 20, 21, 22, 23, 24, 25, 26, 27, 28]


6
process id 0
stats
5, 15, 7, 100, 1000
20220817-201429
loosing coalitions taken
[1, 5, 6, 11, 25]
[3, 4, 6, 12, 21]
[2, 3, 5, 25]
[1, 2, 7, 15, 20]
[1, 3, 7, 8]
[1, 4, 6, 28]
[2, 4, 5, 20]
[1, 2, 9, 10, 13]
[2, 3, 6, 9]
[3, 4, 5, 14]
[1, 2, 8, 14, 19]
[2, 4, 6, 8]
[1, 4, 8, 11, 13]
[1, 4, 7, 14, 16]
[16, 17, 18, 19, 20, 21, 22, 23, 24, 25, 26, 27, 28]


6
process id 6
stats
5, 15, 7, 100, 1000
20220817-201430
loosing coalitions taken
[2, 4, 5, 20]
[1, 2, 7, 14, 23]
[1, 2, 8, 13, 18]
[2, 3, 6, 13]
[1, 3, 7, 11, 20]
[1, 2, 9, 10, 11]
[1, 5, 6, 16, 19]
[1, 4, 6, 26]
[3, 4, 5, 15, 27]
[2, 3, 5, 21]
[3, 4, 6, 10, 18]
[1, 4, 7, 9, 18]
[2, 4, 6, 8]
[1, 3, 8, 14, 16]
[16, 17, 18, 19, 20, 21, 22, 23, 24, 25, 26, 27, 28]


6
process id 5
stats
5, 15, 7, 100, 1000
20220817-201430
loosing coalitions taken
[1, 2, 7, 10, 27]
[1, 5, 6, 13, 22]
[3, 4, 5, 18, 27]
[2, 4, 5, 17]
[3, 4, 6, 11, 21]
[1, 2, 9, 12, 14]
[1, 4, 8, 10, 13]
[1, 3, 8, 12, 17]
[2, 3, 6, 14]
[2, 3, 5, 21]
[2, 4, 6, 8]
[1, 4, 6, 25]
[1, 4, 7, 9, 18]
[1, 3, 7, 15, 16]
[16, 17, 18, 19, 20, 21, 22, 23, 24, 25, 26, 27, 28]


