Results
15
0.64
0.6416000000000001

6
process id 1
stats
5, 15, 7, 100, 1000
20220817-201434
loosing coalitions taken
[1, 3, 9, 10, 11]
[2, 3, 6, 13]
[3, 4, 5, 16, 25]
[1, 5, 6, 12, 21]
[1, 3, 8, 14, 16]
[2, 4, 5, 19]
[1, 4, 6, 27]
[3, 4, 6, 14, 17]
[1, 2, 7, 15, 22]
[2, 3, 5, 24]
[1, 2, 8, 11, 19]
[1, 3, 7, 12, 20]
[2, 4, 6, 11, 23]
[1, 2, 9, 12, 13]
[16, 17, 18, 19, 20, 21, 22, 23, 24, 25, 26, 27, 28]


5
process id 7
stats
5, 15, 7, 100, 1000
20220817-201437
loosing coalitions taken
[3, 4, 5, 21, 23]
[1, 2, 7, 9, 26]
[1, 2, 8, 10, 21]
[1, 3, 8, 13, 16]
[1, 4, 7, 12, 15]
[1, 3, 7, 11, 23]
[2, 4, 5, 18]
[2, 3, 6, 13]
[1, 4, 6, 25]
[2, 3, 5, 25]
[2, 4, 6, 10, 22]
[3, 4, 6, 11, 17]
[1, 4, 8, 9, 14]
[1, 5, 6, 10, 24]
[16, 17, 18, 19, 20, 21, 22, 23, 24, 25, 26, 27, 28]


