Results
15
0.64
0.6419

5
process id 6
stats
5, 15, 7, 100, 1000
20220817-201444
loosing coalitions taken
[1, 2, 9, 12, 13]
[1, 5, 6, 15, 18]
[2, 4, 5, 18]
[1, 3, 8, 15, 16]
[1, 2, 7, 11, 23]
[1, 4, 7, 8, 26]
[2, 3, 6, 11]
[1, 2, 8, 14, 17]
[1, 4, 6, 27]
[3, 4, 6, 8]
[2, 3, 5, 22]
[3, 4, 5, 17, 25]
[2, 4, 6, 16, 19]
[1, 3, 7, 9, 18]
[16, 17, 18, 19, 20, 21, 22, 23, 24, 25, 26, 27, 28]


6
process id 7
stats
5, 15, 7, 100, 1000
20220817-201444
loosing coalitions taken
[3, 4, 5, 17, 27]
[1, 2, 7, 13, 24]
[1, 2, 9, 10, 11]
[1, 2, 8, 12, 17]
[3, 4, 6, 9, 20]
[2, 4, 5, 19]
[2, 3, 6, 14]
[1, 4, 8, 10, 15]
[1, 3, 8, 9, 16]
[1, 3, 7, 15, 17]
[2, 3, 5, 21]
[1, 4, 6, 25]
[1, 4, 7, 12, 16]
[1, 5, 6, 12, 23]
[16, 17, 18, 19, 20, 21, 22, 23, 24, 25, 26, 27, 28]


