Results
15
0.64
0.6422

6
process id 5
stats
5, 15, 7, 100, 1000
20220817-201450
loosing coalitions taken
[2, 4, 5, 18]
[1, 2, 8, 14, 19]
[1, 2, 7, 11, 23]
[1, 3, 7, 9, 24]
[2, 3, 6, 13]
[1, 5, 6, 11, 25]
[2, 3, 5, 22]
[2, 4, 6, 15, 21]
[1, 4, 6, 28]
[3, 4, 5, 14]
[3, 4, 6, 8]
[1, 4, 7, 14, 16]
[1, 4, 8, 9, 12]
[1, 3, 8, 10, 15]
[16, 17, 18, 19, 20, 21, 22, 23, 24, 25, 26, 27, 28]


6
process id 6
stats
5, 15, 7, 100, 1000
20220817-201450
loosing coalitions taken
[2, 4, 5, 20]
[1, 4, 8, 10, 14]
[1, 2, 7, 13, 25]
[1, 2, 10, 11, 12]
[1, 2, 8, 9, 18]
[1, 4, 7, 9, 19]
[1, 5, 6, 10, 26]
[1, 3, 7, 15, 21]
[2, 3, 5, 24]
[3, 4, 5, 15]
[3, 4, 6, 11, 19]
[1, 4, 6, 27, 28]
[2, 3, 6, 14]
[1, 3, 8, 12, 16]
[16, 17, 18, 19, 20, 21, 22, 23, 24, 25, 26, 27, 28]


6
process id 7
stats
5, 15, 7, 100, 1000
20220817-201451
loosing coalitions taken
[1, 2, 8, 12, 20]
[1, 2, 7, 17, 19]
[1, 3, 7, 10, 23]
[1, 2, 9, 10, 11]
[1, 3, 8, 11, 19]
[2, 3, 6, 11]
[3, 4, 5, 16]
[3, 4, 6, 12, 21]
[2, 3, 5, 22]
[2, 4, 5, 21, 23]
[1, 5, 6, 14, 22]
[1, 4, 6, 26]
[1, 4, 7, 11, 15]
[2, 4, 6, 9, 20]
[16, 17, 18, 19, 20, 21, 22, 23, 24, 25, 26, 27, 28]


