Results
15
0.64
0.6425

5
process id 2
stats
5, 15, 7, 100, 1000
20220817-201456
loosing coalitions taken
[1, 5, 6, 16, 18]
[2, 4, 6, 11, 24]
[1, 3, 7, 9, 24]
[1, 2, 8, 10, 20]
[1, 2, 7, 13, 23]
[2, 4, 5, 20]
[1, 3, 8, 11, 17]
[1, 2, 9, 11, 14]
[1, 4, 6, 25]
[1, 4, 7, 8]
[3, 4, 5, 14]
[3, 4, 6, 12, 18]
[2, 3, 6, 13]
[2, 3, 5, 24]
[16, 17, 18, 19, 20, 21, 22, 23, 24, 25, 26, 27, 28]


6
process id 7
stats
5, 15, 7, 100, 1000
20220817-201457
loosing coalitions taken
[1, 2, 8, 10, 21]
[1, 2, 7, 15, 20]
[1, 3, 8, 11, 18]
[1, 4, 7, 13, 16]
[1, 5, 6, 11, 23]
[2, 4, 5, 16]
[2, 3, 6, 17, 19]
[1, 3, 7, 9, 23]
[2, 3, 5, 21]
[3, 4, 5, 15]
[2, 4, 6, 12, 20]
[1, 4, 6, 26]
[3, 4, 6, 8]
[1, 2, 9, 11, 14]
[16, 17, 18, 19, 20, 21, 22, 23, 24, 25, 26, 27, 28]


6
process id 5
stats
5, 15, 7, 100, 1000
20220817-201458
loosing coalitions taken
[3, 4, 5, 17, 25]
[1, 2, 7, 10, 26]
[2, 4, 6, 14, 22]
[1, 5, 6, 11, 22]
[1, 4, 7, 8]
[1, 2, 9, 11, 14]
[2, 3, 6, 12]
[1, 4, 6, 25]
[1, 3, 8, 9, 17]
[2, 4, 5, 19]
[2, 3, 5, 22, 27]
[1, 3, 7, 15, 19]
[1, 2, 8, 15, 16]
[3, 4, 6, 13, 20]
[16, 17, 18, 19, 20, 21, 22, 23, 24, 25, 26, 27, 28]


