Results
15
0.64
0.6386000000000001

6
process id 0
stats
5, 15, 7, 100, 1000
20220817-201323
loosing coalitions taken
[1, 2, 10, 12, 14]
[1, 5, 6, 14, 22]
[3, 4, 6, 12, 20]
[2, 3, 6, 13]
[1, 4, 7, 11, 17]
[3, 4, 5, 15]
[2, 4, 5, 13]
[1, 4, 6, 25]
[2, 3, 5, 27, 28]
[1, 3, 8, 12, 19]
[1, 2, 7, 15, 20]
[2, 4, 6, 15, 16]
[1, 2, 8, 9, 16]
[1, 3, 7, 13, 22]
[16, 17, 18, 19, 20, 21, 22, 23, 24, 25, 26, 27, 28]


6
process id 1
stats
5, 15, 7, 100, 1000
20220817-201324
loosing coalitions taken
[1, 3, 8, 11, 16]
[2, 3, 5, 22]
[3, 4, 6, 12, 17]
[1, 4, 8, 10, 14]
[1, 2, 9, 11, 14]
[1, 2, 7, 16, 19]
[1, 5, 6, 9, 24]
[1, 4, 6, 28]
[1, 2, 8, 12, 18]
[2, 4, 6, 11, 16]
[3, 4, 5, 15, 23]
[2, 3, 6, 15, 24]
[2, 4, 5, 14, 27]
[1, 3, 7, 9, 18]
[16, 17, 18, 19, 20, 21, 22, 23, 24, 25, 26, 27, 28]


6
process id 5
stats
5, 15, 7, 100, 1000
20220817-201325
loosing coalitions taken
[2, 3, 6, 12]
[1, 2, 7, 17, 19]
[2, 4, 5, 20]
[1, 2, 9, 11, 14]
[1, 3, 8, 11, 17]
[1, 5, 6, 10, 22]
[2, 3, 5, 24, 26]
[3, 4, 5, 10]
[1, 3, 7, 14, 21]
[3, 4, 6, 13, 20]
[1, 4, 6, 28]
[2, 4, 6, 8]
[1, 2, 8, 10, 21]
[1, 4, 7, 9, 16]
[16, 17, 18, 19, 20, 21, 22, 23, 24, 25, 26, 27, 28]


