Results
15
0.64
0.6392

6
process id 1
stats
5, 15, 7, 100, 1000
20220817-201338
loosing coalitions taken
[1, 2, 9, 12, 13]
[2, 3, 6, 12]
[1, 3, 8, 11, 18]
[1, 5, 6, 13, 23]
[1, 2, 8, 10, 19]
[1, 4, 6, 28]
[3, 4, 5, 16, 26]
[1, 4, 7, 13, 16]
[2, 4, 6, 14, 18]
[3, 4, 6, 10, 19]
[2, 4, 5, 19, 27]
[2, 3, 5, 20]
[1, 4, 8, 9, 15]
[1, 2, 7, 15, 17]
[16, 17, 18, 19, 20, 21, 22, 23, 24, 25, 26, 27, 28]


6
process id 7
stats
5, 15, 7, 100, 1000
20220817-201339
loosing coalitions taken
[1, 5, 6, 13, 23]
[1, 2, 9, 12, 14]
[1, 3, 7, 13, 21]
[1, 2, 7, 16, 20]
[2, 4, 5, 18]
[2, 3, 6, 17, 21]
[1, 3, 8, 15, 16]
[3, 4, 6, 10, 20]
[3, 4, 5, 9]
[1, 4, 6, 25]
[1, 4, 8, 11, 14]
[2, 3, 5, 22]
[2, 4, 6, 9, 22]
[1, 4, 7, 10, 19]
[16, 17, 18, 19, 20, 21, 22, 23, 24, 25, 26, 27, 28]


