Results
15
0.64
0.6395

5
process id 3
stats
5, 15, 7, 100, 1000
20220817-201344
loosing coalitions taken
[1, 3, 8, 9, 18]
[1, 3, 7, 15, 21]
[1, 5, 6, 14, 22]
[1, 2, 7, 16, 18]
[2, 3, 6, 12, 23]
[2, 4, 6, 14, 17]
[1, 2, 10, 12, 14]
[3, 4, 5, 11]
[2, 3, 5, 21]
[2, 4, 5, 16, 23]
[3, 4, 6, 8]
[1, 4, 6, 27]
[1, 4, 8, 11, 12]
[1, 4, 7, 10, 19]
[16, 17, 18, 19, 20, 21, 22, 23, 24, 25, 26, 27, 28]


6
process id 4
stats
5, 15, 7, 100, 1000
20220817-201347
loosing coalitions taken
[1, 3, 7, 14, 22]
[2, 3, 5, 22]
[1, 2, 9, 12, 14]
[1, 2, 8, 11, 17]
[1, 3, 8, 10, 16]
[2, 4, 6, 10, 21]
[3, 4, 5, 20, 21]
[1, 4, 7, 8]
[3, 5, 6, 7, 12]
[1, 5, 6, 9, 26]
[2, 4, 5, 16, 28]
[2, 3, 6, 11]
[3, 4, 6, 8]
[1, 4, 6, 27]
[16, 17, 18, 19, 20, 21, 22, 23, 24, 25, 26, 27, 28]


