Results
15
0.64
0.6398

6
process id 0
stats
5, 15, 7, 100, 1000
20220817-201353
loosing coalitions taken
[2, 3, 5, 22]
[1, 2, 9, 11, 14]
[1, 2, 8, 13, 20]
[1, 3, 7, 11, 23]
[1, 3, 9, 10, 12]
[1, 5, 6, 13, 23]
[1, 2, 7, 10, 24]
[2, 3, 6, 9, 24]
[2, 4, 5, 17, 24]
[3, 4, 5, 10]
[1, 4, 6, 28]
[3, 4, 6, 12, 17]
[2, 4, 6, 14, 19]
[1, 4, 7, 8]
[16, 17, 18, 19, 20, 21, 22, 23, 24, 25, 26, 27, 28]


6
process id 3
stats
5, 15, 7, 100, 1000
20220817-201353
loosing coalitions taken
[1, 2, 7, 16, 20]
[1, 5, 6, 10, 26]
[2, 3, 5, 24]
[1, 2, 8, 11, 21]
[1, 3, 7, 10, 22]
[1, 2, 10, 12, 14]
[3, 4, 6, 12, 17]
[2, 4, 6, 15, 20]
[2, 3, 6, 13]
[3, 4, 5, 14, 27]
[2, 4, 5, 16, 23]
[1, 4, 6, 24]
[1, 4, 8, 13, 14]
[2, 5, 6, 8, 9]
[16, 17, 18, 19, 20, 21, 22, 23, 24, 25, 26, 27, 28]


6
process id 5
stats
5, 15, 7, 100, 1000
20220817-201354
loosing coalitions taken
[2, 4, 6, 15, 21]
[3, 4, 6, 13, 18]
[1, 3, 9, 10, 11]
[1, 2, 8, 13, 17]
[2, 4, 5, 20]
[1, 5, 6, 12, 24]
[1, 4, 8, 9, 14]
[1, 2, 7, 12, 22]
[2, 3, 6, 10]
[1, 4, 6, 23]
[2, 3, 5, 19]
[1, 3, 7, 8]
[3, 4, 5, 16]
[1, 4, 7, 11, 13]
[16, 17, 18, 19, 20, 21, 22, 23, 24, 25, 26, 27, 28]


6
process id 7
stats
5, 15, 7, 100, 1000
20220817-201355
loosing coalitions taken
[1, 5, 6, 11, 24]
[2, 4, 5, 19]
[1, 3, 7, 15, 21]
[1, 2, 7, 9]
[3, 4, 6, 9, 18]
[1, 3, 8, 12, 18]
[2, 3, 5, 20]
[1, 2, 8, 11, 16]
[1, 4, 6, 25]
[2, 3, 6, 13]
[3, 4, 5, 16]
[2, 4, 6, 10, 17]
[1, 4, 8, 9, 13]
[1, 3, 9, 10, 11]
[16, 17, 18, 19, 20, 21, 22, 23, 24, 25, 26, 27, 28]


