Results
15
0.64
0.6401

5
process id 1
stats
5, 15, 7, 100, 1000
20220817-201359
loosing coalitions taken
[1, 5, 6, 11, 23]
[1, 2, 8, 13, 17]
[2, 3, 6, 14]
[2, 4, 5, 16]
[1, 2, 9, 10, 11]
[1, 3, 8, 12, 15]
[1, 4, 6, 28]
[3, 4, 6, 8]
[2, 3, 5, 21]
[1, 3, 7, 13, 16]
[1, 4, 7, 11, 17]
[1, 4, 8, 9, 14]
[3, 4, 5, 14]
[2, 4, 6, 12, 18]
[16, 17, 18, 19, 20, 21, 22, 23, 24, 25, 26, 27, 28]


6
process id 3
stats
5, 15, 7, 100, 1000
20220817-201400
loosing coalitions taken
[1, 2, 7, 17, 18]
[2, 4, 5, 20]
[1, 5, 6, 10, 25]
[1, 3, 8, 10, 18]
[1, 2, 8, 13, 19]
[1, 2, 10, 11, 12]
[2, 3, 6, 13]
[1, 3, 7, 14, 20]
[3, 4, 6, 9, 19]
[2, 3, 5, 21, 27]
[3, 4, 5, 16, 23]
[1, 4, 7, 12, 15]
[1, 4, 6, 24]
[2, 4, 6, 8]
[16, 17, 18, 19, 20, 21, 22, 23, 24, 25, 26, 27, 28]


6
process id 2
stats
5, 15, 7, 100, 1000
20220817-201402
loosing coalitions taken
[3, 4, 5, 16]
[1, 2, 10, 11, 13]
[1, 2, 8, 12, 21]
[1, 3, 7, 13, 22]
[1, 4, 7, 8]
[1, 5, 6, 12, 22]
[2, 4, 6, 11, 23]
[2, 3, 6, 9, 28]
[2, 3, 5, 23, 25]
[2, 4, 5, 20, 26]
[3, 4, 6, 8]
[1, 2, 7, 16, 19]
[1, 4, 6, 24]
[1, 3, 8, 11, 15]
[16, 17, 18, 19, 20, 21, 22, 23, 24, 25, 26, 27, 28]


