Results
15
0.64
0.6404

6
process id 1
stats
5, 15, 7, 100, 1000
20220817-201407
loosing coalitions taken
[2, 3, 5, 25]
[2, 4, 6, 16, 19]
[1, 2, 10, 11, 14]
[1, 2, 7, 9]
[1, 5, 6, 10, 24]
[1, 3, 8, 13, 16]
[2, 4, 5, 17, 24]
[3, 4, 5, 15]
[1, 4, 6, 23]
[2, 3, 6, 13, 28]
[1, 4, 8, 9, 14]
[3, 4, 6, 12, 17]
[1, 3, 7, 14, 21]
[1, 2, 8, 12, 19]
[16, 17, 18, 19, 20, 21, 22, 23, 24, 25, 26, 27, 28]


6
process id 5
stats
5, 15, 7, 100, 1000
20220817-201408
loosing coalitions taken
[3, 4, 5, 21, 24]
[1, 2, 10, 12, 13]
[2, 3, 5, 23]
[3, 4, 6, 9, 20]
[1, 2, 8, 14, 20]
[1, 3, 7, 10, 24]
[1, 2, 7, 9]
[1, 5, 6, 15, 21]
[1, 3, 8, 11, 16]
[1, 4, 6, 26]
[2, 3, 6, 12]
[2, 4, 6, 11, 17]
[2, 4, 5, 19]
[1, 4, 8, 10, 15]
[16, 17, 18, 19, 20, 21, 22, 23, 24, 25, 26, 27, 28]


6
process id 7
stats
5, 15, 7, 100, 1000
20220817-201409
loosing coalitions taken
[1, 5, 6, 15, 21]
[2, 4, 5, 22, 24]
[3, 4, 5, 15]
[2, 3, 6, 11]
[3, 4, 6, 13, 17]
[2, 3, 5, 26, 28]
[1, 4, 7, 13, 14]
[1, 2, 7, 10, 21]
[1, 2, 8, 12, 19]
[1, 3, 8, 11, 16]
[2, 5, 6, 8, 9]
[1, 4, 6, 23]
[1, 2, 9, 11, 14]
[1, 3, 7, 9, 20]
[16, 17, 18, 19, 20, 21, 22, 23, 24, 25, 26, 27, 28]


