Results
Max overall: 17
Min avg pop: 0.645
Min pop: 0.6475

6
process id 6
stats
5, 17, 7, 100, 1000
20220820-112302
loosing coalitions taken
[2, 4, 5, 20]
[1, 4, 7, 9, 19]
[1, 2, 8, 11, 21]
[1, 2, 7, 14, 23]
[3, 4, 6, 15, 17]
[1, 3, 8, 12, 17]
[1, 4, 8, 13, 14]
[1, 2, 10, 12, 13]
[2, 3, 6, 14]
[2, 3, 5, 25]
[3, 4, 5, 16]
[2, 4, 6, 16, 18]
[1, 3, 9, 10, 11]
[1, 5, 6, 16, 20]
[1, 3, 7, 15, 20]
[2, 3, 7, 8, 10]
[16, 17, 18, 19, 20, 21, 22, 23, 24, 25, 26, 27, 28]


6
process id 7
stats
5, 17, 7, 100, 1000
20220820-112307
loosing coalitions taken
[1, 4, 8, 13, 14]
[1, 2, 7, 15, 22]
[1, 4, 7, 10, 19]
[1, 2, 9, 12, 13]
[1, 5, 6, 9, 26]
[1, 3, 8, 12, 19]
[1, 3, 7, 16, 17]
[3, 4, 6, 13, 20]
[1, 3, 9, 10, 11]
[2, 3, 6, 14]
[2, 4, 5, 18]
[3, 4, 5, 17, 27]
[2, 4, 6, 16, 17]
[2, 3, 5, 25]
[2, 3, 7, 8, 9]
[1, 2, 8, 11, 21]
[16, 17, 18, 19, 20, 21, 22, 23, 24, 25, 26, 27, 28]


6
process id 2
stats
5, 17, 7, 100, 1000
20220820-112503
loosing coalitions taken
[1, 5, 6, 11, 23]
[3, 4, 5, 17, 26]
[2, 4, 5, 21, 27]
[1, 4, 7, 10, 18]
[3, 4, 6, 13, 21]
[2, 3, 7, 8, 9]
[2, 3, 5, 25]
[2, 4, 6, 10, 24]
[1, 3, 8, 15, 16]
[1, 3, 7, 13, 22]
[1, 2, 7, 16, 20]
[1, 3, 9, 10, 12]
[1, 4, 8, 11, 14]
[1, 2, 9, 11, 13]
[2, 3, 6, 16, 23]
[1, 2, 8, 12, 21]
[16, 17, 18, 19, 20, 21, 22, 23, 24, 25, 26, 27, 28]


7
process id 4
stats
5, 17, 7, 100, 1000
20220820-112526
loosing coalitions taken
[3, 4, 6, 15, 17]
[2, 4, 5, 20]
[2, 3, 7, 8, 9]
[1, 2, 10, 12, 13]
[1, 2, 8, 15, 17]
[1, 3, 9, 10, 11]
[1, 4, 7, 10, 19]
[1, 5, 6, 13, 24]
[1, 4, 8, 13, 14]
[2, 3, 6, 14]
[2, 3, 5, 25]
[2, 4, 6, 10, 23]
[1, 2, 7, 16, 21]
[3, 4, 5, 18, 27]
[1, 3, 7, 15, 20]
[1, 3, 8, 12, 18]
[16, 17, 18, 19, 20, 21, 22, 23, 24, 25, 26, 27, 28]


6
process id 1
stats
5, 17, 7, 100, 1000
20220820-112559
loosing coalitions taken
[1, 2, 7, 16, 21]
[1, 3, 9, 10, 12]
[3, 4, 6, 15, 17]
[1, 4, 7, 9, 19]
[1, 3, 8, 15, 16]
[1, 3, 7, 11, 23]
[2, 4, 5, 20]
[1, 2, 10, 11, 14]
[1, 5, 6, 10, 26]
[1, 4, 8, 11, 13]
[2, 3, 6, 14]
[2, 4, 6, 9, 24]
[1, 2, 8, 12, 20]
[2, 3, 5, 25]
[2, 3, 7, 8, 10]
[3, 4, 5, 16]
[16, 17, 18, 19, 20, 21, 22, 23, 24, 25, 26, 27, 28]


7
process id 2
stats
5, 17, 7, 100, 1000
20220820-112903
loosing coalitions taken
[1, 2, 9, 11, 14]
[2, 3, 6, 16, 23]
[1, 4, 8, 10, 15]
[1, 3, 8, 11, 18]
[1, 5, 6, 12, 24]
[1, 2, 7, 17, 19]
[1, 2, 8, 12, 21]
[1, 3, 9, 10, 12]
[1, 4, 7, 14, 16]
[2, 4, 6, 15, 20]
[3, 4, 5, 19, 26]
[2, 3, 5, 25, 27]
[2, 3, 7, 8, 9]
[1, 3, 7, 15, 20]
[2, 4, 5, 17]
[3, 4, 6, 9, 22]
[16, 17, 18, 19, 20, 21, 22, 23, 24, 25, 26, 27, 28]


6
process id 1
stats
5, 17, 7, 100, 1000
20220820-112925
loosing coalitions taken
[1, 2, 8, 15, 17]
[1, 2, 9, 12, 13]
[1, 2, 7, 11, 27]
[1, 5, 6, 9, 25]
[1, 3, 8, 12, 18]
[2, 4, 5, 20]
[1, 4, 8, 13, 14]
[1, 4, 7, 10, 19]
[2, 4, 6, 16, 19]
[3, 4, 6, 11, 21]
[2, 3, 6, 14]
[1, 3, 9, 10, 11]
[2, 3, 5, 26, 27]
[3, 4, 5, 16]
[1, 3, 7, 14, 22]
[2, 3, 7, 8, 10]
[16, 17, 18, 19, 20, 21, 22, 23, 24, 25, 26, 27, 28]


6
process id 2
stats
5, 17, 7, 100, 1000
20220820-112928
loosing coalitions taken
[1, 3, 8, 11, 17]
[1, 2, 8, 12, 21]
[1, 2, 7, 17, 18]
[2, 4, 5, 20, 27]
[1, 2, 10, 11, 13]
[1, 3, 9, 10, 12]
[1, 3, 7, 15, 21]
[1, 4, 8, 13, 14]
[3, 4, 5, 17, 28]
[2, 3, 6, 15, 26]
[2, 4, 6, 12, 22]
[1, 4, 7, 9, 19]
[3, 4, 6, 13, 20]
[1, 5, 6, 11, 25]
[2, 3, 7, 8, 9]
[2, 3, 5, 24]
[16, 17, 18, 19, 20, 21, 22, 23, 24, 25, 26, 27, 28]


6
process id 4
stats
5, 17, 7, 100, 1000
20220820-113015
loosing coalitions taken
[1, 2, 9, 12, 13]
[1, 3, 8, 12, 17]
[2, 4, 6, 13, 22]
[1, 2, 7, 11, 27]
[1, 3, 7, 13, 22]
[2, 4, 5, 20]
[1, 5, 6, 12, 24]
[1, 3, 9, 10, 11]
[2, 3, 6, 17, 21]
[3, 4, 6, 14, 20]
[2, 3, 5, 25]
[1, 4, 7, 10, 17]
[1, 2, 8, 14, 18]
[2, 3, 7, 8, 10]
[1, 4, 8, 11, 13]
[3, 4, 5, 16]
[16, 17, 18, 19, 20, 21, 22, 23, 24, 25, 26, 27, 28]


6
process id 6
stats
5, 17, 7, 100, 1000
20220820-113321
loosing coalitions taken
[3, 4, 6, 15, 17]
[1, 2, 9, 11, 14]
[1, 3, 7, 15, 20]
[1, 2, 8, 15, 17]
[1, 3, 8, 11, 18]
[1, 2, 7, 10, 26]
[2, 3, 6, 13]
[1, 4, 8, 13, 14]
[1, 4, 7, 11, 17]
[1, 5, 6, 16, 20]
[2, 3, 7, 8, 9]
[2, 3, 5, 25, 27]
[2, 4, 5, 20]
[3, 4, 5, 16]
[2, 4, 6, 9, 24]
[1, 3, 9, 10, 12]
[16, 17, 18, 19, 20, 21, 22, 23, 24, 25, 26, 27, 28]


6
process id 2
stats
5, 17, 7, 100, 1000
20220820-113506
loosing coalitions taken
[1, 2, 7, 9]
[3, 4, 6, 13, 21]
[2, 4, 5, 20]
[1, 4, 8, 13, 14]
[1, 3, 8, 11, 18]
[2, 3, 5, 25, 28]
[2, 5, 6, 7, 16]
[2, 3, 6, 14]
[1, 5, 6, 11, 24]
[1, 3, 7, 16, 19]
[1, 2, 8, 12, 21]
[1, 3, 9, 10, 12]
[2, 3, 7, 8, 10]
[2, 4, 6, 9, 24]
[3, 4, 5, 16]
[1, 2, 10, 11, 14]
[16, 17, 18, 19, 20, 21, 22, 23, 24, 25, 26, 27, 28]


6
process id 2
stats
5, 17, 7, 100, 1000
20220820-113614
loosing coalitions taken
[1, 3, 9, 10, 11]
[2, 3, 6, 16, 24]
[3, 4, 6, 13, 21]
[1, 5, 6, 13, 24]
[1, 3, 8, 12, 19]
[1, 4, 7, 10, 18]
[1, 2, 9, 12, 14]
[1, 2, 7, 17, 19]
[1, 3, 7, 14, 22]
[1, 4, 8, 13, 14]
[2, 3, 5, 25, 27]
[2, 3, 7, 8, 9]
[2, 4, 5, 21, 26]
[3, 4, 5, 16]
[2, 4, 6, 9, 25]
[1, 2, 8, 11, 21]
[16, 17, 18, 19, 20, 21, 22, 23, 24, 25, 26, 27, 28]


6
process id 7
stats
5, 17, 7, 100, 1000
20220820-113701
loosing coalitions taken
[1, 3, 8, 12, 19]
[1, 2, 7, 9, 28]
[1, 4, 8, 9, 15]
[2, 3, 7, 8, 10]
[3, 4, 6, 13, 21]
[2, 4, 5, 20]
[1, 5, 6, 12, 24]
[1, 2, 10, 12, 13]
[1, 3, 9, 10, 11]
[1, 3, 7, 14, 22]
[1, 4, 7, 10, 17]
[2, 3, 6, 14]
[2, 3, 5, 23]
[3, 4, 5, 17, 27]
[2, 4, 6, 9, 24]
[1, 2, 8, 14, 17]
[16, 17, 18, 19, 20, 21, 22, 23, 24, 25, 26, 27, 28]


6
process id 2
stats
5, 17, 7, 100, 1000
20220820-113723
loosing coalitions taken
[1, 4, 7, 9, 19]
[1, 3, 7, 15, 20]
[2, 4, 6, 16, 17]
[1, 2, 9, 11, 14]
[3, 4, 5, 21, 23]
[1, 5, 6, 11, 25]
[1, 3, 8, 11, 18]
[2, 3, 6, 14]
[1, 4, 8, 10, 15]
[1, 2, 7, 12, 25]
[2, 4, 5, 20]
[2, 3, 5, 24]
[3, 4, 6, 12, 20]
[1, 3, 9, 10, 12]
[1, 2, 8, 13, 19]
[2, 3, 7, 8, 10]
[16, 17, 18, 19, 20, 21, 22, 23, 24, 25, 26, 27, 28]


6
process id 7
stats
5, 17, 7, 100, 1000
20220820-113738
loosing coalitions taken
[1, 2, 8, 15, 17]
[1, 2, 7, 11, 27]
[1, 5, 6, 13, 24]
[1, 3, 9, 10, 11]
[1, 3, 7, 13, 22]
[2, 3, 6, 15, 27]
[2, 3, 7, 8, 10]
[2, 4, 5, 20]
[1, 4, 7, 9, 19]
[1, 3, 8, 12, 18]
[2, 3, 5, 23]
[3, 4, 6, 14, 20]
[2, 4, 6, 11, 23]
[1, 4, 8, 13, 14]
[3, 4, 5, 16]
[1, 2, 10, 12, 14]
[16, 17, 18, 19, 20, 21, 22, 23, 24, 25, 26, 27, 28]


6
process id 2
stats
5, 17, 7, 100, 1000
20220820-113824
loosing coalitions taken
[1, 2, 7, 11, 27]
[1, 2, 10, 12, 13]
[1, 5, 6, 11, 25]
[1, 2, 8, 15, 17]
[1, 3, 7, 13, 22]
[2, 3, 6, 13]
[1, 3, 8, 12, 19]
[1, 3, 9, 10, 11]
[1, 4, 7, 9, 17]
[2, 3, 5, 24]
[3, 4, 6, 9, 22]
[1, 4, 8, 13, 14]
[2, 4, 6, 10, 23]
[2, 3, 7, 8, 10]
[2, 4, 5, 19]
[3, 4, 5, 16]
[16, 17, 18, 19, 20, 21, 22, 23, 24, 25, 26, 27, 28]


7
process id 3
stats
5, 17, 7, 100, 1000
20220820-114829
loosing coalitions taken
[1, 4, 8, 13, 14]
[2, 4, 5, 20]
[1, 3, 8, 12, 18]
[1, 3, 9, 10, 11]
[1, 4, 7, 10, 18]
[1, 3, 7, 16, 19]
[2, 3, 7, 8, 9]
[2, 3, 6, 16, 24]
[3, 4, 6, 9, 22]
[1, 2, 9, 12, 13]
[1, 2, 8, 15, 17]
[1, 5, 6, 11, 25]
[1, 2, 7, 11, 26]
[2, 3, 5, 23]
[3, 4, 5, 18, 27]
[2, 4, 6, 10, 23]
[16, 17, 18, 19, 20, 21, 22, 23, 24, 25, 26, 27, 28]


7
process id 5
stats
5, 17, 7, 100, 1000
20220820-114847
loosing coalitions taken
[1, 3, 7, 16, 18]
[3, 4, 5, 18, 26]
[1, 3, 9, 10, 12]
[1, 2, 9, 11, 14]
[1, 4, 8, 13, 14]
[1, 3, 8, 11, 19]
[3, 4, 6, 15, 17]
[1, 2, 8, 12, 21]
[1, 2, 7, 10, 27]
[1, 5, 6, 10, 26]
[2, 4, 6, 12, 22]
[2, 3, 6, 13]
[2, 4, 5, 19]
[2, 3, 5, 24]
[1, 4, 7, 11, 17]
[2, 3, 7, 8, 9]
[16, 17, 18, 19, 20, 21, 22, 23, 24, 25, 26, 27, 28]


