Results
Max overall: 15
Min avg pop: 0.63
Min pop: 0.63

6
process id 4
stats
5, 15, 7, 100, 1000
20220819-091857
loosing coalitions taken
[1, 2, 9, 11, 14]
[1, 4, 7, 8, 25]
[3, 4, 5, 17, 26]
[1, 3, 7, 12, 21]
[2, 4, 5, 18]
[1, 3, 8, 9, 18]
[1, 2, 7, 16, 19]
[1, 5, 6, 11, 23]
[1, 2, 8, 12, 15]
[2, 3, 5, 15]
[2, 4, 6, 9, 24]
[1, 4, 6, 22]
[2, 3, 6, 13]
[3, 4, 6, 8]
[16, 17, 18, 19, 20, 21, 22, 23, 24, 25, 26, 27, 28]


5
process id 6
stats
5, 15, 7, 100, 1000
20220819-091901
loosing coalitions taken
[1, 3, 8, 9, 20]
[1, 2, 9, 11, 14]
[1, 2, 8, 15, 16]
[1, 3, 7, 15, 17]
[1, 4, 8, 12, 13]
[2, 3, 6, 10]
[2, 4, 5, 19]
[2, 3, 5, 14]
[3, 4, 5, 16, 18]
[1, 5, 6, 15, 18]
[1, 3, 6, 25]
[1, 4, 7, 9, 18]
[1, 4, 6, 23, 27]
[2, 4, 6, 12, 22]
[16, 17, 18, 19, 20, 21, 22, 23, 24, 25, 26, 27, 28]


6
process id 2
stats
5, 15, 7, 100, 1000
20220819-091925
loosing coalitions taken
[2, 3, 6, 10]
[1, 4, 8, 10, 13]
[1, 5, 6, 15, 19]
[1, 2, 7, 13, 25]
[3, 4, 5, 15, 27]
[1, 4, 6, 24]
[1, 2, 8, 12, 19]
[1, 3, 8, 9, 18]
[2, 3, 5, 16]
[2, 4, 5, 12]
[3, 4, 6, 14, 16]
[1, 3, 7, 12, 17]
[1, 4, 7, 11, 14]
[1, 3, 6, 23]
[16, 17, 18, 19, 20, 21, 22, 23, 24, 25, 26, 27, 28]


5
process id 5
stats
5, 15, 7, 100, 1000
20220819-092041
loosing coalitions taken
[1, 3, 7, 10, 23]
[1, 2, 7, 13, 17]
[1, 3, 8, 9, 20]
[1, 2, 8, 10, 16]
[1, 2, 9, 11, 12]
[2, 3, 6, 12, 27]
[1, 5, 6, 14, 20]
[1, 4, 8, 13, 14]
[2, 3, 5, 21, 24]
[2, 4, 6, 10, 17]
[3, 4, 5, 9, 27]
[2, 4, 5, 20]
[1, 4, 7, 9, 15]
[1, 4, 6, 25]
[16, 17, 18, 19, 20, 21, 22, 23, 24, 25, 26, 27, 28]


6
process id 2
stats
5, 15, 7, 100, 1000
20220819-092047
loosing coalitions taken
[3, 4, 5, 17, 23]
[1, 5, 6, 12, 20]
[1, 2, 9, 11, 12]
[1, 2, 8, 15, 16]
[1, 3, 7, 10, 22]
[2, 4, 5, 21, 26]
[2, 3, 6, 9]
[2, 3, 5, 20, 22]
[3, 4, 6, 10, 18]
[1, 4, 6, 27]
[1, 4, 8, 9, 14]
[2, 4, 6, 13, 15]
[3, 5, 6, 7, 13]
[1, 4, 7, 11, 17]
[16, 17, 18, 19, 20, 21, 22, 23, 24, 25, 26, 27, 28]


6
process id 3
stats
5, 15, 7, 100, 1000
20220819-092132
loosing coalitions taken
[1, 2, 8, 9, 22]
[2, 3, 6, 9]
[1, 3, 7, 12, 20]
[1, 2, 10, 12, 13]
[1, 5, 6, 11, 22]
[2, 4, 5, 19]
[1, 3, 8, 13, 16]
[1, 2, 7, 16, 17]
[3, 4, 6, 15, 16]
[2, 3, 5, 23]
[1, 4, 7, 8]
[1, 4, 6, 25, 27]
[3, 4, 5, 10]
[2, 4, 6, 8]
[16, 17, 18, 19, 20, 21, 22, 23, 24, 25, 26, 27, 28]


6
process id 6
stats
5, 15, 7, 100, 1000
20220819-092159
loosing coalitions taken
[3, 4, 6, 10, 15]
[1, 5, 6, 11, 19]
[2, 4, 6, 9, 24]
[1, 4, 7, 9, 14]
[1, 2, 7, 15, 20]
[1, 3, 8, 9, 20]
[1, 3, 7, 13, 21]
[1, 4, 8, 11, 13]
[1, 4, 6, 28]
[2, 4, 5, 18, 22]
[2, 3, 5, 14, 27]
[3, 4, 5, 12]
[1, 2, 8, 10, 19]
[2, 3, 6, 13]
[16, 17, 18, 19, 20, 21, 22, 23, 24, 25, 26, 27, 28]


6
process id 1
stats
5, 15, 7, 100, 1000
20220819-092210
loosing coalitions taken
[1, 2, 7, 16, 17]
[1, 4, 8, 10, 11]
[1, 2, 8, 13, 19]
[2, 4, 6, 14, 19]
[1, 4, 7, 9, 19]
[1, 3, 7, 11, 22]
[2, 3, 6, 13]
[1, 2, 10, 12, 14]
[1, 4, 6, 27]
[1, 3, 8, 9, 16]
[2, 3, 5, 11]
[2, 4, 5, 13]
[1, 5, 6, 15, 20]
[3, 4, 5, 15]
[16, 17, 18, 19, 20, 21, 22, 23, 24, 25, 26, 27, 28]


6
process id 5
stats
5, 15, 7, 100, 1000
20220819-092215
loosing coalitions taken
[2, 3, 6, 10]
[1, 2, 8, 14, 20]
[1, 2, 9, 11, 13]
[3, 4, 5, 19, 22]
[1, 3, 7, 9, 18]
[1, 2, 7, 12, 25]
[1, 4, 6, 28]
[1, 3, 8, 11, 16]
[2, 4, 5, 18, 28]
[1, 3, 6, 27]
[2, 3, 5, 11, 27]
[3, 4, 6, 8]
[1, 5, 6, 9, 22]
[1, 4, 8, 10, 13]
[16, 17, 18, 19, 20, 21, 22, 23, 24, 25, 26, 27, 28]


5
process id 3
stats
5, 15, 7, 100, 1000
20220819-092241
loosing coalitions taken
[1, 3, 8, 11, 18]
[3, 4, 5, 12, 27]
[3, 4, 6, 9, 21]
[1, 4, 7, 9, 19]
[1, 4, 8, 10, 14]
[1, 3, 7, 13, 20]
[1, 2, 9, 11, 13]
[2, 4, 6, 15, 20]
[1, 2, 7, 8]
[1, 5, 6, 14, 19]
[2, 3, 6, 14, 16]
[2, 3, 5, 20, 26]
[2, 4, 5, 17]
[1, 3, 6, 26]
[16, 17, 18, 19, 20, 21, 22, 23, 24, 25, 26, 27, 28]


6
process id 7
stats
5, 15, 7, 100, 1000
20220819-092243
loosing coalitions taken
[1, 4, 8, 10, 12]
[1, 3, 7, 15, 18]
[1, 2, 8, 15, 16]
[1, 2, 7, 12, 24]
[1, 2, 9, 10, 11]
[2, 4, 6, 16, 19]
[1, 4, 7, 9, 16]
[1, 5, 6, 12, 17]
[1, 4, 6, 21, 25]
[2, 3, 5, 17, 25]
[2, 3, 6, 13, 23]
[3, 4, 5, 15, 24]
[2, 4, 5, 11]
[1, 3, 6, 26]
[16, 17, 18, 19, 20, 21, 22, 23, 24, 25, 26, 27, 28]


5
process id 7
stats
5, 15, 7, 100, 1000
20220819-092249
loosing coalitions taken
[1, 4, 8, 13, 14]
[1, 2, 7, 15, 17]
[2, 3, 5, 21]
[1, 2, 8, 10, 18]
[1, 3, 9, 10, 12]
[3, 4, 6, 8]
[1, 4, 7, 9, 19]
[1, 3, 7, 11, 18]
[1, 2, 6, 26, 27]
[3, 4, 5, 11, 17]
[1, 5, 6, 10, 23]
[2, 3, 6, 12]
[1, 4, 6, 24]
[2, 4, 5, 13, 23]
[16, 17, 18, 19, 20, 21, 22, 23, 24, 25, 26, 27, 28]


6
process id 6
stats
5, 15, 7, 100, 1000
20220819-092309
loosing coalitions taken
[2, 3, 6, 14]
[1, 2, 9, 11, 12]
[1, 3, 8, 13, 16]
[1, 4, 7, 12, 16]
[3, 4, 5, 16]
[1, 2, 8, 15, 17]
[1, 3, 7, 9, 18]
[1, 2, 7, 10, 23]
[2, 3, 5, 25]
[1, 3, 6, 28]
[1, 4, 6, 24]
[3, 4, 6, 8]
[2, 4, 5, 9, 22]
[2, 4, 6, 15, 21]
[16, 17, 18, 19, 20, 21, 22, 23, 24, 25, 26, 27, 28]


5
process id 0
stats
5, 15, 7, 100, 1000
20220819-092311
loosing coalitions taken
[2, 4, 5, 18]
[2, 3, 6, 11]
[1, 3, 7, 13, 21]
[1, 2, 9, 10, 12]
[1, 3, 8, 9, 16]
[1, 4, 7, 8, 20]
[1, 3, 6, 27]
[1, 4, 6, 28]
[1, 2, 8, 14, 18]
[2, 3, 5, 21]
[1, 2, 7, 11, 19]
[3, 4, 5, 12]
[1, 5, 6, 9, 26]
[2, 4, 6, 10, 24]
[16, 17, 18, 19, 20, 21, 22, 23, 24, 25, 26, 27, 28]


5
process id 1
stats
5, 15, 7, 100, 1000
20220819-092339
loosing coalitions taken
[1, 2, 8, 14, 17]
[1, 4, 7, 10, 18]
[1, 3, 7, 9, 20]
[1, 3, 8, 10, 19]
[1, 2, 7, 12, 22]
[1, 4, 6, 24, 26]
[2, 3, 6, 12, 28]
[1, 4, 8, 9, 15]
[3, 4, 6, 13, 17]
[1, 5, 6, 10, 20]
[1, 2, 9, 11, 13]
[3, 4, 5, 12, 25]
[2, 3, 5, 21]
[2, 4, 6, 8]
[16, 17, 18, 19, 20, 21, 22, 23, 24, 25, 26, 27, 28]


6
process id 2
stats
5, 15, 7, 100, 1000
20220819-092356
loosing coalitions taken
[1, 3, 8, 11, 16]
[1, 2, 9, 11, 12]
[1, 2, 7, 13, 23]
[2, 4, 6, 8]
[1, 4, 7, 9, 15]
[3, 4, 5, 16, 26]
[2, 3, 6, 13]
[1, 4, 6, 28]
[1, 5, 6, 13, 20]
[1, 3, 6, 26]
[2, 3, 5, 14]
[1, 3, 7, 12, 19]
[2, 4, 5, 20]
[1, 2, 8, 14, 18]
[16, 17, 18, 19, 20, 21, 22, 23, 24, 25, 26, 27, 28]


5
process id 4
stats
5, 15, 7, 100, 1000
20220819-092414
loosing coalitions taken
[1, 2, 7, 16, 18]
[1, 3, 7, 12, 19]
[1, 2, 9, 11, 12]
[1, 4, 7, 13, 14]
[2, 3, 5, 25]
[1, 4, 6, 24, 28]
[2, 4, 6, 16, 19]
[1, 5, 6, 14, 19]
[1, 4, 8, 9, 15]
[2, 4, 5, 9]
[3, 4, 5, 13, 22]
[1, 3, 6, 26]
[2, 3, 6, 14]
[1, 3, 8, 11, 18]
[16, 17, 18, 19, 20, 21, 22, 23, 24, 25, 26, 27, 28]


6
process id 7
stats
5, 15, 7, 100, 1000
20220819-092420
loosing coalitions taken
[3, 4, 5, 15, 26]
[1, 4, 8, 9, 13]
[1, 3, 7, 16, 19]
[1, 2, 9, 12, 14]
[1, 3, 8, 12, 18]
[3, 4, 6, 11, 19]
[1, 5, 6, 13, 23]
[1, 2, 7, 15, 22]
[2, 4, 6, 10, 23]
[2, 4, 5, 16, 17]
[2, 3, 6, 14, 17]
[1, 3, 6, 25]
[2, 3, 5, 24]
[1, 2, 8, 11, 20]
[16, 17, 18, 19, 20, 21, 22, 23, 24, 25, 26, 27, 28]


5
process id 7
stats
5, 15, 7, 100, 1000
20220819-092426
loosing coalitions taken
[2, 4, 5, 19]
[1, 2, 9, 10, 14]
[1, 2, 8, 15, 16]
[1, 2, 7, 11, 24]
[1, 4, 6, 22]
[1, 3, 7, 13, 20]
[3, 4, 5, 14]
[1, 4, 7, 8]
[2, 4, 6, 11, 17]
[2, 3, 6, 12]
[1, 5, 6, 10, 20]
[2, 3, 5, 11]
[1, 3, 8, 11, 18]
[3, 4, 6, 8]
[16, 17, 18, 19, 20, 21, 22, 23, 24, 25, 26, 27, 28]


5
process id 2
stats
5, 15, 7, 100, 1000
20220819-092453
loosing coalitions taken
[1, 2, 7, 14, 23]
[2, 4, 6, 9, 23]
[1, 4, 7, 8, 26]
[1, 2, 9, 10, 12]
[1, 3, 8, 12, 18]
[1, 3, 7, 11, 22]
[2, 4, 5, 17, 19]
[1, 3, 6, 27]
[3, 4, 5, 15, 25]
[1, 2, 8, 13, 15]
[3, 4, 6, 14, 16]
[1, 4, 6, 20, 25]
[2, 3, 5, 24]
[1, 5, 6, 9, 22]
[16, 17, 18, 19, 20, 21, 22, 23, 24, 25, 26, 27, 28]


5
process id 2
stats
5, 15, 7, 100, 1000
20220819-092504
loosing coalitions taken
[3, 4, 5, 21, 22]
[1, 2, 10, 12, 13]
[1, 2, 8, 9, 16]
[2, 3, 6, 11, 25]
[1, 5, 6, 10, 22]
[1, 4, 6, 23]
[1, 2, 7, 15, 22]
[1, 3, 8, 11, 19]
[1, 3, 7, 9, 18]
[2, 3, 5, 19]
[3, 4, 6, 13, 17]
[2, 4, 5, 15]
[2, 4, 6, 8]
[1, 4, 7, 11, 16]
[16, 17, 18, 19, 20, 21, 22, 23, 24, 25, 26, 27, 28]


6
process id 7
stats
5, 15, 7, 100, 1000
20220819-092601
loosing coalitions taken
[2, 3, 5, 24]
[1, 2, 7, 12, 20]
[1, 5, 6, 14, 18]
[1, 4, 8, 12, 13]
[1, 4, 7, 10, 18]
[1, 3, 8, 11, 16]
[1, 2, 8, 9, 22]
[1, 3, 7, 14, 15]
[1, 3, 6, 23, 26]
[3, 4, 5, 12, 28]
[1, 4, 6, 28]
[2, 4, 6, 10, 22]
[2, 3, 6, 11]
[2, 4, 5, 16, 23]
[16, 17, 18, 19, 20, 21, 22, 23, 24, 25, 26, 27, 28]


5
process id 4
stats
5, 15, 7, 100, 1000
20220819-092602
loosing coalitions taken
[1, 2, 7, 13, 22]
[1, 2, 8, 14, 19]
[1, 3, 7, 15, 18]
[3, 4, 5, 16]
[2, 4, 6, 15, 20]
[1, 4, 8, 9, 15]
[1, 4, 6, 25]
[1, 2, 6, 23, 27]
[1, 3, 8, 11, 12]
[2, 3, 6, 13]
[2, 3, 7, 8, 9]
[2, 4, 5, 11]
[2, 3, 5, 14]
[1, 3, 6, 28]
[16, 17, 18, 19, 20, 21, 22, 23, 24, 25, 26, 27, 28]


6
process id 0
stats
5, 15, 7, 100, 1000
20220819-092604
loosing coalitions taken
[2, 4, 6, 13, 20]
[1, 3, 9, 10, 12]
[2, 3, 6, 14, 24]
[1, 2, 7, 10, 22]
[3, 4, 5, 19, 25]
[1, 4, 8, 9, 13]
[1, 3, 8, 11, 19]
[1, 2, 8, 12, 18]
[1, 3, 7, 15, 18]
[2, 3, 5, 17, 26]
[2, 4, 5, 16]
[3, 4, 6, 8]
[1, 2, 6, 27, 28]
[1, 5, 6, 9, 22]
[16, 17, 18, 19, 20, 21, 22, 23, 24, 25, 26, 27, 28]


5
process id 2
stats
5, 15, 7, 100, 1000
20220819-092703
loosing coalitions taken
[1, 3, 7, 15, 21]
[1, 2, 8, 11, 20]
[2, 4, 5, 20]
[2, 3, 6, 13]
[1, 5, 6, 10, 25]
[1, 4, 7, 11, 13]
[1, 2, 7, 17, 19]
[2, 3, 5, 16, 22]
[1, 4, 6, 24]
[1, 3, 8, 12, 13]
[2, 4, 6, 8]
[1, 2, 6, 23]
[3, 4, 5, 15]
[1, 4, 8, 10, 15]
[16, 17, 18, 19, 20, 21, 22, 23, 24, 25, 26, 27, 28]


5
process id 7
stats
5, 15, 7, 100, 1000
20220819-092715
loosing coalitions taken
[1, 3, 7, 11, 21]
[1, 3, 8, 9, 19]
[1, 5, 6, 11, 23]
[1, 4, 8, 10, 11]
[1, 4, 7, 12, 15]
[2, 3, 6, 12, 25]
[1, 2, 8, 14, 20]
[2, 3, 5, 24]
[2, 4, 6, 13, 20]
[1, 4, 6, 27]
[2, 4, 5, 19, 28]
[3, 4, 5, 13, 21]
[1, 3, 6, 24]
[1, 2, 7, 13, 22]
[16, 17, 18, 19, 20, 21, 22, 23, 24, 25, 26, 27, 28]


6
process id 0
stats
5, 15, 7, 100, 1000
20220819-092719
loosing coalitions taken
[3, 4, 6, 12, 18]
[2, 3, 5, 22]
[1, 4, 7, 14, 16]
[1, 2, 9, 11, 12]
[1, 2, 8, 13, 20]
[2, 4, 6, 16, 19]
[1, 4, 6, 27]
[1, 3, 8, 11, 16]
[2, 4, 5, 13]
[2, 3, 6, 13, 21]
[1, 5, 6, 15, 17]
[1, 3, 7, 9, 21]
[3, 4, 5, 21, 24]
[1, 2, 7, 15, 22]
[16, 17, 18, 19, 20, 21, 22, 23, 24, 25, 26, 27, 28]


5
process id 0
stats
5, 15, 7, 100, 1000
20220819-092739
loosing coalitions taken
[1, 5, 6, 10, 25]
[1, 4, 7, 9, 17]
[1, 3, 9, 10, 12]
[2, 3, 6, 13, 28]
[1, 3, 7, 13, 20]
[1, 2, 7, 14, 19]
[2, 3, 5, 24]
[1, 4, 8, 12, 14]
[1, 3, 8, 11, 15]
[1, 2, 8, 9, 20]
[2, 4, 6, 8, 27]
[3, 4, 5, 11]
[2, 4, 5, 9]
[3, 4, 6, 10, 14]
[16, 17, 18, 19, 20, 21, 22, 23, 24, 25, 26, 27, 28]


5
process id 6
stats
5, 15, 7, 100, 1000
20220819-092825
loosing coalitions taken
[2, 4, 5, 16]
[1, 2, 7, 9, 25]
[1, 3, 8, 12, 17]
[1, 4, 8, 9, 15]
[2, 3, 7, 8, 10]
[1, 2, 8, 13, 18]
[2, 3, 6, 15, 21]
[2, 3, 5, 20, 25]
[1, 4, 7, 10, 12]
[1, 5, 6, 11, 25]
[3, 4, 5, 12]
[2, 4, 6, 13, 14]
[1, 3, 7, 13, 14]
[1, 4, 6, 20]
[16, 17, 18, 19, 20, 21, 22, 23, 24, 25, 26, 27, 28]


5
process id 6
stats
5, 15, 7, 100, 1000
20220819-092830
loosing coalitions taken
[2, 3, 6, 13, 26]
[1, 3, 7, 11, 20]
[1, 2, 9, 11, 13]
[2, 4, 6, 11, 20]
[1, 5, 6, 15, 18]
[1, 2, 7, 10, 22]
[3, 4, 6, 10, 16]
[1, 3, 8, 10, 17]
[1, 2, 8, 12, 20]
[1, 4, 7, 13, 16]
[3, 4, 5, 12, 24]
[2, 3, 5, 18, 28]
[2, 4, 5, 15]
[1, 3, 6, 25]
[16, 17, 18, 19, 20, 21, 22, 23, 24, 25, 26, 27, 28]


6
process id 5
stats
5, 15, 7, 100, 1000
20220819-092844
loosing coalitions taken
[1, 3, 8, 11, 19]
[1, 4, 7, 14, 15]
[2, 3, 7, 8, 10]
[1, 3, 7, 9, 20]
[1, 2, 9, 10, 14]
[3, 4, 5, 13, 25]
[2, 3, 5, 19, 23]
[1, 2, 8, 13, 18]
[2, 4, 5, 14, 26]
[1, 2, 7, 16, 19]
[2, 4, 6, 12, 18]
[1, 5, 6, 10, 21]
[1, 4, 6, 25]
[2, 3, 6, 9]
[16, 17, 18, 19, 20, 21, 22, 23, 24, 25, 26, 27, 28]


5
process id 5
stats
5, 15, 7, 100, 1000
20220819-092846
loosing coalitions taken
[1, 2, 10, 11, 12]
[2, 3, 6, 11]
[1, 2, 7, 14, 24]
[1, 4, 7, 9, 18]
[1, 5, 6, 15, 20]
[1, 2, 8, 9, 22]
[1, 4, 6, 27, 28]
[1, 3, 8, 13, 14]
[2, 4, 5, 19]
[1, 4, 8, 10, 15]
[2, 3, 5, 16]
[3, 4, 5, 11]
[3, 4, 6, 10, 17]
[1, 3, 6, 23]
[16, 17, 18, 19, 20, 21, 22, 23, 24, 25, 26, 27, 28]


