Results
Max overall: 15
Min avg pop: 0.631
Min pop: 0.63

6
process id 6
stats
5, 15, 7, 100, 1000
20220819-092914
loosing coalitions taken
[2, 3, 6, 19, 21]
[1, 3, 8, 12, 16]
[1, 4, 6, 27, 28]
[2, 3, 5, 25, 26]
[1, 4, 8, 10, 15]
[1, 2, 7, 17, 18]
[1, 2, 8, 13, 19]
[1, 2, 9, 10, 11]
[3, 4, 6, 11, 18]
[1, 3, 7, 9, 23]
[3, 4, 5, 13, 28]
[1, 5, 6, 15, 19]
[1, 3, 6, 22]
[2, 4, 5, 15]
[16, 17, 18, 19, 20, 21, 22, 23, 24, 25, 26, 27, 28]


5
process id 7
stats
5, 15, 7, 100, 1000
20220819-092919
loosing coalitions taken
[2, 3, 6, 14]
[1, 5, 6, 15, 17]
[1, 2, 9, 11, 13]
[1, 2, 7, 16, 20]
[1, 3, 7, 11, 21]
[1, 2, 8, 12, 21]
[2, 4, 5, 19]
[1, 4, 7, 8, 23]
[3, 4, 5, 11, 17]
[2, 3, 5, 16, 26]
[2, 4, 6, 8]
[1, 3, 8, 10, 15]
[1, 4, 6, 22]
[1, 3, 6, 28]
[16, 17, 18, 19, 20, 21, 22, 23, 24, 25, 26, 27, 28]


5
process id 0
stats
5, 15, 7, 100, 1000
20220819-092945
loosing coalitions taken
[2, 4, 5, 19, 25]
[1, 2, 7, 16, 18]
[2, 3, 6, 10]
[1, 5, 6, 11, 25]
[1, 4, 7, 11, 15]
[1, 3, 7, 9, 24]
[1, 3, 8, 11, 19]
[3, 4, 5, 16, 24]
[1, 4, 8, 9, 10]
[1, 2, 6, 23]
[1, 4, 6, 22]
[1, 2, 8, 13, 20]
[3, 4, 6, 7]
[2, 3, 5, 14]
[16, 17, 18, 19, 20, 21, 22, 23, 24, 25, 26, 27, 28]


6
process id 7
stats
5, 15, 7, 100, 1000
20220819-092950
loosing coalitions taken
[2, 3, 6, 15, 25]
[1, 3, 8, 10, 19]
[3, 4, 5, 21, 23]
[1, 4, 8, 9, 11]
[2, 3, 7, 8, 9]
[1, 2, 8, 12, 17]
[1, 2, 7, 13, 18]
[1, 4, 7, 10, 15]
[2, 4, 6, 9, 24]
[1, 5, 6, 13, 19]
[3, 4, 6, 13, 20]
[2, 4, 5, 14, 26]
[1, 3, 6, 24, 26]
[2, 3, 5, 18]
[16, 17, 18, 19, 20, 21, 22, 23, 24, 25, 26, 27, 28]


5
process id 6
stats
5, 15, 7, 100, 1000
20220819-093013
loosing coalitions taken
[3, 4, 6, 9, 22]
[1, 2, 10, 11, 14]
[1, 3, 7, 14, 21]
[1, 4, 6, 27]
[1, 2, 7, 13, 25]
[1, 3, 8, 9, 19]
[2, 4, 6, 10, 19]
[2, 3, 5, 24]
[1, 4, 7, 8]
[1, 5, 6, 12, 23]
[2, 4, 5, 20]
[2, 3, 6, 12]
[3, 4, 5, 10]
[1, 2, 8, 12, 18]
[16, 17, 18, 19, 20, 21, 22, 23, 24, 25, 26, 27, 28]


6
process id 5
stats
5, 15, 7, 100, 1000
20220819-093041
loosing coalitions taken
[2, 3, 5, 21]
[2, 4, 6, 11, 22]
[1, 5, 6, 14, 18]
[1, 4, 8, 10, 15]
[1, 3, 7, 11, 22]
[1, 4, 7, 9, 19]
[1, 2, 9, 10, 11]
[1, 2, 8, 14, 20]
[1, 2, 7, 16, 18]
[1, 3, 8, 9, 17]
[1, 4, 6, 24]
[3, 4, 6, 10, 14]
[3, 4, 5, 15, 26]
[2, 3, 6, 12]
[16, 17, 18, 19, 20, 21, 22, 23, 24, 25, 26, 27, 28]


6
process id 1
stats
5, 15, 7, 100, 1000
20220819-093047
loosing coalitions taken
[1, 4, 8, 12, 14]
[1, 3, 8, 11, 19]
[1, 5, 6, 15, 20]
[1, 3, 7, 9, 22]
[3, 4, 5, 18, 23]
[2, 4, 5, 21, 25]
[1, 4, 7, 11, 17]
[1, 2, 8, 10, 20]
[2, 4, 6, 10, 19]
[1, 2, 9, 11, 13]
[1, 2, 7, 12, 21]
[1, 4, 6, 18]
[2, 3, 5, 13, 26]
[2, 3, 6, 11]
[16, 17, 18, 19, 20, 21, 22, 23, 24, 25, 26, 27, 28]


6
process id 6
stats
5, 15, 7, 100, 1000
20220819-093050
loosing coalitions taken
[2, 3, 6, 15, 24]
[1, 2, 8, 11, 19]
[1, 4, 7, 14, 16]
[2, 4, 6, 12, 20]
[1, 3, 7, 9, 22]
[2, 5, 6, 8, 10]
[2, 4, 5, 17, 27]
[1, 2, 9, 10, 12]
[1, 2, 7, 13, 21]
[3, 4, 5, 18, 22]
[2, 3, 5, 23]
[3, 4, 6, 13, 21]
[1, 4, 6, 23]
[1, 3, 8, 13, 14]
[16, 17, 18, 19, 20, 21, 22, 23, 24, 25, 26, 27, 28]


5
process id 1
stats
5, 15, 7, 100, 1000
20220819-093051
loosing coalitions taken
[3, 4, 6, 10, 21]
[1, 3, 7, 9, 22]
[1, 2, 8, 14, 17]
[2, 4, 6, 16, 18]
[2, 3, 5, 17]
[1, 4, 7, 11, 13]
[1, 2, 7, 15, 21]
[1, 3, 8, 11, 19]
[1, 4, 8, 9, 15]
[1, 2, 9, 10, 12]
[2, 4, 5, 14]
[3, 4, 5, 12]
[1, 4, 6, 27]
[2, 3, 6, 13]
[16, 17, 18, 19, 20, 21, 22, 23, 24, 25, 26, 27, 28]


6
process id 2
stats
5, 15, 7, 100, 1000
20220819-093058
loosing coalitions taken
[1, 2, 9, 11, 14]
[1, 2, 7, 12, 23]
[1, 3, 8, 12, 19]
[1, 3, 7, 11, 20]
[1, 2, 8, 13, 18]
[1, 5, 6, 14, 17]
[2, 3, 6, 10]
[1, 4, 7, 8, 25]
[1, 4, 6, 26]
[2, 4, 5, 9]
[3, 4, 5, 14, 20]
[1, 3, 6, 27]
[2, 3, 5, 15, 27]
[2, 4, 6, 11, 21]
[16, 17, 18, 19, 20, 21, 22, 23, 24, 25, 26, 27, 28]


5
process id 6
stats
5, 15, 7, 100, 1000
20220819-093102
loosing coalitions taken
[3, 4, 6, 11, 20]
[1, 2, 7, 15, 21]
[1, 3, 8, 14, 15]
[1, 5, 6, 9, 26]
[2, 3, 5, 23]
[1, 4, 6, 25, 28]
[2, 4, 6, 16, 17]
[1, 3, 7, 10, 19]
[1, 2, 8, 11, 18]
[2, 4, 5, 13, 26]
[1, 3, 6, 27]
[2, 3, 7, 8, 9]
[1, 4, 8, 9, 12]
[2, 3, 6, 13]
[16, 17, 18, 19, 20, 21, 22, 23, 24, 25, 26, 27, 28]


5
process id 0
stats
5, 15, 7, 100, 1000
20220819-093103
loosing coalitions taken
[1, 2, 8, 9, 21]
[1, 3, 7, 15, 20]
[1, 3, 8, 12, 16]
[1, 2, 7, 13, 25]
[2, 3, 6, 16, 20]
[2, 3, 5, 21, 28]
[3, 4, 5, 9]
[2, 4, 6, 10, 24]
[1, 4, 6, 26, 27]
[1, 5, 6, 12, 24]
[1, 3, 6, 28]
[1, 4, 8, 10, 15]
[1, 2, 10, 11, 14]
[2, 3, 7, 8, 10]
[16, 17, 18, 19, 20, 21, 22, 23, 24, 25, 26, 27, 28]


5
process id 6
stats
5, 15, 7, 100, 1000
20220819-093114
loosing coalitions taken
[1, 5, 6, 12, 20]
[1, 3, 7, 14, 20]
[2, 3, 6, 18, 19]
[2, 3, 5, 24]
[1, 4, 8, 12, 13]
[1, 3, 6, 26]
[1, 4, 7, 9, 17]
[1, 2, 8, 15, 16]
[1, 2, 9, 12, 14]
[1, 4, 6, 18]
[2, 4, 5, 12]
[3, 4, 5, 10]
[2, 4, 6, 11, 23]
[1, 2, 7, 13, 19]
[16, 17, 18, 19, 20, 21, 22, 23, 24, 25, 26, 27, 28]


5
process id 0
stats
5, 15, 7, 100, 1000
20220819-093140
loosing coalitions taken
[2, 3, 6, 19, 20]
[2, 3, 5, 17]
[3, 4, 6, 12, 16]
[1, 2, 10, 11, 12]
[1, 2, 7, 13, 25]
[1, 3, 8, 10, 15]
[1, 5, 6, 12, 23]
[1, 4, 7, 9, 11]
[1, 2, 8, 14, 20]
[1, 3, 7, 14, 21]
[1, 4, 6, 19]
[2, 4, 5, 9]
[2, 4, 6, 14, 17]
[3, 4, 5, 13]
[16, 17, 18, 19, 20, 21, 22, 23, 24, 25, 26, 27, 28]


5
process id 5
stats
5, 15, 7, 100, 1000
20220819-093223
loosing coalitions taken
[3, 4, 6, 14, 17]
[1, 5, 6, 12, 19]
[1, 2, 9, 10, 12]
[1, 3, 7, 9, 20]
[2, 4, 6, 8, 27]
[1, 4, 7, 14, 16]
[1, 4, 8, 10, 11]
[1, 2, 7, 11, 19]
[1, 2, 8, 14, 18]
[2, 4, 5, 16, 19]
[1, 4, 6, 22]
[2, 3, 5, 15, 26]
[3, 4, 5, 9]
[2, 3, 6, 12]
[16, 17, 18, 19, 20, 21, 22, 23, 24, 25, 26, 27, 28]


5
process id 7
stats
5, 15, 7, 100, 1000
20220819-093225
loosing coalitions taken
[2, 4, 5, 17, 25]
[1, 3, 8, 12, 18]
[1, 2, 7, 14, 20]
[1, 5, 6, 12, 21]
[1, 3, 7, 16, 17]
[1, 4, 7, 12, 13]
[1, 2, 8, 10, 16]
[1, 4, 8, 9, 14]
[3, 4, 5, 16]
[1, 3, 6, 24, 25]
[2, 3, 6, 13]
[3, 4, 6, 8]
[2, 3, 5, 23]
[1, 4, 6, 27]
[16, 17, 18, 19, 20, 21, 22, 23, 24, 25, 26, 27, 28]


5
process id 5
stats
5, 15, 7, 100, 1000
20220819-093252
loosing coalitions taken
[1, 2, 8, 14, 19]
[2, 4, 6, 16, 18]
[1, 2, 9, 10, 13]
[1, 2, 7, 11, 24]
[1, 3, 8, 10, 18]
[2, 4, 5, 17]
[1, 4, 7, 8]
[1, 5, 6, 15, 21]
[3, 4, 5, 14]
[1, 4, 6, 26]
[2, 3, 5, 12]
[1, 3, 6, 27]
[3, 4, 6, 8]
[2, 3, 6, 13]
[16, 17, 18, 19, 20, 21, 22, 23, 24, 25, 26, 27, 28]


6
process id 6
stats
5, 15, 7, 100, 1000
20220819-093258
loosing coalitions taken
[1, 5, 6, 16, 19]
[2, 4, 6, 9, 22]
[1, 2, 8, 9, 17]
[1, 3, 7, 14, 17]
[1, 2, 7, 10, 28]
[1, 4, 7, 13, 15]
[3, 4, 5, 19, 25]
[2, 4, 5, 15, 28]
[1, 4, 8, 10, 14]
[2, 3, 5, 16]
[1, 3, 8, 12, 18]
[3, 4, 6, 7, 26]
[1, 2, 6, 24]
[1, 3, 9, 10, 11]
[16, 17, 18, 19, 20, 21, 22, 23, 24, 25, 26, 27, 28]


6
process id 2
stats
5, 15, 7, 100, 1000
20220819-093300
loosing coalitions taken
[1, 2, 10, 11, 14]
[2, 3, 6, 11, 26]
[1, 4, 7, 9, 14]
[1, 2, 8, 9, 17]
[1, 3, 8, 12, 19]
[2, 3, 7, 8, 10]
[1, 4, 8, 10, 15]
[3, 4, 5, 12]
[1, 4, 6, 28]
[1, 3, 7, 13, 16]
[2, 3, 5, 23]
[1, 5, 6, 12, 17]
[2, 4, 5, 21, 27]
[1, 2, 6, 23, 27]
[16, 17, 18, 19, 20, 21, 22, 23, 24, 25, 26, 27, 28]


6
process id 5
stats
5, 15, 7, 100, 1000
20220819-093301
loosing coalitions taken
[1, 4, 8, 9, 15]
[2, 3, 5, 23, 26]
[2, 4, 6, 14, 22]
[1, 4, 6, 23, 25]
[2, 4, 5, 19]
[1, 2, 7, 9, 25]
[1, 3, 8, 12, 17]
[3, 4, 6, 11, 21]
[1, 4, 7, 10, 17]
[2, 3, 6, 12]
[1, 3, 9, 10, 11]
[1, 3, 7, 13, 22]
[1, 5, 6, 14, 16]
[1, 2, 8, 11, 20]
[16, 17, 18, 19, 20, 21, 22, 23, 24, 25, 26, 27, 28]


6
process id 6
stats
5, 15, 7, 100, 1000
20220819-093321
loosing coalitions taken
[1, 5, 6, 11, 24]
[1, 3, 7, 12, 21]
[2, 3, 6, 18, 20]
[2, 4, 6, 10, 19]
[2, 4, 5, 17, 27]
[1, 4, 8, 10, 13]
[1, 2, 8, 14, 17]
[1, 2, 7, 13, 22]
[1, 2, 9, 10, 12]
[1, 3, 8, 15, 16]
[3, 4, 5, 11, 19]
[1, 4, 6, 22, 26]
[2, 3, 5, 23]
[3, 4, 6, 9, 21]
[16, 17, 18, 19, 20, 21, 22, 23, 24, 25, 26, 27, 28]


5
process id 5
stats
5, 15, 7, 100, 1000
20220819-093331
loosing coalitions taken
[1, 3, 8, 12, 17]
[3, 4, 6, 14, 18]
[1, 5, 6, 13, 21]
[2, 4, 5, 17]
[1, 4, 8, 10, 14]
[2, 3, 6, 11]
[1, 4, 7, 9, 11]
[1, 3, 7, 15, 20]
[3, 4, 5, 13]
[2, 3, 7, 8, 10]
[1, 3, 6, 26]
[1, 4, 6, 28]
[1, 2, 7, 12, 19]
[2, 3, 5, 15]
[16, 17, 18, 19, 20, 21, 22, 23, 24, 25, 26, 27, 28]


5
process id 7
stats
5, 15, 7, 100, 1000
20220819-093344
loosing coalitions taken
[1, 2, 8, 12, 18]
[1, 3, 8, 13, 16]
[1, 3, 7, 9, 21]
[1, 2, 7, 14, 23]
[2, 3, 5, 15]
[1, 4, 8, 9, 14]
[3, 4, 6, 11, 19]
[2, 4, 6, 10, 24]
[1, 4, 6, 25]
[3, 4, 5, 12]
[2, 4, 5, 19, 25]
[1, 5, 6, 13, 24]
[1, 3, 6, 28]
[2, 3, 6, 14]
[16, 17, 18, 19, 20, 21, 22, 23, 24, 25, 26, 27, 28]


5
process id 1
stats
5, 15, 7, 100, 1000
20220819-093427
loosing coalitions taken
[3, 4, 5, 17, 28]
[1, 5, 6, 10, 26]
[1, 4, 7, 9, 16]
[1, 2, 8, 9, 20]
[1, 2, 7, 12, 23]
[1, 3, 8, 12, 19]
[2, 3, 6, 13]
[1, 3, 7, 14, 22]
[1, 4, 8, 11, 13]
[1, 4, 6, 24]
[2, 3, 5, 16]
[2, 4, 6, 14, 17]
[1, 3, 6, 28]
[2, 4, 5, 10, 24]
[16, 17, 18, 19, 20, 21, 22, 23, 24, 25, 26, 27, 28]


6
process id 4
stats
5, 15, 7, 100, 1000
20220819-093500
loosing coalitions taken
[1, 3, 7, 11, 23]
[1, 4, 8, 9, 13]
[1, 2, 8, 11, 19]
[1, 4, 6, 24, 26]
[1, 5, 6, 14, 18]
[3, 4, 5, 17, 26]
[1, 3, 6, 28]
[2, 3, 5, 21, 23]
[2, 4, 6, 12, 21]
[1, 2, 7, 9, 27]
[2, 3, 7, 8, 10]
[2, 4, 5, 15]
[1, 4, 7, 10, 18]
[1, 2, 10, 12, 14]
[16, 17, 18, 19, 20, 21, 22, 23, 24, 25, 26, 27, 28]


5
process id 0
stats
5, 15, 7, 100, 1000
20220819-093536
loosing coalitions taken
[1, 4, 7, 9, 16]
[1, 3, 9, 10, 12]
[2, 4, 5, 17]
[1, 4, 8, 10, 14]
[2, 3, 7, 8, 10]
[3, 4, 6, 11, 19]
[2, 3, 6, 13, 28]
[1, 4, 6, 27]
[1, 3, 8, 11, 18]
[1, 5, 6, 9, 26]
[1, 2, 7, 13, 15]
[3, 4, 5, 16, 20]
[2, 3, 5, 12]
[1, 2, 8, 12, 19]
[16, 17, 18, 19, 20, 21, 22, 23, 24, 25, 26, 27, 28]


5
process id 0
stats
5, 15, 7, 100, 1000
20220819-093601
loosing coalitions taken
[1, 4, 7, 8]
[3, 4, 5, 13, 26]
[1, 2, 9, 11, 14]
[2, 4, 5, 12]
[3, 4, 6, 10, 19]
[1, 5, 6, 9, 20]
[2, 3, 5, 18, 20]
[1, 3, 7, 12, 14]
[2, 3, 6, 12]
[1, 4, 6, 27]
[1, 3, 8, 10, 15]
[1, 2, 8, 13, 18]
[1, 2, 7, 16, 19]
[2, 4, 6, 16, 18]
[16, 17, 18, 19, 20, 21, 22, 23, 24, 25, 26, 27, 28]


6
process id 7
stats
5, 15, 7, 100, 1000
20220819-093637
loosing coalitions taken
[1, 4, 7, 9, 17]
[1, 3, 8, 10, 19]
[1, 5, 6, 10, 23]
[2, 4, 5, 15]
[1, 2, 9, 11, 12]
[2, 3, 7, 8, 9]
[1, 2, 8, 13, 16]
[2, 4, 6, 14, 21]
[1, 4, 6, 22]
[2, 3, 6, 12]
[2, 3, 5, 26, 27]
[3, 4, 6, 11, 15]
[3, 4, 5, 13]
[1, 3, 7, 12, 18]
[16, 17, 18, 19, 20, 21, 22, 23, 24, 25, 26, 27, 28]


5
process id 0
stats
5, 15, 7, 100, 1000
20220819-093714
loosing coalitions taken
[1, 3, 7, 11, 21]
[1, 2, 8, 14, 16]
[1, 4, 8, 11, 12]
[1, 4, 7, 9, 16]
[3, 4, 5, 15]
[2, 3, 6, 14, 27]
[1, 3, 9, 10, 12]
[1, 4, 6, 24]
[2, 3, 7, 8, 9]
[2, 3, 5, 20]
[2, 4, 5, 13, 23]
[1, 2, 7, 15, 22]
[1, 5, 6, 13, 16]
[2, 4, 6, 12, 18]
[16, 17, 18, 19, 20, 21, 22, 23, 24, 25, 26, 27, 28]


5
process id 3
stats
5, 15, 7, 100, 1000
20220819-093718
loosing coalitions taken
[2, 3, 6, 11]
[1, 5, 6, 15, 17]
[1, 3, 8, 10, 19]
[1, 2, 7, 10, 26]
[1, 2, 8, 9, 17]
[1, 4, 6, 28]
[2, 4, 5, 17]
[2, 3, 5, 13]
[3, 4, 5, 9, 20]
[3, 4, 6, 8]
[1, 4, 7, 11, 15]
[1, 3, 6, 24]
[1, 3, 7, 13, 16]
[1, 4, 8, 12, 14]
[16, 17, 18, 19, 20, 21, 22, 23, 24, 25, 26, 27, 28]


5
process id 6
stats
5, 15, 7, 100, 1000
20220819-093721
loosing coalitions taken
[1, 3, 8, 9, 18]
[1, 2, 8, 12, 17]
[2, 3, 6, 14]
[1, 5, 6, 11, 25]
[1, 3, 7, 12, 22]
[1, 4, 7, 10, 19]
[1, 2, 7, 9]
[3, 4, 5, 9]
[2, 3, 5, 15, 24]
[3, 4, 6, 8]
[2, 4, 5, 10]
[2, 4, 6, 16, 18]
[1, 3, 6, 26, 28]
[1, 4, 6, 21]
[16, 17, 18, 19, 20, 21, 22, 23, 24, 25, 26, 27, 28]


5
process id 4
stats
5, 15, 7, 100, 1000
20220819-093753
loosing coalitions taken
[1, 3, 7, 11, 23]
[3, 4, 6, 12, 20]
[3, 4, 5, 15, 24]
[2, 4, 5, 19, 28]
[1, 2, 9, 11, 14]
[2, 3, 6, 11, 26]
[2, 3, 5, 22]
[1, 3, 8, 12, 19]
[1, 5, 6, 14, 19]
[1, 3, 6, 27]
[1, 2, 8, 13, 17]
[1, 4, 7, 13, 14]
[2, 4, 6, 9, 16]
[1, 4, 8, 10, 11]
[16, 17, 18, 19, 20, 21, 22, 23, 24, 25, 26, 27, 28]


6
process id 3
stats
5, 15, 7, 100, 1000
20220819-093802
loosing coalitions taken
[1, 3, 9, 10, 11]
[1, 3, 7, 14, 20]
[1, 3, 8, 12, 18]
[1, 2, 8, 14, 16]
[2, 4, 6, 8, 27]
[2, 3, 6, 11]
[1, 4, 8, 11, 13]
[1, 2, 10, 12, 13]
[1, 4, 7, 10, 18]
[1, 2, 7, 9, 27]
[3, 4, 5, 16, 20]
[2, 4, 5, 19]
[1, 5, 6, 9, 23]
[1, 4, 6, 26]
[16, 17, 18, 19, 20, 21, 22, 23, 24, 25, 26, 27, 28]


