Results
Max overall: 15
Min avg pop: 0.64
Min pop: 0.63

6
process id 7
stats
5, 15, 7, 100, 1000
20220819-110018
loosing coalitions taken
[2, 3, 5, 25]
[1, 3, 9, 10, 11]
[3, 4, 6, 12, 18]
[1, 3, 7, 16, 19]
[1, 2, 8, 10, 17]
[2, 4, 6, 16, 17]
[1, 2, 7, 13, 24]
[1, 5, 6, 13, 23]
[1, 4, 6, 22]
[3, 4, 5, 9, 22]
[2, 3, 7, 8, 9]
[1, 4, 8, 9, 15]
[2, 4, 5, 19]
[2, 3, 6, 14]
[16, 17, 18, 19, 20, 21, 22, 23, 24, 25, 26, 27, 28]


6
process id 4
stats
5, 15, 7, 100, 1000
20220819-110041
loosing coalitions taken
[1, 4, 7, 9, 18]
[1, 2, 8, 15, 17]
[1, 2, 7, 12, 25]
[1, 4, 8, 13, 14]
[2, 3, 6, 13]
[1, 3, 8, 9, 16]
[1, 3, 7, 15, 20]
[2, 4, 5, 11]
[1, 3, 6, 25]
[2, 3, 5, 16, 27]
[1, 2, 9, 10, 13]
[1, 4, 6, 23]
[2, 4, 6, 14, 22]
[3, 4, 5, 12]
[16, 17, 18, 19, 20, 21, 22, 23, 24, 25, 26, 27, 28]


6
process id 3
stats
5, 15, 7, 100, 1000
20220819-110044
loosing coalitions taken
[1, 5, 6, 10, 26]
[3, 4, 6, 13, 18]
[1, 3, 8, 12, 19]
[1, 2, 7, 13, 25]
[1, 4, 7, 12, 14]
[1, 3, 7, 11, 22]
[1, 2, 8, 14, 18]
[1, 2, 9, 10, 12]
[2, 4, 5, 15, 28]
[3, 4, 5, 17, 19]
[2, 4, 6, 8]
[1, 3, 6, 27]
[2, 3, 5, 14, 27]
[2, 3, 6, 11, 23]
[16, 17, 18, 19, 20, 21, 22, 23, 24, 25, 26, 27, 28]


6
process id 1
stats
5, 15, 7, 100, 1000
20220819-110201
loosing coalitions taken
[1, 3, 7, 10, 23]
[2, 4, 5, 15]
[1, 3, 8, 14, 16]
[1, 2, 9, 10, 12]
[1, 5, 6, 13, 17]
[1, 4, 8, 11, 13]
[2, 3, 6, 14, 26]
[1, 4, 7, 9, 19]
[1, 2, 6, 24]
[2, 3, 5, 18, 22]
[3, 4, 5, 17, 26]
[1, 4, 6, 28]
[2, 4, 6, 11, 23]
[1, 2, 7, 11, 15]
[16, 17, 18, 19, 20, 21, 22, 23, 24, 25, 26, 27, 28]


6
process id 0
stats
5, 15, 7, 100, 1000
20220819-110209
loosing coalitions taken
[1, 4, 7, 14, 16]
[1, 2, 9, 12, 14]
[1, 3, 7, 11, 21]
[1, 2, 7, 15, 22]
[1, 5, 6, 12, 23]
[1, 4, 6, 28]
[1, 2, 8, 13, 19]
[2, 3, 5, 14]
[2, 4, 6, 13, 22]
[3, 4, 5, 10]
[1, 3, 6, 27]
[2, 3, 6, 11, 26]
[2, 4, 5, 19]
[1, 3, 8, 10, 17]
[16, 17, 18, 19, 20, 21, 22, 23, 24, 25, 26, 27, 28]


6
process id 3
stats
5, 15, 7, 100, 1000
20220819-110218
loosing coalitions taken
[2, 3, 7, 8, 9]
[1, 2, 7, 12, 24]
[1, 3, 8, 15, 16]
[2, 3, 6, 11, 26]
[1, 2, 8, 13, 19]
[3, 4, 5, 18, 27]
[1, 2, 9, 10, 11]
[1, 4, 6, 21, 28]
[2, 4, 6, 12, 16]
[2, 3, 5, 20, 22]
[1, 4, 7, 10, 17]
[1, 3, 7, 13, 18]
[3, 4, 6, 13, 19]
[2, 4, 5, 14]
[16, 17, 18, 19, 20, 21, 22, 23, 24, 25, 26, 27, 28]


6
process id 2
stats
5, 15, 7, 100, 1000
20220819-110223
loosing coalitions taken
[1, 2, 7, 11, 24]
[1, 3, 7, 14, 22]
[1, 2, 9, 12, 14]
[1, 4, 7, 10, 17]
[1, 5, 6, 12, 21]
[2, 4, 5, 18]
[2, 3, 6, 15, 26]
[2, 4, 6, 9, 24]
[2, 3, 5, 14]
[3, 4, 5, 11]
[1, 2, 6, 28]
[1, 4, 8, 9, 13]
[1, 3, 8, 11, 17]
[1, 4, 6, 23]
[16, 17, 18, 19, 20, 21, 22, 23, 24, 25, 26, 27, 28]


6
process id 1
stats
5, 15, 7, 100, 1000
20220819-110317
loosing coalitions taken
[1, 3, 8, 10, 18]
[1, 2, 7, 14, 24]
[1, 2, 8, 11, 17]
[2, 4, 6, 11, 23]
[1, 5, 6, 9, 25]
[3, 4, 6, 9, 15]
[1, 4, 7, 10, 11]
[1, 4, 6, 22]
[2, 4, 5, 15, 28]
[2, 3, 5, 24, 26]
[2, 3, 6, 12]
[3, 4, 5, 18, 19]
[1, 2, 9, 10, 13]
[1, 3, 7, 15, 16]
[16, 17, 18, 19, 20, 21, 22, 23, 24, 25, 26, 27, 28]


6
process id 0
stats
5, 15, 7, 100, 1000
20220819-110320
loosing coalitions taken
[3, 4, 5, 14]
[2, 3, 6, 11]
[1, 4, 8, 9, 11]
[1, 5, 6, 16, 20]
[1, 3, 7, 15, 17]
[1, 4, 7, 12, 13]
[1, 4, 6, 25]
[2, 4, 5, 22, 23]
[1, 2, 9, 12, 14]
[3, 4, 6, 8]
[1, 2, 8, 13, 19]
[1, 2, 6, 28]
[1, 3, 8, 12, 18]
[2, 3, 5, 17]
[16, 17, 18, 19, 20, 21, 22, 23, 24, 25, 26, 27, 28]


6
process id 2
stats
5, 15, 7, 100, 1000
20220819-110332
loosing coalitions taken
[1, 2, 10, 11, 14]
[3, 4, 6, 11, 17]
[1, 5, 6, 9, 25]
[1, 3, 9, 10, 12]
[1, 3, 7, 11, 21]
[1, 2, 7, 12, 26]
[1, 3, 8, 14, 15]
[1, 4, 7, 13, 15]
[1, 2, 8, 9, 17]
[2, 4, 5, 20, 28]
[2, 4, 6, 12, 22]
[3, 4, 5, 16, 18]
[2, 3, 5, 23]
[1, 4, 6, 18]
[16, 17, 18, 19, 20, 21, 22, 23, 24, 25, 26, 27, 28]


5
process id 3
stats
5, 15, 7, 100, 1000
20220819-110441
loosing coalitions taken
[1, 2, 8, 10, 20]
[1, 5, 6, 11, 22]
[2, 3, 6, 14]
[1, 2, 9, 12, 13]
[1, 4, 6, 27]
[1, 2, 7, 17, 18]
[1, 3, 7, 14, 21]
[3, 4, 6, 8]
[2, 3, 5, 18, 20]
[1, 3, 6, 26]
[1, 4, 7, 8]
[2, 4, 5, 10]
[3, 4, 5, 15]
[1, 3, 8, 15, 16]
[16, 17, 18, 19, 20, 21, 22, 23, 24, 25, 26, 27, 28]


6
process id 5
stats
5, 15, 7, 100, 1000
20220819-110451
loosing coalitions taken
[3, 4, 5, 16, 26]
[1, 3, 7, 13, 20]
[1, 5, 6, 10, 22]
[1, 3, 8, 12, 18]
[1, 4, 8, 10, 15]
[1, 2, 8, 9, 20]
[1, 4, 7, 9, 16]
[1, 2, 10, 11, 14]
[2, 4, 6, 11, 17]
[2, 3, 5, 15, 28]
[2, 4, 5, 19, 23]
[2, 3, 6, 14]
[1, 4, 6, 20]
[1, 2, 7, 12, 24]
[16, 17, 18, 19, 20, 21, 22, 23, 24, 25, 26, 27, 28]


5
process id 2
stats
5, 15, 7, 100, 1000
20220819-110457
loosing coalitions taken
[1, 2, 8, 9, 19]
[1, 2, 10, 11, 14]
[1, 2, 7, 12, 24]
[1, 3, 7, 10, 21]
[3, 4, 5, 15]
[1, 3, 8, 12, 16]
[2, 3, 5, 23]
[1, 5, 6, 15, 19]
[1, 4, 6, 22]
[3, 4, 6, 7]
[2, 4, 5, 17]
[1, 4, 8, 10, 13]
[2, 4, 6, 8]
[2, 3, 6, 12]
[16, 17, 18, 19, 20, 21, 22, 23, 24, 25, 26, 27, 28]


5
process id 3
stats
5, 15, 7, 100, 1000
20220819-110518
loosing coalitions taken
[3, 4, 5, 14]
[1, 3, 7, 12, 19]
[2, 3, 7, 8, 9]
[1, 4, 8, 10, 12]
[2, 4, 6, 12, 23]
[1, 2, 8, 13, 16]
[2, 3, 6, 11, 27]
[1, 2, 7, 10, 17]
[1, 3, 6, 25]
[2, 3, 5, 10]
[1, 4, 7, 11, 16]
[1, 4, 6, 17, 27]
[2, 4, 5, 17]
[1, 5, 6, 14, 22]
[16, 17, 18, 19, 20, 21, 22, 23, 24, 25, 26, 27, 28]


6
process id 0
stats
5, 15, 7, 100, 1000
20220819-110518
loosing coalitions taken
[3, 4, 5, 17, 28]
[1, 3, 7, 14, 22]
[2, 3, 5, 22]
[1, 3, 8, 12, 18]
[1, 5, 6, 10, 23]
[1, 4, 7, 11, 16]
[2, 4, 6, 8]
[1, 2, 7, 15, 19]
[2, 3, 6, 11, 25]
[1, 2, 8, 9, 20]
[2, 4, 5, 19]
[1, 2, 10, 11, 14]
[1, 3, 6, 24]
[3, 4, 6, 7]
[16, 17, 18, 19, 20, 21, 22, 23, 24, 25, 26, 27, 28]


6
process id 0
stats
5, 15, 7, 100, 1000
20220819-110541
loosing coalitions taken
[2, 4, 6, 11, 23]
[1, 3, 9, 10, 11]
[1, 5, 6, 15, 17]
[2, 4, 5, 12, 27]
[3, 4, 6, 13, 17]
[2, 3, 5, 22, 26]
[3, 4, 5, 9]
[1, 2, 10, 12, 14]
[1, 2, 7, 15, 21]
[1, 4, 7, 10, 19]
[1, 2, 8, 13, 19]
[1, 4, 6, 25, 28]
[2, 3, 6, 12]
[1, 3, 7, 8, 18]
[16, 17, 18, 19, 20, 21, 22, 23, 24, 25, 26, 27, 28]


5
process id 7
stats
5, 15, 7, 100, 1000
20220819-110607
loosing coalitions taken
[1, 3, 8, 10, 16]
[1, 4, 8, 9, 14]
[1, 2, 8, 13, 20]
[2, 3, 6, 14]
[1, 3, 7, 15, 18]
[1, 2, 10, 11, 12]
[2, 4, 5, 17]
[2, 3, 5, 23]
[1, 3, 6, 28]
[1, 5, 6, 16, 20]
[3, 4, 5, 11]
[3, 4, 6, 12, 15]
[1, 4, 7, 13, 16]
[2, 4, 6, 8]
[16, 17, 18, 19, 20, 21, 22, 23, 24, 25, 26, 27, 28]


5
process id 2
stats
5, 15, 7, 100, 1000
20220819-110630
loosing coalitions taken
[1, 2, 7, 10, 25]
[1, 2, 9, 11, 12]
[1, 2, 8, 15, 17]
[2, 4, 6, 8, 26]
[1, 4, 7, 8]
[2, 4, 5, 9]
[2, 3, 5, 14, 25]
[1, 4, 6, 23]
[3, 4, 5, 17, 23]
[1, 3, 7, 16, 17]
[2, 3, 6, 11]
[1, 5, 6, 15, 20]
[1, 3, 6, 24]
[1, 3, 8, 9, 19]
[16, 17, 18, 19, 20, 21, 22, 23, 24, 25, 26, 27, 28]


6
process id 5
stats
5, 15, 7, 100, 1000
20220819-110652
loosing coalitions taken
[1, 4, 7, 12, 16]
[2, 3, 7, 8, 9]
[2, 4, 5, 16]
[2, 3, 6, 11]
[1, 3, 8, 14, 15]
[1, 2, 7, 17, 18]
[1, 2, 8, 10, 20]
[1, 3, 7, 13, 22]
[3, 4, 5, 11, 23]
[1, 5, 6, 13, 20]
[3, 4, 6, 13, 18]
[2, 3, 5, 24, 27]
[2, 4, 6, 9, 19]
[1, 4, 6, 21]
[16, 17, 18, 19, 20, 21, 22, 23, 24, 25, 26, 27, 28]


5
process id 7
stats
5, 15, 7, 100, 1000
20220819-110704
loosing coalitions taken
[1, 3, 8, 10, 17]
[1, 3, 7, 15, 20]
[3, 4, 6, 14, 19]
[1, 2, 8, 11, 20]
[1, 2, 9, 12, 13]
[1, 4, 8, 9, 14]
[2, 3, 6, 13]
[1, 5, 6, 9, 26]
[1, 2, 7, 16, 19]
[2, 3, 5, 10]
[1, 3, 6, 24]
[1, 4, 6, 28]
[3, 4, 5, 18, 22]
[2, 4, 5, 14, 20]
[16, 17, 18, 19, 20, 21, 22, 23, 24, 25, 26, 27, 28]


5
process id 7
stats
5, 15, 7, 100, 1000
20220819-110759
loosing coalitions taken
[1, 5, 6, 16, 20]
[1, 4, 8, 12, 13]
[2, 4, 5, 22, 23]
[2, 4, 6, 10, 20]
[1, 4, 6, 26]
[1, 2, 8, 14, 20]
[1, 2, 9, 10, 11]
[1, 3, 7, 13, 21]
[1, 2, 7, 12, 24]
[2, 3, 6, 11, 22]
[2, 3, 5, 12, 28]
[3, 4, 5, 11, 21]
[2, 5, 6, 7, 15]
[1, 3, 8, 9, 18]
[16, 17, 18, 19, 20, 21, 22, 23, 24, 25, 26, 27, 28]


5
process id 3
stats
5, 15, 7, 100, 1000
20220819-110803
loosing coalitions taken
[1, 4, 7, 9, 19]
[1, 3, 8, 12, 17]
[2, 3, 7, 8, 10]
[2, 4, 6, 10, 24]
[2, 3, 6, 11]
[3, 4, 5, 17, 25]
[1, 5, 6, 12, 23]
[1, 4, 6, 26]
[1, 3, 7, 15, 16]
[2, 4, 5, 16]
[1, 3, 6, 27]
[1, 2, 8, 11, 20]
[2, 3, 5, 24]
[3, 4, 6, 8]
[16, 17, 18, 19, 20, 21, 22, 23, 24, 25, 26, 27, 28]


6
process id 7
stats
5, 15, 7, 100, 1000
20220819-110817
loosing coalitions taken
[1, 4, 7, 8, 24]
[3, 4, 6, 9, 17]
[1, 3, 9, 10, 11]
[1, 3, 8, 14, 15]
[2, 4, 5, 18, 23]
[3, 4, 5, 19, 22]
[2, 3, 6, 16, 21]
[2, 4, 6, 10, 19]
[1, 3, 7, 12, 17]
[1, 2, 7, 13, 25]
[1, 4, 6, 22]
[1, 2, 8, 10, 16]
[2, 3, 5, 15, 27]
[1, 2, 9, 12, 14]
[16, 17, 18, 19, 20, 21, 22, 23, 24, 25, 26, 27, 28]


6
process id 1
stats
5, 15, 7, 100, 1000
20220819-110850
loosing coalitions taken
[1, 3, 8, 12, 19]
[1, 3, 7, 11, 18]
[1, 2, 7, 17, 19]
[1, 2, 8, 11, 21]
[1, 4, 7, 12, 15]
[1, 4, 8, 13, 14]
[2, 4, 5, 17]
[2, 3, 5, 25, 27]
[2, 3, 6, 9]
[3, 4, 5, 14]
[1, 4, 6, 24]
[1, 5, 6, 15, 17]
[2, 4, 6, 13, 20]
[1, 3, 6, 26, 27]
[16, 17, 18, 19, 20, 21, 22, 23, 24, 25, 26, 27, 28]


6
process id 1
stats
5, 15, 7, 100, 1000
20220819-110910
loosing coalitions taken
[2, 3, 6, 11]
[2, 4, 5, 22, 23]
[1, 3, 7, 13, 20]
[1, 2, 8, 15, 17]
[3, 4, 5, 17, 24]
[1, 4, 6, 26, 27]
[1, 4, 8, 11, 13]
[1, 3, 8, 9, 16]
[1, 4, 7, 10, 12]
[2, 3, 5, 16]
[2, 4, 6, 16, 17]
[3, 4, 6, 8]
[1, 2, 7, 16, 18]
[1, 5, 6, 10, 23]
[16, 17, 18, 19, 20, 21, 22, 23, 24, 25, 26, 27, 28]


6
process id 2
stats
5, 15, 7, 100, 1000
20220819-110919
loosing coalitions taken
[1, 5, 6, 10, 24]
[1, 4, 8, 10, 15]
[3, 4, 5, 16, 27]
[1, 2, 9, 12, 13]
[2, 4, 6, 11, 20]
[2, 4, 5, 18, 26]
[1, 3, 8, 9, 19]
[2, 3, 5, 24]
[1, 3, 7, 13, 20]
[1, 4, 6, 22, 27]
[1, 4, 7, 11, 16]
[1, 3, 6, 26]
[1, 2, 8, 11, 18]
[1, 2, 7, 10, 28]
[16, 17, 18, 19, 20, 21, 22, 23, 24, 25, 26, 27, 28]


6
process id 0
stats
5, 15, 7, 100, 1000
20220819-110920
loosing coalitions taken
[3, 4, 6, 14, 17]
[1, 2, 7, 13, 22]
[1, 4, 8, 11, 14]
[1, 5, 6, 16, 20]
[1, 3, 8, 13, 15]
[1, 3, 7, 14, 19]
[1, 2, 9, 10, 11]
[3, 4, 5, 16]
[1, 3, 6, 28]
[1, 4, 6, 24]
[2, 4, 5, 9, 28]
[2, 3, 5, 24]
[2, 3, 6, 10]
[2, 4, 6, 16, 19]
[16, 17, 18, 19, 20, 21, 22, 23, 24, 25, 26, 27, 28]


5
process id 6
stats
5, 15, 7, 100, 1000
20220819-110949
loosing coalitions taken
[1, 5, 6, 12, 23]
[2, 3, 6, 18, 19]
[1, 3, 7, 15, 18]
[1, 3, 8, 12, 17]
[2, 3, 7, 8, 10]
[1, 2, 8, 15, 16]
[1, 2, 7, 11, 24]
[1, 2, 9, 10, 12]
[2, 4, 5, 20, 28]
[2, 4, 6, 10, 17]
[1, 4, 7, 9, 16]
[1, 3, 6, 25]
[2, 3, 5, 13]
[1, 4, 8, 10, 14]
[16, 17, 18, 19, 20, 21, 22, 23, 24, 25, 26, 27, 28]


