Results
Max overall: 15
Min avg pop: 0.641
Min pop: 0.63

5
process id 0
stats
5, 15, 7, 100, 1000
20220819-111013
loosing coalitions taken
[1, 4, 8, 10, 15]
[3, 4, 5, 19, 25]
[1, 2, 7, 12, 25]
[1, 2, 8, 11, 19]
[1, 3, 8, 13, 16]
[1, 3, 9, 10, 11]
[2, 3, 7, 8, 9]
[2, 3, 6, 10, 28]
[1, 3, 7, 14, 15]
[2, 3, 5, 20, 24]
[2, 4, 5, 12]
[1, 5, 6, 13, 22]
[1, 2, 6, 27]
[3, 4, 6, 9, 13]
[16, 17, 18, 19, 20, 21, 22, 23, 24, 25, 26, 27, 28]


6
process id 7
stats
5, 15, 7, 100, 1000
20220819-111038
loosing coalitions taken
[1, 5, 6, 14, 22]
[2, 4, 5, 18, 28]
[3, 4, 5, 16, 26]
[1, 2, 7, 10, 23]
[1, 3, 7, 14, 17]
[2, 3, 6, 16, 22]
[1, 2, 9, 12, 13]
[2, 3, 5, 23]
[1, 3, 9, 10, 11]
[2, 4, 6, 9, 24]
[3, 4, 6, 11, 19]
[1, 4, 7, 8, 16]
[1, 4, 6, 27]
[1, 2, 8, 11, 18]
[16, 17, 18, 19, 20, 21, 22, 23, 24, 25, 26, 27, 28]


5
process id 2
stats
5, 15, 7, 100, 1000
20220819-111038
loosing coalitions taken
[2, 3, 5, 25]
[2, 4, 6, 11, 23]
[1, 3, 7, 13, 19]
[1, 3, 9, 10, 11]
[1, 3, 8, 15, 16]
[1, 2, 7, 10, 24]
[1, 4, 6, 19, 28]
[2, 4, 5, 9]
[1, 5, 6, 9, 20]
[2, 3, 6, 12]
[3, 4, 5, 17, 20]
[3, 4, 6, 8]
[1, 4, 7, 8]
[1, 2, 8, 11, 13]
[16, 17, 18, 19, 20, 21, 22, 23, 24, 25, 26, 27, 28]


5
process id 0
stats
5, 15, 7, 100, 1000
20220819-111048
loosing coalitions taken
[1, 2, 7, 10, 26]
[1, 4, 7, 9, 16]
[1, 3, 7, 15, 21]
[1, 2, 8, 11, 18]
[2, 3, 6, 10, 27]
[3, 4, 6, 8]
[1, 5, 6, 13, 20]
[2, 3, 5, 24]
[2, 4, 6, 13, 22]
[3, 4, 5, 12]
[2, 4, 5, 14]
[1, 3, 6, 26]
[1, 4, 6, 24, 28]
[1, 3, 8, 12, 16]
[16, 17, 18, 19, 20, 21, 22, 23, 24, 25, 26, 27, 28]


5
process id 3
stats
5, 15, 7, 100, 1000
20220819-111110
loosing coalitions taken
[1, 5, 6, 9, 25]
[1, 2, 7, 15, 17]
[2, 3, 6, 9]
[1, 3, 8, 10, 18]
[1, 2, 10, 11, 13]
[1, 2, 8, 12, 21]
[1, 3, 7, 13, 20]
[1, 4, 6, 26]
[2, 3, 5, 12]
[3, 4, 6, 8]
[2, 4, 5, 14, 21]
[1, 3, 6, 27]
[3, 4, 5, 11, 22]
[1, 4, 7, 9, 19]
[16, 17, 18, 19, 20, 21, 22, 23, 24, 25, 26, 27, 28]


5
process id 3
stats
5, 15, 7, 100, 1000
20220819-111134
loosing coalitions taken
[2, 3, 6, 15, 26]
[1, 5, 6, 14, 20]
[1, 2, 10, 12, 14]
[1, 2, 7, 17, 19]
[3, 4, 6, 8]
[1, 3, 7, 12, 21]
[1, 4, 7, 11, 16]
[1, 2, 9, 11, 13]
[2, 3, 5, 20]
[1, 3, 6, 27]
[1, 3, 8, 9, 10]
[2, 4, 6, 14, 16]
[2, 4, 5, 15, 24]
[3, 4, 5, 11]
[16, 17, 18, 19, 20, 21, 22, 23, 24, 25, 26, 27, 28]


5
process id 2
stats
5, 15, 7, 100, 1000
20220819-111200
loosing coalitions taken
[2, 3, 6, 12, 28]
[2, 3, 7, 8, 9]
[1, 2, 8, 15, 16]
[1, 4, 8, 9, 10]
[2, 4, 6, 9, 21]
[1, 2, 7, 11, 17]
[1, 5, 6, 15, 17]
[1, 3, 7, 10, 22]
[1, 4, 7, 13, 14]
[3, 4, 6, 11, 18]
[3, 4, 5, 17, 20]
[2, 4, 5, 13, 22]
[1, 3, 6, 24]
[2, 3, 5, 25]
[16, 17, 18, 19, 20, 21, 22, 23, 24, 25, 26, 27, 28]


5
process id 1
stats
5, 15, 7, 100, 1000
20220819-111254
loosing coalitions taken
[2, 3, 6, 14]
[1, 4, 8, 13, 14]
[1, 2, 8, 15, 17]
[1, 5, 6, 9, 26]
[1, 4, 6, 24]
[1, 2, 7, 10, 26]
[1, 3, 7, 15, 21]
[2, 4, 5, 15]
[1, 3, 8, 11, 12]
[3, 4, 5, 11, 26]
[3, 4, 6, 8, 23]
[2, 3, 5, 22]
[1, 3, 6, 28]
[1, 4, 7, 9, 19]
[16, 17, 18, 19, 20, 21, 22, 23, 24, 25, 26, 27, 28]


5
process id 7
stats
5, 15, 7, 100, 1000
20220819-111318
loosing coalitions taken
[1, 2, 7, 11, 24]
[1, 2, 9, 12, 14]
[1, 4, 7, 10, 18]
[1, 5, 6, 9, 24]
[3, 4, 5, 15]
[1, 3, 8, 10, 17]
[2, 3, 6, 10, 26]
[1, 4, 6, 19]
[1, 2, 8, 13, 15]
[1, 3, 7, 12, 13]
[2, 4, 5, 21, 24]
[2, 4, 6, 12, 23]
[2, 3, 5, 16]
[1, 3, 6, 27]
[16, 17, 18, 19, 20, 21, 22, 23, 24, 25, 26, 27, 28]


5
process id 7
stats
5, 15, 7, 100, 1000
20220819-111322
loosing coalitions taken
[1, 4, 8, 9, 15]
[1, 5, 6, 11, 25]
[1, 2, 9, 10, 12]
[1, 3, 7, 13, 22]
[1, 3, 8, 10, 19]
[2, 3, 6, 10, 27]
[2, 3, 5, 16, 25]
[2, 4, 5, 14]
[3, 4, 5, 12]
[3, 4, 6, 8, 21]
[1, 4, 6, 24]
[1, 2, 8, 13, 18]
[2, 4, 6, 7]
[1, 2, 7, 11, 15]
[16, 17, 18, 19, 20, 21, 22, 23, 24, 25, 26, 27, 28]


6
process id 1
stats
5, 15, 7, 100, 1000
20220819-111327
loosing coalitions taken
[2, 4, 6, 9, 24]
[1, 4, 7, 8]
[1, 5, 6, 15, 21]
[1, 3, 9, 10, 11]
[3, 4, 6, 11, 19]
[1, 4, 6, 25]
[2, 3, 6, 13]
[1, 2, 7, 12, 20]
[2, 3, 5, 21]
[1, 3, 6, 28]
[3, 4, 5, 18, 22]
[2, 4, 5, 11]
[1, 3, 7, 16, 17]
[1, 2, 8, 10, 18]
[16, 17, 18, 19, 20, 21, 22, 23, 24, 25, 26, 27, 28]


6
process id 5
stats
5, 15, 7, 100, 1000
20220819-111347
loosing coalitions taken
[2, 3, 6, 17, 19]
[1, 4, 8, 11, 13]
[1, 2, 10, 11, 14]
[1, 2, 8, 12, 18]
[1, 3, 9, 10, 12]
[1, 2, 7, 9, 26]
[1, 4, 7, 12, 15]
[2, 4, 6, 8]
[1, 5, 6, 13, 21]
[2, 3, 5, 25, 26]
[1, 4, 6, 24]
[1, 3, 6, 27]
[2, 4, 5, 16]
[3, 4, 5, 20, 23]
[16, 17, 18, 19, 20, 21, 22, 23, 24, 25, 26, 27, 28]


5
process id 3
stats
5, 15, 7, 100, 1000
20220819-111533
loosing coalitions taken
[2, 3, 7, 8, 9]
[2, 3, 5, 25]
[1, 4, 8, 10, 15]
[3, 4, 6, 9, 16]
[1, 3, 7, 14, 16]
[1, 3, 9, 10, 11]
[1, 4, 7, 11, 13]
[1, 5, 6, 14, 20]
[1, 4, 6, 28]
[1, 2, 8, 12, 19]
[1, 2, 7, 10, 21]
[2, 4, 5, 12, 23]
[2, 3, 6, 10]
[3, 4, 5, 19, 20]
[16, 17, 18, 19, 20, 21, 22, 23, 24, 25, 26, 27, 28]


5
process id 1
stats
5, 15, 7, 100, 1000
20220819-111538
loosing coalitions taken
[1, 5, 6, 16, 20]
[1, 2, 8, 11, 21]
[1, 3, 7, 9, 18]
[1, 4, 6, 23, 27]
[2, 3, 6, 14, 25]
[1, 3, 8, 10, 16]
[1, 4, 8, 12, 14]
[1, 4, 7, 10, 19]
[1, 3, 6, 22]
[2, 4, 5, 15, 25]
[3, 4, 5, 14, 21]
[2, 3, 5, 23, 26]
[2, 4, 6, 12, 21]
[1, 2, 7, 13, 24]
[16, 17, 18, 19, 20, 21, 22, 23, 24, 25, 26, 27, 28]


6
process id 2
stats
5, 15, 7, 100, 1000
20220819-111609
loosing coalitions taken
[2, 4, 6, 10, 21]
[1, 5, 6, 12, 23]
[2, 3, 6, 13, 27]
[1, 3, 7, 11, 21]
[1, 2, 8, 13, 19]
[1, 3, 9, 10, 12]
[1, 2, 7, 15, 17]
[1, 4, 7, 13, 16]
[2, 4, 5, 18, 19]
[2, 3, 5, 16]
[1, 4, 6, 26]
[3, 4, 5, 9]
[2, 3, 7, 8, 9]
[1, 2, 6, 25]
[16, 17, 18, 19, 20, 21, 22, 23, 24, 25, 26, 27, 28]


5
process id 2
stats
5, 15, 7, 100, 1000
20220819-111626
loosing coalitions taken
[1, 3, 7, 13, 20]
[2, 4, 5, 21, 22]
[3, 4, 5, 16]
[1, 3, 8, 9, 17]
[1, 4, 7, 9, 18]
[1, 2, 7, 12, 21]
[1, 2, 9, 11, 14]
[2, 4, 6, 12, 15]
[2, 3, 7, 8, 10]
[1, 4, 6, 27]
[2, 3, 5, 11]
[3, 4, 6, 13, 17]
[2, 3, 6, 9]
[1, 2, 8, 15, 16]
[16, 17, 18, 19, 20, 21, 22, 23, 24, 25, 26, 27, 28]


6
process id 6
stats
5, 15, 7, 100, 1000
20220819-111636
loosing coalitions taken
[1, 4, 8, 9, 15]
[2, 3, 6, 14]
[2, 4, 5, 17]
[1, 4, 7, 12, 16]
[1, 2, 8, 12, 20]
[1, 4, 6, 27]
[1, 2, 7, 11, 23]
[2, 4, 6, 10, 11]
[2, 3, 5, 20]
[3, 4, 5, 13]
[1, 3, 7, 9, 24]
[1, 3, 8, 11, 19]
[1, 5, 6, 15, 18]
[1, 2, 9, 10, 13]
[16, 17, 18, 19, 20, 21, 22, 23, 24, 25, 26, 27, 28]


6
process id 6
stats
5, 15, 7, 100, 1000
20220819-111808
loosing coalitions taken
[1, 4, 8, 12, 13]
[2, 3, 6, 17, 21]
[1, 3, 8, 11, 16]
[1, 2, 9, 10, 11]
[3, 4, 5, 17, 28]
[1, 4, 6, 26]
[2, 3, 5, 25]
[1, 2, 8, 14, 20]
[1, 3, 7, 12, 20]
[1, 5, 6, 9, 21]
[1, 3, 6, 25]
[2, 4, 6, 11, 20]
[2, 4, 5, 19]
[1, 2, 7, 13, 21]
[16, 17, 18, 19, 20, 21, 22, 23, 24, 25, 26, 27, 28]


6
process id 5
stats
5, 15, 7, 100, 1000
20220819-111824
loosing coalitions taken
[3, 4, 6, 11, 21]
[1, 2, 8, 11, 16]
[1, 5, 6, 13, 19]
[2, 4, 5, 19, 27]
[2, 4, 6, 14, 15]
[1, 3, 9, 10, 11]
[1, 2, 7, 10, 24]
[2, 3, 5, 24, 26]
[3, 4, 5, 12]
[1, 4, 7, 11, 13]
[1, 4, 8, 9, 15]
[1, 3, 7, 14, 20]
[1, 4, 6, 24]
[2, 3, 6, 9]
[16, 17, 18, 19, 20, 21, 22, 23, 24, 25, 26, 27, 28]


5
process id 3
stats
5, 15, 7, 100, 1000
20220819-111839
loosing coalitions taken
[1, 3, 7, 14, 22]
[2, 3, 6, 19, 21]
[1, 2, 9, 10, 12]
[1, 2, 8, 13, 20]
[1, 4, 7, 8, 25]
[1, 3, 8, 10, 19]
[1, 2, 7, 11, 17]
[3, 4, 6, 13, 17]
[2, 4, 5, 18]
[1, 3, 6, 25]
[1, 5, 6, 12, 24]
[3, 4, 5, 19, 24]
[2, 3, 5, 17]
[2, 4, 6, 7]
[16, 17, 18, 19, 20, 21, 22, 23, 24, 25, 26, 27, 28]


5
process id 5
stats
5, 15, 7, 100, 1000
20220819-111849
loosing coalitions taken
[1, 3, 8, 14, 15]
[1, 3, 7, 11, 19]
[1, 4, 8, 12, 13]
[1, 4, 7, 10, 17]
[1, 2, 7, 13, 25]
[1, 2, 9, 11, 14]
[3, 4, 5, 14]
[1, 3, 9, 10, 12]
[2, 3, 7, 8, 10]
[1, 4, 6, 22]
[2, 3, 6, 12, 27]
[2, 4, 5, 19]
[2, 3, 5, 22]
[3, 4, 6, 8]
[16, 17, 18, 19, 20, 21, 22, 23, 24, 25, 26, 27, 28]


5
process id 1
stats
5, 15, 7, 100, 1000
20220819-111859
loosing coalitions taken
[1, 2, 9, 10, 13]
[1, 3, 8, 10, 17]
[1, 4, 7, 8]
[2, 3, 6, 14]
[1, 5, 6, 10, 25]
[2, 3, 5, 19]
[2, 4, 5, 18, 21]
[1, 4, 6, 18]
[3, 4, 5, 12]
[1, 2, 8, 12, 21]
[3, 4, 6, 9, 13]
[1, 2, 7, 16, 19]
[2, 4, 6, 11, 23]
[1, 3, 7, 13, 15]
[16, 17, 18, 19, 20, 21, 22, 23, 24, 25, 26, 27, 28]


5
process id 6
stats
5, 15, 7, 100, 1000
20220819-111900
loosing coalitions taken
[1, 4, 8, 12, 14]
[1, 3, 8, 13, 15]
[1, 2, 8, 11, 17]
[1, 4, 6, 25, 26]
[2, 4, 5, 14]
[1, 3, 7, 12, 19]
[1, 5, 6, 13, 20]
[1, 4, 7, 10, 17]
[1, 2, 7, 13, 25]
[3, 4, 6, 8]
[2, 3, 5, 12]
[1, 3, 6, 23]
[2, 3, 6, 11]
[3, 4, 5, 15]
[16, 17, 18, 19, 20, 21, 22, 23, 24, 25, 26, 27, 28]


6
process id 6
stats
5, 15, 7, 100, 1000
20220819-111901
loosing coalitions taken
[2, 3, 6, 14]
[1, 3, 8, 12, 16]
[1, 2, 8, 11, 19]
[1, 4, 8, 9, 15]
[1, 5, 6, 10, 23]
[1, 3, 7, 13, 18]
[1, 2, 7, 12, 23]
[2, 3, 5, 19]
[3, 4, 5, 20, 21]
[2, 4, 5, 12, 25]
[1, 4, 6, 24]
[1, 2, 6, 26]
[3, 4, 6, 8]
[1, 3, 9, 10, 11]
[16, 17, 18, 19, 20, 21, 22, 23, 24, 25, 26, 27, 28]


5
process id 5
stats
5, 15, 7, 100, 1000
20220819-111913
loosing coalitions taken
[1, 2, 7, 14, 21]
[1, 2, 8, 10, 19]
[1, 3, 8, 12, 18]
[1, 4, 7, 12, 16]
[1, 4, 8, 13, 14]
[1, 3, 7, 11, 22]
[2, 4, 6, 14, 20]
[1, 4, 6, 25, 27]
[1, 2, 9, 11, 12]
[2, 3, 6, 9, 28]
[2, 4, 5, 16, 23]
[1, 5, 6, 15, 18]
[2, 3, 5, 20]
[1, 3, 6, 24]
[16, 17, 18, 19, 20, 21, 22, 23, 24, 25, 26, 27, 28]


5
process id 1
stats
5, 15, 7, 100, 1000
20220819-111913
loosing coalitions taken
[1, 3, 7, 11, 21]
[2, 4, 6, 14, 19]
[1, 5, 6, 11, 24]
[1, 2, 10, 12, 13]
[1, 2, 7, 14, 24]
[1, 4, 6, 26]
[1, 3, 8, 12, 15]
[1, 2, 8, 9, 16]
[2, 3, 6, 16, 22]
[2, 3, 5, 17, 25]
[2, 4, 5, 13]
[1, 3, 6, 25]
[3, 4, 5, 15, 16]
[1, 4, 7, 8, 27]
[16, 17, 18, 19, 20, 21, 22, 23, 24, 25, 26, 27, 28]


5
process id 1
stats
5, 15, 7, 100, 1000
20220819-111929
loosing coalitions taken
[2, 3, 5, 25]
[1, 2, 7, 12, 19]
[1, 4, 7, 9, 14]
[1, 2, 8, 14, 20]
[2, 4, 6, 12, 22]
[1, 3, 7, 11, 20]
[3, 4, 6, 10, 16]
[2, 4, 5, 18]
[1, 5, 6, 13, 22]
[1, 4, 6, 25, 26]
[2, 3, 6, 14]
[3, 4, 5, 13]
[1, 2, 9, 10, 13]
[1, 3, 8, 10, 19]
[16, 17, 18, 19, 20, 21, 22, 23, 24, 25, 26, 27, 28]


5
process id 3
stats
5, 15, 7, 100, 1000
20220819-111936
loosing coalitions taken
[3, 4, 5, 19, 25]
[2, 3, 6, 15, 27]
[1, 2, 10, 12, 14]
[1, 2, 8, 11, 20]
[2, 3, 7, 8, 10]
[1, 2, 7, 9, 28]
[1, 3, 8, 12, 19]
[1, 3, 9, 10, 11]
[1, 4, 8, 10, 15]
[3, 4, 6, 13, 21]
[2, 3, 5, 23, 24]
[2, 4, 5, 15]
[1, 5, 6, 9, 25]
[1, 4, 6, 26, 27]
[16, 17, 18, 19, 20, 21, 22, 23, 24, 25, 26, 27, 28]


