Results
Max overall: 15
Min avg pop: 0.642
Min pop: 0.63

6
process id 0
stats
5, 15, 7, 100, 1000
20220819-112142
loosing coalitions taken
[3, 4, 6, 12, 21]
[1, 5, 6, 10, 25]
[1, 3, 7, 11, 22]
[1, 2, 8, 11, 20]
[1, 2, 9, 10, 14]
[2, 3, 6, 11]
[1, 2, 7, 16, 19]
[1, 4, 6, 27]
[1, 4, 7, 8]
[2, 3, 5, 10]
[3, 4, 5, 14, 26]
[1, 3, 6, 23]
[1, 3, 8, 12, 15]
[2, 4, 5, 18]
[16, 17, 18, 19, 20, 21, 22, 23, 24, 25, 26, 27, 28]


6
process id 0
stats
5, 15, 7, 100, 1000
20220819-112148
loosing coalitions taken
[2, 4, 6, 14, 18]
[1, 2, 9, 10, 11]
[1, 3, 8, 11, 17]
[2, 3, 5, 24, 26]
[3, 4, 5, 17, 25]
[2, 4, 5, 13, 27]
[1, 4, 8, 12, 13]
[1, 5, 6, 12, 21]
[1, 4, 6, 27]
[2, 3, 6, 19, 20]
[1, 3, 7, 15, 18]
[1, 2, 8, 14, 15]
[2, 3, 7, 8, 9]
[1, 2, 7, 12, 23]
[16, 17, 18, 19, 20, 21, 22, 23, 24, 25, 26, 27, 28]


6
process id 2
stats
5, 15, 7, 100, 1000
20220819-112204
loosing coalitions taken
[1, 2, 7, 11, 25]
[1, 3, 7, 10, 22]
[1, 2, 8, 14, 18]
[3, 4, 5, 16]
[2, 3, 6, 15, 24]
[1, 3, 8, 13, 15]
[2, 4, 6, 8]
[1, 2, 10, 12, 13]
[1, 4, 6, 26]
[1, 4, 7, 9, 14]
[2, 3, 5, 17]
[2, 4, 5, 11, 27]
[1, 5, 6, 12, 21]
[3, 4, 6, 7, 28]
[16, 17, 18, 19, 20, 21, 22, 23, 24, 25, 26, 27, 28]


5
process id 2
stats
5, 15, 7, 100, 1000
20220819-112231
loosing coalitions taken
[2, 4, 5, 17, 28]
[1, 4, 8, 9, 14]
[2, 3, 5, 23]
[1, 3, 8, 11, 17]
[1, 3, 7, 13, 20]
[1, 4, 7, 11, 16]
[1, 5, 6, 12, 17]
[1, 2, 8, 13, 15]
[1, 2, 7, 9]
[3, 4, 5, 11]
[2, 3, 6, 10]
[3, 4, 6, 8, 26]
[2, 4, 6, 9, 24]
[1, 2, 6, 26]
[16, 17, 18, 19, 20, 21, 22, 23, 24, 25, 26, 27, 28]


5
process id 1
stats
5, 15, 7, 100, 1000
20220819-112252
loosing coalitions taken
[1, 2, 7, 13, 17]
[2, 3, 7, 8, 9]
[2, 3, 6, 11, 25]
[1, 2, 8, 12, 20]
[1, 3, 7, 11, 21]
[1, 4, 8, 10, 11]
[2, 4, 6, 8]
[3, 4, 5, 15, 23]
[2, 3, 5, 24]
[2, 4, 5, 10]
[1, 4, 6, 27]
[1, 5, 6, 10, 25]
[1, 4, 7, 9, 18]
[1, 2, 6, 28]
[16, 17, 18, 19, 20, 21, 22, 23, 24, 25, 26, 27, 28]


6
process id 6
stats
5, 15, 7, 100, 1000
20220819-112317
loosing coalitions taken
[2, 4, 5, 20, 27]
[1, 2, 7, 9, 25]
[1, 2, 10, 12, 14]
[2, 3, 6, 11]
[1, 3, 8, 10, 19]
[1, 2, 8, 13, 17]
[1, 4, 7, 11, 13]
[1, 3, 6, 27]
[3, 4, 5, 10]
[2, 3, 5, 21]
[1, 5, 6, 13, 16]
[1, 3, 7, 12, 21]
[2, 4, 6, 9, 23]
[1, 4, 6, 25]
[16, 17, 18, 19, 20, 21, 22, 23, 24, 25, 26, 27, 28]


5
process id 1
stats
5, 15, 7, 100, 1000
20220819-112331
loosing coalitions taken
[1, 2, 7, 14, 20]
[1, 2, 10, 11, 12]
[1, 3, 7, 9, 21]
[1, 2, 8, 9, 17]
[1, 3, 8, 10, 16]
[2, 4, 5, 22, 23]
[2, 3, 5, 21]
[1, 4, 8, 12, 14]
[3, 4, 6, 12, 20]
[1, 4, 7, 10, 17]
[3, 4, 5, 15]
[2, 4, 6, 11, 16]
[2, 3, 6, 9]
[1, 3, 6, 25, 28]
[16, 17, 18, 19, 20, 21, 22, 23, 24, 25, 26, 27, 28]


5
process id 2
stats
5, 15, 7, 100, 1000
20220819-112355
loosing coalitions taken
[3, 4, 5, 13, 27]
[1, 4, 8, 11, 12]
[1, 3, 7, 13, 19]
[1, 2, 9, 10, 12]
[2, 4, 5, 15]
[1, 2, 8, 14, 18]
[3, 4, 6, 10, 17]
[1, 4, 6, 23, 25]
[1, 4, 7, 10, 16]
[1, 5, 6, 14, 19]
[1, 3, 8, 10, 15]
[1, 3, 6, 26, 28]
[2, 3, 6, 12]
[1, 2, 7, 11, 20]
[16, 17, 18, 19, 20, 21, 22, 23, 24, 25, 26, 27, 28]


6
process id 4
stats
5, 15, 7, 100, 1000
20220819-112359
loosing coalitions taken
[1, 2, 8, 10, 21]
[1, 3, 7, 14, 20]
[3, 4, 5, 11, 27]
[2, 4, 5, 18]
[1, 3, 8, 15, 16]
[3, 4, 6, 8]
[1, 4, 7, 10, 12]
[2, 3, 5, 25]
[1, 4, 6, 26]
[1, 5, 6, 9, 22]
[2, 3, 6, 13, 26]
[2, 4, 6, 14, 16]
[1, 2, 9, 11, 14]
[1, 2, 7, 13, 22]
[16, 17, 18, 19, 20, 21, 22, 23, 24, 25, 26, 27, 28]


6
process id 5
stats
5, 15, 7, 100, 1000
20220819-112435
loosing coalitions taken
[1, 2, 8, 11, 21]
[1, 5, 6, 11, 25]
[1, 4, 7, 9, 16]
[2, 4, 6, 9, 24]
[2, 3, 6, 13]
[1, 3, 8, 12, 14]
[1, 4, 6, 26]
[1, 2, 7, 12, 22]
[2, 3, 5, 14]
[3, 4, 5, 10]
[2, 4, 5, 16]
[1, 3, 7, 10, 20]
[1, 3, 6, 28]
[3, 4, 6, 12, 21]
[16, 17, 18, 19, 20, 21, 22, 23, 24, 25, 26, 27, 28]


5
process id 3
stats
5, 15, 7, 100, 1000
20220819-112459
loosing coalitions taken
[1, 4, 6, 26, 28]
[1, 2, 9, 10, 12]
[1, 3, 7, 15, 16]
[1, 3, 8, 11, 18]
[1, 2, 8, 15, 17]
[1, 2, 7, 13, 20]
[1, 4, 7, 12, 14]
[1, 4, 8, 10, 13]
[2, 4, 6, 11, 20]
[2, 4, 5, 18]
[2, 3, 5, 12]
[2, 3, 6, 14, 22]
[3, 4, 5, 16]
[1, 3, 6, 25]
[16, 17, 18, 19, 20, 21, 22, 23, 24, 25, 26, 27, 28]


5
process id 0
stats
5, 15, 7, 100, 1000
20220819-112502
loosing coalitions taken
[1, 4, 8, 9, 14]
[1, 3, 7, 9, 23]
[1, 2, 7, 16, 20]
[1, 4, 7, 12, 15]
[2, 3, 5, 23]
[2, 4, 6, 14, 22]
[1, 3, 8, 11, 16]
[1, 4, 6, 26]
[2, 3, 6, 12]
[1, 5, 6, 13, 17]
[2, 4, 5, 10]
[3, 4, 5, 16, 25]
[1, 2, 6, 27, 28]
[1, 2, 9, 11, 12]
[16, 17, 18, 19, 20, 21, 22, 23, 24, 25, 26, 27, 28]


6
process id 3
stats
5, 15, 7, 100, 1000
20220819-112511
loosing coalitions taken
[2, 3, 6, 16, 23]
[1, 3, 8, 11, 17]
[1, 4, 8, 13, 14]
[1, 4, 7, 10, 16]
[2, 4, 6, 14, 17]
[1, 2, 9, 11, 12]
[1, 2, 7, 17, 18]
[1, 2, 8, 10, 19]
[2, 4, 5, 20, 26]
[1, 3, 7, 12, 21]
[2, 3, 5, 14]
[3, 4, 6, 12, 20]
[1, 5, 6, 9, 18]
[1, 4, 6, 28]
[16, 17, 18, 19, 20, 21, 22, 23, 24, 25, 26, 27, 28]


6
process id 0
stats
5, 15, 7, 100, 1000
20220819-112512
loosing coalitions taken
[1, 2, 8, 12, 21]
[1, 3, 8, 9, 20]
[1, 2, 9, 10, 11]
[1, 5, 6, 13, 22]
[1, 2, 7, 13, 24]
[1, 4, 7, 12, 16]
[1, 4, 8, 11, 13]
[2, 3, 6, 11]
[3, 4, 5, 12]
[2, 4, 6, 15, 20]
[2, 3, 5, 20, 22]
[1, 4, 6, 26]
[2, 4, 5, 17]
[1, 3, 6, 28]
[16, 17, 18, 19, 20, 21, 22, 23, 24, 25, 26, 27, 28]


6
process id 1
stats
5, 15, 7, 100, 1000
20220819-112518
loosing coalitions taken
[2, 3, 6, 9]
[3, 4, 5, 18, 27]
[1, 2, 7, 15, 19]
[1, 2, 10, 11, 14]
[1, 2, 8, 12, 16]
[1, 4, 7, 8, 26]
[1, 3, 7, 14, 21]
[2, 4, 5, 13]
[2, 3, 5, 19]
[1, 5, 6, 9, 23]
[1, 4, 6, 24, 28]
[1, 3, 6, 25]
[3, 4, 6, 10, 19]
[1, 3, 8, 10, 13]
[16, 17, 18, 19, 20, 21, 22, 23, 24, 25, 26, 27, 28]


5
process id 4
stats
5, 15, 7, 100, 1000
20220819-112524
loosing coalitions taken
[2, 4, 5, 18, 27]
[1, 2, 9, 11, 14]
[1, 2, 8, 15, 17]
[2, 3, 6, 18, 20]
[2, 4, 6, 11, 23]
[2, 3, 5, 19]
[3, 4, 6, 12, 15]
[1, 3, 7, 9, 18]
[1, 2, 7, 12, 25]
[1, 3, 8, 13, 14]
[1, 3, 6, 26]
[1, 4, 6, 28]
[1, 4, 7, 8, 27]
[3, 4, 5, 17, 20]
[16, 17, 18, 19, 20, 21, 22, 23, 24, 25, 26, 27, 28]


5
process id 3
stats
5, 15, 7, 100, 1000
20220819-112534
loosing coalitions taken
[1, 4, 8, 10, 12]
[2, 3, 5, 24]
[3, 4, 6, 8]
[1, 3, 7, 12, 20]
[1, 2, 9, 12, 13]
[1, 2, 8, 11, 21]
[1, 2, 7, 10, 16]
[1, 4, 7, 9, 17]
[1, 5, 6, 10, 25]
[2, 3, 6, 16, 21]
[2, 4, 5, 20]
[3, 4, 5, 14]
[2, 4, 6, 14, 15]
[1, 4, 6, 24]
[16, 17, 18, 19, 20, 21, 22, 23, 24, 25, 26, 27, 28]


5
process id 7
stats
5, 15, 7, 100, 1000
20220819-112604
loosing coalitions taken
[1, 2, 9, 10, 11]
[1, 3, 7, 15, 18]
[1, 2, 7, 14, 24]
[1, 3, 8, 11, 17]
[3, 4, 5, 19, 23]
[3, 4, 6, 11, 16]
[1, 3, 6, 23]
[2, 4, 6, 14, 20]
[1, 4, 8, 9, 12]
[1, 4, 7, 10, 19]
[2, 3, 5, 18, 24]
[1, 2, 8, 13, 15]
[2, 3, 7, 8, 9]
[2, 4, 5, 13]
[16, 17, 18, 19, 20, 21, 22, 23, 24, 25, 26, 27, 28]


6
process id 1
stats
5, 15, 7, 100, 1000
20220819-112617
loosing coalitions taken
[1, 5, 6, 12, 24]
[1, 2, 7, 9, 23]
[2, 3, 5, 24, 27]
[1, 3, 7, 15, 19]
[1, 2, 10, 11, 14]
[1, 3, 8, 10, 18]
[2, 5, 6, 8, 9]
[1, 4, 7, 11, 16]
[2, 3, 6, 10]
[3, 4, 5, 11]
[3, 4, 6, 12, 20]
[1, 4, 6, 26]
[2, 4, 6, 15, 16]
[2, 4, 5, 13]
[16, 17, 18, 19, 20, 21, 22, 23, 24, 25, 26, 27, 28]


5
process id 4
stats
5, 15, 7, 100, 1000
20220819-112637
loosing coalitions taken
[1, 3, 8, 10, 17]
[1, 4, 8, 9, 15]
[2, 4, 5, 17]
[1, 4, 7, 12, 16]
[1, 3, 7, 14, 21]
[2, 3, 6, 18, 19]
[2, 3, 7, 8, 9]
[1, 2, 8, 11, 21]
[1, 4, 6, 22]
[2, 3, 5, 16, 23]
[2, 4, 6, 10, 16]
[3, 4, 5, 9]
[1, 2, 6, 24]
[1, 2, 7, 10, 23]
[16, 17, 18, 19, 20, 21, 22, 23, 24, 25, 26, 27, 28]


5
process id 2
stats
5, 15, 7, 100, 1000
20220819-112741
loosing coalitions taken
[2, 3, 6, 12, 27]
[1, 2, 7, 16, 19]
[2, 3, 5, 17]
[1, 5, 6, 15, 20]
[1, 2, 8, 9, 22]
[1, 3, 8, 12, 19]
[1, 3, 7, 14, 22]
[1, 4, 6, 27]
[2, 4, 5, 19]
[3, 4, 5, 12]
[1, 4, 7, 11, 12]
[3, 4, 6, 8]
[2, 3, 7, 8, 10]
[2, 4, 6, 9, 21]
[16, 17, 18, 19, 20, 21, 22, 23, 24, 25, 26, 27, 28]


5
process id 3
stats
5, 15, 7, 100, 1000
20220819-112835
loosing coalitions taken
[1, 2, 9, 12, 14]
[3, 4, 5, 15]
[1, 4, 6, 23, 28]
[1, 2, 8, 11, 21]
[1, 2, 7, 10, 24]
[2, 3, 6, 11]
[1, 3, 7, 12, 20]
[1, 4, 7, 8]
[2, 4, 5, 17]
[2, 4, 6, 8]
[1, 3, 8, 14, 15]
[2, 3, 5, 12]
[1, 3, 6, 25]
[1, 5, 6, 15, 19]
[16, 17, 18, 19, 20, 21, 22, 23, 24, 25, 26, 27, 28]


5
process id 7
stats
5, 15, 7, 100, 1000
20220819-112858
loosing coalitions taken
[2, 4, 6, 10, 24]
[1, 2, 10, 11, 13]
[1, 3, 8, 10, 18]
[1, 4, 6, 27]
[2, 3, 5, 21]
[1, 2, 7, 9, 26]
[2, 4, 5, 16, 19]
[1, 5, 6, 16, 18]
[1, 4, 7, 8]
[2, 3, 6, 14]
[1, 2, 8, 12, 17]
[1, 3, 6, 25]
[1, 3, 7, 13, 17]
[3, 4, 5, 12, 23]
[16, 17, 18, 19, 20, 21, 22, 23, 24, 25, 26, 27, 28]


6
process id 0
stats
5, 15, 7, 100, 1000
20220819-112905
loosing coalitions taken
[1, 2, 10, 12, 14]
[1, 2, 8, 9, 20]
[1, 3, 7, 9, 22]
[1, 4, 7, 10, 18]
[1, 2, 7, 11, 23]
[2, 4, 5, 16]
[3, 4, 6, 13, 21]
[1, 4, 6, 25]
[1, 5, 6, 15, 16]
[2, 4, 6, 10, 20]
[3, 4, 5, 9]
[2, 3, 6, 14, 23]
[1, 3, 8, 13, 16]
[2, 3, 5, 19]
[16, 17, 18, 19, 20, 21, 22, 23, 24, 25, 26, 27, 28]


5
process id 4
stats
5, 15, 7, 100, 1000
20220819-112926
loosing coalitions taken
[1, 2, 7, 11, 22]
[1, 3, 7, 15, 16]
[2, 3, 5, 16]
[2, 4, 6, 8, 24]
[1, 3, 9, 10, 11]
[1, 4, 8, 11, 14]
[1, 4, 7, 10, 18]
[1, 2, 8, 9, 15]
[2, 3, 6, 9, 27]
[2, 4, 5, 12, 28]
[1, 4, 6, 23]
[3, 4, 5, 10, 24]
[1, 5, 6, 13, 22]
[1, 3, 6, 26]
[16, 17, 18, 19, 20, 21, 22, 23, 24, 25, 26, 27, 28]


5
process id 4
stats
5, 15, 7, 100, 1000
20220819-112949
loosing coalitions taken
[1, 2, 8, 10, 17]
[1, 4, 7, 11, 15]
[1, 3, 8, 13, 15]
[1, 2, 7, 14, 23]
[2, 3, 6, 13, 27]
[2, 3, 7, 8, 9]
[1, 5, 6, 11, 25]
[1, 3, 6, 28]
[1, 4, 8, 9, 14]
[3, 4, 5, 12]
[1, 4, 6, 22]
[2, 3, 5, 22]
[2, 4, 5, 10, 27]
[3, 4, 6, 10, 18]
[16, 17, 18, 19, 20, 21, 22, 23, 24, 25, 26, 27, 28]


6
process id 2
stats
5, 15, 7, 100, 1000
20220819-112955
loosing coalitions taken
[1, 4, 7, 10, 19]
[3, 4, 6, 12, 18]
[1, 3, 7, 13, 22]
[1, 3, 8, 10, 17]
[2, 4, 5, 16]
[1, 4, 8, 11, 14]
[2, 3, 6, 13]
[1, 2, 9, 10, 14]
[1, 4, 6, 26]
[2, 4, 6, 11, 19]
[1, 5, 6, 15, 17]
[2, 3, 5, 21]
[3, 4, 5, 14, 27]
[1, 2, 7, 12, 21]
[16, 17, 18, 19, 20, 21, 22, 23, 24, 25, 26, 27, 28]


5
process id 1
stats
5, 15, 7, 100, 1000
20220819-113004
loosing coalitions taken
[1, 2, 8, 14, 20]
[3, 4, 6, 12, 21]
[2, 4, 6, 11, 23]
[1, 4, 8, 10, 15]
[1, 2, 7, 9]
[2, 3, 6, 10]
[1, 3, 8, 13, 16]
[3, 4, 5, 17, 22]
[2, 4, 5, 20]
[2, 3, 5, 13]
[1, 4, 6, 24]
[1, 3, 6, 28]
[1, 5, 6, 13, 23]
[1, 4, 7, 12, 14]
[16, 17, 18, 19, 20, 21, 22, 23, 24, 25, 26, 27, 28]


5
process id 6
stats
5, 15, 7, 100, 1000
20220819-113006
loosing coalitions taken
[2, 4, 6, 8]
[1, 5, 6, 13, 22]
[1, 3, 9, 10, 11]
[1, 3, 7, 15, 18]
[1, 2, 10, 12, 14]
[1, 4, 7, 13, 16]
[3, 4, 5, 10]
[1, 2, 7, 9]
[1, 3, 6, 23, 27]
[2, 4, 5, 14]
[2, 3, 5, 24]
[2, 3, 6, 13]
[1, 4, 6, 24, 28]
[1, 4, 8, 9, 15]
[16, 17, 18, 19, 20, 21, 22, 23, 24, 25, 26, 27, 28]


