Results
Max overall: 15
Min avg pop: 0.644
Min pop: 0.63

6
process id 1
stats
5, 15, 7, 100, 1000
20220819-114115
loosing coalitions taken
[2, 3, 6, 12]
[1, 2, 9, 10, 14]
[1, 2, 7, 15, 22]
[1, 3, 7, 10, 24]
[1, 5, 6, 9, 22]
[1, 4, 8, 12, 13]
[1, 3, 8, 11, 18]
[1, 4, 7, 14, 16]
[3, 4, 6, 7]
[2, 4, 5, 15]
[3, 4, 5, 13]
[2, 4, 6, 11, 17]
[2, 3, 5, 22, 26]
[1, 3, 6, 23]
[16, 17, 18, 19, 20, 21, 22, 23, 24, 25, 26, 27, 28]


5
process id 4
stats
5, 15, 7, 100, 1000
20220819-114228
loosing coalitions taken
[1, 2, 10, 11, 14]
[1, 2, 8, 13, 19]
[2, 3, 6, 14]
[1, 3, 8, 9, 18]
[1, 3, 7, 11, 23]
[1, 5, 6, 9, 26]
[1, 2, 7, 9]
[2, 3, 5, 21]
[1, 4, 6, 24]
[3, 4, 5, 14]
[2, 4, 5, 20]
[1, 4, 7, 8]
[3, 4, 6, 8]
[1, 3, 6, 28]
[16, 17, 18, 19, 20, 21, 22, 23, 24, 25, 26, 27, 28]


5
process id 4
stats
5, 15, 7, 100, 1000
20220819-114306
loosing coalitions taken
[1, 2, 7, 15, 22]
[1, 5, 6, 11, 23]
[1, 2, 8, 14, 19]
[1, 3, 7, 14, 21]
[2, 4, 5, 17, 19]
[2, 3, 5, 21]
[3, 4, 6, 8, 28]
[2, 4, 6, 12, 22]
[1, 3, 8, 9, 12]
[1, 3, 6, 27]
[2, 3, 6, 16, 24]
[1, 4, 6, 20]
[3, 4, 5, 16]
[1, 4, 7, 8, 25]
[16, 17, 18, 19, 20, 21, 22, 23, 24, 25, 26, 27, 28]


5
process id 3
stats
5, 15, 7, 100, 1000
20220819-114349
loosing coalitions taken
[2, 4, 6, 11, 24]
[1, 5, 6, 9, 25]
[1, 4, 7, 11, 14]
[1, 3, 7, 16, 17]
[1, 2, 9, 10, 12]
[3, 4, 6, 10, 17]
[1, 2, 7, 15, 22]
[1, 3, 8, 10, 19]
[2, 4, 5, 14]
[2, 3, 7, 8, 9]
[1, 4, 6, 26]
[3, 4, 5, 15]
[2, 3, 5, 24]
[1, 2, 8, 13, 20]
[16, 17, 18, 19, 20, 21, 22, 23, 24, 25, 26, 27, 28]


5
process id 6
stats
5, 15, 7, 100, 1000
20220819-114357
loosing coalitions taken
[1, 3, 7, 9, 21]
[1, 4, 8, 10, 13]
[1, 4, 7, 12, 16]
[1, 3, 8, 12, 18]
[1, 5, 6, 14, 22]
[3, 4, 6, 15, 16]
[1, 2, 8, 11, 17]
[1, 4, 6, 27]
[3, 4, 5, 11, 22]
[2, 3, 5, 17]
[2, 4, 5, 10]
[1, 2, 7, 13, 15]
[2, 3, 6, 9]
[1, 3, 6, 25]
[16, 17, 18, 19, 20, 21, 22, 23, 24, 25, 26, 27, 28]


5
process id 2
stats
5, 15, 7, 100, 1000
20220819-114424
loosing coalitions taken
[2, 4, 6, 12, 20]
[1, 2, 7, 15, 22]
[2, 4, 5, 21, 24]
[1, 2, 10, 11, 13]
[1, 5, 6, 9, 26]
[1, 4, 6, 27]
[3, 4, 5, 15]
[1, 4, 7, 9, 18]
[1, 3, 9, 10, 12]
[2, 3, 5, 11]
[1, 3, 7, 8]
[2, 3, 6, 10]
[1, 2, 8, 12, 17]
[3, 4, 6, 8]
[16, 17, 18, 19, 20, 21, 22, 23, 24, 25, 26, 27, 28]


5
process id 4
stats
5, 15, 7, 100, 1000
20220819-114428
loosing coalitions taken
[2, 3, 6, 12]
[1, 3, 8, 9, 20]
[1, 2, 7, 16, 20]
[1, 3, 7, 10, 22]
[1, 2, 9, 10, 13]
[1, 2, 8, 11, 18]
[2, 4, 5, 16]
[2, 3, 5, 18, 25]
[1, 5, 6, 9, 21]
[1, 4, 6, 23]
[1, 3, 6, 24]
[1, 4, 7, 8]
[2, 4, 6, 10, 20]
[3, 4, 5, 13]
[16, 17, 18, 19, 20, 21, 22, 23, 24, 25, 26, 27, 28]


5
process id 6
stats
5, 15, 7, 100, 1000
20220819-114436
loosing coalitions taken
[2, 4, 5, 20]
[1, 3, 8, 11, 17]
[1, 4, 7, 10, 15]
[1, 5, 6, 12, 24]
[1, 2, 7, 12, 22]
[1, 3, 7, 14, 21]
[1, 4, 6, 26, 28]
[2, 3, 5, 18]
[3, 4, 5, 9]
[2, 4, 6, 11, 23]
[1, 3, 6, 27]
[2, 3, 6, 12]
[1, 2, 9, 10, 13]
[3, 4, 6, 15, 16]
[16, 17, 18, 19, 20, 21, 22, 23, 24, 25, 26, 27, 28]


5
process id 1
stats
5, 15, 7, 100, 1000
20220819-114521
loosing coalitions taken
[1, 2, 9, 11, 14]
[1, 3, 9, 10, 12]
[1, 2, 8, 10, 17]
[3, 4, 6, 10, 21]
[1, 2, 7, 16, 18]
[1, 3, 8, 14, 16]
[1, 5, 6, 14, 19]
[1, 4, 7, 8, 20]
[1, 3, 7, 13, 19]
[2, 4, 5, 15, 28]
[1, 4, 6, 18]
[2, 3, 5, 22, 25]
[3, 4, 5, 9]
[2, 3, 6, 13, 24]
[16, 17, 18, 19, 20, 21, 22, 23, 24, 25, 26, 27, 28]


5
process id 2
stats
5, 15, 7, 100, 1000
20220819-114527
loosing coalitions taken
[1, 2, 7, 9, 25]
[1, 3, 8, 12, 19]
[1, 3, 7, 11, 22]
[1, 2, 8, 11, 15]
[2, 4, 5, 22, 24]
[2, 5, 6, 8, 12]
[2, 3, 6, 9, 23]
[1, 4, 7, 14, 15]
[3, 4, 5, 11]
[2, 3, 7, 8, 10]
[1, 2, 10, 12, 13]
[1, 5, 6, 10, 25]
[2, 4, 6, 13, 17]
[1, 4, 6, 21]
[16, 17, 18, 19, 20, 21, 22, 23, 24, 25, 26, 27, 28]


6
process id 3
stats
5, 15, 7, 100, 1000
20220819-114542
loosing coalitions taken
[2, 3, 6, 16, 21]
[1, 4, 6, 27, 28]
[1, 4, 8, 13, 14]
[2, 4, 5, 12, 23]
[1, 2, 8, 10, 19]
[1, 2, 7, 15, 17]
[1, 3, 9, 10, 12]
[2, 3, 7, 8, 9]
[1, 3, 7, 11, 23]
[1, 4, 7, 10, 18]
[3, 4, 6, 10, 20]
[1, 5, 6, 9, 21]
[1, 2, 6, 26]
[2, 3, 5, 19]
[16, 17, 18, 19, 20, 21, 22, 23, 24, 25, 26, 27, 28]


5
process id 3
stats
5, 15, 7, 100, 1000
20220819-114558
loosing coalitions taken
[1, 2, 7, 10, 25]
[1, 4, 7, 8, 23]
[1, 5, 6, 12, 20]
[1, 3, 7, 16, 19]
[1, 3, 9, 10, 12]
[3, 4, 6, 11, 19]
[2, 3, 6, 9]
[1, 2, 8, 15, 17]
[1, 3, 6, 22]
[1, 2, 9, 11, 14]
[3, 4, 5, 14]
[2, 3, 5, 25]
[1, 4, 6, 24]
[2, 4, 5, 19]
[16, 17, 18, 19, 20, 21, 22, 23, 24, 25, 26, 27, 28]


5
process id 5
stats
5, 15, 7, 100, 1000
20220819-114615
loosing coalitions taken
[2, 3, 6, 18, 20]
[1, 2, 10, 11, 12]
[3, 4, 6, 9, 22]
[1, 4, 8, 10, 14]
[1, 5, 6, 13, 21]
[1, 2, 7, 15, 17]
[1, 3, 8, 12, 19]
[1, 3, 7, 10, 22]
[2, 3, 5, 13]
[3, 4, 5, 15, 18]
[1, 4, 6, 24]
[2, 4, 5, 14]
[1, 3, 6, 28]
[1, 4, 7, 11, 13]
[16, 17, 18, 19, 20, 21, 22, 23, 24, 25, 26, 27, 28]


5
process id 5
stats
5, 15, 7, 100, 1000
20220819-114619
loosing coalitions taken
[2, 4, 6, 12, 22]
[1, 4, 8, 11, 12]
[2, 3, 6, 13, 27]
[3, 4, 6, 9, 20]
[2, 3, 5, 24]
[1, 3, 7, 12, 20]
[1, 3, 8, 10, 13]
[1, 4, 7, 10, 18]
[1, 5, 6, 9, 23]
[1, 2, 8, 14, 16]
[1, 4, 6, 25, 27]
[1, 2, 7, 9, 19]
[2, 4, 5, 19]
[3, 4, 5, 17, 25]
[16, 17, 18, 19, 20, 21, 22, 23, 24, 25, 26, 27, 28]


6
process id 1
stats
5, 15, 7, 100, 1000
20220819-114626
loosing coalitions taken
[2, 3, 6, 19, 20]
[2, 4, 5, 18]
[1, 5, 6, 12, 24]
[1, 2, 8, 10, 21]
[1, 4, 7, 9, 16]
[3, 4, 6, 8]
[1, 2, 7, 15, 19]
[2, 3, 5, 25, 27]
[3, 4, 5, 19, 22]
[1, 4, 6, 25]
[2, 4, 6, 14, 21]
[1, 3, 8, 12, 18]
[1, 3, 7, 10, 17]
[1, 2, 9, 11, 12]
[16, 17, 18, 19, 20, 21, 22, 23, 24, 25, 26, 27, 28]


6
process id 0
stats
5, 15, 7, 100, 1000
20220819-114650
loosing coalitions taken
[1, 3, 8, 10, 17]
[2, 4, 6, 8]
[3, 4, 5, 14, 27]
[1, 4, 7, 10, 14]
[1, 3, 7, 12, 21]
[1, 2, 7, 13, 20]
[1, 5, 6, 14, 19]
[2, 3, 5, 23, 24]
[1, 2, 9, 10, 12]
[3, 4, 6, 11, 18]
[1, 3, 6, 26]
[1, 2, 8, 11, 16]
[2, 4, 5, 12]
[2, 3, 6, 9]
[16, 17, 18, 19, 20, 21, 22, 23, 24, 25, 26, 27, 28]


6
process id 5
stats
5, 15, 7, 100, 1000
20220819-114710
loosing coalitions taken
[1, 4, 7, 10, 17]
[3, 4, 6, 15, 16]
[1, 3, 8, 9, 16]
[2, 4, 6, 13, 18]
[1, 2, 7, 9, 27]
[1, 4, 8, 13, 14]
[1, 3, 7, 11, 14]
[1, 5, 6, 11, 25]
[1, 3, 6, 23]
[3, 4, 5, 14, 27]
[2, 3, 5, 17, 20]
[2, 4, 5, 15]
[1, 2, 8, 11, 21]
[1, 2, 10, 12, 13]
[16, 17, 18, 19, 20, 21, 22, 23, 24, 25, 26, 27, 28]


6
process id 5
stats
5, 15, 7, 100, 1000
20220819-114744
loosing coalitions taken
[2, 4, 6, 16, 19]
[1, 5, 6, 11, 23]
[1, 4, 7, 10, 18]
[2, 3, 7, 8, 10]
[1, 4, 8, 9, 13]
[2, 3, 6, 12]
[1, 3, 7, 11, 21]
[1, 2, 7, 14, 24]
[1, 4, 6, 26]
[2, 4, 5, 9]
[3, 4, 5, 11]
[3, 4, 6, 10, 20]
[1, 3, 6, 28]
[2, 3, 5, 17, 25]
[16, 17, 18, 19, 20, 21, 22, 23, 24, 25, 26, 27, 28]


5
process id 5
stats
5, 15, 7, 100, 1000
20220819-114804
loosing coalitions taken
[1, 4, 8, 12, 14]
[1, 2, 7, 17, 19]
[2, 3, 6, 15, 25]
[3, 5, 6, 7, 13]
[2, 3, 7, 8, 9]
[1, 2, 8, 13, 18]
[1, 3, 7, 10, 23]
[1, 2, 9, 10, 11]
[3, 4, 5, 11, 20]
[1, 4, 6, 28]
[2, 4, 5, 13]
[1, 3, 6, 26]
[2, 3, 5, 24, 26]
[1, 5, 6, 14, 16]
[16, 17, 18, 19, 20, 21, 22, 23, 24, 25, 26, 27, 28]


6
process id 5
stats
5, 15, 7, 100, 1000
20220819-114806
loosing coalitions taken
[3, 4, 6, 12, 21]
[1, 5, 6, 13, 23]
[1, 3, 8, 12, 18]
[1, 4, 8, 9, 13]
[1, 4, 7, 11, 17]
[2, 4, 5, 17, 28]
[3, 4, 5, 11]
[1, 2, 7, 12, 19]
[1, 4, 6, 22]
[2, 3, 5, 16]
[1, 3, 6, 26]
[2, 3, 6, 15, 27]
[2, 4, 6, 10, 24]
[1, 3, 7, 9, 24]
[16, 17, 18, 19, 20, 21, 22, 23, 24, 25, 26, 27, 28]


6
process id 1
stats
5, 15, 7, 100, 1000
20220819-114807
loosing coalitions taken
[1, 3, 8, 13, 16]
[1, 2, 7, 16, 20]
[1, 4, 7, 9, 15]
[1, 2, 9, 11, 13]
[1, 2, 8, 10, 19]
[2, 3, 6, 12]
[2, 4, 5, 19, 23]
[1, 5, 6, 14, 18]
[1, 3, 7, 10, 22]
[2, 3, 5, 10]
[3, 4, 6, 14, 16]
[3, 4, 5, 11]
[1, 4, 6, 20]
[2, 4, 6, 13, 17]
[16, 17, 18, 19, 20, 21, 22, 23, 24, 25, 26, 27, 28]


5
process id 7
stats
5, 15, 7, 100, 1000
20220819-114822
loosing coalitions taken
[2, 3, 6, 15, 26]
[1, 2, 7, 13, 21]
[1, 3, 8, 9, 15]
[1, 4, 7, 10, 18]
[2, 4, 6, 13, 22]
[2, 4, 5, 19]
[1, 2, 8, 14, 20]
[1, 4, 8, 12, 13]
[3, 4, 5, 16]
[1, 2, 10, 11, 12]
[1, 5, 6, 13, 24]
[2, 3, 5, 17]
[1, 3, 7, 12, 19]
[3, 4, 6, 8]
[16, 17, 18, 19, 20, 21, 22, 23, 24, 25, 26, 27, 28]


6
process id 2
stats
5, 15, 7, 100, 1000
20220819-114844
loosing coalitions taken
[3, 4, 5, 19, 22]
[1, 5, 6, 10, 26]
[1, 2, 7, 14, 22]
[1, 4, 8, 9, 14]
[1, 2, 8, 13, 19]
[2, 4, 5, 15, 26]
[1, 3, 7, 15, 16]
[3, 4, 6, 11, 17]
[1, 3, 8, 12, 18]
[2, 3, 5, 24]
[1, 3, 6, 25]
[2, 4, 6, 8]
[1, 4, 7, 10, 13]
[1, 2, 9, 10, 12]
[16, 17, 18, 19, 20, 21, 22, 23, 24, 25, 26, 27, 28]


5
process id 3
stats
5, 15, 7, 100, 1000
20220819-114913
loosing coalitions taken
[1, 3, 7, 14, 22]
[1, 5, 6, 11, 23]
[1, 2, 7, 13, 24]
[1, 4, 8, 13, 14]
[1, 2, 10, 12, 14]
[2, 3, 6, 14]
[1, 3, 8, 10, 17]
[1, 4, 6, 25]
[1, 2, 8, 11, 15]
[2, 4, 5, 9]
[3, 4, 5, 10]
[2, 4, 6, 8]
[3, 4, 6, 7]
[2, 3, 5, 24]
[16, 17, 18, 19, 20, 21, 22, 23, 24, 25, 26, 27, 28]


6
process id 1
stats
5, 15, 7, 100, 1000
20220819-114930
loosing coalitions taken
[2, 4, 6, 12, 23]
[1, 2, 7, 16, 17]
[1, 5, 6, 14, 22]
[1, 3, 8, 10, 18]
[1, 3, 7, 13, 21]
[1, 2, 8, 9, 15]
[2, 3, 6, 13, 19]
[1, 4, 6, 25, 26]
[1, 2, 10, 12, 13]
[2, 3, 5, 20]
[1, 4, 7, 12, 14]
[3, 4, 6, 11, 15]
[2, 4, 5, 15]
[3, 4, 5, 13]
[16, 17, 18, 19, 20, 21, 22, 23, 24, 25, 26, 27, 28]


5
process id 2
stats
5, 15, 7, 100, 1000
20220819-114941
loosing coalitions taken
[1, 4, 8, 10, 13]
[1, 3, 8, 9, 19]
[2, 4, 5, 18]
[3, 4, 6, 10, 19]
[1, 2, 10, 12, 14]
[1, 4, 6, 27]
[1, 2, 7, 16, 17]
[1, 2, 8, 11, 20]
[2, 3, 5, 13]
[1, 3, 7, 13, 22]
[2, 3, 6, 12]
[1, 3, 6, 23]
[3, 4, 5, 11]
[1, 4, 7, 9, 15]
[16, 17, 18, 19, 20, 21, 22, 23, 24, 25, 26, 27, 28]


6
process id 0
stats
5, 15, 7, 100, 1000
20220819-114945
loosing coalitions taken
[1, 4, 7, 10, 16]
[1, 2, 7, 11, 19]
[1, 3, 7, 9, 23]
[1, 4, 8, 13, 14]
[1, 2, 8, 12, 20]
[1, 3, 8, 10, 17]
[2, 4, 5, 15, 25]
[2, 3, 5, 27, 28]
[3, 4, 5, 18, 24]
[3, 4, 6, 12, 16]
[2, 4, 6, 9, 21]
[2, 3, 6, 13, 26]
[1, 5, 6, 10, 23]
[1, 4, 6, 25]
[16, 17, 18, 19, 20, 21, 22, 23, 24, 25, 26, 27, 28]


6
process id 6
stats
5, 15, 7, 100, 1000
20220819-114948
loosing coalitions taken
[2, 3, 6, 13]
[1, 2, 8, 11, 18]
[1, 4, 7, 14, 15]
[1, 3, 7, 16, 17]
[1, 2, 9, 12, 14]
[1, 2, 7, 10, 28]
[2, 4, 5, 18]
[1, 5, 6, 11, 24]
[1, 3, 9, 10, 11]
[3, 4, 5, 14]
[2, 3, 5, 25]
[1, 4, 6, 27]
[1, 3, 6, 22]
[1, 4, 8, 12, 13]
[16, 17, 18, 19, 20, 21, 22, 23, 24, 25, 26, 27, 28]


6
process id 2
stats
5, 15, 7, 100, 1000
20220819-115007
loosing coalitions taken
[1, 4, 7, 10, 19]
[3, 4, 6, 9, 20]
[3, 4, 5, 15, 22]
[2, 4, 6, 11, 22]
[1, 2, 7, 9, 28]
[1, 3, 7, 16, 17]
[2, 3, 6, 12, 24]
[2, 4, 5, 20, 24]
[2, 3, 5, 21]
[1, 2, 8, 14, 20]
[1, 2, 10, 11, 13]
[1, 5, 6, 15, 19]
[1, 3, 6, 26]
[1, 4, 8, 9, 13]
[16, 17, 18, 19, 20, 21, 22, 23, 24, 25, 26, 27, 28]


5
process id 1
stats
5, 15, 7, 100, 1000
20220819-115008
loosing coalitions taken
[1, 2, 8, 11, 19]
[1, 2, 7, 14, 20]
[2, 4, 6, 13, 21]
[1, 3, 8, 14, 15]
[1, 4, 7, 11, 13]
[1, 5, 6, 8]
[2, 3, 5, 23]
[1, 3, 7, 16, 17]
[3, 4, 6, 9, 16]
[2, 3, 6, 12]
[1, 3, 9, 10, 11]
[3, 4, 5, 11]
[2, 4, 5, 10]
[1, 2, 6, 25]
[16, 17, 18, 19, 20, 21, 22, 23, 24, 25, 26, 27, 28]


6
process id 5
stats
5, 15, 7, 100, 1000
20220819-115025
loosing coalitions taken
[1, 2, 7, 16, 20]
[1, 4, 8, 11, 14]
[2, 4, 5, 21, 26]
[1, 4, 6, 23, 28]
[1, 4, 7, 10, 18]
[1, 2, 10, 12, 14]
[1, 3, 8, 9, 16]
[1, 3, 7, 14, 22]
[3, 4, 5, 18, 27]
[2, 3, 5, 17, 28]
[2, 3, 6, 10]
[2, 4, 6, 15, 17]
[3, 4, 6, 7]
[1, 5, 6, 8]
[16, 17, 18, 19, 20, 21, 22, 23, 24, 25, 26, 27, 28]


