Results
Max overall: 15
Min avg pop: 0.649
Min pop: 0.63

5
process id 6
stats
5, 15, 7, 100, 1000
20220819-123114
loosing coalitions taken
[1, 2, 7, 9]
[1, 3, 8, 10, 18]
[1, 4, 6, 24, 27]
[2, 4, 6, 11, 19]
[2, 3, 5, 21]
[2, 3, 6, 14]
[2, 4, 5, 14]
[1, 3, 6, 23]
[3, 4, 5, 12]
[1, 5, 6, 10, 22]
[1, 4, 8, 9, 12]
[1, 3, 7, 12, 16]
[1, 2, 8, 11, 13]
[1, 4, 7, 10, 15]
[16, 17, 18, 19, 20, 21, 22, 23, 24, 25, 26, 27, 28]


6
process id 4
stats
5, 15, 7, 100, 1000
20220819-123117
loosing coalitions taken
[1, 5, 6, 9, 26]
[1, 4, 7, 13, 14]
[1, 3, 7, 15, 18]
[1, 4, 8, 10, 11]
[1, 2, 7, 10, 19]
[1, 2, 8, 9, 21]
[1, 3, 8, 14, 16]
[1, 3, 9, 10, 12]
[3, 4, 6, 12, 17]
[2, 3, 6, 16, 22]
[2, 3, 5, 21, 26]
[1, 2, 6, 27]
[3, 4, 5, 15, 24]
[2, 4, 5, 20]
[16, 17, 18, 19, 20, 21, 22, 23, 24, 25, 26, 27, 28]


6
process id 7
stats
5, 15, 7, 100, 1000
20220819-123126
loosing coalitions taken
[1, 5, 6, 13, 23]
[3, 4, 6, 9, 22]
[2, 3, 6, 14]
[1, 4, 8, 10, 14]
[1, 3, 7, 16, 17]
[1, 3, 9, 10, 11]
[1, 4, 6, 27]
[1, 3, 8, 12, 13]
[1, 2, 8, 11, 21]
[2, 4, 5, 17, 19]
[3, 4, 5, 18, 26]
[2, 3, 5, 22]
[1, 2, 7, 14, 19]
[2, 4, 6, 11, 23]
[16, 17, 18, 19, 20, 21, 22, 23, 24, 25, 26, 27, 28]


5
process id 4
stats
5, 15, 7, 100, 1000
20220819-123131
loosing coalitions taken
[1, 2, 9, 10, 11]
[2, 3, 5, 22]
[1, 2, 7, 12, 25]
[1, 2, 8, 14, 18]
[1, 4, 6, 28]
[1, 3, 6, 23]
[2, 4, 5, 17]
[1, 5, 6, 14, 17]
[1, 3, 7, 10, 24]
[2, 3, 6, 11]
[3, 4, 5, 13]
[1, 4, 7, 13, 14]
[3, 4, 6, 12, 19]
[1, 3, 8, 9, 17]
[16, 17, 18, 19, 20, 21, 22, 23, 24, 25, 26, 27, 28]


5
process id 1
stats
5, 15, 7, 100, 1000
20220819-123201
loosing coalitions taken
[2, 4, 5, 16]
[1, 3, 7, 14, 17]
[2, 3, 6, 14, 25]
[1, 3, 8, 10, 18]
[1, 2, 7, 12, 24]
[1, 5, 6, 13, 23]
[1, 4, 7, 8]
[1, 2, 9, 10, 14]
[3, 4, 5, 13]
[1, 4, 6, 17]
[2, 3, 5, 12]
[3, 4, 6, 11, 19]
[2, 4, 6, 8]
[1, 2, 8, 11, 20]
[16, 17, 18, 19, 20, 21, 22, 23, 24, 25, 26, 27, 28]


5
process id 4
stats
5, 15, 7, 100, 1000
20220819-123202
loosing coalitions taken
[1, 2, 7, 17, 19]
[1, 3, 7, 10, 23]
[1, 2, 8, 15, 16]
[2, 4, 6, 9, 25]
[1, 4, 7, 13, 15]
[1, 4, 8, 9, 14]
[1, 4, 6, 28]
[3, 4, 5, 16]
[2, 3, 7, 8, 9]
[2, 3, 6, 16, 17]
[2, 4, 5, 13, 20]
[1, 5, 6, 11, 22]
[1, 2, 6, 27]
[2, 3, 5, 11]
[16, 17, 18, 19, 20, 21, 22, 23, 24, 25, 26, 27, 28]


5
process id 3
stats
5, 15, 7, 100, 1000
20220819-123216
loosing coalitions taken
[3, 4, 6, 9, 22]
[1, 2, 8, 9, 17]
[1, 2, 7, 13, 25]
[1, 2, 10, 12, 14]
[2, 4, 5, 19, 25]
[1, 3, 7, 15, 17]
[3, 4, 5, 20, 21]
[1, 5, 6, 10, 25]
[1, 4, 8, 13, 14]
[1, 3, 8, 12, 18]
[1, 3, 6, 26]
[1, 4, 7, 11, 12]
[2, 3, 5, 10]
[2, 4, 6, 8]
[16, 17, 18, 19, 20, 21, 22, 23, 24, 25, 26, 27, 28]


6
process id 2
stats
5, 15, 7, 100, 1000
20220819-123225
loosing coalitions taken
[3, 4, 5, 16, 27]
[1, 3, 7, 14, 17]
[1, 2, 8, 9, 21]
[2, 3, 5, 19]
[2, 4, 6, 13, 17]
[1, 5, 6, 10, 20]
[1, 3, 8, 11, 16]
[1, 2, 10, 12, 14]
[1, 4, 7, 8]
[3, 4, 6, 12, 21]
[1, 3, 6, 23, 26]
[2, 3, 6, 9, 25]
[1, 2, 7, 15, 16]
[2, 4, 5, 14]
[16, 17, 18, 19, 20, 21, 22, 23, 24, 25, 26, 27, 28]


6
process id 1
stats
5, 15, 7, 100, 1000
20220819-123247
loosing coalitions taken
[2, 4, 6, 16, 18]
[1, 2, 8, 14, 18]
[1, 3, 8, 12, 15]
[1, 4, 8, 9, 10]
[3, 4, 6, 14, 20]
[1, 3, 7, 11, 22]
[1, 5, 6, 10, 21]
[1, 2, 7, 13, 21]
[1, 4, 7, 14, 15]
[1, 3, 6, 24, 25]
[2, 3, 5, 24, 28]
[3, 4, 5, 11, 27]
[2, 3, 6, 8]
[2, 4, 5, 19, 23]
[16, 17, 18, 19, 20, 21, 22, 23, 24, 25, 26, 27, 28]


5
process id 3
stats
5, 15, 7, 100, 1000
20220819-123249
loosing coalitions taken
[1, 2, 8, 9, 22]
[1, 2, 10, 12, 13]
[1, 3, 8, 15, 16]
[1, 4, 6, 28]
[2, 4, 5, 19, 24]
[3, 4, 5, 15]
[1, 3, 7, 10, 24]
[2, 3, 6, 18, 21]
[2, 3, 5, 16, 27]
[1, 3, 6, 25]
[1, 2, 7, 11, 20]
[1, 4, 7, 9, 13]
[1, 5, 6, 9, 24]
[2, 4, 6, 13, 20]
[16, 17, 18, 19, 20, 21, 22, 23, 24, 25, 26, 27, 28]


6
process id 1
stats
5, 15, 7, 100, 1000
20220819-123251
loosing coalitions taken
[1, 3, 7, 16, 17]
[1, 2, 10, 12, 13]
[2, 3, 5, 22]
[1, 5, 6, 11, 25]
[1, 4, 8, 13, 14]
[1, 2, 7, 11, 23]
[2, 3, 6, 13, 27]
[2, 4, 6, 8]
[1, 4, 7, 10, 15]
[2, 4, 5, 16, 24]
[3, 4, 5, 12]
[1, 3, 8, 9, 12]
[3, 4, 6, 7]
[1, 2, 6, 24]
[16, 17, 18, 19, 20, 21, 22, 23, 24, 25, 26, 27, 28]


6
process id 5
stats
5, 15, 7, 100, 1000
20220819-123348
loosing coalitions taken
[1, 4, 7, 10, 18]
[1, 2, 10, 11, 13]
[1, 2, 7, 14, 21]
[2, 4, 5, 18]
[1, 5, 6, 9, 23]
[1, 4, 6, 28]
[1, 3, 7, 15, 19]
[1, 2, 8, 9, 16]
[2, 4, 6, 13, 22]
[2, 3, 5, 17, 22]
[3, 4, 5, 9]
[2, 3, 6, 14]
[1, 4, 8, 13, 14]
[1, 3, 8, 12, 17]
[16, 17, 18, 19, 20, 21, 22, 23, 24, 25, 26, 27, 28]


6
process id 2
stats
5, 15, 7, 100, 1000
20220819-123348
loosing coalitions taken
[1, 5, 6, 11, 21]
[1, 2, 8, 11, 19]
[3, 4, 5, 12]
[1, 4, 8, 9, 15]
[2, 3, 7, 8, 9]
[2, 3, 6, 10, 26]
[1, 2, 7, 14, 22]
[1, 2, 9, 12, 13]
[2, 5, 6, 7, 16]
[2, 3, 5, 27, 28]
[1, 3, 7, 10, 24]
[2, 4, 5, 19]
[2, 4, 6, 15, 20]
[1, 3, 8, 13, 16]
[16, 17, 18, 19, 20, 21, 22, 23, 24, 25, 26, 27, 28]


5
process id 2
stats
5, 15, 7, 100, 1000
20220819-123350
loosing coalitions taken
[1, 3, 8, 9, 20]
[1, 4, 8, 10, 11]
[1, 4, 7, 9, 17]
[1, 2, 10, 12, 13]
[3, 4, 6, 8]
[1, 3, 7, 10, 21]
[1, 2, 8, 14, 16]
[1, 4, 6, 21, 28]
[1, 5, 6, 12, 22]
[2, 4, 5, 15]
[1, 2, 7, 11, 27]
[2, 3, 6, 16, 17]
[3, 4, 5, 19, 22]
[2, 3, 5, 14]
[16, 17, 18, 19, 20, 21, 22, 23, 24, 25, 26, 27, 28]


6
process id 2
stats
5, 15, 7, 100, 1000
20220819-123451
loosing coalitions taken
[2, 4, 6, 13, 22]
[2, 3, 5, 23, 25]
[2, 3, 7, 8, 9]
[1, 2, 8, 11, 18]
[1, 2, 7, 12, 26]
[1, 3, 7, 13, 19]
[2, 4, 5, 15]
[1, 4, 8, 13, 14]
[1, 3, 8, 12, 15]
[1, 5, 6, 12, 23]
[1, 4, 7, 9, 16]
[2, 3, 6, 12, 24]
[1, 4, 6, 18, 24]
[1, 3, 9, 10, 11]
[16, 17, 18, 19, 20, 21, 22, 23, 24, 25, 26, 27, 28]


5
process id 7
stats
5, 15, 7, 100, 1000
20220819-123505
loosing coalitions taken
[1, 2, 8, 15, 16]
[1, 5, 6, 14, 22]
[1, 2, 7, 14, 19]
[2, 4, 5, 21, 22]
[1, 4, 7, 10, 15]
[1, 4, 8, 9, 14]
[1, 2, 9, 10, 12]
[1, 3, 7, 8]
[3, 4, 6, 9, 19]
[2, 4, 6, 11, 24]
[1, 4, 6, 16]
[3, 4, 5, 17, 27]
[2, 3, 6, 12, 17]
[2, 3, 5, 24, 28]
[16, 17, 18, 19, 20, 21, 22, 23, 24, 25, 26, 27, 28]


5
process id 5
stats
5, 15, 7, 100, 1000
20220819-123517
loosing coalitions taken
[1, 5, 6, 13, 24]
[2, 4, 6, 15, 21]
[1, 2, 7, 16, 21]
[2, 4, 5, 16]
[1, 2, 8, 13, 19]
[1, 3, 8, 9, 16]
[2, 3, 6, 11]
[3, 4, 5, 13, 25]
[1, 4, 6, 28]
[2, 3, 5, 10]
[1, 3, 6, 26]
[1, 2, 9, 10, 12]
[3, 4, 6, 8]
[1, 4, 8, 12, 14]
[16, 17, 18, 19, 20, 21, 22, 23, 24, 25, 26, 27, 28]


5
process id 7
stats
5, 15, 7, 100, 1000
20220819-123518
loosing coalitions taken
[1, 3, 7, 14, 22]
[1, 2, 9, 11, 14]
[1, 5, 6, 10, 22]
[1, 3, 8, 11, 19]
[1, 2, 8, 12, 20]
[2, 3, 6, 12]
[1, 2, 7, 13, 18]
[2, 3, 5, 13]
[2, 4, 6, 11, 17]
[2, 4, 5, 15]
[1, 3, 6, 26, 28]
[1, 4, 7, 9, 17]
[3, 4, 5, 14, 19]
[1, 4, 6, 25]
[16, 17, 18, 19, 20, 21, 22, 23, 24, 25, 26, 27, 28]


5
process id 5
stats
5, 15, 7, 100, 1000
20220819-123600
loosing coalitions taken
[1, 3, 7, 12, 22]
[1, 2, 8, 14, 18]
[2, 3, 6, 11]
[1, 4, 7, 10, 15]
[1, 3, 8, 10, 19]
[2, 4, 5, 18]
[1, 2, 10, 12, 13]
[3, 4, 6, 8, 24]
[3, 4, 5, 13, 27]
[2, 3, 5, 16, 24]
[1, 4, 6, 22]
[1, 5, 6, 16, 20]
[1, 4, 8, 11, 12]
[1, 2, 6, 23]
[16, 17, 18, 19, 20, 21, 22, 23, 24, 25, 26, 27, 28]


6
process id 6
stats
5, 15, 7, 100, 1000
20220819-123607
loosing coalitions taken
[3, 4, 6, 14, 20]
[1, 2, 7, 10, 21]
[2, 4, 5, 15, 24]
[2, 3, 6, 9, 27]
[1, 3, 7, 14, 18]
[1, 3, 8, 15, 16]
[3, 4, 5, 17, 19]
[1, 2, 8, 9, 20]
[2, 3, 5, 25]
[2, 4, 6, 12, 19]
[1, 4, 7, 9, 15]
[1, 4, 6, 17, 27]
[1, 5, 6, 13, 23]
[1, 4, 8, 10, 14]
[16, 17, 18, 19, 20, 21, 22, 23, 24, 25, 26, 27, 28]


5
process id 1
stats
5, 15, 7, 100, 1000
20220819-123635
loosing coalitions taken
[3, 4, 5, 18, 27]
[2, 4, 6, 11, 23]
[1, 5, 6, 13, 21]
[1, 3, 7, 9, 21]
[1, 4, 7, 11, 17]
[2, 4, 5, 17]
[1, 3, 8, 10, 18]
[2, 3, 6, 9]
[1, 4, 8, 12, 13]
[1, 2, 7, 12, 25]
[1, 3, 6, 28]
[1, 2, 6, 24]
[1, 2, 8, 14, 15]
[2, 3, 5, 13]
[16, 17, 18, 19, 20, 21, 22, 23, 24, 25, 26, 27, 28]


5
process id 1
stats
5, 15, 7, 100, 1000
20220819-123706
loosing coalitions taken
[1, 2, 7, 10, 25]
[1, 3, 8, 11, 17]
[1, 3, 7, 9, 23]
[1, 5, 6, 16, 18]
[2, 3, 6, 14]
[1, 2, 8, 15, 16]
[3, 4, 5, 14]
[1, 3, 6, 26]
[1, 4, 8, 10, 14]
[2, 3, 5, 15, 26]
[2, 4, 5, 21, 27]
[2, 4, 6, 15, 17]
[1, 4, 7, 11, 15]
[1, 4, 6, 25]
[16, 17, 18, 19, 20, 21, 22, 23, 24, 25, 26, 27, 28]


6
process id 2
stats
5, 15, 7, 100, 1000
20220819-123725
loosing coalitions taken
[1, 4, 7, 11, 17]
[2, 4, 6, 10, 24]
[2, 3, 5, 22, 25]
[1, 2, 8, 12, 20]
[1, 2, 9, 10, 11]
[2, 3, 6, 14]
[1, 3, 7, 12, 22]
[1, 2, 7, 13, 24]
[1, 3, 8, 10, 18]
[3, 4, 5, 17, 24]
[2, 4, 5, 16]
[1, 4, 6, 25, 27]
[1, 5, 6, 15, 19]
[1, 4, 8, 13, 14]
[16, 17, 18, 19, 20, 21, 22, 23, 24, 25, 26, 27, 28]


6
process id 0
stats
5, 15, 7, 100, 1000
20220819-123737
loosing coalitions taken
[2, 4, 5, 20, 23]
[1, 3, 7, 14, 18]
[1, 4, 7, 11, 16]
[3, 4, 5, 17, 27]
[1, 5, 6, 10, 26]
[1, 3, 9, 10, 11]
[1, 2, 7, 15, 21]
[2, 3, 6, 16, 23]
[2, 3, 5, 21]
[1, 3, 8, 13, 16]
[3, 4, 6, 8, 25]
[1, 4, 6, 19]
[1, 2, 9, 12, 14]
[1, 2, 8, 10, 20]
[16, 17, 18, 19, 20, 21, 22, 23, 24, 25, 26, 27, 28]


5
process id 2
stats
5, 15, 7, 100, 1000
20220819-123839
loosing coalitions taken
[2, 3, 6, 15, 27]
[1, 3, 9, 10, 12]
[1, 4, 7, 10, 16]
[2, 4, 6, 9, 25]
[1, 2, 7, 15, 22]
[1, 2, 8, 9, 17]
[1, 3, 7, 14, 17]
[1, 2, 10, 11, 13]
[3, 4, 5, 16, 17]
[2, 4, 5, 20, 23]
[2, 3, 5, 13]
[3, 4, 6, 10, 19]
[1, 4, 6, 20, 22]
[1, 4, 8, 11, 14]
[16, 17, 18, 19, 20, 21, 22, 23, 24, 25, 26, 27, 28]


6
process id 6
stats
5, 15, 7, 100, 1000
20220819-124007
loosing coalitions taken
[2, 4, 6, 11, 23]
[1, 2, 8, 12, 17]
[1, 4, 8, 9, 11]
[1, 4, 7, 10, 17]
[1, 4, 6, 27]
[2, 3, 7, 8, 9]
[1, 2, 7, 13, 24]
[2, 3, 6, 15, 22]
[1, 3, 8, 10, 19]
[2, 4, 5, 14, 20]
[3, 4, 5, 17, 26]
[2, 3, 5, 16]
[1, 2, 9, 10, 14]
[1, 3, 7, 15, 21]
[16, 17, 18, 19, 20, 21, 22, 23, 24, 25, 26, 27, 28]


6
process id 0
stats
5, 15, 7, 100, 1000
20220819-124025
loosing coalitions taken
[1, 3, 8, 12, 18]
[2, 3, 6, 16, 24]
[2, 4, 5, 17, 26]
[1, 5, 6, 10, 20]
[2, 4, 6, 11, 18]
[1, 2, 7, 12, 24]
[1, 2, 8, 14, 19]
[1, 3, 7, 9, 20]
[1, 2, 9, 11, 13]
[3, 4, 5, 13, 27]
[1, 4, 7, 8]
[3, 4, 6, 10, 19]
[1, 3, 6, 22]
[2, 3, 5, 19, 20]
[16, 17, 18, 19, 20, 21, 22, 23, 24, 25, 26, 27, 28]


5
process id 1
stats
5, 15, 7, 100, 1000
20220819-124036
loosing coalitions taken
[1, 2, 10, 11, 13]
[1, 2, 8, 12, 20]
[1, 2, 7, 14, 23]
[1, 4, 7, 8]
[1, 5, 6, 10, 25]
[3, 4, 5, 19, 23]
[2, 4, 5, 14]
[3, 4, 6, 9, 18]
[2, 3, 6, 12, 25]
[2, 3, 5, 18]
[1, 3, 7, 16, 18]
[2, 4, 6, 8]
[1, 4, 6, 19, 26]
[1, 3, 8, 13, 14]
[16, 17, 18, 19, 20, 21, 22, 23, 24, 25, 26, 27, 28]


