Results
Max overall: 15
Min avg pop: 0.637
Min pop: 0.63

6
process id 0
stats
5, 15, 7, 100, 1000
20220819-103020
loosing coalitions taken
[3, 4, 6, 11, 19]
[1, 2, 10, 11, 12]
[3, 4, 5, 17, 28]
[1, 3, 8, 14, 16]
[1, 2, 7, 14, 21]
[2, 3, 5, 22]
[1, 2, 8, 9, 20]
[2, 4, 6, 14, 22]
[1, 4, 6, 25]
[2, 4, 5, 10]
[1, 5, 6, 12, 21]
[1, 3, 6, 26]
[1, 3, 7, 15, 20]
[2, 3, 6, 9]
[16, 17, 18, 19, 20, 21, 22, 23, 24, 25, 26, 27, 28]


6
process id 3
stats
5, 15, 7, 100, 1000
20220819-103059
loosing coalitions taken
[3, 4, 5, 15]
[1, 2, 8, 9, 22]
[2, 3, 6, 13]
[1, 4, 7, 8]
[1, 5, 6, 11, 25]
[1, 3, 6, 28]
[2, 3, 5, 23]
[2, 4, 5, 20]
[1, 4, 6, 24]
[2, 4, 6, 10, 23]
[3, 4, 6, 14, 16]
[1, 3, 8, 12, 18]
[1, 2, 7, 15, 20]
[1, 3, 7, 10, 24]
[16, 17, 18, 19, 20, 21, 22, 23, 24, 25, 26, 27, 28]


5
process id 2
stats
5, 15, 7, 100, 1000
20220819-103152
loosing coalitions taken
[1, 3, 7, 9, 24]
[1, 2, 9, 11, 13]
[1, 2, 8, 12, 18]
[2, 3, 7, 8, 10]
[2, 3, 6, 13]
[1, 3, 8, 11, 17]
[1, 2, 7, 14, 23]
[1, 5, 6, 14, 18]
[2, 4, 5, 17]
[3, 4, 5, 11]
[1, 4, 7, 12, 13]
[1, 3, 6, 27]
[2, 3, 5, 22, 27]
[1, 4, 6, 22, 25]
[16, 17, 18, 19, 20, 21, 22, 23, 24, 25, 26, 27, 28]


6
process id 7
stats
5, 15, 7, 100, 1000
20220819-103203
loosing coalitions taken
[2, 4, 5, 17]
[1, 3, 8, 11, 18]
[1, 2, 8, 12, 19]
[3, 4, 6, 8]
[1, 5, 6, 16, 18]
[1, 2, 7, 14, 15]
[1, 4, 7, 12, 16]
[2, 4, 6, 15, 18]
[3, 4, 5, 11, 28]
[1, 2, 9, 10, 13]
[2, 3, 6, 12, 25]
[2, 3, 5, 19]
[1, 3, 7, 9, 24]
[1, 4, 8, 9, 15]
[16, 17, 18, 19, 20, 21, 22, 23, 24, 25, 26, 27, 28]


5
process id 4
stats
5, 15, 7, 100, 1000
20220819-103213
loosing coalitions taken
[1, 3, 7, 13, 22]
[1, 3, 8, 9, 19]
[1, 2, 8, 11, 21]
[1, 4, 8, 10, 12]
[1, 5, 6, 13, 18]
[2, 4, 5, 14]
[1, 2, 9, 12, 13]
[2, 3, 6, 12]
[3, 4, 5, 18, 27]
[1, 4, 6, 23, 25]
[2, 5, 6, 7, 16]
[3, 4, 6, 11, 21]
[1, 3, 6, 26]
[2, 3, 5, 17, 26]
[16, 17, 18, 19, 20, 21, 22, 23, 24, 25, 26, 27, 28]


6
process id 2
stats
5, 15, 7, 100, 1000
20220819-103234
loosing coalitions taken
[2, 3, 6, 14, 28]
[3, 4, 6, 11, 17]
[1, 3, 8, 9, 17]
[1, 3, 7, 13, 21]
[1, 2, 8, 15, 16]
[1, 2, 7, 14, 18]
[1, 2, 9, 11, 13]
[1, 4, 7, 9, 16]
[2, 4, 5, 20]
[2, 3, 5, 19]
[1, 5, 6, 15, 20]
[1, 4, 6, 23]
[3, 4, 5, 16]
[1, 4, 8, 12, 13]
[16, 17, 18, 19, 20, 21, 22, 23, 24, 25, 26, 27, 28]


5
process id 6
stats
5, 15, 7, 100, 1000
20220819-103238
loosing coalitions taken
[2, 3, 6, 11]
[1, 4, 8, 10, 15]
[1, 3, 8, 12, 18]
[3, 4, 5, 16]
[1, 2, 7, 10, 23]
[1, 4, 6, 26, 27]
[1, 4, 7, 9, 14]
[2, 4, 6, 10, 21]
[1, 5, 6, 13, 20]
[2, 3, 5, 12]
[1, 3, 6, 28]
[1, 2, 8, 9, 17]
[2, 4, 5, 18]
[1, 3, 7, 11, 20]
[16, 17, 18, 19, 20, 21, 22, 23, 24, 25, 26, 27, 28]


5
process id 6
stats
5, 15, 7, 100, 1000
20220819-103311
loosing coalitions taken
[2, 4, 5, 19]
[1, 4, 8, 10, 14]
[1, 5, 6, 10, 26]
[3, 4, 6, 11, 20]
[1, 4, 6, 25]
[1, 2, 10, 12, 13]
[1, 2, 8, 9, 20]
[1, 3, 8, 13, 15]
[1, 2, 7, 11, 17]
[2, 3, 6, 9]
[1, 4, 7, 9, 13]
[2, 3, 5, 20]
[3, 4, 5, 14, 23]
[1, 3, 7, 12, 22]
[16, 17, 18, 19, 20, 21, 22, 23, 24, 25, 26, 27, 28]


5
process id 5
stats
5, 15, 7, 100, 1000
20220819-103328
loosing coalitions taken
[2, 3, 5, 20]
[1, 4, 6, 23, 26]
[1, 4, 7, 9, 17]
[1, 3, 8, 11, 13]
[1, 2, 9, 10, 13]
[1, 5, 6, 13, 24]
[1, 3, 6, 27]
[1, 4, 8, 10, 12]
[2, 4, 5, 19]
[1, 2, 7, 14, 24]
[2, 4, 6, 8]
[1, 3, 7, 12, 18]
[2, 3, 6, 10]
[3, 4, 5, 15, 25]
[16, 17, 18, 19, 20, 21, 22, 23, 24, 25, 26, 27, 28]


6
process id 4
stats
5, 15, 7, 100, 1000
20220819-103452
loosing coalitions taken
[1, 5, 6, 9, 22]
[3, 4, 6, 8]
[1, 2, 9, 12, 13]
[1, 3, 7, 15, 19]
[1, 4, 7, 14, 16]
[1, 2, 7, 10, 28]
[2, 3, 5, 13]
[1, 3, 6, 23]
[1, 4, 6, 28]
[2, 4, 5, 12]
[3, 4, 5, 14, 19]
[1, 4, 8, 10, 13]
[1, 3, 8, 11, 14]
[2, 3, 6, 15, 20]
[16, 17, 18, 19, 20, 21, 22, 23, 24, 25, 26, 27, 28]


6
process id 1
stats
5, 15, 7, 100, 1000
20220819-103507
loosing coalitions taken
[1, 2, 8, 15, 16]
[2, 3, 6, 11, 28]
[1, 4, 8, 12, 13]
[2, 4, 6, 13, 19]
[2, 4, 5, 21, 23]
[3, 4, 5, 15, 27]
[1, 2, 7, 9, 22]
[1, 3, 8, 11, 17]
[2, 3, 5, 25]
[1, 3, 7, 15, 21]
[3, 4, 6, 8]
[1, 5, 6, 10, 17]
[1, 4, 7, 11, 14]
[1, 2, 10, 11, 12]
[16, 17, 18, 19, 20, 21, 22, 23, 24, 25, 26, 27, 28]


5
process id 0
stats
5, 15, 7, 100, 1000
20220819-103517
loosing coalitions taken
[1, 3, 7, 12, 22]
[2, 3, 5, 26, 28]
[1, 2, 8, 14, 16]
[1, 4, 7, 10, 19]
[1, 4, 8, 11, 12]
[2, 4, 6, 14, 17]
[2, 3, 6, 11, 27]
[2, 4, 5, 19]
[1, 2, 9, 10, 12]
[1, 3, 6, 25, 28]
[1, 5, 6, 11, 21]
[1, 4, 6, 24]
[2, 3, 7, 8, 10]
[1, 2, 7, 13, 15]
[16, 17, 18, 19, 20, 21, 22, 23, 24, 25, 26, 27, 28]


6
process id 5
stats
5, 15, 7, 100, 1000
20220819-103627
loosing coalitions taken
[3, 4, 6, 13, 21]
[1, 5, 6, 10, 24]
[1, 4, 7, 9, 13]
[1, 3, 7, 12, 21]
[1, 2, 7, 16, 18]
[1, 4, 8, 12, 14]
[1, 3, 8, 9, 17]
[1, 3, 6, 27]
[2, 4, 5, 21, 22]
[2, 3, 5, 17, 26]
[2, 4, 6, 14, 16]
[3, 4, 5, 19, 20]
[1, 2, 8, 11, 19]
[1, 2, 10, 12, 13]
[16, 17, 18, 19, 20, 21, 22, 23, 24, 25, 26, 27, 28]


6
process id 2
stats
5, 15, 7, 100, 1000
20220819-103629
loosing coalitions taken
[3, 5, 6, 7, 15]
[1, 3, 9, 10, 11]
[1, 5, 6, 12, 21]
[1, 4, 6, 28]
[1, 2, 8, 9, 18]
[1, 3, 7, 14, 19]
[3, 4, 5, 12, 27]
[1, 3, 8, 13, 16]
[2, 3, 5, 22]
[1, 2, 10, 12, 13]
[1, 2, 7, 15, 17]
[2, 3, 6, 13]
[3, 4, 6, 11, 20]
[2, 4, 5, 20]
[16, 17, 18, 19, 20, 21, 22, 23, 24, 25, 26, 27, 28]


6
process id 2
stats
5, 15, 7, 100, 1000
20220819-103645
loosing coalitions taken
[2, 3, 6, 9]
[1, 4, 6, 26, 27]
[3, 4, 5, 17, 26]
[1, 3, 7, 15, 20]
[1, 2, 7, 10, 25]
[1, 4, 7, 9, 16]
[1, 5, 6, 11, 24]
[2, 3, 5, 20]
[2, 4, 5, 19, 23]
[3, 4, 6, 8]
[1, 3, 8, 9, 18]
[1, 2, 6, 23]
[1, 2, 8, 11, 12]
[1, 4, 8, 10, 14]
[16, 17, 18, 19, 20, 21, 22, 23, 24, 25, 26, 27, 28]


5
process id 5
stats
5, 15, 7, 100, 1000
20220819-103703
loosing coalitions taken
[1, 2, 8, 14, 19]
[2, 4, 5, 18]
[1, 3, 8, 11, 16]
[1, 2, 7, 12, 24]
[1, 4, 7, 8]
[1, 5, 6, 11, 20]
[1, 3, 6, 28]
[2, 3, 6, 9]
[3, 4, 5, 14, 27]
[2, 3, 5, 22, 24]
[1, 4, 6, 26]
[2, 4, 6, 12, 22]
[3, 4, 6, 13, 19]
[1, 3, 7, 9, 22]
[16, 17, 18, 19, 20, 21, 22, 23, 24, 25, 26, 27, 28]


5
process id 2
stats
5, 15, 7, 100, 1000
20220819-103704
loosing coalitions taken
[1, 3, 8, 15, 16]
[1, 2, 9, 10, 12]
[1, 2, 8, 14, 20]
[2, 3, 6, 12, 27]
[1, 5, 6, 9, 22]
[3, 4, 5, 13]
[1, 4, 6, 25]
[1, 2, 7, 17, 19]
[2, 3, 7, 8, 10]
[2, 4, 5, 18, 19]
[1, 3, 6, 26]
[1, 3, 7, 13, 20]
[2, 4, 6, 8]
[2, 3, 5, 15]
[16, 17, 18, 19, 20, 21, 22, 23, 24, 25, 26, 27, 28]


5
process id 3
stats
5, 15, 7, 100, 1000
20220819-103721
loosing coalitions taken
[1, 5, 6, 10, 23]
[3, 4, 5, 17, 24]
[1, 2, 8, 14, 16]
[2, 3, 6, 10]
[1, 3, 7, 14, 22]
[2, 4, 5, 14, 28]
[1, 4, 6, 24]
[1, 3, 8, 9, 13]
[2, 3, 5, 21]
[1, 4, 7, 9, 11]
[1, 2, 7, 13, 19]
[3, 4, 6, 9, 21]
[1, 3, 6, 27]
[2, 4, 6, 13, 22]
[16, 17, 18, 19, 20, 21, 22, 23, 24, 25, 26, 27, 28]


5
process id 1
stats
5, 15, 7, 100, 1000
20220819-103736
loosing coalitions taken
[1, 2, 8, 15, 16]
[1, 2, 10, 12, 14]
[2, 3, 6, 12, 28]
[3, 5, 6, 7, 15]
[1, 3, 7, 14, 19]
[3, 4, 6, 11, 18]
[1, 2, 7, 9]
[1, 3, 8, 10, 17]
[2, 4, 5, 12, 26]
[2, 3, 5, 18, 23]
[1, 5, 6, 16, 17]
[2, 4, 6, 14, 22]
[1, 4, 6, 25, 28]
[3, 4, 5, 10]
[16, 17, 18, 19, 20, 21, 22, 23, 24, 25, 26, 27, 28]


5
process id 7
stats
5, 15, 7, 100, 1000
20220819-103739
loosing coalitions taken
[2, 4, 6, 9, 20]
[1, 2, 10, 11, 14]
[1, 2, 9, 12, 13]
[1, 3, 7, 12, 19]
[3, 4, 5, 18, 22]
[2, 4, 5, 17, 24]
[1, 4, 7, 9, 16]
[1, 4, 8, 13, 14]
[3, 4, 6, 11, 15]
[1, 3, 8, 9, 10]
[1, 4, 6, 21]
[2, 3, 5, 12, 28]
[2, 3, 6, 13]
[1, 2, 7, 8]
[16, 17, 18, 19, 20, 21, 22, 23, 24, 25, 26, 27, 28]


5
process id 6
stats
5, 15, 7, 100, 1000
20220819-103803
loosing coalitions taken
[1, 5, 6, 9, 25]
[2, 4, 5, 20]
[1, 2, 7, 9, 24]
[2, 3, 6, 18, 21]
[1, 2, 10, 11, 13]
[1, 3, 9, 10, 12]
[3, 4, 6, 10, 17]
[1, 3, 8, 13, 14]
[1, 4, 7, 8]
[3, 4, 5, 16]
[2, 3, 5, 17]
[2, 4, 6, 7]
[1, 4, 6, 18]
[1, 3, 7, 11, 22]
[16, 17, 18, 19, 20, 21, 22, 23, 24, 25, 26, 27, 28]


5
process id 2
stats
5, 15, 7, 100, 1000
20220819-103805
loosing coalitions taken
[1, 4, 7, 10, 17]
[1, 3, 9, 10, 11]
[1, 4, 8, 11, 13]
[1, 4, 6, 26]
[3, 4, 5, 13]
[1, 3, 7, 15, 21]
[1, 2, 8, 12, 17]
[2, 4, 5, 16]
[1, 2, 7, 9, 16]
[1, 3, 6, 25]
[2, 4, 6, 12, 15]
[2, 3, 5, 11]
[2, 3, 6, 9, 28]
[1, 5, 6, 16, 17]
[16, 17, 18, 19, 20, 21, 22, 23, 24, 25, 26, 27, 28]


5
process id 6
stats
5, 15, 7, 100, 1000
20220819-103838
loosing coalitions taken
[1, 3, 8, 9, 17]
[1, 4, 7, 12, 13]
[1, 5, 6, 12, 21]
[2, 3, 6, 11, 23]
[1, 2, 9, 12, 14]
[1, 3, 7, 14, 16]
[1, 2, 7, 10, 28]
[1, 2, 8, 13, 19]
[1, 4, 8, 10, 15]
[3, 4, 5, 15, 21]
[2, 4, 5, 11, 28]
[1, 3, 6, 28]
[2, 3, 5, 17]
[2, 4, 6, 8, 22]
[16, 17, 18, 19, 20, 21, 22, 23, 24, 25, 26, 27, 28]


5
process id 7
stats
5, 15, 7, 100, 1000
20220819-103912
loosing coalitions taken
[1, 4, 7, 14, 16]
[1, 3, 7, 15, 18]
[1, 2, 8, 14, 19]
[2, 4, 5, 16, 28]
[1, 5, 6, 16, 17]
[1, 2, 7, 9]
[3, 4, 5, 15, 26]
[1, 4, 6, 28]
[1, 3, 6, 27]
[2, 3, 5, 19, 27]
[2, 3, 6, 17, 18]
[2, 4, 6, 9, 25]
[2, 5, 6, 8, 12]
[3, 4, 6, 8]
[16, 17, 18, 19, 20, 21, 22, 23, 24, 25, 26, 27, 28]


6
process id 5
stats
5, 15, 7, 100, 1000
20220819-103930
loosing coalitions taken
[3, 4, 5, 19, 26]
[2, 4, 6, 12, 19]
[1, 2, 9, 12, 14]
[3, 4, 6, 13, 21]
[1, 2, 7, 11, 18]
[1, 4, 7, 10, 14]
[1, 3, 7, 15, 16]
[2, 3, 6, 11]
[1, 4, 6, 24, 25]
[2, 4, 5, 9]
[1, 3, 8, 10, 19]
[1, 5, 6, 13, 23]
[1, 4, 8, 11, 12]
[1, 2, 8, 15, 17]
[16, 17, 18, 19, 20, 21, 22, 23, 24, 25, 26, 27, 28]


5
process id 2
stats
5, 15, 7, 100, 1000
20220819-103936
loosing coalitions taken
[1, 3, 8, 9, 16]
[2, 4, 5, 16, 28]
[2, 3, 6, 11]
[1, 2, 8, 13, 20]
[1, 3, 7, 12, 22]
[1, 4, 6, 26]
[1, 2, 10, 12, 14]
[1, 2, 7, 11, 27]
[1, 3, 6, 28]
[2, 3, 5, 22]
[3, 4, 5, 11]
[1, 5, 6, 13, 24]
[1, 4, 7, 10, 19]
[2, 4, 6, 9, 21]
[16, 17, 18, 19, 20, 21, 22, 23, 24, 25, 26, 27, 28]


