Results
Max overall: 15
Min avg pop: 0.638
Min pop: 0.63

5
process id 4
stats
5, 15, 7, 100, 1000
20220819-103954
loosing coalitions taken
[2, 3, 6, 13, 25]
[1, 3, 7, 15, 21]
[1, 2, 9, 11, 13]
[1, 2, 8, 15, 16]
[1, 3, 9, 10, 12]
[3, 4, 6, 14, 16]
[1, 4, 8, 12, 14]
[2, 3, 7, 8, 9]
[1, 3, 8, 11, 17]
[3, 4, 5, 17, 25]
[2, 4, 5, 11]
[1, 5, 6, 9, 17]
[1, 4, 6, 27]
[3, 5, 6, 7, 10]
[16, 17, 18, 19, 20, 21, 22, 23, 24, 25, 26, 27, 28]


5
process id 4
stats
5, 15, 7, 100, 1000
20220819-104022
loosing coalitions taken
[1, 3, 7, 13, 21]
[3, 4, 5, 20, 24]
[1, 4, 6, 23, 26]
[2, 3, 6, 14, 21]
[1, 2, 7, 16, 19]
[1, 2, 9, 10, 13]
[1, 2, 8, 12, 21]
[2, 4, 5, 18, 19]
[2, 4, 6, 15, 20]
[2, 3, 5, 16]
[1, 3, 8, 14, 15]
[1, 5, 6, 9, 25]
[1, 4, 7, 8, 25]
[3, 4, 6, 8]
[16, 17, 18, 19, 20, 21, 22, 23, 24, 25, 26, 27, 28]


6
process id 4
stats
5, 15, 7, 100, 1000
20220819-104027
loosing coalitions taken
[1, 5, 6, 15, 19]
[1, 2, 8, 14, 20]
[1, 2, 9, 10, 13]
[1, 3, 7, 9, 22]
[2, 4, 6, 13, 22]
[3, 4, 5, 16, 27]
[2, 3, 6, 18, 20]
[2, 3, 5, 21]
[1, 2, 7, 11, 24]
[2, 4, 5, 19, 28]
[1, 4, 7, 10, 19]
[1, 4, 6, 25]
[3, 4, 6, 10, 17]
[1, 3, 6, 26]
[16, 17, 18, 19, 20, 21, 22, 23, 24, 25, 26, 27, 28]


5
process id 1
stats
5, 15, 7, 100, 1000
20220819-104118
loosing coalitions taken
[1, 2, 7, 14, 19]
[1, 3, 7, 10, 20]
[1, 3, 8, 13, 15]
[1, 2, 10, 12, 13]
[1, 2, 8, 9, 16]
[1, 3, 6, 23]
[2, 3, 5, 24]
[1, 4, 7, 9, 17]
[1, 4, 8, 10, 11]
[2, 4, 5, 20]
[1, 5, 6, 14, 20]
[2, 3, 6, 12]
[3, 4, 5, 19, 25]
[1, 4, 6, 21]
[16, 17, 18, 19, 20, 21, 22, 23, 24, 25, 26, 27, 28]


5
process id 6
stats
5, 15, 7, 100, 1000
20220819-104137
loosing coalitions taken
[1, 4, 8, 10, 15]
[1, 5, 6, 11, 23]
[2, 3, 6, 16, 24]
[1, 3, 7, 11, 22]
[2, 3, 5, 22]
[1, 4, 7, 9, 17]
[1, 3, 8, 12, 18]
[1, 2, 7, 8, 28]
[1, 2, 10, 11, 13]
[2, 4, 5, 12]
[1, 2, 6, 27]
[3, 4, 5, 18, 24]
[2, 4, 6, 8, 25]
[3, 4, 6, 9, 20]
[16, 17, 18, 19, 20, 21, 22, 23, 24, 25, 26, 27, 28]


5
process id 4
stats
5, 15, 7, 100, 1000
20220819-104206
loosing coalitions taken
[1, 3, 7, 13, 18]
[1, 4, 7, 9, 15]
[1, 4, 6, 24, 28]
[2, 4, 6, 12, 23]
[3, 4, 6, 10, 19]
[1, 5, 6, 16, 17]
[1, 2, 7, 10, 21]
[1, 3, 8, 15, 16]
[1, 2, 8, 9, 20]
[1, 4, 8, 10, 11]
[2, 3, 5, 17, 26]
[2, 4, 5, 14, 21]
[3, 4, 5, 9, 20]
[2, 3, 6, 13, 16]
[16, 17, 18, 19, 20, 21, 22, 23, 24, 25, 26, 27, 28]


5
process id 4
stats
5, 15, 7, 100, 1000
20220819-104212
loosing coalitions taken
[1, 4, 8, 9, 15]
[1, 2, 7, 15, 21]
[1, 3, 8, 10, 12]
[1, 4, 7, 10, 16]
[2, 3, 6, 13, 21]
[2, 4, 6, 12, 23]
[1, 2, 8, 13, 16]
[1, 3, 6, 25]
[3, 4, 5, 13, 22]
[2, 4, 5, 16]
[1, 5, 6, 12, 24]
[2, 3, 5, 20, 25]
[1, 2, 6, 27]
[1, 3, 7, 9, 19]
[16, 17, 18, 19, 20, 21, 22, 23, 24, 25, 26, 27, 28]


5
process id 0
stats
5, 15, 7, 100, 1000
20220819-104238
loosing coalitions taken
[1, 2, 8, 12, 20]
[1, 3, 7, 13, 17]
[3, 4, 6, 11, 18]
[1, 4, 7, 10, 15]
[1, 3, 9, 10, 12]
[2, 4, 5, 16]
[1, 5, 6, 13, 20]
[1, 2, 7, 11, 21]
[1, 4, 8, 9, 13]
[2, 3, 5, 18, 25]
[1, 3, 6, 27]
[1, 4, 6, 23, 24]
[3, 4, 5, 9, 21]
[2, 3, 7, 8, 9]
[16, 17, 18, 19, 20, 21, 22, 23, 24, 25, 26, 27, 28]


6
process id 1
stats
5, 15, 7, 100, 1000
20220819-104241
loosing coalitions taken
[1, 3, 8, 11, 17]
[2, 4, 6, 9, 22]
[1, 3, 7, 9, 20]
[3, 4, 6, 14, 17]
[1, 2, 9, 10, 12]
[1, 5, 6, 12, 23]
[1, 2, 8, 13, 19]
[1, 4, 6, 25, 27]
[1, 2, 7, 11, 25]
[1, 4, 7, 13, 14]
[2, 3, 5, 19, 26]
[2, 3, 6, 12]
[2, 4, 5, 18]
[3, 4, 5, 16]
[16, 17, 18, 19, 20, 21, 22, 23, 24, 25, 26, 27, 28]


5
process id 2
stats
5, 15, 7, 100, 1000
20220819-104242
loosing coalitions taken
[1, 3, 7, 9, 20]
[1, 2, 9, 10, 12]
[1, 4, 7, 11, 14]
[1, 2, 8, 11, 16]
[1, 4, 8, 10, 15]
[2, 4, 6, 11, 20]
[2, 3, 7, 8, 10]
[3, 4, 5, 18, 20]
[2, 3, 5, 21, 27]
[2, 4, 5, 13]
[2, 3, 6, 15, 18]
[1, 4, 6, 21]
[1, 2, 7, 17, 19]
[1, 3, 8, 12, 18]
[16, 17, 18, 19, 20, 21, 22, 23, 24, 25, 26, 27, 28]


6
process id 6
stats
5, 15, 7, 100, 1000
20220819-104258
loosing coalitions taken
[1, 2, 9, 11, 14]
[1, 4, 7, 11, 17]
[2, 3, 6, 12, 23]
[2, 4, 6, 10, 19]
[1, 3, 7, 10, 23]
[1, 5, 6, 13, 23]
[2, 4, 5, 21, 22]
[1, 4, 6, 28]
[3, 4, 5, 19, 26]
[2, 3, 7, 8, 9]
[1, 2, 8, 10, 15]
[2, 3, 5, 20]
[1, 2, 7, 16, 18]
[1, 3, 8, 12, 14]
[16, 17, 18, 19, 20, 21, 22, 23, 24, 25, 26, 27, 28]


6
process id 5
stats
5, 15, 7, 100, 1000
20220819-104347
loosing coalitions taken
[1, 3, 7, 10, 19]
[1, 2, 7, 11, 24]
[1, 4, 7, 8, 25]
[1, 5, 6, 12, 24]
[2, 4, 5, 19]
[1, 3, 8, 9, 17]
[1, 2, 9, 10, 14]
[1, 2, 8, 12, 15]
[3, 4, 6, 14, 19]
[2, 3, 5, 18]
[1, 4, 6, 22]
[2, 4, 6, 11, 23]
[3, 4, 5, 9, 28]
[1, 3, 6, 25]
[16, 17, 18, 19, 20, 21, 22, 23, 24, 25, 26, 27, 28]


6
process id 3
stats
5, 15, 7, 100, 1000
20220819-104357
loosing coalitions taken
[2, 3, 6, 13]
[1, 2, 9, 10, 14]
[1, 2, 8, 15, 17]
[1, 3, 8, 12, 18]
[1, 4, 6, 27]
[1, 3, 7, 11, 20]
[1, 2, 7, 12, 24]
[3, 4, 6, 10, 21]
[2, 4, 5, 9]
[2, 3, 5, 20]
[1, 5, 6, 16, 19]
[1, 3, 6, 25]
[3, 4, 5, 18, 19]
[1, 4, 7, 10, 18]
[16, 17, 18, 19, 20, 21, 22, 23, 24, 25, 26, 27, 28]


5
process id 0
stats
5, 15, 7, 100, 1000
20220819-104358
loosing coalitions taken
[1, 3, 8, 15, 16]
[1, 4, 8, 13, 14]
[2, 4, 6, 9, 19]
[2, 3, 6, 11, 28]
[1, 3, 7, 14, 21]
[1, 2, 7, 13, 19]
[1, 4, 7, 10, 17]
[3, 4, 5, 17, 27]
[3, 4, 6, 12, 18]
[1, 2, 9, 12, 14]
[1, 4, 6, 20]
[2, 3, 5, 19]
[1, 2, 8, 11, 21]
[1, 3, 9, 10, 11]
[16, 17, 18, 19, 20, 21, 22, 23, 24, 25, 26, 27, 28]


6
process id 1
stats
5, 15, 7, 100, 1000
20220819-104422
loosing coalitions taken
[1, 4, 7, 9, 16]
[2, 4, 6, 13, 16]
[1, 3, 8, 9, 10]
[1, 3, 7, 12, 22]
[3, 4, 6, 8]
[1, 5, 6, 15, 19]
[1, 2, 7, 10, 27]
[3, 4, 5, 12]
[2, 3, 5, 21, 27]
[1, 4, 6, 24, 27]
[2, 3, 6, 12]
[1, 2, 9, 11, 13]
[2, 4, 5, 20]
[1, 2, 8, 12, 20]
[16, 17, 18, 19, 20, 21, 22, 23, 24, 25, 26, 27, 28]


6
process id 4
stats
5, 15, 7, 100, 1000
20220819-104423
loosing coalitions taken
[2, 4, 6, 12, 22]
[1, 2, 10, 11, 13]
[1, 3, 7, 15, 16]
[1, 2, 7, 14, 23]
[3, 4, 5, 19, 23]
[2, 4, 5, 18, 27]
[1, 4, 7, 9, 19]
[2, 3, 5, 20, 22]
[1, 2, 8, 9, 16]
[1, 4, 6, 17, 25]
[1, 3, 9, 10, 12]
[2, 3, 6, 13, 16]
[1, 4, 8, 12, 14]
[1, 5, 6, 8]
[16, 17, 18, 19, 20, 21, 22, 23, 24, 25, 26, 27, 28]


6
process id 7
stats
5, 15, 7, 100, 1000
20220819-104505
loosing coalitions taken
[1, 2, 8, 9, 20]
[2, 3, 6, 12]
[3, 4, 5, 16, 27]
[1, 3, 7, 13, 18]
[1, 2, 7, 15, 21]
[2, 4, 5, 17]
[1, 4, 8, 10, 13]
[2, 3, 5, 25]
[1, 5, 6, 13, 19]
[2, 4, 6, 14, 18]
[1, 2, 6, 25]
[1, 4, 6, 22]
[1, 4, 7, 11, 12]
[1, 3, 8, 11, 19]
[16, 17, 18, 19, 20, 21, 22, 23, 24, 25, 26, 27, 28]


6
process id 7
stats
5, 15, 7, 100, 1000
20220819-104519
loosing coalitions taken
[1, 4, 8, 9, 13]
[2, 4, 6, 14, 19]
[1, 5, 6, 11, 22]
[2, 3, 5, 22, 23]
[3, 4, 6, 8, 26]
[2, 3, 6, 11]
[1, 2, 8, 12, 17]
[1, 3, 8, 10, 18]
[1, 4, 6, 23, 27]
[3, 4, 5, 10, 28]
[2, 4, 5, 21, 24]
[1, 3, 7, 9, 22]
[1, 2, 7, 10, 27]
[1, 4, 7, 12, 15]
[16, 17, 18, 19, 20, 21, 22, 23, 24, 25, 26, 27, 28]


6
process id 6
stats
5, 15, 7, 100, 1000
20220819-104557
loosing coalitions taken
[1, 3, 7, 13, 21]
[1, 5, 6, 16, 20]
[1, 2, 7, 9, 28]
[1, 2, 10, 11, 14]
[3, 4, 5, 16]
[2, 3, 7, 8, 10]
[2, 4, 6, 12, 23]
[2, 3, 6, 13]
[1, 3, 8, 11, 15]
[2, 4, 5, 18]
[1, 4, 8, 12, 14]
[1, 3, 6, 25]
[2, 3, 5, 11]
[1, 4, 6, 22]
[16, 17, 18, 19, 20, 21, 22, 23, 24, 25, 26, 27, 28]


6
process id 0
stats
5, 15, 7, 100, 1000
20220819-104604
loosing coalitions taken
[1, 3, 7, 9, 24]
[1, 4, 7, 14, 15]
[1, 4, 8, 12, 13]
[2, 4, 5, 20, 23]
[1, 2, 8, 14, 19]
[1, 3, 8, 10, 17]
[1, 2, 7, 10, 26]
[3, 4, 5, 19, 26]
[2, 3, 6, 15, 27]
[1, 4, 6, 21, 28]
[1, 5, 6, 11, 25]
[3, 4, 6, 14, 18]
[2, 3, 5, 24]
[1, 3, 6, 22]
[16, 17, 18, 19, 20, 21, 22, 23, 24, 25, 26, 27, 28]


5
process id 2
stats
5, 15, 7, 100, 1000
20220819-104610
loosing coalitions taken
[1, 2, 7, 9, 28]
[1, 4, 7, 12, 16]
[1, 2, 10, 12, 13]
[2, 3, 5, 24]
[1, 2, 8, 11, 20]
[3, 4, 5, 14]
[2, 4, 5, 12]
[2, 3, 6, 10, 21]
[1, 5, 6, 9, 24]
[3, 4, 6, 11, 19]
[1, 3, 7, 14, 17]
[2, 4, 6, 8]
[1, 4, 6, 21]
[1, 3, 8, 10, 18]
[16, 17, 18, 19, 20, 21, 22, 23, 24, 25, 26, 27, 28]


6
process id 1
stats
5, 15, 7, 100, 1000
20220819-104621
loosing coalitions taken
[1, 3, 7, 13, 19]
[1, 4, 8, 10, 12]
[2, 4, 6, 8, 26]
[3, 4, 6, 9, 22]
[1, 4, 7, 14, 15]
[1, 2, 10, 11, 14]
[1, 4, 6, 27]
[2, 4, 5, 21, 22]
[2, 3, 5, 25, 27]
[3, 4, 5, 14]
[1, 2, 8, 15, 17]
[2, 3, 6, 12]
[1, 3, 8, 9, 18]
[1, 2, 7, 9, 22]
[16, 17, 18, 19, 20, 21, 22, 23, 24, 25, 26, 27, 28]


6
process id 2
stats
5, 15, 7, 100, 1000
20220819-104637
loosing coalitions taken
[2, 4, 6, 15, 21]
[1, 3, 7, 15, 21]
[2, 4, 5, 11]
[1, 4, 6, 25, 28]
[1, 5, 6, 15, 20]
[1, 2, 7, 9, 25]
[1, 2, 8, 13, 17]
[1, 3, 8, 12, 18]
[1, 4, 7, 12, 14]
[3, 4, 6, 12, 16]
[2, 3, 6, 10]
[3, 4, 5, 10, 28]
[2, 3, 5, 22, 27]
[1, 2, 10, 11, 14]
[16, 17, 18, 19, 20, 21, 22, 23, 24, 25, 26, 27, 28]


6
process id 6
stats
5, 15, 7, 100, 1000
20220819-104648
loosing coalitions taken
[1, 2, 10, 12, 13]
[1, 2, 7, 14, 21]
[1, 2, 8, 15, 16]
[2, 4, 5, 18]
[1, 3, 7, 16, 19]
[2, 3, 6, 15, 24]
[3, 4, 5, 11]
[2, 3, 5, 13]
[1, 5, 6, 11, 25]
[1, 3, 8, 10, 14]
[1, 4, 7, 9, 17]
[2, 4, 6, 7]
[3, 4, 6, 8, 20]
[1, 4, 6, 21, 28]
[16, 17, 18, 19, 20, 21, 22, 23, 24, 25, 26, 27, 28]


5
process id 4
stats
5, 15, 7, 100, 1000
20220819-104656
loosing coalitions taken
[1, 2, 8, 11, 20]
[1, 3, 9, 10, 11]
[2, 3, 6, 10, 27]
[2, 4, 5, 15]
[1, 4, 8, 12, 14]
[1, 3, 7, 12, 22]
[1, 2, 9, 12, 13]
[3, 4, 6, 13, 18]
[1, 3, 8, 15, 16]
[1, 4, 6, 28]
[3, 5, 6, 7, 11]
[2, 3, 5, 24]
[1, 2, 7, 10, 17]
[3, 4, 5, 14, 27]
[16, 17, 18, 19, 20, 21, 22, 23, 24, 25, 26, 27, 28]


5
process id 2
stats
5, 15, 7, 100, 1000
20220819-104658
loosing coalitions taken
[2, 4, 5, 20, 24]
[1, 2, 7, 11, 22]
[1, 5, 6, 15, 20]
[1, 4, 8, 9, 15]
[2, 4, 6, 14, 17]
[3, 4, 5, 17, 23]
[1, 2, 8, 14, 16]
[3, 4, 6, 12, 15]
[1, 4, 7, 10, 19]
[1, 3, 7, 9, 21]
[1, 3, 8, 10, 17]
[2, 3, 6, 11, 24]
[1, 3, 6, 28]
[2, 3, 5, 16]
[16, 17, 18, 19, 20, 21, 22, 23, 24, 25, 26, 27, 28]


6
process id 5
stats
5, 15, 7, 100, 1000
20220819-104720
loosing coalitions taken
[1, 4, 8, 10, 15]
[2, 4, 5, 18]
[1, 3, 7, 16, 18]
[2, 3, 6, 14]
[1, 2, 10, 11, 13]
[1, 4, 6, 24]
[1, 5, 6, 15, 19]
[3, 4, 6, 9, 22]
[2, 3, 5, 22]
[1, 2, 8, 14, 18]
[2, 4, 6, 12, 23]
[1, 3, 6, 28]
[1, 2, 7, 9, 21]
[3, 4, 5, 15, 17]
[16, 17, 18, 19, 20, 21, 22, 23, 24, 25, 26, 27, 28]


6
process id 2
stats
5, 15, 7, 100, 1000
20220819-104723
loosing coalitions taken
[1, 3, 7, 14, 17]
[1, 2, 7, 16, 18]
[2, 3, 6, 11]
[1, 2, 8, 14, 20]
[1, 3, 8, 9, 19]
[1, 5, 6, 9, 22]
[1, 4, 8, 12, 13]
[1, 4, 6, 27]
[1, 3, 6, 25]
[1, 2, 9, 10, 12]
[2, 4, 6, 15, 16]
[2, 3, 5, 10]
[3, 4, 5, 16]
[2, 4, 5, 12]
[16, 17, 18, 19, 20, 21, 22, 23, 24, 25, 26, 27, 28]


6
process id 6
stats
5, 15, 7, 100, 1000
20220819-104733
loosing coalitions taken
[1, 2, 9, 11, 14]
[2, 3, 6, 13, 26]
[2, 3, 5, 20, 28]
[2, 4, 5, 11, 25]
[3, 4, 5, 15]
[1, 5, 6, 9, 25]
[2, 4, 6, 10, 18]
[1, 2, 8, 13, 15]
[1, 3, 8, 12, 16]
[1, 3, 7, 11, 21]
[2, 3, 7, 8, 10]
[1, 4, 6, 23]
[1, 2, 7, 12, 26]
[2, 5, 6, 8, 12]
[16, 17, 18, 19, 20, 21, 22, 23, 24, 25, 26, 27, 28]


6
process id 4
stats
5, 15, 7, 100, 1000
20220819-104743
loosing coalitions taken
[1, 3, 9, 10, 12]
[3, 4, 5, 15, 28]
[2, 3, 5, 23, 25]
[1, 5, 6, 10, 26]
[3, 4, 6, 12, 18]
[2, 4, 6, 11, 19]
[2, 3, 6, 13]
[1, 3, 7, 11, 19]
[2, 4, 5, 21, 27]
[1, 2, 7, 14, 21]
[1, 3, 8, 15, 16]
[1, 4, 6, 23, 25]
[1, 2, 8, 11, 12]
[1, 4, 7, 9, 15]
[16, 17, 18, 19, 20, 21, 22, 23, 24, 25, 26, 27, 28]


5
process id 7
stats
5, 15, 7, 100, 1000
20220819-104748
loosing coalitions taken
[1, 2, 8, 13, 15]
[1, 3, 8, 11, 16]
[1, 2, 9, 12, 14]
[1, 2, 7, 16, 20]
[3, 4, 6, 9, 18]
[3, 4, 5, 11]
[2, 3, 6, 13]
[2, 3, 5, 25]
[1, 4, 6, 24, 27]
[2, 4, 6, 7]
[2, 4, 5, 16, 17]
[1, 3, 7, 14, 19]
[1, 5, 6, 15, 19]
[1, 4, 7, 8]
[16, 17, 18, 19, 20, 21, 22, 23, 24, 25, 26, 27, 28]


5
process id 6
stats
5, 15, 7, 100, 1000
20220819-104757
loosing coalitions taken
[1, 2, 7, 15, 22]
[2, 3, 7, 8, 9]
[2, 3, 6, 10]
[1, 3, 8, 12, 19]
[3, 4, 5, 18, 20]
[1, 5, 6, 15, 19]
[1, 4, 7, 11, 17]
[1, 2, 8, 14, 16]
[1, 4, 8, 9, 10]
[2, 4, 5, 14]
[2, 3, 5, 21, 28]
[3, 4, 6, 13, 17]
[1, 2, 6, 26]
[1, 4, 6, 27]
[16, 17, 18, 19, 20, 21, 22, 23, 24, 25, 26, 27, 28]


5
process id 6
stats
5, 15, 7, 100, 1000
20220819-104759
loosing coalitions taken
[1, 5, 6, 10, 20]
[3, 4, 5, 9]
[1, 3, 8, 14, 16]
[1, 2, 9, 10, 14]
[1, 4, 7, 13, 16]
[1, 4, 8, 10, 11]
[2, 4, 6, 15, 19]
[2, 4, 5, 20]
[2, 3, 5, 19, 22]
[2, 3, 6, 12]
[1, 3, 7, 12, 15]
[1, 4, 6, 24]
[1, 2, 6, 26, 28]
[1, 2, 7, 8]
[16, 17, 18, 19, 20, 21, 22, 23, 24, 25, 26, 27, 28]


5
process id 5
stats
5, 15, 7, 100, 1000
20220819-104811
loosing coalitions taken
[1, 2, 10, 12, 13]
[1, 2, 8, 14, 16]
[1, 5, 6, 13, 24]
[2, 4, 6, 10, 17]
[3, 4, 6, 8, 25]
[1, 4, 7, 9, 17]
[1, 2, 7, 11, 26]
[1, 3, 8, 13, 15]
[3, 4, 5, 9, 27]
[2, 3, 6, 11, 15]
[2, 4, 5, 16, 21]
[2, 3, 5, 19]
[1, 4, 6, 23]
[1, 3, 7, 14, 18]
[16, 17, 18, 19, 20, 21, 22, 23, 24, 25, 26, 27, 28]


6
process id 5
stats
5, 15, 7, 100, 1000
20220819-104846
loosing coalitions taken
[1, 3, 7, 15, 20]
[2, 4, 5, 20, 27]
[1, 3, 8, 10, 17]
[3, 4, 6, 12, 19]
[2, 4, 6, 9, 24]
[1, 4, 8, 11, 14]
[1, 2, 7, 10, 19]
[1, 5, 6, 13, 21]
[1, 4, 7, 13, 16]
[1, 4, 6, 20]
[2, 3, 5, 25, 26]
[3, 4, 5, 9]
[2, 3, 6, 10]
[1, 2, 8, 15, 16]
[16, 17, 18, 19, 20, 21, 22, 23, 24, 25, 26, 27, 28]


5
process id 7
stats
5, 15, 7, 100, 1000
20220819-104907
loosing coalitions taken
[3, 4, 5, 16]
[1, 2, 7, 12, 21]
[2, 3, 6, 12]
[1, 3, 8, 9, 17]
[1, 4, 7, 9, 19]
[1, 5, 6, 15, 19]
[1, 2, 10, 11, 14]
[2, 4, 5, 10, 22]
[1, 4, 6, 23]
[1, 4, 8, 11, 13]
[2, 3, 5, 23]
[3, 4, 6, 9, 20]
[1, 3, 7, 11, 22]
[1, 3, 6, 28]
[16, 17, 18, 19, 20, 21, 22, 23, 24, 25, 26, 27, 28]


5
process id 3
stats
5, 15, 7, 100, 1000
20220819-104908
loosing coalitions taken
[1, 3, 7, 11, 23]
[1, 2, 8, 9, 21]
[2, 4, 5, 18]
[3, 4, 6, 10, 19]
[2, 3, 6, 9]
[1, 3, 8, 14, 15]
[1, 2, 7, 15, 22]
[1, 4, 6, 21, 25]
[1, 4, 7, 12, 16]
[1, 2, 10, 11, 13]
[3, 4, 5, 11, 25]
[2, 3, 5, 20, 21]
[1, 5, 6, 8]
[2, 3, 7, 8, 10]
[16, 17, 18, 19, 20, 21, 22, 23, 24, 25, 26, 27, 28]


