Results
Max overall: 15
Min avg pop: 0.639
Min pop: 0.63

5
process id 0
stats
5, 15, 7, 100, 1000
20220819-104959
loosing coalitions taken
[1, 5, 6, 15, 18]
[1, 2, 8, 9, 19]
[1, 2, 7, 16, 18]
[1, 4, 7, 11, 17]
[2, 3, 6, 12, 24]
[2, 3, 7, 8, 10]
[1, 2, 6, 25]
[2, 4, 5, 17, 19]
[2, 3, 5, 26, 27]
[3, 4, 6, 14, 16]
[3, 4, 5, 13]
[1, 3, 8, 11, 18]
[1, 3, 7, 14, 19]
[1, 4, 8, 10, 15]
[16, 17, 18, 19, 20, 21, 22, 23, 24, 25, 26, 27, 28]


5
process id 0
stats
5, 15, 7, 100, 1000
20220819-105023
loosing coalitions taken
[1, 2, 7, 11, 23]
[1, 3, 8, 10, 18]
[2, 3, 6, 11]
[1, 2, 8, 14, 20]
[1, 4, 6, 26, 28]
[1, 5, 6, 9, 25]
[1, 4, 7, 14, 16]
[3, 4, 5, 14]
[2, 4, 5, 9, 23]
[2, 4, 6, 13, 19]
[1, 3, 6, 22]
[2, 3, 5, 24]
[1, 3, 7, 13, 20]
[1, 4, 8, 9, 13]
[16, 17, 18, 19, 20, 21, 22, 23, 24, 25, 26, 27, 28]


5
process id 3
stats
5, 15, 7, 100, 1000
20220819-105036
loosing coalitions taken
[1, 3, 7, 9, 24]
[1, 3, 8, 12, 18]
[2, 3, 6, 14]
[1, 2, 9, 12, 13]
[3, 4, 5, 16]
[1, 4, 6, 28]
[2, 3, 5, 18, 19]
[2, 4, 5, 12, 28]
[2, 4, 6, 10, 24]
[1, 3, 6, 26]
[1, 5, 6, 8, 27]
[3, 4, 6, 9, 22]
[1, 2, 7, 10, 25]
[1, 4, 8, 10, 15]
[16, 17, 18, 19, 20, 21, 22, 23, 24, 25, 26, 27, 28]


6
process id 1
stats
5, 15, 7, 100, 1000
20220819-105044
loosing coalitions taken
[1, 2, 10, 11, 12]
[1, 4, 8, 9, 14]
[1, 3, 8, 12, 16]
[1, 4, 6, 28]
[1, 3, 7, 14, 20]
[2, 4, 5, 18, 24]
[1, 2, 7, 8]
[2, 4, 6, 15, 20]
[2, 3, 6, 12]
[3, 4, 5, 14]
[2, 3, 5, 22, 27]
[3, 4, 6, 10, 21]
[1, 4, 7, 11, 16]
[1, 5, 6, 10, 19]
[16, 17, 18, 19, 20, 21, 22, 23, 24, 25, 26, 27, 28]


5
process id 7
stats
5, 15, 7, 100, 1000
20220819-105050
loosing coalitions taken
[1, 4, 8, 10, 15]
[1, 2, 9, 11, 14]
[1, 2, 8, 12, 18]
[1, 5, 6, 15, 19]
[2, 4, 5, 19]
[1, 4, 7, 12, 16]
[1, 3, 8, 9, 20]
[3, 4, 6, 8]
[1, 2, 7, 10, 22]
[1, 3, 7, 11, 18]
[2, 3, 5, 11]
[3, 4, 5, 14, 28]
[1, 3, 6, 23, 27]
[1, 4, 6, 26]
[16, 17, 18, 19, 20, 21, 22, 23, 24, 25, 26, 27, 28]


5
process id 6
stats
5, 15, 7, 100, 1000
20220819-105105
loosing coalitions taken
[2, 4, 5, 17]
[1, 4, 7, 11, 16]
[1, 4, 8, 10, 12]
[2, 3, 6, 11]
[1, 3, 8, 15, 16]
[1, 2, 8, 13, 19]
[1, 4, 6, 28]
[1, 2, 7, 15, 22]
[3, 4, 6, 12, 18]
[1, 2, 6, 24]
[2, 3, 5, 22]
[3, 4, 5, 14]
[1, 3, 7, 9, 12]
[1, 5, 6, 10, 22]
[16, 17, 18, 19, 20, 21, 22, 23, 24, 25, 26, 27, 28]


6
process id 7
stats
5, 15, 7, 100, 1000
20220819-105118
loosing coalitions taken
[1, 5, 6, 16, 18]
[1, 2, 7, 16, 20]
[1, 2, 9, 10, 12]
[1, 4, 7, 14, 15]
[1, 2, 8, 13, 18]
[2, 4, 5, 19]
[1, 4, 6, 24]
[3, 4, 5, 9]
[2, 3, 5, 12]
[1, 3, 6, 26]
[2, 3, 6, 10]
[1, 3, 8, 9, 19]
[2, 4, 6, 11, 23]
[1, 3, 7, 11, 13]
[16, 17, 18, 19, 20, 21, 22, 23, 24, 25, 26, 27, 28]


5
process id 4
stats
5, 15, 7, 100, 1000
20220819-105120
loosing coalitions taken
[1, 4, 7, 10, 13]
[1, 2, 9, 10, 11]
[1, 4, 6, 26, 27]
[1, 4, 8, 11, 14]
[2, 4, 6, 14, 17]
[1, 2, 8, 13, 20]
[3, 4, 5, 14]
[2, 3, 6, 16, 20]
[1, 2, 7, 17, 19]
[1, 5, 6, 9, 24]
[2, 3, 5, 22]
[2, 4, 5, 13, 23]
[1, 3, 6, 28]
[1, 3, 7, 9, 16]
[16, 17, 18, 19, 20, 21, 22, 23, 24, 25, 26, 27, 28]


6
process id 7
stats
5, 15, 7, 100, 1000
20220819-105205
loosing coalitions taken
[1, 5, 6, 10, 25]
[1, 4, 7, 8, 28]
[2, 4, 6, 16, 19]
[1, 2, 9, 10, 13]
[1, 2, 7, 11, 23]
[2, 3, 6, 11, 26]
[1, 3, 8, 12, 15]
[2, 4, 5, 14, 27]
[2, 3, 5, 10]
[3, 4, 5, 21, 22]
[1, 2, 8, 14, 19]
[1, 3, 6, 28]
[3, 4, 6, 8, 24]
[1, 3, 7, 10, 14]
[16, 17, 18, 19, 20, 21, 22, 23, 24, 25, 26, 27, 28]


6
process id 7
stats
5, 15, 7, 100, 1000
20220819-105208
loosing coalitions taken
[1, 2, 7, 12, 25]
[2, 4, 6, 11, 20]
[2, 3, 6, 15, 21]
[1, 3, 9, 10, 12]
[1, 4, 7, 11, 14]
[2, 3, 7, 8, 10]
[2, 4, 5, 15]
[1, 5, 6, 10, 23]
[1, 2, 8, 9, 14]
[3, 4, 6, 14, 19]
[1, 3, 7, 16, 17]
[3, 4, 5, 12, 28]
[1, 3, 6, 26]
[2, 3, 5, 24]
[16, 17, 18, 19, 20, 21, 22, 23, 24, 25, 26, 27, 28]


5
process id 7
stats
5, 15, 7, 100, 1000
20220819-105209
loosing coalitions taken
[3, 4, 6, 13, 18]
[1, 2, 7, 12, 24]
[1, 4, 8, 9, 13]
[1, 3, 8, 12, 16]
[1, 4, 7, 10, 15]
[1, 2, 10, 11, 13]
[2, 3, 5, 22]
[1, 4, 6, 23]
[1, 3, 7, 9, 19]
[1, 3, 6, 26]
[2, 4, 5, 12]
[3, 4, 5, 14]
[2, 4, 6, 14, 22]
[2, 3, 6, 10]
[16, 17, 18, 19, 20, 21, 22, 23, 24, 25, 26, 27, 28]


6
process id 3
stats
5, 15, 7, 100, 1000
20220819-105220
loosing coalitions taken
[2, 4, 6, 11, 21]
[1, 4, 6, 26]
[1, 2, 7, 15, 22]
[1, 3, 8, 14, 15]
[2, 4, 5, 16, 25]
[3, 4, 5, 14]
[2, 3, 6, 10, 28]
[1, 2, 9, 11, 14]
[2, 3, 5, 20]
[1, 5, 6, 15, 16]
[1, 4, 7, 10, 17]
[1, 2, 8, 12, 19]
[3, 4, 6, 7]
[1, 4, 8, 9, 13]
[16, 17, 18, 19, 20, 21, 22, 23, 24, 25, 26, 27, 28]


6
process id 5
stats
5, 15, 7, 100, 1000
20220819-105234
loosing coalitions taken
[2, 4, 5, 19, 28]
[1, 2, 8, 14, 19]
[2, 4, 6, 10, 20]
[1, 3, 7, 9, 23]
[1, 4, 7, 11, 17]
[1, 5, 6, 15, 16]
[2, 3, 5, 20, 23]
[1, 3, 8, 12, 17]
[3, 4, 6, 13, 19]
[1, 4, 6, 23]
[3, 4, 5, 10]
[2, 3, 6, 14, 16]
[1, 2, 7, 10, 21]
[1, 2, 9, 11, 13]
[16, 17, 18, 19, 20, 21, 22, 23, 24, 25, 26, 27, 28]


6
process id 5
stats
5, 15, 7, 100, 1000
20220819-105257
loosing coalitions taken
[1, 3, 7, 14, 19]
[2, 3, 7, 8, 10]
[1, 2, 9, 10, 11]
[1, 3, 8, 13, 16]
[2, 3, 6, 12]
[1, 2, 7, 16, 17]
[1, 5, 6, 15, 21]
[2, 4, 5, 17]
[2, 4, 6, 13, 18]
[3, 4, 5, 14]
[1, 4, 6, 24]
[1, 4, 7, 9, 13]
[2, 3, 5, 21, 28]
[1, 2, 6, 28]
[16, 17, 18, 19, 20, 21, 22, 23, 24, 25, 26, 27, 28]


6
process id 2
stats
5, 15, 7, 100, 1000
20220819-105314
loosing coalitions taken
[2, 4, 5, 17]
[1, 5, 6, 9, 25]
[2, 3, 6, 14]
[1, 2, 8, 10, 20]
[1, 3, 7, 12, 22]
[1, 2, 9, 12, 13]
[1, 3, 8, 11, 16]
[1, 2, 7, 15, 21]
[1, 4, 6, 24]
[2, 4, 6, 7]
[2, 3, 5, 23]
[1, 4, 8, 9, 14]
[3, 4, 5, 10]
[3, 4, 6, 13, 16]
[16, 17, 18, 19, 20, 21, 22, 23, 24, 25, 26, 27, 28]


5
process id 0
stats
5, 15, 7, 100, 1000
20220819-105318
loosing coalitions taken
[1, 2, 10, 11, 14]
[2, 4, 6, 12, 22]
[1, 5, 6, 15, 21]
[1, 3, 7, 11, 21]
[1, 2, 7, 12, 24]
[2, 3, 6, 11]
[1, 2, 8, 13, 16]
[1, 4, 7, 8, 25]
[2, 4, 5, 11]
[3, 4, 6, 10, 14]
[1, 3, 6, 23]
[2, 3, 5, 17, 25]
[3, 4, 5, 12]
[1, 3, 8, 9, 18]
[16, 17, 18, 19, 20, 21, 22, 23, 24, 25, 26, 27, 28]


5
process id 6
stats
5, 15, 7, 100, 1000
20220819-105336
loosing coalitions taken
[2, 4, 6, 13, 18]
[3, 4, 6, 12, 17]
[1, 5, 6, 15, 20]
[1, 3, 7, 14, 18]
[1, 2, 7, 12, 25]
[1, 3, 8, 9, 20]
[1, 4, 7, 11, 15]
[2, 3, 5, 16, 22]
[1, 2, 8, 13, 17]
[3, 4, 5, 9, 26]
[2, 4, 5, 15]
[1, 4, 6, 21]
[2, 3, 6, 9, 23]
[1, 2, 9, 10, 14]
[16, 17, 18, 19, 20, 21, 22, 23, 24, 25, 26, 27, 28]


5
process id 5
stats
5, 15, 7, 100, 1000
20220819-105337
loosing coalitions taken
[1, 2, 9, 12, 13]
[2, 3, 6, 9]
[1, 4, 8, 10, 15]
[1, 2, 8, 14, 16]
[1, 3, 7, 15, 19]
[1, 2, 7, 10, 26]
[3, 4, 5, 13]
[1, 4, 7, 9, 17]
[2, 3, 5, 20]
[2, 4, 6, 8, 24]
[2, 4, 5, 10]
[1, 5, 6, 15, 21]
[1, 4, 6, 26]
[1, 3, 6, 27]
[16, 17, 18, 19, 20, 21, 22, 23, 24, 25, 26, 27, 28]


6
process id 3
stats
5, 15, 7, 100, 1000
20220819-105402
loosing coalitions taken
[1, 3, 8, 9, 17]
[1, 2, 9, 11, 14]
[1, 3, 7, 12, 18]
[1, 4, 7, 11, 13]
[1, 4, 8, 10, 12]
[1, 5, 6, 13, 18]
[1, 2, 8, 13, 19]
[3, 4, 6, 9, 21]
[1, 4, 6, 25]
[3, 4, 5, 19, 24]
[2, 3, 5, 15, 27]
[2, 4, 5, 17]
[1, 2, 7, 10, 21]
[2, 3, 6, 10]
[16, 17, 18, 19, 20, 21, 22, 23, 24, 25, 26, 27, 28]


6
process id 3
stats
5, 15, 7, 100, 1000
20220819-105415
loosing coalitions taken
[1, 5, 6, 11, 24]
[1, 2, 7, 15, 21]
[2, 3, 6, 14, 23]
[1, 3, 7, 16, 17]
[1, 4, 8, 12, 14]
[1, 2, 9, 10, 12]
[1, 4, 6, 25]
[2, 3, 5, 25, 28]
[3, 4, 5, 16, 23]
[1, 2, 8, 11, 16]
[2, 3, 7, 8, 9]
[2, 4, 6, 9, 18]
[2, 4, 5, 15]
[3, 4, 6, 10, 20]
[16, 17, 18, 19, 20, 21, 22, 23, 24, 25, 26, 27, 28]


5
process id 2
stats
5, 15, 7, 100, 1000
20220819-105423
loosing coalitions taken
[1, 3, 8, 14, 15]
[1, 2, 7, 12, 18]
[1, 3, 7, 11, 20]
[1, 4, 7, 9, 14]
[2, 3, 7, 8, 10]
[1, 4, 6, 25]
[2, 3, 6, 9]
[2, 4, 6, 14, 21]
[2, 3, 5, 18, 24]
[1, 2, 10, 11, 13]
[3, 4, 5, 16]
[1, 2, 6, 28]
[2, 4, 5, 17, 25]
[1, 5, 6, 16, 20]
[16, 17, 18, 19, 20, 21, 22, 23, 24, 25, 26, 27, 28]


6
process id 1
stats
5, 15, 7, 100, 1000
20220819-105430
loosing coalitions taken
[1, 5, 6, 15, 20]
[1, 4, 8, 13, 14]
[2, 4, 5, 21, 25]
[1, 2, 9, 10, 13]
[1, 3, 8, 10, 16]
[1, 2, 7, 15, 19]
[2, 4, 6, 11, 23]
[3, 4, 5, 9, 26]
[1, 3, 7, 12, 14]
[1, 2, 8, 11, 21]
[2, 3, 5, 22]
[3, 4, 6, 13, 17]
[1, 3, 6, 23]
[1, 4, 7, 9, 11]
[16, 17, 18, 19, 20, 21, 22, 23, 24, 25, 26, 27, 28]


5
process id 6
stats
5, 15, 7, 100, 1000
20220819-105436
loosing coalitions taken
[1, 4, 7, 9, 19]
[2, 3, 6, 13]
[1, 3, 8, 15, 16]
[2, 4, 5, 19]
[1, 4, 8, 11, 12]
[1, 2, 8, 14, 17]
[1, 3, 7, 11, 23]
[1, 2, 7, 12, 25]
[3, 4, 5, 16]
[2, 4, 6, 15, 18]
[1, 4, 6, 28]
[3, 4, 6, 10, 11]
[2, 3, 5, 10]
[1, 5, 6, 9, 23]
[16, 17, 18, 19, 20, 21, 22, 23, 24, 25, 26, 27, 28]


5
process id 3
stats
5, 15, 7, 100, 1000
20220819-105438
loosing coalitions taken
[1, 4, 8, 10, 13]
[1, 2, 10, 12, 14]
[3, 4, 5, 20, 23]
[1, 3, 7, 16, 19]
[1, 2, 8, 11, 20]
[1, 3, 9, 10, 11]
[1, 3, 8, 12, 15]
[2, 3, 5, 17, 27]
[2, 3, 6, 13, 21]
[1, 4, 6, 21]
[2, 4, 5, 14]
[1, 2, 7, 13, 15]
[3, 5, 6, 7, 15]
[2, 3, 7, 8, 10]
[16, 17, 18, 19, 20, 21, 22, 23, 24, 25, 26, 27, 28]


5
process id 4
stats
5, 15, 7, 100, 1000
20220819-105442
loosing coalitions taken
[1, 2, 10, 12, 14]
[1, 5, 6, 15, 19]
[2, 3, 6, 9]
[1, 2, 8, 13, 17]
[1, 4, 8, 9, 11]
[2, 4, 5, 18]
[1, 2, 7, 11, 26]
[2, 4, 6, 13, 15]
[3, 4, 6, 8]
[1, 4, 6, 24]
[2, 3, 5, 22, 25]
[3, 4, 5, 10]
[1, 3, 8, 12, 18]
[1, 3, 7, 9, 20]
[16, 17, 18, 19, 20, 21, 22, 23, 24, 25, 26, 27, 28]


5
process id 5
stats
5, 15, 7, 100, 1000
20220819-105449
loosing coalitions taken
[1, 2, 8, 14, 16]
[1, 3, 7, 13, 18]
[2, 4, 5, 18]
[1, 3, 9, 10, 12]
[1, 2, 7, 9, 28]
[2, 3, 7, 8, 10]
[2, 3, 5, 21]
[1, 5, 6, 15, 19]
[3, 4, 5, 9]
[1, 4, 7, 11, 15]
[1, 4, 6, 24, 25]
[2, 3, 6, 11]
[1, 3, 6, 23, 28]
[3, 4, 6, 8]
[16, 17, 18, 19, 20, 21, 22, 23, 24, 25, 26, 27, 28]


5
process id 7
stats
5, 15, 7, 100, 1000
20220819-105519
loosing coalitions taken
[1, 4, 7, 11, 16]
[2, 3, 6, 12]
[1, 2, 7, 15, 18]
[1, 3, 7, 9, 24]
[1, 3, 8, 11, 14]
[1, 5, 6, 11, 21]
[1, 4, 6, 28]
[1, 2, 8, 10, 17]
[2, 4, 6, 13, 20]
[2, 4, 5, 10, 25]
[3, 4, 5, 11, 19]
[1, 3, 6, 26]
[1, 2, 9, 12, 14]
[2, 3, 5, 16]
[16, 17, 18, 19, 20, 21, 22, 23, 24, 25, 26, 27, 28]


5
process id 3
stats
5, 15, 7, 100, 1000
20220819-105531
loosing coalitions taken
[1, 3, 7, 8]
[1, 5, 6, 12, 17]
[1, 4, 6, 26]
[2, 3, 6, 15, 25]
[1, 2, 7, 14, 17]
[2, 4, 6, 10, 24]
[2, 3, 5, 12]
[3, 4, 6, 9, 21]
[2, 4, 5, 11]
[3, 4, 5, 16, 25]
[1, 2, 8, 10, 19]
[1, 4, 8, 11, 14]
[1, 3, 6, 27]
[1, 4, 7, 9, 12]
[16, 17, 18, 19, 20, 21, 22, 23, 24, 25, 26, 27, 28]


6
process id 6
stats
5, 15, 7, 100, 1000
20220819-105538
loosing coalitions taken
[1, 4, 7, 13, 16]
[1, 2, 8, 12, 19]
[1, 4, 8, 9, 15]
[2, 3, 6, 14, 23]
[1, 2, 7, 9, 25]
[1, 2, 10, 11, 14]
[2, 3, 5, 27, 28]
[3, 4, 5, 15]
[1, 3, 8, 10, 18]
[1, 3, 7, 14, 20]
[1, 4, 6, 21]
[2, 4, 5, 14]
[3, 4, 6, 10, 20]
[1, 5, 6, 11, 23]
[16, 17, 18, 19, 20, 21, 22, 23, 24, 25, 26, 27, 28]


5
process id 6
stats
5, 15, 7, 100, 1000
20220819-105609
loosing coalitions taken
[2, 3, 6, 17, 18]
[1, 5, 6, 14, 21]
[1, 4, 7, 9, 16]
[1, 2, 7, 10, 24]
[2, 3, 5, 21]
[1, 3, 9, 10, 11]
[1, 2, 8, 12, 18]
[1, 3, 7, 12, 22]
[2, 4, 5, 11]
[3, 4, 5, 9]
[3, 4, 6, 12, 20]
[1, 4, 8, 10, 13]
[1, 3, 6, 28]
[1, 4, 6, 23]
[16, 17, 18, 19, 20, 21, 22, 23, 24, 25, 26, 27, 28]


5
process id 7
stats
5, 15, 7, 100, 1000
20220819-105636
loosing coalitions taken
[1, 4, 8, 9, 15]
[1, 2, 7, 13, 24]
[1, 5, 6, 10, 21]
[1, 4, 7, 11, 16]
[1, 2, 10, 11, 12]
[1, 3, 8, 11, 17]
[1, 3, 7, 14, 18]
[2, 3, 6, 14, 26]
[2, 4, 5, 21, 22]
[1, 2, 8, 14, 20]
[1, 3, 6, 23, 25]
[1, 4, 6, 26]
[3, 4, 5, 11, 23]
[2, 3, 5, 20]
[16, 17, 18, 19, 20, 21, 22, 23, 24, 25, 26, 27, 28]


5
process id 5
stats
5, 15, 7, 100, 1000
20220819-105638
loosing coalitions taken
[1, 5, 6, 11, 20]
[2, 3, 5, 22]
[1, 3, 7, 13, 20]
[1, 2, 7, 9, 28]
[1, 3, 8, 15, 16]
[1, 2, 8, 10, 11]
[3, 4, 6, 11, 12]
[3, 4, 5, 21, 24]
[1, 4, 8, 12, 14]
[2, 4, 5, 16, 20]
[1, 4, 6, 22]
[2, 4, 6, 9, 25]
[2, 3, 6, 14, 26]
[1, 4, 7, 10, 18]
[16, 17, 18, 19, 20, 21, 22, 23, 24, 25, 26, 27, 28]


6
process id 1
stats
5, 15, 7, 100, 1000
20220819-105642
loosing coalitions taken
[1, 5, 6, 14, 18]
[1, 4, 7, 9, 17]
[1, 3, 7, 13, 19]
[1, 4, 8, 10, 11]
[2, 3, 6, 12]
[1, 4, 6, 24, 28]
[3, 4, 5, 13, 26]
[1, 2, 7, 11, 18]
[1, 3, 8, 14, 15]
[3, 4, 6, 15, 17]
[1, 2, 9, 10, 12]
[2, 4, 5, 14, 23]
[2, 4, 6, 11, 19]
[2, 3, 5, 25]
[16, 17, 18, 19, 20, 21, 22, 23, 24, 25, 26, 27, 28]


6
process id 2
stats
5, 15, 7, 100, 1000
20220819-105656
loosing coalitions taken
[2, 3, 5, 27, 28]
[2, 4, 5, 12]
[3, 4, 6, 9, 22]
[1, 5, 6, 10, 22]
[1, 2, 8, 13, 16]
[1, 3, 7, 12, 20]
[1, 2, 7, 14, 15]
[1, 4, 8, 9, 15]
[1, 4, 6, 23, 24]
[1, 3, 8, 10, 17]
[1, 4, 7, 10, 18]
[2, 3, 6, 12]
[2, 4, 6, 11, 21]
[3, 4, 5, 16]
[16, 17, 18, 19, 20, 21, 22, 23, 24, 25, 26, 27, 28]


6
process id 1
stats
5, 15, 7, 100, 1000
20220819-105701
loosing coalitions taken
[2, 3, 6, 9]
[1, 2, 10, 11, 14]
[1, 4, 8, 11, 12]
[1, 3, 8, 14, 16]
[1, 3, 7, 15, 17]
[1, 2, 7, 12, 26]
[3, 4, 5, 11, 23]
[2, 4, 5, 19]
[1, 5, 6, 10, 18]
[2, 3, 5, 16]
[1, 4, 6, 23]
[1, 4, 7, 13, 16]
[1, 3, 6, 25]
[1, 2, 8, 13, 17]
[16, 17, 18, 19, 20, 21, 22, 23, 24, 25, 26, 27, 28]


5
process id 2
stats
5, 15, 7, 100, 1000
20220819-105757
loosing coalitions taken
[1, 2, 9, 11, 12]
[3, 4, 5, 16, 25]
[2, 4, 5, 20, 23]
[1, 2, 7, 10, 25]
[1, 3, 8, 10, 17]
[1, 3, 7, 13, 22]
[2, 3, 6, 8, 27]
[2, 4, 6, 13, 18]
[1, 5, 6, 12, 23]
[3, 4, 6, 11, 19]
[1, 3, 6, 28]
[2, 3, 5, 21]
[1, 4, 7, 8, 24]
[1, 2, 8, 13, 19]
[16, 17, 18, 19, 20, 21, 22, 23, 24, 25, 26, 27, 28]


6
process id 7
stats
5, 15, 7, 100, 1000
20220819-105832
loosing coalitions taken
[2, 4, 6, 11, 22]
[1, 2, 8, 14, 16]
[3, 4, 5, 14, 25]
[1, 2, 7, 15, 20]
[2, 3, 7, 8, 10]
[1, 4, 7, 9, 19]
[1, 2, 10, 12, 13]
[1, 3, 8, 12, 17]
[1, 3, 7, 14, 21]
[2, 3, 5, 22, 26]
[2, 3, 6, 15, 21]
[1, 4, 6, 18, 25]
[3, 4, 6, 8]
[2, 4, 5, 20]
[16, 17, 18, 19, 20, 21, 22, 23, 24, 25, 26, 27, 28]


5
process id 0
stats
5, 15, 7, 100, 1000
20220819-105842
loosing coalitions taken
[1, 3, 8, 10, 16]
[2, 4, 5, 19]
[1, 2, 8, 9, 20]
[1, 2, 7, 13, 24]
[1, 4, 7, 10, 17]
[1, 4, 8, 11, 13]
[1, 5, 6, 10, 23]
[2, 3, 6, 9]
[2, 3, 5, 21]
[1, 3, 6, 26]
[3, 4, 5, 16]
[1, 4, 6, 25]
[2, 4, 6, 8]
[1, 3, 7, 11, 18]
[16, 17, 18, 19, 20, 21, 22, 23, 24, 25, 26, 27, 28]


5
process id 0
stats
5, 15, 7, 100, 1000
20220819-105845
loosing coalitions taken
[1, 2, 7, 13, 21]
[1, 3, 7, 9, 24]
[1, 5, 6, 11, 23]
[1, 4, 6, 25]
[1, 3, 8, 11, 16]
[2, 4, 5, 18, 24]
[2, 3, 5, 12, 28]
[3, 4, 6, 13, 15]
[1, 4, 8, 13, 14]
[1, 4, 7, 10, 11]
[1, 2, 8, 9, 12]
[2, 3, 6, 17, 18]
[1, 2, 6, 24]
[3, 4, 5, 10]
[16, 17, 18, 19, 20, 21, 22, 23, 24, 25, 26, 27, 28]


6
process id 3
stats
5, 15, 7, 100, 1000
20220819-105900
loosing coalitions taken
[1, 3, 9, 10, 12]
[1, 5, 6, 14, 21]
[1, 3, 7, 14, 22]
[1, 3, 8, 13, 16]
[1, 2, 8, 12, 19]
[3, 4, 6, 7]
[1, 4, 8, 10, 11]
[2, 4, 5, 17, 20]
[1, 4, 6, 26]
[1, 2, 7, 9]
[2, 3, 6, 15, 23]
[2, 3, 5, 18]
[2, 4, 6, 11, 16]
[3, 4, 5, 10]
[16, 17, 18, 19, 20, 21, 22, 23, 24, 25, 26, 27, 28]


6
process id 7
stats
5, 15, 7, 100, 1000
20220819-105908
loosing coalitions taken
[1, 2, 9, 10, 13]
[2, 4, 5, 17]
[1, 2, 7, 15, 22]
[1, 4, 8, 11, 13]
[1, 5, 6, 12, 22]
[1, 2, 8, 12, 19]
[2, 3, 7, 8, 9]
[1, 3, 7, 16, 18]
[3, 4, 5, 13]
[2, 4, 6, 12, 23]
[2, 3, 5, 22, 26]
[1, 4, 6, 21]
[1, 3, 6, 26]
[3, 4, 6, 14, 19]
[16, 17, 18, 19, 20, 21, 22, 23, 24, 25, 26, 27, 28]


5
process id 5
stats
5, 15, 7, 100, 1000
20220819-105928
loosing coalitions taken
[1, 5, 6, 10, 22]
[1, 4, 7, 10, 16]
[1, 2, 8, 10, 19]
[1, 2, 7, 13, 20]
[2, 4, 6, 12, 19]
[1, 4, 6, 26]
[1, 3, 8, 13, 14]
[1, 3, 7, 15, 17]
[2, 4, 5, 17, 23]
[2, 3, 6, 13]
[2, 3, 7, 8, 9]
[3, 4, 5, 14, 24]
[1, 3, 6, 23, 25]
[2, 3, 5, 18]
[16, 17, 18, 19, 20, 21, 22, 23, 24, 25, 26, 27, 28]


6
process id 2
stats
5, 15, 7, 100, 1000
20220819-105952
loosing coalitions taken
[1, 2, 7, 12, 22]
[1, 5, 6, 10, 26]
[1, 3, 7, 15, 21]
[1, 3, 9, 10, 11]
[1, 2, 8, 11, 19]
[1, 4, 8, 9, 15]
[2, 3, 6, 14]
[2, 4, 5, 20, 28]
[1, 4, 6, 22, 27]
[1, 2, 6, 24]
[2, 3, 5, 22]
[1, 4, 7, 14, 16]
[3, 4, 5, 14]
[1, 3, 8, 12, 18]
[16, 17, 18, 19, 20, 21, 22, 23, 24, 25, 26, 27, 28]


