Results
Max overall: 15
Min avg pop: 0.6425
Min pop: 0.64

5
process id 4
stats
5, 15, 7, 100, 1000
20220818-155952
loosing coalitions taken
[1, 2, 9, 10, 12]
[1, 3, 7, 13, 20]
[1, 5, 6, 13, 24]
[1, 2, 8, 11, 19]
[1, 4, 6, 23]
[2, 3, 6, 13]
[2, 3, 5, 20, 27]
[3, 4, 5, 14, 26]
[1, 4, 7, 10, 17]
[2, 4, 5, 19]
[2, 4, 6, 11, 17]
[3, 4, 6, 8, 27]
[1, 3, 8, 14, 15]
[1, 2, 7, 16, 21]
[16, 17, 18, 19, 20, 21, 22, 23, 24, 25, 26, 27, 28]


6
process id 2
stats
5, 15, 7, 100, 1000
20220818-155953
loosing coalitions taken
[1, 4, 7, 8]
[2, 4, 6, 15, 20]
[1, 5, 6, 11, 25]
[1, 2, 9, 12, 14]
[2, 3, 6, 9]
[2, 3, 5, 20]
[1, 2, 8, 13, 20]
[1, 4, 6, 23]
[3, 4, 5, 16]
[3, 4, 6, 10, 21]
[1, 3, 7, 12, 22]
[1, 2, 7, 15, 21]
[2, 4, 5, 17]
[1, 3, 8, 9, 15]
[16, 17, 18, 19, 20, 21, 22, 23, 24, 25, 26, 27, 28]


6
process id 0
stats
5, 15, 7, 100, 1000
20220818-155954
loosing coalitions taken
[1, 3, 8, 14, 16]
[2, 3, 6, 13, 25]
[1, 2, 10, 12, 13]
[1, 3, 7, 11, 21]
[1, 2, 7, 9]
[2, 3, 5, 24, 26]
[2, 4, 5, 15]
[1, 4, 6, 24]
[1, 5, 6, 15, 19]
[1, 4, 7, 13, 14]
[3, 4, 5, 10]
[2, 4, 6, 8]
[2, 3, 7, 8, 10]
[3, 4, 6, 11, 15]
[16, 17, 18, 19, 20, 21, 22, 23, 24, 25, 26, 27, 28]


5
process id 2
stats
5, 15, 7, 100, 1000
20220818-155954
loosing coalitions taken
[1, 3, 8, 11, 18]
[1, 2, 8, 9, 21]
[1, 4, 7, 13, 16]
[1, 3, 7, 12, 21]
[2, 3, 6, 11]
[1, 5, 6, 15, 18]
[2, 4, 5, 16]
[3, 4, 6, 14, 20]
[1, 4, 8, 10, 15]
[2, 3, 5, 19]
[1, 4, 6, 26]
[3, 4, 5, 11]
[2, 4, 6, 8]
[1, 2, 7, 14, 17]
[16, 17, 18, 19, 20, 21, 22, 23, 24, 25, 26, 27, 28]


6
process id 5
stats
5, 15, 7, 100, 1000
20220818-155956
loosing coalitions taken
[2, 3, 6, 14]
[1, 4, 7, 9, 17]
[2, 4, 5, 20, 27]
[1, 5, 6, 13, 22]
[1, 4, 8, 10, 12]
[1, 2, 7, 11, 23]
[1, 2, 9, 10, 13]
[1, 3, 8, 11, 19]
[1, 3, 7, 14, 18]
[2, 4, 6, 8]
[1, 4, 6, 24]
[2, 3, 5, 21]
[3, 4, 5, 13, 28]
[1, 2, 8, 15, 17]
[16, 17, 18, 19, 20, 21, 22, 23, 24, 25, 26, 27, 28]


6
process id 1
stats
5, 15, 7, 100, 1000
20220818-155956
loosing coalitions taken
[1, 3, 8, 13, 16]
[1, 2, 7, 15, 17]
[1, 2, 9, 10, 14]
[2, 4, 5, 20]
[2, 3, 6, 14]
[1, 2, 8, 11, 19]
[1, 4, 6, 25]
[1, 4, 8, 10, 12]
[3, 4, 5, 15]
[2, 4, 6, 16, 19]
[1, 3, 7, 14, 20]
[2, 3, 5, 23, 25]
[1, 5, 6, 9, 26]
[3, 4, 6, 8]
[16, 17, 18, 19, 20, 21, 22, 23, 24, 25, 26, 27, 28]


5
process id 6
stats
5, 15, 7, 100, 1000
20220818-155957
loosing coalitions taken
[2, 4, 6, 12, 22]
[1, 2, 10, 11, 13]
[1, 5, 6, 13, 22]
[1, 3, 8, 14, 15]
[1, 4, 7, 8, 25]
[1, 2, 7, 14, 23]
[1, 3, 7, 10, 21]
[2, 3, 5, 23]
[3, 4, 5, 15]
[1, 4, 6, 27]
[3, 4, 6, 8, 28]
[2, 4, 5, 18, 25]
[2, 3, 6, 10]
[1, 2, 8, 9, 20]
[16, 17, 18, 19, 20, 21, 22, 23, 24, 25, 26, 27, 28]


5
process id 2
stats
5, 15, 7, 100, 1000
20220818-155958
loosing coalitions taken
[1, 3, 7, 12, 22]
[1, 5, 6, 9, 23]
[1, 2, 7, 16, 20]
[1, 4, 7, 8]
[2, 4, 5, 19, 23]
[2, 3, 6, 13, 27]
[3, 4, 6, 9, 17]
[2, 3, 5, 22]
[1, 2, 9, 11, 13]
[1, 2, 8, 14, 17]
[3, 4, 5, 14]
[1, 4, 6, 24]
[2, 4, 6, 8, 28]
[1, 3, 8, 10, 19]
[16, 17, 18, 19, 20, 21, 22, 23, 24, 25, 26, 27, 28]


5
process id 4
stats
5, 15, 7, 100, 1000
20220818-155958
loosing coalitions taken
[1, 3, 7, 14, 22]
[1, 3, 8, 12, 19]
[3, 4, 5, 21, 23]
[1, 5, 6, 11, 25]
[2, 3, 6, 14, 27]
[1, 2, 10, 12, 13]
[2, 4, 6, 11, 23]
[3, 4, 6, 9, 16]
[2, 4, 5, 19]
[1, 2, 7, 9, 24]
[1, 4, 6, 24]
[1, 2, 8, 14, 20]
[1, 3, 9, 10, 11]
[3, 5, 6, 7, 15]
[16, 17, 18, 19, 20, 21, 22, 23, 24, 25, 26, 27, 28]


5
process id 5
stats
5, 15, 7, 100, 1000
20220818-155958
loosing coalitions taken
[1, 5, 6, 13, 24]
[1, 2, 9, 10, 12]
[2, 4, 5, 17]
[1, 2, 8, 11, 20]
[2, 4, 6, 11, 18]
[2, 3, 6, 16, 17]
[1, 3, 7, 11, 22]
[1, 2, 7, 14, 19]
[2, 3, 5, 23, 26]
[3, 4, 5, 13]
[1, 3, 8, 10, 15]
[1, 4, 6, 28]
[3, 4, 6, 14, 20]
[1, 4, 7, 8, 27]
[16, 17, 18, 19, 20, 21, 22, 23, 24, 25, 26, 27, 28]


6
process id 1
stats
5, 15, 7, 100, 1000
20220818-160000
loosing coalitions taken
[1, 5, 6, 13, 23]
[2, 4, 5, 19]
[1, 4, 7, 8]
[2, 3, 6, 12]
[1, 4, 6, 27]
[3, 4, 6, 11, 18]
[2, 4, 6, 10, 17]
[1, 2, 7, 14, 21]
[1, 3, 8, 12, 19]
[1, 3, 9, 10, 11]
[1, 2, 9, 12, 13]
[2, 3, 5, 25]
[3, 4, 5, 15]
[1, 3, 7, 16, 18]
[16, 17, 18, 19, 20, 21, 22, 23, 24, 25, 26, 27, 28]


6
process id 5
stats
5, 15, 7, 100, 1000
20220818-160001
loosing coalitions taken
[1, 5, 6, 9, 26]
[1, 3, 8, 12, 19]
[3, 4, 6, 10, 20]
[1, 2, 9, 10, 11]
[2, 3, 6, 13, 25]
[1, 2, 8, 13, 18]
[1, 2, 7, 16, 20]
[1, 3, 7, 14, 21]
[3, 4, 5, 14]
[1, 4, 7, 9, 15]
[2, 3, 5, 22]
[2, 4, 6, 16, 17]
[2, 4, 5, 15, 26]
[1, 4, 6, 23]
[16, 17, 18, 19, 20, 21, 22, 23, 24, 25, 26, 27, 28]


5
process id 6
stats
5, 15, 7, 100, 1000
20220818-160001
loosing coalitions taken
[3, 4, 5, 16]
[2, 3, 6, 14]
[1, 5, 6, 10, 26]
[1, 2, 9, 10, 13]
[1, 2, 7, 12, 22]
[1, 3, 7, 9, 24]
[2, 4, 6, 8]
[2, 3, 5, 22]
[1, 4, 6, 23]
[1, 4, 7, 11, 15]
[3, 4, 6, 15, 17]
[2, 4, 5, 19]
[1, 4, 8, 9, 12]
[1, 3, 8, 10, 19]
[16, 17, 18, 19, 20, 21, 22, 23, 24, 25, 26, 27, 28]


5
process id 5
stats
5, 15, 7, 100, 1000
20220818-160003
loosing coalitions taken
[1, 5, 6, 11, 25]
[1, 2, 8, 10, 21]
[2, 3, 6, 11]
[1, 2, 9, 12, 14]
[2, 4, 5, 18, 22]
[3, 4, 5, 16]
[1, 3, 7, 10, 19]
[1, 4, 6, 28]
[1, 3, 8, 9, 16]
[2, 3, 5, 19]
[2, 4, 6, 15, 19]
[3, 4, 6, 8]
[1, 4, 7, 8]
[1, 2, 7, 11, 18]
[16, 17, 18, 19, 20, 21, 22, 23, 24, 25, 26, 27, 28]


6
process id 7
stats
5, 15, 7, 100, 1000
20220818-160004
loosing coalitions taken
[2, 4, 6, 10, 23]
[1, 3, 8, 11, 16]
[1, 2, 8, 13, 17]
[1, 4, 6, 27]
[2, 4, 5, 20, 22]
[1, 2, 7, 11, 26]
[1, 3, 7, 14, 18]
[3, 4, 5, 13, 28]
[3, 4, 6, 14, 17]
[2, 3, 5, 24]
[1, 4, 7, 8, 24]
[1, 5, 6, 13, 19]
[1, 2, 9, 12, 14]
[2, 3, 6, 11]
[16, 17, 18, 19, 20, 21, 22, 23, 24, 25, 26, 27, 28]


6
process id 0
stats
5, 15, 7, 100, 1000
20220818-160004
loosing coalitions taken
[1, 2, 10, 11, 13]
[2, 3, 5, 25]
[1, 3, 8, 9, 19]
[1, 2, 7, 16, 19]
[1, 2, 8, 14, 17]
[1, 3, 7, 15, 18]
[1, 4, 6, 27]
[3, 4, 6, 11, 18]
[1, 4, 7, 8]
[2, 3, 6, 12]
[2, 4, 6, 13, 17]
[1, 5, 6, 13, 24]
[2, 4, 5, 20, 28]
[3, 4, 5, 14]
[16, 17, 18, 19, 20, 21, 22, 23, 24, 25, 26, 27, 28]


6
process id 0
stats
5, 15, 7, 100, 1000
20220818-160006
loosing coalitions taken
[2, 3, 6, 11, 26]
[1, 3, 7, 15, 18]
[1, 4, 7, 11, 17]
[2, 3, 5, 24]
[1, 3, 8, 10, 16]
[1, 2, 10, 11, 12]
[1, 2, 7, 9]
[1, 5, 6, 12, 21]
[2, 4, 5, 16, 25]
[1, 4, 6, 25]
[3, 4, 5, 14]
[3, 4, 6, 8]
[2, 4, 6, 13, 20]
[1, 2, 8, 14, 15]
[16, 17, 18, 19, 20, 21, 22, 23, 24, 25, 26, 27, 28]


6
process id 7
stats
5, 15, 7, 100, 1000
20220818-160006
loosing coalitions taken
[1, 2, 10, 11, 12]
[2, 4, 5, 16]
[1, 3, 7, 15, 21]
[1, 2, 8, 14, 20]
[1, 3, 8, 9, 16]
[2, 3, 6, 13]
[3, 4, 6, 10, 21]
[1, 4, 6, 25]
[3, 4, 5, 13]
[1, 5, 6, 13, 19]
[2, 3, 7, 8, 10]
[2, 3, 5, 23]
[2, 4, 6, 12, 18]
[1, 4, 7, 9, 14]
[16, 17, 18, 19, 20, 21, 22, 23, 24, 25, 26, 27, 28]


6
process id 3
stats
5, 15, 7, 100, 1000
20220818-160006
loosing coalitions taken
[2, 3, 6, 15, 27]
[1, 2, 10, 11, 14]
[3, 4, 6, 13, 21]
[2, 3, 5, 24, 28]
[2, 4, 5, 20]
[1, 5, 6, 10, 25]
[3, 4, 5, 16]
[1, 4, 6, 26]
[2, 5, 6, 7, 14]
[1, 3, 8, 12, 14]
[1, 2, 7, 12, 21]
[1, 4, 7, 11, 17]
[1, 2, 8, 9, 16]
[2, 4, 6, 11, 19]
[16, 17, 18, 19, 20, 21, 22, 23, 24, 25, 26, 27, 28]


6
process id 6
stats
5, 15, 7, 100, 1000
20220818-160007
loosing coalitions taken
[3, 4, 5, 18, 27]
[1, 5, 6, 9, 23]
[1, 3, 7, 13, 20]
[2, 4, 5, 19]
[1, 2, 9, 11, 12]
[1, 3, 8, 15, 16]
[1, 2, 8, 14, 18]
[2, 3, 6, 13]
[1, 4, 6, 27]
[2, 3, 7, 8, 10]
[2, 3, 5, 25]
[3, 4, 6, 9, 21]
[2, 4, 6, 14, 22]
[1, 4, 7, 10, 19]
[16, 17, 18, 19, 20, 21, 22, 23, 24, 25, 26, 27, 28]


5
process id 2
stats
5, 15, 7, 100, 1000
20220818-160008
loosing coalitions taken
[2, 4, 6, 9, 23]
[2, 4, 5, 19]
[1, 2, 7, 9, 26]
[1, 3, 8, 9, 19]
[1, 4, 7, 8]
[3, 4, 6, 13, 20]
[1, 2, 10, 11, 13]
[1, 5, 6, 16, 20]
[2, 3, 5, 21, 26]
[3, 4, 5, 14, 25]
[1, 3, 7, 12, 17]
[2, 3, 6, 10]
[1, 4, 6, 25]
[2, 5, 6, 8, 12]
[16, 17, 18, 19, 20, 21, 22, 23, 24, 25, 26, 27, 28]


5
process id 3
stats
5, 15, 7, 100, 1000
20220818-160010
loosing coalitions taken
[1, 5, 6, 12, 22]
[3, 4, 6, 12, 19]
[1, 2, 7, 14, 22]
[1, 3, 8, 9, 16]
[1, 2, 10, 11, 13]
[2, 3, 6, 9]
[2, 4, 5, 18]
[3, 4, 5, 10]
[1, 4, 6, 24]
[1, 4, 7, 10, 16]
[2, 3, 5, 22, 25]
[1, 3, 7, 13, 17]
[2, 4, 6, 8]
[1, 2, 8, 12, 19]
[16, 17, 18, 19, 20, 21, 22, 23, 24, 25, 26, 27, 28]


5
process id 7
stats
5, 15, 7, 100, 1000
20220818-160010
loosing coalitions taken
[1, 2, 10, 12, 14]
[2, 4, 5, 19]
[1, 3, 7, 12, 21]
[1, 5, 6, 13, 21]
[1, 2, 8, 13, 18]
[1, 3, 9, 10, 11]
[1, 4, 7, 11, 14]
[2, 3, 6, 11]
[1, 3, 8, 14, 15]
[3, 4, 5, 15, 24]
[1, 4, 6, 25]
[1, 2, 7, 15, 19]
[3, 4, 6, 14, 16]
[2, 3, 5, 22]
[16, 17, 18, 19, 20, 21, 22, 23, 24, 25, 26, 27, 28]


6
process id 4
stats
5, 15, 7, 100, 1000
20220818-160013
loosing coalitions taken
[2, 3, 5, 26, 28]
[1, 3, 7, 14, 19]
[1, 4, 8, 9, 13]
[1, 5, 6, 11, 17]
[3, 4, 5, 19, 21]
[3, 5, 6, 7, 13]
[1, 3, 8, 10, 17]
[1, 2, 9, 11, 12]
[2, 4, 6, 15, 21]
[2, 3, 6, 11]
[1, 2, 8, 15, 16]
[1, 4, 6, 24]
[2, 4, 5, 17]
[1, 2, 7, 10, 26]
[16, 17, 18, 19, 20, 21, 22, 23, 24, 25, 26, 27, 28]


6
process id 5
stats
5, 15, 7, 100, 1000
20220818-160013
loosing coalitions taken
[2, 3, 5, 23]
[1, 2, 7, 13, 25]
[1, 4, 7, 10, 18]
[1, 3, 7, 12, 21]
[1, 5, 6, 11, 19]
[1, 4, 6, 27]
[2, 3, 6, 13]
[2, 4, 6, 10, 22]
[3, 4, 6, 8]
[2, 4, 5, 20, 27]
[1, 3, 8, 11, 14]
[3, 4, 5, 12]
[1, 4, 8, 12, 13]
[1, 2, 8, 9, 20]
[16, 17, 18, 19, 20, 21, 22, 23, 24, 25, 26, 27, 28]


6
process id 2
stats
5, 15, 7, 100, 1000
20220818-160013
loosing coalitions taken
[2, 3, 6, 11]
[1, 3, 7, 10, 21]
[2, 4, 5, 17]
[1, 2, 7, 13, 24]
[1, 2, 8, 14, 20]
[1, 4, 6, 23]
[1, 4, 7, 8]
[1, 2, 10, 11, 12]
[3, 4, 6, 8]
[2, 3, 5, 20, 28]
[1, 3, 8, 15, 16]
[1, 5, 6, 16, 17]
[3, 4, 5, 12]
[2, 4, 6, 10, 18]
[16, 17, 18, 19, 20, 21, 22, 23, 24, 25, 26, 27, 28]


6
process id 6
stats
5, 15, 7, 100, 1000
20220818-160013
loosing coalitions taken
[1, 5, 6, 12, 23]
[2, 3, 6, 10]
[1, 4, 8, 9, 11]
[1, 4, 7, 10, 18]
[3, 4, 5, 16]
[1, 3, 7, 9, 22]
[1, 2, 7, 16, 20]
[1, 3, 8, 13, 15]
[2, 4, 5, 19]
[2, 3, 5, 20, 28]
[1, 2, 10, 11, 14]
[1, 4, 6, 25]
[2, 5, 6, 8, 11]
[3, 4, 6, 12, 21]
[16, 17, 18, 19, 20, 21, 22, 23, 24, 25, 26, 27, 28]


