Results
Max overall: 16
Min avg pop: 0.6425
Min pop: 0.64

6
process id 4
stats
5, 16, 7, 100, 1000
20220818-160027
loosing coalitions taken
[2, 4, 6, 13, 20]
[1, 3, 7, 13, 18]
[2, 3, 6, 11]
[3, 4, 5, 15]
[1, 2, 7, 9, 25]
[1, 4, 8, 9, 11]
[2, 3, 5, 23]
[2, 4, 5, 17]
[3, 4, 6, 12, 16]
[1, 4, 7, 10, 19]
[1, 3, 8, 10, 17]
[1, 4, 6, 27, 28]
[1, 5, 6, 16, 18]
[1, 2, 10, 12, 13]
[1, 2, 8, 14, 20]
[16, 17, 18, 19, 20, 21, 22, 23, 24, 25, 26, 27, 28]


6
process id 2
stats
5, 16, 7, 100, 1000
20220818-160035
loosing coalitions taken
[2, 3, 5, 25]
[3, 4, 6, 9, 20]
[1, 5, 6, 15, 20]
[1, 2, 8, 13, 19]
[1, 3, 8, 11, 18]
[1, 4, 6, 27, 28]
[1, 3, 7, 10, 23]
[1, 2, 7, 12, 24]
[1, 2, 9, 11, 14]
[2, 4, 5, 16, 27]
[2, 3, 6, 10, 24]
[3, 4, 5, 11]
[1, 4, 8, 12, 14]
[1, 4, 7, 11, 16]
[2, 4, 6, 8]
[16, 17, 18, 19, 20, 21, 22, 23, 24, 25, 26, 27, 28]


6
process id 5
stats
5, 16, 7, 100, 1000
20220818-160037
loosing coalitions taken
[1, 2, 10, 12, 13]
[1, 2, 8, 11, 21]
[1, 4, 7, 10, 18]
[1, 3, 9, 10, 11]
[1, 2, 7, 15, 22]
[1, 3, 8, 14, 15]
[2, 3, 6, 16, 23]
[1, 3, 7, 16, 17]
[2, 3, 7, 8, 10]
[2, 4, 5, 17]
[1, 4, 6, 28]
[3, 4, 5, 14, 25]
[2, 3, 5, 22, 24]
[1, 5, 6, 13, 24]
[2, 4, 6, 11, 19]
[16, 17, 18, 19, 20, 21, 22, 23, 24, 25, 26, 27, 28]


6
process id 4
stats
5, 16, 7, 100, 1000
20220818-160038
loosing coalitions taken
[1, 5, 6, 16, 18]
[2, 3, 5, 24]
[1, 2, 9, 10, 12]
[1, 4, 7, 9, 19]
[1, 3, 7, 15, 17]
[3, 4, 6, 13, 20]
[1, 2, 7, 11, 27]
[1, 3, 8, 12, 14]
[3, 4, 5, 15, 26]
[2, 4, 5, 17]
[1, 4, 6, 27]
[2, 4, 6, 8]
[2, 3, 6, 14]
[1, 2, 8, 13, 15]
[2, 3, 7, 8, 10]
[16, 17, 18, 19, 20, 21, 22, 23, 24, 25, 26, 27, 28]


6
process id 1
stats
5, 16, 7, 100, 1000
20220818-160039
loosing coalitions taken
[1, 3, 7, 15, 20]
[1, 3, 8, 12, 18]
[2, 3, 5, 23]
[1, 2, 8, 14, 20]
[3, 4, 6, 13, 18]
[1, 4, 7, 11, 17]
[1, 2, 9, 10, 13]
[1, 5, 6, 16, 18]
[2, 3, 6, 12]
[2, 4, 5, 16]
[1, 4, 8, 10, 15]
[3, 4, 5, 17, 26]
[2, 4, 6, 9, 23]
[1, 4, 6, 27]
[2, 3, 7, 8, 9]
[16, 17, 18, 19, 20, 21, 22, 23, 24, 25, 26, 27, 28]


