Results

max_overall: 15
min_avg_pop_size: 0.64
min_pop_size: 0.636

5
process id 4
stats
5, 15, 7, 100, 1000
20220728-182501
loosing coalitions taken
[1, 4, 7, 8, 28]
[1, 2, 7, 9]
[2, 3, 6, 12]
[1, 4, 6, 26, 27]
[1, 5, 6, 13, 23]
[1, 2, 8, 10, 14]
[2, 3, 5, 18, 23]
[1, 3, 8, 12, 15]
[2, 4, 5, 14]
[2, 4, 6, 15, 20]
[1, 3, 7, 14, 16]
[1, 3, 6, 28]
[3, 4, 6, 9, 22]
[3, 4, 5, 12, 25]
[16, 17, 18, 19, 20, 21, 22, 23, 24, 25, 26, 27, 28]


5
process id 10
stats
5, 15, 7, 100, 1000
20220728-182503
loosing coalitions taken
[2, 4, 5, 20]
[1, 2, 7, 15, 21]
[1, 5, 6, 13, 22]
[2, 3, 6, 13, 28]
[1, 2, 9, 11, 12]
[1, 3, 7, 10, 24]
[1, 3, 8, 11, 19]
[1, 4, 6, 26]
[2, 3, 5, 22, 23]
[3, 4, 5, 10, 25]
[1, 4, 8, 9, 13]
[3, 4, 6, 11, 14]
[1, 2, 8, 14, 16]
[1, 4, 7, 11, 17]
[16, 17, 18, 19, 20, 21, 22, 23, 24, 25, 26, 27, 28]


5
process id 6
stats
5, 15, 7, 100, 1000
20220728-182503
loosing coalitions taken
[1, 4, 7, 10, 18]
[1, 2, 7, 15, 20]
[2, 4, 6, 14, 22]
[1, 3, 8, 12, 18]
[1, 2, 9, 11, 12]
[2, 3, 6, 11]
[1, 4, 6, 27]
[1, 2, 8, 13, 19]
[2, 4, 5, 21, 25]
[1, 5, 6, 10, 25]
[3, 4, 6, 12, 17]
[2, 3, 5, 24]
[3, 4, 5, 14]
[2, 3, 7, 8, 10]
[16, 17, 18, 19, 20, 21, 22, 23, 24, 25, 26, 27, 28]


6
process id 9
stats
5, 15, 7, 100, 1000
20220728-182508
loosing coalitions taken
[1, 2, 8, 10, 21]
[1, 2, 7, 9]
[3, 4, 5, 15]
[2, 3, 5, 19]
[2, 4, 5, 18, 28]
[1, 3, 7, 14, 22]
[1, 3, 6, 28]
[1, 3, 8, 11, 12]
[2, 4, 6, 13, 21]
[1, 4, 7, 10, 16]
[1, 4, 6, 23]
[1, 5, 6, 16, 19]
[2, 3, 6, 12]
[1, 4, 8, 13, 14]
[16, 17, 18, 19, 20, 21, 22, 23, 24, 25, 26, 27, 28]


5
process id 3
stats
5, 15, 7, 100, 1000
20220728-182513
loosing coalitions taken
[2, 3, 6, 14]
[1, 4, 7, 12, 16]
[1, 2, 10, 11, 12]
[1, 3, 7, 10, 18]
[1, 4, 6, 25]
[1, 3, 8, 9, 20]
[3, 4, 5, 15]
[2, 4, 5, 12]
[2, 3, 5, 17, 24]
[2, 4, 6, 10, 20]
[1, 2, 8, 13, 14]
[1, 2, 7, 9]
[1, 5, 6, 12, 23]
[1, 3, 6, 26]
[16, 17, 18, 19, 20, 21, 22, 23, 24, 25, 26, 27, 28]


6
process id 6
stats
5, 15, 7, 100, 1000
20220728-182513
loosing coalitions taken
[3, 4, 5, 21, 24]
[1, 5, 6, 15, 17]
[3, 4, 6, 8]
[2, 4, 5, 20]
[1, 2, 8, 14, 17]
[1, 4, 7, 13, 16]
[1, 2, 9, 10, 12]
[2, 3, 6, 16, 23]
[1, 4, 6, 28]
[2, 3, 5, 18, 28]
[1, 3, 6, 27]
[1, 2, 7, 11, 26]
[1, 3, 7, 10, 17]
[2, 4, 6, 13, 22]
[16, 17, 18, 19, 20, 21, 22, 23, 24, 25, 26, 27, 28]


6
process id 5
stats
5, 15, 7, 100, 1000
20220728-182514
loosing coalitions taken
[2, 4, 5, 20]
[1, 2, 7, 14, 24]
[2, 3, 6, 13]
[1, 3, 8, 12, 17]
[1, 3, 7, 9, 23]
[1, 4, 7, 13, 16]
[1, 4, 6, 23]
[3, 4, 5, 10]
[1, 5, 6, 15, 20]
[2, 3, 5, 24, 26]
[3, 4, 6, 11, 18]
[1, 3, 6, 26]
[1, 4, 8, 11, 14]
[1, 2, 8, 9, 21]
[16, 17, 18, 19, 20, 21, 22, 23, 24, 25, 26, 27, 28]


5
process id 4
stats
5, 15, 7, 100, 1000
20220728-182517
loosing coalitions taken
[1, 2, 7, 13, 22]
[1, 4, 8, 12, 14]
[1, 2, 8, 15, 17]
[1, 4, 7, 11, 15]
[1, 2, 9, 10, 14]
[1, 3, 8, 9, 18]
[1, 3, 7, 12, 20]
[3, 4, 5, 18, 25]
[2, 4, 5, 16]
[2, 3, 6, 12]
[2, 3, 5, 21]
[1, 4, 6, 25]
[3, 4, 6, 10, 14]
[2, 4, 6, 11, 18]
[16, 17, 18, 19, 20, 21, 22, 23, 24, 25, 26, 27, 28]


5
process id 0
stats
5, 15, 7, 100, 1000
20220728-182519
loosing coalitions taken
[1, 5, 6, 14, 22]
[1, 2, 7, 12, 24]
[2, 4, 5, 19, 24]
[2, 4, 6, 11, 21]
[2, 5, 6, 8, 9]
[1, 2, 8, 15, 16]
[2, 3, 6, 15, 26]
[1, 3, 7, 13, 20]
[1, 4, 6, 26]
[2, 3, 5, 21]
[3, 4, 6, 10, 13]
[1, 4, 7, 14, 15]
[1, 3, 8, 9, 10]
[3, 4, 5, 12, 28]
[16, 17, 18, 19, 20, 21, 22, 23, 24, 25, 26, 27, 28]


5
process id 8
stats
5, 15, 7, 100, 1000
20220728-182520
loosing coalitions taken
[2, 3, 6, 14, 23]
[1, 2, 10, 12, 13]
[1, 4, 7, 12, 16]
[2, 3, 5, 25]
[1, 2, 8, 14, 19]
[1, 5, 6, 10, 22]
[1, 3, 7, 13, 17]
[1, 4, 8, 10, 15]
[3, 4, 6, 15, 16]
[1, 2, 7, 11, 21]
[2, 4, 5, 12]
[1, 4, 6, 23, 24]
[2, 5, 6, 8, 11]
[2, 4, 6, 9, 18]
[16, 17, 18, 19, 20, 21, 22, 23, 24, 25, 26, 27, 28]


6
process id 1
stats
5, 15, 7, 100, 1000
20220728-182523
loosing coalitions taken
[3, 4, 5, 17, 27]
[1, 4, 7, 13, 16]
[2, 3, 6, 12]
[2, 4, 5, 16]
[1, 4, 8, 9, 11]
[1, 3, 7, 9, 22]
[2, 3, 5, 24, 28]
[1, 3, 8, 14, 16]
[1, 2, 8, 10, 13]
[1, 3, 6, 27]
[1, 2, 7, 11, 21]
[1, 4, 6, 24, 25]
[3, 4, 6, 8]
[2, 4, 6, 14, 22]
[16, 17, 18, 19, 20, 21, 22, 23, 24, 25, 26, 27, 28]


6
process id 9
stats
5, 15, 7, 100, 1000
20220728-182524
loosing coalitions taken
[2, 4, 6, 11, 24]
[1, 5, 6, 14, 22]
[1, 2, 7, 16, 17]
[1, 3, 8, 11, 17]
[1, 2, 8, 12, 18]
[1, 4, 7, 9, 18]
[3, 4, 5, 20, 22]
[2, 4, 5, 21, 25]
[3, 4, 6, 14, 17]
[1, 4, 8, 10, 15]
[2, 3, 6, 13]
[1, 4, 6, 25]
[1, 2, 9, 10, 11]
[1, 3, 7, 10, 19]
[16, 17, 18, 19, 20, 21, 22, 23, 24, 25, 26, 27, 28]


6
process id 2
stats
5, 15, 7, 100, 1000
20220728-182524
loosing coalitions taken
[1, 5, 6, 11, 24]
[2, 5, 6, 8, 10]
[1, 2, 7, 16, 18]
[1, 3, 7, 14, 21]
[1, 2, 8, 15, 17]
[2, 4, 5, 21, 26]
[1, 4, 6, 25]
[3, 4, 5, 15]
[2, 3, 6, 17, 20]
[2, 3, 5, 16]
[1, 4, 7, 12, 15]
[3, 4, 6, 7, 27]
[2, 4, 6, 16, 19]
[1, 2, 9, 11, 12]
[16, 17, 18, 19, 20, 21, 22, 23, 24, 25, 26, 27, 28]


5
process id 6
stats
5, 15, 7, 100, 1000
20220728-182527
loosing coalitions taken
[1, 2, 9, 12, 14]
[3, 4, 5, 16]
[1, 2, 8, 11, 17]
[1, 3, 7, 9, 21]
[2, 4, 6, 13, 19]
[1, 5, 6, 9, 26]
[1, 2, 7, 15, 20]
[2, 3, 6, 12, 26]
[1, 4, 8, 10, 14]
[2, 3, 5, 19]
[1, 4, 6, 28]
[2, 4, 5, 15]
[1, 3, 6, 27]
[1, 4, 7, 12, 13]
[16, 17, 18, 19, 20, 21, 22, 23, 24, 25, 26, 27, 28]


6
process id 11
stats
5, 15, 7, 100, 1000
20220728-182531
loosing coalitions taken
[1, 2, 8, 9, 20]
[2, 3, 5, 22, 27]
[1, 2, 7, 12, 22]
[1, 3, 9, 10, 12]
[3, 4, 5, 19, 26]
[1, 3, 7, 15, 17]
[2, 3, 6, 10]
[1, 3, 8, 11, 16]
[1, 4, 7, 8, 28]
[1, 4, 6, 24, 27]
[2, 4, 5, 13]
[3, 4, 6, 12, 18]
[1, 5, 6, 10, 20]
[2, 4, 6, 15, 16]
[16, 17, 18, 19, 20, 21, 22, 23, 24, 25, 26, 27, 28]


5
process id 13
stats
5, 15, 7, 100, 1000
20220728-182532
loosing coalitions taken
[1, 2, 10, 11, 12]
[2, 4, 5, 20]
[1, 4, 7, 8]
[2, 3, 6, 11]
[2, 3, 5, 22]
[1, 5, 6, 9, 24]
[1, 2, 8, 9, 16]
[2, 4, 6, 12, 18]
[1, 4, 6, 26]
[1, 3, 6, 27]
[3, 4, 5, 12, 24]
[1, 2, 7, 15, 17]
[1, 3, 8, 13, 14]
[1, 3, 7, 11, 23]
[16, 17, 18, 19, 20, 21, 22, 23, 24, 25, 26, 27, 28]


6
process id 15
stats
5, 15, 7, 100, 1000
20220728-182535
loosing coalitions taken
[1, 3, 8, 11, 16]
[1, 2, 7, 11, 22]
[1, 4, 8, 9, 15]
[1, 2, 10, 12, 14]
[1, 3, 7, 15, 17]
[1, 5, 6, 9, 21]
[2, 4, 5, 14, 26]
[2, 3, 6, 18, 19]
[1, 3, 6, 26]
[1, 4, 6, 25]
[3, 4, 5, 15]
[3, 4, 6, 12, 20]
[2, 3, 5, 21, 25]
[1, 4, 7, 10, 19]
[16, 17, 18, 19, 20, 21, 22, 23, 24, 25, 26, 27, 28]


