Results

max_overall: 15
min_avg_pop_size: 0.64
min_pop_size: 0.637

5
process id 7
stats
5, 15, 7, 100, 1000
20220728-182627
loosing coalitions taken
[2, 4, 6, 9, 24]
[1, 3, 8, 12, 16]
[1, 3, 9, 10, 11]
[2, 4, 5, 17]
[2, 3, 6, 10]
[1, 5, 6, 12, 21]
[1, 4, 6, 28]
[1, 3, 7, 14, 19]
[1, 4, 7, 9, 16]
[3, 4, 5, 16]
[2, 3, 5, 20]
[3, 4, 6, 8]
[1, 2, 7, 11, 17]
[1, 4, 8, 11, 14]
[16, 17, 18, 19, 20, 21, 22, 23, 24, 25, 26, 27, 28]


6
process id 2
stats
5, 15, 7, 100, 1000
20220728-182628
loosing coalitions taken
[1, 4, 8, 9, 14]
[1, 4, 7, 13, 15]
[2, 3, 6, 11]
[1, 3, 9, 10, 12]
[1, 2, 8, 13, 20]
[1, 5, 6, 16, 17]
[1, 3, 7, 8, 28]
[3, 4, 5, 12]
[2, 3, 5, 21]
[2, 4, 5, 14]
[3, 4, 6, 13, 21]
[1, 4, 6, 25]
[2, 4, 6, 9, 23]
[1, 2, 7, 11, 23]
[16, 17, 18, 19, 20, 21, 22, 23, 24, 25, 26, 27, 28]


6
process id 5
stats
5, 15, 7, 100, 1000
20220728-182629
loosing coalitions taken
[1, 3, 7, 13, 22]
[1, 2, 7, 9]
[3, 4, 5, 16, 28]
[1, 4, 8, 11, 13]
[2, 3, 6, 15, 24]
[3, 4, 6, 8]
[2, 4, 5, 21, 23]
[1, 3, 8, 12, 16]
[1, 4, 6, 24]
[2, 3, 5, 20]
[1, 2, 10, 12, 13]
[1, 5, 6, 12, 23]
[1, 4, 7, 14, 16]
[2, 4, 6, 14, 17]
[16, 17, 18, 19, 20, 21, 22, 23, 24, 25, 26, 27, 28]


6
process id 9
stats
5, 15, 7, 100, 1000
20220728-182630
loosing coalitions taken
[2, 4, 6, 10, 24]
[1, 2, 9, 10, 12]
[1, 3, 7, 13, 19]
[2, 3, 6, 12]
[1, 2, 7, 15, 21]
[1, 5, 6, 14, 20]
[2, 4, 5, 19]
[1, 3, 8, 14, 15]
[2, 3, 5, 21]
[3, 4, 5, 15]
[1, 4, 6, 23]
[1, 2, 8, 11, 17]
[1, 4, 7, 8, 18]
[3, 4, 6, 11, 17]
[16, 17, 18, 19, 20, 21, 22, 23, 24, 25, 26, 27, 28]


6
process id 4
stats
5, 15, 7, 100, 1000
20220728-182633
loosing coalitions taken
[1, 5, 6, 16, 18]
[2, 4, 5, 17]
[1, 2, 10, 12, 14]
[1, 3, 8, 9, 18]
[1, 4, 7, 11, 14]
[1, 2, 7, 16, 20]
[1, 3, 7, 13, 19]
[2, 3, 6, 13]
[1, 4, 6, 24, 28]
[2, 4, 6, 8]
[2, 3, 5, 16]
[3, 4, 5, 13, 28]
[3, 4, 6, 14, 15]
[1, 2, 8, 11, 21]
[16, 17, 18, 19, 20, 21, 22, 23, 24, 25, 26, 27, 28]


6
process id 10
stats
5, 15, 7, 100, 1000
20220728-182641
loosing coalitions taken
[1, 2, 8, 11, 17]
[1, 3, 7, 13, 19]
[1, 5, 6, 13, 22]
[2, 3, 5, 26, 27]
[2, 4, 5, 16]
[1, 2, 7, 12, 21]
[2, 3, 6, 10]
[1, 4, 7, 14, 16]
[1, 4, 6, 27, 28]
[3, 4, 6, 7]
[2, 4, 6, 15, 17]
[3, 4, 5, 14, 24]
[1, 3, 9, 10, 11]
[1, 4, 8, 10, 13]
[16, 17, 18, 19, 20, 21, 22, 23, 24, 25, 26, 27, 28]


6
process id 0
stats
5, 15, 7, 100, 1000
20220728-182642
loosing coalitions taken
[1, 2, 9, 10, 14]
[1, 5, 6, 15, 20]
[3, 4, 6, 9, 18]
[1, 4, 6, 26]
[1, 2, 8, 11, 20]
[2, 3, 6, 11]
[2, 4, 5, 16]
[1, 3, 7, 9, 20]
[2, 3, 5, 18]
[2, 4, 6, 8]
[1, 2, 7, 16, 18]
[1, 3, 8, 14, 16]
[1, 4, 7, 10, 17]
[3, 4, 5, 15]
[16, 17, 18, 19, 20, 21, 22, 23, 24, 25, 26, 27, 28]


6
process id 1
stats
5, 15, 7, 100, 1000
20220728-182645
loosing coalitions taken
[2, 3, 6, 11]
[1, 3, 7, 14, 21]
[3, 4, 5, 15]
[1, 4, 7, 9, 18]
[1, 3, 9, 10, 12]
[1, 2, 7, 12, 22]
[2, 4, 5, 14]
[1, 5, 6, 10, 22]
[2, 3, 5, 25]
[1, 4, 6, 27]
[2, 4, 6, 13, 21]
[3, 4, 6, 12, 19]
[1, 2, 8, 13, 16]
[1, 4, 8, 12, 14]
[16, 17, 18, 19, 20, 21, 22, 23, 24, 25, 26, 27, 28]


6
process id 7
stats
5, 15, 7, 100, 1000
20220728-182647
loosing coalitions taken
[2, 4, 5, 20]
[1, 3, 8, 9, 19]
[1, 4, 7, 13, 16]
[2, 3, 6, 14, 23]
[1, 2, 8, 15, 17]
[1, 5, 6, 9, 26]
[3, 4, 6, 12, 16]
[1, 2, 7, 9]
[1, 4, 8, 10, 14]
[2, 3, 5, 25]
[1, 3, 7, 10, 22]
[1, 3, 6, 28]
[3, 4, 5, 17, 26]
[2, 4, 6, 11, 21]
[16, 17, 18, 19, 20, 21, 22, 23, 24, 25, 26, 27, 28]


6
process id 9
stats
5, 15, 7, 100, 1000
20220728-182649
loosing coalitions taken
[1, 3, 8, 14, 16]
[1, 2, 8, 12, 19]
[1, 5, 6, 9, 25]
[2, 3, 6, 14]
[1, 3, 9, 10, 11]
[3, 4, 5, 16]
[1, 2, 7, 10, 25]
[2, 4, 6, 12, 23]
[2, 4, 5, 15]
[2, 3, 5, 19]
[1, 4, 6, 27]
[1, 4, 7, 8]
[1, 3, 7, 13, 18]
[3, 4, 6, 8, 26]
[16, 17, 18, 19, 20, 21, 22, 23, 24, 25, 26, 27, 28]


6
process id 8
stats
5, 15, 7, 100, 1000
20220728-182650
loosing coalitions taken
[1, 3, 8, 13, 16]
[2, 4, 5, 21, 27]
[1, 2, 10, 11, 13]
[1, 2, 7, 16, 18]
[2, 3, 6, 14]
[1, 2, 8, 9, 17]
[1, 4, 7, 8]
[1, 5, 6, 12, 21]
[1, 4, 6, 25]
[3, 4, 5, 19, 24]
[2, 3, 5, 22]
[3, 4, 6, 8]
[2, 4, 6, 11, 22]
[1, 3, 6, 27]
[16, 17, 18, 19, 20, 21, 22, 23, 24, 25, 26, 27, 28]


5
process id 5
stats
5, 15, 7, 100, 1000
20220728-182655
loosing coalitions taken
[1, 2, 8, 15, 17]
[2, 4, 5, 22, 24]
[2, 3, 5, 23]
[1, 2, 7, 16, 20]
[3, 4, 6, 12, 21]
[1, 3, 8, 13, 16]
[1, 3, 7, 15, 19]
[1, 5, 6, 13, 18]
[1, 2, 9, 10, 14]
[1, 4, 7, 8]
[2, 4, 6, 16, 17]
[2, 3, 6, 11, 22]
[3, 4, 5, 10]
[1, 4, 6, 23]
[16, 17, 18, 19, 20, 21, 22, 23, 24, 25, 26, 27, 28]


6
process id 9
stats
5, 15, 7, 100, 1000
20220728-182657
loosing coalitions taken
[2, 4, 5, 19]
[2, 3, 6, 14]
[1, 2, 10, 12, 13]
[1, 2, 7, 11, 22]
[1, 4, 7, 9, 15]
[1, 4, 6, 25]
[1, 2, 8, 15, 16]
[1, 4, 8, 11, 13]
[1, 3, 7, 8]
[2, 4, 6, 12, 22]
[1, 5, 6, 12, 23]
[2, 3, 5, 18, 27]
[3, 4, 5, 9]
[1, 3, 6, 28]
[16, 17, 18, 19, 20, 21, 22, 23, 24, 25, 26, 27, 28]


6
process id 2
stats
5, 15, 7, 100, 1000
20220728-182657
loosing coalitions taken
[1, 3, 7, 9, 22]
[1, 2, 8, 11, 21]
[3, 5, 6, 7, 11]
[2, 3, 6, 14]
[2, 4, 5, 17]
[1, 5, 6, 13, 23]
[1, 2, 7, 10, 25]
[3, 4, 5, 19, 26]
[2, 3, 5, 22, 28]
[1, 4, 8, 10, 13]
[2, 4, 6, 12, 15]
[1, 4, 6, 26]
[1, 3, 8, 14, 15]
[3, 4, 6, 8]
[16, 17, 18, 19, 20, 21, 22, 23, 24, 25, 26, 27, 28]


5
process id 12
stats
5, 15, 7, 100, 1000
20220728-182659
loosing coalitions taken
[3, 4, 5, 18, 25]
[1, 3, 8, 14, 16]
[2, 3, 6, 13, 24]
[1, 4, 8, 10, 12]
[1, 3, 7, 12, 20]
[1, 2, 7, 14, 22]
[2, 3, 5, 17, 28]
[1, 2, 8, 11, 20]
[2, 4, 6, 11, 19]
[3, 4, 6, 8]
[1, 2, 9, 12, 13]
[2, 4, 5, 12]
[1, 5, 6, 10, 18]
[1, 4, 7, 9, 16]
[16, 17, 18, 19, 20, 21, 22, 23, 24, 25, 26, 27, 28]


6
process id 10
stats
5, 15, 7, 100, 1000
20220728-182659
loosing coalitions taken
[1, 3, 8, 12, 19]
[2, 4, 5, 21, 22]
[2, 3, 5, 24]
[1, 3, 7, 10, 22]
[1, 4, 7, 8, 25]
[1, 2, 8, 10, 20]
[1, 5, 6, 9, 25]
[1, 4, 6, 23, 26]
[1, 2, 9, 11, 12]
[2, 4, 6, 9, 17]
[3, 4, 5, 19, 26]
[3, 4, 6, 8]
[2, 3, 6, 14, 27]
[1, 2, 7, 14, 21]
[16, 17, 18, 19, 20, 21, 22, 23, 24, 25, 26, 27, 28]


