Results
max_overall: 15
min_avg_pop_size: 0.64
min_pop_size: 0.637

6
process id 5
stats
5, 15, 7, 100, 1000
20220729-172618
loosing coalitions taken
[1, 3, 7, 10, 22]
[1, 2, 10, 11, 14]
[2, 3, 6, 13, 28]
[1, 4, 7, 8]
[3, 4, 6, 9, 20]
[1, 5, 6, 15, 21]
[2, 3, 5, 18]
[1, 2, 7, 9]
[1, 2, 8, 13, 19]
[3, 4, 5, 16, 28]
[1, 4, 6, 22]
[1, 3, 8, 9, 17]
[2, 4, 5, 14, 26]
[2, 4, 6, 10, 23]
[16, 17, 18, 19, 20, 21, 22, 23, 24, 25, 26, 27, 28]


6
process id 4
stats
5, 15, 7, 100, 1000
20220729-172620
loosing coalitions taken
[1, 2, 8, 14, 20]
[2, 3, 6, 12]
[1, 4, 8, 11, 13]
[3, 4, 5, 19, 26]
[2, 4, 5, 17]
[1, 5, 6, 12, 23]
[2, 3, 5, 23, 27]
[1, 2, 9, 10, 13]
[3, 4, 6, 8]
[1, 4, 6, 24, 28]
[1, 4, 7, 10, 12]
[1, 3, 8, 9, 17]
[1, 2, 7, 11, 23]
[1, 3, 7, 14, 16]
[16, 17, 18, 19, 20, 21, 22, 23, 24, 25, 26, 27, 28]


5
process id 9
stats
5, 15, 7, 100, 1000
20220729-172620
loosing coalitions taken
[1, 2, 9, 11, 14]
[1, 2, 8, 13, 17]
[1, 3, 8, 15, 16]
[2, 4, 5, 20]
[1, 2, 7, 10, 27]
[1, 3, 7, 11, 22]
[1, 4, 7, 8, 23]
[2, 3, 6, 11, 27]
[1, 5, 6, 14, 20]
[3, 4, 5, 15]
[3, 4, 6, 13, 18]
[1, 3, 6, 28]
[2, 3, 5, 24]
[1, 4, 6, 26]
[16, 17, 18, 19, 20, 21, 22, 23, 24, 25, 26, 27, 28]


6
process id 0
stats
5, 15, 7, 100, 1000
20220729-172623
loosing coalitions taken
[2, 3, 6, 14, 26]
[2, 4, 5, 18]
[1, 3, 8, 11, 16]
[1, 2, 9, 12, 14]
[1, 2, 7, 16, 19]
[1, 4, 7, 11, 17]
[1, 3, 7, 14, 18]
[2, 3, 7, 8, 9]
[3, 4, 5, 15, 28]
[2, 3, 5, 22]
[1, 4, 6, 25]
[1, 3, 6, 27]
[1, 5, 6, 13, 23]
[2, 4, 6, 13, 22]
[16, 17, 18, 19, 20, 21, 22, 23, 24, 25, 26, 27, 28]


5
process id 1
stats
5, 15, 7, 100, 1000
20220729-172626
loosing coalitions taken
[1, 2, 7, 17, 18]
[1, 5, 6, 13, 22]
[2, 4, 6, 14, 17]
[1, 2, 8, 13, 19]
[1, 2, 10, 11, 14]
[2, 3, 6, 9, 27]
[1, 3, 8, 12, 17]
[3, 4, 5, 16]
[1, 3, 7, 9, 23]
[2, 4, 5, 19, 22]
[1, 4, 7, 8]
[2, 3, 5, 23]
[3, 4, 6, 7]
[1, 4, 6, 25]
[16, 17, 18, 19, 20, 21, 22, 23, 24, 25, 26, 27, 28]


6
process id 3
stats
5, 15, 7, 100, 1000
20220729-172627
loosing coalitions taken
[1, 3, 8, 9, 19]
[2, 3, 6, 14]
[1, 2, 10, 11, 13]
[1, 3, 7, 10, 18]
[1, 2, 8, 12, 21]
[1, 4, 7, 8, 22]
[1, 4, 6, 27]
[2, 4, 5, 15]
[2, 3, 5, 22]
[3, 4, 5, 16]
[1, 5, 6, 16, 20]
[2, 4, 6, 8, 25]
[3, 4, 6, 12, 17]
[1, 2, 7, 17, 19]
[16, 17, 18, 19, 20, 21, 22, 23, 24, 25, 26, 27, 28]


6
process id 8
stats
5, 15, 7, 100, 1000
20220729-172629
loosing coalitions taken
[1, 4, 7, 11, 17]
[1, 3, 8, 12, 19]
[3, 4, 5, 16]
[2, 4, 6, 9, 24]
[1, 5, 6, 12, 22]
[1, 2, 8, 15, 17]
[1, 3, 7, 13, 18]
[2, 3, 5, 21, 28]
[2, 4, 5, 11]
[1, 4, 6, 25]
[3, 4, 6, 7]
[2, 3, 6, 18, 20]
[1, 4, 8, 9, 13]
[1, 2, 7, 12, 23]
[16, 17, 18, 19, 20, 21, 22, 23, 24, 25, 26, 27, 28]


6
process id 2
stats
5, 15, 7, 100, 1000
20220729-172630
loosing coalitions taken
[2, 3, 6, 14]
[1, 2, 8, 9, 18]
[1, 4, 8, 11, 13]
[1, 4, 6, 28]
[1, 2, 10, 11, 12]
[1, 3, 7, 10, 21]
[1, 2, 7, 14, 17]
[3, 4, 5, 15, 23]
[2, 4, 5, 18, 21]
[2, 4, 6, 9, 24]
[1, 5, 6, 12, 24]
[2, 3, 5, 20]
[3, 4, 6, 10, 17]
[1, 3, 6, 27]
[16, 17, 18, 19, 20, 21, 22, 23, 24, 25, 26, 27, 28]


6
process id 11
stats
5, 15, 7, 100, 1000
20220729-172632
loosing coalitions taken
[1, 3, 8, 14, 16]
[1, 2, 7, 16, 21]
[1, 2, 9, 10, 13]
[2, 3, 6, 13]
[1, 5, 6, 9, 24]
[1, 2, 8, 15, 17]
[2, 4, 5, 22, 24]
[1, 4, 6, 28]
[3, 4, 6, 8]
[2, 3, 5, 25]
[1, 4, 7, 11, 14]
[3, 4, 5, 17, 27]
[2, 4, 6, 12, 20]
[1, 3, 7, 10, 20]
[16, 17, 18, 19, 20, 21, 22, 23, 24, 25, 26, 27, 28]


5
process id 7
stats
5, 15, 7, 100, 1000
20220729-172632
loosing coalitions taken
[2, 3, 6, 10]
[1, 3, 8, 9, 19]
[1, 2, 9, 11, 13]
[1, 5, 6, 16, 19]
[1, 4, 7, 11, 14]
[1, 4, 6, 24, 28]
[1, 4, 8, 12, 13]
[1, 2, 7, 8]
[2, 4, 6, 9, 23]
[3, 4, 5, 14, 23]
[2, 4, 5, 10]
[2, 3, 5, 24, 25]
[1, 3, 7, 16, 17]
[3, 4, 6, 11, 17]
[16, 17, 18, 19, 20, 21, 22, 23, 24, 25, 26, 27, 28]


6
process id 9
stats
5, 15, 7, 100, 1000
20220729-172634
loosing coalitions taken
[1, 2, 7, 16, 19]
[1, 2, 8, 11, 17]
[2, 4, 6, 12, 18]
[1, 4, 7, 8]
[1, 2, 9, 12, 13]
[2, 3, 5, 25]
[3, 4, 5, 14, 28]
[2, 3, 6, 15, 22]
[1, 5, 6, 16, 20]
[1, 4, 6, 24]
[3, 4, 6, 8, 26]
[1, 3, 7, 15, 17]
[2, 4, 5, 17]
[1, 3, 8, 13, 16]
[16, 17, 18, 19, 20, 21, 22, 23, 24, 25, 26, 27, 28]


6
process id 4
stats
5, 15, 7, 100, 1000
20220729-172634
loosing coalitions taken
[1, 4, 7, 8]
[1, 5, 6, 13, 23]
[2, 3, 6, 11]
[3, 4, 5, 13]
[2, 3, 5, 19, 27]
[2, 4, 5, 18, 24]
[3, 4, 6, 7]
[1, 2, 7, 14, 20]
[2, 4, 6, 14, 17]
[1, 2, 8, 11, 16]
[1, 4, 6, 27]
[1, 3, 7, 10, 16]
[1, 2, 9, 10, 12]
[1, 3, 8, 12, 18]
[16, 17, 18, 19, 20, 21, 22, 23, 24, 25, 26, 27, 28]


5
process id 14
stats
5, 15, 7, 100, 1000
20220729-172637
loosing coalitions taken
[1, 2, 7, 13, 23]
[1, 4, 7, 8, 26]
[2, 4, 5, 20]
[1, 2, 8, 12, 17]
[1, 3, 7, 12, 22]
[2, 3, 6, 9]
[3, 4, 6, 14, 17]
[3, 4, 5, 13]
[1, 4, 6, 23]
[1, 3, 6, 28]
[2, 3, 5, 21]
[1, 5, 6, 13, 21]
[1, 3, 8, 14, 16]
[2, 4, 6, 12, 22]
[16, 17, 18, 19, 20, 21, 22, 23, 24, 25, 26, 27, 28]


6
process id 13
stats
5, 15, 7, 100, 1000
20220729-172637
loosing coalitions taken
[1, 3, 8, 10, 19]
[1, 4, 6, 28]
[1, 3, 7, 12, 21]
[2, 4, 5, 20]
[1, 2, 9, 12, 14]
[1, 2, 8, 15, 17]
[3, 4, 5, 13]
[2, 4, 6, 12, 22]
[1, 5, 6, 15, 19]
[2, 3, 6, 13]
[3, 4, 6, 8]
[2, 3, 5, 19, 23]
[2, 3, 7, 8, 9]
[1, 4, 7, 9, 17]
[16, 17, 18, 19, 20, 21, 22, 23, 24, 25, 26, 27, 28]


5
process id 15
stats
5, 15, 7, 100, 1000
20220729-172638
loosing coalitions taken
[1, 2, 7, 10, 24]
[3, 4, 5, 16]
[1, 4, 8, 10, 13]
[1, 4, 7, 9, 19]
[2, 3, 6, 10]
[1, 5, 6, 9, 22]
[1, 3, 8, 12, 19]
[3, 4, 6, 8]
[2, 4, 6, 11, 20]
[1, 4, 6, 26]
[1, 3, 7, 14, 16]
[2, 4, 5, 14]
[1, 2, 9, 12, 14]
[2, 3, 5, 24]
[16, 17, 18, 19, 20, 21, 22, 23, 24, 25, 26, 27, 28]


5
process id 12
stats
5, 15, 7, 100, 1000
20220729-172639
loosing coalitions taken
[1, 2, 7, 9]
[3, 4, 6, 12, 19]
[2, 4, 5, 18]
[2, 3, 6, 14, 27]
[1, 5, 6, 16, 20]
[3, 4, 5, 21, 23]
[1, 3, 8, 9, 15]
[1, 4, 6, 25]
[2, 3, 5, 24]
[2, 3, 7, 8, 10]
[1, 2, 8, 12, 16]
[1, 4, 7, 12, 13]
[2, 4, 6, 8, 23]
[1, 3, 7, 16, 18]
[16, 17, 18, 19, 20, 21, 22, 23, 24, 25, 26, 27, 28]


