Results

6
process id 6
stats
5, 15, 7, 100, 1000
20220728-102802
loosing coalitions taken
[1, 4, 7, 11, 16]
[1, 2, 7, 14, 24]
[1, 3, 8, 10, 19]
[1, 2, 8, 12, 18]
[2, 4, 5, 10, 17]
[1, 4, 6, 25]
[2, 3, 6, 14]
[3, 4, 5, 15, 27]
[2, 3, 5, 25, 28]
[1, 3, 6, 26]
[1, 4, 5, 22]
[1, 3, 7, 12, 20]
[2, 4, 6, 12, 21]
[1, 5, 6, 13, 24]
[16, 17, 18, 19, 20, 21, 22, 23, 24, 25, 26, 27, 28]


5
process id 4
stats
5, 15, 7, 100, 1000
20220728-102803
loosing coalitions taken
[3, 4, 6, 11, 20]
[1, 5, 6, 9, 25]
[1, 4, 7, 9, 12]
[2, 4, 5, 20, 25]
[1, 3, 7, 15, 21]
[1, 3, 8, 10, 16]
[1, 2, 7, 13, 20]
[2, 3, 6, 8, 23]
[1, 3, 6, 18]
[1, 2, 8, 11, 17]
[3, 4, 5, 12, 24]
[1, 4, 5, 27]
[2, 3, 5, 19]
[2, 4, 6, 12, 15]
[16, 17, 18, 19, 20, 21, 22, 23, 24, 25, 26, 27, 28]


5
process id 3
stats
5, 15, 7, 100, 1000
20220728-102905
loosing coalitions taken
[1, 2, 8, 11, 20]
[1, 4, 8, 10, 14]
[1, 2, 7, 15, 22]
[2, 3, 7, 8, 10]
[1, 5, 6, 16, 20]
[2, 3, 6, 11]
[1, 3, 8, 9, 16]
[2, 4, 5, 15, 26]
[1, 3, 7, 13, 14]
[1, 2, 9, 12, 13]
[1, 3, 6, 18, 27]
[1, 4, 5, 21]
[1, 4, 6, 11]
[3, 4, 5, 10, 17]
[16, 17, 18, 19, 20, 21, 22, 23, 24, 25, 26, 27, 28]


5
process id 2
stats
5, 15, 7, 100, 1000
20220728-102922
loosing coalitions taken
[1, 5, 6, 9, 25]
[1, 4, 7, 10, 17]
[3, 4, 6, 8]
[2, 3, 5, 24, 28]
[1, 3, 9, 10, 11]
[2, 4, 5, 19]
[1, 3, 7, 13, 18]
[1, 2, 7, 11, 24]
[1, 4, 6, 28]
[2, 3, 6, 12]
[1, 4, 5, 26]
[1, 2, 8, 9, 18]
[1, 3, 6, 23]
[3, 4, 5, 13, 15]
[16, 17, 18, 19, 20, 21, 22, 23, 24, 25, 26, 27, 28]


5
process id 4
stats
5, 15, 7, 100, 1000
20220728-102928
loosing coalitions taken
[1, 4, 7, 10, 19]
[1, 3, 7, 16, 17]
[2, 3, 6, 12]
[1, 2, 7, 9]
[1, 3, 8, 13, 15]
[1, 4, 6, 24, 28]
[3, 4, 5, 8, 28]
[1, 5, 6, 11, 23]
[2, 3, 5, 11]
[2, 4, 5, 16, 27]
[1, 2, 6, 25]
[1, 2, 8, 12, 18]
[1, 3, 5, 27]
[3, 4, 6, 10, 21]
[16, 17, 18, 19, 20, 21, 22, 23, 24, 25, 26, 27, 28]


5
process id 1
stats
5, 15, 7, 100, 1000
20220728-102929
loosing coalitions taken
[2, 3, 6, 19, 21]
[1, 2, 7, 15, 21]
[1, 4, 7, 10, 19]
[1, 3, 8, 9, 19]
[1, 2, 8, 12, 17]
[2, 4, 5, 10, 27]
[2, 3, 5, 23, 28]
[3, 4, 6, 13, 14]
[3, 4, 5, 9, 21]
[1, 3, 7, 11, 12]
[1, 4, 5, 23]
[1, 3, 6, 26]
[2, 4, 6, 11, 16]
[1, 2, 10, 11, 14]
[16, 17, 18, 19, 20, 21, 22, 23, 24, 25, 26, 27, 28]


6
process id 0
stats
5, 15, 7, 100, 1000
20220728-102945
loosing coalitions taken
[1, 2, 9, 10, 13]
[2, 3, 6, 13]
[1, 4, 6, 22]
[1, 3, 8, 12, 18]
[1, 2, 7, 11, 18]
[3, 4, 5, 15]
[1, 3, 7, 14, 19]
[1, 2, 8, 14, 17]
[2, 3, 5, 24]
[1, 4, 5, 25]
[2, 4, 6, 16, 19]
[1, 5, 6, 15, 19]
[2, 4, 5, 12, 20]
[3, 4, 6, 14, 20]
[16, 17, 18, 19, 20, 21, 22, 23, 24, 25, 26, 27, 28]


5
process id 15
stats
5, 15, 7, 100, 1000
20220728-102950
loosing coalitions taken
[1, 3, 7, 13, 21]
[1, 3, 8, 12, 18]
[1, 4, 7, 9, 19]
[1, 5, 6, 14, 21]
[2, 4, 6, 10, 20]
[1, 4, 8, 11, 14]
[2, 3, 6, 14, 23]
[1, 2, 9, 10, 11]
[2, 3, 5, 24]
[2, 4, 5, 19]
[1, 4, 6, 24]
[2, 3, 4, 26]
[1, 3, 5, 28]
[1, 2, 7, 16, 20]
[16, 17, 18, 19, 20, 21, 22, 23, 24, 25, 26, 27, 28]


5
process id 8
stats
5, 15, 7, 100, 1000
20220728-103037
loosing coalitions taken
[2, 4, 5, 17, 26]
[3, 4, 5, 16]
[1, 3, 8, 11, 18]
[2, 3, 7, 8, 9]
[1, 4, 8, 9, 14]
[1, 2, 7, 11, 20]
[1, 4, 6, 23, 28]
[1, 5, 6, 13, 21]
[1, 3, 7, 10, 19]
[2, 3, 6, 12, 24]
[1, 3, 6, 26]
[1, 4, 7, 13, 15]
[1, 2, 9, 12, 13]
[2, 4, 6, 9, 25]
[16, 17, 18, 19, 20, 21, 22, 23, 24, 25, 26, 27, 28]


6
process id 4
stats
5, 15, 7, 100, 1000
20220728-103052
loosing coalitions taken
[2, 4, 5, 18, 26]
[1, 5, 6, 13, 24]
[1, 4, 7, 12, 13]
[1, 3, 7, 14, 15]
[1, 2, 8, 12, 15]
[3, 4, 5, 17, 23]
[2, 3, 6, 16, 21]
[2, 4, 6, 7, 24]
[2, 3, 5, 12]
[3, 4, 6, 10, 20]
[1, 2, 6, 26]
[1, 4, 8, 11, 14]
[1, 4, 5, 28]
[1, 3, 8, 9, 20]
[16, 17, 18, 19, 20, 21, 22, 23, 24, 25, 26, 27, 28]


5
process id 11
stats
5, 15, 7, 100, 1000
20220728-103202
loosing coalitions taken
[2, 3, 7, 8, 9]
[1, 5, 6, 12, 24]
[1, 3, 7, 13, 21]
[1, 2, 7, 15, 19]
[1, 2, 8, 13, 18]
[1, 2, 9, 11, 12]
[2, 4, 6, 13, 16]
[1, 4, 7, 10, 14]
[1, 3, 6, 26]
[2, 3, 4, 25]
[1, 4, 6, 18]
[2, 4, 5, 17, 26]
[1, 3, 8, 12, 16]
[2, 3, 5, 19]
[16, 17, 18, 19, 20, 21, 22, 23, 24, 25, 26, 27, 28]


6
process id 6
stats
5, 15, 7, 100, 1000
20220728-103223
loosing coalitions taken
[2, 3, 6, 9, 26]
[2, 4, 6, 12, 22]
[2, 3, 5, 25, 27]
[1, 3, 8, 12, 18]
[1, 2, 8, 9, 20]
[1, 5, 6, 15, 16]
[3, 4, 6, 15, 17]
[1, 4, 7, 11, 13]
[1, 2, 7, 14, 22]
[1, 2, 6, 28]
[3, 4, 5, 10, 26]
[2, 4, 5, 14, 24]
[1, 4, 5, 22]
[1, 3, 7, 10, 15]
[16, 17, 18, 19, 20, 21, 22, 23, 24, 25, 26, 27, 28]


5
process id 3
stats
5, 15, 7, 100, 1000
20220728-103307
loosing coalitions taken
[2, 4, 5, 20, 22]
[1, 4, 7, 9, 19]
[1, 3, 7, 16, 17]
[2, 4, 6, 10, 18]
[1, 4, 6, 23]
[1, 2, 9, 12, 13]
[3, 4, 5, 14]
[2, 3, 6, 17, 21]
[1, 5, 6, 14, 21]
[2, 3, 5, 9, 26]
[1, 2, 7, 15, 22]
[1, 4, 5, 28]
[1, 2, 6, 25]
[1, 3, 8, 10, 18]
[16, 17, 18, 19, 20, 21, 22, 23, 24, 25, 26, 27, 28]


6
process id 10
stats
5, 15, 7, 100, 1000
20220728-103321
loosing coalitions taken
[1, 2, 7, 9, 27]
[1, 3, 7, 13, 20]
[1, 2, 10, 11, 13]
[2, 4, 5, 19]
[1, 4, 8, 9, 10]
[2, 3, 6, 14]
[1, 3, 8, 12, 17]
[1, 4, 7, 12, 16]
[1, 3, 6, 19, 22]
[2, 4, 6, 15, 18]
[1, 4, 5, 22]
[3, 4, 6, 11, 13]
[2, 3, 4, 26]
[2, 3, 5, 23]
[16, 17, 18, 19, 20, 21, 22, 23, 24, 25, 26, 27, 28]


5
process id 15
stats
5, 15, 7, 100, 1000
20220728-103322
loosing coalitions taken
[1, 5, 6, 13, 23]
[2, 3, 6, 17, 21]
[2, 3, 5, 23]
[1, 2, 8, 14, 18]
[1, 3, 8, 11, 17]
[1, 3, 6, 24]
[2, 4, 6, 15, 16]
[1, 2, 7, 10, 15]
[1, 4, 6, 22]
[1, 4, 7, 8]
[2, 4, 5, 12, 17]
[3, 4, 5, 14, 20]
[1, 4, 5, 25]
[1, 3, 7, 9, 14]
[16, 17, 18, 19, 20, 21, 22, 23, 24, 25, 26, 27, 28]


5
process id 3
stats
5, 15, 7, 100, 1000
20220728-103339
loosing coalitions taken
[1, 2, 7, 13, 18]
[1, 3, 7, 10, 24]
[1, 3, 8, 12, 19]
[1, 5, 6, 14, 19]
[1, 2, 9, 10, 12]
[1, 2, 8, 11, 15]
[2, 4, 6, 11, 19]
[3, 4, 5, 13]
[2, 4, 5, 14]
[2, 3, 6, 10]
[1, 4, 7, 8]
[1, 4, 6, 10]
[2, 3, 4, 27]
[1, 4, 5, 25]
[16, 17, 18, 19, 20, 21, 22, 23, 24, 25, 26, 27, 28]


5
process id 14
stats
5, 15, 7, 100, 1000
20220728-103413
loosing coalitions taken
[1, 5, 6, 14, 21]
[1, 3, 8, 9, 15]
[3, 4, 5, 17, 28]
[2, 3, 5, 25]
[3, 4, 6, 8]
[1, 3, 7, 16, 18]
[1, 2, 7, 13, 17]
[1, 4, 7, 10, 11]
[2, 3, 6, 11]
[1, 3, 6, 22]
[2, 4, 5, 12]
[1, 4, 5, 26]
[1, 4, 6, 24]
[2, 3, 4, 27]
[16, 17, 18, 19, 20, 21, 22, 23, 24, 25, 26, 27, 28]


5
process id 2
stats
5, 15, 7, 100, 1000
20220728-103420
loosing coalitions taken
[2, 3, 5, 23, 28]
[1, 3, 7, 16, 18]
[2, 3, 6, 11, 25]
[1, 3, 8, 9, 14]
[3, 4, 5, 12, 27]
[2, 4, 5, 18, 24]
[1, 5, 6, 10, 19]
[2, 4, 6, 14, 16]
[1, 3, 6, 17]
[1, 4, 7, 10, 15]
[1, 2, 8, 13, 20]
[1, 4, 5, 22]
[2, 3, 4, 26]
[1, 2, 7, 9]
[16, 17, 18, 19, 20, 21, 22, 23, 24, 25, 26, 27, 28]


5
process id 11
stats
5, 15, 7, 100, 1000
20220728-103426
loosing coalitions taken
[1, 3, 7, 9, 23]
[2, 3, 6, 11, 25]
[2, 3, 5, 21]
[1, 4, 7, 13, 16]
[1, 5, 6, 14, 17]
[1, 2, 7, 12, 26]
[1, 2, 8, 13, 18]
[2, 4, 6, 15, 20]
[1, 4, 5, 26]
[2, 4, 5, 19]
[1, 3, 6, 16, 28]
[3, 4, 5, 11, 20]
[1, 3, 8, 10, 15]
[1, 4, 6, 23]
[16, 17, 18, 19, 20, 21, 22, 23, 24, 25, 26, 27, 28]


5
process id 0
stats
5, 15, 7, 100, 1000
20220728-103435
loosing coalitions taken
[1, 3, 7, 13, 21]
[2, 4, 6, 9, 23]
[2, 3, 6, 12]
[1, 2, 8, 13, 17]
[1, 4, 7, 10, 15]
[1, 4, 6, 24]
[3, 4, 5, 10]
[1, 2, 7, 11, 22]
[2, 4, 5, 11, 21]
[1, 4, 5, 27, 28]
[2, 3, 5, 22, 27]
[1, 2, 6, 16]
[2, 3, 4, 25]
[1, 5, 6, 12, 17]
[16, 17, 18, 19, 20, 21, 22, 23, 24, 25, 26, 27, 28]


6
process id 11
stats
5, 15, 7, 100, 1000
20220728-103501
loosing coalitions taken
[1, 4, 7, 10, 19]
[1, 3, 8, 12, 17]
[1, 2, 9, 12, 14]
[2, 4, 5, 19]
[1, 2, 7, 15, 21]
[2, 3, 6, 13]
[1, 2, 8, 11, 18]
[1, 4, 8, 9, 15]
[1, 3, 7, 9, 23]
[1, 5, 6, 11, 25]
[2, 3, 5, 18]
[1, 4, 6, 28]
[2, 4, 6, 8]
[3, 4, 5, 14]
[16, 17, 18, 19, 20, 21, 22, 23, 24, 25, 26, 27, 28]


5
process id 15
stats
5, 15, 7, 100, 1000
20220728-103508
loosing coalitions taken
[2, 4, 5, 19]
[1, 2, 8, 10, 17]
[1, 3, 8, 13, 14]
[2, 3, 7, 8, 9]
[1, 5, 6, 13, 24]
[1, 4, 7, 9, 11]
[1, 2, 7, 15, 21]
[1, 4, 6, 18]
[1, 2, 6, 28]
[3, 4, 5, 14, 18]
[2, 4, 6, 11, 16]
[2, 3, 5, 25]
[1, 4, 5, 26]
[1, 3, 7, 10, 12]
[16, 17, 18, 19, 20, 21, 22, 23, 24, 25, 26, 27, 28]


5
process id 9
stats
5, 15, 7, 100, 1000
20220728-103520
loosing coalitions taken
[1, 3, 8, 10, 18]
[2, 4, 5, 20]
[1, 4, 7, 12, 15]
[1, 3, 7, 11, 21]
[1, 2, 7, 13, 18]
[1, 4, 8, 11, 14]
[2, 3, 6, 9]
[1, 2, 8, 12, 17]
[2, 4, 6, 13, 21]
[3, 4, 5, 14]
[2, 3, 5, 22]
[1, 3, 5, 28]
[1, 2, 6, 28]
[1, 4, 5, 23, 27]
[16, 17, 18, 19, 20, 21, 22, 23, 24, 25, 26, 27, 28]


5
process id 7
stats
5, 15, 7, 100, 1000
20220728-103527
loosing coalitions taken
[2, 3, 6, 11]
[1, 2, 9, 10, 14]
[1, 2, 8, 12, 20]
[1, 3, 7, 9, 22]
[1, 3, 8, 14, 15]
[1, 4, 8, 9, 13]
[1, 2, 7, 13, 18]
[1, 4, 6, 23, 28]
[1, 3, 6, 17]
[2, 3, 5, 22]
[2, 3, 4, 26]
[1, 4, 5, 21]
[2, 4, 5, 16, 18]
[3, 4, 6, 8]
[16, 17, 18, 19, 20, 21, 22, 23, 24, 25, 26, 27, 28]


5
process id 8
stats
5, 15, 7, 100, 1000
20220728-103540
loosing coalitions taken
[2, 4, 6, 15, 18]
[1, 2, 9, 11, 12]
[1, 5, 6, 14, 21]
[1, 2, 7, 10, 25]
[1, 2, 8, 14, 17]
[1, 3, 8, 10, 18]
[2, 3, 6, 14]
[1, 3, 7, 9, 19]
[1, 4, 6, 23]
[2, 3, 4, 27]
[2, 4, 5, 19]
[1, 4, 5, 27]
[1, 3, 6, 22]
[2, 3, 5, 12]
[16, 17, 18, 19, 20, 21, 22, 23, 24, 25, 26, 27, 28]


6
process id 6
stats
5, 15, 7, 100, 1000
20220728-103541
loosing coalitions taken
[1, 5, 6, 14, 22]
[2, 4, 6, 9, 25]
[1, 2, 8, 11, 20]
[1, 4, 7, 10, 17]
[1, 2, 9, 10, 13]
[1, 2, 7, 12, 25]
[1, 3, 8, 12, 15]
[2, 3, 5, 24, 28]
[3, 4, 6, 12, 21]
[3, 4, 5, 11, 25]
[2, 3, 7, 8, 10]
[1, 4, 5, 20]
[1, 3, 7, 16, 19]
[1, 3, 6, 28]
[16, 17, 18, 19, 20, 21, 22, 23, 24, 25, 26, 27, 28]


5
process id 10
stats
5, 15, 7, 100, 1000
20220728-103551
loosing coalitions taken
[1, 3, 7, 15, 21]
[1, 4, 6, 24]
[2, 3, 6, 13]
[1, 2, 8, 9, 20]
[1, 3, 8, 10, 11]
[1, 3, 6, 18, 27]
[2, 3, 5, 20, 26]
[2, 4, 5, 16, 17]
[1, 2, 7, 10, 24]
[2, 3, 4, 25]
[3, 4, 5, 12, 28]
[1, 4, 7, 8]
[1, 2, 6, 17]
[1, 4, 5, 26]
[16, 17, 18, 19, 20, 21, 22, 23, 24, 25, 26, 27, 28]


5
process id 14
stats
5, 15, 7, 100, 1000
20220728-103609
loosing coalitions taken
[2, 4, 6, 13, 21]
[1, 5, 6, 15, 17]
[1, 3, 8, 10, 18]
[1, 2, 7, 14, 21]
[1, 3, 7, 9, 22]
[2, 4, 5, 20]
[2, 3, 6, 12]
[1, 4, 7, 8, 19]
[1, 4, 6, 24]
[1, 4, 5, 27]
[3, 4, 5, 13]
[2, 3, 5, 22]
[1, 3, 6, 21, 28]
[1, 2, 8, 13, 17]
[16, 17, 18, 19, 20, 21, 22, 23, 24, 25, 26, 27, 28]


5
process id 5
stats
5, 15, 7, 100, 1000
20220728-103622
loosing coalitions taken
[2, 4, 5, 17]
[1, 5, 6, 16, 20]
[1, 3, 7, 10, 22]
[1, 3, 8, 14, 16]
[1, 2, 7, 9, 28]
[1, 4, 7, 8, 19]
[2, 3, 5, 23, 27]
[1, 2, 8, 11, 18]
[3, 4, 5, 8, 24]
[2, 4, 6, 12, 22]
[1, 4, 6, 27]
[2, 3, 6, 19, 20]
[1, 4, 5, 26, 28]
[1, 2, 6, 24]
[16, 17, 18, 19, 20, 21, 22, 23, 24, 25, 26, 27, 28]


5
process id 8
stats
5, 15, 7, 100, 1000
20220728-103711
loosing coalitions taken
[1, 2, 9, 10, 11]
[1, 2, 7, 17, 18]
[1, 3, 7, 11, 20]
[2, 4, 6, 13, 20]
[1, 4, 7, 8, 27]
[1, 2, 8, 14, 19]
[1, 4, 5, 28]
[3, 4, 6, 7]
[1, 4, 6, 26]
[2, 3, 5, 24]
[1, 3, 8, 10, 13]
[3, 4, 5, 15, 19]
[2, 3, 6, 15, 16]
[1, 5, 6, 12, 22]
[16, 17, 18, 19, 20, 21, 22, 23, 24, 25, 26, 27, 28]


5
process id 6
stats
5, 15, 7, 100, 1000
20220728-103726
loosing coalitions taken
[2, 4, 6, 9, 22]
[1, 2, 10, 12, 13]
[1, 3, 8, 10, 17]
[3, 4, 5, 16]
[1, 2, 7, 11, 22]
[1, 4, 8, 11, 14]
[1, 5, 6, 9, 24]
[1, 3, 7, 14, 19]
[1, 4, 7, 9, 10]
[2, 3, 6, 13]
[2, 3, 5, 20, 28]
[1, 4, 5, 22, 27]
[2, 4, 5, 8]
[1, 3, 6, 18]
[16, 17, 18, 19, 20, 21, 22, 23, 24, 25, 26, 27, 28]


5
process id 8
stats
5, 15, 7, 100, 1000
20220728-103735
loosing coalitions taken
[2, 4, 6, 9, 24]
[3, 4, 6, 13, 18]
[1, 2, 7, 10, 28]
[1, 4, 7, 11, 17]
[1, 3, 7, 15, 21]
[2, 4, 5, 20, 26]
[2, 3, 5, 24]
[1, 2, 9, 12, 14]
[3, 4, 5, 14, 16]
[1, 2, 6, 20]
[1, 4, 8, 10, 15]
[2, 3, 4, 27]
[1, 4, 5, 28]
[1, 5, 6, 13, 19]
[16, 17, 18, 19, 20, 21, 22, 23, 24, 25, 26, 27, 28]


5
process id 2
stats
5, 15, 7, 100, 1000
20220728-103746
loosing coalitions taken
[1, 2, 7, 11, 27]
[1, 3, 7, 9, 19]
[1, 5, 6, 9, 26]
[1, 2, 8, 13, 17]
[1, 4, 8, 12, 14]
[3, 4, 5, 20, 23]
[2, 5, 6, 7, 10]
[2, 3, 5, 21, 26]
[2, 3, 6, 12]
[2, 4, 5, 16, 27]
[1, 2, 9, 10, 14]
[1, 4, 6, 18, 23]
[1, 4, 5, 28]
[1, 3, 8, 11, 15]
[16, 17, 18, 19, 20, 21, 22, 23, 24, 25, 26, 27, 28]


5
process id 12
stats
5, 15, 7, 100, 1000
20220728-103841
loosing coalitions taken
[1, 2, 7, 11, 26]
[1, 4, 8, 10, 12]
[1, 2, 9, 12, 14]
[1, 5, 6, 14, 20]
[3, 4, 6, 10, 17]
[2, 3, 7, 8, 9]
[3, 4, 5, 16, 21]
[2, 3, 6, 11]
[2, 4, 5, 12]
[1, 4, 7, 13, 15]
[1, 3, 8, 14, 15]
[1, 4, 6, 22, 28]
[1, 3, 5, 28]
[1, 2, 8, 13, 18]
[16, 17, 18, 19, 20, 21, 22, 23, 24, 25, 26, 27, 28]


5
process id 4
stats
5, 15, 7, 100, 1000
20220728-103846
loosing coalitions taken
[1, 2, 7, 9]
[1, 4, 8, 10, 14]
[2, 4, 6, 14, 21]
[1, 4, 6, 25]
[1, 3, 8, 11, 15]
[2, 3, 5, 17]
[2, 3, 6, 16, 23]
[2, 3, 4, 28]
[2, 4, 5, 15, 20]
[1, 3, 9, 10, 12]
[3, 4, 5, 9, 26]
[1, 5, 6, 12, 23]
[1, 4, 5, 27]
[1, 3, 6, 28]
[16, 17, 18, 19, 20, 21, 22, 23, 24, 25, 26, 27, 28]


6
process id 15
stats
5, 15, 7, 100, 1000
20220728-103856
loosing coalitions taken
[3, 4, 5, 19, 26]
[2, 4, 5, 18]
[2, 3, 6, 14]
[1, 3, 8, 10, 12]
[1, 3, 7, 11, 19]
[1, 4, 6, 24]
[1, 2, 9, 12, 13]
[1, 2, 7, 10, 16]
[2, 4, 6, 13, 20]
[1, 5, 6, 9, 21]
[1, 4, 8, 11, 13]
[1, 3, 6, 27]
[1, 4, 5, 23, 25]
[2, 3, 5, 25]
[16, 17, 18, 19, 20, 21, 22, 23, 24, 25, 26, 27, 28]


5
process id 0
stats
5, 15, 7, 100, 1000
20220728-103859
loosing coalitions taken
[1, 3, 7, 16, 19]
[1, 3, 9, 10, 12]
[1, 2, 7, 17, 18]
[1, 5, 6, 11, 21]
[1, 2, 10, 11, 13]
[1, 2, 8, 9, 20]
[1, 4, 7, 9, 14]
[2, 4, 5, 19]
[2, 4, 6, 14, 22]
[1, 3, 6, 28]
[3, 4, 5, 12, 21]
[1, 4, 5, 20]
[1, 4, 6, 23]
[2, 3, 6, 10, 27]
[16, 17, 18, 19, 20, 21, 22, 23, 24, 25, 26, 27, 28]


5
process id 5
stats
5, 15, 7, 100, 1000
20220728-103903
loosing coalitions taken
[1, 5, 6, 14, 18]
[1, 3, 8, 10, 15]
[2, 4, 5, 15]
[2, 3, 7, 8, 9]
[1, 2, 9, 10, 14]
[1, 3, 7, 12, 22]
[1, 2, 6, 19]
[3, 4, 6, 7]
[2, 4, 6, 12, 21]
[3, 4, 5, 18, 19]
[1, 3, 5, 28]
[1, 4, 8, 11, 14]
[2, 3, 5, 26, 27]
[2, 3, 6, 11]
[16, 17, 18, 19, 20, 21, 22, 23, 24, 25, 26, 27, 28]


5
process id 12
stats
5, 15, 7, 100, 1000
20220728-103921
loosing coalitions taken
[1, 5, 6, 11, 24]
[1, 3, 7, 15, 17]
[1, 3, 8, 11, 19]
[1, 2, 9, 10, 14]
[1, 2, 7, 11, 20]
[2, 3, 6, 15, 22]
[1, 2, 8, 12, 16]
[2, 3, 5, 21]
[1, 4, 5, 26]
[2, 4, 6, 12, 18]
[3, 4, 5, 10]
[2, 4, 5, 19, 24]
[1, 4, 6, 28]
[1, 3, 6, 21]
[16, 17, 18, 19, 20, 21, 22, 23, 24, 25, 26, 27, 28]


6
process id 15
stats
5, 15, 7, 100, 1000
20220728-103921
loosing coalitions taken
[1, 5, 6, 13, 23]
[2, 4, 5, 20, 27]
[1, 2, 7, 12, 24]
[1, 2, 8, 14, 16]
[1, 3, 7, 15, 18]
[1, 4, 8, 10, 15]
[1, 3, 8, 9, 19]
[2, 3, 7, 8, 10]
[2, 3, 6, 15, 22]
[2, 3, 5, 18, 23]
[3, 4, 5, 11]
[1, 3, 6, 26]
[2, 4, 6, 9, 16]
[1, 4, 7, 9, 13]
[16, 17, 18, 19, 20, 21, 22, 23, 24, 25, 26, 27, 28]


5
process id 8
stats
5, 15, 7, 100, 1000
20220728-103924
loosing coalitions taken
[2, 4, 6, 9, 24]
[1, 2, 8, 14, 20]
[3, 4, 6, 11, 21]
[1, 3, 8, 9, 18]
[1, 5, 6, 12, 23]
[1, 4, 6, 27]
[1, 2, 7, 13, 23]
[1, 3, 6, 28]
[2, 3, 4, 26, 28]
[2, 3, 5, 18, 19]
[2, 3, 6, 10]
[1, 3, 7, 10, 14]
[3, 4, 5, 15]
[1, 4, 7, 8]
[16, 17, 18, 19, 20, 21, 22, 23, 24, 25, 26, 27, 28]


5
process id 14
stats
5, 15, 7, 100, 1000
20220728-103947
loosing coalitions taken
[1, 4, 8, 10, 15]
[1, 3, 7, 14, 22]
[2, 3, 6, 15, 25]
[1, 2, 10, 11, 14]
[1, 4, 7, 9, 18]
[1, 3, 8, 12, 13]
[2, 3, 7, 8, 9]
[2, 3, 5, 11, 28]
[1, 5, 6, 9, 26]
[2, 4, 5, 12, 18]
[1, 4, 5, 25]
[3, 4, 6, 13, 16]
[1, 3, 6, 27]
[2, 4, 6, 10, 23]
[16, 17, 18, 19, 20, 21, 22, 23, 24, 25, 26, 27, 28]


5
process id 2
stats
5, 15, 7, 100, 1000
20220728-103956
loosing coalitions taken
[1, 3, 7, 14, 21]
[1, 2, 8, 10, 20]
[1, 5, 6, 13, 23]
[1, 2, 9, 12, 14]
[1, 2, 7, 11, 23]
[1, 3, 8, 12, 19]
[2, 4, 5, 19, 22]
[2, 3, 5, 20, 28]
[1, 3, 6, 17]
[2, 4, 6, 10, 14]
[3, 4, 5, 16, 24]
[1, 4, 7, 8, 22]
[1, 4, 5, 25]
[2, 3, 4, 26]
[16, 17, 18, 19, 20, 21, 22, 23, 24, 25, 26, 27, 28]


5
process id 14
stats
5, 15, 7, 100, 1000
20220728-104000
loosing coalitions taken
[1, 4, 8, 10, 12]
[1, 2, 8, 15, 16]
[1, 4, 7, 11, 14]
[1, 5, 6, 13, 20]
[1, 3, 7, 13, 21]
[2, 4, 6, 15, 19]
[3, 4, 6, 8, 22]
[1, 3, 8, 9, 19]
[1, 4, 6, 28]
[1, 2, 7, 17, 19]
[2, 3, 6, 10]
[3, 4, 5, 14, 16]
[1, 3, 5, 26]
[2, 4, 5, 9]
[16, 17, 18, 19, 20, 21, 22, 23, 24, 25, 26, 27, 28]


5
process id 11
stats
5, 15, 7, 100, 1000
20220728-104026
loosing coalitions taken
[1, 2, 7, 11, 22]
[2, 4, 6, 8]
[1, 5, 6, 10, 23]
[1, 4, 7, 13, 14]
[2, 3, 5, 20, 27]
[1, 3, 6, 24]
[1, 2, 9, 10, 13]
[1, 4, 6, 25]
[2, 4, 5, 13, 22]
[1, 2, 8, 14, 19]
[2, 3, 6, 12]
[1, 3, 5, 26]
[1, 3, 7, 8]
[3, 4, 5, 11]
[16, 17, 18, 19, 20, 21, 22, 23, 24, 25, 26, 27, 28]


5
process id 15
stats
5, 15, 7, 100, 1000
20220728-104105
loosing coalitions taken
[1, 5, 6, 13, 23]
[1, 3, 7, 14, 22]
[1, 4, 7, 10, 11]
[3, 4, 5, 9]
[1, 3, 8, 10, 18]
[1, 4, 6, 25, 26]
[2, 3, 6, 10, 28]
[1, 2, 7, 9, 19]
[1, 2, 8, 14, 20]
[1, 4, 5, 28]
[2, 4, 5, 15, 19]
[1, 2, 6, 22]
[2, 3, 5, 22]
[2, 4, 6, 12, 20]
[16, 17, 18, 19, 20, 21, 22, 23, 24, 25, 26, 27, 28]


5
process id 15
stats
5, 15, 7, 100, 1000
20220728-104125
loosing coalitions taken
[2, 4, 6, 11, 23]
[1, 3, 8, 12, 18]
[1, 2, 7, 11, 26]
[2, 4, 5, 16]
[1, 4, 8, 9, 13]
[1, 4, 7, 14, 15]
[1, 4, 6, 22, 24]
[1, 5, 6, 11, 18]
[1, 2, 8, 15, 17]
[3, 4, 6, 15, 17]
[1, 3, 7, 9, 23]
[2, 3, 6, 13]
[1, 2, 9, 12, 14]
[1, 3, 5, 28]
[16, 17, 18, 19, 20, 21, 22, 23, 24, 25, 26, 27, 28]


5
process id 5
stats
5, 15, 7, 100, 1000
20220728-104125
loosing coalitions taken
[1, 2, 8, 14, 20]
[2, 3, 5, 25, 26]
[1, 3, 8, 12, 19]
[1, 3, 7, 15, 21]
[1, 2, 7, 17, 18]
[1, 4, 6, 11, 25]
[1, 5, 6, 13, 21]
[1, 4, 7, 12, 14]
[1, 2, 9, 10, 13]
[2, 3, 6, 9]
[3, 4, 5, 15, 22]
[1, 3, 5, 28]
[2, 4, 5, 13, 16]
[1, 4, 8, 10, 15]
[16, 17, 18, 19, 20, 21, 22, 23, 24, 25, 26, 27, 28]


6
process id 9
stats
5, 15, 7, 100, 1000
20220728-104235
loosing coalitions taken
[1, 4, 7, 13, 15]
[3, 4, 6, 13, 17]
[1, 2, 7, 16, 18]
[2, 3, 7, 8, 9]
[2, 4, 5, 17, 26]
[3, 4, 5, 10]
[2, 3, 6, 11]
[1, 3, 7, 12, 17]
[1, 4, 6, 25, 28]
[1, 2, 8, 13, 19]
[1, 5, 6, 14, 19]
[1, 2, 10, 12, 14]
[1, 4, 8, 11, 12]
[1, 3, 8, 14, 16]
[16, 17, 18, 19, 20, 21, 22, 23, 24, 25, 26, 27, 28]


6
process id 11
stats
5, 15, 7, 100, 1000
20220728-104237
loosing coalitions taken
[1, 5, 6, 9, 23]
[3, 4, 6, 14, 16]
[3, 4, 5, 20, 21]
[2, 4, 6, 11, 23]
[2, 4, 5, 18]
[1, 2, 10, 12, 14]
[1, 3, 8, 9, 13]
[2, 3, 6, 13]
[1, 3, 7, 11, 18]
[1, 4, 7, 8, 14]
[1, 2, 7, 15, 16]
[1, 4, 6, 24]
[1, 2, 8, 11, 20]
[1, 3, 5, 28]
[16, 17, 18, 19, 20, 21, 22, 23, 24, 25, 26, 27, 28]


5
process id 8
stats
5, 15, 7, 100, 1000
20220728-104312
loosing coalitions taken
[1, 3, 7, 11, 23]
[1, 3, 8, 10, 18]
[1, 4, 7, 8]
[1, 5, 6, 11, 17]
[1, 2, 9, 12, 14]
[1, 3, 6, 26]
[3, 4, 5, 12, 21]
[1, 4, 6, 21, 27]
[2, 4, 5, 10]
[2, 3, 4, 25]
[1, 2, 7, 10, 20]
[1, 4, 5, 24]
[2, 3, 5, 18, 28]
[2, 3, 6, 13]
[16, 17, 18, 19, 20, 21, 22, 23, 24, 25, 26, 27, 28]


5
process id 5
stats
5, 15, 7, 100, 1000
20220728-104318
loosing coalitions taken
[2, 4, 6, 11, 24]
[1, 4, 6, 23, 27]
[1, 3, 7, 9, 20]
[1, 2, 9, 10, 11]
[2, 4, 5, 19, 27]
[1, 5, 6, 16, 19]
[1, 2, 8, 15, 16]
[1, 2, 7, 13, 24]
[3, 4, 5, 16, 25]
[1, 4, 7, 8, 17]
[1, 3, 8, 11, 19]
[1, 3, 6, 28]
[2, 3, 5, 13, 23]
[2, 3, 4, 26]
[16, 17, 18, 19, 20, 21, 22, 23, 24, 25, 26, 27, 28]


5
process id 4
stats
5, 15, 7, 100, 1000
20220728-104420
loosing coalitions taken
[1, 2, 7, 14, 19]
[1, 3, 8, 10, 18]
[1, 5, 6, 12, 20]
[1, 2, 9, 10, 12]
[1, 3, 7, 9, 11]
[1, 3, 6, 22]
[1, 2, 8, 13, 20]
[2, 4, 6, 13, 21]
[1, 4, 7, 8, 16]
[2, 3, 5, 21]
[3, 4, 5, 17, 28]
[2, 3, 6, 19, 20]
[1, 4, 6, 28]
[2, 3, 4, 27]
[16, 17, 18, 19, 20, 21, 22, 23, 24, 25, 26, 27, 28]


5
process id 5
stats
5, 15, 7, 100, 1000
20220728-104434
loosing coalitions taken
[1, 5, 6, 11, 24]
[1, 3, 8, 12, 13]
[1, 3, 7, 15, 19]
[1, 2, 10, 12, 14]
[3, 4, 6, 11, 14]
[1, 2, 8, 15, 17]
[1, 2, 7, 13, 18]
[1, 4, 7, 8, 23]
[1, 3, 6, 22]
[2, 4, 5, 20, 21]
[3, 4, 5, 16, 27]
[2, 4, 6, 15, 16]
[1, 4, 5, 25]
[2, 3, 5, 12, 26]
[16, 17, 18, 19, 20, 21, 22, 23, 24, 25, 26, 27, 28]


6
process id 13
stats
5, 15, 7, 100, 1000
20220728-104441
loosing coalitions taken
[2, 4, 5, 19, 25]
[2, 3, 6, 14]
[1, 2, 8, 11, 17]
[1, 3, 8, 10, 19]
[1, 4, 7, 12, 13]
[1, 4, 8, 9, 14]
[1, 2, 9, 10, 13]
[1, 2, 6, 18]
[2, 3, 5, 23]
[1, 5, 6, 9, 23]
[3, 4, 6, 11, 17]
[2, 4, 6, 7, 24]
[1, 4, 5, 28]
[2, 3, 4, 27]
[16, 17, 18, 19, 20, 21, 22, 23, 24, 25, 26, 27, 28]


6
process id 4
stats
5, 15, 7, 100, 1000
20220728-104459
loosing coalitions taken
[1, 5, 6, 12, 24]
[3, 4, 5, 19, 26]
[1, 2, 7, 14, 18]
[2, 4, 5, 20, 27]
[1, 3, 7, 12, 22]
[1, 2, 8, 11, 17]
[1, 4, 7, 13, 15]
[1, 3, 8, 10, 19]
[1, 2, 9, 10, 12]
[2, 3, 6, 17, 18]
[1, 3, 6, 15]
[2, 3, 5, 16, 22]
[2, 4, 6, 11, 23]
[1, 4, 5, 25]
[16, 17, 18, 19, 20, 21, 22, 23, 24, 25, 26, 27, 28]


6
process id 12
stats
5, 15, 7, 100, 1000
20220728-104548
loosing coalitions taken
[1, 3, 9, 10, 11]
[3, 4, 6, 12, 17]
[1, 4, 7, 8]
[1, 5, 6, 16, 19]
[1, 3, 6, 28]
[2, 4, 5, 19, 20]
[1, 2, 8, 12, 13]
[1, 2, 7, 9, 27]
[1, 4, 5, 23]
[2, 3, 5, 24]
[2, 4, 6, 10, 23]
[1, 3, 7, 13, 19]
[2, 3, 6, 13, 26]
[3, 4, 5, 15, 25]
[16, 17, 18, 19, 20, 21, 22, 23, 24, 25, 26, 27, 28]


5
process id 4
stats
5, 15, 7, 100, 1000
20220728-104600
loosing coalitions taken
[1, 3, 8, 15, 16]
[1, 2, 7, 15, 22]
[1, 2, 8, 12, 18]
[1, 4, 7, 10, 19]
[3, 4, 6, 12, 21]
[2, 3, 7, 8, 9]
[2, 3, 6, 14, 23]
[2, 4, 6, 11, 17]
[2, 3, 5, 11, 26]
[1, 2, 6, 19]
[3, 4, 5, 14, 22]
[2, 4, 5, 15]
[1, 3, 5, 27]
[1, 4, 8, 9, 13]
[16, 17, 18, 19, 20, 21, 22, 23, 24, 25, 26, 27, 28]


5
process id 1
stats
5, 15, 7, 100, 1000
20220728-104601
loosing coalitions taken
[1, 5, 6, 9, 24]
[1, 2, 9, 11, 12]
[1, 2, 7, 16, 19]
[1, 3, 8, 12, 17]
[1, 3, 7, 13, 15]
[2, 3, 6, 16, 18]
[3, 4, 5, 10, 27]
[2, 4, 5, 21, 28]
[2, 3, 5, 20]
[1, 3, 6, 21]
[1, 4, 7, 8, 11]
[1, 4, 5, 26]
[2, 4, 6, 7]
[1, 2, 8, 10, 15]
[16, 17, 18, 19, 20, 21, 22, 23, 24, 25, 26, 27, 28]


5
process id 8
stats
5, 15, 7, 100, 1000
20220728-104606
loosing coalitions taken
[1, 4, 8, 12, 13]
[1, 2, 8, 14, 17]
[2, 3, 6, 11]
[1, 3, 8, 15, 16]
[1, 3, 7, 13, 17]
[1, 2, 7, 10, 24]
[1, 5, 6, 15, 20]
[3, 4, 5, 15]
[1, 4, 7, 11, 16]
[2, 4, 6, 12, 23]
[1, 3, 6, 27]
[2, 4, 5, 20]
[1, 2, 6, 26]
[2, 3, 5, 24]
[16, 17, 18, 19, 20, 21, 22, 23, 24, 25, 26, 27, 28]


6
process id 4
stats
5, 15, 7, 100, 1000
20220728-104623
loosing coalitions taken
[1, 4, 8, 12, 14]
[1, 5, 6, 9, 22]
[2, 3, 6, 11, 28]
[2, 4, 6, 13, 21]
[3, 4, 5, 13, 27]
[1, 2, 10, 12, 13]
[1, 2, 7, 11, 23]
[2, 3, 5, 25]
[1, 3, 8, 15, 16]
[1, 2, 6, 20]
[1, 4, 5, 23, 26]
[1, 3, 7, 12, 21]
[1, 3, 9, 10, 11]
[3, 4, 6, 8]
[16, 17, 18, 19, 20, 21, 22, 23, 24, 25, 26, 27, 28]


6
process id 7
stats
5, 15, 7, 100, 1000
20220728-104657
loosing coalitions taken
[2, 3, 6, 16, 24]
[1, 2, 8, 9, 21]
[1, 5, 6, 10, 23]
[1, 2, 10, 12, 14]
[1, 3, 8, 15, 16]
[2, 4, 5, 19, 20]
[2, 3, 5, 25]
[1, 2, 7, 17, 19]
[3, 4, 6, 13, 17]
[1, 4, 8, 13, 14]
[1, 3, 7, 12, 18]
[1, 3, 6, 19]
[1, 4, 5, 24]
[2, 4, 6, 11, 18]
[16, 17, 18, 19, 20, 21, 22, 23, 24, 25, 26, 27, 28]


6
process id 6
stats
5, 15, 7, 100, 1000
20220728-104659
loosing coalitions taken
[1, 2, 8, 10, 17]
[3, 4, 6, 11, 19]
[1, 2, 7, 13, 18]
[3, 4, 5, 21, 23]
[2, 4, 5, 17]
[1, 3, 8, 9, 16]
[1, 4, 7, 10, 12]
[1, 5, 6, 10, 20]
[2, 3, 6, 12, 26]
[1, 4, 8, 13, 14]
[1, 2, 9, 11, 14]
[1, 4, 6, 27]
[1, 3, 7, 14, 15]
[1, 3, 5, 28]
[16, 17, 18, 19, 20, 21, 22, 23, 24, 25, 26, 27, 28]


5
process id 9
stats
5, 15, 7, 100, 1000
20220728-104757
loosing coalitions taken
[1, 2, 8, 15, 17]
[1, 3, 7, 9, 23]
[1, 5, 6, 14, 20]
[1, 4, 6, 23]
[1, 3, 8, 14, 16]
[2, 3, 7, 8, 10]
[2, 3, 5, 22, 26]
[1, 2, 7, 13, 25]
[1, 2, 10, 12, 14]
[2, 3, 6, 12]
[3, 4, 5, 13]
[2, 4, 5, 15]
[1, 3, 6, 26]
[1, 4, 5, 24]
[16, 17, 18, 19, 20, 21, 22, 23, 24, 25, 26, 27, 28]


6
process id 8
stats
5, 15, 7, 100, 1000
20220728-104813
loosing coalitions taken
[1, 2, 10, 12, 13]
[2, 4, 6, 15, 21]
[2, 3, 5, 24, 26]
[1, 2, 8, 14, 18]
[2, 3, 6, 13]
[1, 2, 7, 11, 20]
[1, 3, 8, 11, 17]
[3, 4, 5, 16, 27]
[2, 4, 5, 17]
[1, 5, 6, 10, 22]
[1, 4, 6, 20, 26]
[1, 3, 7, 15, 18]
[1, 4, 7, 9, 19]
[1, 3, 5, 28]
[16, 17, 18, 19, 20, 21, 22, 23, 24, 25, 26, 27, 28]


5
process id 4
stats
5, 15, 7, 100, 1000
20220728-104833
loosing coalitions taken
[1, 4, 8, 9, 13]
[1, 2, 7, 13, 22]
[1, 2, 8, 12, 21]
[1, 2, 9, 11, 14]
[1, 3, 7, 15, 18]
[3, 4, 5, 13, 28]
[2, 4, 5, 9]
[1, 4, 6, 17]
[1, 3, 8, 11, 19]
[3, 4, 6, 11, 21]
[1, 5, 6, 9, 25]
[2, 3, 5, 10]
[1, 4, 7, 10, 14]
[2, 3, 4, 25]
[16, 17, 18, 19, 20, 21, 22, 23, 24, 25, 26, 27, 28]


5
process id 15
stats
5, 15, 7, 100, 1000
20220728-104901
loosing coalitions taken
[1, 2, 7, 15, 20]
[2, 3, 6, 11]
[1, 3, 8, 12, 17]
[1, 3, 7, 10, 22]
[1, 2, 9, 12, 13]
[1, 4, 6, 28]
[2, 3, 4, 25]
[2, 3, 5, 19]
[2, 4, 5, 13]
[1, 4, 7, 8]
[3, 4, 5, 8, 27]
[1, 3, 6, 21]
[1, 4, 5, 22]
[1, 5, 6, 9, 15]
[16, 17, 18, 19, 20, 21, 22, 23, 24, 25, 26, 27, 28]


6
process id 14
stats
5, 15, 7, 100, 1000
20220728-104909
loosing coalitions taken
[1, 5, 6, 9, 24]
[2, 4, 6, 11, 19]
[1, 2, 7, 10, 28]
[1, 3, 8, 10, 17]
[1, 4, 7, 9, 17]
[2, 3, 6, 14, 18]
[3, 4, 5, 21, 22]
[1, 2, 9, 11, 12]
[2, 3, 5, 24]
[1, 2, 6, 20]
[1, 4, 5, 23, 27]
[1, 3, 7, 15, 21]
[1, 4, 8, 13, 14]
[3, 4, 6, 8]
[16, 17, 18, 19, 20, 21, 22, 23, 24, 25, 26, 27, 28]


5
process id 0
stats
5, 15, 7, 100, 1000
20220728-104931
loosing coalitions taken
[1, 2, 7, 10, 26]
[1, 2, 9, 12, 14]
[2, 3, 6, 19, 20]
[2, 4, 6, 14, 17]
[1, 5, 6, 13, 22]
[1, 3, 8, 11, 18]
[1, 4, 7, 8, 14]
[2, 4, 5, 10]
[1, 3, 7, 9, 20]
[1, 4, 6, 23, 25]
[1, 3, 6, 15, 27]
[3, 4, 5, 17, 21]
[1, 2, 8, 13, 15]
[2, 3, 5, 9]
[16, 17, 18, 19, 20, 21, 22, 23, 24, 25, 26, 27, 28]


5
process id 9
stats
5, 15, 7, 100, 1000
20220728-104941
loosing coalitions taken
[1, 2, 7, 10, 19]
[1, 3, 8, 12, 15]
[1, 2, 8, 13, 16]
[1, 5, 6, 11, 24]
[1, 4, 6, 19, 25]
[1, 3, 7, 13, 14]
[1, 2, 6, 28]
[1, 4, 7, 8]
[2, 3, 5, 16, 24]
[3, 4, 5, 18, 22]
[2, 4, 5, 10, 26]
[1, 3, 5, 26]
[3, 4, 6, 14, 17]
[2, 3, 4, 27]
[16, 17, 18, 19, 20, 21, 22, 23, 24, 25, 26, 27, 28]


5
process id 13
stats
5, 15, 7, 100, 1000
20220728-105004
loosing coalitions taken
[1, 2, 7, 12, 19]
[1, 3, 8, 11, 15]
[1, 3, 7, 13, 16]
[1, 4, 7, 8, 26]
[1, 3, 9, 10, 12]
[3, 4, 6, 14, 17]
[1, 5, 6, 12, 24]
[2, 3, 5, 24]
[1, 4, 5, 27]
[3, 4, 5, 18, 22]
[2, 4, 5, 15, 28]
[1, 2, 8, 14, 20]
[1, 4, 6, 19]
[2, 3, 6, 11, 28]
[16, 17, 18, 19, 20, 21, 22, 23, 24, 25, 26, 27, 28]


6
process id 5
stats
5, 15, 7, 100, 1000
20220728-105047
loosing coalitions taken
[2, 3, 6, 11]
[1, 4, 7, 11, 17]
[1, 2, 10, 12, 13]
[1, 2, 8, 9, 17]
[2, 4, 5, 17]
[1, 5, 6, 9, 25]
[2, 3, 5, 18]
[1, 4, 6, 23, 28]
[1, 3, 8, 12, 15]
[1, 3, 6, 16, 27]
[1, 4, 5, 24]
[2, 4, 6, 10, 21]
[3, 4, 5, 16, 28]
[2, 3, 4, 25]
[16, 17, 18, 19, 20, 21, 22, 23, 24, 25, 26, 27, 28]


5
process id 1
stats
5, 15, 7, 100, 1000
20220728-105108
loosing coalitions taken
[3, 4, 6, 14, 20]
[1, 2, 8, 10, 20]
[1, 2, 9, 12, 14]
[1, 2, 7, 11, 18]
[1, 3, 8, 11, 17]
[1, 3, 7, 10, 24]
[3, 4, 5, 17, 27]
[2, 3, 5, 18]
[1, 4, 5, 24]
[1, 3, 6, 21, 23]
[2, 4, 6, 7]
[1, 4, 7, 9, 16]
[2, 3, 6, 12]
[2, 4, 5, 20, 28]
[16, 17, 18, 19, 20, 21, 22, 23, 24, 25, 26, 27, 28]


5
process id 5
stats
5, 15, 7, 100, 1000
20220728-105109
loosing coalitions taken
[1, 4, 7, 8, 28]
[1, 2, 10, 11, 14]
[1, 2, 7, 12, 26]
[1, 3, 7, 15, 20]
[1, 2, 8, 13, 17]
[2, 3, 6, 19, 21]
[2, 3, 5, 20]
[2, 4, 5, 17, 23]
[1, 4, 6, 24]
[1, 4, 5, 25]
[1, 3, 8, 12, 14]
[3, 4, 5, 11, 12]
[3, 4, 6, 14, 17]
[1, 5, 6, 11, 20]
[16, 17, 18, 19, 20, 21, 22, 23, 24, 25, 26, 27, 28]


5
process id 12
stats
5, 15, 7, 100, 1000
20220728-105129
loosing coalitions taken
[1, 2, 9, 11, 14]
[2, 4, 5, 20, 23]
[1, 2, 7, 12, 22]
[1, 2, 8, 10, 17]
[1, 4, 8, 11, 12]
[1, 3, 8, 15, 16]
[2, 3, 6, 15, 26]
[2, 4, 6, 11, 19]
[1, 4, 7, 9, 18]
[1, 3, 7, 13, 21]
[3, 4, 5, 16, 17]
[1, 4, 6, 23]
[1, 3, 5, 28]
[2, 3, 4, 25]
[16, 17, 18, 19, 20, 21, 22, 23, 24, 25, 26, 27, 28]


6
process id 15
stats
5, 15, 7, 100, 1000
20220728-105134
loosing coalitions taken
[3, 4, 6, 12, 21]
[1, 4, 7, 8, 27]
[2, 4, 6, 11, 17]
[1, 3, 8, 13, 14]
[1, 2, 8, 10, 20]
[1, 2, 7, 15, 19]
[1, 2, 9, 11, 13]
[1, 3, 7, 10, 22]
[2, 3, 6, 10]
[1, 4, 5, 23, 26]
[2, 4, 5, 18]
[1, 5, 6, 15, 16]
[1, 4, 6, 22]
[1, 3, 5, 28]
[16, 17, 18, 19, 20, 21, 22, 23, 24, 25, 26, 27, 28]


5
process id 3
stats
5, 15, 7, 100, 1000
20220728-105150
loosing coalitions taken
[1, 5, 6, 10, 26]
[1, 4, 6, 28]
[1, 3, 7, 10, 20]
[1, 2, 7, 9]
[2, 4, 5, 19, 26]
[2, 3, 5, 25]
[1, 3, 8, 13, 16]
[2, 3, 6, 13]
[1, 2, 8, 12, 14]
[1, 3, 6, 23]
[3, 4, 6, 7]
[3, 4, 5, 10]
[1, 4, 7, 13, 14]
[2, 3, 4, 27]
[16, 17, 18, 19, 20, 21, 22, 23, 24, 25, 26, 27, 28]


6
process id 8
stats
5, 15, 7, 100, 1000
20220728-105203
loosing coalitions taken
[1, 5, 6, 15, 21]
[1, 4, 8, 11, 13]
[1, 2, 7, 13, 22]
[1, 4, 6, 27]
[3, 4, 5, 16, 26]
[1, 2, 10, 12, 14]
[2, 3, 5, 12, 27]
[1, 3, 7, 12, 19]
[1, 3, 8, 10, 17]
[2, 5, 6, 7, 16]
[1, 2, 8, 9, 21]
[2, 4, 5, 8]
[1, 3, 5, 28]
[2, 3, 6, 9]
[16, 17, 18, 19, 20, 21, 22, 23, 24, 25, 26, 27, 28]


5
process id 14
stats
5, 15, 7, 100, 1000
20220728-105215
loosing coalitions taken
[1, 3, 8, 11, 16]
[1, 2, 7, 13, 17]
[2, 4, 6, 11, 15]
[2, 4, 5, 9, 27]
[1, 5, 6, 14, 20]
[3, 4, 6, 13, 19]
[1, 2, 8, 9, 22]
[3, 4, 5, 16, 24]
[2, 3, 5, 22, 23]
[1, 4, 8, 12, 13]
[1, 3, 7, 10, 15]
[2, 3, 4, 28]
[1, 2, 6, 25, 27]
[1, 4, 5, 22]
[16, 17, 18, 19, 20, 21, 22, 23, 24, 25, 26, 27, 28]


5
process id 8
stats
5, 15, 7, 100, 1000
20220728-105223
loosing coalitions taken
[1, 2, 7, 15, 22]
[1, 3, 8, 14, 16]
[1, 3, 7, 9, 18]
[1, 2, 8, 9, 21]
[2, 4, 5, 12, 20]
[3, 4, 5, 10, 22]
[1, 4, 5, 24, 26]
[2, 3, 5, 23, 28]
[2, 4, 6, 14, 19]
[1, 2, 10, 11, 12]
[1, 4, 8, 10, 13]
[1, 3, 6, 22]
[2, 3, 4, 27]
[1, 4, 7, 12, 16]
[16, 17, 18, 19, 20, 21, 22, 23, 24, 25, 26, 27, 28]


5
process id 15
stats
5, 15, 7, 100, 1000
20220728-105228
loosing coalitions taken
[3, 4, 5, 18, 27]
[1, 5, 6, 15, 17]
[1, 3, 7, 15, 20]
[1, 4, 7, 8, 21]
[1, 2, 8, 13, 20]
[1, 2, 7, 9]
[1, 3, 8, 11, 18]
[2, 4, 5, 15]
[1, 2, 6, 18]
[1, 4, 5, 28]
[1, 3, 6, 22]
[3, 4, 6, 14, 16]
[2, 3, 4, 25]
[2, 3, 5, 12]
[16, 17, 18, 19, 20, 21, 22, 23, 24, 25, 26, 27, 28]


5
process id 9
stats
5, 15, 7, 100, 1000
20220728-105234
loosing coalitions taken
[1, 3, 8, 12, 18]
[2, 3, 6, 18, 19]
[1, 3, 7, 10, 20]
[1, 4, 8, 10, 11]
[1, 5, 6, 13, 22]
[2, 3, 5, 23]
[1, 2, 7, 17, 18]
[1, 2, 8, 9, 15]
[1, 4, 7, 12, 14]
[2, 4, 6, 10, 21]
[1, 3, 5, 26]
[1, 4, 6, 25]
[1, 2, 6, 24]
[2, 4, 5, 12]
[16, 17, 18, 19, 20, 21, 22, 23, 24, 25, 26, 27, 28]


5
process id 4
stats
5, 15, 7, 100, 1000
20220728-105317
loosing coalitions taken
[1, 2, 8, 15, 16]
[1, 4, 7, 9, 17]
[2, 4, 6, 12, 21]
[2, 4, 5, 16, 24]
[1, 3, 7, 16, 18]
[1, 3, 8, 11, 12]
[2, 3, 5, 14]
[3, 4, 6, 8]
[1, 4, 5, 28]
[1, 2, 7, 10, 21]
[1, 4, 6, 25]
[1, 5, 6, 15, 20]
[2, 3, 6, 11]
[2, 3, 4, 27]
[16, 17, 18, 19, 20, 21, 22, 23, 24, 25, 26, 27, 28]


5
process id 11
stats
5, 15, 7, 100, 1000
20220728-105357
loosing coalitions taken
[3, 4, 5, 18, 24]
[1, 4, 8, 10, 13]
[1, 3, 8, 12, 18]
[1, 4, 7, 14, 15]
[2, 4, 5, 11, 28]
[1, 2, 9, 10, 11]
[2, 4, 6, 9, 22]
[2, 3, 5, 12, 27]
[1, 2, 7, 13, 17]
[1, 2, 8, 14, 16]
[2, 3, 6, 8]
[1, 3, 7, 9, 21]
[1, 5, 6, 10, 26]
[1, 4, 6, 25]
[16, 17, 18, 19, 20, 21, 22, 23, 24, 25, 26, 27, 28]


6
process id 14
stats
5, 15, 7, 100, 1000
20220728-105408
loosing coalitions taken
[1, 2, 8, 13, 15]
[2, 3, 6, 13]
[1, 4, 8, 10, 11]
[3, 4, 5, 16, 27]
[1, 2, 7, 16, 19]
[1, 3, 7, 11, 23]
[1, 2, 10, 12, 14]
[1, 3, 8, 12, 16]
[2, 4, 5, 12]
[1, 4, 6, 13, 27]
[2, 4, 6, 15, 18]
[1, 4, 5, 28]
[2, 3, 5, 23]
[3, 4, 6, 10, 21]
[16, 17, 18, 19, 20, 21, 22, 23, 24, 25, 26, 27, 28]


5
process id 3
stats
5, 15, 7, 100, 1000
20220728-105421
loosing coalitions taken
[1, 4, 7, 9, 16]
[1, 3, 8, 13, 16]
[3, 4, 6, 11, 21]
[1, 5, 6, 13, 19]
[2, 4, 6, 10, 24]
[1, 3, 7, 14, 18]
[1, 2, 9, 11, 14]
[1, 3, 6, 24]
[1, 2, 7, 12, 25]
[2, 4, 5, 14, 20]
[3, 4, 5, 18, 27]
[2, 3, 5, 16, 28]
[1, 4, 5, 23]
[2, 3, 4, 26]
[16, 17, 18, 19, 20, 21, 22, 23, 24, 25, 26, 27, 28]


5
process id 8
stats
5, 15, 7, 100, 1000
20220728-105436
loosing coalitions taken
[1, 2, 10, 11, 12]
[1, 3, 8, 14, 15]
[3, 4, 5, 10]
[2, 3, 6, 12]
[1, 4, 6, 19, 25]
[1, 3, 5, 28]
[2, 3, 5, 22, 27]
[3, 4, 6, 7]
[1, 4, 5, 26]
[2, 4, 5, 18]
[1, 5, 6, 14, 21]
[1, 3, 7, 9, 17]
[2, 3, 4, 28]
[1, 2, 7, 8, 21]
[16, 17, 18, 19, 20, 21, 22, 23, 24, 25, 26, 27, 28]


6
process id 13
stats
5, 15, 7, 100, 1000
20220728-105447
loosing coalitions taken
[2, 4, 5, 21, 27]
[1, 5, 6, 16, 18]
[1, 4, 8, 11, 13]
[1, 2, 8, 10, 19]
[1, 2, 9, 11, 14]
[2, 4, 6, 8, 24]
[1, 2, 7, 13, 17]
[3, 4, 5, 17, 18]
[1, 4, 5, 25]
[2, 3, 6, 9, 26]
[1, 3, 7, 15, 19]
[3, 4, 6, 14, 16]
[2, 3, 5, 20]
[1, 3, 6, 17]
[16, 17, 18, 19, 20, 21, 22, 23, 24, 25, 26, 27, 28]


5
process id 1
stats
5, 15, 7, 100, 1000
20220728-105457
loosing coalitions taken
[2, 4, 5, 21, 24]
[1, 3, 7, 8, 20]
[3, 4, 5, 12, 17]
[1, 4, 7, 14, 16]
[1, 2, 8, 10, 19]
[2, 3, 5, 23]
[3, 4, 6, 7, 24]
[1, 3, 9, 10, 12]
[1, 3, 6, 28]
[2, 4, 6, 13, 19]
[1, 4, 8, 9, 15]
[1, 4, 5, 25]
[1, 2, 7, 12, 15]
[1, 2, 9, 11, 14]
[16, 17, 18, 19, 20, 21, 22, 23, 24, 25, 26, 27, 28]


6
process id 4
stats
5, 15, 7, 100, 1000
20220728-105537
loosing coalitions taken
[1, 3, 8, 15, 16]
[1, 5, 6, 11, 24]
[1, 3, 6, 25]
[2, 4, 6, 12, 23]
[2, 3, 5, 22, 27]
[2, 4, 5, 15, 25]
[2, 3, 7, 8, 9]
[3, 4, 5, 16, 18]
[1, 2, 7, 14, 24]
[2, 3, 4, 28]
[1, 2, 9, 10, 11]
[1, 4, 7, 10, 19]
[1, 4, 5, 22]
[1, 2, 8, 13, 18]
[16, 17, 18, 19, 20, 21, 22, 23, 24, 25, 26, 27, 28]


5
process id 4
stats
5, 15, 7, 100, 1000
20220728-105611
loosing coalitions taken
[1, 3, 8, 12, 15]
[1, 4, 6, 25]
[1, 2, 8, 13, 19]
[1, 3, 7, 9, 18]
[1, 2, 9, 10, 12]
[1, 2, 7, 11, 26]
[2, 4, 5, 17]
[3, 4, 5, 13, 28]
[2, 3, 6, 18, 21]
[1, 3, 6, 17]
[3, 4, 6, 8]
[2, 3, 5, 12]
[1, 4, 5, 27]
[2, 3, 4, 26]
[16, 17, 18, 19, 20, 21, 22, 23, 24, 25, 26, 27, 28]


5
process id 12
stats
5, 15, 7, 100, 1000
20220728-105615
loosing coalitions taken
[2, 3, 6, 15, 24]
[1, 2, 9, 11, 14]
[1, 2, 8, 13, 20]
[2, 4, 6, 11, 19]
[1, 3, 7, 13, 19]
[1, 5, 6, 15, 16]
[1, 4, 8, 10, 14]
[1, 4, 6, 25]
[2, 3, 5, 14]
[2, 3, 4, 27]
[1, 2, 6, 17, 28]
[3, 4, 5, 12]
[1, 4, 5, 21]
[1, 3, 9, 10, 12]
[16, 17, 18, 19, 20, 21, 22, 23, 24, 25, 26, 27, 28]


5
process id 6
stats
5, 15, 7, 100, 1000
20220728-105624
loosing coalitions taken
[2, 3, 5, 22, 28]
[1, 4, 8, 11, 13]
[1, 3, 8, 9, 16]
[3, 4, 6, 13, 15]
[1, 2, 10, 12, 13]
[1, 4, 6, 28]
[1, 2, 7, 11, 27]
[1, 3, 7, 13, 18]
[3, 4, 5, 19, 25]
[1, 2, 8, 15, 17]
[1, 3, 5, 26]
[2, 4, 5, 18]
[2, 3, 7, 8, 10]
[2, 3, 6, 9]
[16, 17, 18, 19, 20, 21, 22, 23, 24, 25, 26, 27, 28]


5
process id 8
stats
5, 15, 7, 100, 1000
20220728-105627
loosing coalitions taken
[1, 2, 8, 13, 18]
[1, 4, 8, 9, 14]
[3, 4, 5, 13]
[1, 3, 8, 10, 15]
[1, 4, 7, 11, 15]
[1, 4, 6, 26]
[1, 2, 10, 12, 14]
[1, 3, 7, 12, 22]
[2, 3, 6, 11]
[2, 4, 5, 20, 27]
[2, 3, 5, 18, 19]
[1, 2, 6, 22]
[1, 5, 6, 7]
[1, 3, 5, 27]
[16, 17, 18, 19, 20, 21, 22, 23, 24, 25, 26, 27, 28]


5
process id 2
stats
5, 15, 7, 100, 1000
20220728-105633
loosing coalitions taken
[1, 5, 6, 14, 20]
[1, 2, 7, 16, 19]
[1, 4, 6, 25]
[3, 4, 5, 15]
[1, 3, 8, 11, 16]
[1, 2, 9, 11, 14]
[2, 3, 6, 11]
[1, 2, 6, 28]
[1, 4, 5, 26]
[2, 3, 5, 25]
[1, 4, 7, 9, 17]
[1, 3, 5, 27]
[1, 3, 7, 12, 18]
[2, 3, 4, 28]
[16, 17, 18, 19, 20, 21, 22, 23, 24, 25, 26, 27, 28]


5
process id 3
stats
5, 15, 7, 100, 1000
20220728-105638
loosing coalitions taken
[3, 4, 6, 9, 21]
[1, 3, 7, 16, 18]
[1, 3, 6, 28]
[1, 2, 8, 12, 17]
[2, 3, 5, 23, 24]
[1, 4, 8, 11, 14]
[3, 4, 5, 17, 27]
[1, 4, 7, 9, 19]
[1, 4, 5, 22]
[1, 2, 7, 10, 20]
[2, 4, 6, 15, 16]
[1, 3, 8, 10, 19]
[1, 5, 6, 14, 17]
[2, 4, 5, 11]
[16, 17, 18, 19, 20, 21, 22, 23, 24, 25, 26, 27, 28]


5
process id 1
stats
5, 15, 7, 100, 1000
20220728-105655
loosing coalitions taken
[1, 5, 6, 14, 22]
[1, 4, 7, 9, 17]
[1, 2, 7, 10, 26]
[1, 4, 8, 10, 15]
[2, 4, 5, 20, 21]
[1, 3, 7, 11, 15]
[2, 3, 5, 17, 22]
[3, 4, 5, 13, 26]
[3, 4, 6, 14, 16]
[1, 3, 9, 10, 12]
[1, 4, 5, 23]
[1, 3, 6, 18]
[2, 4, 6, 9, 19]
[2, 3, 4, 27]
[16, 17, 18, 19, 20, 21, 22, 23, 24, 25, 26, 27, 28]


5
process id 5
stats
5, 15, 7, 100, 1000
20220728-105704
loosing coalitions taken
[1, 5, 6, 13, 22]
[1, 4, 8, 11, 14]
[1, 3, 7, 15, 19]
[1, 4, 7, 10, 13]
[3, 4, 5, 19, 26]
[2, 3, 7, 8, 9]
[2, 3, 5, 16, 24]
[3, 4, 6, 9, 18]
[2, 4, 6, 14, 17]
[1, 4, 6, 24, 28]
[1, 3, 5, 27]
[2, 3, 6, 10]
[2, 4, 5, 9]
[1, 2, 7, 12, 14]
[16, 17, 18, 19, 20, 21, 22, 23, 24, 25, 26, 27, 28]


5
process id 0
stats
5, 15, 7, 100, 1000
20220728-105705
loosing coalitions taken
[2, 4, 6, 16, 17]
[1, 2, 10, 12, 13]
[1, 2, 8, 15, 16]
[1, 3, 7, 9, 24]
[1, 3, 6, 28]
[1, 2, 7, 11, 18]
[2, 3, 6, 14]
[3, 4, 5, 15, 21]
[2, 3, 4, 25]
[1, 4, 6, 21]
[1, 5, 6, 10, 24]
[2, 3, 5, 16]
[1, 4, 5, 26]
[3, 4, 6, 8]
[16, 17, 18, 19, 20, 21, 22, 23, 24, 25, 26, 27, 28]


5
process id 14
stats
5, 15, 7, 100, 1000
20220728-105713
loosing coalitions taken
[1, 5, 6, 16, 20]
[1, 3, 8, 11, 13]
[1, 2, 9, 10, 13]
[1, 4, 7, 10, 12]
[1, 2, 7, 11, 23]
[2, 4, 6, 7]
[2, 3, 5, 25]
[1, 2, 8, 14, 19]
[1, 3, 7, 16, 17]
[2, 4, 5, 13, 15]
[1, 4, 6, 26]
[2, 3, 6, 14]
[1, 4, 5, 22]
[3, 4, 6, 8, 28]
[16, 17, 18, 19, 20, 21, 22, 23, 24, 25, 26, 27, 28]


5
process id 13
stats
5, 15, 7, 100, 1000
20220728-105737
loosing coalitions taken
[2, 4, 5, 14, 26]
[1, 4, 8, 11, 13]
[2, 3, 6, 10, 27]
[3, 4, 6, 9, 20]
[3, 4, 5, 19, 23]
[1, 2, 10, 11, 12]
[2, 4, 6, 13, 21]
[1, 3, 8, 10, 19]
[2, 3, 5, 17, 25]
[1, 3, 6, 16]
[1, 2, 8, 9, 14]
[1, 4, 7, 10, 14]
[1, 4, 5, 25]
[1, 2, 7, 13, 17]
[16, 17, 18, 19, 20, 21, 22, 23, 24, 25, 26, 27, 28]


