Results
max_overall: 14
min_avg_pop_size: 0.64
min_pop_size: 0.638

5
process id 2
stats
5, 14, 7, 100, 1000
20220729-172749
loosing coalitions taken
[2, 4, 6, 13, 21]
[1, 2, 9, 10, 11]
[1, 5, 6, 15, 20]
[2, 3, 6, 9]
[2, 4, 5, 20, 27]
[2, 3, 5, 19]
[1, 4, 6, 22]
[3, 4, 5, 11]
[1, 3, 7, 14, 20]
[1, 2, 8, 14, 15]
[1, 4, 7, 10, 16]
[1, 2, 7, 13, 25]
[1, 3, 8, 10, 19]
[16, 17, 18, 19, 20, 21, 22, 23, 24, 25, 26, 27, 28]


5
process id 3
stats
5, 14, 7, 100, 1000
20220729-172749
loosing coalitions taken
[2, 3, 6, 14]
[1, 2, 7, 11, 23]
[1, 4, 6, 27]
[1, 3, 8, 12, 15]
[1, 2, 8, 9, 17]
[1, 3, 7, 13, 19]
[2, 4, 5, 17, 21]
[2, 3, 5, 23]
[3, 4, 5, 12]
[3, 4, 6, 8, 25]
[1, 5, 6, 9, 26]
[2, 4, 6, 10, 18]
[1, 4, 7, 8]
[16, 17, 18, 19, 20, 21, 22, 23, 24, 25, 26, 27, 28]


5
process id 0
stats
5, 14, 7, 100, 1000
20220729-172750
loosing coalitions taken
[1, 3, 8, 10, 17]
[1, 5, 6, 9, 23]
[1, 2, 10, 11, 14]
[1, 2, 9, 12, 13]
[3, 4, 6, 11, 20]
[2, 3, 5, 25, 28]
[2, 4, 5, 18, 22]
[2, 3, 6, 10]
[1, 4, 6, 26, 27]
[1, 3, 7, 9, 16]
[1, 4, 7, 12, 15]
[3, 4, 5, 12]
[1, 2, 7, 8]
[16, 17, 18, 19, 20, 21, 22, 23, 24, 25, 26, 27, 28]


5
process id 0
stats
5, 14, 7, 100, 1000
20220729-172752
loosing coalitions taken
[2, 3, 6, 11]
[1, 3, 7, 10, 24]
[1, 2, 8, 12, 20]
[1, 5, 6, 9, 24]
[1, 2, 9, 10, 14]
[1, 4, 7, 8]
[1, 4, 6, 27]
[3, 4, 5, 14]
[2, 4, 5, 15]
[3, 4, 6, 7]
[2, 3, 5, 23]
[1, 2, 7, 16, 19]
[2, 4, 6, 13, 21]
[16, 17, 18, 19, 20, 21, 22, 23, 24, 25, 26, 27, 28]


6
process id 2
stats
5, 14, 7, 100, 1000
20220729-172753
loosing coalitions taken
[2, 4, 5, 18, 28]
[1, 5, 6, 11, 24]
[1, 3, 8, 10, 16]
[1, 3, 7, 9, 23]
[2, 3, 5, 25]
[1, 2, 7, 11, 22]
[1, 2, 10, 12, 13]
[3, 4, 6, 12, 21]
[2, 4, 6, 15, 20]
[2, 3, 6, 10]
[1, 4, 7, 10, 15]
[1, 4, 6, 26]
[3, 4, 5, 16, 20]
[16, 17, 18, 19, 20, 21, 22, 23, 24, 25, 26, 27, 28]


5
process id 8
stats
5, 14, 7, 100, 1000
20220729-172753
loosing coalitions taken
[1, 2, 9, 12, 13]
[1, 4, 7, 13, 15]
[1, 2, 8, 14, 16]
[1, 3, 8, 9, 18]
[1, 3, 7, 16, 19]
[1, 4, 6, 25]
[1, 2, 7, 17, 18]
[2, 4, 6, 13, 21]
[2, 4, 5, 14]
[2, 3, 6, 14]
[3, 4, 5, 9]
[3, 4, 6, 8, 22]
[2, 3, 5, 21]
[16, 17, 18, 19, 20, 21, 22, 23, 24, 25, 26, 27, 28]


5
process id 4
stats
5, 14, 7, 100, 1000
20220729-172753
loosing coalitions taken
[1, 3, 8, 11, 19]
[1, 5, 6, 9, 25]
[2, 4, 5, 16]
[1, 2, 7, 15, 21]
[1, 2, 9, 10, 14]
[2, 3, 6, 9]
[1, 2, 8, 12, 17]
[2, 3, 5, 19]
[3, 4, 5, 11]
[3, 4, 6, 8]
[1, 4, 6, 28]
[1, 3, 7, 14, 18]
[2, 4, 6, 15, 18]
[16, 17, 18, 19, 20, 21, 22, 23, 24, 25, 26, 27, 28]


6
process id 10
stats
5, 14, 7, 100, 1000
20220729-172755
loosing coalitions taken
[1, 5, 6, 16, 18]
[1, 3, 8, 15, 16]
[2, 4, 5, 17]
[2, 3, 6, 13]
[1, 2, 7, 9, 25]
[1, 3, 7, 12, 22]
[1, 3, 9, 10, 11]
[1, 2, 8, 12, 20]
[3, 4, 5, 10, 27]
[1, 4, 6, 22]
[2, 3, 5, 18]
[3, 5, 6, 7, 15]
[3, 4, 6, 8]
[16, 17, 18, 19, 20, 21, 22, 23, 24, 25, 26, 27, 28]


6
process id 9
stats
5, 14, 7, 100, 1000
20220729-172755
loosing coalitions taken
[2, 4, 6, 13, 20]
[3, 4, 6, 14, 18]
[2, 3, 6, 10]
[1, 5, 6, 11, 21]
[2, 4, 5, 18]
[1, 4, 7, 12, 14]
[1, 4, 6, 23]
[1, 3, 7, 15, 17]
[2, 3, 5, 22, 28]
[3, 4, 5, 15, 27]
[1, 4, 8, 11, 13]
[1, 3, 8, 9, 12]
[1, 2, 9, 10, 14]
[16, 17, 18, 19, 20, 21, 22, 23, 24, 25, 26, 27, 28]


5
process id 5
stats
5, 14, 7, 100, 1000
20220729-172756
loosing coalitions taken
[1, 5, 6, 11, 22]
[2, 4, 5, 22, 24]
[3, 4, 5, 16]
[1, 2, 10, 11, 12]
[1, 2, 8, 14, 17]
[1, 3, 7, 15, 17]
[1, 4, 8, 10, 13]
[1, 2, 7, 16, 18]
[2, 3, 5, 19]
[2, 3, 6, 13]
[2, 4, 6, 8, 28]
[1, 4, 6, 25]
[1, 3, 8, 9, 11]
[16, 17, 18, 19, 20, 21, 22, 23, 24, 25, 26, 27, 28]


5
process id 2
stats
5, 14, 7, 100, 1000
20220729-172756
loosing coalitions taken
[2, 4, 5, 17]
[1, 4, 7, 8]
[1, 2, 9, 12, 14]
[3, 4, 6, 14, 16]
[2, 3, 5, 26, 27]
[2, 3, 6, 12, 25]
[1, 5, 6, 8]
[2, 4, 6, 9, 24]
[1, 2, 7, 13, 23]
[1, 3, 7, 12, 21]
[1, 4, 6, 22]
[3, 4, 5, 13]
[1, 2, 8, 10, 21]
[16, 17, 18, 19, 20, 21, 22, 23, 24, 25, 26, 27, 28]


6
process id 11
stats
5, 14, 7, 100, 1000
20220729-172756
loosing coalitions taken
[1, 4, 7, 10, 18]
[1, 2, 8, 13, 18]
[1, 3, 9, 10, 11]
[1, 3, 7, 13, 20]
[1, 5, 6, 13, 22]
[1, 3, 8, 15, 16]
[2, 4, 6, 10, 21]
[1, 2, 7, 11, 21]
[2, 3, 6, 9]
[2, 4, 5, 19]
[2, 3, 5, 17]
[1, 4, 6, 26]
[3, 4, 5, 12, 28]
[16, 17, 18, 19, 20, 21, 22, 23, 24, 25, 26, 27, 28]


5
process id 0
stats
5, 14, 7, 100, 1000
20220729-172756
loosing coalitions taken
[3, 4, 5, 17, 27]
[1, 3, 8, 11, 18]
[1, 2, 7, 11, 24]
[1, 2, 8, 10, 17]
[1, 4, 6, 26]
[2, 3, 6, 12]
[2, 3, 5, 19]
[1, 4, 7, 8]
[1, 3, 7, 16, 17]
[2, 4, 6, 8, 27]
[2, 4, 5, 16, 26]
[1, 5, 6, 10, 22]
[3, 4, 6, 9, 18]
[16, 17, 18, 19, 20, 21, 22, 23, 24, 25, 26, 27, 28]


5
process id 12
stats
5, 14, 7, 100, 1000
20220729-172756
loosing coalitions taken
[3, 4, 5, 17, 28]
[2, 3, 5, 25]
[1, 2, 9, 10, 11]
[1, 2, 7, 13, 23]
[2, 4, 6, 11, 20]
[3, 4, 6, 10, 18]
[1, 2, 8, 14, 16]
[2, 3, 6, 12, 22]
[1, 4, 6, 28]
[2, 4, 5, 18]
[1, 3, 7, 8]
[1, 5, 6, 15, 17]
[3, 5, 6, 7, 14]
[16, 17, 18, 19, 20, 21, 22, 23, 24, 25, 26, 27, 28]


5
process id 10
stats
5, 14, 7, 100, 1000
20220729-172758
loosing coalitions taken
[1, 2, 7, 13, 23]
[3, 4, 6, 10, 21]
[1, 3, 8, 10, 19]
[3, 4, 5, 16]
[2, 3, 6, 13]
[1, 2, 10, 11, 12]
[1, 3, 7, 15, 21]
[2, 3, 5, 17]
[2, 4, 6, 14, 16]
[1, 4, 6, 27]
[1, 5, 6, 9, 24]
[1, 4, 7, 8]
[2, 4, 5, 11]
[16, 17, 18, 19, 20, 21, 22, 23, 24, 25, 26, 27, 28]


5
process id 4
stats
5, 14, 7, 100, 1000
20220729-172758
loosing coalitions taken
[1, 2, 7, 9, 28]
[1, 4, 7, 8]
[1, 3, 9, 10, 12]
[1, 5, 6, 10, 26]
[3, 4, 5, 16]
[2, 3, 6, 14]
[2, 3, 5, 24]
[1, 4, 6, 24]
[2, 4, 6, 9, 21]
[2, 4, 5, 11]
[3, 4, 6, 8]
[1, 2, 8, 10, 15]
[1, 3, 8, 11, 16]
[16, 17, 18, 19, 20, 21, 22, 23, 24, 25, 26, 27, 28]


5
process id 9
stats
5, 14, 7, 100, 1000
20220729-172758
loosing coalitions taken
[2, 4, 5, 18]
[1, 5, 6, 10, 24]
[1, 2, 7, 14, 23]
[1, 4, 6, 28]
[2, 3, 6, 11, 26]
[1, 3, 7, 16, 18]
[3, 4, 6, 10, 16]
[2, 3, 5, 22]
[3, 4, 5, 14]
[1, 2, 8, 12, 20]
[1, 4, 7, 8]
[1, 3, 8, 9, 15]
[2, 4, 6, 8]
[16, 17, 18, 19, 20, 21, 22, 23, 24, 25, 26, 27, 28]


5
process id 12
stats
5, 14, 7, 100, 1000
20220729-172759
loosing coalitions taken
[2, 3, 6, 19, 21]
[1, 4, 7, 8]
[1, 2, 10, 12, 13]
[1, 5, 6, 11, 23]
[2, 4, 5, 17, 24]
[2, 3, 5, 18]
[2, 4, 6, 11, 22]
[1, 2, 7, 15, 19]
[3, 4, 6, 12, 16]
[3, 4, 5, 11]
[1, 2, 8, 9, 18]
[1, 3, 8, 10, 16]
[1, 4, 6, 26]
[16, 17, 18, 19, 20, 21, 22, 23, 24, 25, 26, 27, 28]


6
process id 0
stats
5, 14, 7, 100, 1000
20220729-172759
loosing coalitions taken
[1, 3, 8, 10, 18]
[1, 2, 7, 9]
[3, 4, 5, 15]
[2, 4, 5, 14, 26]
[2, 3, 6, 11]
[2, 3, 5, 21]
[3, 4, 6, 8]
[1, 5, 6, 13, 16]
[1, 4, 6, 28]
[1, 4, 7, 14, 15]
[1, 2, 10, 11, 13]
[2, 4, 6, 9, 23]
[1, 3, 7, 12, 19]
[16, 17, 18, 19, 20, 21, 22, 23, 24, 25, 26, 27, 28]


5
process id 14
stats
5, 14, 7, 100, 1000
20220729-172801
loosing coalitions taken
[1, 5, 6, 10, 26]
[1, 2, 10, 12, 14]
[2, 3, 5, 23]
[1, 3, 9, 10, 11]
[1, 2, 8, 13, 19]
[1, 2, 7, 11, 25]
[2, 4, 6, 14, 22]
[3, 4, 5, 16]
[2, 3, 6, 15, 18]
[3, 4, 6, 7]
[1, 4, 6, 23]
[1, 4, 7, 9, 19]
[1, 3, 8, 15, 16]
[16, 17, 18, 19, 20, 21, 22, 23, 24, 25, 26, 27, 28]


6
process id 8
stats
5, 14, 7, 100, 1000
20220729-172802
loosing coalitions taken
[1, 3, 8, 12, 18]
[2, 3, 6, 14]
[1, 5, 6, 9, 23]
[1, 2, 7, 10, 25]
[1, 3, 9, 10, 11]
[1, 4, 6, 28]
[1, 2, 8, 9, 19]
[1, 3, 7, 15, 20]
[1, 4, 8, 13, 14]
[2, 3, 5, 21]
[3, 4, 5, 13]
[2, 4, 5, 16, 28]
[2, 4, 6, 11, 22]
[16, 17, 18, 19, 20, 21, 22, 23, 24, 25, 26, 27, 28]


5
process id 6
stats
5, 14, 7, 100, 1000
20220729-172802
loosing coalitions taken
[2, 4, 5, 19]
[1, 3, 7, 14, 17]
[1, 2, 7, 9, 26]
[2, 3, 6, 11, 26]
[1, 2, 8, 10, 17]
[1, 5, 6, 16, 18]
[3, 4, 6, 8]
[2, 4, 6, 9, 16]
[3, 4, 5, 12]
[2, 3, 5, 22]
[1, 4, 6, 22]
[1, 4, 7, 8]
[1, 3, 8, 13, 15]
[16, 17, 18, 19, 20, 21, 22, 23, 24, 25, 26, 27, 28]


5
process id 1
stats
5, 14, 7, 100, 1000
20220729-172802
loosing coalitions taken
[1, 4, 8, 9, 15]
[1, 3, 7, 12, 22]
[3, 4, 5, 20, 24]
[2, 4, 5, 17]
[1, 2, 8, 10, 18]
[1, 3, 8, 11, 17]
[1, 2, 7, 9]
[3, 4, 6, 8]
[2, 3, 5, 25]
[2, 4, 6, 14, 20]
[2, 3, 6, 11]
[1, 4, 6, 24]
[1, 4, 7, 14, 16]
[16, 17, 18, 19, 20, 21, 22, 23, 24, 25, 26, 27, 28]


6
process id 12
stats
5, 14, 7, 100, 1000
20220729-172802
loosing coalitions taken
[2, 4, 5, 18, 28]
[1, 4, 8, 11, 13]
[1, 2, 8, 15, 16]
[1, 2, 7, 9]
[3, 4, 6, 10, 18]
[2, 3, 6, 13]
[3, 4, 5, 15]
[2, 4, 6, 12, 23]
[2, 3, 5, 24]
[1, 3, 9, 10, 12]
[1, 5, 6, 8]
[1, 3, 7, 14, 18]
[1, 4, 6, 26]
[16, 17, 18, 19, 20, 21, 22, 23, 24, 25, 26, 27, 28]


5
process id 9
stats
5, 14, 7, 100, 1000
20220729-172803
loosing coalitions taken
[2, 3, 5, 25]
[2, 4, 6, 16, 18]
[1, 2, 10, 11, 12]
[1, 2, 7, 14, 23]
[1, 2, 8, 13, 16]
[1, 3, 7, 10, 20]
[1, 3, 8, 14, 15]
[1, 4, 6, 26]
[2, 3, 6, 15, 24]
[1, 4, 7, 9, 12]
[3, 4, 5, 10, 26]
[2, 4, 5, 13]
[2, 3, 7, 8, 9]
[16, 17, 18, 19, 20, 21, 22, 23, 24, 25, 26, 27, 28]


5
process id 10
stats
5, 14, 7, 100, 1000
20220729-172803
loosing coalitions taken
[1, 3, 7, 16, 17]
[1, 2, 7, 9]
[2, 4, 5, 19]
[2, 3, 6, 13]
[1, 5, 6, 15, 17]
[2, 3, 5, 22, 25]
[3, 4, 6, 10, 21]
[2, 4, 6, 11, 16]
[1, 4, 6, 22]
[3, 4, 5, 11]
[1, 4, 7, 10, 14]
[1, 2, 8, 11, 18]
[1, 4, 8, 9, 15]
[16, 17, 18, 19, 20, 21, 22, 23, 24, 25, 26, 27, 28]


5
process id 2
stats
5, 14, 7, 100, 1000
20220729-172804
loosing coalitions taken
[1, 2, 7, 16, 21]
[1, 3, 7, 9, 23]
[1, 3, 8, 12, 18]
[2, 3, 6, 14]
[1, 4, 7, 10, 18]
[1, 2, 8, 11, 17]
[1, 4, 6, 24]
[3, 4, 6, 11, 15]
[2, 4, 6, 16, 17]
[2, 4, 5, 12]
[1, 5, 6, 16, 18]
[3, 4, 5, 13]
[2, 3, 5, 23]
[16, 17, 18, 19, 20, 21, 22, 23, 24, 25, 26, 27, 28]


5
process id 13
stats
5, 14, 7, 100, 1000
20220729-172804
loosing coalitions taken
[3, 4, 6, 10, 21]
[1, 4, 8, 12, 14]
[1, 2, 10, 11, 13]
[1, 3, 7, 14, 18]
[2, 3, 5, 23]
[1, 4, 7, 13, 16]
[1, 3, 8, 10, 17]
[1, 2, 8, 9, 18]
[1, 5, 6, 11, 22]
[1, 2, 7, 12, 26]
[1, 4, 6, 28]
[2, 4, 5, 20, 26]
[2, 4, 6, 8]
[16, 17, 18, 19, 20, 21, 22, 23, 24, 25, 26, 27, 28]


6
process id 15
stats
5, 14, 7, 100, 1000
20220729-172804
loosing coalitions taken
[1, 3, 7, 15, 17]
[1, 3, 8, 9, 16]
[2, 3, 6, 10]
[1, 5, 6, 13, 24]
[2, 4, 5, 19, 27]
[3, 4, 5, 20, 22]
[1, 2, 7, 9]
[1, 2, 8, 13, 17]
[1, 4, 6, 28]
[2, 3, 5, 17, 28]
[1, 4, 7, 8]
[3, 4, 6, 11, 19]
[2, 4, 6, 8]
[16, 17, 18, 19, 20, 21, 22, 23, 24, 25, 26, 27, 28]


5
process id 14
stats
5, 14, 7, 100, 1000
20220729-172804
loosing coalitions taken
[1, 2, 8, 15, 17]
[1, 3, 8, 14, 16]
[1, 2, 7, 16, 20]
[1, 3, 7, 12, 17]
[1, 5, 6, 16, 18]
[3, 4, 5, 17, 21]
[1, 4, 7, 9, 18]
[2, 4, 5, 18, 28]
[3, 4, 6, 8, 28]
[2, 3, 5, 23]
[1, 4, 8, 11, 12]
[1, 4, 6, 25]
[1, 2, 9, 12, 14]
[16, 17, 18, 19, 20, 21, 22, 23, 24, 25, 26, 27, 28]


5
process id 3
stats
5, 14, 7, 100, 1000
20220729-172805
loosing coalitions taken
[2, 4, 5, 19]
[1, 4, 8, 11, 14]
[1, 5, 6, 16, 17]
[2, 3, 6, 14]
[1, 3, 7, 15, 21]
[1, 3, 8, 12, 19]
[1, 4, 7, 9, 18]
[1, 4, 6, 22]
[3, 4, 5, 15, 26]
[2, 3, 5, 21, 28]
[1, 2, 9, 12, 14]
[1, 2, 7, 11, 27]
[3, 4, 6, 8]
[16, 17, 18, 19, 20, 21, 22, 23, 24, 25, 26, 27, 28]


6
process id 6
stats
5, 14, 7, 100, 1000
20220729-172806
loosing coalitions taken
[1, 5, 6, 16, 19]
[1, 2, 8, 10, 21]
[1, 4, 7, 10, 19]
[1, 3, 7, 9, 23]
[1, 4, 8, 9, 15]
[1, 3, 8, 12, 16]
[1, 4, 6, 26, 28]
[3, 4, 6, 8, 24]
[1, 2, 7, 11, 25]
[2, 3, 5, 17, 26]
[2, 3, 6, 14]
[2, 4, 5, 19, 25]
[3, 4, 5, 10]
[16, 17, 18, 19, 20, 21, 22, 23, 24, 25, 26, 27, 28]


5
process id 8
stats
5, 14, 7, 100, 1000
20220729-172806
loosing coalitions taken
[1, 3, 9, 10, 12]
[2, 3, 6, 10]
[3, 4, 5, 16]
[1, 5, 6, 12, 22]
[1, 3, 8, 11, 18]
[1, 4, 6, 28]
[1, 3, 7, 13, 20]
[3, 4, 6, 8, 22]
[2, 3, 5, 21]
[1, 2, 8, 12, 15]
[2, 4, 5, 17]
[1, 2, 7, 14, 24]
[1, 4, 7, 10, 19]
[16, 17, 18, 19, 20, 21, 22, 23, 24, 25, 26, 27, 28]


5
process id 9
stats
5, 14, 7, 100, 1000
20220729-172806
loosing coalitions taken
[1, 5, 6, 11, 23]
[1, 3, 7, 14, 22]
[3, 4, 5, 21, 22]
[2, 4, 5, 16]
[1, 2, 7, 15, 21]
[2, 3, 6, 11]
[1, 2, 10, 12, 14]
[1, 3, 8, 9, 18]
[1, 4, 6, 27]
[2, 4, 6, 15, 18]
[2, 3, 5, 23]
[3, 4, 6, 12, 19]
[1, 2, 8, 11, 16]
[16, 17, 18, 19, 20, 21, 22, 23, 24, 25, 26, 27, 28]


5
process id 4
stats
5, 14, 7, 100, 1000
20220729-172806
loosing coalitions taken
[2, 3, 6, 14]
[1, 4, 8, 9, 12]
[1, 3, 8, 13, 15]
[1, 2, 7, 12, 26]
[1, 3, 7, 11, 23]
[1, 5, 6, 10, 21]
[1, 4, 7, 10, 19]
[1, 2, 8, 11, 21]
[2, 4, 5, 17]
[3, 4, 5, 9, 27]
[1, 4, 6, 28]
[2, 3, 5, 19]
[3, 4, 6, 8, 23]
[16, 17, 18, 19, 20, 21, 22, 23, 24, 25, 26, 27, 28]


6
process id 1
stats
5, 14, 7, 100, 1000
20220729-172807
loosing coalitions taken
[1, 2, 9, 12, 13]
[1, 3, 7, 12, 20]
[1, 3, 8, 10, 18]
[1, 2, 8, 14, 19]
[1, 4, 7, 11, 13]
[2, 4, 6, 16, 19]
[1, 2, 7, 10, 25]
[1, 5, 6, 9, 25]
[1, 4, 6, 23]
[2, 5, 6, 8, 10]
[2, 4, 5, 20, 22]
[3, 4, 5, 14]
[2, 3, 6, 12]
[16, 17, 18, 19, 20, 21, 22, 23, 24, 25, 26, 27, 28]


6
process id 0
stats
5, 14, 7, 100, 1000
20220729-172807
loosing coalitions taken
[1, 2, 9, 11, 14]
[1, 4, 7, 13, 15]
[2, 3, 6, 12]
[1, 2, 7, 10, 24]
[1, 4, 8, 9, 12]
[2, 4, 5, 17]
[1, 3, 7, 14, 22]
[1, 3, 8, 15, 16]
[1, 5, 6, 14, 18]
[2, 4, 6, 13, 21]
[2, 3, 5, 18, 26]
[3, 4, 6, 10, 17]
[3, 4, 5, 19, 25]
[16, 17, 18, 19, 20, 21, 22, 23, 24, 25, 26, 27, 28]


6
process id 12
stats
5, 14, 7, 100, 1000
20220729-172807
loosing coalitions taken
[1, 2, 9, 10, 12]
[2, 4, 6, 16, 19]
[1, 2, 7, 13, 24]
[1, 5, 6, 15, 17]
[1, 4, 8, 12, 13]
[1, 3, 8, 11, 15]
[3, 4, 6, 11, 21]
[1, 4, 6, 27]
[3, 4, 5, 14, 26]
[2, 3, 5, 23, 25]
[1, 2, 8, 14, 19]
[2, 4, 5, 20]
[2, 3, 6, 13]
[16, 17, 18, 19, 20, 21, 22, 23, 24, 25, 26, 27, 28]


5
process id 6
stats
5, 14, 7, 100, 1000
20220729-172808
loosing coalitions taken
[1, 2, 9, 10, 11]
[1, 3, 8, 11, 16]
[1, 2, 7, 12, 23]
[1, 3, 7, 15, 18]
[1, 4, 7, 8, 28]
[1, 2, 8, 14, 18]
[2, 4, 5, 20]
[2, 3, 5, 23]
[3, 4, 5, 13]
[1, 5, 6, 10, 26]
[3, 4, 6, 14, 18]
[2, 4, 6, 10, 23]
[2, 3, 6, 12, 25]
[16, 17, 18, 19, 20, 21, 22, 23, 24, 25, 26, 27, 28]


5
process id 7
stats
5, 14, 7, 100, 1000
20220729-172808
loosing coalitions taken
[1, 3, 7, 15, 17]
[1, 3, 8, 9, 16]
[1, 5, 6, 15, 19]
[1, 2, 9, 12, 13]
[1, 2, 7, 10, 22]
[2, 3, 6, 12]
[1, 4, 6, 27]
[2, 3, 5, 23]
[2, 4, 6, 15, 18]
[2, 4, 5, 13]
[3, 4, 5, 14]
[1, 4, 7, 11, 16]
[1, 2, 8, 14, 20]
[16, 17, 18, 19, 20, 21, 22, 23, 24, 25, 26, 27, 28]


5
process id 13
stats
5, 14, 7, 100, 1000
20220729-172808
loosing coalitions taken
[1, 5, 6, 13, 21]
[1, 2, 8, 15, 16]
[1, 2, 10, 12, 14]
[1, 3, 7, 10, 24]
[1, 2, 7, 9]
[1, 3, 8, 11, 19]
[2, 4, 6, 8]
[2, 3, 5, 25]
[2, 4, 5, 15]
[3, 4, 5, 13]
[2, 3, 6, 9]
[1, 4, 6, 24]
[1, 4, 7, 11, 13]
[16, 17, 18, 19, 20, 21, 22, 23, 24, 25, 26, 27, 28]


5
process id 11
stats
5, 14, 7, 100, 1000
20220729-172809
loosing coalitions taken
[1, 2, 8, 15, 17]
[1, 3, 9, 10, 12]
[3, 4, 5, 15]
[2, 3, 6, 12]
[1, 5, 6, 11, 18]
[1, 4, 8, 13, 14]
[1, 4, 6, 27]
[1, 2, 7, 14, 23]
[3, 4, 6, 7]
[2, 4, 6, 13, 19]
[2, 4, 5, 17]
[2, 3, 5, 24]
[2, 3, 7, 8, 9]
[16, 17, 18, 19, 20, 21, 22, 23, 24, 25, 26, 27, 28]


6
process id 15
stats
5, 14, 7, 100, 1000
20220729-172809
loosing coalitions taken
[2, 4, 5, 19]
[1, 3, 7, 9, 22]
[1, 2, 8, 15, 17]
[1, 4, 8, 11, 13]
[1, 2, 7, 14, 24]
[1, 3, 8, 10, 19]
[3, 4, 6, 8]
[1, 5, 6, 12, 22]
[1, 2, 9, 10, 13]
[2, 3, 6, 9]
[3, 4, 5, 14]
[2, 3, 5, 25, 28]
[1, 4, 6, 25]
[16, 17, 18, 19, 20, 21, 22, 23, 24, 25, 26, 27, 28]


6
process id 14
stats
5, 14, 7, 100, 1000
20220729-172809
loosing coalitions taken
[1, 3, 8, 11, 19]
[1, 3, 7, 14, 21]
[1, 2, 9, 11, 12]
[3, 4, 5, 15]
[2, 3, 6, 9]
[1, 4, 6, 24]
[1, 5, 6, 16, 20]
[2, 3, 5, 24, 28]
[3, 4, 6, 8]
[2, 4, 5, 11]
[2, 4, 6, 15, 18]
[1, 2, 7, 10, 23]
[1, 2, 8, 14, 18]
[16, 17, 18, 19, 20, 21, 22, 23, 24, 25, 26, 27, 28]


5
process id 12
stats
5, 14, 7, 100, 1000
20220729-172809
loosing coalitions taken
[1, 5, 6, 15, 21]
[2, 3, 5, 23]
[1, 2, 7, 11, 22]
[1, 3, 7, 15, 19]
[1, 3, 8, 13, 16]
[1, 2, 8, 10, 17]
[1, 4, 6, 24]
[3, 4, 5, 13, 24]
[2, 4, 5, 18, 25]
[1, 4, 7, 12, 13]
[2, 3, 6, 12]
[3, 4, 6, 10, 20]
[1, 4, 8, 11, 14]
[16, 17, 18, 19, 20, 21, 22, 23, 24, 25, 26, 27, 28]


5
process id 15
stats
5, 14, 7, 100, 1000
20220729-172810
loosing coalitions taken
[1, 3, 8, 13, 16]
[1, 5, 6, 13, 22]
[3, 4, 5, 15]
[1, 2, 8, 14, 19]
[1, 2, 7, 15, 21]
[3, 4, 6, 8, 26]
[2, 4, 5, 18]
[2, 3, 5, 24]
[2, 3, 6, 10]
[1, 4, 7, 9, 17]
[1, 3, 7, 14, 20]
[1, 4, 6, 25]
[2, 4, 6, 12, 23]
[16, 17, 18, 19, 20, 21, 22, 23, 24, 25, 26, 27, 28]


6
process id 11
stats
5, 14, 7, 100, 1000
20220729-172811
loosing coalitions taken
[1, 2, 10, 12, 13]
[1, 3, 7, 10, 24]
[2, 3, 6, 12]
[1, 4, 7, 9, 17]
[1, 3, 8, 9, 19]
[1, 2, 8, 14, 17]
[2, 3, 5, 24]
[3, 4, 5, 13, 27]
[2, 4, 5, 16]
[3, 4, 6, 8]
[1, 2, 7, 15, 20]
[2, 4, 6, 11, 18]
[1, 4, 6, 24]
[16, 17, 18, 19, 20, 21, 22, 23, 24, 25, 26, 27, 28]


6
process id 13
stats
5, 14, 7, 100, 1000
20220729-172811
loosing coalitions taken
[2, 3, 6, 12]
[1, 2, 8, 15, 16]
[1, 3, 7, 15, 19]
[1, 2, 7, 10, 28]
[1, 3, 8, 11, 18]
[2, 3, 5, 22]
[2, 4, 6, 8]
[3, 4, 6, 9, 20]
[1, 5, 6, 15, 20]
[1, 4, 6, 25]
[3, 4, 5, 13, 26]
[2, 4, 5, 17]
[1, 2, 9, 12, 13]
[16, 17, 18, 19, 20, 21, 22, 23, 24, 25, 26, 27, 28]


5
process id 12
stats
5, 14, 7, 100, 1000
20220729-172811
loosing coalitions taken
[1, 3, 7, 14, 17]
[1, 2, 9, 11, 12]
[1, 2, 8, 15, 17]
[1, 3, 8, 9, 19]
[3, 4, 5, 16, 22]
[1, 2, 7, 10, 25]
[2, 3, 6, 10, 28]
[1, 4, 6, 28]
[2, 4, 6, 15, 19]
[2, 4, 5, 11]
[2, 3, 5, 21]
[1, 5, 6, 8]
[3, 4, 6, 11, 21]
[16, 17, 18, 19, 20, 21, 22, 23, 24, 25, 26, 27, 28]


5
process id 14
stats
5, 14, 7, 100, 1000
20220729-172812
loosing coalitions taken
[2, 4, 5, 17]
[1, 4, 8, 11, 13]
[2, 3, 6, 14]
[1, 4, 7, 10, 19]
[1, 5, 6, 15, 19]
[1, 2, 8, 15, 16]
[1, 3, 9, 10, 12]
[2, 3, 5, 18]
[1, 4, 6, 24, 26]
[3, 4, 6, 8]
[1, 2, 7, 9]
[2, 4, 6, 9, 23]
[3, 4, 5, 13]
[16, 17, 18, 19, 20, 21, 22, 23, 24, 25, 26, 27, 28]


5
process id 15
stats
5, 14, 7, 100, 1000
20220729-172812
loosing coalitions taken
[1, 3, 7, 15, 18]
[1, 3, 8, 9, 17]
[2, 3, 6, 12]
[2, 4, 5, 17]
[1, 5, 6, 11, 21]
[1, 4, 6, 24]
[2, 3, 5, 22, 25]
[3, 4, 5, 11]
[1, 2, 8, 11, 14]
[1, 2, 7, 12, 24]
[3, 4, 6, 8]
[1, 2, 9, 10, 13]
[1, 4, 7, 8, 22]
[16, 17, 18, 19, 20, 21, 22, 23, 24, 25, 26, 27, 28]


5
process id 14
stats
5, 14, 7, 100, 1000
20220729-172812
loosing coalitions taken
[1, 5, 6, 16, 18]
[2, 3, 6, 13]
[2, 4, 5, 17]
[1, 4, 6, 22]
[2, 3, 5, 21]
[1, 2, 8, 14, 18]
[1, 3, 8, 11, 16]
[1, 2, 7, 9]
[1, 4, 7, 10, 15]
[3, 4, 5, 10]
[3, 4, 6, 8]
[1, 3, 7, 13, 19]
[2, 4, 6, 11, 24]
[16, 17, 18, 19, 20, 21, 22, 23, 24, 25, 26, 27, 28]


6
process id 13
stats
5, 14, 7, 100, 1000
20220729-172812
loosing coalitions taken
[3, 4, 6, 11, 21]
[1, 2, 9, 10, 13]
[1, 4, 7, 8]
[2, 3, 6, 10]
[1, 5, 6, 13, 17]
[1, 4, 6, 28]
[2, 4, 5, 12]
[1, 3, 7, 14, 20]
[3, 4, 5, 9]
[1, 2, 8, 15, 16]
[2, 3, 5, 21]
[1, 2, 7, 12, 23]
[2, 4, 6, 14, 22]
[16, 17, 18, 19, 20, 21, 22, 23, 24, 25, 26, 27, 28]


5
process id 15
stats
5, 14, 7, 100, 1000
20220729-172813
loosing coalitions taken
[3, 4, 6, 15, 17]
[2, 4, 5, 20]
[2, 3, 6, 10]
[1, 3, 8, 9, 20]
[1, 4, 7, 8]
[1, 5, 6, 11, 23]
[2, 3, 5, 23]
[1, 3, 7, 15, 18]
[1, 2, 7, 9]
[3, 4, 5, 14]
[2, 4, 6, 9, 18]
[1, 4, 6, 22]
[1, 2, 8, 11, 17]
[16, 17, 18, 19, 20, 21, 22, 23, 24, 25, 26, 27, 28]


5
process id 14
stats
5, 14, 7, 100, 1000
20220729-172813
loosing coalitions taken
[1, 2, 8, 10, 18]
[2, 3, 6, 12]
[1, 2, 7, 13, 23]
[1, 3, 9, 10, 11]
[1, 3, 7, 15, 20]
[3, 4, 5, 10]
[2, 3, 5, 22]
[1, 5, 6, 13, 20]
[3, 4, 6, 9, 22]
[2, 4, 6, 8, 27]
[2, 4, 5, 18, 20]
[1, 4, 6, 26]
[1, 3, 8, 12, 19]
[16, 17, 18, 19, 20, 21, 22, 23, 24, 25, 26, 27, 28]


5
process id 13
stats
5, 14, 7, 100, 1000
20220729-172813
loosing coalitions taken
[2, 4, 5, 18]
[1, 4, 7, 8, 28]
[1, 3, 8, 11, 16]
[2, 3, 6, 12]
[1, 5, 6, 10, 24]
[1, 2, 8, 9, 22]
[1, 2, 7, 16, 21]
[3, 4, 5, 15]
[2, 4, 6, 13, 22]
[3, 4, 6, 7]
[2, 3, 5, 19, 25]
[1, 3, 7, 10, 17]
[1, 4, 6, 23, 26]
[16, 17, 18, 19, 20, 21, 22, 23, 24, 25, 26, 27, 28]


5
process id 15
stats
5, 14, 7, 100, 1000
20220729-172815
loosing coalitions taken
[1, 4, 7, 8, 28]
[1, 2, 9, 10, 13]
[3, 4, 5, 15]
[1, 3, 7, 10, 21]
[2, 3, 6, 11, 27]
[1, 2, 8, 14, 19]
[1, 3, 8, 12, 16]
[2, 3, 5, 20]
[1, 2, 7, 11, 24]
[1, 4, 6, 23]
[2, 4, 6, 13, 16]
[2, 4, 5, 19]
[1, 5, 6, 12, 22]
[16, 17, 18, 19, 20, 21, 22, 23, 24, 25, 26, 27, 28]


