Results

max_overall: 15
min_avg_pop_size: 0.641
min_pop_size: 0.639

6
process id 12
stats
5, 15, 7, 100, 1000
20220728-225527
loosing coalitions taken
[1, 3, 7, 10, 23]
[1, 5, 6, 15, 19]
[1, 4, 7, 8]
[1, 2, 10, 11, 14]
[3, 4, 6, 12, 20]
[1, 3, 8, 11, 19]
[2, 4, 5, 20]
[1, 4, 6, 26]
[3, 4, 5, 17, 18]
[2, 3, 6, 16, 24]
[2, 3, 5, 21]
[1, 2, 7, 12, 17]
[1, 2, 8, 13, 16]
[2, 4, 6, 8]
[16, 17, 18, 19, 20, 21, 22, 23, 24, 25, 26, 27, 28]


5
process id 6
stats
5, 15, 7, 100, 1000
20220728-225528
loosing coalitions taken
[2, 4, 6, 12, 20]
[1, 2, 8, 13, 20]
[1, 3, 8, 15, 16]
[1, 3, 7, 11, 23]
[1, 2, 7, 17, 19]
[1, 5, 6, 14, 17]
[2, 3, 5, 25]
[1, 3, 9, 10, 12]
[2, 4, 5, 13]
[2, 3, 6, 10]
[3, 4, 5, 17, 22]
[3, 4, 6, 8]
[1, 4, 6, 22]
[1, 4, 7, 8, 21]
[16, 17, 18, 19, 20, 21, 22, 23, 24, 25, 26, 27, 28]


6
process id 10
stats
5, 15, 7, 100, 1000
20220728-225531
loosing coalitions taken
[1, 3, 8, 11, 19]
[2, 4, 5, 18]
[2, 3, 6, 13]
[1, 4, 7, 8]
[1, 3, 9, 10, 12]
[1, 2, 7, 10, 19]
[1, 5, 6, 11, 25]
[2, 3, 5, 21]
[3, 4, 5, 11]
[1, 4, 6, 24]
[2, 4, 6, 8]
[3, 4, 6, 10, 15]
[1, 3, 7, 15, 18]
[1, 2, 8, 9, 17]
[16, 17, 18, 19, 20, 21, 22, 23, 24, 25, 26, 27, 28]


6
process id 4
stats
5, 15, 7, 100, 1000
20220728-225532
loosing coalitions taken
[2, 4, 6, 11, 23]
[3, 4, 6, 12, 21]
[1, 4, 8, 12, 13]
[2, 3, 6, 19, 20]
[1, 3, 7, 12, 20]
[1, 2, 7, 11, 24]
[2, 3, 5, 24]
[1, 2, 8, 10, 18]
[1, 3, 9, 10, 11]
[3, 4, 5, 16]
[2, 4, 5, 15]
[1, 4, 7, 9, 17]
[1, 5, 6, 13, 22]
[1, 4, 6, 25]
[16, 17, 18, 19, 20, 21, 22, 23, 24, 25, 26, 27, 28]


6
process id 0
stats
5, 15, 7, 100, 1000
20220728-225532
loosing coalitions taken
[1, 3, 7, 13, 17]
[1, 3, 8, 11, 18]
[1, 4, 7, 11, 16]
[1, 4, 8, 9, 10]
[1, 2, 8, 13, 16]
[1, 2, 7, 15, 21]
[2, 3, 7, 8, 10]
[1, 2, 9, 11, 14]
[2, 3, 6, 11]
[1, 4, 6, 28]
[3, 4, 5, 15]
[2, 4, 5, 17]
[2, 3, 5, 20, 25]
[1, 5, 6, 13, 22]
[16, 17, 18, 19, 20, 21, 22, 23, 24, 25, 26, 27, 28]


6
process id 2
stats
5, 15, 7, 100, 1000
20220728-225534
loosing coalitions taken
[1, 3, 8, 11, 17]
[1, 2, 7, 9]
[3, 4, 5, 16]
[2, 3, 6, 13]
[1, 5, 6, 12, 22]
[2, 3, 5, 21]
[2, 4, 5, 18, 28]
[1, 4, 6, 24]
[1, 4, 8, 9, 15]
[1, 3, 7, 10, 20]
[1, 2, 8, 14, 20]
[1, 4, 7, 12, 14]
[3, 4, 6, 8]
[1, 2, 10, 11, 13]
[16, 17, 18, 19, 20, 21, 22, 23, 24, 25, 26, 27, 28]


6
process id 13
stats
5, 15, 7, 100, 1000
20220728-225534
loosing coalitions taken
[1, 2, 9, 11, 13]
[1, 4, 7, 8]
[3, 4, 6, 14, 19]
[1, 5, 6, 10, 25]
[2, 3, 5, 20]
[2, 3, 6, 11]
[2, 4, 5, 17, 26]
[1, 4, 6, 24]
[2, 4, 6, 12, 21]
[1, 3, 8, 9, 18]
[1, 2, 7, 15, 22]
[1, 3, 7, 13, 21]
[3, 4, 5, 13]
[1, 2, 10, 12, 14]
[16, 17, 18, 19, 20, 21, 22, 23, 24, 25, 26, 27, 28]


6
process id 15
stats
5, 15, 7, 100, 1000
20220728-225535
loosing coalitions taken
[1, 2, 9, 11, 13]
[1, 2, 10, 12, 14]
[2, 3, 5, 22]
[2, 4, 6, 16, 19]
[3, 4, 6, 11, 17]
[1, 3, 8, 15, 16]
[1, 4, 7, 12, 16]
[1, 2, 7, 17, 18]
[1, 5, 6, 13, 23]
[2, 3, 6, 10, 28]
[2, 4, 5, 18]
[1, 4, 6, 22]
[3, 4, 5, 16]
[1, 3, 7, 10, 24]
[16, 17, 18, 19, 20, 21, 22, 23, 24, 25, 26, 27, 28]


5
process id 8
stats
5, 15, 7, 100, 1000
20220728-225536
loosing coalitions taken
[1, 5, 6, 11, 23]
[1, 2, 9, 10, 14]
[1, 2, 8, 13, 17]
[2, 3, 5, 21]
[3, 4, 6, 11, 20]
[1, 4, 6, 26]
[1, 2, 7, 16, 19]
[1, 3, 8, 11, 19]
[1, 4, 7, 10, 18]
[3, 4, 5, 10]
[2, 4, 5, 18]
[2, 3, 6, 14, 25]
[2, 4, 6, 8]
[1, 3, 7, 12, 21]
[16, 17, 18, 19, 20, 21, 22, 23, 24, 25, 26, 27, 28]


6
process id 4
stats
5, 15, 7, 100, 1000
20220728-225536
loosing coalitions taken
[2, 3, 6, 15, 27]
[1, 3, 8, 12, 17]
[1, 2, 7, 13, 20]
[2, 4, 5, 17, 24]
[1, 2, 9, 10, 11]
[3, 4, 6, 14, 16]
[1, 3, 7, 15, 19]
[1, 4, 7, 8, 22]
[3, 4, 5, 15, 28]
[2, 4, 6, 9, 20]
[1, 5, 6, 9, 25]
[2, 3, 5, 21]
[1, 4, 6, 23, 26]
[1, 2, 8, 14, 18]
[16, 17, 18, 19, 20, 21, 22, 23, 24, 25, 26, 27, 28]


5
process id 14
stats
5, 15, 7, 100, 1000
20220728-225537
loosing coalitions taken
[2, 4, 5, 19]
[2, 3, 6, 14]
[1, 2, 7, 9]
[1, 4, 7, 10, 18]
[1, 4, 6, 26]
[2, 4, 6, 11, 20]
[1, 5, 6, 8]
[1, 3, 8, 10, 19]
[3, 4, 6, 12, 21]
[1, 2, 10, 11, 13]
[2, 3, 5, 23]
[3, 4, 5, 9]
[1, 3, 7, 11, 17]
[1, 4, 8, 12, 13]
[16, 17, 18, 19, 20, 21, 22, 23, 24, 25, 26, 27, 28]


5
process id 15
stats
5, 15, 7, 100, 1000
20220728-225538
loosing coalitions taken
[1, 2, 7, 15, 21]
[1, 4, 7, 8, 26]
[2, 3, 6, 9]
[1, 5, 6, 10, 22]
[1, 2, 8, 14, 17]
[1, 3, 7, 11, 20]
[3, 4, 5, 20, 23]
[2, 4, 6, 12, 22]
[3, 4, 6, 8]
[1, 4, 6, 24]
[2, 3, 5, 19]
[1, 2, 9, 12, 13]
[2, 4, 5, 15]
[1, 3, 8, 10, 16]
[16, 17, 18, 19, 20, 21, 22, 23, 24, 25, 26, 27, 28]


5
process id 8
stats
5, 15, 7, 100, 1000
20220728-225539
loosing coalitions taken
[1, 2, 8, 13, 18]
[1, 3, 8, 15, 16]
[1, 4, 7, 8]
[1, 5, 6, 12, 24]
[2, 3, 6, 12, 25]
[1, 2, 9, 10, 14]
[2, 4, 6, 8]
[2, 4, 5, 13]
[2, 3, 5, 23, 24]
[3, 4, 5, 17, 20]
[1, 4, 6, 28]
[1, 3, 7, 9, 19]
[1, 2, 7, 11, 22]
[3, 4, 6, 11, 18]
[16, 17, 18, 19, 20, 21, 22, 23, 24, 25, 26, 27, 28]


6
process id 7
stats
5, 15, 7, 100, 1000
20220728-225539
loosing coalitions taken
[1, 4, 7, 9, 16]
[2, 4, 5, 18]
[2, 3, 6, 12]
[1, 2, 9, 10, 14]
[1, 3, 8, 11, 17]
[1, 2, 7, 11, 23]
[1, 3, 7, 14, 19]
[2, 3, 5, 25]
[2, 4, 6, 8]
[3, 4, 5, 11]
[1, 4, 6, 25]
[1, 5, 6, 10, 23]
[3, 4, 6, 13, 18]
[1, 2, 8, 13, 15]
[16, 17, 18, 19, 20, 21, 22, 23, 24, 25, 26, 27, 28]


6
process id 6
stats
5, 15, 7, 100, 1000
20220728-225539
loosing coalitions taken
[1, 5, 6, 9, 26]
[1, 2, 8, 12, 21]
[1, 4, 7, 14, 16]
[1, 2, 9, 10, 14]
[1, 3, 8, 9, 20]
[2, 3, 6, 11]
[1, 4, 6, 27]
[2, 4, 5, 18, 24]
[3, 4, 6, 12, 19]
[1, 3, 7, 12, 17]
[3, 4, 5, 16]
[2, 3, 5, 20, 25]
[1, 2, 7, 11, 27]
[2, 4, 6, 8]
[16, 17, 18, 19, 20, 21, 22, 23, 24, 25, 26, 27, 28]


6
process id 13
stats
5, 15, 7, 100, 1000
20220728-225540
loosing coalitions taken
[1, 3, 8, 11, 17]
[1, 2, 9, 12, 13]
[1, 3, 7, 14, 22]
[2, 4, 5, 19]
[1, 4, 7, 8]
[1, 5, 6, 11, 24]
[3, 4, 6, 13, 21]
[2, 3, 5, 24]
[2, 3, 6, 16, 19]
[1, 4, 6, 22]
[3, 4, 5, 15]
[2, 4, 6, 8]
[1, 2, 8, 10, 20]
[1, 2, 7, 15, 18]
[16, 17, 18, 19, 20, 21, 22, 23, 24, 25, 26, 27, 28]


5
process id 11
stats
5, 15, 7, 100, 1000
20220728-225540
loosing coalitions taken
[2, 4, 5, 22, 24]
[2, 3, 5, 23]
[1, 5, 6, 10, 24]
[2, 4, 6, 14, 20]
[1, 3, 8, 12, 19]
[3, 4, 6, 11, 19]
[1, 4, 6, 22]
[1, 2, 10, 12, 14]
[3, 4, 5, 10]
[1, 2, 7, 9, 28]
[1, 3, 7, 14, 21]
[1, 4, 7, 8, 25]
[2, 3, 6, 13, 22]
[1, 2, 8, 13, 20]
[16, 17, 18, 19, 20, 21, 22, 23, 24, 25, 26, 27, 28]


5
process id 3
stats
5, 15, 7, 100, 1000
20220728-225541
loosing coalitions taken
[1, 2, 8, 9, 21]
[1, 3, 7, 15, 19]
[1, 2, 7, 14, 20]
[1, 3, 9, 10, 12]
[2, 3, 6, 9]
[1, 4, 7, 8]
[2, 4, 5, 20]
[3, 4, 5, 12]
[1, 5, 6, 15, 17]
[2, 3, 5, 24]
[1, 4, 6, 27]
[3, 4, 6, 8]
[2, 4, 6, 12, 16]
[1, 2, 10, 11, 13]
[16, 17, 18, 19, 20, 21, 22, 23, 24, 25, 26, 27, 28]


6
process id 9
stats
5, 15, 7, 100, 1000
20220728-225542
loosing coalitions taken
[1, 2, 8, 14, 18]
[1, 3, 9, 10, 11]
[3, 4, 6, 11, 18]
[2, 3, 6, 14]
[1, 2, 7, 13, 25]
[1, 3, 8, 12, 19]
[1, 4, 7, 11, 17]
[1, 4, 6, 25]
[1, 3, 7, 16, 18]
[2, 3, 5, 18]
[2, 4, 5, 15, 26]
[2, 4, 6, 13, 21]
[3, 4, 5, 16]
[1, 5, 6, 10, 24]
[16, 17, 18, 19, 20, 21, 22, 23, 24, 25, 26, 27, 28]


