Results
Max overall: 16
Min avg pop: 0.645
Min pop: 0.645

6
process id 0
stats
5, 16, 7, 100, 1000
20220820-160222
loosing coalitions taken
[1, 5, 6, 11, 24]
[1, 2, 10, 12, 13]
[1, 2, 7, 14, 23]
[3, 4, 6, 12, 21]
[1, 3, 8, 12, 18]
[1, 2, 8, 9, 21]
[1, 4, 8, 13, 14]
[3, 4, 5, 17, 27]
[2, 3, 6, 13]
[1, 3, 7, 15, 20]
[1, 4, 7, 10, 18]
[2, 4, 5, 19]
[2, 3, 5, 25]
[2, 3, 7, 8, 10]
[1, 3, 9, 10, 11]
[16, 17, 18, 19, 20, 21, 22, 23, 24, 25, 26, 27, 28]


6
process id 1
stats
5, 16, 7, 100, 1000
20220820-160225
loosing coalitions taken
[3, 4, 5, 17, 28]
[1, 2, 10, 11, 14]
[1, 4, 8, 12, 14]
[1, 4, 7, 10, 19]
[1, 5, 6, 11, 23]
[2, 4, 5, 20, 27]
[1, 3, 8, 11, 19]
[2, 3, 6, 19, 21]
[1, 2, 7, 16, 17]
[2, 3, 5, 22]
[1, 2, 8, 9, 18]
[3, 4, 6, 14, 18]
[2, 4, 6, 10, 24]
[1, 3, 7, 14, 20]
[1, 3, 9, 10, 12]
[16, 17, 18, 19, 20, 21, 22, 23, 24, 25, 26, 27, 28]


6
process id 3
stats
5, 16, 7, 100, 1000
20220820-160229
loosing coalitions taken
[1, 5, 6, 12, 24]
[1, 2, 8, 15, 17]
[3, 4, 5, 20, 24]
[3, 4, 6, 12, 21]
[1, 3, 7, 16, 19]
[1, 4, 7, 10, 17]
[1, 2, 7, 13, 23]
[2, 3, 6, 18, 20]
[2, 4, 5, 21, 25]
[1, 3, 9, 10, 11]
[1, 4, 8, 13, 14]
[2, 3, 7, 8, 10]
[2, 3, 5, 23, 27]
[2, 4, 6, 11, 22]
[1, 2, 10, 12, 14]
[16, 17, 18, 19, 20, 21, 22, 23, 24, 25, 26, 27, 28]


6
process id 0
stats
5, 16, 7, 100, 1000
20220820-160233
loosing coalitions taken
[1, 4, 7, 9, 19]
[1, 2, 7, 16, 21]
[1, 2, 9, 12, 14]
[1, 5, 6, 10, 25]
[1, 2, 8, 11, 20]
[1, 3, 7, 11, 22]
[3, 4, 5, 16]
[2, 3, 6, 14]
[1, 4, 8, 10, 14]
[1, 3, 8, 12, 19]
[2, 4, 5, 18]
[2, 3, 5, 22]
[2, 3, 7, 8, 10]
[2, 4, 6, 12, 22]
[3, 4, 6, 13, 18]
[16, 17, 18, 19, 20, 21, 22, 23, 24, 25, 26, 27, 28]


6
process id 5
stats
5, 16, 7, 100, 1000
20220820-160234
loosing coalitions taken
[1, 5, 6, 15, 21]
[3, 4, 5, 20, 24]
[2, 3, 6, 16, 23]
[1, 2, 7, 12, 25]
[3, 4, 6, 14, 18]
[2, 4, 5, 17]
[1, 3, 7, 9, 23]
[1, 4, 8, 10, 15]
[1, 2, 9, 10, 13]
[2, 3, 7, 8, 10]
[2, 3, 5, 25]
[1, 2, 8, 14, 17]
[2, 4, 6, 13, 21]
[1, 3, 8, 12, 16]
[1, 4, 7, 14, 16]
[16, 17, 18, 19, 20, 21, 22, 23, 24, 25, 26, 27, 28]


6
process id 7
stats
5, 16, 7, 100, 1000
20220820-160235
loosing coalitions taken
[1, 5, 6, 15, 21]
[1, 4, 8, 10, 15]
[1, 2, 7, 12, 25]
[2, 4, 5, 18]
[1, 3, 7, 15, 18]
[1, 3, 9, 10, 12]
[3, 4, 6, 14, 20]
[2, 3, 7, 8, 10]
[2, 3, 6, 13, 27]
[2, 3, 5, 24]
[2, 4, 6, 11, 23]
[1, 4, 7, 11, 17]
[3, 4, 5, 19, 22]
[1, 2, 10, 11, 14]
[1, 2, 8, 13, 19]
[16, 17, 18, 19, 20, 21, 22, 23, 24, 25, 26, 27, 28]


6
process id 2
stats
5, 16, 7, 100, 1000
20220820-160237
loosing coalitions taken
[2, 4, 5, 19]
[1, 2, 7, 14, 24]
[1, 3, 9, 10, 12]
[1, 5, 6, 12, 24]
[1, 3, 8, 14, 16]
[1, 4, 7, 13, 16]
[2, 3, 6, 14, 27]
[2, 3, 7, 8, 10]
[3, 4, 6, 15, 17]
[1, 4, 8, 10, 15]
[1, 3, 7, 11, 21]
[1, 2, 8, 12, 18]
[3, 4, 5, 18, 26]
[2, 3, 5, 25]
[2, 4, 6, 13, 20]
[16, 17, 18, 19, 20, 21, 22, 23, 24, 25, 26, 27, 28]


6
process id 4
stats
5, 16, 7, 100, 1000
20220820-160238
loosing coalitions taken
[2, 4, 5, 20]
[1, 3, 9, 10, 12]
[1, 2, 7, 12, 25]
[1, 4, 7, 9, 18]
[1, 5, 6, 11, 25]
[2, 3, 6, 13]
[2, 3, 5, 23]
[1, 2, 8, 10, 21]
[3, 4, 6, 10, 21]
[2, 4, 6, 9, 24]
[1, 2, 9, 11, 14]
[3, 4, 5, 16, 27]
[2, 5, 6, 7, 15]
[1, 3, 8, 11, 18]
[1, 4, 8, 12, 14]
[16, 17, 18, 19, 20, 21, 22, 23, 24, 25, 26, 27, 28]


6
process id 5
stats
5, 16, 7, 100, 1000
20220820-160243
loosing coalitions taken
[1, 5, 6, 16, 20]
[3, 4, 6, 13, 20]
[1, 3, 8, 12, 19]
[1, 3, 9, 10, 11]
[2, 4, 5, 22, 23]
[1, 2, 7, 15, 22]
[1, 4, 8, 13, 14]
[2, 3, 5, 25]
[2, 4, 6, 11, 24]
[1, 2, 9, 12, 14]
[1, 2, 8, 11, 21]
[3, 4, 5, 18, 27]
[2, 3, 6, 17, 21]
[3, 5, 6, 7, 12]
[1, 3, 7, 16, 17]
[16, 17, 18, 19, 20, 21, 22, 23, 24, 25, 26, 27, 28]


6
process id 6
stats
5, 16, 7, 100, 1000
20220820-160253
loosing coalitions taken
[3, 4, 6, 13, 19]
[1, 4, 8, 9, 15]
[2, 3, 7, 8, 9]
[1, 2, 9, 12, 13]
[1, 5, 6, 16, 17]
[1, 3, 7, 15, 20]
[1, 2, 8, 14, 18]
[2, 3, 6, 16, 24]
[2, 4, 5, 20]
[1, 2, 7, 11, 26]
[1, 3, 8, 11, 19]
[2, 3, 5, 23]
[3, 4, 5, 16]
[2, 4, 6, 15, 17]
[1, 4, 7, 10, 18]
[16, 17, 18, 19, 20, 21, 22, 23, 24, 25, 26, 27, 28]


6
process id 1
stats
5, 16, 7, 100, 1000
20220820-160256
loosing coalitions taken
[2, 3, 6, 15, 26]
[1, 3, 9, 10, 12]
[1, 4, 7, 10, 17]
[1, 3, 7, 11, 22]
[1, 2, 7, 16, 20]
[3, 4, 5, 17, 28]
[2, 3, 5, 24]
[1, 5, 6, 16, 17]
[2, 4, 6, 12, 23]
[1, 4, 8, 12, 14]
[3, 4, 6, 9, 22]
[2, 4, 5, 18]
[1, 3, 8, 15, 16]
[2, 3, 7, 8, 9]
[1, 2, 8, 13, 18]
[16, 17, 18, 19, 20, 21, 22, 23, 24, 25, 26, 27, 28]


5
process id 6
stats
5, 16, 7, 100, 1000
20220820-160257
loosing coalitions taken
[1, 3, 7, 14, 22]
[2, 4, 5, 20]
[1, 2, 7, 9]
[1, 5, 6, 11, 24]
[1, 4, 8, 10, 15]
[2, 3, 6, 12]
[2, 3, 5, 25]
[2, 4, 6, 14, 21]
[1, 2, 8, 12, 21]
[3, 4, 5, 15]
[3, 4, 6, 11, 17]
[2, 3, 7, 8, 10]
[1, 3, 8, 9, 18]
[1, 4, 7, 12, 16]
[1, 2, 10, 11, 13]
[16, 17, 18, 19, 20, 21, 22, 23, 24, 25, 26, 27, 28]


6
process id 7
stats
5, 16, 7, 100, 1000
20220820-160258
loosing coalitions taken
[1, 5, 6, 14, 22]
[1, 3, 8, 11, 18]
[1, 2, 8, 12, 21]
[1, 4, 8, 10, 15]
[2, 3, 6, 13]
[1, 4, 7, 9, 17]
[1, 2, 7, 10, 28]
[1, 3, 9, 10, 12]
[2, 4, 5, 17]
[2, 3, 7, 8, 9]
[2, 3, 5, 25]
[1, 3, 7, 13, 20]
[3, 4, 5, 15]
[2, 4, 6, 10, 22]
[3, 4, 6, 11, 17]
[16, 17, 18, 19, 20, 21, 22, 23, 24, 25, 26, 27, 28]


6
process id 4
stats
5, 16, 7, 100, 1000
20220820-160305
loosing coalitions taken
[1, 4, 7, 13, 16]
[1, 2, 7, 9]
[3, 4, 5, 16]
[2, 4, 5, 19]
[1, 3, 8, 9, 19]
[1, 5, 6, 9, 23]
[2, 3, 5, 24]
[2, 4, 6, 16, 18]
[1, 2, 10, 11, 14]
[2, 3, 7, 8, 10]
[1, 4, 8, 12, 14]
[1, 2, 8, 15, 16]
[2, 3, 6, 14]
[1, 3, 7, 14, 18]
[3, 4, 6, 11, 17]
[16, 17, 18, 19, 20, 21, 22, 23, 24, 25, 26, 27, 28]


6
process id 0
stats
5, 16, 7, 100, 1000
20220820-160307
loosing coalitions taken
[1, 2, 9, 12, 14]
[1, 2, 8, 15, 17]
[1, 3, 9, 10, 11]
[1, 3, 7, 15, 20]
[1, 5, 6, 10, 24]
[2, 3, 6, 13]
[1, 4, 7, 9, 18]
[1, 3, 8, 12, 18]
[1, 4, 8, 11, 13]
[2, 4, 5, 21, 27]
[2, 3, 5, 25]
[3, 4, 5, 15]
[3, 4, 6, 14, 18]
[1, 2, 7, 13, 22]
[2, 4, 6, 12, 23]
[16, 17, 18, 19, 20, 21, 22, 23, 24, 25, 26, 27, 28]


6
process id 2
stats
5, 16, 7, 100, 1000
20220820-160314
loosing coalitions taken
[1, 5, 6, 10, 26]
[1, 4, 8, 13, 14]
[1, 3, 7, 14, 22]
[2, 3, 6, 15, 25]
[1, 2, 8, 11, 20]
[1, 2, 7, 13, 25]
[1, 4, 7, 9, 19]
[2, 3, 7, 8, 9]
[2, 4, 6, 16, 17]
[3, 4, 6, 9, 21]
[2, 4, 5, 20]
[1, 3, 8, 10, 18]
[2, 3, 5, 24]
[3, 4, 5, 16]
[1, 2, 10, 12, 14]
[16, 17, 18, 19, 20, 21, 22, 23, 24, 25, 26, 27, 28]


5
process id 5
stats
5, 16, 7, 100, 1000
20220820-160322
loosing coalitions taken
[1, 2, 8, 9, 22]
[1, 2, 7, 11, 27]
[1, 2, 10, 12, 13]
[1, 3, 8, 15, 16]
[1, 5, 6, 14, 22]
[1, 3, 7, 12, 21]
[3, 4, 6, 13, 18]
[1, 4, 8, 12, 14]
[2, 3, 6, 10]
[2, 3, 5, 24]
[1, 4, 7, 9, 16]
[2, 4, 6, 12, 22]
[3, 4, 5, 16]
[2, 4, 5, 17, 25]
[1, 3, 9, 10, 11]
[16, 17, 18, 19, 20, 21, 22, 23, 24, 25, 26, 27, 28]


6
process id 4
stats
5, 16, 7, 100, 1000
20220820-160327
loosing coalitions taken
[1, 5, 6, 9, 26]
[1, 2, 7, 9]
[1, 3, 8, 11, 19]
[3, 4, 5, 19, 25]
[1, 4, 8, 13, 14]
[2, 3, 6, 14]
[2, 4, 5, 20]
[1, 2, 10, 11, 13]
[2, 3, 5, 22]
[1, 3, 7, 15, 18]
[1, 2, 8, 12, 18]
[3, 4, 6, 13, 18]
[2, 4, 6, 16, 17]
[2, 3, 7, 8, 10]
[1, 4, 7, 11, 16]
[16, 17, 18, 19, 20, 21, 22, 23, 24, 25, 26, 27, 28]


6
process id 7
stats
5, 16, 7, 100, 1000
20220820-160328
loosing coalitions taken
[1, 5, 6, 16, 19]
[1, 4, 7, 9, 17]
[2, 3, 7, 8, 10]
[1, 3, 8, 9, 19]
[1, 3, 7, 15, 21]
[1, 2, 9, 11, 12]
[1, 2, 7, 16, 20]
[2, 4, 5, 17]
[2, 3, 6, 9]
[2, 3, 5, 25]
[1, 4, 8, 11, 13]
[3, 4, 5, 16]
[2, 4, 6, 14, 20]
[3, 4, 6, 11, 17]
[1, 2, 8, 14, 18]
[16, 17, 18, 19, 20, 21, 22, 23, 24, 25, 26, 27, 28]


6
process id 1
stats
5, 16, 7, 100, 1000
20220820-160335
loosing coalitions taken
[1, 2, 7, 16, 20]
[1, 4, 8, 12, 14]
[2, 4, 5, 18]
[1, 3, 7, 13, 22]
[1, 2, 8, 13, 19]
[1, 4, 7, 10, 19]
[2, 3, 6, 14]
[1, 3, 8, 9, 20]
[1, 2, 10, 11, 12]
[3, 4, 5, 19, 26]
[2, 3, 5, 23]
[3, 4, 6, 13, 21]
[1, 5, 6, 9, 23]
[2, 4, 6, 9, 25]
[2, 3, 7, 8, 10]
[16, 17, 18, 19, 20, 21, 22, 23, 24, 25, 26, 27, 28]


6
process id 5
stats
5, 16, 7, 100, 1000
20220820-160342
loosing coalitions taken
[1, 2, 7, 17, 18]
[1, 2, 9, 12, 14]
[2, 4, 5, 20]
[3, 4, 6, 11, 21]
[1, 5, 6, 10, 25]
[2, 3, 7, 8, 10]
[1, 2, 8, 11, 21]
[1, 3, 7, 15, 21]
[1, 4, 7, 9, 19]
[3, 4, 5, 15]
[2, 3, 5, 25, 26]
[2, 3, 6, 9]
[1, 4, 8, 13, 14]
[1, 3, 8, 9, 20]
[2, 4, 6, 12, 22]
[16, 17, 18, 19, 20, 21, 22, 23, 24, 25, 26, 27, 28]


6
process id 4
stats
5, 16, 7, 100, 1000
20220820-160349
loosing coalitions taken
[1, 4, 8, 10, 15]
[2, 4, 5, 20]
[1, 4, 7, 9, 19]
[1, 5, 6, 13, 23]
[2, 3, 6, 15, 26]
[3, 4, 6, 9, 22]
[2, 3, 5, 25]
[3, 4, 5, 16]
[1, 2, 10, 12, 13]
[1, 3, 8, 12, 19]
[2, 4, 6, 13, 21]
[1, 3, 9, 10, 11]
[1, 2, 7, 16, 21]
[1, 2, 8, 11, 18]
[1, 3, 7, 14, 20]
[16, 17, 18, 19, 20, 21, 22, 23, 24, 25, 26, 27, 28]


6
process id 4
stats
5, 16, 7, 100, 1000
20220820-160354
loosing coalitions taken
[1, 3, 8, 15, 16]
[2, 3, 7, 8, 9]
[1, 3, 7, 14, 22]
[2, 3, 6, 14]
[1, 2, 10, 11, 13]
[1, 2, 7, 16, 21]
[1, 5, 6, 13, 23]
[1, 4, 8, 11, 12]
[1, 2, 8, 14, 18]
[2, 4, 6, 10, 24]
[2, 3, 5, 25]
[3, 4, 5, 15]
[2, 4, 5, 19]
[1, 3, 9, 10, 12]
[3, 4, 6, 11, 18]
[16, 17, 18, 19, 20, 21, 22, 23, 24, 25, 26, 27, 28]


6
process id 1
stats
5, 16, 7, 100, 1000
20220820-160359
loosing coalitions taken
[1, 3, 9, 10, 12]
[1, 2, 9, 11, 14]
[1, 2, 8, 12, 21]
[2, 4, 5, 20]
[1, 4, 7, 10, 19]
[1, 3, 8, 11, 17]
[1, 3, 7, 14, 22]
[2, 3, 6, 14]
[1, 2, 7, 13, 25]
[3, 4, 5, 15]
[1, 5, 6, 10, 22]
[1, 4, 8, 9, 13]
[3, 4, 6, 9, 20]
[2, 3, 5, 23]
[2, 4, 6, 15, 21]
[16, 17, 18, 19, 20, 21, 22, 23, 24, 25, 26, 27, 28]


6
process id 4
stats
5, 16, 7, 100, 1000
20220820-160416
loosing coalitions taken
[1, 2, 7, 15, 22]
[2, 4, 6, 13, 22]
[1, 5, 6, 10, 24]
[2, 3, 7, 8, 9]
[2, 4, 5, 19]
[1, 2, 9, 11, 12]
[2, 3, 6, 11]
[1, 2, 8, 14, 20]
[1, 3, 8, 12, 17]
[2, 3, 5, 24]
[3, 4, 5, 15]
[1, 4, 8, 9, 13]
[1, 4, 7, 10, 19]
[3, 4, 6, 14, 18]
[1, 3, 7, 14, 21]
[16, 17, 18, 19, 20, 21, 22, 23, 24, 25, 26, 27, 28]


6
process id 0
stats
5, 16, 7, 100, 1000
20220820-160416
loosing coalitions taken
[1, 2, 9, 12, 14]
[1, 4, 7, 13, 16]
[3, 4, 6, 9, 22]
[1, 2, 8, 13, 19]
[2, 4, 6, 15, 21]
[2, 3, 6, 14]
[1, 3, 8, 12, 18]
[1, 2, 7, 10, 28]
[1, 5, 6, 16, 18]
[3, 4, 5, 19, 25]
[1, 3, 7, 11, 22]
[2, 4, 5, 17]
[2, 3, 5, 23]
[1, 4, 8, 10, 14]
[2, 3, 7, 8, 9]
[16, 17, 18, 19, 20, 21, 22, 23, 24, 25, 26, 27, 28]


6
process id 5
stats
5, 16, 7, 100, 1000
20220820-160421
loosing coalitions taken
[1, 3, 8, 12, 18]
[1, 2, 7, 11, 27]
[2, 3, 7, 8, 10]
[1, 3, 7, 15, 20]
[1, 3, 9, 10, 11]
[1, 2, 10, 12, 13]
[1, 2, 8, 9, 22]
[1, 4, 7, 10, 17]
[1, 5, 6, 15, 21]
[1, 4, 8, 13, 14]
[2, 4, 5, 19]
[2, 3, 6, 13, 27]
[2, 3, 5, 24]
[3, 4, 5, 20, 23]
[3, 4, 6, 11, 19]
[16, 17, 18, 19, 20, 21, 22, 23, 24, 25, 26, 27, 28]


6
process id 1
stats
5, 16, 7, 100, 1000
20220820-160424
loosing coalitions taken
[1, 3, 9, 10, 11]
[2, 3, 6, 19, 21]
[1, 5, 6, 11, 23]
[2, 3, 5, 24]
[2, 4, 5, 20]
[1, 2, 8, 14, 20]
[1, 2, 7, 9]
[3, 4, 6, 12, 20]
[1, 4, 7, 14, 16]
[1, 3, 7, 12, 22]
[2, 4, 6, 11, 24]
[3, 4, 5, 16]
[1, 3, 8, 13, 16]
[1, 4, 8, 10, 12]
[2, 3, 7, 8, 10]
[16, 17, 18, 19, 20, 21, 22, 23, 24, 25, 26, 27, 28]


6
process id 2
stats
5, 16, 7, 100, 1000
20220820-160430
loosing coalitions taken
[1, 4, 8, 12, 14]
[2, 3, 6, 13]
[1, 3, 8, 11, 17]
[2, 4, 5, 18]
[1, 2, 7, 9, 24]
[1, 3, 7, 12, 22]
[1, 5, 6, 10, 23]
[3, 4, 5, 19, 23]
[2, 3, 5, 24]
[3, 4, 6, 15, 16]
[1, 4, 7, 11, 16]
[2, 4, 6, 9, 22]
[1, 2, 8, 15, 16]
[2, 3, 7, 8, 10]
[1, 2, 10, 12, 13]
[16, 17, 18, 19, 20, 21, 22, 23, 24, 25, 26, 27, 28]


6
process id 7
stats
5, 16, 7, 100, 1000
20220820-160445
loosing coalitions taken
[2, 3, 7, 8, 10]
[3, 4, 6, 12, 20]
[1, 2, 10, 11, 13]
[1, 2, 7, 9]
[1, 3, 8, 12, 19]
[1, 5, 6, 11, 25]
[1, 4, 8, 10, 15]
[3, 4, 5, 16, 28]
[1, 3, 7, 15, 20]
[2, 4, 5, 20]
[2, 4, 6, 15, 19]
[1, 4, 7, 13, 16]
[2, 3, 5, 22]
[1, 2, 8, 14, 17]
[2, 3, 6, 13]
[16, 17, 18, 19, 20, 21, 22, 23, 24, 25, 26, 27, 28]


6
process id 4
stats
5, 16, 7, 100, 1000
20220820-160445
loosing coalitions taken
[2, 3, 6, 14]
[1, 3, 7, 9, 23]
[1, 4, 7, 10, 18]
[1, 2, 9, 12, 13]
[1, 3, 8, 12, 18]
[2, 4, 5, 17]
[3, 4, 6, 11, 19]
[1, 2, 7, 11, 27]
[2, 3, 5, 25]
[1, 2, 8, 14, 19]
[3, 4, 5, 16]
[2, 3, 7, 8, 10]
[1, 5, 6, 14, 21]
[1, 4, 8, 11, 13]
[2, 4, 6, 10, 22]
[16, 17, 18, 19, 20, 21, 22, 23, 24, 25, 26, 27, 28]


6
process id 5
stats
5, 16, 7, 100, 1000
20220820-160448
loosing coalitions taken
[1, 2, 9, 11, 13]
[2, 3, 6, 13]
[1, 3, 9, 10, 12]
[1, 3, 8, 15, 16]
[3, 4, 5, 20, 24]
[1, 4, 7, 9, 17]
[1, 5, 6, 15, 20]
[2, 4, 5, 17]
[1, 2, 8, 12, 21]
[1, 4, 8, 10, 13]
[2, 3, 5, 25]
[3, 4, 6, 9, 22]
[2, 4, 6, 11, 23]
[1, 2, 7, 14, 23]
[1, 3, 7, 13, 22]
[16, 17, 18, 19, 20, 21, 22, 23, 24, 25, 26, 27, 28]


7
process id 3
stats
5, 16, 7, 100, 1000
20220820-160451
loosing coalitions taken
[1, 2, 9, 10, 14]
[1, 3, 7, 15, 20]
[1, 5, 6, 16, 18]
[1, 4, 7, 10, 17]
[1, 2, 7, 16, 21]
[2, 3, 6, 13]
[2, 4, 5, 18]
[1, 4, 8, 13, 14]
[1, 2, 8, 12, 20]
[1, 3, 8, 9, 19]
[2, 4, 6, 11, 21]
[3, 4, 5, 15]
[2, 3, 5, 24, 27]
[3, 4, 6, 12, 17]
[2, 3, 7, 8, 10]
[16, 17, 18, 19, 20, 21, 22, 23, 24, 25, 26, 27, 28]


6
process id 0
stats
5, 16, 7, 100, 1000
20220820-160455
loosing coalitions taken
[1, 4, 8, 11, 13]
[1, 2, 10, 11, 12]
[1, 3, 7, 15, 20]
[2, 4, 6, 15, 21]
[1, 2, 8, 14, 18]
[3, 4, 6, 14, 18]
[1, 3, 8, 12, 17]
[1, 5, 6, 12, 22]
[1, 2, 7, 13, 23]
[1, 4, 7, 9, 18]
[2, 3, 6, 17, 19]
[2, 4, 5, 18, 26]
[2, 3, 5, 27, 28]
[3, 4, 5, 16]
[2, 3, 7, 8, 10]
[16, 17, 18, 19, 20, 21, 22, 23, 24, 25, 26, 27, 28]


6
process id 3
stats
5, 16, 7, 100, 1000
20220820-160503
loosing coalitions taken
[2, 4, 5, 20]
[2, 3, 7, 8, 9]
[1, 5, 6, 9, 24]
[1, 4, 8, 11, 14]
[1, 2, 8, 13, 19]
[2, 3, 6, 11]
[1, 4, 7, 10, 19]
[1, 2, 9, 10, 14]
[2, 3, 5, 24]
[2, 4, 6, 15, 21]
[3, 4, 5, 16]
[3, 4, 6, 10, 20]
[1, 3, 7, 15, 20]
[1, 2, 7, 16, 18]
[1, 3, 8, 12, 18]
[16, 17, 18, 19, 20, 21, 22, 23, 24, 25, 26, 27, 28]


6
process id 0
stats
5, 16, 7, 100, 1000
20220820-160503
loosing coalitions taken
[1, 4, 7, 10, 19]
[1, 5, 6, 15, 21]
[1, 4, 8, 12, 14]
[1, 2, 9, 11, 14]
[1, 3, 7, 14, 22]
[2, 3, 5, 25]
[1, 3, 8, 9, 18]
[2, 4, 6, 15, 19]
[2, 4, 5, 17]
[2, 3, 6, 9]
[3, 4, 5, 16]
[3, 4, 6, 14, 20]
[1, 2, 7, 17, 18]
[1, 2, 10, 12, 13]
[2, 3, 7, 8, 10]
[16, 17, 18, 19, 20, 21, 22, 23, 24, 25, 26, 27, 28]


6
process id 2
stats
5, 16, 7, 100, 1000
20220820-160504
loosing coalitions taken
[3, 4, 5, 21, 24]
[1, 2, 7, 13, 24]
[1, 4, 7, 9, 17]
[1, 3, 8, 10, 17]
[1, 2, 8, 11, 21]
[1, 5, 6, 11, 24]
[1, 2, 10, 12, 14]
[1, 4, 8, 13, 14]
[3, 4, 6, 15, 17]
[2, 3, 6, 10]
[2, 4, 5, 20]
[1, 3, 7, 14, 19]
[2, 4, 6, 13, 21]
[2, 3, 5, 23]
[2, 3, 7, 8, 9]
[16, 17, 18, 19, 20, 21, 22, 23, 24, 25, 26, 27, 28]


6
process id 4
stats
5, 16, 7, 100, 1000
20220820-160506
loosing coalitions taken
[2, 4, 5, 20]
[1, 2, 7, 17, 19]
[1, 2, 10, 11, 13]
[1, 3, 7, 15, 20]
[1, 3, 9, 10, 12]
[1, 5, 6, 15, 21]
[2, 3, 6, 12]
[3, 4, 5, 16]
[2, 3, 5, 23]
[2, 4, 6, 16, 17]
[1, 3, 8, 11, 19]
[1, 4, 7, 14, 16]
[3, 4, 6, 10, 21]
[1, 2, 8, 14, 20]
[1, 4, 8, 12, 13]
[16, 17, 18, 19, 20, 21, 22, 23, 24, 25, 26, 27, 28]


6
process id 2
stats
5, 16, 7, 100, 1000
20220820-160509
loosing coalitions taken
[3, 4, 6, 9, 22]
[1, 2, 8, 13, 20]
[1, 5, 6, 10, 26]
[1, 3, 8, 15, 16]
[1, 4, 7, 10, 19]
[1, 2, 7, 12, 24]
[2, 3, 5, 25]
[2, 4, 5, 20]
[2, 4, 6, 15, 21]
[1, 2, 10, 11, 14]
[2, 3, 6, 14]
[2, 3, 7, 8, 9]
[3, 4, 5, 17, 24]
[1, 3, 7, 14, 22]
[1, 4, 8, 11, 12]
[16, 17, 18, 19, 20, 21, 22, 23, 24, 25, 26, 27, 28]


