Results
Max overall: 16
Min avg pop: 0.645
Min pop: 0.646

6
process id 3
stats
5, 16, 7, 100, 1000
20220820-160832
loosing coalitions taken
[1, 3, 9, 10, 11]
[1, 2, 7, 11, 25]
[1, 3, 8, 15, 16]
[1, 2, 9, 12, 13]
[1, 4, 7, 9, 18]
[1, 3, 7, 13, 22]
[1, 5, 6, 13, 24]
[2, 4, 5, 21, 28]
[3, 4, 5, 18, 26]
[2, 3, 5, 25]
[2, 3, 6, 13]
[3, 4, 6, 9, 20]
[1, 4, 8, 12, 14]
[1, 2, 8, 10, 21]
[2, 4, 6, 10, 24]
[16, 17, 18, 19, 20, 21, 22, 23, 24, 25, 26, 27, 28]


6
process id 2
stats
5, 16, 7, 100, 1000
20220820-160836
loosing coalitions taken
[1, 2, 8, 12, 21]
[1, 4, 7, 9, 18]
[1, 2, 9, 11, 14]
[2, 4, 5, 20]
[1, 5, 6, 12, 24]
[1, 3, 7, 11, 23]
[1, 4, 8, 10, 15]
[3, 4, 6, 9, 22]
[1, 3, 8, 14, 16]
[2, 3, 6, 19, 20]
[3, 4, 5, 16]
[2, 3, 5, 22]
[2, 4, 6, 11, 23]
[1, 2, 7, 13, 22]
[1, 3, 9, 10, 12]
[16, 17, 18, 19, 20, 21, 22, 23, 24, 25, 26, 27, 28]


6
process id 7
stats
5, 16, 7, 100, 1000
20220820-160842
loosing coalitions taken
[1, 2, 8, 12, 21]
[1, 4, 7, 9, 18]
[2, 3, 7, 8, 10]
[1, 3, 7, 11, 23]
[3, 4, 6, 13, 21]
[1, 2, 7, 13, 24]
[1, 4, 8, 10, 15]
[2, 3, 6, 14]
[2, 4, 5, 20]
[1, 5, 6, 12, 24]
[2, 3, 5, 22]
[1, 3, 8, 9, 17]
[3, 4, 5, 16, 28]
[1, 2, 9, 11, 14]
[2, 4, 6, 11, 24]
[16, 17, 18, 19, 20, 21, 22, 23, 24, 25, 26, 27, 28]


6
process id 6
stats
5, 16, 7, 100, 1000
20220820-160847
loosing coalitions taken
[1, 3, 7, 15, 21]
[1, 3, 9, 10, 11]
[1, 3, 8, 12, 17]
[1, 2, 7, 9]
[2, 4, 5, 20]
[2, 3, 6, 15, 25]
[1, 4, 8, 13, 14]
[1, 5, 6, 11, 25]
[2, 3, 5, 23]
[3, 4, 6, 13, 18]
[2, 4, 6, 16, 19]
[1, 2, 8, 15, 16]
[2, 3, 7, 8, 10]
[1, 2, 10, 12, 14]
[3, 4, 5, 16]
[16, 17, 18, 19, 20, 21, 22, 23, 24, 25, 26, 27, 28]


6
process id 7
stats
5, 16, 7, 100, 1000
20220820-160848
loosing coalitions taken
[1, 2, 9, 12, 14]
[1, 3, 9, 10, 11]
[3, 4, 6, 9, 22]
[1, 2, 7, 16, 21]
[1, 3, 7, 14, 22]
[2, 4, 6, 10, 24]
[1, 4, 7, 9, 18]
[1, 5, 6, 13, 24]
[1, 3, 8, 12, 18]
[2, 3, 6, 14]
[2, 4, 5, 19]
[3, 4, 5, 16]
[2, 3, 5, 24]
[1, 2, 8, 10, 20]
[1, 4, 8, 11, 13]
[16, 17, 18, 19, 20, 21, 22, 23, 24, 25, 26, 27, 28]


6
process id 0
stats
5, 16, 7, 100, 1000
20220820-160854
loosing coalitions taken
[1, 5, 6, 16, 20]
[1, 3, 8, 11, 18]
[1, 4, 8, 13, 14]
[2, 4, 5, 17, 28]
[1, 2, 7, 12, 26]
[3, 4, 5, 19, 23]
[1, 3, 7, 13, 22]
[1, 2, 8, 9, 22]
[1, 4, 7, 11, 17]
[2, 3, 6, 18, 21]
[2, 3, 5, 25]
[2, 4, 6, 15, 19]
[1, 2, 10, 11, 13]
[1, 3, 9, 10, 12]
[3, 4, 6, 9, 22]
[16, 17, 18, 19, 20, 21, 22, 23, 24, 25, 26, 27, 28]


6
process id 6
stats
5, 16, 7, 100, 1000
20220820-160907
loosing coalitions taken
[1, 4, 8, 13, 14]
[2, 4, 6, 16, 18]
[1, 2, 7, 12, 26]
[1, 2, 8, 15, 17]
[3, 4, 6, 14, 20]
[1, 3, 7, 16, 19]
[1, 2, 9, 11, 14]
[2, 3, 6, 13]
[2, 4, 5, 17]
[1, 4, 7, 11, 17]
[2, 3, 5, 25]
[3, 4, 5, 16]
[1, 5, 6, 12, 24]
[1, 3, 9, 10, 12]
[2, 3, 7, 8, 10]
[16, 17, 18, 19, 20, 21, 22, 23, 24, 25, 26, 27, 28]


6
process id 0
stats
5, 16, 7, 100, 1000
20220820-160909
loosing coalitions taken
[1, 2, 7, 12, 26]
[2, 4, 5, 20]
[1, 2, 9, 11, 14]
[1, 5, 6, 11, 24]
[1, 3, 9, 10, 12]
[1, 4, 7, 9, 19]
[1, 3, 7, 13, 22]
[2, 3, 5, 22]
[2, 3, 6, 11, 28]
[3, 4, 6, 15, 16]
[1, 4, 8, 13, 14]
[1, 3, 8, 11, 17]
[1, 2, 8, 10, 20]
[2, 4, 6, 14, 21]
[3, 4, 5, 17, 26]
[16, 17, 18, 19, 20, 21, 22, 23, 24, 25, 26, 27, 28]


6
process id 5
stats
5, 16, 7, 100, 1000
20220820-160916
loosing coalitions taken
[3, 4, 5, 21, 23]
[1, 3, 8, 10, 19]
[1, 4, 8, 12, 14]
[1, 2, 9, 11, 14]
[1, 5, 6, 16, 18]
[1, 2, 7, 13, 24]
[1, 3, 7, 15, 20]
[2, 3, 6, 14]
[2, 4, 5, 19]
[2, 3, 5, 25]
[1, 4, 7, 11, 17]
[1, 2, 8, 15, 17]
[2, 4, 6, 9, 22]
[3, 4, 6, 11, 20]
[2, 3, 7, 8, 9]
[16, 17, 18, 19, 20, 21, 22, 23, 24, 25, 26, 27, 28]


6
process id 2
stats
5, 16, 7, 100, 1000
20220820-160917
loosing coalitions taken
[1, 2, 9, 11, 14]
[2, 3, 7, 8, 9]
[2, 3, 5, 27, 28]
[1, 5, 6, 16, 19]
[1, 2, 8, 15, 17]
[1, 4, 7, 11, 17]
[1, 3, 8, 11, 19]
[1, 4, 8, 12, 14]
[1, 3, 7, 15, 20]
[1, 3, 9, 10, 12]
[2, 4, 5, 20]
[2, 3, 6, 11]
[2, 4, 6, 15, 21]
[1, 2, 7, 13, 22]
[3, 4, 5, 21, 23]
[16, 17, 18, 19, 20, 21, 22, 23, 24, 25, 26, 27, 28]


6
process id 3
stats
5, 16, 7, 100, 1000
20220820-160917
loosing coalitions taken
[3, 4, 5, 21, 23]
[1, 5, 6, 9, 25]
[2, 3, 6, 14]
[1, 3, 8, 10, 18]
[1, 2, 8, 13, 20]
[1, 2, 7, 16, 21]
[1, 4, 7, 9, 18]
[1, 2, 10, 11, 12]
[2, 3, 5, 24]
[2, 4, 5, 19]
[2, 4, 6, 16, 17]
[3, 4, 6, 11, 18]
[1, 3, 7, 14, 20]
[1, 4, 8, 12, 14]
[2, 3, 7, 8, 9]
[16, 17, 18, 19, 20, 21, 22, 23, 24, 25, 26, 27, 28]


6
process id 5
stats
5, 16, 7, 100, 1000
20220820-160931
loosing coalitions taken
[2, 3, 6, 13]
[1, 5, 6, 14, 22]
[1, 4, 8, 10, 14]
[1, 3, 8, 11, 19]
[1, 3, 7, 15, 18]
[3, 4, 5, 16]
[2, 3, 5, 24]
[2, 4, 5, 19, 26]
[1, 2, 9, 11, 14]
[1, 2, 7, 17, 19]
[1, 3, 9, 10, 12]
[2, 4, 6, 10, 22]
[1, 2, 8, 15, 16]
[1, 4, 7, 13, 16]
[3, 4, 6, 11, 18]
[16, 17, 18, 19, 20, 21, 22, 23, 24, 25, 26, 27, 28]


6
process id 2
stats
5, 16, 7, 100, 1000
20220820-160938
loosing coalitions taken
[2, 4, 5, 20]
[1, 3, 7, 13, 22]
[1, 2, 7, 9]
[1, 4, 8, 13, 14]
[1, 3, 8, 11, 19]
[3, 4, 5, 19, 26]
[2, 4, 6, 16, 17]
[2, 3, 6, 12]
[1, 2, 10, 11, 14]
[2, 3, 5, 22]
[1, 5, 6, 9, 25]
[3, 4, 6, 11, 20]
[1, 2, 8, 12, 21]
[1, 4, 7, 12, 16]
[1, 3, 9, 10, 12]
[16, 17, 18, 19, 20, 21, 22, 23, 24, 25, 26, 27, 28]


6
process id 3
stats
5, 16, 7, 100, 1000
20220820-160946
loosing coalitions taken
[1, 5, 6, 13, 23]
[2, 4, 6, 16, 18]
[2, 3, 5, 24]
[1, 4, 7, 11, 17]
[3, 4, 6, 13, 21]
[1, 3, 9, 10, 12]
[1, 4, 8, 10, 14]
[1, 2, 8, 12, 21]
[2, 3, 6, 12]
[3, 4, 5, 16]
[2, 4, 5, 20]
[1, 3, 7, 14, 20]
[1, 2, 9, 11, 14]
[2, 3, 7, 8, 9]
[1, 2, 7, 16, 19]
[16, 17, 18, 19, 20, 21, 22, 23, 24, 25, 26, 27, 28]


6
process id 6
stats
5, 16, 7, 100, 1000
20220820-160948
loosing coalitions taken
[2, 4, 5, 20]
[3, 4, 6, 9, 22]
[1, 4, 8, 11, 14]
[1, 3, 7, 15, 20]
[2, 3, 5, 24]
[1, 2, 7, 12, 25]
[3, 4, 5, 18, 26]
[2, 4, 6, 16, 19]
[1, 5, 6, 10, 26]
[1, 4, 7, 13, 16]
[1, 2, 8, 15, 17]
[2, 3, 7, 8, 9]
[2, 3, 6, 14]
[1, 3, 8, 12, 19]
[1, 2, 9, 11, 13]
[16, 17, 18, 19, 20, 21, 22, 23, 24, 25, 26, 27, 28]


6
process id 7
stats
5, 16, 7, 100, 1000
20220820-160950
loosing coalitions taken
[1, 3, 8, 15, 16]
[1, 3, 7, 11, 23]
[1, 2, 10, 11, 13]
[1, 5, 6, 13, 23]
[2, 3, 6, 15, 27]
[3, 4, 6, 9, 22]
[1, 2, 7, 15, 22]
[2, 3, 7, 8, 10]
[1, 2, 8, 14, 18]
[2, 4, 5, 20, 28]
[3, 4, 5, 19, 25]
[1, 4, 7, 10, 17]
[2, 3, 5, 24]
[2, 4, 6, 11, 23]
[1, 4, 8, 9, 13]
[16, 17, 18, 19, 20, 21, 22, 23, 24, 25, 26, 27, 28]


6
process id 1
stats
5, 16, 7, 100, 1000
20220820-160950
loosing coalitions taken
[3, 4, 5, 18, 27]
[1, 2, 10, 12, 14]
[1, 2, 7, 15, 22]
[1, 2, 9, 11, 13]
[1, 4, 7, 9, 17]
[1, 4, 8, 12, 13]
[2, 4, 5, 17]
[1, 3, 7, 14, 21]
[1, 3, 8, 9, 20]
[3, 4, 6, 12, 21]
[2, 3, 6, 15, 27]
[2, 3, 5, 24]
[1, 5, 6, 11, 24]
[2, 3, 7, 8, 10]
[2, 4, 6, 11, 23]
[16, 17, 18, 19, 20, 21, 22, 23, 24, 25, 26, 27, 28]


6
process id 4
stats
5, 16, 7, 100, 1000
20220820-160951
loosing coalitions taken
[1, 3, 9, 10, 12]
[1, 5, 6, 13, 23]
[1, 3, 8, 15, 16]
[1, 2, 8, 9, 22]
[1, 4, 7, 9, 18]
[1, 3, 7, 11, 23]
[1, 2, 7, 13, 25]
[3, 4, 6, 14, 19]
[2, 4, 5, 19]
[1, 4, 8, 13, 14]
[2, 3, 5, 24]
[2, 3, 6, 11]
[2, 4, 6, 15, 17]
[3, 4, 5, 16]
[1, 2, 10, 11, 14]
[16, 17, 18, 19, 20, 21, 22, 23, 24, 25, 26, 27, 28]


6
process id 1
stats
5, 16, 7, 100, 1000
20220820-160957
loosing coalitions taken
[1, 5, 6, 11, 24]
[2, 4, 5, 20]
[1, 2, 10, 12, 14]
[2, 3, 5, 23]
[2, 3, 6, 13]
[1, 3, 8, 11, 17]
[2, 4, 6, 16, 17]
[3, 4, 6, 9, 22]
[1, 2, 8, 13, 20]
[1, 2, 7, 9]
[1, 4, 7, 14, 16]
[1, 4, 8, 10, 15]
[3, 4, 5, 16]
[2, 3, 7, 8, 10]
[1, 3, 7, 13, 22]
[16, 17, 18, 19, 20, 21, 22, 23, 24, 25, 26, 27, 28]


6
process id 4
stats
5, 16, 7, 100, 1000
20220820-160959
loosing coalitions taken
[1, 2, 10, 12, 14]
[2, 3, 6, 14]
[1, 4, 7, 9, 17]
[1, 3, 9, 10, 11]
[1, 2, 8, 15, 17]
[1, 4, 8, 11, 14]
[1, 5, 6, 13, 23]
[1, 3, 7, 15, 21]
[3, 4, 5, 16]
[2, 4, 6, 12, 22]
[2, 3, 5, 24]
[3, 4, 6, 9, 20]
[2, 4, 5, 19]
[2, 3, 7, 8, 10]
[1, 2, 7, 16, 18]
[16, 17, 18, 19, 20, 21, 22, 23, 24, 25, 26, 27, 28]


6
process id 5
stats
5, 16, 7, 100, 1000
20220820-161005
loosing coalitions taken
[1, 4, 8, 13, 14]
[1, 2, 7, 16, 21]
[1, 4, 7, 9, 19]
[2, 4, 5, 21, 26]
[2, 3, 6, 14]
[1, 3, 7, 12, 22]
[1, 3, 8, 11, 17]
[1, 5, 6, 10, 24]
[3, 4, 5, 17, 23]
[1, 2, 8, 12, 20]
[2, 4, 6, 9, 25]
[3, 4, 6, 12, 20]
[1, 2, 9, 10, 11]
[2, 3, 5, 25]
[2, 3, 7, 8, 10]
[16, 17, 18, 19, 20, 21, 22, 23, 24, 25, 26, 27, 28]


6
process id 0
stats
5, 16, 7, 100, 1000
20220820-161008
loosing coalitions taken
[2, 4, 5, 20]
[1, 4, 7, 14, 16]
[1, 5, 6, 14, 22]
[1, 2, 7, 11, 27]
[1, 3, 7, 15, 20]
[3, 4, 6, 14, 17]
[1, 4, 8, 12, 13]
[1, 3, 8, 9, 18]
[2, 3, 5, 23]
[2, 3, 6, 11]
[2, 4, 6, 12, 23]
[2, 3, 7, 8, 10]
[3, 4, 5, 16]
[1, 2, 8, 15, 16]
[1, 2, 9, 10, 13]
[16, 17, 18, 19, 20, 21, 22, 23, 24, 25, 26, 27, 28]


6
process id 6
stats
5, 16, 7, 100, 1000
20220820-161021
loosing coalitions taken
[2, 3, 7, 8, 10]
[2, 3, 6, 14]
[2, 4, 5, 21, 28]
[1, 4, 8, 12, 14]
[1, 3, 7, 11, 23]
[1, 5, 6, 15, 21]
[3, 4, 5, 19, 26]
[1, 2, 8, 11, 21]
[2, 4, 6, 11, 24]
[1, 3, 8, 9, 17]
[1, 2, 7, 9]
[1, 4, 7, 10, 19]
[3, 4, 6, 9, 22]
[2, 3, 5, 23]
[1, 2, 10, 12, 13]
[16, 17, 18, 19, 20, 21, 22, 23, 24, 25, 26, 27, 28]


6
process id 1
stats
5, 16, 7, 100, 1000
20220820-161021
loosing coalitions taken
[1, 3, 7, 16, 19]
[1, 3, 8, 12, 17]
[1, 2, 9, 12, 13]
[1, 3, 9, 10, 11]
[2, 3, 6, 14]
[2, 4, 5, 20]
[2, 3, 5, 24]
[1, 2, 8, 14, 19]
[3, 4, 6, 13, 21]
[1, 4, 7, 9, 18]
[2, 5, 6, 8, 11]
[2, 4, 6, 9, 24]
[1, 2, 7, 10, 26]
[1, 5, 6, 16, 18]
[3, 4, 5, 16, 28]
[16, 17, 18, 19, 20, 21, 22, 23, 24, 25, 26, 27, 28]


6
process id 5
stats
5, 16, 7, 100, 1000
20220820-161033
loosing coalitions taken
[1, 3, 7, 15, 20]
[1, 5, 6, 13, 22]
[1, 2, 7, 12, 26]
[1, 3, 8, 9, 19]
[1, 2, 8, 15, 17]
[1, 2, 10, 11, 13]
[1, 4, 8, 13, 14]
[2, 3, 6, 14]
[1, 4, 7, 10, 17]
[2, 3, 5, 25]
[3, 4, 5, 19, 26]
[2, 4, 5, 17]
[3, 4, 6, 11, 21]
[2, 3, 7, 8, 10]
[2, 4, 6, 10, 23]
[16, 17, 18, 19, 20, 21, 22, 23, 24, 25, 26, 27, 28]


6
process id 4
stats
5, 16, 7, 100, 1000
20220820-161035
loosing coalitions taken
[1, 5, 6, 12, 23]
[2, 3, 6, 14]
[1, 3, 9, 10, 11]
[1, 2, 7, 11, 27]
[1, 2, 8, 13, 20]
[2, 4, 5, 20]
[1, 4, 8, 9, 15]
[3, 4, 5, 16]
[2, 3, 5, 25]
[1, 4, 7, 10, 18]
[2, 4, 6, 11, 24]
[3, 4, 6, 10, 21]
[1, 3, 8, 12, 17]
[1, 3, 7, 14, 20]
[2, 3, 7, 8, 9]
[16, 17, 18, 19, 20, 21, 22, 23, 24, 25, 26, 27, 28]


6
process id 7
stats
5, 16, 7, 100, 1000
20220820-161036
loosing coalitions taken
[1, 4, 7, 14, 16]
[2, 3, 6, 17, 21]
[1, 3, 8, 9, 18]
[1, 2, 7, 9]
[1, 4, 8, 12, 13]
[1, 5, 6, 11, 23]
[2, 4, 5, 19]
[3, 4, 5, 16]
[2, 3, 5, 23]
[1, 2, 10, 11, 13]
[2, 4, 6, 9, 25]
[1, 2, 8, 14, 20]
[1, 3, 7, 15, 19]
[3, 4, 6, 14, 20]
[2, 3, 7, 8, 10]
[16, 17, 18, 19, 20, 21, 22, 23, 24, 25, 26, 27, 28]


6
process id 0
stats
5, 16, 7, 100, 1000
20220820-161037
loosing coalitions taken
[2, 4, 5, 20]
[1, 5, 6, 9, 26]
[2, 3, 7, 8, 9]
[1, 3, 7, 12, 22]
[1, 4, 8, 9, 15]
[3, 4, 6, 15, 17]
[2, 3, 6, 14]
[1, 4, 7, 13, 16]
[1, 2, 10, 11, 12]
[3, 4, 5, 16]
[2, 3, 5, 23]
[1, 2, 7, 17, 19]
[1, 2, 8, 14, 20]
[2, 4, 6, 13, 22]
[1, 3, 8, 11, 18]
[16, 17, 18, 19, 20, 21, 22, 23, 24, 25, 26, 27, 28]


6
process id 4
stats
5, 16, 7, 100, 1000
20220820-161041
loosing coalitions taken
[1, 2, 8, 15, 17]
[1, 2, 7, 11, 26]
[1, 4, 7, 10, 18]
[3, 4, 6, 9, 22]
[1, 3, 7, 15, 21]
[1, 5, 6, 11, 25]
[2, 3, 6, 13]
[1, 3, 8, 10, 19]
[1, 2, 10, 12, 14]
[2, 3, 5, 23]
[2, 3, 7, 8, 9]
[2, 4, 5, 20]
[3, 4, 5, 16]
[2, 4, 6, 15, 18]
[1, 4, 8, 9, 13]
[16, 17, 18, 19, 20, 21, 22, 23, 24, 25, 26, 27, 28]


6
process id 7
stats
5, 16, 7, 100, 1000
20220820-161044
loosing coalitions taken
[1, 5, 6, 13, 24]
[1, 4, 8, 9, 15]
[2, 3, 6, 19, 21]
[1, 2, 10, 12, 13]
[3, 4, 6, 13, 20]
[1, 3, 8, 12, 18]
[1, 3, 9, 10, 11]
[2, 4, 5, 20]
[2, 3, 7, 8, 9]
[2, 4, 6, 10, 23]
[3, 4, 5, 19, 23]
[2, 3, 5, 22]
[1, 3, 7, 15, 20]
[1, 2, 7, 17, 19]
[1, 4, 7, 14, 16]
[16, 17, 18, 19, 20, 21, 22, 23, 24, 25, 26, 27, 28]


6
process id 5
stats
5, 16, 7, 100, 1000
20220820-161045
loosing coalitions taken
[3, 4, 5, 18, 26]
[2, 4, 6, 14, 22]
[1, 3, 7, 16, 19]
[1, 3, 9, 10, 11]
[1, 3, 8, 12, 18]
[1, 4, 7, 10, 17]
[1, 2, 9, 12, 14]
[1, 2, 7, 15, 22]
[1, 2, 8, 10, 21]
[2, 4, 5, 17]
[2, 3, 6, 13]
[1, 4, 8, 11, 13]
[2, 3, 5, 24]
[3, 4, 6, 11, 20]
[1, 5, 6, 13, 23]
[16, 17, 18, 19, 20, 21, 22, 23, 24, 25, 26, 27, 28]


7
process id 2
stats
5, 16, 7, 100, 1000
20220820-161047
loosing coalitions taken
[1, 2, 9, 12, 14]
[1, 4, 8, 9, 15]
[1, 3, 7, 14, 22]
[1, 5, 6, 15, 21]
[1, 3, 8, 12, 18]
[1, 3, 9, 10, 11]
[1, 2, 7, 13, 25]
[2, 4, 5, 20, 27]
[3, 4, 5, 17, 25]
[2, 3, 5, 22]
[2, 3, 6, 11]
[1, 4, 7, 10, 18]
[3, 4, 6, 14, 18]
[1, 2, 8, 11, 20]
[2, 4, 6, 9, 23]
[16, 17, 18, 19, 20, 21, 22, 23, 24, 25, 26, 27, 28]


6
process id 3
stats
5, 16, 7, 100, 1000
20220820-161047
loosing coalitions taken
[1, 5, 6, 11, 25]
[1, 3, 8, 11, 19]
[1, 2, 7, 10, 27]
[1, 2, 8, 13, 20]
[1, 2, 9, 11, 14]
[1, 3, 7, 16, 18]
[1, 3, 9, 10, 12]
[2, 3, 6, 17, 21]
[2, 4, 6, 10, 23]
[2, 4, 5, 20, 25]
[2, 3, 5, 22]
[1, 4, 8, 9, 15]
[3, 4, 5, 16, 27]
[3, 4, 6, 9, 20]
[2, 5, 6, 7, 15]
[16, 17, 18, 19, 20, 21, 22, 23, 24, 25, 26, 27, 28]


6
process id 6
stats
5, 16, 7, 100, 1000
20220820-161056
loosing coalitions taken
[1, 2, 10, 11, 13]
[1, 5, 6, 12, 24]
[2, 3, 6, 11]
[1, 2, 8, 12, 21]
[1, 4, 7, 11, 17]
[1, 2, 7, 9]
[3, 4, 6, 9, 22]
[2, 3, 5, 24]
[2, 4, 5, 18]
[1, 3, 9, 10, 12]
[1, 3, 7, 13, 22]
[3, 4, 5, 16]
[1, 3, 8, 15, 16]
[2, 4, 6, 13, 20]
[2, 3, 7, 8, 10]
[16, 17, 18, 19, 20, 21, 22, 23, 24, 25, 26, 27, 28]


6
process id 2
stats
5, 16, 7, 100, 1000
20220820-161057
loosing coalitions taken
[1, 3, 8, 11, 19]
[1, 2, 9, 11, 14]
[1, 2, 7, 12, 26]
[1, 2, 8, 13, 20]
[1, 3, 9, 10, 12]
[2, 4, 5, 20]
[1, 4, 8, 10, 15]
[1, 5, 6, 9, 26]
[1, 3, 7, 15, 21]
[1, 4, 7, 11, 17]
[3, 4, 5, 18, 23]
[2, 3, 6, 13]
[2, 4, 6, 12, 22]
[2, 3, 5, 26, 27]
[2, 3, 7, 8, 10]
[16, 17, 18, 19, 20, 21, 22, 23, 24, 25, 26, 27, 28]


6
process id 3
stats
5, 16, 7, 100, 1000
20220820-161058
loosing coalitions taken
[1, 2, 8, 12, 21]
[1, 3, 8, 15, 16]
[2, 4, 5, 20, 26]
[2, 3, 6, 14]
[1, 5, 6, 13, 24]
[1, 2, 9, 11, 13]
[1, 3, 9, 10, 12]
[1, 2, 7, 17, 19]
[1, 4, 7, 10, 18]
[2, 3, 5, 23]
[3, 4, 5, 16]
[2, 4, 6, 9, 24]
[2, 3, 7, 8, 10]
[3, 4, 6, 12, 18]
[1, 3, 7, 14, 20]
[16, 17, 18, 19, 20, 21, 22, 23, 24, 25, 26, 27, 28]


6
process id 6
stats
5, 16, 7, 100, 1000
20220820-161104
loosing coalitions taken
[1, 2, 7, 16, 21]
[1, 2, 10, 11, 13]
[1, 3, 8, 12, 19]
[1, 2, 9, 12, 14]
[1, 3, 7, 15, 20]
[2, 4, 5, 20]
[1, 4, 7, 10, 18]
[3, 4, 6, 15, 17]
[3, 4, 5, 19, 26]
[1, 5, 6, 12, 24]
[2, 4, 6, 13, 21]
[2, 3, 7, 8, 10]
[2, 3, 6, 11, 28]
[2, 3, 5, 25]
[1, 4, 8, 11, 14]
[16, 17, 18, 19, 20, 21, 22, 23, 24, 25, 26, 27, 28]


6
process id 1
stats
5, 16, 7, 100, 1000
20220820-161117
loosing coalitions taken
[1, 4, 7, 11, 17]
[1, 2, 7, 10, 27]
[2, 3, 7, 8, 9]
[3, 4, 6, 15, 17]
[1, 5, 6, 10, 25]
[2, 3, 6, 13]
[1, 2, 8, 11, 21]
[1, 2, 9, 12, 14]
[1, 3, 9, 10, 11]
[1, 4, 8, 9, 15]
[2, 4, 5, 18]
[2, 3, 5, 23]
[1, 3, 7, 16, 19]
[3, 4, 5, 16]
[2, 4, 6, 11, 23]
[16, 17, 18, 19, 20, 21, 22, 23, 24, 25, 26, 27, 28]


6
process id 3
stats
5, 16, 7, 100, 1000
20220820-161121
loosing coalitions taken
[2, 4, 5, 20, 27]
[1, 2, 8, 14, 20]
[1, 3, 7, 16, 19]
[1, 4, 8, 10, 15]
[1, 2, 7, 17, 18]
[1, 2, 9, 11, 13]
[3, 4, 5, 21, 23]
[2, 3, 6, 14, 26]
[1, 5, 6, 12, 24]
[2, 3, 5, 24, 28]
[2, 5, 6, 7, 16]
[2, 4, 6, 9, 22]
[1, 3, 8, 11, 18]
[2, 3, 7, 8, 9]
[3, 4, 6, 15, 17]
[16, 17, 18, 19, 20, 21, 22, 23, 24, 25, 26, 27, 28]


6
process id 6
stats
5, 16, 7, 100, 1000
20220820-161122
loosing coalitions taken
[2, 4, 6, 9, 23]
[1, 2, 8, 11, 21]
[1, 4, 7, 10, 17]
[1, 2, 7, 9]
[1, 5, 6, 12, 23]
[1, 3, 8, 12, 18]
[3, 4, 5, 16]
[2, 3, 5, 22]
[2, 4, 5, 18]
[1, 3, 7, 15, 19]
[2, 3, 6, 13]
[3, 4, 6, 11, 21]
[1, 3, 9, 10, 11]
[1, 2, 10, 12, 14]
[1, 4, 8, 9, 14]
[16, 17, 18, 19, 20, 21, 22, 23, 24, 25, 26, 27, 28]


6
process id 0
stats
5, 16, 7, 100, 1000
20220820-161125
loosing coalitions taken
[2, 4, 6, 12, 22]
[1, 3, 9, 10, 12]
[1, 4, 8, 9, 15]
[1, 2, 7, 13, 24]
[1, 4, 7, 10, 17]
[1, 3, 7, 15, 21]
[1, 2, 8, 12, 21]
[2, 3, 6, 19, 21]
[2, 3, 5, 23]
[1, 3, 8, 11, 19]
[1, 5, 6, 9, 26]
[3, 4, 5, 19, 24]
[2, 4, 5, 18]
[3, 4, 6, 14, 17]
[2, 3, 7, 8, 10]
[16, 17, 18, 19, 20, 21, 22, 23, 24, 25, 26, 27, 28]


6
process id 2
stats
5, 16, 7, 100, 1000
20220820-161126
loosing coalitions taken
[2, 4, 5, 20]
[1, 4, 7, 10, 19]
[1, 3, 9, 10, 11]
[1, 2, 9, 12, 14]
[1, 4, 8, 9, 15]
[1, 2, 7, 17, 18]
[2, 3, 7, 8, 9]
[1, 2, 8, 11, 21]
[1, 3, 8, 12, 17]
[1, 5, 6, 14, 22]
[2, 3, 5, 22]
[2, 3, 6, 11]
[2, 4, 6, 16, 17]
[3, 4, 5, 16]
[3, 4, 6, 12, 20]
[16, 17, 18, 19, 20, 21, 22, 23, 24, 25, 26, 27, 28]


