Results
Max overall: 16
Min avg pop: 0.645
Min pop: 0.648

6
process id 1
stats
5, 16, 7, 100, 1000
20220820-162105
loosing coalitions taken
[1, 3, 8, 12, 18]
[1, 4, 7, 10, 18]
[1, 3, 7, 16, 19]
[1, 2, 7, 13, 25]
[2, 3, 6, 13]
[1, 4, 8, 11, 14]
[1, 5, 6, 15, 21]
[1, 3, 9, 10, 11]
[1, 2, 8, 15, 17]
[1, 2, 9, 12, 14]
[3, 4, 6, 9, 22]
[2, 4, 5, 20]
[2, 4, 6, 12, 23]
[2, 3, 5, 25]
[2, 3, 7, 8, 10]
[16, 17, 18, 19, 20, 21, 22, 23, 24, 25, 26, 27, 28]


6
process id 2
stats
5, 16, 7, 100, 1000
20220820-162108
loosing coalitions taken
[1, 4, 8, 9, 15]
[1, 3, 8, 11, 19]
[1, 2, 7, 15, 22]
[2, 4, 5, 20]
[2, 3, 6, 15, 27]
[1, 5, 6, 10, 25]
[3, 4, 6, 13, 21]
[1, 3, 9, 10, 12]
[1, 2, 10, 11, 13]
[2, 3, 5, 25]
[3, 4, 5, 18, 26]
[2, 3, 7, 8, 9]
[1, 4, 7, 11, 17]
[1, 2, 8, 14, 18]
[2, 4, 6, 14, 22]
[16, 17, 18, 19, 20, 21, 22, 23, 24, 25, 26, 27, 28]


6
process id 6
stats
5, 16, 7, 100, 1000
20220820-162114
loosing coalitions taken
[1, 4, 8, 13, 14]
[1, 3, 8, 11, 18]
[1, 2, 8, 15, 17]
[1, 2, 10, 12, 13]
[2, 3, 6, 14]
[1, 4, 7, 9, 18]
[1, 5, 6, 12, 23]
[1, 3, 7, 12, 22]
[3, 4, 5, 21, 23]
[2, 4, 6, 11, 24]
[2, 4, 5, 19]
[2, 3, 7, 8, 9]
[3, 4, 6, 15, 17]
[1, 2, 7, 11, 25]
[2, 3, 5, 25]
[16, 17, 18, 19, 20, 21, 22, 23, 24, 25, 26, 27, 28]


6
process id 5
stats
5, 16, 7, 100, 1000
20220820-162114
loosing coalitions taken
[1, 3, 8, 15, 16]
[1, 4, 8, 13, 14]
[1, 5, 6, 11, 25]
[1, 2, 7, 9]
[3, 4, 6, 13, 21]
[2, 4, 5, 19]
[2, 3, 6, 14]
[1, 4, 7, 10, 17]
[1, 3, 7, 14, 22]
[3, 4, 5, 17, 28]
[2, 4, 6, 12, 22]
[1, 2, 10, 11, 13]
[2, 3, 5, 26, 27]
[2, 3, 7, 8, 10]
[1, 2, 8, 12, 21]
[16, 17, 18, 19, 20, 21, 22, 23, 24, 25, 26, 27, 28]


6
process id 3
stats
5, 16, 7, 100, 1000
20220820-162119
loosing coalitions taken
[2, 4, 5, 20]
[1, 3, 8, 15, 16]
[1, 2, 8, 9, 22]
[1, 5, 6, 11, 25]
[1, 4, 8, 13, 14]
[1, 2, 7, 14, 24]
[1, 3, 7, 11, 23]
[1, 4, 7, 9, 19]
[3, 4, 5, 17, 28]
[2, 3, 5, 25]
[2, 4, 6, 15, 21]
[2, 3, 6, 14]
[3, 4, 6, 13, 20]
[1, 3, 9, 10, 12]
[1, 2, 10, 11, 13]
[16, 17, 18, 19, 20, 21, 22, 23, 24, 25, 26, 27, 28]


6
process id 0
stats
5, 16, 7, 100, 1000
20220820-162121
loosing coalitions taken
[2, 4, 5, 22, 23]
[2, 3, 5, 27, 28]
[1, 3, 9, 10, 12]
[1, 5, 6, 9, 26]
[2, 3, 7, 8, 9]
[3, 4, 5, 20, 24]
[1, 4, 7, 11, 17]
[1, 2, 8, 11, 21]
[1, 3, 8, 15, 16]
[2, 4, 6, 16, 19]
[1, 3, 7, 14, 22]
[2, 5, 6, 8, 12]
[3, 4, 6, 11, 21]
[2, 3, 6, 13]
[1, 2, 7, 12, 25]
[16, 17, 18, 19, 20, 21, 22, 23, 24, 25, 26, 27, 28]


6
process id 4
stats
5, 16, 7, 100, 1000
20220820-162123
loosing coalitions taken
[1, 2, 8, 11, 21]
[1, 3, 7, 11, 23]
[2, 4, 5, 20]
[1, 2, 7, 9]
[1, 4, 8, 13, 14]
[1, 5, 6, 12, 24]
[2, 3, 5, 25]
[2, 4, 6, 13, 22]
[3, 4, 6, 14, 20]
[1, 3, 8, 9, 18]
[3, 4, 5, 17, 28]
[2, 3, 6, 15, 26]
[1, 2, 10, 12, 14]
[1, 4, 7, 10, 18]
[2, 3, 7, 8, 10]
[16, 17, 18, 19, 20, 21, 22, 23, 24, 25, 26, 27, 28]


6
process id 5
stats
5, 16, 7, 100, 1000
20220820-162124
loosing coalitions taken
[1, 4, 8, 13, 14]
[3, 4, 6, 15, 17]
[2, 4, 6, 16, 18]
[1, 5, 6, 11, 25]
[1, 2, 7, 10, 28]
[1, 2, 9, 11, 13]
[1, 2, 8, 12, 21]
[2, 3, 5, 25]
[1, 3, 8, 11, 19]
[2, 3, 6, 14]
[1, 3, 9, 10, 12]
[1, 3, 7, 16, 17]
[2, 4, 5, 19]
[3, 4, 5, 20, 24]
[1, 4, 7, 9, 18]
[16, 17, 18, 19, 20, 21, 22, 23, 24, 25, 26, 27, 28]


6
process id 3
stats
5, 16, 7, 100, 1000
20220820-162125
loosing coalitions taken
[2, 3, 5, 26, 28]
[2, 4, 5, 20]
[1, 2, 7, 9]
[2, 3, 6, 16, 24]
[3, 4, 6, 9, 22]
[3, 5, 6, 7, 15]
[1, 3, 8, 11, 19]
[1, 4, 8, 10, 15]
[1, 2, 10, 11, 14]
[1, 2, 8, 13, 20]
[3, 4, 5, 18, 25]
[2, 4, 6, 11, 23]
[1, 3, 9, 10, 12]
[1, 5, 6, 16, 20]
[1, 3, 7, 16, 18]
[16, 17, 18, 19, 20, 21, 22, 23, 24, 25, 26, 27, 28]


6
process id 1
stats
5, 16, 7, 100, 1000
20220820-162126
loosing coalitions taken
[1, 2, 8, 9, 22]
[1, 2, 7, 17, 18]
[1, 3, 7, 13, 22]
[1, 4, 7, 10, 19]
[3, 4, 6, 9, 22]
[1, 3, 9, 10, 11]
[2, 4, 5, 20]
[1, 2, 10, 12, 14]
[1, 3, 8, 12, 19]
[2, 4, 6, 12, 23]
[2, 3, 5, 25]
[3, 4, 5, 18, 27]
[2, 3, 6, 13]
[1, 5, 6, 16, 20]
[2, 3, 7, 8, 10]
[16, 17, 18, 19, 20, 21, 22, 23, 24, 25, 26, 27, 28]


6
process id 6
stats
5, 16, 7, 100, 1000
20220820-162129
loosing coalitions taken
[3, 4, 5, 19, 26]
[2, 3, 5, 25]
[3, 4, 6, 13, 21]
[1, 4, 7, 11, 17]
[2, 4, 6, 14, 22]
[1, 2, 7, 15, 22]
[1, 3, 8, 12, 18]
[1, 3, 7, 10, 23]
[2, 3, 7, 8, 9]
[1, 2, 9, 10, 14]
[1, 4, 8, 9, 15]
[2, 4, 5, 20]
[1, 5, 6, 11, 24]
[1, 2, 8, 11, 21]
[2, 3, 6, 15, 27]
[16, 17, 18, 19, 20, 21, 22, 23, 24, 25, 26, 27, 28]


6
process id 3
stats
5, 16, 7, 100, 1000
20220820-162132
loosing coalitions taken
[1, 4, 8, 13, 14]
[1, 3, 8, 15, 16]
[1, 5, 6, 9, 26]
[1, 4, 7, 10, 17]
[1, 2, 7, 15, 22]
[2, 4, 6, 13, 22]
[1, 2, 9, 11, 13]
[1, 3, 9, 10, 12]
[2, 4, 5, 19]
[3, 4, 5, 17, 27]
[2, 3, 5, 25]
[3, 4, 6, 12, 21]
[1, 2, 8, 12, 20]
[2, 3, 6, 14]
[3, 5, 6, 7, 15]
[16, 17, 18, 19, 20, 21, 22, 23, 24, 25, 26, 27, 28]


6
process id 7
stats
5, 16, 7, 100, 1000
20220820-162132
loosing coalitions taken
[1, 5, 6, 13, 23]
[3, 4, 6, 13, 21]
[3, 4, 5, 17, 26]
[2, 4, 5, 20]
[2, 3, 6, 15, 26]
[1, 4, 7, 11, 17]
[2, 3, 7, 8, 10]
[1, 3, 7, 16, 19]
[1, 2, 10, 11, 13]
[1, 4, 8, 9, 15]
[1, 2, 7, 9]
[2, 3, 5, 25]
[1, 2, 8, 12, 20]
[2, 4, 6, 16, 19]
[1, 3, 8, 11, 18]
[16, 17, 18, 19, 20, 21, 22, 23, 24, 25, 26, 27, 28]


6
process id 1
stats
5, 16, 7, 100, 1000
20220820-162133
loosing coalitions taken
[1, 4, 7, 10, 18]
[1, 5, 6, 9, 26]
[3, 4, 6, 15, 17]
[2, 3, 7, 8, 10]
[1, 3, 8, 12, 19]
[2, 4, 6, 14, 22]
[2, 3, 5, 27, 28]
[1, 4, 8, 13, 14]
[1, 2, 9, 12, 13]
[1, 2, 7, 11, 27]
[1, 3, 9, 10, 11]
[2, 3, 6, 13]
[2, 4, 5, 18]
[1, 3, 7, 15, 21]
[1, 2, 8, 15, 17]
[16, 17, 18, 19, 20, 21, 22, 23, 24, 25, 26, 27, 28]


6
process id 2
stats
5, 16, 7, 100, 1000
20220820-162137
loosing coalitions taken
[1, 3, 9, 10, 11]
[2, 4, 5, 20]
[1, 4, 8, 13, 14]
[3, 4, 6, 15, 17]
[1, 5, 6, 10, 26]
[2, 3, 7, 8, 10]
[1, 2, 7, 9]
[1, 3, 8, 12, 19]
[1, 3, 7, 14, 22]
[2, 3, 6, 13]
[2, 3, 5, 25, 27]
[1, 2, 10, 12, 14]
[2, 4, 6, 9, 24]
[3, 4, 5, 21, 23]
[2, 5, 6, 7, 16]
[16, 17, 18, 19, 20, 21, 22, 23, 24, 25, 26, 27, 28]


6
process id 7
stats
5, 16, 7, 100, 1000
20220820-162144
loosing coalitions taken
[1, 2, 10, 12, 13]
[1, 4, 8, 13, 14]
[2, 4, 5, 20]
[1, 2, 7, 16, 21]
[1, 5, 6, 12, 24]
[1, 3, 9, 10, 11]
[1, 2, 8, 9, 22]
[1, 3, 8, 12, 19]
[1, 3, 7, 14, 22]
[2, 3, 6, 16, 24]
[3, 4, 6, 15, 17]
[3, 4, 5, 18, 26]
[2, 4, 6, 10, 23]
[2, 3, 5, 25]
[1, 4, 7, 10, 18]
[16, 17, 18, 19, 20, 21, 22, 23, 24, 25, 26, 27, 28]


6
process id 6
stats
5, 16, 7, 100, 1000
20220820-162146
loosing coalitions taken
[2, 4, 5, 21, 26]
[1, 3, 8, 12, 18]
[2, 3, 5, 27, 28]
[1, 4, 8, 9, 15]
[2, 3, 7, 8, 10]
[1, 4, 7, 10, 17]
[3, 4, 5, 20, 23]
[1, 2, 7, 11, 27]
[1, 5, 6, 12, 24]
[1, 2, 8, 14, 19]
[1, 3, 7, 15, 20]
[2, 4, 6, 15, 20]
[2, 3, 6, 14]
[1, 2, 10, 12, 13]
[1, 3, 9, 10, 11]
[16, 17, 18, 19, 20, 21, 22, 23, 24, 25, 26, 27, 28]


6
process id 7
stats
5, 16, 7, 100, 1000
20220820-162154
loosing coalitions taken
[1, 2, 7, 9]
[3, 4, 6, 9, 22]
[1, 4, 8, 10, 15]
[1, 5, 6, 13, 24]
[2, 4, 5, 20]
[2, 3, 6, 14]
[1, 3, 8, 11, 17]
[1, 2, 8, 12, 21]
[2, 4, 6, 11, 24]
[1, 3, 7, 15, 21]
[1, 2, 10, 11, 13]
[1, 3, 9, 10, 12]
[2, 3, 5, 25]
[3, 4, 5, 21, 24]
[1, 4, 7, 14, 16]
[16, 17, 18, 19, 20, 21, 22, 23, 24, 25, 26, 27, 28]


6
process id 1
stats
5, 16, 7, 100, 1000
20220820-162159
loosing coalitions taken
[2, 3, 6, 15, 27]
[3, 4, 6, 13, 20]
[1, 3, 7, 9, 24]
[1, 4, 7, 10, 18]
[1, 2, 8, 12, 21]
[1, 4, 8, 9, 15]
[1, 2, 9, 11, 14]
[2, 3, 5, 25]
[1, 2, 7, 15, 22]
[1, 5, 6, 16, 20]
[2, 4, 6, 12, 23]
[2, 4, 5, 20]
[3, 4, 5, 17, 28]
[1, 3, 8, 11, 17]
[2, 3, 7, 8, 10]
[16, 17, 18, 19, 20, 21, 22, 23, 24, 25, 26, 27, 28]


6
process id 3
stats
5, 16, 7, 100, 1000
20220820-162200
loosing coalitions taken
[1, 3, 9, 10, 12]
[1, 3, 8, 11, 18]
[1, 2, 10, 11, 14]
[2, 3, 6, 15, 27]
[3, 4, 6, 9, 22]
[1, 3, 7, 14, 22]
[1, 5, 6, 11, 25]
[1, 2, 7, 12, 26]
[1, 4, 8, 13, 14]
[2, 3, 7, 8, 10]
[2, 4, 5, 19]
[2, 4, 6, 16, 18]
[2, 3, 5, 25]
[3, 4, 5, 17, 27]
[1, 2, 8, 9, 22]
[16, 17, 18, 19, 20, 21, 22, 23, 24, 25, 26, 27, 28]


6
process id 6
stats
5, 16, 7, 100, 1000
20220820-162209
loosing coalitions taken
[1, 2, 8, 9, 22]
[2, 4, 5, 20]
[1, 3, 8, 12, 17]
[1, 3, 7, 16, 18]
[1, 4, 8, 10, 15]
[1, 4, 7, 11, 17]
[1, 5, 6, 11, 25]
[2, 4, 6, 10, 23]
[1, 3, 9, 10, 11]
[2, 3, 6, 13]
[1, 2, 10, 12, 13]
[2, 3, 5, 25]
[3, 4, 5, 21, 23]
[1, 2, 7, 14, 23]
[3, 4, 6, 15, 17]
[16, 17, 18, 19, 20, 21, 22, 23, 24, 25, 26, 27, 28]


6
process id 4
stats
5, 16, 7, 100, 1000
20220820-162210
loosing coalitions taken
[1, 2, 7, 17, 18]
[1, 2, 10, 12, 13]
[1, 4, 8, 10, 15]
[1, 3, 9, 10, 11]
[1, 3, 7, 13, 22]
[1, 2, 8, 11, 21]
[1, 5, 6, 12, 24]
[2, 3, 6, 15, 26]
[3, 4, 6, 9, 22]
[1, 4, 7, 14, 16]
[3, 4, 5, 17, 25]
[1, 3, 8, 12, 17]
[2, 4, 5, 18]
[2, 4, 6, 16, 19]
[2, 3, 5, 27, 28]
[16, 17, 18, 19, 20, 21, 22, 23, 24, 25, 26, 27, 28]


6
process id 2
stats
5, 16, 7, 100, 1000
20220820-162214
loosing coalitions taken
[1, 5, 6, 16, 20]
[1, 2, 7, 15, 22]
[1, 4, 7, 9, 18]
[1, 4, 8, 10, 15]
[2, 4, 5, 20]
[1, 3, 8, 12, 17]
[1, 2, 8, 11, 21]
[2, 3, 5, 25]
[3, 4, 6, 15, 17]
[2, 3, 6, 13]
[2, 4, 6, 11, 24]
[3, 4, 5, 19, 26]
[1, 3, 9, 10, 11]
[2, 3, 7, 8, 9]
[1, 2, 10, 12, 13]
[16, 17, 18, 19, 20, 21, 22, 23, 24, 25, 26, 27, 28]


6
process id 7
stats
5, 16, 7, 100, 1000
20220820-162214
loosing coalitions taken
[1, 3, 8, 11, 19]
[1, 3, 7, 15, 21]
[1, 2, 8, 9, 22]
[1, 4, 8, 13, 14]
[2, 4, 6, 11, 24]
[1, 4, 7, 11, 17]
[2, 3, 5, 25]
[2, 3, 6, 14]
[3, 4, 5, 21, 23]
[1, 5, 6, 10, 25]
[3, 4, 6, 13, 20]
[2, 4, 5, 18]
[1, 2, 7, 14, 24]
[1, 3, 9, 10, 12]
[1, 2, 10, 11, 13]
[16, 17, 18, 19, 20, 21, 22, 23, 24, 25, 26, 27, 28]


6
process id 6
stats
5, 16, 7, 100, 1000
20220820-162216
loosing coalitions taken
[1, 5, 6, 11, 25]
[3, 4, 5, 19, 26]
[1, 3, 7, 13, 22]
[1, 4, 7, 10, 17]
[1, 4, 8, 13, 14]
[1, 2, 8, 9, 22]
[2, 4, 5, 20, 27]
[1, 3, 9, 10, 12]
[1, 3, 8, 11, 18]
[1, 2, 7, 16, 20]
[2, 3, 6, 19, 21]
[2, 3, 5, 25]
[2, 4, 6, 10, 24]
[3, 4, 6, 15, 17]
[1, 2, 10, 11, 13]
[16, 17, 18, 19, 20, 21, 22, 23, 24, 25, 26, 27, 28]


6
process id 4
stats
5, 16, 7, 100, 1000
20220820-162227
loosing coalitions taken
[3, 4, 5, 19, 26]
[2, 3, 6, 16, 23]
[1, 4, 8, 13, 14]
[3, 4, 6, 13, 21]
[1, 3, 9, 10, 12]
[1, 4, 7, 9, 18]
[1, 2, 7, 10, 28]
[1, 2, 9, 11, 14]
[1, 3, 8, 11, 19]
[1, 2, 8, 12, 21]
[1, 5, 6, 12, 23]
[2, 4, 5, 18]
[2, 3, 5, 25]
[1, 3, 7, 13, 22]
[2, 4, 6, 15, 20]
[16, 17, 18, 19, 20, 21, 22, 23, 24, 25, 26, 27, 28]


6
process id 3
stats
5, 16, 7, 100, 1000
20220820-162231
loosing coalitions taken
[1, 2, 7, 9, 28]
[1, 3, 7, 15, 21]
[1, 4, 7, 10, 19]
[1, 2, 10, 12, 14]
[2, 3, 5, 25]
[1, 3, 8, 12, 18]
[2, 4, 6, 16, 18]
[1, 5, 6, 16, 20]
[1, 4, 8, 9, 15]
[1, 2, 8, 13, 20]
[2, 3, 7, 8, 10]
[2, 4, 5, 20]
[2, 3, 6, 13]
[3, 4, 5, 17, 27]
[1, 3, 9, 10, 11]
[16, 17, 18, 19, 20, 21, 22, 23, 24, 25, 26, 27, 28]


6
process id 6
stats
5, 16, 7, 100, 1000
20220820-162232
loosing coalitions taken
[1, 3, 8, 12, 18]
[1, 2, 9, 12, 14]
[2, 4, 5, 20]
[1, 3, 9, 10, 11]
[2, 3, 6, 15, 26]
[1, 4, 7, 11, 17]
[3, 4, 6, 13, 21]
[1, 4, 8, 9, 15]
[1, 3, 7, 14, 22]
[1, 5, 6, 13, 24]
[1, 2, 7, 10, 28]
[2, 4, 6, 14, 22]
[3, 4, 5, 17, 27]
[2, 3, 5, 25]
[2, 3, 7, 8, 9]
[16, 17, 18, 19, 20, 21, 22, 23, 24, 25, 26, 27, 28]


7
process id 5
stats
5, 16, 7, 100, 1000
20220820-162235
loosing coalitions taken
[1, 2, 7, 9]
[1, 4, 8, 13, 14]
[1, 2, 10, 11, 14]
[2, 4, 5, 20]
[2, 3, 5, 25]
[1, 5, 6, 12, 24]
[1, 4, 7, 10, 17]
[2, 4, 6, 16, 19]
[1, 3, 7, 11, 23]
[3, 4, 5, 17, 27]
[3, 4, 6, 13, 20]
[2, 3, 6, 14]
[1, 3, 8, 15, 16]
[1, 2, 8, 12, 20]
[2, 3, 7, 8, 10]
[16, 17, 18, 19, 20, 21, 22, 23, 24, 25, 26, 27, 28]


6
process id 4
stats
5, 16, 7, 100, 1000
20220820-162238
loosing coalitions taken
[2, 3, 5, 27, 28]
[1, 5, 6, 13, 24]
[1, 4, 7, 10, 18]
[1, 2, 8, 9, 22]
[1, 2, 7, 11, 26]
[1, 3, 7, 14, 22]
[2, 3, 6, 14]
[2, 4, 5, 22, 24]
[1, 4, 8, 13, 14]
[1, 3, 9, 10, 11]
[2, 4, 6, 16, 17]
[1, 2, 10, 12, 14]
[3, 4, 5, 19, 26]
[3, 4, 6, 13, 21]
[1, 3, 8, 12, 17]
[16, 17, 18, 19, 20, 21, 22, 23, 24, 25, 26, 27, 28]


6
process id 2
stats
5, 16, 7, 100, 1000
20220820-162238
loosing coalitions taken
[1, 3, 9, 10, 11]
[3, 4, 5, 18, 26]
[2, 3, 6, 15, 27]
[2, 3, 5, 25]
[2, 4, 6, 16, 19]
[3, 4, 6, 13, 20]
[1, 3, 7, 15, 21]
[1, 2, 9, 12, 14]
[1, 4, 8, 13, 14]
[1, 2, 8, 11, 21]
[1, 2, 7, 10, 27]
[1, 3, 8, 12, 17]
[2, 4, 5, 20]
[1, 5, 6, 10, 26]
[2, 3, 7, 8, 9]
[16, 17, 18, 19, 20, 21, 22, 23, 24, 25, 26, 27, 28]


6
process id 6
stats
5, 16, 7, 100, 1000
20220820-162240
loosing coalitions taken
[1, 4, 8, 10, 15]
[2, 4, 5, 20]
[1, 3, 7, 16, 19]
[1, 3, 8, 11, 18]
[3, 4, 6, 13, 21]
[1, 3, 9, 10, 12]
[1, 4, 7, 11, 17]
[1, 5, 6, 13, 23]
[2, 4, 6, 12, 23]
[2, 3, 5, 25]
[2, 3, 7, 8, 10]
[2, 3, 6, 14]
[1, 2, 7, 9]
[1, 2, 8, 14, 19]
[3, 4, 5, 18, 26]
[16, 17, 18, 19, 20, 21, 22, 23, 24, 25, 26, 27, 28]


6
process id 7
stats
5, 16, 7, 100, 1000
20220820-162259
loosing coalitions taken
[1, 2, 8, 15, 17]
[3, 4, 5, 17, 28]
[2, 3, 5, 25]
[1, 2, 10, 12, 13]
[1, 2, 7, 11, 26]
[1, 3, 8, 9, 20]
[1, 3, 7, 16, 18]
[2, 4, 6, 16, 17]
[3, 4, 6, 14, 20]
[2, 4, 5, 19]
[1, 5, 6, 16, 20]
[1, 4, 7, 10, 19]
[2, 3, 6, 18, 21]
[1, 4, 8, 12, 14]
[2, 3, 7, 8, 10]
[16, 17, 18, 19, 20, 21, 22, 23, 24, 25, 26, 27, 28]


7
process id 0
stats
5, 16, 7, 100, 1000
20220820-162300
loosing coalitions taken
[1, 2, 10, 11, 14]
[2, 4, 6, 13, 22]
[1, 2, 8, 9, 22]
[2, 3, 5, 25]
[1, 3, 9, 10, 12]
[1, 3, 7, 16, 19]
[1, 4, 8, 12, 14]
[1, 3, 8, 11, 17]
[2, 4, 5, 19]
[3, 4, 5, 18, 27]
[2, 3, 6, 16, 23]
[1, 5, 6, 15, 21]
[3, 4, 6, 12, 21]
[2, 3, 7, 8, 10]
[1, 2, 7, 12, 26]
[16, 17, 18, 19, 20, 21, 22, 23, 24, 25, 26, 27, 28]


6
process id 2
stats
5, 16, 7, 100, 1000
20220820-162301
loosing coalitions taken
[1, 2, 9, 12, 14]
[1, 4, 8, 10, 15]
[2, 3, 5, 25]
[3, 4, 6, 14, 20]
[1, 5, 6, 13, 23]
[1, 3, 8, 12, 18]
[1, 3, 7, 15, 20]
[2, 4, 6, 16, 18]
[2, 4, 5, 22, 23]
[3, 4, 5, 17, 28]
[1, 2, 7, 10, 26]
[2, 3, 7, 8, 9]
[1, 4, 7, 14, 16]
[2, 3, 6, 13]
[1, 2, 8, 13, 20]
[16, 17, 18, 19, 20, 21, 22, 23, 24, 25, 26, 27, 28]


6
process id 3
stats
5, 16, 7, 100, 1000
20220820-162303
loosing coalitions taken
[2, 3, 6, 15, 26]
[2, 3, 5, 25]
[1, 4, 8, 10, 15]
[1, 2, 7, 16, 21]
[1, 4, 7, 11, 17]
[1, 3, 7, 14, 22]
[1, 5, 6, 13, 24]
[1, 2, 9, 11, 13]
[3, 4, 6, 12, 21]
[2, 4, 5, 21, 26]
[1, 3, 8, 11, 19]
[1, 2, 8, 12, 20]
[2, 4, 6, 11, 23]
[3, 4, 5, 17, 27]
[2, 3, 7, 8, 10]
[16, 17, 18, 19, 20, 21, 22, 23, 24, 25, 26, 27, 28]


6
process id 6
stats
5, 16, 7, 100, 1000
20220820-162309
loosing coalitions taken
[2, 4, 5, 20]
[1, 3, 9, 10, 12]
[1, 4, 7, 9, 19]
[1, 3, 7, 16, 18]
[1, 2, 7, 10, 28]
[1, 4, 8, 10, 15]
[3, 4, 6, 9, 22]
[1, 3, 8, 11, 19]
[2, 3, 5, 25]
[2, 4, 6, 12, 23]
[3, 4, 5, 17, 26]
[2, 3, 7, 8, 9]
[2, 3, 6, 13]
[1, 5, 6, 11, 25]
[1, 2, 8, 14, 20]
[16, 17, 18, 19, 20, 21, 22, 23, 24, 25, 26, 27, 28]


6
process id 7
stats
5, 16, 7, 100, 1000
20220820-162311
loosing coalitions taken
[1, 2, 8, 11, 21]
[1, 3, 9, 10, 11]
[1, 2, 10, 12, 14]
[1, 2, 7, 17, 18]
[1, 3, 8, 12, 18]
[2, 4, 5, 20]
[1, 5, 6, 12, 23]
[2, 3, 7, 8, 9]
[1, 3, 7, 15, 21]
[1, 4, 7, 9, 19]
[2, 3, 5, 25]
[2, 3, 6, 14]
[3, 4, 6, 9, 22]
[2, 4, 6, 16, 17]
[3, 4, 5, 17, 26]
[16, 17, 18, 19, 20, 21, 22, 23, 24, 25, 26, 27, 28]


7
process id 1
stats
5, 16, 7, 100, 1000
20220820-162313
loosing coalitions taken
[2, 4, 5, 20]
[1, 3, 8, 12, 19]
[1, 4, 7, 10, 19]
[1, 5, 6, 12, 23]
[1, 3, 7, 9, 24]
[1, 2, 10, 11, 14]
[2, 4, 6, 10, 23]
[1, 4, 8, 13, 14]
[2, 3, 5, 25]
[3, 4, 5, 17, 28]
[2, 3, 7, 8, 10]
[3, 4, 6, 9, 22]
[2, 3, 6, 13]
[1, 2, 7, 16, 20]
[1, 2, 8, 9, 22]
[16, 17, 18, 19, 20, 21, 22, 23, 24, 25, 26, 27, 28]


6
process id 2
stats
5, 16, 7, 100, 1000
20220820-162316
loosing coalitions taken
[1, 2, 10, 11, 13]
[1, 2, 7, 9]
[1, 4, 8, 10, 15]
[1, 3, 8, 11, 17]
[2, 4, 5, 20]
[2, 3, 6, 14]
[3, 4, 6, 9, 22]
[1, 3, 7, 15, 20]
[2, 3, 5, 25]
[2, 4, 6, 10, 23]
[3, 4, 5, 21, 24]
[1, 4, 7, 14, 16]
[1, 5, 6, 11, 23]
[1, 2, 8, 12, 20]
[1, 3, 9, 10, 12]
[16, 17, 18, 19, 20, 21, 22, 23, 24, 25, 26, 27, 28]


6
process id 2
stats
5, 16, 7, 100, 1000
20220820-162332
loosing coalitions taken
[1, 4, 8, 13, 14]
[1, 3, 9, 10, 12]
[1, 2, 8, 12, 21]
[2, 4, 5, 20]
[1, 3, 8, 11, 18]
[1, 2, 7, 9]
[2, 3, 6, 14]
[2, 4, 6, 9, 25]
[2, 3, 5, 25, 28]
[1, 4, 7, 11, 17]
[3, 5, 6, 7, 15]
[1, 2, 10, 11, 14]
[1, 5, 6, 16, 18]
[3, 4, 5, 19, 26]
[3, 4, 6, 12, 21]
[16, 17, 18, 19, 20, 21, 22, 23, 24, 25, 26, 27, 28]


6
process id 3
stats
5, 16, 7, 100, 1000
20220820-162334
loosing coalitions taken
[1, 3, 8, 12, 18]
[3, 4, 5, 19, 26]
[1, 3, 9, 10, 11]
[2, 3, 7, 8, 9]
[2, 3, 6, 14]
[1, 4, 8, 10, 15]
[1, 2, 9, 12, 13]
[1, 5, 6, 12, 23]
[1, 2, 8, 11, 21]
[1, 2, 7, 10, 28]
[1, 3, 7, 13, 22]
[2, 4, 5, 18]
[1, 4, 7, 11, 17]
[3, 4, 6, 15, 17]
[2, 3, 5, 25]
[16, 17, 18, 19, 20, 21, 22, 23, 24, 25, 26, 27, 28]


7
process id 4
stats
5, 16, 7, 100, 1000
20220820-162335
loosing coalitions taken
[1, 2, 7, 9]
[3, 4, 6, 13, 21]
[1, 3, 8, 11, 19]
[2, 4, 5, 20]
[1, 4, 8, 10, 15]
[2, 3, 5, 25]
[2, 4, 6, 11, 24]
[1, 5, 6, 9, 26]
[3, 4, 5, 18, 27]
[2, 3, 6, 14]
[1, 4, 7, 11, 17]
[1, 2, 8, 14, 20]
[1, 2, 10, 12, 13]
[1, 3, 7, 14, 22]
[2, 3, 7, 8, 10]
[16, 17, 18, 19, 20, 21, 22, 23, 24, 25, 26, 27, 28]


6
process id 6
stats
5, 16, 7, 100, 1000
20220820-162335
loosing coalitions taken
[1, 5, 6, 13, 24]
[3, 4, 6, 9, 22]
[1, 3, 7, 9, 23]
[2, 3, 6, 14]
[1, 2, 9, 11, 13]
[1, 4, 7, 10, 17]
[2, 4, 5, 19]
[1, 2, 8, 12, 20]
[1, 4, 8, 9, 15]
[2, 3, 5, 25]
[2, 4, 6, 15, 20]
[3, 4, 5, 20, 23]
[1, 3, 8, 11, 19]
[1, 2, 7, 16, 21]
[2, 3, 7, 8, 10]
[16, 17, 18, 19, 20, 21, 22, 23, 24, 25, 26, 27, 28]


6
process id 0
stats
5, 16, 7, 100, 1000
20220820-162339
loosing coalitions taken
[1, 2, 10, 12, 13]
[1, 3, 8, 11, 18]
[1, 3, 7, 15, 21]
[2, 4, 5, 20]
[1, 4, 8, 13, 14]
[2, 3, 6, 16, 23]
[2, 3, 7, 8, 10]
[1, 4, 7, 10, 17]
[3, 4, 6, 13, 21]
[2, 3, 5, 25]
[1, 5, 6, 9, 26]
[3, 4, 5, 19, 26]
[1, 2, 7, 9]
[1, 2, 8, 15, 17]
[2, 4, 6, 9, 25]
[16, 17, 18, 19, 20, 21, 22, 23, 24, 25, 26, 27, 28]


6
process id 1
stats
5, 16, 7, 100, 1000
20220820-162342
loosing coalitions taken
[1, 5, 6, 11, 25]
[2, 4, 5, 20]
[3, 4, 6, 15, 17]
[1, 2, 10, 11, 14]
[1, 3, 9, 10, 12]
[2, 3, 6, 14]
[1, 2, 7, 9, 27]
[2, 3, 5, 25]
[2, 5, 6, 8, 12]
[3, 4, 5, 18, 27]
[2, 4, 6, 9, 24]
[1, 4, 7, 10, 19]
[1, 3, 7, 11, 23]
[1, 4, 8, 13, 14]
[1, 3, 8, 15, 16]
[16, 17, 18, 19, 20, 21, 22, 23, 24, 25, 26, 27, 28]


6
process id 7
stats
5, 16, 7, 100, 1000
20220820-162347
loosing coalitions taken
[1, 2, 7, 9]
[2, 4, 5, 20]
[1, 3, 8, 11, 17]
[1, 4, 8, 10, 15]
[2, 4, 6, 9, 24]
[1, 2, 8, 12, 21]
[3, 4, 6, 14, 20]
[1, 3, 7, 15, 21]
[3, 4, 5, 17, 27]
[1, 3, 9, 10, 12]
[2, 3, 5, 25]
[2, 3, 6, 15, 26]
[1, 5, 6, 11, 25]
[1, 2, 10, 11, 14]
[2, 3, 7, 8, 10]
[16, 17, 18, 19, 20, 21, 22, 23, 24, 25, 26, 27, 28]


6
process id 6
stats
5, 16, 7, 100, 1000
20220820-162348
loosing coalitions taken
[1, 2, 9, 11, 13]
[1, 5, 6, 13, 23]
[2, 4, 5, 20]
[1, 4, 8, 9, 15]
[1, 3, 9, 10, 12]
[1, 3, 7, 16, 19]
[1, 2, 8, 12, 21]
[1, 3, 8, 11, 18]
[1, 2, 7, 10, 26]
[3, 4, 5, 17, 27]
[2, 3, 6, 14]
[2, 3, 5, 25]
[2, 4, 6, 16, 19]
[2, 3, 7, 8, 9]
[3, 4, 6, 13, 20]
[16, 17, 18, 19, 20, 21, 22, 23, 24, 25, 26, 27, 28]


6
process id 4
stats
5, 16, 7, 100, 1000
20220820-162359
loosing coalitions taken
[1, 2, 10, 12, 14]
[3, 4, 6, 15, 17]
[1, 2, 8, 13, 20]
[2, 4, 5, 20]
[1, 3, 9, 10, 11]
[1, 2, 7, 16, 21]
[1, 4, 7, 9, 19]
[2, 3, 5, 25]
[3, 4, 5, 21, 24]
[2, 4, 6, 11, 23]
[1, 3, 8, 12, 18]
[1, 5, 6, 13, 24]
[2, 3, 7, 8, 9]
[2, 3, 6, 14]
[1, 3, 7, 14, 22]
[16, 17, 18, 19, 20, 21, 22, 23, 24, 25, 26, 27, 28]


6
process id 0
stats
5, 16, 7, 100, 1000
20220820-162401
loosing coalitions taken
[1, 4, 8, 10, 15]
[1, 2, 7, 15, 22]
[1, 2, 10, 11, 13]
[2, 4, 6, 13, 22]
[2, 3, 6, 16, 23]
[3, 4, 6, 15, 17]
[1, 5, 6, 13, 24]
[1, 3, 9, 10, 12]
[1, 3, 7, 16, 18]
[2, 3, 7, 8, 10]
[2, 4, 5, 21, 27]
[1, 4, 7, 9, 19]
[3, 4, 5, 20, 24]
[1, 2, 8, 14, 20]
[2, 3, 5, 25]
[16, 17, 18, 19, 20, 21, 22, 23, 24, 25, 26, 27, 28]


6
process id 2
stats
5, 16, 7, 100, 1000
20220820-162406
loosing coalitions taken
[1, 5, 6, 10, 26]
[2, 4, 6, 14, 22]
[1, 2, 7, 9]
[2, 3, 5, 26, 27]
[1, 3, 8, 11, 18]
[2, 5, 6, 8, 12]
[2, 3, 6, 13]
[2, 3, 7, 8, 10]
[3, 4, 5, 21, 23]
[1, 2, 10, 12, 13]
[1, 4, 7, 11, 17]
[1, 3, 7, 15, 21]
[1, 2, 8, 14, 19]
[2, 4, 5, 18]
[3, 4, 6, 15, 17]
[16, 17, 18, 19, 20, 21, 22, 23, 24, 25, 26, 27, 28]


7
process id 1
stats
5, 16, 7, 100, 1000
20220820-162412
loosing coalitions taken
[1, 2, 7, 9]
[1, 4, 8, 13, 14]
[2, 4, 5, 20]
[1, 3, 8, 15, 16]
[2, 3, 5, 25]
[1, 3, 9, 10, 12]
[2, 4, 6, 11, 23]
[1, 5, 6, 16, 19]
[1, 3, 7, 14, 22]
[2, 3, 6, 13]
[1, 4, 7, 11, 17]
[3, 4, 5, 17, 28]
[1, 2, 8, 11, 21]
[3, 4, 6, 14, 20]
[2, 3, 7, 8, 10]
[16, 17, 18, 19, 20, 21, 22, 23, 24, 25, 26, 27, 28]


6
process id 5
stats
5, 16, 7, 100, 1000
20220820-162414
loosing coalitions taken
[1, 3, 8, 11, 18]
[1, 2, 8, 15, 17]
[1, 4, 8, 13, 14]
[1, 4, 7, 11, 17]
[1, 5, 6, 13, 23]
[2, 4, 6, 14, 22]
[1, 2, 9, 11, 14]
[2, 3, 6, 16, 24]
[2, 3, 5, 27, 28]
[2, 3, 7, 8, 9]
[2, 4, 5, 20]
[1, 3, 7, 14, 22]
[1, 2, 7, 13, 25]
[3, 4, 6, 12, 21]
[1, 3, 9, 10, 12]
[16, 17, 18, 19, 20, 21, 22, 23, 24, 25, 26, 27, 28]


