Results
Max overall: 16
Min avg pop: 0.645
Min pop: 0.6485

6
process id 4
stats
5, 16, 7, 100, 1000
20220820-162427
loosing coalitions taken
[1, 3, 7, 16, 19]
[1, 4, 8, 13, 14]
[3, 4, 6, 14, 20]
[2, 4, 6, 16, 18]
[1, 2, 7, 9]
[2, 3, 5, 25]
[2, 3, 7, 8, 10]
[2, 4, 5, 20]
[3, 4, 5, 17, 28]
[1, 2, 10, 12, 14]
[1, 3, 8, 9, 20]
[2, 3, 6, 19, 21]
[1, 5, 6, 11, 24]
[1, 4, 7, 11, 17]
[1, 2, 8, 15, 17]
[16, 17, 18, 19, 20, 21, 22, 23, 24, 25, 26, 27, 28]


6
process id 2
stats
5, 16, 7, 100, 1000
20220820-162428
loosing coalitions taken
[3, 4, 6, 13, 21]
[2, 4, 6, 16, 19]
[1, 5, 6, 16, 20]
[1, 4, 7, 10, 19]
[1, 2, 8, 9, 22]
[1, 3, 9, 10, 11]
[1, 2, 10, 12, 14]
[1, 2, 7, 11, 27]
[2, 4, 5, 20]
[1, 3, 7, 13, 22]
[2, 3, 6, 14]
[3, 4, 5, 17, 27]
[2, 3, 5, 25]
[1, 3, 8, 15, 16]
[1, 4, 8, 13, 14]
[16, 17, 18, 19, 20, 21, 22, 23, 24, 25, 26, 27, 28]


6
process id 1
stats
5, 16, 7, 100, 1000
20220820-162431
loosing coalitions taken
[1, 3, 8, 11, 17]
[1, 3, 7, 13, 22]
[2, 4, 5, 20]
[1, 4, 8, 10, 15]
[1, 3, 9, 10, 12]
[1, 4, 7, 9, 19]
[1, 2, 9, 11, 13]
[1, 2, 7, 17, 18]
[1, 5, 6, 11, 24]
[1, 2, 8, 14, 20]
[2, 4, 6, 12, 23]
[2, 3, 5, 25]
[2, 3, 6, 14]
[3, 4, 5, 18, 27]
[3, 4, 6, 9, 22]
[16, 17, 18, 19, 20, 21, 22, 23, 24, 25, 26, 27, 28]


6
process id 5
stats
5, 16, 7, 100, 1000
20220820-162436
loosing coalitions taken
[1, 3, 8, 12, 19]
[3, 4, 6, 15, 17]
[1, 4, 8, 10, 15]
[3, 4, 5, 21, 23]
[1, 3, 7, 13, 22]
[1, 5, 6, 13, 24]
[2, 3, 7, 8, 9]
[1, 3, 9, 10, 11]
[1, 4, 7, 11, 17]
[2, 3, 6, 16, 24]
[2, 3, 5, 25]
[1, 2, 8, 13, 20]
[2, 4, 6, 14, 22]
[1, 2, 7, 16, 21]
[1, 2, 10, 12, 14]
[16, 17, 18, 19, 20, 21, 22, 23, 24, 25, 26, 27, 28]


6
process id 4
stats
5, 16, 7, 100, 1000
20220820-162437
loosing coalitions taken
[1, 5, 6, 11, 25]
[1, 4, 8, 13, 14]
[2, 4, 5, 20]
[3, 4, 6, 15, 17]
[1, 3, 7, 16, 19]
[1, 4, 7, 10, 17]
[1, 2, 8, 15, 17]
[1, 2, 7, 14, 24]
[2, 3, 5, 25]
[3, 4, 5, 21, 23]
[2, 3, 6, 16, 23]
[1, 2, 9, 11, 13]
[2, 4, 6, 13, 22]
[1, 3, 8, 11, 18]
[2, 3, 7, 8, 10]
[16, 17, 18, 19, 20, 21, 22, 23, 24, 25, 26, 27, 28]


6
process id 5
stats
5, 16, 7, 100, 1000
20220820-162441
loosing coalitions taken
[1, 3, 8, 15, 16]
[1, 4, 8, 13, 14]
[1, 2, 7, 9]
[3, 4, 5, 21, 24]
[2, 3, 5, 25]
[2, 4, 6, 11, 24]
[2, 3, 6, 16, 23]
[3, 4, 6, 15, 17]
[1, 4, 7, 11, 17]
[1, 5, 6, 10, 26]
[1, 2, 10, 12, 14]
[2, 4, 5, 20]
[1, 3, 7, 13, 22]
[1, 2, 8, 11, 21]
[2, 3, 7, 8, 10]
[16, 17, 18, 19, 20, 21, 22, 23, 24, 25, 26, 27, 28]


6
process id 0
stats
5, 16, 7, 100, 1000
20220820-162441
loosing coalitions taken
[1, 4, 8, 10, 15]
[1, 3, 8, 11, 19]
[1, 3, 7, 10, 24]
[1, 4, 7, 11, 17]
[2, 4, 5, 20]
[1, 2, 7, 12, 26]
[1, 2, 10, 11, 13]
[2, 3, 6, 14]
[2, 3, 7, 8, 9]
[2, 3, 5, 25]
[3, 4, 5, 17, 28]
[1, 5, 6, 12, 23]
[2, 4, 6, 16, 17]
[1, 2, 8, 14, 20]
[3, 4, 6, 13, 20]
[16, 17, 18, 19, 20, 21, 22, 23, 24, 25, 26, 27, 28]


6
process id 1
stats
5, 16, 7, 100, 1000
20220820-162447
loosing coalitions taken
[1, 4, 7, 9, 19]
[1, 3, 7, 16, 18]
[2, 4, 5, 20]
[1, 3, 8, 12, 17]
[3, 4, 6, 9, 22]
[3, 5, 6, 7, 15]
[1, 4, 8, 10, 15]
[1, 5, 6, 12, 23]
[1, 2, 10, 12, 13]
[1, 2, 8, 9, 22]
[1, 3, 9, 10, 11]
[2, 3, 5, 25]
[3, 4, 5, 17, 28]
[2, 3, 6, 14]
[2, 4, 6, 15, 21]
[16, 17, 18, 19, 20, 21, 22, 23, 24, 25, 26, 27, 28]


6
process id 5
stats
5, 16, 7, 100, 1000
20220820-162451
loosing coalitions taken
[1, 5, 6, 9, 26]
[2, 3, 6, 15, 27]
[1, 3, 9, 10, 11]
[1, 3, 8, 12, 18]
[1, 4, 7, 10, 19]
[1, 3, 7, 14, 22]
[1, 2, 10, 12, 13]
[2, 4, 5, 20]
[3, 4, 6, 13, 21]
[2, 3, 5, 26, 28]
[1, 2, 7, 17, 18]
[2, 4, 6, 16, 17]
[2, 3, 7, 8, 9]
[3, 4, 5, 17, 27]
[1, 4, 8, 13, 14]
[16, 17, 18, 19, 20, 21, 22, 23, 24, 25, 26, 27, 28]


6
process id 6
stats
5, 16, 7, 100, 1000
20220820-162453
loosing coalitions taken
[1, 2, 9, 12, 14]
[1, 4, 7, 9, 19]
[1, 5, 6, 11, 25]
[1, 3, 7, 16, 18]
[1, 3, 8, 12, 19]
[1, 4, 8, 10, 15]
[3, 4, 6, 15, 17]
[1, 3, 9, 10, 11]
[1, 2, 7, 15, 22]
[2, 3, 5, 25]
[2, 4, 6, 11, 24]
[2, 4, 5, 20]
[2, 3, 7, 8, 10]
[3, 4, 5, 19, 26]
[2, 3, 6, 14]
[16, 17, 18, 19, 20, 21, 22, 23, 24, 25, 26, 27, 28]


6
process id 7
stats
5, 16, 7, 100, 1000
20220820-162455
loosing coalitions taken
[1, 3, 9, 10, 11]
[1, 4, 7, 11, 17]
[1, 5, 6, 11, 25]
[1, 2, 8, 9, 22]
[1, 3, 7, 15, 21]
[1, 3, 8, 12, 19]
[1, 2, 7, 12, 26]
[3, 4, 6, 13, 21]
[2, 4, 5, 20]
[2, 3, 7, 8, 10]
[2, 3, 6, 16, 23]
[2, 3, 5, 25]
[1, 4, 8, 10, 15]
[2, 4, 6, 14, 22]
[3, 4, 5, 19, 26]
[16, 17, 18, 19, 20, 21, 22, 23, 24, 25, 26, 27, 28]


6
process id 6
stats
5, 16, 7, 100, 1000
20220820-162457
loosing coalitions taken
[1, 5, 6, 13, 23]
[1, 4, 7, 10, 18]
[1, 3, 8, 11, 18]
[1, 2, 7, 17, 19]
[3, 4, 5, 19, 26]
[1, 2, 9, 11, 14]
[3, 4, 6, 15, 17]
[1, 3, 9, 10, 12]
[2, 4, 6, 11, 23]
[1, 3, 7, 13, 22]
[1, 4, 8, 13, 14]
[2, 3, 6, 14]
[2, 4, 5, 20, 27]
[2, 3, 5, 25]
[1, 2, 8, 12, 21]
[16, 17, 18, 19, 20, 21, 22, 23, 24, 25, 26, 27, 28]


6
process id 3
stats
5, 16, 7, 100, 1000
20220820-162457
loosing coalitions taken
[1, 2, 8, 15, 17]
[1, 3, 8, 11, 19]
[1, 3, 7, 15, 20]
[3, 4, 6, 13, 21]
[2, 3, 5, 25]
[2, 4, 6, 10, 23]
[1, 5, 6, 10, 26]
[1, 4, 8, 13, 14]
[1, 4, 7, 10, 18]
[2, 4, 5, 20]
[2, 3, 7, 8, 9]
[2, 3, 6, 14]
[1, 2, 10, 11, 14]
[1, 2, 7, 12, 25]
[3, 4, 5, 19, 26]
[16, 17, 18, 19, 20, 21, 22, 23, 24, 25, 26, 27, 28]


5
process id 1
stats
5, 16, 7, 100, 1000
20220820-162507
loosing coalitions taken
[1, 3, 7, 13, 22]
[2, 4, 6, 11, 23]
[1, 2, 9, 12, 14]
[3, 4, 6, 9, 22]
[2, 3, 6, 15, 27]
[1, 2, 7, 11, 27]
[2, 4, 5, 20]
[1, 4, 8, 10, 15]
[1, 3, 8, 11, 19]
[2, 3, 5, 25]
[1, 4, 7, 9, 17]
[1, 5, 6, 13, 23]
[2, 3, 7, 8, 10]
[1, 2, 8, 13, 20]
[3, 4, 5, 21, 23]
[16, 17, 18, 19, 20, 21, 22, 23, 24, 25, 26, 27, 28]


7
process id 0
stats
5, 16, 7, 100, 1000
20220820-162508
loosing coalitions taken
[1, 5, 6, 13, 24]
[2, 4, 6, 12, 23]
[1, 3, 8, 12, 17]
[1, 4, 7, 11, 17]
[3, 4, 6, 9, 22]
[1, 3, 7, 16, 18]
[1, 3, 9, 10, 11]
[1, 2, 7, 9]
[1, 4, 8, 10, 15]
[2, 3, 5, 25]
[2, 3, 6, 14]
[1, 2, 10, 12, 13]
[2, 4, 5, 21, 28]
[1, 2, 8, 11, 21]
[3, 4, 5, 19, 26]
[16, 17, 18, 19, 20, 21, 22, 23, 24, 25, 26, 27, 28]


6
process id 6
stats
5, 16, 7, 100, 1000
20220820-162508
loosing coalitions taken
[2, 4, 5, 20]
[1, 5, 6, 11, 24]
[1, 2, 10, 11, 14]
[1, 4, 7, 10, 17]
[1, 2, 7, 9]
[1, 3, 8, 11, 18]
[2, 3, 6, 14]
[3, 4, 5, 19, 26]
[2, 3, 5, 25]
[3, 4, 6, 9, 22]
[1, 4, 8, 13, 14]
[1, 2, 8, 15, 17]
[2, 4, 6, 12, 23]
[1, 3, 9, 10, 12]
[2, 5, 6, 7, 16]
[16, 17, 18, 19, 20, 21, 22, 23, 24, 25, 26, 27, 28]


6
process id 3
stats
5, 16, 7, 100, 1000
20220820-162510
loosing coalitions taken
[3, 4, 6, 15, 17]
[2, 4, 6, 11, 24]
[1, 4, 8, 13, 14]
[1, 3, 7, 16, 17]
[1, 3, 9, 10, 12]
[1, 2, 8, 15, 17]
[1, 2, 7, 12, 26]
[1, 5, 6, 16, 20]
[1, 3, 8, 11, 19]
[1, 4, 7, 9, 19]
[2, 3, 5, 25]
[1, 2, 9, 11, 14]
[2, 4, 5, 20]
[2, 3, 6, 14]
[3, 4, 5, 19, 26]
[16, 17, 18, 19, 20, 21, 22, 23, 24, 25, 26, 27, 28]


6
process id 4
stats
5, 16, 7, 100, 1000
20220820-162511
loosing coalitions taken
[1, 3, 8, 11, 19]
[1, 4, 8, 10, 15]
[3, 4, 6, 9, 22]
[1, 2, 7, 17, 19]
[1, 3, 9, 10, 12]
[3, 5, 6, 7, 15]
[1, 3, 7, 16, 18]
[1, 2, 9, 11, 13]
[2, 4, 6, 15, 20]
[1, 2, 8, 14, 20]
[2, 3, 6, 16, 23]
[2, 4, 5, 22, 23]
[2, 3, 5, 26, 28]
[1, 5, 6, 11, 25]
[2, 3, 7, 8, 10]
[16, 17, 18, 19, 20, 21, 22, 23, 24, 25, 26, 27, 28]


6
process id 3
stats
5, 16, 7, 100, 1000
20220820-162522
loosing coalitions taken
[1, 2, 7, 9]
[2, 4, 5, 20]
[1, 3, 8, 11, 19]
[1, 4, 8, 13, 14]
[1, 5, 6, 9, 26]
[2, 3, 5, 25]
[1, 3, 7, 14, 22]
[2, 3, 6, 15, 27]
[3, 4, 5, 17, 27]
[1, 4, 7, 10, 18]
[1, 2, 8, 15, 17]
[1, 2, 10, 11, 13]
[3, 4, 6, 13, 21]
[2, 3, 7, 8, 10]
[2, 4, 6, 14, 22]
[16, 17, 18, 19, 20, 21, 22, 23, 24, 25, 26, 27, 28]


6
process id 4
stats
5, 16, 7, 100, 1000
20220820-162526
loosing coalitions taken
[1, 5, 6, 10, 26]
[1, 4, 8, 13, 14]
[1, 3, 7, 9, 24]
[1, 4, 7, 11, 17]
[1, 3, 8, 11, 19]
[1, 2, 10, 11, 13]
[3, 4, 5, 20, 23]
[2, 4, 5, 21, 27]
[2, 3, 6, 15, 26]
[2, 5, 6, 8, 12]
[2, 3, 5, 25]
[1, 2, 9, 12, 14]
[2, 4, 6, 13, 22]
[3, 4, 6, 12, 21]
[1, 2, 7, 16, 21]
[16, 17, 18, 19, 20, 21, 22, 23, 24, 25, 26, 27, 28]


6
process id 7
stats
5, 16, 7, 100, 1000
20220820-162530
loosing coalitions taken
[1, 4, 8, 10, 15]
[2, 3, 6, 16, 23]
[3, 4, 6, 9, 22]
[1, 3, 9, 10, 12]
[1, 5, 6, 13, 24]
[2, 4, 6, 11, 24]
[1, 3, 7, 14, 22]
[2, 4, 5, 20]
[3, 4, 5, 19, 26]
[1, 2, 8, 13, 20]
[1, 3, 8, 11, 18]
[2, 3, 5, 25]
[1, 4, 7, 9, 17]
[1, 2, 7, 12, 26]
[2, 3, 7, 8, 10]
[16, 17, 18, 19, 20, 21, 22, 23, 24, 25, 26, 27, 28]


6
process id 7
stats
5, 16, 7, 100, 1000
20220820-162534
loosing coalitions taken
[2, 4, 5, 20]
[1, 3, 7, 15, 21]
[3, 4, 6, 15, 17]
[1, 2, 10, 12, 13]
[1, 2, 7, 11, 26]
[1, 3, 8, 12, 18]
[1, 5, 6, 12, 24]
[1, 4, 8, 13, 14]
[1, 2, 8, 9, 22]
[2, 3, 6, 14]
[2, 4, 6, 16, 19]
[2, 3, 5, 25]
[3, 4, 5, 21, 23]
[1, 4, 7, 10, 19]
[1, 3, 9, 10, 11]
[16, 17, 18, 19, 20, 21, 22, 23, 24, 25, 26, 27, 28]


6
process id 1
stats
5, 16, 7, 100, 1000
20220820-162535
loosing coalitions taken
[3, 4, 6, 13, 21]
[2, 4, 5, 20]
[1, 3, 7, 15, 21]
[1, 3, 8, 11, 19]
[1, 2, 10, 11, 14]
[1, 2, 7, 17, 19]
[2, 3, 7, 8, 10]
[1, 5, 6, 11, 25]
[1, 4, 8, 10, 15]
[1, 4, 7, 9, 18]
[2, 3, 5, 25]
[3, 4, 5, 17, 27]
[2, 3, 6, 14]
[2, 4, 6, 16, 18]
[1, 2, 9, 12, 13]
[16, 17, 18, 19, 20, 21, 22, 23, 24, 25, 26, 27, 28]


7
process id 2
stats
5, 16, 7, 100, 1000
20220820-162536
loosing coalitions taken
[1, 5, 6, 13, 23]
[1, 2, 7, 9]
[1, 4, 8, 10, 15]
[3, 4, 6, 9, 22]
[2, 4, 5, 20]
[3, 4, 5, 21, 24]
[1, 3, 7, 16, 19]
[2, 3, 5, 27, 28]
[2, 4, 6, 16, 17]
[1, 2, 10, 11, 14]
[1, 2, 8, 12, 21]
[1, 3, 9, 10, 12]
[2, 3, 6, 14]
[1, 3, 8, 11, 18]
[2, 3, 7, 8, 10]
[16, 17, 18, 19, 20, 21, 22, 23, 24, 25, 26, 27, 28]


7
process id 4
stats
5, 16, 7, 100, 1000
20220820-162540
loosing coalitions taken
[1, 5, 6, 13, 24]
[1, 3, 8, 12, 19]
[1, 3, 9, 10, 11]
[2, 4, 6, 12, 23]
[2, 4, 5, 20]
[1, 2, 8, 15, 17]
[1, 2, 7, 11, 26]
[1, 4, 7, 9, 19]
[1, 2, 10, 12, 13]
[1, 3, 7, 14, 22]
[2, 3, 6, 14]
[2, 3, 5, 25]
[1, 4, 8, 13, 14]
[3, 4, 5, 18, 26]
[3, 4, 6, 15, 17]
[16, 17, 18, 19, 20, 21, 22, 23, 24, 25, 26, 27, 28]


6
process id 4
stats
5, 16, 7, 100, 1000
20220820-162547
loosing coalitions taken
[2, 4, 6, 12, 23]
[1, 2, 10, 12, 13]
[1, 2, 8, 14, 20]
[1, 3, 7, 16, 19]
[1, 2, 7, 9]
[3, 4, 5, 21, 23]
[2, 4, 5, 20]
[1, 4, 8, 10, 15]
[2, 3, 6, 15, 26]
[1, 3, 8, 11, 18]
[2, 3, 5, 25]
[2, 3, 7, 8, 10]
[1, 5, 6, 11, 23]
[3, 4, 6, 14, 20]
[1, 4, 7, 11, 17]
[16, 17, 18, 19, 20, 21, 22, 23, 24, 25, 26, 27, 28]


6
process id 6
stats
5, 16, 7, 100, 1000
20220820-162549
loosing coalitions taken
[1, 2, 7, 17, 18]
[3, 4, 6, 9, 22]
[1, 2, 8, 13, 20]
[1, 5, 6, 9, 26]
[1, 3, 7, 15, 21]
[2, 4, 6, 16, 18]
[1, 4, 8, 10, 15]
[2, 4, 5, 20]
[1, 4, 7, 9, 19]
[2, 3, 6, 15, 27]
[1, 3, 8, 12, 18]
[2, 3, 5, 25]
[1, 2, 10, 12, 14]
[3, 4, 5, 17, 28]
[1, 3, 9, 10, 11]
[16, 17, 18, 19, 20, 21, 22, 23, 24, 25, 26, 27, 28]


7
process id 0
stats
5, 16, 7, 100, 1000
20220820-162552
loosing coalitions taken
[3, 4, 6, 9, 22]
[2, 4, 5, 20]
[2, 3, 6, 15, 27]
[1, 5, 6, 13, 24]
[1, 3, 8, 12, 19]
[2, 3, 5, 25]
[3, 4, 5, 18, 27]
[1, 2, 7, 9]
[1, 4, 8, 13, 14]
[1, 3, 7, 15, 21]
[1, 4, 7, 10, 18]
[1, 2, 10, 12, 14]
[2, 3, 7, 8, 10]
[2, 4, 6, 11, 23]
[1, 2, 8, 11, 21]
[16, 17, 18, 19, 20, 21, 22, 23, 24, 25, 26, 27, 28]


6
process id 2
stats
5, 16, 7, 100, 1000
20220820-162554
loosing coalitions taken
[1, 5, 6, 13, 23]
[1, 4, 8, 10, 15]
[1, 3, 7, 15, 21]
[1, 3, 9, 10, 11]
[1, 2, 8, 14, 20]
[2, 4, 6, 11, 23]
[2, 4, 5, 20]
[1, 3, 8, 12, 18]
[1, 2, 7, 9]
[3, 4, 6, 9, 22]
[2, 3, 5, 27, 28]
[3, 4, 5, 18, 26]
[2, 3, 6, 14]
[2, 3, 7, 8, 10]
[2, 5, 6, 7, 16]
[16, 17, 18, 19, 20, 21, 22, 23, 24, 25, 26, 27, 28]


6
process id 7
stats
5, 16, 7, 100, 1000
20220820-162555
loosing coalitions taken
[1, 3, 8, 12, 19]
[1, 5, 6, 16, 20]
[3, 4, 5, 17, 28]
[1, 4, 7, 9, 18]
[2, 4, 5, 21, 27]
[1, 4, 8, 13, 14]
[1, 2, 8, 15, 17]
[1, 3, 9, 10, 11]
[1, 2, 7, 16, 21]
[1, 2, 10, 12, 13]
[2, 3, 6, 15, 27]
[2, 3, 7, 8, 10]
[2, 3, 5, 25]
[3, 4, 6, 13, 20]
[2, 4, 6, 9, 24]
[16, 17, 18, 19, 20, 21, 22, 23, 24, 25, 26, 27, 28]


6
process id 1
stats
5, 16, 7, 100, 1000
20220820-162603
loosing coalitions taken
[1, 3, 8, 12, 19]
[1, 4, 8, 10, 15]
[1, 5, 6, 11, 25]
[3, 4, 5, 18, 27]
[2, 3, 5, 25]
[1, 3, 7, 15, 21]
[2, 4, 6, 10, 23]
[1, 2, 8, 13, 20]
[1, 2, 10, 11, 14]
[2, 3, 7, 8, 10]
[3, 4, 6, 9, 22]
[2, 4, 5, 20]
[2, 3, 6, 15, 27]
[1, 2, 7, 9]
[1, 4, 7, 11, 17]
[16, 17, 18, 19, 20, 21, 22, 23, 24, 25, 26, 27, 28]


6
process id 5
stats
5, 16, 7, 100, 1000
20220820-162605
loosing coalitions taken
[1, 3, 8, 12, 19]
[3, 4, 5, 17, 27]
[2, 4, 6, 11, 23]
[3, 4, 6, 9, 22]
[1, 5, 6, 12, 24]
[1, 4, 8, 10, 15]
[2, 3, 7, 8, 9]
[1, 3, 7, 15, 21]
[1, 3, 9, 10, 11]
[1, 2, 7, 11, 26]
[2, 3, 6, 19, 21]
[1, 2, 10, 12, 14]
[2, 3, 5, 25]
[1, 2, 8, 13, 20]
[1, 4, 7, 9, 18]
[16, 17, 18, 19, 20, 21, 22, 23, 24, 25, 26, 27, 28]


7
process id 3
stats
5, 16, 7, 100, 1000
20220820-162606
loosing coalitions taken
[1, 3, 8, 15, 16]
[1, 4, 8, 13, 14]
[1, 2, 8, 9, 22]
[2, 4, 6, 11, 23]
[1, 3, 9, 10, 12]
[3, 4, 6, 15, 17]
[1, 4, 7, 10, 18]
[1, 3, 7, 13, 22]
[1, 2, 7, 17, 19]
[2, 3, 5, 25]
[2, 4, 5, 21, 27]
[2, 3, 6, 14]
[2, 3, 7, 8, 10]
[1, 5, 6, 11, 25]
[3, 4, 5, 20, 24]
[16, 17, 18, 19, 20, 21, 22, 23, 24, 25, 26, 27, 28]


6
process id 4
stats
5, 16, 7, 100, 1000
20220820-162611
loosing coalitions taken
[2, 4, 6, 12, 23]
[1, 3, 9, 10, 11]
[1, 5, 6, 13, 23]
[3, 4, 6, 13, 21]
[1, 3, 8, 12, 18]
[1, 4, 8, 10, 15]
[2, 3, 5, 25]
[1, 2, 8, 13, 20]
[1, 3, 7, 16, 17]
[1, 2, 9, 12, 14]
[2, 3, 6, 14]
[2, 4, 5, 20]
[1, 2, 7, 11, 26]
[3, 4, 5, 19, 26]
[2, 3, 7, 8, 9]
[16, 17, 18, 19, 20, 21, 22, 23, 24, 25, 26, 27, 28]


6
process id 3
stats
5, 16, 7, 100, 1000
20220820-162614
loosing coalitions taken
[1, 3, 8, 15, 16]
[1, 2, 7, 11, 27]
[1, 5, 6, 10, 26]
[1, 4, 8, 13, 14]
[1, 3, 9, 10, 11]
[1, 3, 7, 13, 22]
[2, 4, 6, 11, 24]
[3, 4, 6, 15, 17]
[1, 4, 7, 9, 18]
[2, 4, 5, 20]
[1, 2, 8, 9, 22]
[2, 3, 5, 25]
[2, 3, 6, 14]
[1, 2, 10, 12, 13]
[3, 4, 5, 21, 24]
[16, 17, 18, 19, 20, 21, 22, 23, 24, 25, 26, 27, 28]


6
process id 7
stats
5, 16, 7, 100, 1000
20220820-162624
loosing coalitions taken
[1, 3, 8, 12, 17]
[1, 3, 7, 15, 21]
[2, 3, 5, 25]
[3, 4, 6, 9, 22]
[1, 4, 8, 13, 14]
[1, 4, 7, 10, 18]
[1, 2, 7, 17, 19]
[1, 5, 6, 16, 20]
[1, 2, 8, 9, 22]
[2, 4, 5, 20]
[2, 4, 6, 10, 23]
[1, 2, 10, 11, 14]
[2, 3, 6, 14]
[3, 4, 5, 18, 27]
[2, 3, 7, 8, 10]
[16, 17, 18, 19, 20, 21, 22, 23, 24, 25, 26, 27, 28]


6
process id 3
stats
5, 16, 7, 100, 1000
20220820-162625
loosing coalitions taken
[1, 3, 8, 12, 19]
[1, 4, 8, 13, 14]
[1, 5, 6, 13, 23]
[1, 3, 7, 13, 22]
[2, 4, 6, 11, 23]
[1, 2, 8, 15, 17]
[1, 4, 7, 11, 17]
[3, 4, 6, 15, 17]
[2, 4, 5, 21, 27]
[1, 2, 10, 12, 14]
[1, 2, 7, 9]
[3, 4, 5, 19, 26]
[2, 3, 6, 14]
[2, 3, 5, 25]
[1, 3, 9, 10, 11]
[16, 17, 18, 19, 20, 21, 22, 23, 24, 25, 26, 27, 28]


6
process id 5
stats
5, 16, 7, 100, 1000
20220820-162626
loosing coalitions taken
[1, 2, 7, 17, 18]
[1, 3, 8, 12, 19]
[3, 4, 6, 13, 20]
[1, 3, 7, 14, 22]
[1, 4, 8, 9, 15]
[1, 3, 9, 10, 11]
[1, 2, 8, 13, 20]
[1, 2, 10, 12, 14]
[2, 3, 5, 25]
[1, 4, 7, 10, 19]
[2, 4, 5, 20]
[2, 3, 6, 14]
[3, 4, 5, 17, 26]
[2, 4, 6, 11, 24]
[1, 5, 6, 11, 23]
[16, 17, 18, 19, 20, 21, 22, 23, 24, 25, 26, 27, 28]


6
process id 2
stats
5, 16, 7, 100, 1000
20220820-162628
loosing coalitions taken
[1, 5, 6, 16, 20]
[1, 3, 9, 10, 11]
[3, 4, 6, 15, 17]
[1, 3, 7, 16, 19]
[1, 4, 8, 13, 14]
[1, 2, 7, 9]
[2, 4, 5, 20, 28]
[2, 4, 6, 11, 24]
[3, 4, 5, 18, 26]
[1, 2, 10, 12, 13]
[1, 4, 7, 11, 17]
[2, 3, 6, 14]
[1, 2, 8, 11, 21]
[2, 5, 6, 8, 12]
[2, 3, 5, 25]
[16, 17, 18, 19, 20, 21, 22, 23, 24, 25, 26, 27, 28]


6
process id 6
stats
5, 16, 7, 100, 1000
20220820-162629
loosing coalitions taken
[1, 5, 6, 16, 20]
[3, 4, 6, 14, 20]
[2, 3, 6, 15, 27]
[2, 4, 5, 20]
[1, 2, 7, 11, 27]
[1, 3, 8, 12, 18]
[1, 3, 7, 15, 21]
[1, 4, 8, 13, 14]
[1, 2, 8, 15, 17]
[3, 4, 5, 19, 26]
[2, 3, 5, 25]
[2, 4, 6, 11, 23]
[1, 3, 9, 10, 11]
[1, 4, 7, 10, 17]
[2, 3, 7, 8, 10]
[16, 17, 18, 19, 20, 21, 22, 23, 24, 25, 26, 27, 28]


6
process id 0
stats
5, 16, 7, 100, 1000
20220820-162634
loosing coalitions taken
[1, 5, 6, 13, 24]
[1, 2, 7, 11, 27]
[1, 4, 8, 13, 14]
[2, 3, 6, 16, 24]
[2, 3, 7, 8, 10]
[1, 3, 9, 10, 11]
[2, 4, 6, 14, 22]
[1, 3, 8, 12, 19]
[1, 2, 8, 15, 17]
[1, 2, 10, 12, 14]
[3, 4, 6, 15, 17]
[1, 3, 7, 14, 22]
[2, 3, 5, 27, 28]
[2, 4, 5, 20]
[1, 4, 7, 10, 17]
[16, 17, 18, 19, 20, 21, 22, 23, 24, 25, 26, 27, 28]


6
process id 5
stats
5, 16, 7, 100, 1000
20220820-162639
loosing coalitions taken
[1, 2, 7, 9]
[2, 4, 5, 20]
[1, 4, 8, 10, 15]
[1, 5, 6, 12, 23]
[2, 3, 6, 14]
[2, 3, 5, 25]
[1, 3, 9, 10, 11]
[3, 4, 6, 13, 21]
[1, 3, 7, 16, 17]
[2, 4, 6, 16, 17]
[1, 3, 8, 12, 19]
[1, 2, 10, 12, 14]
[1, 2, 8, 11, 21]
[2, 3, 7, 8, 10]
[3, 4, 5, 18, 27]
[16, 17, 18, 19, 20, 21, 22, 23, 24, 25, 26, 27, 28]


6
process id 3
stats
5, 16, 7, 100, 1000
20220820-162647
loosing coalitions taken
[1, 3, 8, 12, 17]
[1, 4, 8, 10, 15]
[1, 5, 6, 12, 24]
[1, 2, 7, 9]
[2, 3, 6, 14]
[1, 2, 8, 11, 21]
[2, 4, 5, 20]
[2, 4, 6, 15, 21]
[2, 3, 5, 25]
[1, 3, 7, 16, 19]
[3, 4, 5, 18, 26]
[1, 2, 10, 12, 14]
[1, 4, 7, 11, 17]
[1, 3, 9, 10, 11]
[3, 4, 6, 9, 22]
[16, 17, 18, 19, 20, 21, 22, 23, 24, 25, 26, 27, 28]


6
process id 4
stats
5, 16, 7, 100, 1000
20220820-162647
loosing coalitions taken
[2, 4, 5, 20]
[1, 4, 8, 10, 15]
[1, 3, 7, 16, 19]
[1, 3, 9, 10, 11]
[1, 4, 7, 11, 17]
[1, 2, 9, 12, 13]
[1, 3, 8, 12, 18]
[1, 2, 8, 11, 21]
[3, 4, 6, 9, 22]
[1, 5, 6, 13, 23]
[2, 3, 6, 16, 24]
[3, 4, 5, 19, 26]
[2, 3, 5, 25]
[1, 2, 7, 15, 22]
[2, 3, 7, 8, 9]
[16, 17, 18, 19, 20, 21, 22, 23, 24, 25, 26, 27, 28]


6
process id 2
stats
5, 16, 7, 100, 1000
20220820-162650
loosing coalitions taken
[1, 5, 6, 10, 26]
[1, 4, 8, 13, 14]
[1, 3, 7, 13, 22]
[1, 3, 9, 10, 12]
[1, 2, 7, 9]
[3, 4, 5, 19, 26]
[3, 4, 6, 15, 17]
[1, 3, 8, 11, 18]
[2, 4, 6, 16, 19]
[2, 3, 7, 8, 10]
[2, 3, 5, 25]
[2, 4, 5, 20]
[2, 3, 6, 14]
[1, 2, 8, 15, 17]
[1, 4, 7, 11, 17]
[16, 17, 18, 19, 20, 21, 22, 23, 24, 25, 26, 27, 28]


6
process id 1
stats
5, 16, 7, 100, 1000
20220820-162652
loosing coalitions taken
[3, 4, 6, 9, 22]
[1, 5, 6, 13, 23]
[1, 3, 7, 15, 21]
[1, 2, 10, 11, 14]
[1, 3, 9, 10, 12]
[1, 4, 8, 13, 14]
[2, 4, 6, 11, 23]
[1, 2, 8, 15, 17]
[1, 3, 8, 11, 18]
[2, 4, 5, 20]
[1, 2, 7, 9, 27]
[3, 4, 5, 19, 25]
[2, 3, 6, 19, 21]
[2, 3, 7, 8, 10]
[1, 4, 7, 10, 17]
[16, 17, 18, 19, 20, 21, 22, 23, 24, 25, 26, 27, 28]


6
process id 7
stats
5, 16, 7, 100, 1000
20220820-162653
loosing coalitions taken
[1, 5, 6, 13, 24]
[2, 4, 5, 21, 28]
[1, 4, 8, 10, 15]
[1, 3, 8, 12, 19]
[2, 4, 6, 12, 23]
[3, 4, 5, 20, 23]
[2, 3, 7, 8, 9]
[3, 4, 6, 9, 22]
[1, 2, 7, 11, 26]
[2, 3, 5, 25]
[1, 3, 7, 14, 22]
[1, 2, 8, 14, 20]
[1, 2, 10, 12, 13]
[1, 3, 9, 10, 11]
[1, 4, 7, 9, 17]
[16, 17, 18, 19, 20, 21, 22, 23, 24, 25, 26, 27, 28]


6
process id 4
stats
5, 16, 7, 100, 1000
20220820-162654
loosing coalitions taken
[2, 4, 5, 20]
[1, 3, 9, 10, 12]
[3, 4, 6, 9, 22]
[1, 3, 8, 11, 17]
[1, 4, 7, 10, 19]
[1, 2, 8, 9, 22]
[1, 5, 6, 13, 23]
[1, 2, 7, 14, 24]
[2, 3, 6, 14]
[3, 4, 5, 21, 24]
[2, 3, 5, 25]
[2, 4, 6, 11, 24]
[1, 2, 10, 11, 13]
[1, 3, 7, 15, 20]
[2, 3, 7, 8, 10]
[16, 17, 18, 19, 20, 21, 22, 23, 24, 25, 26, 27, 28]


6
process id 0
stats
5, 16, 7, 100, 1000
20220820-162655
loosing coalitions taken
[1, 5, 6, 13, 24]
[2, 4, 6, 16, 19]
[1, 2, 7, 14, 24]
[1, 3, 8, 12, 17]
[1, 2, 10, 12, 13]
[3, 4, 6, 12, 21]
[1, 2, 8, 11, 21]
[1, 4, 8, 13, 14]
[1, 3, 9, 10, 11]
[1, 4, 7, 9, 19]
[2, 4, 5, 20]
[2, 3, 6, 14]
[2, 3, 5, 25]
[1, 3, 7, 15, 21]
[2, 3, 7, 8, 9]
[16, 17, 18, 19, 20, 21, 22, 23, 24, 25, 26, 27, 28]


6
process id 6
stats
5, 16, 7, 100, 1000
20220820-162658
loosing coalitions taken
[2, 4, 6, 11, 23]
[2, 4, 5, 20]
[1, 4, 8, 10, 15]
[2, 3, 6, 15, 27]
[1, 5, 6, 13, 24]
[1, 2, 8, 9, 22]
[2, 3, 7, 8, 10]
[1, 2, 10, 12, 14]
[1, 3, 8, 12, 17]
[3, 4, 6, 13, 21]
[2, 3, 5, 25]
[1, 2, 7, 11, 26]
[1, 3, 9, 10, 11]
[3, 4, 5, 17, 28]
[1, 3, 7, 14, 22]
[16, 17, 18, 19, 20, 21, 22, 23, 24, 25, 26, 27, 28]


6
process id 1
stats
5, 16, 7, 100, 1000
20220820-162700
loosing coalitions taken
[1, 3, 7, 15, 21]
[1, 4, 8, 13, 14]
[1, 5, 6, 10, 26]
[1, 3, 8, 11, 18]
[2, 4, 6, 9, 25]
[1, 4, 7, 11, 17]
[1, 2, 7, 9]
[2, 4, 5, 20]
[2, 3, 5, 25]
[3, 4, 6, 12, 21]
[2, 3, 6, 14]
[1, 3, 9, 10, 12]
[3, 4, 5, 17, 28]
[1, 2, 10, 11, 14]
[1, 2, 8, 15, 17]
[16, 17, 18, 19, 20, 21, 22, 23, 24, 25, 26, 27, 28]


6
process id 7
stats
5, 16, 7, 100, 1000
20220820-162707
loosing coalitions taken
[1, 5, 6, 13, 23]
[1, 3, 7, 15, 21]
[1, 3, 8, 11, 19]
[1, 2, 7, 9]
[1, 4, 8, 13, 14]
[2, 3, 5, 25]
[3, 4, 6, 14, 20]
[2, 4, 6, 16, 17]
[2, 3, 6, 15, 26]
[2, 4, 5, 20]
[1, 4, 7, 10, 18]
[2, 3, 7, 8, 10]
[1, 2, 10, 12, 13]
[1, 2, 8, 15, 17]
[3, 4, 5, 18, 27]
[16, 17, 18, 19, 20, 21, 22, 23, 24, 25, 26, 27, 28]


6
process id 3
stats
5, 16, 7, 100, 1000
20220820-162708
loosing coalitions taken
[1, 4, 8, 13, 14]
[2, 4, 6, 11, 24]
[2, 3, 5, 25]
[1, 2, 7, 15, 22]
[1, 2, 9, 11, 14]
[1, 4, 7, 11, 17]
[1, 2, 10, 12, 13]
[1, 5, 6, 10, 26]
[1, 3, 7, 10, 24]
[2, 3, 6, 14]
[3, 4, 6, 12, 21]
[1, 3, 8, 11, 19]
[2, 4, 5, 20]
[2, 3, 7, 8, 9]
[3, 4, 5, 18, 26]
[16, 17, 18, 19, 20, 21, 22, 23, 24, 25, 26, 27, 28]


6
process id 6
stats
5, 16, 7, 100, 1000
20220820-162711
loosing coalitions taken
[2, 4, 5, 20]
[3, 4, 6, 12, 21]
[1, 2, 7, 16, 21]
[1, 3, 8, 12, 19]
[1, 4, 8, 13, 14]
[1, 5, 6, 9, 26]
[1, 3, 7, 9, 23]
[1, 2, 9, 11, 13]
[1, 4, 7, 10, 18]
[2, 3, 5, 25]
[1, 2, 8, 15, 17]
[3, 4, 5, 19, 26]
[2, 3, 6, 14]
[2, 4, 6, 10, 23]
[2, 3, 7, 8, 10]
[16, 17, 18, 19, 20, 21, 22, 23, 24, 25, 26, 27, 28]


6
process id 4
stats
5, 16, 7, 100, 1000
20220820-162711
loosing coalitions taken
[1, 3, 8, 12, 18]
[2, 4, 5, 21, 28]
[1, 2, 10, 12, 13]
[1, 3, 7, 10, 24]
[1, 5, 6, 13, 23]
[2, 4, 6, 16, 19]
[3, 4, 5, 20, 24]
[2, 3, 7, 8, 9]
[2, 3, 5, 25]
[1, 4, 7, 11, 17]
[1, 2, 8, 11, 21]
[2, 3, 6, 15, 27]
[1, 2, 7, 15, 22]
[1, 4, 8, 9, 15]
[3, 4, 6, 13, 21]
[16, 17, 18, 19, 20, 21, 22, 23, 24, 25, 26, 27, 28]


6
process id 5
stats
5, 16, 7, 100, 1000
20220820-162715
loosing coalitions taken
[2, 3, 6, 15, 27]
[2, 3, 7, 8, 10]
[3, 4, 6, 9, 22]
[1, 3, 7, 16, 19]
[1, 3, 9, 10, 11]
[2, 4, 6, 11, 24]
[1, 2, 7, 12, 26]
[2, 4, 5, 20]
[1, 2, 8, 15, 17]
[1, 4, 8, 13, 14]
[2, 5, 6, 7, 16]
[2, 3, 5, 25]
[1, 3, 8, 12, 18]
[3, 4, 5, 18, 26]
[1, 5, 6, 9, 25]
[16, 17, 18, 19, 20, 21, 22, 23, 24, 25, 26, 27, 28]


6
process id 2
stats
5, 16, 7, 100, 1000
20220820-162716
loosing coalitions taken
[1, 2, 10, 12, 14]
[1, 2, 7, 17, 19]
[3, 4, 6, 13, 21]
[1, 3, 7, 11, 23]
[2, 4, 5, 20]
[1, 4, 8, 10, 15]
[1, 3, 8, 12, 19]
[1, 5, 6, 9, 25]
[1, 2, 8, 13, 20]
[2, 3, 5, 25]
[2, 4, 6, 10, 24]
[2, 3, 7, 8, 10]
[3, 4, 5, 18, 27]
[2, 3, 6, 14]
[1, 4, 7, 9, 18]
[16, 17, 18, 19, 20, 21, 22, 23, 24, 25, 26, 27, 28]


6
process id 7
stats
5, 16, 7, 100, 1000
20220820-162718
loosing coalitions taken
[1, 4, 8, 13, 14]
[1, 3, 9, 10, 11]
[2, 4, 5, 20]
[1, 2, 9, 12, 14]
[1, 2, 8, 15, 17]
[1, 3, 7, 14, 22]
[1, 5, 6, 11, 25]
[3, 4, 6, 15, 17]
[1, 3, 8, 12, 19]
[2, 3, 5, 25]
[2, 4, 6, 11, 23]
[3, 4, 5, 21, 23]
[2, 3, 6, 14]
[1, 4, 7, 10, 19]
[1, 2, 7, 16, 21]
[16, 17, 18, 19, 20, 21, 22, 23, 24, 25, 26, 27, 28]


6
process id 4
stats
5, 16, 7, 100, 1000
20220820-162721
loosing coalitions taken
[1, 4, 8, 10, 15]
[1, 5, 6, 16, 20]
[1, 3, 8, 12, 18]
[2, 4, 5, 20, 27]
[3, 4, 5, 18, 26]
[3, 4, 6, 15, 17]
[2, 4, 6, 13, 22]
[2, 3, 5, 25]
[1, 3, 7, 10, 23]
[1, 2, 9, 12, 13]
[2, 3, 6, 14]
[1, 4, 7, 9, 18]
[1, 2, 10, 11, 14]
[2, 5, 6, 8, 12]
[1, 2, 7, 16, 21]
[16, 17, 18, 19, 20, 21, 22, 23, 24, 25, 26, 27, 28]


6
process id 5
stats
5, 16, 7, 100, 1000
20220820-162722
loosing coalitions taken
[1, 2, 10, 11, 14]
[2, 3, 5, 25]
[3, 4, 6, 9, 22]
[1, 3, 9, 10, 12]
[1, 4, 8, 9, 15]
[1, 3, 7, 16, 18]
[1, 3, 8, 11, 17]
[1, 5, 6, 13, 24]
[1, 2, 7, 9]
[3, 4, 5, 17, 27]
[2, 4, 6, 11, 23]
[2, 3, 6, 14]
[1, 2, 8, 13, 20]
[2, 4, 5, 20, 28]
[1, 4, 7, 10, 17]
[16, 17, 18, 19, 20, 21, 22, 23, 24, 25, 26, 27, 28]


6
process id 6
stats
5, 16, 7, 100, 1000
20220820-162725
loosing coalitions taken
[1, 4, 8, 10, 15]
[3, 4, 6, 15, 17]
[1, 5, 6, 16, 20]
[1, 3, 8, 11, 18]
[2, 4, 6, 11, 23]
[2, 4, 5, 21, 26]
[2, 3, 5, 27, 28]
[3, 4, 5, 20, 23]
[2, 3, 7, 8, 9]
[2, 3, 6, 14]
[1, 2, 7, 15, 22]
[1, 3, 7, 10, 24]
[1, 4, 7, 9, 19]
[1, 2, 10, 11, 13]
[1, 2, 8, 12, 21]
[16, 17, 18, 19, 20, 21, 22, 23, 24, 25, 26, 27, 28]


6
process id 0
stats
5, 16, 7, 100, 1000
20220820-162727
loosing coalitions taken
[2, 3, 6, 15, 27]
[1, 4, 7, 10, 18]
[1, 4, 8, 13, 14]
[1, 3, 7, 14, 22]
[1, 3, 9, 10, 12]
[1, 5, 6, 11, 25]
[3, 4, 6, 9, 22]
[1, 2, 10, 11, 14]
[1, 2, 8, 9, 22]
[2, 3, 7, 8, 10]
[2, 4, 5, 20, 28]
[2, 3, 5, 25]
[1, 2, 7, 12, 26]
[2, 4, 6, 12, 23]
[1, 3, 8, 15, 16]
[16, 17, 18, 19, 20, 21, 22, 23, 24, 25, 26, 27, 28]


