Results
Max overall: 16
Min avg pop: 0.645
Min pop: 0.649

6
process id 3
stats
5, 16, 7, 100, 1000
20220820-162741
loosing coalitions taken
[1, 3, 7, 11, 23]
[1, 5, 6, 13, 24]
[1, 2, 8, 15, 17]
[1, 2, 7, 9]
[1, 4, 8, 13, 14]
[2, 3, 5, 25]
[2, 4, 5, 20]
[1, 3, 8, 12, 19]
[3, 4, 5, 18, 27]
[2, 3, 7, 8, 10]
[2, 4, 6, 11, 23]
[1, 4, 7, 10, 18]
[3, 4, 6, 13, 20]
[1, 2, 10, 11, 14]
[2, 3, 6, 16, 24]
[16, 17, 18, 19, 20, 21, 22, 23, 24, 25, 26, 27, 28]


6
process id 0
stats
5, 16, 7, 100, 1000
20220820-162745
loosing coalitions taken
[1, 2, 8, 15, 17]
[3, 4, 6, 13, 21]
[1, 5, 6, 13, 23]
[1, 2, 7, 9]
[2, 4, 6, 14, 22]
[2, 4, 5, 20]
[1, 3, 8, 12, 18]
[2, 3, 6, 16, 23]
[2, 3, 5, 25]
[1, 4, 7, 11, 17]
[3, 4, 5, 18, 27]
[1, 4, 8, 13, 14]
[1, 2, 10, 11, 14]
[1, 3, 7, 14, 22]
[2, 3, 7, 8, 10]
[16, 17, 18, 19, 20, 21, 22, 23, 24, 25, 26, 27, 28]


6
process id 1
stats
5, 16, 7, 100, 1000
20220820-162747
loosing coalitions taken
[1, 2, 8, 9, 22]
[3, 4, 6, 13, 21]
[2, 4, 5, 20]
[1, 3, 7, 13, 22]
[1, 5, 6, 9, 26]
[1, 2, 7, 11, 27]
[1, 4, 8, 13, 14]
[1, 3, 9, 10, 12]
[1, 3, 8, 11, 19]
[1, 4, 7, 10, 19]
[2, 3, 5, 25]
[3, 4, 5, 18, 27]
[2, 3, 7, 8, 10]
[2, 4, 6, 11, 24]
[2, 3, 6, 16, 23]
[16, 17, 18, 19, 20, 21, 22, 23, 24, 25, 26, 27, 28]


6
process id 2
stats
5, 16, 7, 100, 1000
20220820-162749
loosing coalitions taken
[1, 5, 6, 13, 24]
[3, 4, 6, 15, 17]
[2, 4, 6, 11, 24]
[3, 4, 5, 21, 23]
[1, 4, 8, 13, 14]
[1, 2, 8, 9, 22]
[1, 3, 7, 15, 21]
[1, 3, 8, 11, 19]
[1, 2, 10, 12, 13]
[2, 3, 7, 8, 10]
[1, 4, 7, 10, 18]
[1, 2, 7, 17, 19]
[2, 3, 5, 26, 27]
[2, 4, 5, 20]
[2, 3, 6, 16, 23]
[16, 17, 18, 19, 20, 21, 22, 23, 24, 25, 26, 27, 28]


6
process id 3
stats
5, 16, 7, 100, 1000
20220820-162751
loosing coalitions taken
[1, 5, 6, 13, 23]
[2, 3, 6, 15, 27]
[1, 4, 8, 13, 14]
[1, 4, 7, 10, 18]
[2, 4, 6, 12, 23]
[1, 3, 7, 15, 21]
[2, 4, 5, 21, 27]
[3, 4, 6, 13, 21]
[1, 2, 7, 11, 26]
[1, 2, 8, 15, 17]
[3, 4, 5, 17, 28]
[1, 2, 9, 12, 14]
[2, 3, 5, 25]
[1, 3, 8, 12, 18]
[1, 3, 9, 10, 11]
[16, 17, 18, 19, 20, 21, 22, 23, 24, 25, 26, 27, 28]


6
process id 1
stats
5, 16, 7, 100, 1000
20220820-162753
loosing coalitions taken
[1, 2, 7, 9]
[2, 3, 6, 16, 24]
[3, 4, 5, 21, 23]
[1, 4, 8, 13, 14]
[1, 4, 7, 11, 17]
[3, 4, 6, 15, 17]
[1, 2, 10, 11, 14]
[1, 3, 7, 16, 19]
[2, 4, 5, 20]
[1, 2, 8, 15, 17]
[1, 5, 6, 9, 26]
[1, 3, 8, 11, 18]
[2, 3, 5, 25]
[2, 4, 6, 11, 23]
[1, 3, 9, 10, 12]
[16, 17, 18, 19, 20, 21, 22, 23, 24, 25, 26, 27, 28]


6
process id 0
stats
5, 16, 7, 100, 1000
20220820-162755
loosing coalitions taken
[2, 3, 6, 15, 27]
[1, 2, 7, 17, 18]
[1, 5, 6, 13, 23]
[2, 4, 5, 20]
[1, 3, 9, 10, 11]
[3, 4, 6, 13, 21]
[1, 2, 8, 9, 22]
[1, 2, 10, 12, 14]
[1, 3, 8, 12, 18]
[2, 3, 5, 25]
[2, 5, 6, 7, 16]
[2, 3, 7, 8, 10]
[3, 4, 5, 17, 26]
[2, 4, 6, 11, 24]
[1, 4, 8, 13, 14]
[16, 17, 18, 19, 20, 21, 22, 23, 24, 25, 26, 27, 28]


6
process id 7
stats
5, 16, 7, 100, 1000
20220820-162758
loosing coalitions taken
[1, 2, 8, 9, 22]
[1, 3, 7, 15, 21]
[3, 4, 6, 15, 17]
[1, 3, 8, 12, 18]
[1, 4, 8, 10, 15]
[1, 5, 6, 9, 26]
[2, 4, 5, 20]
[1, 3, 9, 10, 11]
[1, 2, 7, 11, 27]
[2, 3, 5, 27, 28]
[2, 3, 6, 16, 23]
[2, 4, 6, 13, 22]
[2, 3, 7, 8, 10]
[3, 4, 5, 21, 23]
[1, 2, 10, 12, 13]
[16, 17, 18, 19, 20, 21, 22, 23, 24, 25, 26, 27, 28]


6
process id 1
stats
5, 16, 7, 100, 1000
20220820-162759
loosing coalitions taken
[1, 5, 6, 13, 23]
[2, 3, 6, 15, 27]
[3, 4, 6, 9, 22]
[1, 2, 7, 9]
[2, 4, 5, 20]
[1, 3, 9, 10, 11]
[3, 4, 5, 21, 24]
[1, 3, 7, 16, 18]
[1, 2, 8, 14, 20]
[1, 4, 8, 10, 15]
[2, 3, 7, 8, 10]
[1, 3, 8, 12, 19]
[2, 3, 5, 25]
[1, 2, 10, 12, 13]
[2, 4, 6, 16, 17]
[16, 17, 18, 19, 20, 21, 22, 23, 24, 25, 26, 27, 28]


6
process id 6
stats
5, 16, 7, 100, 1000
20220820-162800
loosing coalitions taken
[1, 5, 6, 11, 25]
[3, 5, 6, 7, 15]
[1, 3, 8, 11, 19]
[2, 4, 5, 20]
[1, 4, 8, 10, 15]
[1, 2, 7, 9]
[2, 3, 5, 25]
[1, 3, 9, 10, 12]
[1, 2, 10, 11, 13]
[2, 4, 6, 15, 21]
[3, 4, 6, 13, 20]
[3, 4, 5, 17, 26]
[1, 2, 8, 14, 20]
[2, 3, 6, 16, 23]
[1, 3, 7, 16, 17]
[16, 17, 18, 19, 20, 21, 22, 23, 24, 25, 26, 27, 28]


6
process id 5
stats
5, 16, 7, 100, 1000
20220820-162802
loosing coalitions taken
[3, 4, 6, 9, 22]
[1, 5, 6, 10, 26]
[2, 4, 6, 16, 19]
[2, 4, 5, 20]
[2, 3, 5, 25]
[2, 3, 6, 15, 27]
[1, 2, 8, 15, 17]
[1, 2, 10, 12, 14]
[1, 4, 8, 13, 14]
[1, 4, 7, 11, 17]
[1, 3, 8, 11, 18]
[1, 2, 7, 9]
[3, 4, 5, 19, 26]
[2, 3, 7, 8, 10]
[1, 3, 7, 14, 22]
[16, 17, 18, 19, 20, 21, 22, 23, 24, 25, 26, 27, 28]


6
process id 1
stats
5, 16, 7, 100, 1000
20220820-162805
loosing coalitions taken
[1, 2, 7, 17, 19]
[1, 3, 7, 11, 23]
[3, 4, 6, 13, 21]
[1, 2, 8, 9, 22]
[2, 3, 6, 15, 27]
[1, 3, 9, 10, 12]
[1, 3, 8, 15, 16]
[3, 4, 5, 19, 26]
[2, 4, 6, 12, 23]
[2, 4, 5, 20]
[1, 2, 10, 11, 14]
[1, 4, 7, 10, 18]
[2, 3, 5, 25]
[1, 5, 6, 13, 23]
[1, 4, 8, 13, 14]
[16, 17, 18, 19, 20, 21, 22, 23, 24, 25, 26, 27, 28]


6
process id 2
stats
5, 16, 7, 100, 1000
20220820-162805
loosing coalitions taken
[3, 4, 6, 15, 17]
[2, 4, 5, 20]
[1, 3, 8, 11, 19]
[1, 2, 7, 9]
[1, 5, 6, 13, 23]
[1, 4, 8, 10, 15]
[2, 3, 5, 25]
[3, 4, 5, 19, 26]
[2, 3, 6, 16, 24]
[1, 2, 10, 11, 13]
[2, 4, 6, 13, 22]
[1, 3, 9, 10, 12]
[1, 3, 7, 14, 22]
[2, 3, 7, 8, 10]
[1, 2, 8, 14, 20]
[16, 17, 18, 19, 20, 21, 22, 23, 24, 25, 26, 27, 28]


7
process id 3
stats
5, 16, 7, 100, 1000
20220820-162807
loosing coalitions taken
[2, 4, 6, 12, 23]
[2, 4, 5, 20]
[1, 2, 8, 9, 22]
[1, 2, 10, 12, 14]
[3, 5, 6, 7, 15]
[1, 2, 7, 17, 18]
[1, 4, 7, 10, 19]
[2, 3, 6, 16, 24]
[1, 4, 8, 13, 14]
[1, 3, 9, 10, 11]
[1, 3, 8, 15, 16]
[2, 3, 5, 26, 28]
[1, 5, 6, 11, 25]
[3, 4, 6, 9, 22]
[3, 4, 5, 18, 27]
[16, 17, 18, 19, 20, 21, 22, 23, 24, 25, 26, 27, 28]


6
process id 6
stats
5, 16, 7, 100, 1000
20220820-162809
loosing coalitions taken
[2, 4, 6, 11, 23]
[1, 2, 7, 12, 26]
[1, 4, 8, 13, 14]
[1, 3, 8, 12, 18]
[3, 4, 6, 9, 22]
[1, 3, 7, 14, 22]
[1, 4, 7, 10, 19]
[3, 4, 5, 18, 27]
[2, 3, 6, 15, 27]
[1, 5, 6, 16, 20]
[2, 3, 7, 8, 10]
[1, 3, 9, 10, 11]
[2, 4, 5, 20]
[2, 3, 5, 25]
[1, 2, 8, 15, 17]
[16, 17, 18, 19, 20, 21, 22, 23, 24, 25, 26, 27, 28]


6
process id 0
stats
5, 16, 7, 100, 1000
20220820-162810
loosing coalitions taken
[2, 3, 6, 15, 27]
[1, 3, 7, 11, 23]
[1, 3, 8, 15, 16]
[1, 2, 7, 13, 25]
[1, 4, 8, 13, 14]
[2, 4, 6, 16, 19]
[1, 5, 6, 9, 26]
[2, 4, 5, 20]
[1, 4, 7, 10, 19]
[3, 4, 6, 9, 22]
[1, 2, 10, 12, 14]
[2, 3, 7, 8, 10]
[2, 3, 5, 25]
[3, 4, 5, 18, 26]
[1, 2, 8, 9, 22]
[16, 17, 18, 19, 20, 21, 22, 23, 24, 25, 26, 27, 28]


6
process id 4
stats
5, 16, 7, 100, 1000
20220820-162813
loosing coalitions taken
[1, 2, 10, 12, 14]
[2, 4, 6, 14, 22]
[2, 3, 6, 16, 24]
[1, 2, 7, 17, 18]
[1, 5, 6, 9, 26]
[1, 3, 8, 12, 19]
[1, 4, 8, 13, 14]
[3, 4, 6, 15, 17]
[1, 4, 7, 10, 19]
[2, 4, 5, 20]
[1, 3, 7, 11, 23]
[2, 3, 5, 25]
[3, 4, 5, 19, 26]
[2, 3, 7, 8, 10]
[1, 2, 8, 9, 22]
[16, 17, 18, 19, 20, 21, 22, 23, 24, 25, 26, 27, 28]


6
process id 3
stats
5, 16, 7, 100, 1000
20220820-162814
loosing coalitions taken
[1, 2, 8, 15, 17]
[1, 2, 7, 9]
[1, 5, 6, 13, 24]
[2, 3, 5, 25]
[1, 4, 8, 13, 14]
[1, 3, 8, 11, 19]
[2, 4, 5, 20]
[1, 2, 10, 12, 14]
[2, 4, 6, 16, 17]
[1, 3, 7, 14, 22]
[2, 3, 6, 15, 27]
[1, 4, 7, 10, 19]
[3, 4, 5, 21, 23]
[3, 4, 6, 9, 22]
[2, 3, 7, 8, 10]
[16, 17, 18, 19, 20, 21, 22, 23, 24, 25, 26, 27, 28]


7
process id 7
stats
5, 16, 7, 100, 1000
20220820-162824
loosing coalitions taken
[1, 2, 10, 11, 14]
[1, 3, 8, 15, 16]
[2, 4, 5, 20]
[1, 5, 6, 13, 24]
[1, 2, 7, 17, 19]
[1, 2, 8, 9, 22]
[1, 3, 9, 10, 12]
[3, 4, 6, 15, 17]
[1, 3, 7, 11, 23]
[2, 3, 5, 25]
[2, 3, 6, 16, 23]
[3, 4, 5, 18, 27]
[1, 4, 7, 10, 18]
[2, 4, 6, 14, 22]
[1, 4, 8, 13, 14]
[16, 17, 18, 19, 20, 21, 22, 23, 24, 25, 26, 27, 28]


6
process id 1
stats
5, 16, 7, 100, 1000
20220820-162824
loosing coalitions taken
[1, 2, 7, 17, 19]
[1, 3, 8, 11, 18]
[3, 4, 6, 14, 20]
[2, 3, 6, 15, 27]
[1, 5, 6, 13, 23]
[2, 3, 7, 8, 10]
[1, 2, 8, 9, 22]
[1, 4, 8, 13, 14]
[2, 4, 6, 11, 24]
[2, 4, 5, 20]
[1, 2, 10, 12, 13]
[2, 3, 5, 25]
[1, 4, 7, 10, 18]
[3, 4, 5, 21, 23]
[1, 3, 7, 14, 22]
[16, 17, 18, 19, 20, 21, 22, 23, 24, 25, 26, 27, 28]


6
process id 6
stats
5, 16, 7, 100, 1000
20220820-162825
loosing coalitions taken
[2, 4, 6, 12, 23]
[3, 4, 5, 18, 27]
[1, 3, 8, 12, 19]
[2, 3, 5, 26, 28]
[2, 4, 5, 20]
[1, 2, 7, 17, 19]
[1, 5, 6, 9, 26]
[3, 5, 6, 7, 15]
[1, 3, 7, 14, 22]
[1, 2, 10, 11, 14]
[2, 3, 7, 8, 10]
[3, 4, 6, 9, 22]
[1, 2, 8, 9, 22]
[2, 3, 6, 16, 24]
[1, 4, 8, 10, 15]
[16, 17, 18, 19, 20, 21, 22, 23, 24, 25, 26, 27, 28]


6
process id 5
stats
5, 16, 7, 100, 1000
20220820-162826
loosing coalitions taken
[1, 3, 8, 11, 19]
[1, 2, 7, 17, 19]
[1, 3, 7, 16, 18]
[1, 2, 8, 9, 22]
[1, 2, 10, 11, 14]
[3, 4, 6, 13, 21]
[1, 3, 9, 10, 12]
[1, 5, 6, 10, 26]
[2, 3, 6, 16, 24]
[2, 4, 6, 14, 22]
[1, 4, 8, 13, 14]
[3, 4, 5, 19, 26]
[2, 3, 5, 25]
[2, 4, 5, 20]
[2, 3, 7, 8, 10]
[16, 17, 18, 19, 20, 21, 22, 23, 24, 25, 26, 27, 28]


6
process id 3
stats
5, 16, 7, 100, 1000
20220820-162834
loosing coalitions taken
[2, 4, 5, 20]
[1, 4, 7, 11, 17]
[3, 4, 6, 9, 22]
[1, 2, 8, 9, 22]
[1, 3, 7, 14, 22]
[1, 3, 8, 12, 19]
[1, 5, 6, 13, 23]
[1, 2, 7, 12, 26]
[1, 4, 8, 13, 14]
[2, 3, 7, 8, 10]
[2, 3, 5, 25]
[2, 3, 6, 15, 27]
[3, 4, 5, 21, 23]
[2, 4, 6, 11, 23]
[1, 2, 10, 11, 14]
[16, 17, 18, 19, 20, 21, 22, 23, 24, 25, 26, 27, 28]


6
process id 7
stats
5, 16, 7, 100, 1000
20220820-162834
loosing coalitions taken
[2, 4, 6, 16, 18]
[1, 3, 8, 11, 19]
[3, 4, 6, 13, 21]
[1, 2, 7, 12, 26]
[1, 4, 7, 10, 19]
[1, 3, 9, 10, 12]
[1, 2, 8, 15, 17]
[1, 5, 6, 10, 26]
[2, 4, 5, 20]
[2, 3, 6, 15, 27]
[1, 3, 7, 15, 21]
[2, 3, 5, 25]
[3, 4, 5, 17, 27]
[1, 4, 8, 13, 14]
[1, 2, 9, 11, 14]
[16, 17, 18, 19, 20, 21, 22, 23, 24, 25, 26, 27, 28]


6
process id 0
stats
5, 16, 7, 100, 1000
20220820-162835
loosing coalitions taken
[1, 2, 8, 14, 20]
[1, 2, 7, 9]
[2, 3, 6, 15, 27]
[1, 3, 8, 11, 19]
[3, 4, 6, 13, 21]
[1, 5, 6, 11, 25]
[2, 4, 5, 20]
[2, 3, 5, 25]
[1, 3, 9, 10, 12]
[2, 4, 6, 16, 19]
[1, 4, 8, 10, 15]
[1, 2, 10, 11, 13]
[3, 4, 5, 19, 26]
[1, 3, 7, 16, 18]
[2, 3, 7, 8, 10]
[16, 17, 18, 19, 20, 21, 22, 23, 24, 25, 26, 27, 28]


6
process id 4
stats
5, 16, 7, 100, 1000
20220820-162838
loosing coalitions taken
[1, 5, 6, 13, 23]
[3, 5, 6, 7, 15]
[1, 2, 10, 11, 14]
[3, 4, 6, 9, 22]
[1, 2, 7, 9]
[1, 4, 8, 10, 15]
[2, 3, 6, 16, 24]
[2, 3, 5, 25]
[2, 4, 6, 12, 23]
[2, 4, 5, 20]
[1, 3, 8, 11, 18]
[1, 2, 8, 13, 20]
[1, 3, 9, 10, 12]
[1, 4, 7, 11, 17]
[3, 4, 5, 18, 26]
[16, 17, 18, 19, 20, 21, 22, 23, 24, 25, 26, 27, 28]


6
process id 1
stats
5, 16, 7, 100, 1000
20220820-162839
loosing coalitions taken
[1, 2, 8, 9, 22]
[1, 2, 7, 13, 25]
[1, 3, 7, 14, 22]
[1, 3, 8, 12, 19]
[2, 4, 6, 11, 24]
[3, 4, 6, 15, 17]
[2, 4, 5, 20]
[3, 4, 5, 18, 27]
[1, 2, 10, 11, 14]
[2, 3, 7, 8, 10]
[1, 4, 8, 10, 15]
[2, 3, 6, 16, 23]
[1, 5, 6, 13, 23]
[2, 3, 5, 25]
[1, 4, 7, 11, 17]
[16, 17, 18, 19, 20, 21, 22, 23, 24, 25, 26, 27, 28]


6
process id 2
stats
5, 16, 7, 100, 1000
20220820-162841
loosing coalitions taken
[1, 2, 8, 15, 17]
[3, 4, 5, 17, 28]
[1, 5, 6, 13, 24]
[1, 2, 7, 13, 25]
[2, 3, 7, 8, 10]
[1, 4, 7, 10, 18]
[1, 3, 7, 16, 17]
[2, 4, 6, 13, 22]
[1, 3, 8, 12, 18]
[3, 4, 6, 14, 20]
[2, 3, 6, 16, 23]
[2, 3, 5, 25]
[1, 3, 9, 10, 11]
[1, 2, 10, 12, 14]
[1, 4, 8, 13, 14]
[16, 17, 18, 19, 20, 21, 22, 23, 24, 25, 26, 27, 28]


6
process id 4
stats
5, 16, 7, 100, 1000
20220820-162844
loosing coalitions taken
[1, 3, 8, 12, 19]
[3, 4, 5, 17, 27]
[3, 4, 6, 13, 21]
[2, 3, 6, 15, 27]
[1, 2, 8, 9, 22]
[1, 3, 7, 14, 22]
[1, 4, 8, 13, 14]
[1, 3, 9, 10, 11]
[1, 4, 7, 10, 19]
[1, 2, 7, 17, 18]
[2, 4, 6, 11, 24]
[1, 2, 10, 12, 14]
[2, 3, 5, 26, 28]
[2, 4, 5, 20]
[1, 5, 6, 9, 26]
[16, 17, 18, 19, 20, 21, 22, 23, 24, 25, 26, 27, 28]


6
process id 7
stats
5, 16, 7, 100, 1000
20220820-162844
loosing coalitions taken
[3, 4, 6, 15, 17]
[1, 5, 6, 13, 23]
[1, 2, 7, 9]
[1, 3, 8, 12, 18]
[2, 4, 6, 12, 23]
[1, 3, 7, 15, 21]
[2, 3, 5, 25]
[2, 4, 5, 20]
[1, 2, 8, 14, 20]
[1, 4, 7, 11, 17]
[1, 4, 8, 10, 15]
[3, 4, 5, 21, 23]
[1, 3, 9, 10, 11]
[1, 2, 10, 12, 13]
[2, 3, 6, 16, 24]
[16, 17, 18, 19, 20, 21, 22, 23, 24, 25, 26, 27, 28]


7
process id 3
stats
5, 16, 7, 100, 1000
20220820-162845
loosing coalitions taken
[1, 4, 7, 10, 19]
[1, 5, 6, 13, 24]
[1, 2, 8, 9, 22]
[3, 4, 6, 15, 17]
[1, 3, 7, 13, 22]
[1, 3, 9, 10, 11]
[1, 2, 10, 12, 14]
[2, 3, 6, 16, 24]
[2, 4, 5, 21, 28]
[1, 4, 8, 13, 14]
[2, 4, 6, 12, 23]
[1, 3, 8, 12, 18]
[3, 4, 5, 19, 26]
[2, 3, 5, 25]
[1, 2, 7, 11, 27]
[16, 17, 18, 19, 20, 21, 22, 23, 24, 25, 26, 27, 28]


6
process id 1
stats
5, 16, 7, 100, 1000
20220820-162849
loosing coalitions taken
[1, 2, 10, 11, 14]
[3, 4, 6, 15, 17]
[1, 3, 7, 11, 23]
[2, 4, 5, 20]
[1, 5, 6, 10, 26]
[1, 2, 8, 9, 22]
[3, 4, 5, 19, 26]
[1, 3, 9, 10, 12]
[2, 3, 6, 16, 23]
[2, 3, 7, 8, 10]
[2, 4, 6, 11, 24]
[1, 4, 8, 13, 14]
[2, 3, 5, 25]
[1, 2, 7, 16, 21]
[1, 3, 8, 15, 16]
[16, 17, 18, 19, 20, 21, 22, 23, 24, 25, 26, 27, 28]


6
process id 4
stats
5, 16, 7, 100, 1000
20220820-162850
loosing coalitions taken
[1, 5, 6, 11, 25]
[3, 4, 5, 21, 23]
[1, 2, 7, 11, 27]
[2, 4, 5, 20]
[1, 3, 9, 10, 11]
[1, 3, 7, 13, 22]
[2, 3, 6, 16, 24]
[1, 2, 8, 15, 17]
[1, 2, 9, 12, 14]
[1, 4, 8, 13, 14]
[3, 4, 6, 15, 17]
[1, 4, 7, 10, 19]
[2, 3, 5, 25]
[2, 4, 6, 9, 25]
[1, 3, 8, 12, 19]
[16, 17, 18, 19, 20, 21, 22, 23, 24, 25, 26, 27, 28]


6
process id 5
stats
5, 16, 7, 100, 1000
20220820-162850
loosing coalitions taken
[1, 3, 8, 15, 16]
[2, 4, 6, 14, 22]
[1, 2, 8, 9, 22]
[1, 4, 7, 11, 17]
[1, 5, 6, 13, 24]
[2, 4, 5, 20]
[1, 3, 9, 10, 12]
[2, 3, 6, 15, 27]
[3, 4, 5, 17, 27]
[1, 2, 7, 13, 25]
[2, 3, 5, 25]
[1, 2, 10, 11, 14]
[3, 4, 6, 13, 20]
[1, 3, 7, 14, 22]
[2, 3, 7, 8, 10]
[16, 17, 18, 19, 20, 21, 22, 23, 24, 25, 26, 27, 28]


6
process id 0
stats
5, 16, 7, 100, 1000
20220820-162857
loosing coalitions taken
[2, 3, 5, 27, 28]
[1, 2, 7, 17, 19]
[3, 5, 6, 7, 15]
[2, 3, 6, 16, 24]
[1, 3, 7, 13, 22]
[3, 4, 6, 9, 22]
[1, 3, 8, 12, 18]
[3, 4, 5, 21, 24]
[2, 4, 5, 20]
[1, 4, 8, 10, 15]
[1, 2, 8, 9, 22]
[2, 4, 6, 12, 23]
[1, 5, 6, 13, 23]
[2, 3, 7, 8, 10]
[1, 2, 10, 11, 13]
[16, 17, 18, 19, 20, 21, 22, 23, 24, 25, 26, 27, 28]


6
process id 6
stats
5, 16, 7, 100, 1000
20220820-162857
loosing coalitions taken
[2, 3, 5, 27, 28]
[1, 2, 7, 9]
[1, 5, 6, 11, 25]
[2, 4, 5, 20]
[3, 4, 6, 15, 17]
[1, 3, 7, 14, 22]
[1, 3, 8, 9, 20]
[1, 2, 10, 11, 14]
[3, 4, 5, 19, 26]
[2, 3, 6, 16, 23]
[1, 4, 7, 11, 17]
[1, 4, 8, 13, 14]
[2, 4, 6, 13, 22]
[2, 3, 7, 8, 10]
[1, 2, 8, 15, 17]
[16, 17, 18, 19, 20, 21, 22, 23, 24, 25, 26, 27, 28]


7
process id 7
stats
5, 16, 7, 100, 1000
20220820-162900
loosing coalitions taken
[3, 4, 6, 15, 17]
[2, 4, 6, 11, 23]
[2, 4, 5, 20]
[1, 5, 6, 11, 25]
[1, 3, 8, 15, 16]
[2, 3, 6, 16, 24]
[2, 3, 5, 25]
[1, 2, 7, 17, 18]
[1, 3, 9, 10, 12]
[1, 4, 8, 13, 14]
[1, 4, 7, 10, 19]
[3, 4, 5, 19, 26]
[1, 2, 8, 9, 22]
[1, 2, 10, 11, 13]
[1, 3, 7, 13, 22]
[16, 17, 18, 19, 20, 21, 22, 23, 24, 25, 26, 27, 28]


6
process id 4
stats
5, 16, 7, 100, 1000
20220820-162901
loosing coalitions taken
[1, 2, 7, 17, 18]
[2, 4, 5, 20]
[1, 5, 6, 13, 23]
[1, 2, 8, 9, 22]
[1, 2, 10, 12, 14]
[2, 3, 6, 16, 24]
[1, 3, 8, 12, 18]
[1, 3, 9, 10, 11]
[3, 4, 6, 15, 17]
[3, 4, 5, 18, 26]
[2, 3, 5, 25]
[2, 4, 6, 13, 22]
[2, 3, 7, 8, 10]
[1, 3, 7, 13, 22]
[1, 4, 7, 10, 19]
[16, 17, 18, 19, 20, 21, 22, 23, 24, 25, 26, 27, 28]


6
process id 5
stats
5, 16, 7, 100, 1000
20220820-162902
loosing coalitions taken
[2, 4, 5, 20]
[1, 5, 6, 13, 24]
[1, 2, 7, 9]
[1, 4, 8, 13, 14]
[3, 4, 6, 9, 22]
[2, 3, 5, 25]
[1, 2, 8, 15, 17]
[1, 3, 7, 16, 18]
[3, 5, 6, 7, 15]
[2, 3, 6, 16, 23]
[1, 3, 8, 11, 19]
[3, 4, 5, 17, 28]
[2, 4, 6, 11, 24]
[1, 3, 9, 10, 12]
[1, 2, 10, 11, 14]
[16, 17, 18, 19, 20, 21, 22, 23, 24, 25, 26, 27, 28]


6
process id 3
stats
5, 16, 7, 100, 1000
20220820-162905
loosing coalitions taken
[1, 3, 9, 10, 12]
[2, 4, 6, 16, 19]
[1, 2, 8, 9, 22]
[1, 3, 7, 13, 22]
[1, 5, 6, 11, 25]
[1, 2, 7, 17, 18]
[2, 3, 6, 15, 27]
[1, 3, 8, 11, 18]
[1, 4, 7, 10, 19]
[1, 4, 8, 13, 14]
[2, 4, 5, 21, 28]
[1, 2, 10, 11, 14]
[2, 3, 5, 25]
[3, 4, 6, 14, 20]
[3, 4, 5, 18, 27]
[16, 17, 18, 19, 20, 21, 22, 23, 24, 25, 26, 27, 28]


6
process id 2
stats
5, 16, 7, 100, 1000
20220820-162906
loosing coalitions taken
[1, 3, 8, 12, 18]
[1, 5, 6, 9, 26]
[1, 3, 7, 11, 23]
[3, 4, 6, 15, 17]
[2, 3, 6, 16, 24]
[1, 2, 7, 13, 25]
[1, 4, 7, 10, 19]
[2, 4, 6, 14, 22]
[2, 4, 5, 20]
[3, 4, 5, 18, 26]
[1, 2, 8, 15, 17]
[2, 3, 5, 25]
[1, 2, 9, 11, 14]
[1, 4, 8, 13, 14]
[2, 3, 7, 8, 10]
[16, 17, 18, 19, 20, 21, 22, 23, 24, 25, 26, 27, 28]


6
process id 6
stats
5, 16, 7, 100, 1000
20220820-162906
loosing coalitions taken
[1, 2, 7, 11, 27]
[1, 3, 7, 14, 22]
[1, 3, 8, 12, 19]
[3, 4, 6, 15, 17]
[2, 4, 5, 20]
[1, 2, 10, 12, 14]
[1, 3, 9, 10, 11]
[1, 5, 6, 9, 26]
[1, 4, 8, 10, 15]
[3, 4, 5, 21, 24]
[2, 3, 6, 16, 23]
[2, 4, 6, 9, 25]
[2, 3, 7, 8, 10]
[2, 3, 5, 25]
[1, 2, 8, 13, 20]
[16, 17, 18, 19, 20, 21, 22, 23, 24, 25, 26, 27, 28]


6
process id 4
stats
5, 16, 7, 100, 1000
20220820-162908
loosing coalitions taken
[3, 4, 6, 13, 21]
[1, 5, 6, 13, 23]
[2, 4, 6, 12, 23]
[2, 3, 5, 25]
[1, 2, 7, 11, 26]
[1, 2, 8, 9, 22]
[1, 4, 8, 13, 14]
[1, 3, 8, 12, 17]
[2, 4, 5, 20]
[2, 3, 7, 8, 10]
[1, 3, 7, 16, 19]
[1, 4, 7, 10, 18]
[3, 4, 5, 18, 26]
[1, 2, 10, 12, 14]
[2, 3, 6, 15, 26]
[16, 17, 18, 19, 20, 21, 22, 23, 24, 25, 26, 27, 28]


7
process id 1
stats
5, 16, 7, 100, 1000
20220820-162911
loosing coalitions taken
[1, 5, 6, 11, 25]
[2, 4, 5, 20]
[1, 3, 9, 10, 12]
[1, 3, 7, 13, 22]
[1, 2, 8, 9, 22]
[1, 2, 7, 17, 18]
[2, 3, 6, 16, 24]
[1, 2, 10, 11, 14]
[1, 4, 8, 13, 14]
[3, 4, 6, 13, 21]
[2, 3, 5, 25]
[2, 4, 6, 12, 23]
[3, 4, 5, 18, 26]
[1, 3, 8, 11, 17]
[1, 4, 7, 10, 19]
[16, 17, 18, 19, 20, 21, 22, 23, 24, 25, 26, 27, 28]


6
process id 0
stats
5, 16, 7, 100, 1000
20220820-162911
loosing coalitions taken
[1, 5, 6, 13, 23]
[1, 2, 10, 11, 14]
[2, 4, 5, 20]
[1, 2, 8, 9, 22]
[3, 4, 6, 9, 22]
[3, 5, 6, 7, 15]
[1, 3, 8, 11, 18]
[1, 3, 9, 10, 12]
[1, 3, 7, 14, 22]
[1, 4, 8, 10, 15]
[3, 4, 5, 18, 27]
[2, 3, 5, 25]
[2, 3, 6, 16, 24]
[2, 4, 6, 11, 23]
[1, 4, 7, 11, 17]
[16, 17, 18, 19, 20, 21, 22, 23, 24, 25, 26, 27, 28]


6
process id 7
stats
5, 16, 7, 100, 1000
20220820-162912
loosing coalitions taken
[1, 2, 8, 9, 22]
[3, 4, 6, 14, 20]
[2, 4, 5, 20]
[1, 2, 7, 17, 18]
[1, 3, 8, 12, 18]
[1, 5, 6, 13, 24]
[1, 3, 9, 10, 11]
[1, 3, 7, 13, 22]
[2, 3, 6, 15, 27]
[3, 4, 5, 21, 24]
[1, 4, 7, 10, 19]
[2, 3, 5, 25]
[2, 4, 6, 16, 18]
[1, 2, 10, 12, 13]
[2, 3, 7, 8, 10]
[16, 17, 18, 19, 20, 21, 22, 23, 24, 25, 26, 27, 28]


6
process id 4
stats
5, 16, 7, 100, 1000
20220820-162913
loosing coalitions taken
[1, 2, 8, 14, 20]
[1, 2, 7, 9]
[3, 4, 5, 17, 28]
[1, 3, 8, 12, 18]
[2, 4, 5, 20]
[1, 4, 8, 10, 15]
[3, 5, 6, 7, 15]
[3, 4, 6, 9, 22]
[1, 3, 7, 16, 17]
[2, 3, 5, 25]
[1, 5, 6, 13, 24]
[2, 3, 6, 16, 24]
[1, 2, 10, 12, 13]
[2, 4, 6, 11, 23]
[1, 3, 9, 10, 11]
[16, 17, 18, 19, 20, 21, 22, 23, 24, 25, 26, 27, 28]


6
process id 2
stats
5, 16, 7, 100, 1000
20220820-162914
loosing coalitions taken
[2, 4, 6, 14, 22]
[1, 4, 8, 10, 15]
[1, 2, 7, 9]
[1, 5, 6, 13, 23]
[3, 4, 6, 13, 21]
[2, 4, 5, 20]
[1, 3, 7, 15, 21]
[1, 2, 8, 14, 20]
[1, 4, 7, 11, 17]
[3, 4, 5, 17, 27]
[2, 3, 5, 25]
[2, 3, 6, 15, 26]
[1, 2, 10, 11, 13]
[1, 3, 8, 12, 18]
[2, 3, 7, 8, 10]
[16, 17, 18, 19, 20, 21, 22, 23, 24, 25, 26, 27, 28]


6
process id 4
stats
5, 16, 7, 100, 1000
20220820-162917
loosing coalitions taken
[2, 4, 5, 20]
[1, 5, 6, 13, 23]
[3, 4, 6, 9, 22]
[3, 5, 6, 7, 15]
[1, 3, 8, 11, 18]
[1, 2, 7, 9]
[1, 4, 8, 10, 15]
[3, 4, 5, 19, 26]
[2, 3, 5, 25]
[1, 3, 9, 10, 12]
[2, 4, 6, 12, 23]
[1, 2, 10, 11, 13]
[1, 2, 8, 14, 20]
[2, 3, 6, 16, 24]
[1, 3, 7, 16, 17]
[16, 17, 18, 19, 20, 21, 22, 23, 24, 25, 26, 27, 28]


7
process id 3
stats
5, 16, 7, 100, 1000
20220820-162918
loosing coalitions taken
[1, 2, 8, 15, 17]
[1, 5, 6, 13, 23]
[1, 3, 8, 11, 18]
[2, 4, 6, 11, 23]
[2, 4, 5, 20]
[2, 3, 5, 27, 28]
[1, 2, 7, 9]
[1, 3, 7, 16, 19]
[3, 4, 5, 19, 26]
[3, 4, 6, 15, 17]
[2, 3, 6, 16, 24]
[1, 3, 9, 10, 12]
[1, 2, 10, 11, 14]
[1, 4, 7, 10, 18]
[1, 4, 8, 13, 14]
[16, 17, 18, 19, 20, 21, 22, 23, 24, 25, 26, 27, 28]


6
process id 6
stats
5, 16, 7, 100, 1000
20220820-162922
loosing coalitions taken
[1, 2, 7, 17, 18]
[1, 4, 8, 10, 15]
[2, 4, 5, 20]
[3, 5, 6, 7, 15]
[1, 5, 6, 13, 23]
[1, 3, 9, 10, 11]
[3, 4, 6, 13, 21]
[1, 3, 8, 12, 18]
[1, 2, 10, 12, 14]
[1, 3, 7, 14, 22]
[2, 4, 6, 16, 19]
[3, 4, 5, 17, 27]
[2, 3, 5, 25]
[2, 3, 7, 8, 10]
[1, 2, 8, 9, 22]
[16, 17, 18, 19, 20, 21, 22, 23, 24, 25, 26, 27, 28]


6
process id 2
stats
5, 16, 7, 100, 1000
20220820-162933
loosing coalitions taken
[3, 4, 6, 14, 20]
[3, 5, 6, 7, 15]
[2, 4, 6, 11, 23]
[2, 4, 5, 20]
[1, 5, 6, 11, 25]
[1, 4, 8, 10, 15]
[2, 3, 6, 16, 24]
[1, 3, 7, 11, 23]
[2, 3, 5, 26, 28]
[1, 2, 7, 9]
[1, 3, 8, 12, 19]
[1, 2, 10, 12, 13]
[3, 4, 5, 17, 27]
[1, 2, 8, 14, 20]
[2, 3, 7, 8, 10]
[16, 17, 18, 19, 20, 21, 22, 23, 24, 25, 26, 27, 28]


6
process id 1
stats
5, 16, 7, 100, 1000
20220820-162934
loosing coalitions taken
[1, 2, 7, 17, 18]
[2, 4, 6, 11, 23]
[3, 4, 5, 18, 27]
[3, 4, 6, 15, 17]
[1, 3, 8, 11, 18]
[1, 2, 10, 11, 14]
[1, 4, 8, 10, 15]
[1, 2, 8, 9, 22]
[1, 5, 6, 16, 20]
[2, 4, 5, 20]
[2, 3, 7, 8, 10]
[1, 3, 7, 14, 22]
[2, 3, 5, 25]
[1, 3, 9, 10, 12]
[2, 3, 6, 16, 24]
[16, 17, 18, 19, 20, 21, 22, 23, 24, 25, 26, 27, 28]


6
process id 3
stats
5, 16, 7, 100, 1000
20220820-162934
loosing coalitions taken
[1, 3, 8, 9, 20]
[1, 5, 6, 10, 26]
[1, 4, 7, 11, 17]
[2, 3, 6, 15, 27]
[3, 4, 6, 9, 22]
[2, 4, 5, 20]
[3, 4, 5, 17, 27]
[1, 2, 8, 15, 17]
[2, 4, 6, 16, 19]
[1, 2, 10, 12, 13]
[2, 3, 7, 8, 10]
[1, 4, 8, 13, 14]
[1, 2, 7, 9]
[2, 3, 5, 25]
[1, 3, 7, 14, 22]
[16, 17, 18, 19, 20, 21, 22, 23, 24, 25, 26, 27, 28]


6
process id 0
stats
5, 16, 7, 100, 1000
20220820-162934
loosing coalitions taken
[2, 4, 6, 16, 18]
[1, 5, 6, 13, 24]
[1, 2, 10, 11, 14]
[1, 2, 8, 9, 22]
[1, 3, 8, 11, 19]
[1, 2, 7, 12, 26]
[1, 3, 7, 14, 22]
[1, 4, 8, 13, 14]
[3, 4, 5, 21, 23]
[2, 3, 5, 25]
[3, 4, 6, 13, 20]
[2, 4, 5, 20]
[2, 3, 7, 8, 10]
[1, 4, 7, 10, 19]
[1, 3, 9, 10, 12]
[16, 17, 18, 19, 20, 21, 22, 23, 24, 25, 26, 27, 28]


6
process id 4
stats
5, 16, 7, 100, 1000
20220820-162938
loosing coalitions taken
[2, 3, 5, 27, 28]
[2, 4, 5, 20]
[1, 3, 8, 12, 19]
[1, 4, 8, 10, 15]
[1, 3, 7, 11, 23]
[1, 5, 6, 9, 26]
[1, 2, 8, 14, 20]
[2, 3, 7, 8, 10]
[3, 4, 5, 21, 24]
[1, 2, 7, 17, 18]
[3, 4, 6, 9, 22]
[2, 3, 6, 16, 24]
[1, 2, 10, 11, 13]
[3, 5, 6, 7, 15]
[2, 4, 6, 15, 21]
[16, 17, 18, 19, 20, 21, 22, 23, 24, 25, 26, 27, 28]


6
process id 7
stats
5, 16, 7, 100, 1000
20220820-162939
loosing coalitions taken
[3, 4, 6, 9, 22]
[2, 3, 6, 16, 24]
[1, 2, 7, 11, 27]
[1, 3, 8, 12, 18]
[1, 3, 7, 16, 19]
[1, 2, 10, 12, 14]
[2, 4, 6, 12, 23]
[1, 4, 8, 10, 15]
[2, 3, 5, 27, 28]
[3, 4, 5, 21, 24]
[2, 4, 5, 20]
[1, 2, 8, 9, 22]
[1, 5, 6, 13, 23]
[2, 3, 7, 8, 10]
[1, 3, 9, 10, 11]
[16, 17, 18, 19, 20, 21, 22, 23, 24, 25, 26, 27, 28]


6
process id 1
stats
5, 16, 7, 100, 1000
20220820-162940
loosing coalitions taken
[1, 2, 9, 12, 14]
[2, 3, 6, 16, 24]
[1, 3, 8, 12, 18]
[1, 3, 7, 16, 17]
[1, 4, 8, 13, 14]
[3, 4, 6, 9, 22]
[1, 5, 6, 11, 25]
[1, 2, 8, 15, 17]
[1, 4, 7, 10, 18]
[2, 4, 6, 12, 23]
[1, 2, 7, 11, 26]
[2, 3, 5, 25]
[3, 4, 5, 18, 27]
[2, 4, 5, 20]
[1, 3, 9, 10, 11]
[16, 17, 18, 19, 20, 21, 22, 23, 24, 25, 26, 27, 28]


6
process id 5
stats
5, 16, 7, 100, 1000
20220820-162942
loosing coalitions taken
[3, 4, 5, 17, 28]
[1, 2, 7, 17, 18]
[2, 4, 6, 16, 19]
[1, 4, 7, 10, 19]
[1, 4, 8, 13, 14]
[1, 2, 8, 9, 22]
[1, 3, 7, 14, 22]
[2, 4, 5, 20]
[1, 3, 9, 10, 11]
[1, 3, 8, 12, 19]
[2, 3, 6, 15, 27]
[3, 4, 6, 13, 21]
[1, 2, 10, 12, 14]
[1, 5, 6, 13, 23]
[2, 3, 7, 8, 10]
[16, 17, 18, 19, 20, 21, 22, 23, 24, 25, 26, 27, 28]


6
process id 3
stats
5, 16, 7, 100, 1000
20220820-162942
loosing coalitions taken
[3, 4, 6, 9, 22]
[1, 2, 7, 17, 18]
[1, 5, 6, 10, 26]
[1, 2, 8, 9, 22]
[1, 3, 7, 15, 21]
[2, 3, 6, 15, 27]
[1, 2, 10, 12, 14]
[2, 4, 5, 20]
[1, 3, 8, 12, 18]
[1, 4, 8, 13, 14]
[2, 3, 5, 25]
[2, 4, 6, 11, 23]
[3, 4, 5, 17, 28]
[2, 3, 7, 8, 10]
[1, 3, 9, 10, 11]
[16, 17, 18, 19, 20, 21, 22, 23, 24, 25, 26, 27, 28]


6
process id 6
stats
5, 16, 7, 100, 1000
20220820-162949
loosing coalitions taken
[2, 4, 5, 20]
[1, 4, 8, 13, 14]
[3, 4, 6, 13, 21]
[1, 2, 8, 9, 22]
[1, 3, 9, 10, 11]
[1, 2, 10, 12, 14]
[2, 3, 7, 8, 10]
[1, 3, 8, 12, 18]
[1, 5, 6, 13, 23]
[1, 2, 7, 17, 19]
[1, 3, 7, 13, 22]
[3, 5, 6, 7, 15]
[2, 4, 6, 9, 25]
[2, 3, 5, 25]
[3, 4, 5, 17, 27]
[16, 17, 18, 19, 20, 21, 22, 23, 24, 25, 26, 27, 28]


6
process id 7
stats
5, 16, 7, 100, 1000
20220820-162950
loosing coalitions taken
[2, 4, 6, 11, 24]
[1, 5, 6, 16, 20]
[3, 4, 6, 13, 21]
[2, 4, 5, 20]
[2, 3, 6, 15, 27]
[1, 2, 7, 9]
[2, 3, 5, 25]
[1, 3, 8, 11, 19]
[1, 3, 7, 15, 21]
[1, 4, 8, 13, 14]
[1, 2, 10, 11, 13]
[1, 4, 7, 10, 18]
[3, 4, 5, 18, 27]
[1, 2, 8, 15, 17]
[1, 3, 9, 10, 12]
[16, 17, 18, 19, 20, 21, 22, 23, 24, 25, 26, 27, 28]


6
process id 2
stats
5, 16, 7, 100, 1000
20220820-162951
loosing coalitions taken
[2, 4, 5, 20]
[1, 2, 8, 9, 22]
[3, 5, 6, 7, 15]
[1, 3, 7, 13, 22]
[1, 3, 9, 10, 11]
[3, 4, 6, 13, 21]
[1, 2, 10, 12, 14]
[1, 3, 8, 15, 16]
[1, 5, 6, 9, 26]
[1, 4, 8, 13, 14]
[2, 3, 7, 8, 10]
[2, 3, 5, 25]
[2, 4, 6, 12, 23]
[3, 4, 5, 17, 28]
[1, 2, 7, 17, 18]
[16, 17, 18, 19, 20, 21, 22, 23, 24, 25, 26, 27, 28]


6
process id 1
stats
5, 16, 7, 100, 1000
20220820-162955
loosing coalitions taken
[1, 3, 7, 11, 23]
[2, 3, 6, 15, 27]
[1, 2, 7, 9]
[1, 5, 6, 13, 23]
[3, 4, 6, 13, 21]
[1, 2, 8, 14, 20]
[2, 3, 7, 8, 10]
[2, 4, 6, 11, 24]
[1, 3, 8, 12, 19]
[1, 4, 8, 10, 15]
[3, 4, 5, 18, 26]
[2, 4, 5, 20]
[2, 3, 5, 25]
[1, 2, 10, 12, 13]
[2, 5, 6, 7, 16]
[16, 17, 18, 19, 20, 21, 22, 23, 24, 25, 26, 27, 28]


6
process id 4
stats
5, 16, 7, 100, 1000
20220820-162957
loosing coalitions taken
[2, 4, 5, 20]
[2, 3, 6, 15, 27]
[1, 5, 6, 10, 26]
[3, 4, 6, 9, 22]
[1, 3, 7, 14, 22]
[2, 4, 6, 16, 17]
[1, 4, 8, 13, 14]
[3, 4, 5, 21, 24]
[1, 2, 7, 9]
[2, 3, 5, 26, 28]
[1, 2, 10, 11, 14]
[1, 2, 8, 15, 17]
[1, 3, 8, 11, 19]
[1, 3, 9, 10, 12]
[2, 3, 7, 8, 10]
[16, 17, 18, 19, 20, 21, 22, 23, 24, 25, 26, 27, 28]


6
process id 3
stats
5, 16, 7, 100, 1000
20220820-162959
loosing coalitions taken
[1, 5, 6, 13, 24]
[1, 4, 7, 11, 17]
[1, 2, 7, 9]
[2, 4, 5, 20]
[3, 4, 6, 9, 22]
[1, 2, 8, 15, 17]
[1, 3, 8, 11, 19]
[2, 4, 6, 11, 24]
[3, 4, 5, 21, 23]
[1, 4, 8, 13, 14]
[1, 2, 10, 12, 14]
[1, 3, 7, 16, 18]
[2, 3, 5, 25]
[2, 3, 6, 15, 26]
[2, 3, 7, 8, 10]
[16, 17, 18, 19, 20, 21, 22, 23, 24, 25, 26, 27, 28]


6
process id 5
stats
5, 16, 7, 100, 1000
20220820-162959
loosing coalitions taken
[1, 2, 8, 9, 22]
[3, 4, 5, 21, 23]
[1, 3, 8, 12, 19]
[2, 4, 5, 20]
[3, 4, 6, 15, 17]
[1, 4, 7, 11, 17]
[1, 3, 7, 16, 18]
[1, 5, 6, 11, 25]
[1, 4, 8, 13, 14]
[2, 4, 6, 14, 22]
[1, 3, 9, 10, 11]
[2, 3, 7, 8, 10]
[2, 3, 5, 25]
[2, 3, 6, 16, 24]
[1, 2, 7, 13, 25]
[16, 17, 18, 19, 20, 21, 22, 23, 24, 25, 26, 27, 28]


6
process id 3
stats
5, 16, 7, 100, 1000
20220820-163002
loosing coalitions taken
[2, 4, 6, 16, 18]
[1, 3, 9, 10, 11]
[1, 3, 8, 12, 18]
[1, 3, 7, 15, 21]
[3, 4, 6, 9, 22]
[2, 3, 6, 15, 27]
[1, 4, 7, 11, 17]
[1, 2, 10, 12, 14]
[1, 2, 7, 9]
[1, 5, 6, 13, 24]
[2, 4, 5, 20]
[3, 4, 5, 18, 26]
[2, 3, 5, 25]
[1, 4, 8, 10, 15]
[1, 2, 8, 13, 20]
[16, 17, 18, 19, 20, 21, 22, 23, 24, 25, 26, 27, 28]


6
process id 7
stats
5, 16, 7, 100, 1000
20220820-163003
loosing coalitions taken
[1, 3, 7, 16, 18]
[1, 2, 7, 9]
[1, 5, 6, 16, 20]
[2, 4, 6, 11, 24]
[1, 3, 8, 11, 19]
[1, 4, 8, 13, 14]
[2, 3, 7, 8, 10]
[2, 3, 5, 25]
[3, 4, 5, 19, 26]
[2, 4, 5, 20]
[2, 3, 6, 16, 23]
[1, 3, 9, 10, 12]
[3, 4, 6, 13, 20]
[1, 4, 7, 11, 17]
[1, 2, 8, 15, 17]
[16, 17, 18, 19, 20, 21, 22, 23, 24, 25, 26, 27, 28]


6
process id 2
stats
5, 16, 7, 100, 1000
20220820-163008
loosing coalitions taken
[1, 3, 9, 10, 12]
[3, 4, 6, 9, 22]
[1, 3, 8, 11, 19]
[2, 4, 5, 20]
[1, 4, 8, 10, 15]
[2, 3, 6, 15, 26]
[2, 3, 5, 25]
[2, 3, 7, 8, 10]
[1, 2, 7, 9]
[1, 5, 6, 13, 23]
[2, 4, 6, 16, 18]
[3, 4, 5, 21, 24]
[1, 3, 7, 15, 21]
[1, 2, 8, 14, 20]
[1, 2, 10, 11, 13]
[16, 17, 18, 19, 20, 21, 22, 23, 24, 25, 26, 27, 28]


6
process id 2
stats
5, 16, 7, 100, 1000
20220820-163010
loosing coalitions taken
[1, 2, 8, 9, 22]
[3, 4, 6, 15, 17]
[1, 2, 7, 11, 27]
[1, 3, 8, 12, 18]
[1, 3, 7, 16, 17]
[2, 3, 6, 16, 24]
[1, 2, 10, 12, 14]
[1, 3, 9, 10, 11]
[1, 4, 7, 10, 19]
[2, 4, 5, 20]
[2, 3, 5, 25]
[1, 4, 8, 13, 14]
[3, 4, 5, 21, 24]
[2, 4, 6, 13, 22]
[1, 5, 6, 13, 24]
[16, 17, 18, 19, 20, 21, 22, 23, 24, 25, 26, 27, 28]


6
process id 5
stats
5, 16, 7, 100, 1000
20220820-163012
loosing coalitions taken
[1, 5, 6, 13, 24]
[1, 3, 7, 13, 22]
[1, 2, 7, 17, 18]
[1, 3, 9, 10, 11]
[1, 3, 8, 12, 18]
[1, 2, 10, 12, 14]
[2, 4, 5, 20]
[3, 4, 6, 13, 21]
[1, 4, 7, 10, 19]
[2, 3, 5, 25]
[2, 4, 6, 16, 17]
[3, 4, 5, 19, 26]
[2, 3, 7, 8, 10]
[2, 3, 6, 15, 27]
[1, 2, 8, 9, 22]
[16, 17, 18, 19, 20, 21, 22, 23, 24, 25, 26, 27, 28]


6
process id 7
stats
5, 16, 7, 100, 1000
20220820-163015
loosing coalitions taken
[1, 3, 8, 12, 18]
[2, 3, 6, 15, 27]
[1, 5, 6, 10, 26]
[1, 2, 8, 15, 17]
[1, 2, 7, 9]
[2, 4, 5, 20]
[1, 3, 7, 16, 19]
[3, 4, 5, 21, 23]
[2, 4, 6, 11, 23]
[1, 2, 10, 12, 14]
[1, 4, 8, 13, 14]
[2, 3, 5, 25]
[3, 4, 6, 9, 22]
[2, 3, 7, 8, 10]
[1, 4, 7, 11, 17]
[16, 17, 18, 19, 20, 21, 22, 23, 24, 25, 26, 27, 28]


6
process id 6
stats
5, 16, 7, 100, 1000
20220820-163017
loosing coalitions taken
[1, 5, 6, 13, 24]
[1, 2, 8, 9, 22]
[1, 2, 10, 11, 14]
[1, 3, 7, 16, 19]
[1, 3, 8, 11, 18]
[3, 4, 6, 15, 17]
[2, 4, 5, 20]
[2, 4, 6, 16, 18]
[1, 4, 7, 11, 17]
[1, 2, 7, 13, 25]
[3, 4, 5, 21, 24]
[1, 3, 9, 10, 12]
[2, 3, 5, 25]
[1, 4, 8, 10, 15]
[2, 3, 7, 8, 10]
[16, 17, 18, 19, 20, 21, 22, 23, 24, 25, 26, 27, 28]


6
process id 1
stats
5, 16, 7, 100, 1000
20220820-163021
loosing coalitions taken
[1, 5, 6, 10, 26]
[1, 3, 9, 10, 11]
[1, 3, 8, 12, 19]
[1, 2, 10, 12, 14]
[1, 2, 8, 9, 22]
[2, 4, 6, 11, 24]
[2, 4, 5, 20]
[1, 3, 7, 15, 21]
[3, 4, 6, 13, 21]
[1, 4, 7, 11, 17]
[2, 3, 6, 15, 27]
[2, 3, 5, 25]
[3, 4, 5, 18, 26]
[1, 2, 7, 13, 25]
[2, 3, 7, 8, 10]
[16, 17, 18, 19, 20, 21, 22, 23, 24, 25, 26, 27, 28]


6
process id 5
stats
5, 16, 7, 100, 1000
20220820-163022
loosing coalitions taken
[1, 5, 6, 11, 25]
[3, 4, 6, 9, 22]
[2, 3, 6, 15, 27]
[1, 2, 7, 9]
[1, 3, 8, 12, 19]
[2, 4, 6, 16, 18]
[1, 3, 7, 11, 23]
[2, 4, 5, 20]
[2, 3, 5, 25]
[3, 4, 5, 17, 27]
[1, 2, 10, 11, 14]
[1, 4, 7, 10, 19]
[1, 4, 8, 13, 14]
[1, 2, 8, 15, 17]
[2, 3, 7, 8, 10]
[16, 17, 18, 19, 20, 21, 22, 23, 24, 25, 26, 27, 28]


6
process id 3
stats
5, 16, 7, 100, 1000
20220820-163027
loosing coalitions taken
[1, 2, 7, 17, 19]
[3, 4, 6, 13, 21]
[1, 3, 8, 15, 16]
[1, 5, 6, 13, 24]
[1, 4, 8, 13, 14]
[1, 2, 8, 9, 22]
[2, 4, 5, 20]
[2, 3, 7, 8, 10]
[1, 3, 7, 11, 23]
[1, 2, 10, 11, 14]
[2, 3, 6, 16, 24]
[1, 3, 9, 10, 12]
[3, 4, 5, 17, 28]
[2, 3, 5, 25]
[2, 4, 6, 9, 25]
[16, 17, 18, 19, 20, 21, 22, 23, 24, 25, 26, 27, 28]


6
process id 4
stats
5, 16, 7, 100, 1000
20220820-163028
loosing coalitions taken
[1, 5, 6, 13, 23]
[1, 3, 8, 11, 19]
[1, 3, 7, 15, 21]
[3, 4, 6, 15, 17]
[1, 2, 7, 9]
[2, 4, 5, 20]
[1, 4, 8, 10, 15]
[2, 3, 5, 27, 28]
[2, 3, 6, 16, 23]
[1, 2, 10, 11, 14]
[2, 4, 6, 9, 25]
[1, 3, 9, 10, 12]
[1, 4, 7, 11, 17]
[2, 3, 7, 8, 10]
[3, 4, 5, 18, 26]
[16, 17, 18, 19, 20, 21, 22, 23, 24, 25, 26, 27, 28]


6
process id 0
stats
5, 16, 7, 100, 1000
20220820-163030
loosing coalitions taken
[2, 4, 5, 20]
[1, 5, 6, 11, 25]
[1, 3, 8, 12, 18]
[3, 4, 6, 15, 17]
[2, 3, 5, 25]
[1, 4, 7, 10, 19]
[1, 3, 7, 11, 23]
[1, 2, 7, 12, 26]
[2, 3, 7, 8, 10]
[2, 3, 6, 16, 24]
[1, 2, 8, 15, 17]
[2, 4, 6, 13, 22]
[1, 4, 8, 13, 14]
[1, 2, 10, 11, 13]
[3, 4, 5, 18, 27]
[16, 17, 18, 19, 20, 21, 22, 23, 24, 25, 26, 27, 28]


6
process id 5
stats
5, 16, 7, 100, 1000
20220820-163032
loosing coalitions taken
[1, 5, 6, 13, 24]
[1, 2, 7, 17, 18]
[1, 2, 8, 9, 22]
[3, 4, 6, 9, 22]
[1, 3, 7, 14, 22]
[2, 3, 6, 15, 27]
[1, 4, 7, 10, 19]
[1, 2, 10, 11, 14]
[2, 4, 5, 20]
[3, 4, 5, 18, 27]
[1, 3, 8, 12, 18]
[2, 3, 7, 8, 10]
[2, 3, 5, 25]
[1, 4, 8, 13, 14]
[2, 4, 6, 16, 19]
[16, 17, 18, 19, 20, 21, 22, 23, 24, 25, 26, 27, 28]


6
process id 3
stats
5, 16, 7, 100, 1000
20220820-163036
loosing coalitions taken
[1, 3, 9, 10, 12]
[2, 4, 6, 9, 25]
[1, 5, 6, 13, 23]
[3, 5, 6, 7, 15]
[3, 4, 6, 14, 20]
[2, 3, 5, 27, 28]
[3, 4, 5, 21, 23]
[1, 4, 8, 10, 15]
[2, 3, 6, 16, 24]
[2, 4, 5, 20]
[1, 2, 8, 9, 22]
[1, 2, 7, 11, 26]
[1, 3, 7, 16, 17]
[1, 3, 8, 11, 18]
[2, 3, 7, 8, 10]
[16, 17, 18, 19, 20, 21, 22, 23, 24, 25, 26, 27, 28]


6
process id 1
stats
5, 16, 7, 100, 1000
20220820-163037
loosing coalitions taken
[2, 4, 6, 16, 19]
[1, 5, 6, 13, 23]
[1, 2, 8, 9, 22]
[1, 3, 7, 16, 17]
[1, 4, 7, 10, 19]
[1, 2, 7, 11, 26]
[1, 4, 8, 13, 14]
[3, 4, 6, 13, 21]
[3, 4, 5, 17, 28]
[2, 3, 6, 15, 27]
[1, 2, 10, 12, 14]
[1, 3, 9, 10, 11]
[2, 4, 5, 20]
[2, 3, 7, 8, 10]
[1, 3, 8, 12, 18]
[16, 17, 18, 19, 20, 21, 22, 23, 24, 25, 26, 27, 28]


6
process id 7
stats
5, 16, 7, 100, 1000
20220820-163041
loosing coalitions taken
[3, 4, 6, 15, 17]
[1, 3, 8, 11, 18]
[2, 4, 5, 20]
[1, 2, 7, 9]
[3, 4, 5, 18, 26]
[1, 4, 8, 10, 15]
[2, 3, 7, 8, 10]
[1, 5, 6, 9, 26]
[1, 2, 8, 13, 20]
[1, 3, 7, 15, 21]
[2, 3, 6, 16, 24]
[2, 4, 6, 12, 23]
[2, 3, 5, 25]
[1, 3, 9, 10, 12]
[1, 2, 10, 11, 14]
[16, 17, 18, 19, 20, 21, 22, 23, 24, 25, 26, 27, 28]


6
process id 5
stats
5, 16, 7, 100, 1000
20220820-163046
loosing coalitions taken
[3, 4, 6, 15, 17]
[1, 2, 7, 9]
[1, 4, 8, 10, 15]
[2, 4, 6, 16, 18]
[1, 3, 8, 11, 19]
[2, 4, 5, 20]
[2, 3, 7, 8, 10]
[1, 5, 6, 16, 20]
[1, 2, 8, 13, 20]
[1, 3, 7, 15, 21]
[3, 4, 5, 18, 26]
[1, 3, 9, 10, 12]
[2, 3, 5, 25]
[1, 4, 7, 11, 17]
[1, 2, 10, 11, 14]
[16, 17, 18, 19, 20, 21, 22, 23, 24, 25, 26, 27, 28]


7
process id 6
stats
5, 16, 7, 100, 1000
20220820-163050
loosing coalitions taken
[1, 3, 7, 15, 21]
[1, 4, 7, 10, 19]
[1, 3, 9, 10, 11]
[2, 4, 5, 20]
[1, 2, 8, 9, 22]
[1, 3, 8, 12, 18]
[1, 5, 6, 13, 23]
[2, 3, 7, 8, 10]
[3, 4, 6, 9, 22]
[1, 2, 7, 11, 27]
[1, 2, 10, 12, 14]
[2, 3, 5, 25]
[3, 4, 5, 19, 26]
[1, 4, 8, 13, 14]
[2, 4, 6, 15, 21]
[16, 17, 18, 19, 20, 21, 22, 23, 24, 25, 26, 27, 28]


