Results
Max overall: 16
Min avg pop: 0.645
Min pop: 0.6495

6
process id 5
stats
5, 16, 7, 100, 1000
20220820-163127
loosing coalitions taken
[2, 4, 5, 20]
[1, 3, 8, 12, 19]
[1, 2, 10, 12, 14]
[1, 4, 7, 11, 17]
[3, 4, 5, 17, 27]
[1, 5, 6, 13, 24]
[2, 3, 6, 15, 27]
[2, 4, 6, 14, 22]
[3, 4, 6, 13, 21]
[1, 2, 8, 15, 17]
[1, 2, 7, 9]
[1, 5, 6, 11, 25]
[2, 4, 6, 16, 19]
[1, 3, 7, 16, 18]
[1, 5, 6, 16, 20]
[16, 17, 18, 19, 20, 21, 22, 23, 24, 25, 26, 27, 28]


6
process id 3
stats
5, 16, 7, 100, 1000
20220820-163155
loosing coalitions taken
[2, 3, 6, 15, 27]
[3, 4, 6, 9, 22]
[1, 3, 8, 12, 19]
[1, 2, 8, 15, 17]
[1, 2, 10, 12, 14]
[1, 2, 7, 9]
[1, 5, 6, 11, 25]
[1, 3, 7, 16, 18]
[2, 4, 6, 11, 23]
[3, 4, 5, 17, 28]
[1, 4, 7, 11, 17]
[2, 4, 5, 20]
[1, 5, 6, 9, 26]
[3, 4, 5, 18, 27]
[2, 4, 6, 16, 19]
[16, 17, 18, 19, 20, 21, 22, 23, 24, 25, 26, 27, 28]


6
process id 3
stats
5, 16, 7, 100, 1000
20220820-163205
loosing coalitions taken
[3, 4, 6, 13, 21]
[3, 4, 5, 17, 28]
[2, 4, 5, 20]
[1, 5, 6, 13, 24]
[1, 4, 7, 11, 17]
[1, 2, 10, 12, 14]
[1, 2, 8, 15, 17]
[1, 3, 8, 9, 20]
[1, 3, 7, 16, 18]
[2, 4, 6, 11, 24]
[2, 4, 6, 16, 19]
[1, 5, 6, 16, 20]
[1, 2, 7, 9]
[1, 3, 8, 11, 19]
[2, 3, 6, 15, 27]
[16, 17, 18, 19, 20, 21, 22, 23, 24, 25, 26, 27, 28]


6
process id 3
stats
5, 16, 7, 100, 1000
20220820-163212
loosing coalitions taken
[1, 3, 8, 9, 20]
[1, 2, 8, 15, 17]
[1, 3, 7, 16, 18]
[3, 4, 5, 18, 27]
[3, 4, 6, 13, 21]
[1, 5, 6, 13, 23]
[2, 4, 6, 9, 25]
[2, 3, 6, 15, 27]
[2, 4, 5, 20]
[1, 2, 7, 9]
[3, 4, 5, 21, 24]
[2, 4, 6, 11, 23]
[1, 5, 6, 10, 26]
[1, 5, 6, 16, 20]
[2, 3, 5, 27, 28]
[16, 17, 18, 19, 20, 21, 22, 23, 24, 25, 26, 27, 28]


5
process id 0
stats
5, 16, 7, 100, 1000
20220820-163223
loosing coalitions taken
[1, 3, 8, 15, 16]
[1, 5, 6, 13, 24]
[1, 3, 7, 11, 23]
[2, 4, 6, 11, 23]
[3, 4, 5, 17, 28]
[1, 2, 8, 14, 20]
[3, 4, 6, 13, 21]
[2, 4, 5, 20]
[1, 3, 9, 10, 12]
[2, 4, 6, 14, 22]
[1, 2, 7, 13, 25]
[1, 5, 6, 16, 20]
[1, 2, 7, 9]
[2, 3, 5, 27, 28]
[1, 5, 6, 10, 26]
[16, 17, 18, 19, 20, 21, 22, 23, 24, 25, 26, 27, 28]


6
process id 2
stats
5, 16, 7, 100, 1000
20220820-163237
loosing coalitions taken
[2, 4, 5, 20]
[3, 4, 5, 17, 28]
[1, 2, 8, 15, 17]
[2, 4, 6, 16, 19]
[1, 4, 7, 11, 17]
[1, 5, 6, 11, 25]
[1, 3, 7, 14, 22]
[1, 2, 7, 9]
[1, 3, 8, 12, 18]
[3, 4, 6, 9, 22]
[1, 2, 10, 12, 14]
[2, 3, 6, 15, 27]
[3, 4, 5, 18, 27]
[2, 4, 6, 14, 22]
[1, 5, 6, 13, 24]
[16, 17, 18, 19, 20, 21, 22, 23, 24, 25, 26, 27, 28]


6
process id 0
stats
5, 16, 7, 100, 1000
20220820-163242
loosing coalitions taken
[1, 3, 8, 12, 19]
[1, 2, 7, 9]
[2, 4, 5, 20]
[3, 4, 5, 17, 28]
[1, 2, 10, 12, 14]
[1, 3, 7, 14, 22]
[3, 4, 6, 9, 22]
[1, 5, 6, 11, 25]
[1, 2, 8, 15, 17]
[1, 4, 7, 11, 17]
[2, 3, 6, 15, 27]
[2, 4, 6, 11, 24]
[1, 5, 6, 9, 26]
[3, 4, 5, 21, 24]
[1, 5, 6, 16, 20]
[16, 17, 18, 19, 20, 21, 22, 23, 24, 25, 26, 27, 28]


6
process id 6
stats
5, 16, 7, 100, 1000
20220820-163246
loosing coalitions taken
[3, 4, 6, 13, 21]
[1, 2, 8, 15, 17]
[2, 3, 6, 15, 27]
[1, 3, 7, 16, 18]
[3, 4, 5, 18, 27]
[1, 4, 7, 11, 17]
[1, 3, 8, 12, 19]
[1, 5, 6, 10, 26]
[2, 4, 5, 20]
[2, 4, 6, 11, 23]
[1, 2, 10, 12, 14]
[1, 2, 7, 9]
[2, 4, 6, 16, 18]
[1, 5, 6, 11, 25]
[1, 5, 6, 13, 23]
[16, 17, 18, 19, 20, 21, 22, 23, 24, 25, 26, 27, 28]


6
process id 6
stats
5, 16, 7, 100, 1000
20220820-163315
loosing coalitions taken
[2, 4, 5, 20]
[1, 3, 8, 12, 19]
[1, 2, 8, 15, 17]
[1, 5, 6, 13, 24]
[3, 4, 5, 18, 27]
[1, 2, 7, 9]
[1, 4, 7, 11, 17]
[1, 3, 7, 14, 22]
[2, 3, 6, 15, 27]
[1, 2, 10, 11, 14]
[1, 5, 6, 9, 26]
[3, 4, 5, 17, 28]
[1, 3, 9, 10, 12]
[2, 4, 6, 16, 19]
[1, 5, 6, 16, 20]
[16, 17, 18, 19, 20, 21, 22, 23, 24, 25, 26, 27, 28]


6
process id 4
stats
5, 16, 7, 100, 1000
20220820-163318
loosing coalitions taken
[3, 4, 5, 18, 27]
[2, 3, 6, 15, 27]
[2, 4, 5, 20]
[1, 2, 10, 12, 14]
[1, 2, 8, 15, 17]
[2, 4, 6, 12, 23]
[1, 5, 6, 13, 24]
[1, 4, 7, 11, 17]
[1, 3, 7, 16, 19]
[1, 3, 8, 9, 20]
[1, 3, 9, 10, 12]
[1, 5, 6, 16, 20]
[1, 5, 6, 11, 25]
[1, 2, 7, 13, 25]
[2, 3, 5, 27, 28]
[16, 17, 18, 19, 20, 21, 22, 23, 24, 25, 26, 27, 28]


6
process id 2
stats
5, 16, 7, 100, 1000
20220820-163318
loosing coalitions taken
[1, 3, 7, 16, 18]
[2, 4, 5, 20]
[1, 2, 7, 9]
[1, 4, 7, 11, 17]
[1, 5, 6, 10, 26]
[3, 4, 6, 13, 21]
[1, 2, 10, 11, 14]
[3, 4, 5, 17, 27]
[1, 2, 8, 15, 17]
[2, 4, 6, 12, 23]
[1, 3, 9, 10, 12]
[1, 5, 6, 11, 25]
[3, 4, 5, 21, 24]
[2, 4, 6, 9, 25]
[2, 3, 5, 27, 28]
[16, 17, 18, 19, 20, 21, 22, 23, 24, 25, 26, 27, 28]


6
process id 0
stats
5, 16, 7, 100, 1000
20220820-163331
loosing coalitions taken
[2, 3, 6, 15, 27]
[1, 5, 6, 11, 25]
[2, 4, 6, 11, 24]
[1, 2, 10, 12, 14]
[3, 4, 6, 13, 21]
[3, 4, 5, 18, 27]
[1, 3, 8, 15, 16]
[1, 4, 7, 11, 17]
[2, 4, 5, 20]
[1, 3, 7, 14, 22]
[1, 2, 7, 9]
[3, 4, 5, 17, 28]
[1, 2, 8, 15, 17]
[2, 4, 6, 9, 25]
[1, 5, 6, 16, 20]
[16, 17, 18, 19, 20, 21, 22, 23, 24, 25, 26, 27, 28]


6
process id 2
stats
5, 16, 7, 100, 1000
20220820-163334
loosing coalitions taken
[2, 4, 6, 9, 25]
[3, 4, 6, 13, 21]
[1, 5, 6, 16, 20]
[1, 2, 10, 12, 14]
[1, 4, 7, 11, 17]
[1, 3, 7, 16, 19]
[2, 4, 5, 20]
[1, 2, 8, 15, 17]
[1, 3, 8, 9, 20]
[2, 3, 6, 15, 27]
[1, 2, 7, 9]
[2, 3, 5, 27, 28]
[1, 3, 8, 12, 18]
[3, 4, 5, 21, 24]
[2, 4, 6, 11, 23]
[16, 17, 18, 19, 20, 21, 22, 23, 24, 25, 26, 27, 28]


6
process id 0
stats
5, 16, 7, 100, 1000
20220820-163340
loosing coalitions taken
[1, 3, 8, 12, 19]
[2, 4, 6, 14, 22]
[1, 2, 10, 12, 14]
[3, 4, 6, 13, 21]
[3, 4, 5, 17, 28]
[1, 5, 6, 11, 25]
[1, 2, 8, 15, 17]
[2, 4, 5, 20]
[1, 5, 6, 13, 23]
[2, 3, 6, 15, 27]
[1, 3, 8, 15, 16]
[1, 5, 6, 10, 26]
[1, 2, 7, 9]
[1, 3, 9, 10, 12]
[2, 4, 6, 11, 23]
[16, 17, 18, 19, 20, 21, 22, 23, 24, 25, 26, 27, 28]


6
process id 5
stats
5, 16, 7, 100, 1000
20220820-163344
loosing coalitions taken
[3, 4, 5, 17, 28]
[2, 3, 6, 15, 27]
[1, 3, 7, 14, 22]
[1, 2, 10, 12, 14]
[3, 4, 6, 13, 21]
[2, 4, 6, 14, 22]
[1, 5, 6, 10, 26]
[1, 4, 7, 11, 17]
[1, 2, 8, 15, 17]
[2, 4, 5, 20]
[1, 5, 6, 13, 23]
[1, 5, 6, 11, 25]
[1, 3, 8, 9, 20]
[1, 3, 9, 10, 12]
[3, 4, 5, 21, 24]
[16, 17, 18, 19, 20, 21, 22, 23, 24, 25, 26, 27, 28]


6
process id 3
stats
5, 16, 7, 100, 1000
20220820-163346
loosing coalitions taken
[2, 4, 6, 9, 25]
[2, 3, 6, 15, 27]
[1, 2, 10, 12, 14]
[1, 2, 8, 15, 17]
[1, 4, 7, 11, 17]
[3, 4, 5, 17, 28]
[1, 3, 7, 15, 21]
[1, 5, 6, 16, 20]
[1, 2, 7, 9]
[3, 4, 6, 13, 21]
[2, 4, 5, 20]
[2, 4, 6, 14, 22]
[1, 5, 6, 10, 26]
[1, 3, 8, 15, 16]
[1, 3, 9, 10, 12]
[16, 17, 18, 19, 20, 21, 22, 23, 24, 25, 26, 27, 28]


6
process id 6
stats
5, 16, 7, 100, 1000
20220820-163347
loosing coalitions taken
[1, 3, 9, 10, 12]
[1, 4, 7, 11, 17]
[1, 3, 7, 14, 22]
[3, 4, 5, 17, 28]
[3, 4, 6, 13, 21]
[1, 2, 8, 14, 20]
[2, 4, 6, 11, 24]
[2, 3, 6, 15, 27]
[2, 4, 5, 20]
[1, 5, 6, 10, 26]
[1, 2, 8, 9, 22]
[1, 3, 8, 12, 19]
[1, 2, 7, 9]
[2, 3, 5, 27, 28]
[1, 5, 6, 13, 24]
[16, 17, 18, 19, 20, 21, 22, 23, 24, 25, 26, 27, 28]


6
process id 3
stats
5, 16, 7, 100, 1000
20220820-163354
loosing coalitions taken
[2, 4, 6, 12, 23]
[1, 5, 6, 13, 24]
[3, 4, 6, 13, 21]
[1, 4, 7, 11, 17]
[1, 3, 9, 10, 12]
[2, 3, 6, 15, 27]
[1, 2, 8, 14, 20]
[3, 4, 5, 17, 28]
[2, 4, 5, 20]
[1, 2, 7, 9]
[1, 2, 8, 15, 17]
[1, 5, 6, 11, 25]
[2, 4, 6, 14, 22]
[1, 3, 7, 15, 21]
[2, 3, 5, 27, 28]
[16, 17, 18, 19, 20, 21, 22, 23, 24, 25, 26, 27, 28]


6
process id 1
stats
5, 16, 7, 100, 1000
20220820-163355
loosing coalitions taken
[2, 4, 5, 20]
[1, 3, 7, 14, 22]
[1, 4, 7, 11, 17]
[1, 2, 10, 12, 14]
[1, 2, 7, 9]
[2, 4, 6, 14, 22]
[1, 3, 8, 15, 16]
[1, 5, 6, 13, 23]
[2, 3, 5, 27, 28]
[2, 4, 6, 12, 23]
[3, 4, 5, 17, 27]
[1, 3, 9, 10, 11]
[1, 2, 8, 15, 17]
[1, 5, 6, 9, 26]
[3, 4, 5, 21, 24]
[16, 17, 18, 19, 20, 21, 22, 23, 24, 25, 26, 27, 28]


