Results
15
0.63
0.625

5
process id 3
stats
5, 15, 7, 100, 1000
20220818-025333
loosing coalitions taken
[2, 4, 6, 11, 22]
[1, 3, 7, 12, 22]
[1, 2, 10, 11, 14]
[1, 2, 7, 16, 21]
[1, 2, 8, 13, 15]
[2, 4, 5, 13]
[1, 3, 8, 10, 18]
[2, 3, 6, 19, 20]
[1, 4, 7, 8, 27]
[3, 4, 5, 9]
[1, 4, 6, 26]
[2, 3, 5, 26, 27]
[1, 4, 5, 28]
[1, 3, 6, 25]
[16, 17, 18, 19, 20, 21, 22, 23, 24, 25, 26, 27, 28]


6
process id 7
stats
5, 15, 7, 100, 1000
20220818-025406
loosing coalitions taken
[2, 3, 6, 12]
[1, 2, 7, 15, 21]
[1, 4, 7, 10, 19]
[1, 2, 8, 11, 18]
[1, 3, 7, 9, 17]
[1, 2, 6, 26, 27]
[2, 4, 6, 16, 18]
[2, 4, 5, 17, 21]
[1, 4, 5, 27]
[1, 3, 6, 28]
[2, 3, 5, 15]
[1, 3, 8, 13, 14]
[1, 4, 6, 22]
[3, 4, 5, 10, 28]
[16, 17, 18, 19, 20, 21, 22, 23, 24, 25, 26, 27, 28]


5
process id 5
stats
5, 15, 7, 100, 1000
20220818-025409
loosing coalitions taken
[1, 5, 6, 12, 21]
[2, 3, 5, 26, 27]
[1, 3, 8, 9, 15]
[3, 4, 6, 11, 15]
[3, 4, 5, 18, 25]
[2, 4, 5, 17, 20]
[2, 4, 6, 9, 22]
[1, 2, 7, 14, 19]
[2, 3, 7, 8, 10]
[1, 2, 9, 11, 12]
[1, 4, 7, 9, 17]
[1, 3, 7, 16, 18]
[2, 3, 6, 13]
[1, 4, 5, 28]
[16, 17, 18, 19, 20, 21, 22, 23, 24, 25, 26, 27, 28]


5
process id 1
stats
5, 15, 7, 100, 1000
20220818-025419
loosing coalitions taken
[1, 3, 8, 11, 17]
[1, 4, 7, 8, 23]
[1, 4, 6, 25]
[2, 3, 6, 12, 28]
[1, 3, 7, 14, 20]
[1, 2, 8, 14, 16]
[2, 4, 6, 15, 16]
[3, 4, 5, 16]
[2, 3, 5, 24]
[1, 5, 6, 9, 24]
[2, 4, 5, 19]
[1, 3, 6, 23, 27]
[1, 4, 5, 28]
[1, 2, 7, 13, 25]
[16, 17, 18, 19, 20, 21, 22, 23, 24, 25, 26, 27, 28]


6
process id 7
stats
5, 15, 7, 100, 1000
20220818-025435
loosing coalitions taken
[1, 2, 7, 13, 25]
[1, 4, 7, 9, 19]
[1, 3, 7, 16, 17]
[1, 2, 8, 11, 20]
[1, 3, 8, 10, 18]
[2, 4, 5, 14, 24]
[3, 4, 6, 14, 18]
[2, 3, 5, 25]
[1, 3, 6, 27]
[1, 4, 6, 28]
[2, 3, 6, 16, 20]
[2, 4, 6, 9, 23]
[3, 4, 5, 9]
[1, 4, 5, 26]
[16, 17, 18, 19, 20, 21, 22, 23, 24, 25, 26, 27, 28]


5
process id 5
stats
5, 15, 7, 100, 1000
20220818-025447
loosing coalitions taken
[1, 5, 6, 16, 19]
[1, 3, 8, 9, 16]
[1, 2, 8, 13, 17]
[1, 3, 7, 14, 18]
[3, 4, 6, 8, 27]
[1, 2, 10, 11, 14]
[1, 4, 7, 12, 13]
[2, 3, 6, 14]
[1, 2, 7, 9]
[2, 3, 5, 16]
[1, 4, 5, 25, 27]
[2, 4, 5, 18, 22]
[1, 3, 6, 17]
[2, 4, 6, 11, 19]
[16, 17, 18, 19, 20, 21, 22, 23, 24, 25, 26, 27, 28]


5
process id 0
stats
5, 15, 7, 100, 1000
20220818-025635
loosing coalitions taken
[1, 3, 8, 10, 16]
[1, 3, 7, 12, 17]
[1, 2, 8, 9, 18]
[2, 4, 5, 16, 25]
[1, 5, 6, 10, 26]
[3, 4, 5, 9, 28]
[1, 2, 7, 14, 24]
[2, 3, 5, 15, 24]
[1, 4, 7, 8]
[2, 3, 6, 13, 20]
[3, 4, 6, 12, 19]
[2, 4, 6, 9, 22]
[1, 3, 6, 25]
[1, 2, 10, 12, 13]
[16, 17, 18, 19, 20, 21, 22, 23, 24, 25, 26, 27, 28]


6
process id 6
stats
5, 15, 7, 100, 1000
20220818-025637
loosing coalitions taken
[2, 4, 6, 13, 21]
[1, 5, 6, 12, 23]
[1, 2, 8, 14, 18]
[1, 4, 7, 13, 16]
[2, 3, 6, 12]
[3, 4, 5, 18, 24]
[1, 3, 7, 9, 21]
[1, 3, 8, 10, 17]
[2, 4, 5, 20, 25]
[3, 4, 6, 8]
[2, 5, 6, 7, 16]
[1, 4, 6, 20]
[1, 4, 5, 26]
[2, 3, 5, 27, 28]
[16, 17, 18, 19, 20, 21, 22, 23, 24, 25, 26, 27, 28]


5
process id 4
stats
5, 15, 7, 100, 1000
20220818-025715
loosing coalitions taken
[1, 3, 7, 14, 20]
[1, 2, 9, 11, 13]
[1, 3, 9, 10, 12]
[2, 3, 5, 25]
[2, 4, 6, 14, 22]
[1, 4, 7, 13, 15]
[1, 2, 7, 12, 26]
[1, 3, 6, 28]
[1, 5, 6, 15, 21]
[3, 4, 5, 17, 24]
[2, 3, 6, 12, 20]
[2, 4, 5, 11]
[1, 4, 8, 10, 14]
[1, 4, 6, 19]
[16, 17, 18, 19, 20, 21, 22, 23, 24, 25, 26, 27, 28]


6
process id 5
stats
5, 15, 7, 100, 1000
20220818-025742
loosing coalitions taken
[1, 5, 6, 11, 24]
[2, 3, 6, 13]
[1, 3, 8, 14, 15]
[1, 4, 6, 26]
[1, 3, 7, 16, 18]
[1, 2, 8, 11, 18]
[1, 4, 7, 9, 10]
[1, 2, 10, 12, 14]
[3, 4, 5, 11, 28]
[1, 3, 6, 22]
[2, 4, 5, 16, 26]
[2, 3, 5, 24]
[2, 4, 6, 12, 19]
[1, 2, 7, 15, 19]
[16, 17, 18, 19, 20, 21, 22, 23, 24, 25, 26, 27, 28]


