Results
15
0.63
0.6275

5
process id 6
stats
5, 15, 7, 100, 1000
20220818-025811
loosing coalitions taken
[2, 4, 5, 21, 28]
[1, 2, 8, 13, 18]
[1, 2, 9, 12, 14]
[1, 3, 7, 13, 21]
[1, 5, 6, 13, 23]
[1, 2, 7, 17, 19]
[1, 4, 7, 8]
[2, 3, 6, 12, 16]
[2, 3, 5, 10]
[1, 4, 6, 24]
[1, 4, 5, 26]
[3, 4, 5, 9, 27]
[2, 4, 6, 11, 17]
[1, 3, 8, 14, 15]
[16, 17, 18, 19, 20, 21, 22, 23, 24, 25, 26, 27, 28]


6
process id 5
stats
5, 15, 7, 100, 1000
20220818-025823
loosing coalitions taken
[1, 2, 9, 12, 13]
[1, 4, 7, 8, 25]
[2, 3, 6, 18, 21]
[1, 2, 7, 10, 22]
[1, 2, 8, 15, 17]
[1, 3, 8, 13, 16]
[1, 3, 6, 22, 26]
[2, 4, 6, 16, 19]
[1, 5, 6, 12, 23]
[1, 3, 7, 12, 20]
[1, 4, 6, 28]
[2, 4, 5, 17, 22]
[2, 3, 5, 12, 27]
[3, 4, 5, 11]
[16, 17, 18, 19, 20, 21, 22, 23, 24, 25, 26, 27, 28]


5
process id 6
stats
5, 15, 7, 100, 1000
20220818-025827
loosing coalitions taken
[1, 5, 6, 10, 23]
[2, 3, 6, 11, 26]
[1, 2, 8, 11, 21]
[1, 2, 9, 10, 13]
[1, 3, 8, 12, 19]
[3, 4, 6, 8]
[1, 2, 7, 15, 19]
[1, 3, 7, 13, 21]
[1, 4, 7, 14, 16]
[2, 4, 5, 12]
[3, 4, 5, 10, 20]
[2, 3, 5, 24]
[1, 3, 6, 28]
[2, 4, 6, 7, 23]
[16, 17, 18, 19, 20, 21, 22, 23, 24, 25, 26, 27, 28]


6
process id 6
stats
5, 15, 7, 100, 1000
20220818-025834
loosing coalitions taken
[1, 3, 7, 10, 22]
[3, 4, 5, 11]
[1, 5, 6, 12, 21]
[1, 3, 6, 28]
[1, 2, 9, 12, 14]
[1, 4, 7, 9, 16]
[1, 2, 8, 11, 13]
[1, 4, 8, 10, 15]
[1, 2, 7, 15, 21]
[2, 3, 6, 14]
[2, 3, 5, 21, 25]
[2, 4, 6, 10, 23]
[3, 4, 6, 8, 26]
[2, 4, 5, 15]
[16, 17, 18, 19, 20, 21, 22, 23, 24, 25, 26, 27, 28]


5
process id 3
stats
5, 15, 7, 100, 1000
20220818-025858
loosing coalitions taken
[1, 3, 8, 9, 18]
[1, 3, 7, 13, 19]
[1, 2, 10, 11, 14]
[2, 4, 6, 11, 23]
[2, 3, 6, 9]
[1, 4, 7, 9, 10]
[1, 2, 8, 15, 17]
[1, 4, 6, 25, 27]
[1, 5, 6, 14, 15]
[2, 4, 5, 13, 26]
[2, 3, 5, 22]
[1, 4, 8, 12, 13]
[3, 4, 5, 15]
[1, 3, 6, 23]
[16, 17, 18, 19, 20, 21, 22, 23, 24, 25, 26, 27, 28]


5
process id 4
stats
5, 15, 7, 100, 1000
20220818-025924
loosing coalitions taken
[1, 2, 9, 10, 12]
[1, 4, 8, 10, 13]
[1, 2, 8, 14, 17]
[2, 3, 7, 8, 9]
[3, 4, 5, 16]
[1, 2, 7, 13, 22]
[1, 3, 7, 12, 20]
[2, 3, 6, 10]
[2, 3, 5, 17]
[1, 5, 6, 16, 20]
[1, 3, 6, 26]
[2, 4, 6, 9, 19]
[2, 4, 5, 15]
[1, 4, 6, 24, 27]
[16, 17, 18, 19, 20, 21, 22, 23, 24, 25, 26, 27, 28]


6
process id 3
stats
5, 15, 7, 100, 1000
20220818-025942
loosing coalitions taken
[3, 4, 6, 12, 18]
[2, 3, 5, 22, 25]
[1, 2, 7, 9, 23]
[1, 2, 8, 13, 19]
[1, 3, 9, 10, 11]
[2, 3, 6, 14, 24]
[1, 3, 7, 12, 22]
[3, 4, 5, 16]
[2, 4, 5, 15]
[2, 4, 6, 16, 17]
[1, 5, 6, 10, 20]
[1, 4, 5, 26]
[1, 4, 7, 8, 24]
[1, 2, 6, 26]
[16, 17, 18, 19, 20, 21, 22, 23, 24, 25, 26, 27, 28]


6
process id 4
stats
5, 15, 7, 100, 1000
20220818-025942
loosing coalitions taken
[1, 3, 8, 12, 15]
[2, 4, 5, 13]
[1, 3, 7, 13, 18]
[1, 2, 9, 10, 12]
[1, 2, 8, 11, 20]
[1, 5, 6, 14, 20]
[2, 4, 6, 10, 20]
[3, 4, 5, 16]
[2, 3, 6, 15, 24]
[1, 4, 6, 22, 25]
[3, 4, 6, 8]
[1, 4, 5, 28]
[2, 3, 5, 21]
[1, 2, 7, 14, 22]
[16, 17, 18, 19, 20, 21, 22, 23, 24, 25, 26, 27, 28]


5
process id 7
stats
5, 15, 7, 100, 1000
20220818-025946
loosing coalitions taken
[2, 4, 6, 12, 22]
[1, 5, 6, 15, 17]
[1, 2, 7, 14, 24]
[2, 3, 6, 15, 25]
[1, 2, 9, 10, 13]
[3, 4, 6, 10, 18]
[1, 4, 8, 10, 14]
[2, 3, 7, 8, 9]
[1, 4, 6, 28]
[1, 2, 8, 12, 21]
[3, 4, 5, 17, 20]
[2, 3, 5, 21]
[1, 3, 7, 10, 23]
[1, 3, 8, 15, 16]
[16, 17, 18, 19, 20, 21, 22, 23, 24, 25, 26, 27, 28]


6
process id 6
stats
5, 15, 7, 100, 1000
20220818-025951
loosing coalitions taken
[2, 4, 6, 11, 22]
[2, 4, 5, 17, 27]
[1, 3, 8, 14, 15]
[2, 3, 6, 13]
[3, 4, 5, 15]
[1, 2, 7, 15, 22]
[1, 4, 6, 26]
[1, 2, 8, 9, 21]
[2, 3, 5, 22]
[1, 3, 6, 24]
[1, 4, 5, 28]
[1, 3, 7, 12, 16]
[1, 5, 6, 13, 18]
[1, 4, 7, 8]
[16, 17, 18, 19, 20, 21, 22, 23, 24, 25, 26, 27, 28]


5
process id 0
stats
5, 15, 7, 100, 1000
20220818-030016
loosing coalitions taken
[1, 2, 7, 11, 23]
[1, 5, 6, 15, 21]
[1, 4, 7, 8, 28]
[1, 4, 6, 27]
[2, 3, 6, 14, 22]
[1, 3, 7, 14, 19]
[1, 3, 8, 11, 16]
[1, 2, 8, 12, 19]
[3, 4, 5, 16, 23]
[2, 3, 5, 13]
[1, 3, 6, 25]
[3, 4, 6, 8]
[2, 4, 5, 20, 28]
[1, 4, 5, 26]
[16, 17, 18, 19, 20, 21, 22, 23, 24, 25, 26, 27, 28]


5
process id 7
stats
5, 15, 7, 100, 1000
20220818-030027
loosing coalitions taken
[2, 4, 6, 9, 21]
[1, 4, 6, 26]
[1, 2, 8, 9, 20]
[2, 3, 5, 22, 26]
[2, 3, 6, 13, 23]
[1, 3, 8, 11, 16]
[3, 4, 5, 13]
[2, 4, 5, 14]
[1, 4, 7, 8]
[1, 3, 7, 12, 14]
[1, 2, 7, 10, 19]
[1, 3, 6, 22]
[1, 5, 6, 16, 17]
[1, 4, 5, 28]
[16, 17, 18, 19, 20, 21, 22, 23, 24, 25, 26, 27, 28]


5
process id 4
stats
5, 15, 7, 100, 1000
20220818-030141
loosing coalitions taken
[2, 3, 6, 10]
[1, 2, 9, 11, 12]
[1, 2, 8, 13, 20]
[1, 3, 7, 13, 15]
[2, 4, 5, 13]
[2, 4, 6, 11, 21]
[3, 4, 5, 14]
[1, 3, 6, 28]
[1, 2, 7, 14, 24]
[1, 4, 7, 8]
[2, 3, 5, 16]
[1, 3, 8, 9, 16]
[1, 4, 6, 25]
[1, 5, 6, 14, 19]
[16, 17, 18, 19, 20, 21, 22, 23, 24, 25, 26, 27, 28]


5
process id 1
stats
5, 15, 7, 100, 1000
20220818-030219
loosing coalitions taken
[2, 3, 6, 11, 25]
[1, 2, 9, 10, 11]
[1, 3, 8, 9, 18]
[1, 2, 7, 13, 21]
[1, 2, 8, 14, 17]
[2, 4, 5, 19]
[1, 4, 7, 8]
[1, 4, 6, 27]
[1, 5, 6, 9, 26]
[2, 3, 5, 22]
[3, 4, 5, 15]
[1, 4, 5, 28]
[1, 3, 6, 22]
[2, 4, 6, 16, 18]
[16, 17, 18, 19, 20, 21, 22, 23, 24, 25, 26, 27, 28]


