Results
15
0.63
0.63

6
process id 6
stats
5, 15, 7, 100, 1000
20220818-030251
loosing coalitions taken
[1, 2, 7, 10, 27]
[3, 4, 6, 14, 19]
[2, 3, 6, 9]
[1, 4, 8, 9, 13]
[1, 5, 6, 12, 24]
[1, 2, 8, 14, 17]
[1, 3, 7, 14, 22]
[1, 4, 7, 11, 16]
[1, 3, 8, 10, 18]
[2, 3, 5, 17]
[1, 4, 6, 28]
[3, 4, 5, 11]
[2, 4, 5, 19]
[2, 4, 6, 15, 16]
[16, 17, 18, 19, 20, 21, 22, 23, 24, 25, 26, 27, 28]


6
process id 7
stats
5, 15, 7, 100, 1000
20220818-030255
loosing coalitions taken
[2, 4, 5, 20, 28]
[1, 2, 8, 15, 17]
[1, 2, 10, 11, 13]
[1, 5, 6, 10, 21]
[1, 4, 7, 9, 16]
[3, 4, 5, 19, 26]
[1, 3, 8, 9, 19]
[2, 4, 6, 13, 21]
[3, 4, 6, 14, 18]
[1, 3, 7, 11, 20]
[1, 2, 7, 12, 21]
[2, 3, 6, 11, 25]
[1, 3, 6, 28]
[2, 3, 5, 18]
[16, 17, 18, 19, 20, 21, 22, 23, 24, 25, 26, 27, 28]


5
process id 5
stats
5, 15, 7, 100, 1000
20220818-030337
loosing coalitions taken
[2, 4, 5, 19, 25]
[1, 4, 8, 9, 10]
[3, 4, 5, 15]
[1, 4, 6, 27]
[1, 3, 8, 11, 18]
[1, 2, 7, 14, 23]
[1, 3, 7, 9, 24]
[2, 3, 5, 13]
[2, 3, 6, 11]
[2, 4, 6, 8]
[1, 2, 9, 11, 12]
[1, 5, 6, 16, 18]
[1, 4, 7, 11, 16]
[1, 2, 6, 28]
[16, 17, 18, 19, 20, 21, 22, 23, 24, 25, 26, 27, 28]


5
process id 4
stats
5, 15, 7, 100, 1000
20220818-030409
loosing coalitions taken
[1, 3, 8, 12, 17]
[1, 4, 8, 11, 13]
[1, 3, 7, 11, 23]
[1, 2, 8, 9, 20]
[1, 2, 7, 14, 24]
[2, 4, 5, 22, 23]
[2, 4, 6, 8]
[1, 2, 10, 12, 13]
[2, 3, 5, 12]
[1, 3, 6, 25]
[3, 4, 5, 11]
[1, 4, 6, 28]
[2, 3, 6, 11, 26]
[1, 5, 6, 16, 17]
[16, 17, 18, 19, 20, 21, 22, 23, 24, 25, 26, 27, 28]


6
process id 2
stats
5, 15, 7, 100, 1000
20220818-030417
loosing coalitions taken
[2, 3, 6, 10, 25]
[2, 3, 5, 24]
[1, 2, 10, 11, 14]
[2, 4, 6, 12, 23]
[1, 4, 7, 13, 14]
[1, 4, 6, 28]
[1, 3, 7, 9, 21]
[1, 3, 6, 27]
[2, 4, 5, 20]
[3, 4, 6, 8]
[1, 2, 8, 12, 18]
[3, 4, 5, 10]
[1, 5, 6, 13, 20]
[1, 4, 8, 9, 11]
[16, 17, 18, 19, 20, 21, 22, 23, 24, 25, 26, 27, 28]


6
process id 3
stats
5, 15, 7, 100, 1000
20220818-030432
loosing coalitions taken
[1, 4, 8, 11, 14]
[2, 3, 5, 17]
[2, 4, 6, 9, 25]
[1, 4, 6, 27, 28]
[1, 4, 7, 10, 16]
[1, 2, 10, 11, 13]
[1, 3, 9, 10, 12]
[1, 2, 7, 15, 20]
[1, 3, 7, 13, 19]
[3, 4, 6, 8]
[3, 4, 5, 10, 25]
[2, 4, 5, 11]
[2, 3, 6, 13]
[1, 3, 8, 15, 16]
[16, 17, 18, 19, 20, 21, 22, 23, 24, 25, 26, 27, 28]


6
process id 7
stats
5, 15, 7, 100, 1000
20220818-030441
loosing coalitions taken
[1, 2, 8, 13, 19]
[1, 3, 7, 15, 18]
[1, 2, 9, 10, 12]
[1, 2, 7, 16, 21]
[3, 4, 6, 15, 16]
[2, 4, 6, 14, 19]
[1, 3, 8, 11, 14]
[1, 4, 6, 25, 26]
[1, 4, 7, 8]
[2, 3, 5, 18, 27]
[2, 4, 5, 15, 26]
[1, 5, 6, 13, 20]
[2, 3, 6, 10]
[3, 4, 5, 11]
[16, 17, 18, 19, 20, 21, 22, 23, 24, 25, 26, 27, 28]


6
process id 0
stats
5, 15, 7, 100, 1000
20220818-030509
loosing coalitions taken
[2, 3, 6, 12, 28]
[2, 3, 7, 8, 9]
[1, 3, 9, 10, 12]
[1, 3, 7, 14, 21]
[1, 2, 8, 14, 16]
[2, 4, 5, 19]
[1, 5, 6, 15, 18]
[1, 4, 7, 13, 15]
[1, 3, 8, 11, 19]
[2, 3, 5, 18]
[1, 4, 6, 24]
[3, 4, 5, 14]
[3, 4, 6, 11, 21]
[2, 4, 6, 9, 23]
[16, 17, 18, 19, 20, 21, 22, 23, 24, 25, 26, 27, 28]


5
process id 4
stats
5, 15, 7, 100, 1000
20220818-030513
loosing coalitions taken
[2, 3, 6, 10]
[1, 3, 7, 14, 22]
[1, 2, 7, 9]
[1, 3, 8, 11, 17]
[2, 4, 5, 12]
[1, 5, 6, 12, 15]
[1, 2, 8, 13, 16]
[2, 3, 5, 16]
[3, 4, 6, 13, 14]
[1, 4, 6, 27]
[1, 2, 10, 11, 14]
[3, 4, 5, 11, 25]
[1, 3, 9, 10, 12]
[1, 4, 7, 8]
[16, 17, 18, 19, 20, 21, 22, 23, 24, 25, 26, 27, 28]


6
process id 6
stats
5, 15, 7, 100, 1000
20220818-030522
loosing coalitions taken
[2, 4, 6, 11, 20]
[2, 4, 5, 16, 25]
[1, 2, 9, 11, 14]
[1, 4, 7, 11, 13]
[1, 2, 8, 12, 20]
[1, 2, 7, 16, 21]
[1, 3, 7, 10, 23]
[3, 4, 5, 13, 27]
[3, 4, 6, 12, 21]
[2, 3, 5, 19, 28]
[1, 5, 6, 10, 22]
[2, 3, 6, 10]
[1, 4, 6, 17]
[1, 3, 8, 9, 19]
[16, 17, 18, 19, 20, 21, 22, 23, 24, 25, 26, 27, 28]


5
process id 5
stats
5, 15, 7, 100, 1000
20220818-030545
loosing coalitions taken
[1, 2, 7, 10, 21]
[1, 4, 7, 12, 14]
[1, 2, 8, 11, 20]
[3, 4, 6, 9, 20]
[1, 3, 8, 12, 16]
[2, 3, 6, 10, 25]
[3, 4, 5, 18, 25]
[2, 4, 5, 17, 24]
[2, 3, 5, 22]
[1, 3, 7, 9, 18]
[1, 2, 9, 12, 13]
[1, 3, 6, 24]
[1, 4, 8, 10, 13]
[2, 4, 6, 8]
[16, 17, 18, 19, 20, 21, 22, 23, 24, 25, 26, 27, 28]


5
process id 5
stats
5, 15, 7, 100, 1000
20220818-030606
loosing coalitions taken
[3, 4, 5, 19, 24]
[1, 2, 8, 15, 17]
[1, 2, 9, 11, 14]
[1, 4, 8, 12, 14]
[1, 5, 6, 11, 22]
[1, 4, 7, 13, 15]
[2, 3, 6, 16, 17]
[1, 4, 6, 25]
[2, 3, 5, 21, 28]
[2, 5, 6, 7, 14]
[1, 3, 7, 10, 20]
[2, 4, 5, 11]
[1, 3, 8, 9, 16]
[1, 2, 10, 12, 13]
[16, 17, 18, 19, 20, 21, 22, 23, 24, 25, 26, 27, 28]


5
process id 5
stats
5, 15, 7, 100, 1000
20220818-030633
loosing coalitions taken
[1, 2, 8, 15, 17]
[2, 3, 6, 10]
[1, 2, 7, 12, 22]
[1, 5, 6, 13, 23]
[1, 3, 7, 11, 23]
[1, 3, 8, 9, 12]
[1, 4, 6, 28]
[2, 4, 6, 9, 24]
[3, 4, 5, 21, 23]
[2, 3, 5, 18]
[2, 4, 5, 20]
[1, 4, 7, 9, 16]
[1, 2, 9, 10, 14]
[1, 3, 6, 22]
[16, 17, 18, 19, 20, 21, 22, 23, 24, 25, 26, 27, 28]


6
process id 3
stats
5, 15, 7, 100, 1000
20220818-030649
loosing coalitions taken
[2, 3, 6, 13]
[1, 2, 10, 11, 14]
[1, 4, 7, 9, 19]
[2, 4, 5, 19, 24]
[1, 3, 8, 15, 16]
[3, 4, 5, 9]
[1, 5, 6, 14, 20]
[1, 4, 8, 12, 13]
[1, 2, 8, 9, 22]
[2, 3, 5, 21]
[1, 3, 6, 22, 27]
[1, 4, 6, 23, 25]
[3, 4, 6, 12, 19]
[1, 2, 7, 12, 21]
[16, 17, 18, 19, 20, 21, 22, 23, 24, 25, 26, 27, 28]


