Results
15
0.63
0.645

5
process id 2
stats
5, 15, 7, 100, 1000
20220818-033031
loosing coalitions taken
[2, 4, 5, 19]
[1, 4, 8, 13, 14]
[2, 3, 6, 13]
[1, 3, 8, 15, 16]
[1, 2, 7, 9, 24]
[1, 2, 8, 11, 18]
[1, 5, 6, 16, 18]
[2, 4, 6, 15, 20]
[2, 3, 5, 24]
[1, 4, 7, 10, 16]
[3, 4, 5, 16]
[2, 3, 7, 8, 10]
[1, 2, 10, 12, 13]
[3, 4, 6, 14, 18]
[16, 17, 18, 19, 20, 21, 22, 23, 24, 25, 26, 27, 28]


6
process id 6
stats
5, 15, 7, 100, 1000
20220818-033033
loosing coalitions taken
[1, 2, 9, 12, 14]
[1, 3, 9, 10, 11]
[1, 4, 7, 8]
[1, 5, 6, 14, 22]
[2, 3, 6, 10]
[2, 4, 5, 21, 23]
[2, 3, 5, 25]
[3, 4, 6, 13, 19]
[2, 4, 6, 15, 20]
[3, 4, 5, 16, 28]
[1, 3, 7, 12, 22]
[1, 2, 7, 13, 24]
[1, 2, 8, 11, 18]
[2, 5, 6, 8, 12]
[16, 17, 18, 19, 20, 21, 22, 23, 24, 25, 26, 27, 28]


6
process id 5
stats
5, 15, 7, 100, 1000
20220818-033034
loosing coalitions taken
[1, 4, 8, 10, 15]
[1, 5, 6, 10, 23]
[2, 3, 6, 14]
[2, 3, 5, 23]
[2, 4, 5, 20]
[3, 4, 5, 18, 26]
[2, 4, 6, 11, 22]
[1, 2, 10, 12, 14]
[1, 3, 7, 13, 21]
[3, 4, 6, 13, 17]
[1, 2, 7, 9, 27]
[2, 5, 6, 7, 15]
[1, 2, 8, 13, 18]
[1, 3, 8, 11, 19]
[16, 17, 18, 19, 20, 21, 22, 23, 24, 25, 26, 27, 28]


6
process id 4
stats
5, 15, 7, 100, 1000
20220818-033037
loosing coalitions taken
[1, 2, 9, 12, 13]
[2, 4, 5, 20]
[1, 5, 6, 13, 24]
[1, 2, 7, 11, 26]
[1, 4, 8, 10, 15]
[1, 4, 7, 9, 19]
[1, 3, 7, 15, 20]
[3, 4, 5, 17, 26]
[2, 3, 6, 9]
[2, 3, 5, 24]
[2, 4, 6, 11, 22]
[3, 4, 6, 13, 18]
[1, 3, 9, 10, 11]
[1, 3, 8, 12, 19]
[16, 17, 18, 19, 20, 21, 22, 23, 24, 25, 26, 27, 28]


6
process id 0
stats
5, 15, 7, 100, 1000
20220818-033037
loosing coalitions taken
[3, 4, 5, 17, 27]
[2, 4, 5, 18]
[1, 4, 7, 10, 17]
[1, 2, 8, 13, 20]
[1, 2, 9, 12, 14]
[2, 3, 6, 13]
[2, 4, 6, 9, 25]
[1, 4, 8, 11, 12]
[2, 3, 5, 25]
[1, 2, 7, 16, 21]
[3, 4, 6, 10, 21]
[1, 3, 7, 12, 20]
[1, 5, 6, 15, 17]
[1, 3, 8, 14, 16]
[16, 17, 18, 19, 20, 21, 22, 23, 24, 25, 26, 27, 28]


6
process id 5
stats
5, 15, 7, 100, 1000
20220818-033037
loosing coalitions taken
[1, 4, 8, 10, 15]
[1, 2, 7, 11, 27]
[2, 3, 6, 13]
[3, 4, 5, 20, 23]
[1, 3, 7, 16, 17]
[2, 4, 5, 21, 26]
[2, 3, 5, 25]
[1, 4, 7, 9, 19]
[1, 5, 6, 9, 22]
[2, 4, 6, 15, 18]
[3, 4, 6, 10, 19]
[1, 2, 8, 13, 18]
[2, 3, 7, 8, 10]
[1, 3, 8, 9, 20]
[16, 17, 18, 19, 20, 21, 22, 23, 24, 25, 26, 27, 28]


5
process id 3
stats
5, 15, 7, 100, 1000
20220818-033037
loosing coalitions taken
[1, 5, 6, 12, 24]
[1, 2, 8, 11, 20]
[1, 3, 7, 15, 21]
[1, 3, 8, 12, 17]
[3, 4, 6, 11, 20]
[1, 2, 7, 14, 24]
[1, 2, 10, 12, 13]
[2, 3, 6, 13]
[2, 3, 5, 24]
[2, 4, 5, 20]
[1, 4, 7, 8]
[3, 4, 5, 17, 25]
[2, 4, 6, 9, 22]
[1, 3, 9, 10, 11]
[16, 17, 18, 19, 20, 21, 22, 23, 24, 25, 26, 27, 28]


6
process id 1
stats
5, 15, 7, 100, 1000
20220818-033039
loosing coalitions taken
[2, 3, 6, 16, 23]
[1, 2, 7, 16, 20]
[2, 4, 6, 11, 22]
[1, 5, 6, 10, 25]
[1, 2, 9, 12, 13]
[2, 4, 5, 19]
[1, 3, 8, 11, 17]
[1, 2, 8, 10, 21]
[2, 3, 7, 8, 9]
[1, 4, 7, 10, 17]
[2, 3, 5, 24]
[3, 4, 5, 17, 26]
[1, 4, 8, 9, 15]
[1, 3, 7, 12, 22]
[16, 17, 18, 19, 20, 21, 22, 23, 24, 25, 26, 27, 28]


5
process id 6
stats
5, 15, 7, 100, 1000
20220818-033041
loosing coalitions taken
[1, 4, 8, 9, 15]
[1, 5, 6, 10, 25]
[1, 2, 7, 15, 22]
[1, 2, 9, 10, 14]
[3, 4, 6, 10, 21]
[2, 3, 6, 13]
[1, 3, 8, 11, 18]
[1, 4, 7, 13, 16]
[3, 4, 5, 15]
[2, 4, 5, 20]
[2, 3, 5, 24, 25]
[1, 3, 7, 14, 21]
[2, 4, 6, 14, 22]
[1, 2, 8, 12, 20]
[16, 17, 18, 19, 20, 21, 22, 23, 24, 25, 26, 27, 28]


6
process id 3
stats
5, 15, 7, 100, 1000
20220818-033043
loosing coalitions taken
[2, 3, 5, 25]
[1, 4, 8, 12, 14]
[1, 3, 8, 11, 18]
[1, 4, 7, 9, 17]
[2, 4, 6, 16, 17]
[1, 5, 6, 9, 26]
[1, 3, 7, 13, 22]
[1, 2, 10, 11, 12]
[3, 4, 6, 14, 18]
[2, 3, 6, 11, 27]
[2, 3, 7, 8, 9]
[3, 4, 5, 16]
[2, 4, 5, 20]
[1, 2, 7, 16, 18]
[16, 17, 18, 19, 20, 21, 22, 23, 24, 25, 26, 27, 28]


6
process id 3
stats
5, 15, 7, 100, 1000
20220818-033047
loosing coalitions taken
[1, 5, 6, 13, 23]
[3, 4, 6, 9, 22]
[1, 4, 7, 10, 17]
[1, 3, 7, 11, 22]
[2, 3, 6, 13]
[1, 4, 8, 9, 14]
[1, 3, 9, 10, 12]
[3, 4, 5, 16]
[1, 2, 10, 11, 14]
[2, 3, 5, 25]
[1, 2, 7, 9, 28]
[2, 4, 5, 20, 26]
[1, 2, 8, 12, 20]
[2, 4, 6, 15, 18]
[16, 17, 18, 19, 20, 21, 22, 23, 24, 25, 26, 27, 28]


6
process id 5
stats
5, 15, 7, 100, 1000
20220818-033049
loosing coalitions taken
[3, 4, 6, 14, 20]
[1, 3, 8, 12, 19]
[2, 4, 5, 20]
[1, 2, 7, 9]
[1, 5, 6, 11, 23]
[2, 3, 6, 16, 23]
[1, 3, 7, 15, 17]
[2, 3, 5, 22]
[1, 4, 8, 10, 13]
[1, 2, 10, 11, 12]
[3, 4, 5, 16]
[2, 4, 6, 9, 22]
[1, 4, 7, 11, 16]
[1, 2, 8, 14, 17]
[16, 17, 18, 19, 20, 21, 22, 23, 24, 25, 26, 27, 28]


6
process id 6
stats
5, 15, 7, 100, 1000
20220818-033052
loosing coalitions taken
[1, 2, 10, 11, 14]
[2, 4, 6, 14, 22]
[1, 4, 7, 10, 17]
[2, 4, 5, 20]
[1, 3, 7, 9, 24]
[1, 5, 6, 16, 19]
[3, 4, 6, 12, 18]
[2, 3, 5, 25]
[2, 3, 6, 13]
[1, 2, 8, 13, 18]
[1, 3, 8, 11, 17]
[3, 4, 5, 15]
[1, 4, 8, 9, 14]
[1, 2, 7, 15, 22]
[16, 17, 18, 19, 20, 21, 22, 23, 24, 25, 26, 27, 28]


6
process id 4
stats
5, 15, 7, 100, 1000
20220818-033053
loosing coalitions taken
[1, 2, 7, 9]
[1, 4, 8, 10, 15]
[1, 3, 8, 11, 19]
[1, 5, 6, 11, 24]
[2, 4, 6, 16, 18]
[2, 4, 5, 19]
[2, 3, 6, 13]
[3, 4, 6, 12, 21]
[2, 3, 5, 23]
[2, 3, 7, 8, 10]
[3, 4, 5, 17, 26]
[1, 3, 7, 14, 21]
[1, 2, 8, 12, 20]
[1, 4, 7, 11, 17]
[16, 17, 18, 19, 20, 21, 22, 23, 24, 25, 26, 27, 28]


6
process id 0
stats
5, 15, 7, 100, 1000
20220818-033054
loosing coalitions taken
[2, 4, 6, 9, 25]
[3, 4, 6, 15, 17]
[1, 4, 8, 10, 13]
[3, 4, 5, 21, 24]
[1, 4, 7, 9, 19]
[1, 5, 6, 10, 25]
[1, 2, 9, 11, 14]
[1, 3, 9, 10, 12]
[1, 2, 8, 15, 17]
[1, 3, 7, 11, 23]
[2, 4, 5, 19]
[2, 3, 6, 13]
[1, 2, 7, 12, 25]
[1, 3, 8, 14, 16]
[16, 17, 18, 19, 20, 21, 22, 23, 24, 25, 26, 27, 28]


6
process id 1
stats
5, 15, 7, 100, 1000
20220818-033055
loosing coalitions taken
[2, 4, 5, 20]
[1, 2, 7, 13, 25]
[1, 5, 6, 11, 23]
[1, 2, 9, 11, 14]
[1, 3, 7, 15, 20]
[1, 4, 8, 13, 14]
[1, 4, 7, 10, 18]
[2, 3, 5, 22]
[2, 3, 6, 14]
[3, 4, 5, 16, 27]
[1, 3, 8, 11, 19]
[2, 4, 6, 9, 24]
[1, 2, 8, 12, 20]
[3, 4, 6, 10, 21]
[16, 17, 18, 19, 20, 21, 22, 23, 24, 25, 26, 27, 28]


6
process id 3
stats
5, 15, 7, 100, 1000
20220818-033058
loosing coalitions taken
[2, 4, 5, 22, 24]
[1, 4, 8, 10, 15]
[1, 2, 7, 17, 18]
[3, 4, 5, 17, 26]
[2, 3, 5, 25]
[2, 4, 6, 16, 19]
[3, 4, 6, 11, 21]
[1, 4, 7, 14, 16]
[1, 5, 6, 12, 24]
[1, 2, 8, 13, 20]
[1, 3, 7, 10, 23]
[2, 3, 6, 13, 27]
[1, 2, 10, 11, 12]
[1, 3, 8, 11, 19]
[16, 17, 18, 19, 20, 21, 22, 23, 24, 25, 26, 27, 28]


6
process id 7
stats
5, 15, 7, 100, 1000
20220818-033100
loosing coalitions taken
[1, 2, 7, 12, 26]
[1, 4, 8, 11, 14]
[2, 4, 5, 20]
[1, 3, 8, 9, 17]
[1, 4, 7, 9, 19]
[1, 5, 6, 10, 25]
[2, 3, 6, 15, 27]
[3, 4, 6, 13, 17]
[2, 3, 5, 25]
[2, 4, 6, 12, 21]
[3, 4, 5, 15]
[1, 3, 7, 16, 18]
[1, 2, 8, 13, 20]
[2, 3, 7, 8, 10]
[16, 17, 18, 19, 20, 21, 22, 23, 24, 25, 26, 27, 28]


6
process id 0
stats
5, 15, 7, 100, 1000
20220818-033101
loosing coalitions taken
[1, 3, 8, 12, 19]
[1, 2, 7, 14, 24]
[3, 4, 6, 14, 20]
[2, 3, 6, 13]
[1, 3, 7, 9, 22]
[1, 4, 7, 10, 17]
[1, 2, 8, 15, 17]
[1, 2, 9, 10, 11]
[3, 4, 5, 19, 24]
[2, 3, 5, 22]
[1, 5, 6, 11, 24]
[2, 4, 6, 15, 19]
[2, 4, 5, 18]
[1, 4, 8, 11, 13]
[16, 17, 18, 19, 20, 21, 22, 23, 24, 25, 26, 27, 28]


5
process id 5
stats
5, 15, 7, 100, 1000
20220818-033101
loosing coalitions taken
[1, 5, 6, 13, 24]
[2, 4, 5, 20, 27]
[3, 4, 6, 11, 21]
[2, 3, 6, 13, 27]
[1, 2, 9, 12, 14]
[2, 3, 5, 22]
[1, 4, 7, 11, 16]
[1, 3, 8, 12, 16]
[1, 3, 9, 10, 11]
[1, 2, 7, 15, 20]
[1, 4, 8, 13, 14]
[2, 4, 6, 9, 24]
[1, 3, 7, 14, 19]
[1, 2, 8, 11, 19]
[16, 17, 18, 19, 20, 21, 22, 23, 24, 25, 26, 27, 28]


6
process id 2
stats
5, 15, 7, 100, 1000
20220818-033102
loosing coalitions taken
[1, 4, 8, 10, 15]
[1, 3, 7, 15, 20]
[3, 4, 5, 19, 26]
[1, 4, 7, 9, 18]
[2, 3, 6, 14]
[2, 4, 5, 20]
[1, 2, 7, 11, 27]
[1, 5, 6, 13, 24]
[2, 3, 5, 24]
[2, 4, 6, 9, 25]
[3, 4, 6, 13, 21]
[1, 3, 8, 11, 17]
[2, 5, 6, 8, 11]
[1, 2, 9, 10, 13]
[16, 17, 18, 19, 20, 21, 22, 23, 24, 25, 26, 27, 28]


6
process id 1
stats
5, 15, 7, 100, 1000
20220818-033105
loosing coalitions taken
[1, 5, 6, 12, 24]
[1, 4, 7, 9, 19]
[1, 4, 8, 13, 14]
[1, 2, 8, 15, 17]
[1, 3, 9, 10, 12]
[1, 2, 7, 10, 26]
[2, 3, 6, 15, 25]
[2, 4, 6, 16, 18]
[1, 3, 8, 11, 18]
[1, 2, 9, 11, 13]
[2, 4, 5, 19]
[3, 4, 5, 16, 26]
[2, 3, 5, 22]
[3, 4, 6, 13, 20]
[16, 17, 18, 19, 20, 21, 22, 23, 24, 25, 26, 27, 28]


6
process id 2
stats
5, 15, 7, 100, 1000
20220818-033107
loosing coalitions taken
[3, 4, 6, 15, 17]
[1, 3, 8, 10, 18]
[1, 2, 7, 9]
[1, 5, 6, 12, 24]
[1, 2, 10, 11, 12]
[2, 3, 5, 24, 27]
[2, 4, 5, 19]
[2, 3, 6, 12]
[1, 3, 7, 12, 22]
[3, 5, 6, 7, 13]
[2, 4, 6, 11, 23]
[1, 4, 8, 11, 14]
[3, 4, 5, 16]
[1, 2, 8, 13, 20]
[16, 17, 18, 19, 20, 21, 22, 23, 24, 25, 26, 27, 28]


5
process id 6
stats
5, 15, 7, 100, 1000
20220818-033107
loosing coalitions taken
[1, 3, 8, 12, 18]
[1, 2, 10, 12, 14]
[1, 5, 6, 11, 24]
[1, 2, 7, 11, 26]
[1, 4, 8, 11, 14]
[2, 4, 5, 19]
[1, 2, 8, 13, 17]
[3, 4, 6, 12, 21]
[1, 3, 7, 14, 21]
[2, 3, 5, 24]
[2, 3, 6, 14]
[3, 4, 5, 17, 27]
[2, 4, 6, 10, 24]
[2, 3, 7, 8, 10]
[16, 17, 18, 19, 20, 21, 22, 23, 24, 25, 26, 27, 28]


5
process id 5
stats
5, 15, 7, 100, 1000
20220818-033108
loosing coalitions taken
[1, 4, 8, 9, 15]
[1, 2, 7, 13, 23]
[1, 2, 9, 11, 12]
[1, 4, 7, 10, 17]
[1, 5, 6, 12, 23]
[1, 3, 8, 11, 17]
[1, 3, 7, 15, 20]
[2, 3, 5, 25]
[2, 4, 6, 15, 21]
[1, 2, 8, 10, 21]
[3, 4, 5, 16]
[2, 3, 6, 11]
[3, 4, 6, 14, 19]
[2, 4, 5, 17]
[16, 17, 18, 19, 20, 21, 22, 23, 24, 25, 26, 27, 28]


6
process id 2
stats
5, 15, 7, 100, 1000
20220818-033109
loosing coalitions taken
[1, 5, 6, 10, 26]
[2, 4, 6, 9, 23]
[1, 2, 8, 11, 20]
[1, 4, 7, 10, 18]
[2, 3, 6, 14]
[1, 2, 9, 10, 12]
[1, 4, 8, 13, 14]
[1, 2, 7, 13, 23]
[1, 3, 7, 16, 17]
[2, 3, 5, 24]
[2, 4, 5, 18]
[3, 4, 5, 15]
[1, 3, 8, 12, 19]
[3, 4, 6, 13, 20]
[16, 17, 18, 19, 20, 21, 22, 23, 24, 25, 26, 27, 28]


6
process id 7
stats
5, 15, 7, 100, 1000
20220818-033110
loosing coalitions taken
[2, 3, 5, 25]
[1, 4, 7, 9, 17]
[1, 2, 9, 12, 13]
[1, 3, 7, 10, 24]
[1, 5, 6, 11, 23]
[1, 3, 8, 11, 17]
[1, 4, 8, 12, 14]
[1, 2, 8, 10, 20]
[3, 4, 6, 13, 21]
[2, 4, 5, 20]
[2, 3, 6, 10]
[1, 2, 7, 16, 19]
[2, 4, 6, 9, 24]
[3, 4, 5, 16]
[16, 17, 18, 19, 20, 21, 22, 23, 24, 25, 26, 27, 28]


6
process id 1
stats
5, 15, 7, 100, 1000
20220818-033111
loosing coalitions taken
[1, 4, 7, 13, 16]
[1, 2, 7, 11, 25]
[1, 2, 8, 13, 19]
[3, 4, 5, 21, 24]
[1, 3, 7, 14, 22]
[2, 3, 7, 8, 10]
[2, 4, 5, 19]
[3, 4, 6, 14, 20]
[2, 3, 6, 13]
[1, 2, 10, 12, 14]
[2, 3, 5, 23, 28]
[1, 3, 8, 11, 18]
[2, 4, 6, 9, 22]
[1, 5, 6, 9, 23]
[16, 17, 18, 19, 20, 21, 22, 23, 24, 25, 26, 27, 28]


6
process id 3
stats
5, 15, 7, 100, 1000
20220818-033112
loosing coalitions taken
[2, 4, 6, 14, 22]
[1, 5, 6, 9, 26]
[1, 3, 8, 11, 18]
[1, 2, 7, 17, 18]
[3, 4, 5, 19, 23]
[1, 3, 7, 10, 24]
[2, 3, 5, 27, 28]
[1, 4, 7, 9, 19]
[1, 2, 10, 12, 14]
[1, 2, 8, 15, 16]
[3, 4, 6, 12, 17]
[2, 4, 5, 18]
[2, 3, 6, 11]
[1, 4, 8, 13, 14]
[16, 17, 18, 19, 20, 21, 22, 23, 24, 25, 26, 27, 28]


6
process id 4
stats
5, 15, 7, 100, 1000
20220818-033112
loosing coalitions taken
[1, 5, 6, 15, 21]
[2, 4, 6, 9, 25]
[1, 3, 8, 11, 17]
[1, 2, 9, 11, 13]
[2, 3, 7, 8, 10]
[1, 3, 9, 10, 12]
[3, 4, 6, 12, 20]
[2, 3, 6, 13]
[2, 4, 5, 17]
[1, 4, 8, 13, 14]
[1, 2, 8, 12, 19]
[1, 2, 7, 14, 22]
[1, 4, 7, 9, 18]
[1, 3, 7, 15, 19]
[16, 17, 18, 19, 20, 21, 22, 23, 24, 25, 26, 27, 28]


6
process id 7
stats
5, 15, 7, 100, 1000
20220818-033114
loosing coalitions taken
[1, 3, 8, 15, 16]
[2, 3, 5, 25]
[1, 3, 7, 12, 22]
[3, 4, 6, 10, 21]
[1, 5, 6, 16, 18]
[1, 4, 7, 9, 18]
[1, 2, 7, 11, 24]
[1, 2, 9, 10, 12]
[1, 2, 8, 14, 20]
[2, 4, 5, 17]
[3, 4, 5, 15]
[2, 3, 6, 12]
[2, 4, 6, 15, 20]
[1, 4, 8, 10, 11]
[16, 17, 18, 19, 20, 21, 22, 23, 24, 25, 26, 27, 28]


6
process id 0
stats
5, 15, 7, 100, 1000
20220818-033116
loosing coalitions taken
[1, 2, 9, 12, 14]
[2, 4, 6, 16, 19]
[2, 3, 5, 25]
[1, 4, 7, 9, 18]
[3, 4, 6, 11, 20]
[1, 5, 6, 11, 23]
[1, 2, 7, 13, 23]
[2, 4, 5, 17]
[1, 3, 8, 11, 17]
[3, 4, 5, 18, 26]
[1, 4, 8, 12, 13]
[2, 3, 6, 12]
[2, 3, 7, 8, 10]
[1, 3, 7, 14, 19]
[16, 17, 18, 19, 20, 21, 22, 23, 24, 25, 26, 27, 28]


5
process id 5
stats
5, 15, 7, 100, 1000
20220818-033117
loosing coalitions taken
[1, 2, 7, 9]
[1, 3, 8, 12, 19]
[1, 4, 8, 13, 14]
[3, 4, 6, 11, 20]
[2, 3, 6, 13]
[2, 4, 5, 18]
[2, 3, 5, 24]
[3, 4, 5, 15]
[2, 3, 7, 8, 10]
[1, 2, 8, 11, 21]
[2, 4, 6, 9, 25]
[1, 3, 7, 14, 18]
[1, 5, 6, 9, 24]
[1, 4, 7, 10, 17]
[16, 17, 18, 19, 20, 21, 22, 23, 24, 25, 26, 27, 28]


6
process id 3
stats
5, 15, 7, 100, 1000
20220818-033118
loosing coalitions taken
[3, 4, 6, 14, 19]
[1, 3, 8, 11, 19]
[1, 2, 7, 9]
[2, 4, 5, 20]
[1, 5, 6, 9, 26]
[2, 3, 5, 25]
[2, 4, 6, 16, 17]
[1, 2, 10, 11, 12]
[1, 3, 7, 15, 20]
[1, 2, 8, 14, 17]
[1, 4, 7, 13, 16]
[2, 3, 6, 12]
[3, 4, 5, 16]
[1, 4, 8, 10, 15]
[16, 17, 18, 19, 20, 21, 22, 23, 24, 25, 26, 27, 28]


6
process id 7
stats
5, 15, 7, 100, 1000
20220818-033119
loosing coalitions taken
[2, 4, 6, 11, 24]
[3, 4, 5, 17, 25]
[1, 3, 8, 11, 17]
[1, 5, 6, 10, 25]
[2, 3, 6, 13]
[2, 4, 5, 19]
[1, 4, 7, 10, 17]
[1, 4, 8, 12, 13]
[1, 3, 9, 10, 12]
[2, 3, 5, 23]
[1, 3, 7, 13, 21]
[1, 2, 8, 9, 20]
[1, 2, 7, 14, 24]
[3, 4, 6, 12, 20]
[16, 17, 18, 19, 20, 21, 22, 23, 24, 25, 26, 27, 28]


6
process id 0
stats
5, 15, 7, 100, 1000
20220818-033121
loosing coalitions taken
[1, 3, 8, 12, 17]
[1, 2, 7, 11, 27]
[1, 2, 10, 12, 14]
[2, 4, 5, 17]
[1, 4, 7, 9, 19]
[1, 2, 8, 9, 21]
[1, 5, 6, 16, 19]
[1, 4, 8, 11, 14]
[2, 3, 6, 14]
[2, 4, 6, 13, 20]
[2, 3, 5, 23]
[3, 4, 6, 10, 21]
[3, 4, 5, 15]
[1, 3, 7, 16, 18]
[16, 17, 18, 19, 20, 21, 22, 23, 24, 25, 26, 27, 28]


6
process id 2
stats
5, 15, 7, 100, 1000
20220818-033122
loosing coalitions taken
[1, 2, 7, 13, 25]
[2, 4, 6, 10, 24]
[2, 3, 5, 27, 28]
[1, 4, 7, 10, 18]
[2, 3, 6, 14]
[1, 5, 6, 12, 23]
[3, 4, 5, 16]
[1, 2, 8, 12, 20]
[2, 4, 5, 18]
[3, 4, 6, 9, 20]
[2, 3, 7, 8, 9]
[1, 3, 7, 15, 20]
[1, 4, 8, 9, 14]
[1, 3, 8, 10, 17]
[16, 17, 18, 19, 20, 21, 22, 23, 24, 25, 26, 27, 28]


6
process id 1
stats
5, 15, 7, 100, 1000
20220818-033123
loosing coalitions taken
[1, 4, 8, 10, 15]
[3, 4, 5, 20, 23]
[1, 5, 6, 10, 26]
[1, 4, 7, 14, 16]
[1, 3, 8, 9, 20]
[1, 3, 7, 12, 22]
[1, 2, 8, 14, 18]
[1, 2, 7, 9, 27]
[2, 3, 6, 14, 25]
[2, 3, 5, 24, 26]
[2, 4, 6, 9, 22]
[2, 4, 5, 19]
[3, 4, 6, 12, 18]
[2, 3, 7, 8, 10]
[16, 17, 18, 19, 20, 21, 22, 23, 24, 25, 26, 27, 28]


6
process id 6
stats
5, 15, 7, 100, 1000
20220818-033124
loosing coalitions taken
[2, 4, 5, 20]
[1, 3, 8, 12, 18]
[1, 3, 7, 11, 22]
[1, 4, 8, 9, 15]
[1, 2, 7, 9]
[1, 5, 6, 13, 24]
[2, 3, 5, 25]
[3, 4, 6, 9, 22]
[2, 4, 6, 15, 21]
[2, 3, 6, 14]
[1, 4, 7, 14, 16]
[3, 4, 5, 16]
[1, 2, 8, 11, 17]
[2, 3, 7, 8, 10]
[16, 17, 18, 19, 20, 21, 22, 23, 24, 25, 26, 27, 28]


6
process id 7
stats
5, 15, 7, 100, 1000
20220818-033124
loosing coalitions taken
[1, 3, 8, 11, 18]
[1, 5, 6, 13, 24]
[2, 3, 5, 25, 27]
[1, 4, 8, 13, 14]
[2, 3, 6, 14]
[1, 3, 7, 14, 22]
[2, 4, 6, 9, 23]
[1, 2, 8, 15, 16]
[3, 4, 5, 15]
[3, 4, 6, 10, 19]
[2, 4, 5, 18]
[1, 4, 7, 11, 17]
[2, 5, 6, 7, 15]
[1, 2, 9, 10, 11]
[16, 17, 18, 19, 20, 21, 22, 23, 24, 25, 26, 27, 28]


6
process id 4
stats
5, 15, 7, 100, 1000
20220818-033125
loosing coalitions taken
[1, 4, 7, 11, 17]
[1, 4, 8, 10, 15]
[1, 2, 7, 15, 22]
[2, 3, 6, 16, 23]
[2, 3, 5, 25]
[2, 4, 6, 11, 24]
[1, 2, 10, 12, 14]
[1, 2, 8, 13, 20]
[1, 3, 7, 9, 24]
[1, 5, 6, 14, 22]
[3, 4, 5, 15]
[3, 4, 6, 10, 18]
[2, 4, 5, 18]
[1, 3, 8, 11, 19]
[16, 17, 18, 19, 20, 21, 22, 23, 24, 25, 26, 27, 28]


6
process id 0
stats
5, 15, 7, 100, 1000
20220818-033127
loosing coalitions taken
[1, 3, 7, 11, 22]
[1, 2, 10, 12, 13]
[1, 2, 7, 9]
[1, 5, 6, 12, 23]
[1, 4, 8, 10, 15]
[2, 3, 6, 10]
[3, 4, 5, 15]
[2, 4, 5, 20]
[3, 4, 6, 13, 17]
[1, 3, 8, 12, 19]
[2, 3, 5, 26, 28]
[3, 5, 6, 7, 14]
[2, 4, 6, 11, 21]
[1, 2, 8, 14, 17]
[16, 17, 18, 19, 20, 21, 22, 23, 24, 25, 26, 27, 28]


6
process id 5
stats
5, 15, 7, 100, 1000
20220818-033128
loosing coalitions taken
[3, 4, 5, 20, 23]
[3, 4, 6, 15, 17]
[2, 4, 5, 21, 26]
[1, 3, 7, 13, 22]
[2, 4, 6, 12, 23]
[1, 3, 8, 15, 16]
[1, 5, 6, 10, 23]
[1, 2, 7, 12, 25]
[1, 4, 8, 10, 14]
[2, 3, 5, 22, 28]
[2, 3, 6, 14]
[1, 2, 8, 9, 18]
[1, 4, 7, 11, 17]
[1, 2, 10, 11, 13]
[16, 17, 18, 19, 20, 21, 22, 23, 24, 25, 26, 27, 28]


6
process id 1
stats
5, 15, 7, 100, 1000
20220818-033131
loosing coalitions taken
[1, 5, 6, 11, 24]
[1, 2, 7, 10, 27]
[1, 2, 8, 15, 17]
[1, 3, 7, 15, 21]
[3, 4, 5, 16]
[1, 4, 8, 12, 13]
[1, 4, 7, 9, 19]
[1, 3, 8, 10, 19]
[2, 3, 5, 23]
[2, 4, 5, 20]
[2, 3, 6, 10]
[2, 4, 6, 11, 23]
[3, 4, 6, 13, 18]
[2, 3, 7, 8, 9]
[16, 17, 18, 19, 20, 21, 22, 23, 24, 25, 26, 27, 28]


6
process id 5
stats
5, 15, 7, 100, 1000
20220818-033132
loosing coalitions taken
[1, 5, 6, 13, 24]
[1, 2, 7, 17, 19]
[1, 4, 8, 11, 14]
[1, 3, 9, 10, 12]
[2, 4, 5, 21, 28]
[2, 4, 6, 10, 23]
[1, 4, 7, 10, 18]
[1, 2, 8, 9, 22]
[1, 2, 10, 11, 13]
[3, 4, 6, 14, 19]
[1, 3, 8, 13, 16]
[3, 4, 5, 16]
[1, 3, 7, 15, 20]
[2, 3, 6, 11]
[16, 17, 18, 19, 20, 21, 22, 23, 24, 25, 26, 27, 28]


7
process id 3
stats
5, 15, 7, 100, 1000
20220818-033134
loosing coalitions taken
[2, 3, 6, 14]
[1, 4, 7, 9, 18]
[1, 3, 8, 15, 16]
[1, 2, 8, 12, 20]
[1, 5, 6, 13, 23]
[1, 3, 9, 10, 11]
[1, 4, 8, 11, 14]
[2, 4, 5, 20]
[2, 3, 5, 24]
[3, 4, 5, 16]
[1, 3, 7, 14, 22]
[1, 2, 7, 15, 21]
[2, 4, 6, 16, 18]
[3, 4, 6, 12, 17]
[16, 17, 18, 19, 20, 21, 22, 23, 24, 25, 26, 27, 28]


6
process id 1
stats
5, 15, 7, 100, 1000
20220818-033134
loosing coalitions taken
[1, 3, 7, 15, 21]
[1, 4, 7, 10, 18]
[1, 5, 6, 16, 18]
[2, 4, 5, 20]
[1, 2, 10, 11, 14]
[3, 4, 6, 14, 18]
[1, 2, 7, 9, 27]
[1, 2, 8, 15, 17]
[2, 3, 6, 13, 25]
[2, 4, 6, 9, 22]
[1, 4, 8, 11, 12]
[2, 3, 5, 22]
[2, 3, 7, 8, 10]
[3, 4, 5, 17, 24]
[16, 17, 18, 19, 20, 21, 22, 23, 24, 25, 26, 27, 28]


6
process id 6
stats
5, 15, 7, 100, 1000
20220818-033136
loosing coalitions taken
[1, 4, 7, 9, 19]
[3, 4, 6, 13, 21]
[1, 3, 8, 10, 18]
[1, 2, 7, 13, 25]
[2, 4, 6, 9, 24]
[2, 3, 6, 14]
[2, 4, 5, 18]
[1, 4, 8, 13, 14]
[1, 5, 6, 10, 26]
[2, 3, 5, 23]
[3, 4, 5, 16]
[1, 2, 9, 11, 14]
[1, 2, 8, 15, 17]
[1, 3, 7, 16, 17]
[16, 17, 18, 19, 20, 21, 22, 23, 24, 25, 26, 27, 28]


6
process id 5
stats
5, 15, 7, 100, 1000
20220818-033137
loosing coalitions taken
[1, 2, 8, 14, 20]
[1, 2, 10, 11, 13]
[2, 3, 6, 14]
[1, 4, 7, 10, 18]
[3, 4, 5, 17, 26]
[1, 5, 6, 10, 26]
[2, 4, 5, 20]
[1, 3, 8, 15, 16]
[1, 2, 7, 15, 22]
[1, 3, 7, 13, 20]
[2, 3, 5, 25]
[2, 4, 6, 13, 21]
[2, 5, 6, 8, 9]
[3, 4, 6, 12, 18]
[16, 17, 18, 19, 20, 21, 22, 23, 24, 25, 26, 27, 28]


6
process id 0
stats
5, 15, 7, 100, 1000
20220818-033137
loosing coalitions taken
[1, 4, 7, 9, 18]
[1, 2, 8, 14, 18]
[2, 3, 6, 14]
[3, 4, 5, 16]
[1, 5, 6, 9, 25]
[1, 2, 10, 11, 12]
[2, 3, 5, 23]
[2, 4, 5, 18]
[2, 4, 6, 15, 21]
[1, 3, 8, 13, 16]
[1, 3, 7, 10, 22]
[1, 2, 7, 15, 20]
[1, 4, 8, 10, 15]
[3, 4, 6, 11, 17]
[16, 17, 18, 19, 20, 21, 22, 23, 24, 25, 26, 27, 28]


6
process id 4
stats
5, 15, 7, 100, 1000
20220818-033138
loosing coalitions taken
[1, 4, 7, 10, 17]
[1, 3, 8, 12, 18]
[3, 4, 5, 19, 26]
[2, 4, 5, 20]
[1, 2, 8, 15, 17]
[1, 3, 9, 10, 11]
[1, 2, 7, 9]
[1, 5, 6, 11, 24]
[2, 3, 6, 15, 24]
[2, 3, 5, 23]
[3, 4, 6, 13, 21]
[1, 3, 7, 14, 22]
[2, 4, 6, 11, 22]
[1, 4, 8, 13, 14]
[16, 17, 18, 19, 20, 21, 22, 23, 24, 25, 26, 27, 28]


6
process id 3
stats
5, 15, 7, 100, 1000
20220818-033138
loosing coalitions taken
[1, 5, 6, 16, 19]
[1, 2, 9, 11, 13]
[2, 3, 6, 12]
[3, 4, 6, 13, 18]
[2, 4, 6, 15, 20]
[1, 3, 8, 12, 17]
[2, 4, 5, 17]
[3, 4, 5, 16]
[1, 4, 8, 10, 15]
[1, 2, 7, 12, 24]
[1, 3, 7, 14, 22]
[2, 3, 5, 25]
[1, 4, 7, 9, 18]
[1, 2, 8, 14, 20]
[16, 17, 18, 19, 20, 21, 22, 23, 24, 25, 26, 27, 28]


6
process id 1
stats
5, 15, 7, 100, 1000
20220818-033140
loosing coalitions taken
[1, 3, 9, 10, 12]
[1, 2, 7, 15, 22]
[1, 4, 8, 12, 14]
[1, 2, 8, 10, 21]
[1, 2, 9, 11, 13]
[1, 3, 8, 11, 19]
[1, 5, 6, 10, 26]
[2, 4, 5, 21, 27]
[1, 3, 7, 16, 17]
[2, 3, 6, 17, 18]
[2, 3, 5, 23, 28]
[3, 4, 6, 12, 20]
[2, 5, 6, 7, 16]
[3, 4, 5, 15]
[16, 17, 18, 19, 20, 21, 22, 23, 24, 25, 26, 27, 28]


6
process id 2
stats
5, 15, 7, 100, 1000
20220818-033141
loosing coalitions taken
[1, 4, 7, 11, 17]
[1, 3, 7, 14, 22]
[1, 5, 6, 10, 25]
[1, 2, 7, 16, 21]
[2, 4, 5, 20]
[2, 3, 6, 13]
[1, 2, 9, 10, 14]
[2, 4, 6, 16, 18]
[2, 3, 5, 25]
[1, 2, 8, 12, 19]
[3, 4, 6, 9, 22]
[3, 4, 5, 17, 27]
[1, 4, 8, 13, 14]
[1, 3, 8, 11, 18]
[16, 17, 18, 19, 20, 21, 22, 23, 24, 25, 26, 27, 28]


5
process id 0
stats
5, 15, 7, 100, 1000
20220818-033143
loosing coalitions taken
[2, 4, 6, 15, 20]
[1, 5, 6, 11, 24]
[2, 3, 6, 14]
[1, 2, 7, 12, 26]
[1, 3, 7, 15, 20]
[1, 3, 9, 10, 11]
[1, 3, 8, 12, 16]
[1, 4, 7, 13, 16]
[2, 4, 5, 18]
[3, 4, 5, 16]
[2, 3, 5, 22]
[3, 4, 6, 11, 21]
[1, 2, 8, 13, 20]
[1, 4, 8, 11, 14]
[16, 17, 18, 19, 20, 21, 22, 23, 24, 25, 26, 27, 28]


6
process id 2
stats
5, 15, 7, 100, 1000
20220818-033145
loosing coalitions taken
[1, 4, 8, 13, 14]
[1, 2, 8, 11, 21]
[1, 2, 7, 9]
[3, 4, 6, 15, 17]
[1, 3, 8, 12, 18]
[2, 3, 5, 25]
[2, 4, 6, 10, 23]
[1, 3, 7, 14, 22]
[3, 4, 5, 16]
[2, 3, 6, 14]
[2, 4, 5, 19]
[1, 5, 6, 11, 24]
[2, 3, 7, 8, 10]
[1, 2, 10, 12, 14]
[16, 17, 18, 19, 20, 21, 22, 23, 24, 25, 26, 27, 28]


6
process id 1
stats
5, 15, 7, 100, 1000
20220818-033146
loosing coalitions taken
[1, 2, 7, 9, 26]
[1, 4, 7, 10, 17]
[2, 3, 6, 15, 26]
[1, 3, 9, 10, 11]
[1, 4, 8, 13, 14]
[2, 4, 6, 13, 22]
[1, 3, 8, 12, 19]
[2, 4, 5, 18]
[1, 2, 8, 11, 20]
[2, 3, 7, 8, 10]
[3, 4, 6, 14, 19]
[2, 3, 5, 25]
[1, 3, 7, 13, 21]
[3, 4, 5, 16]
[16, 17, 18, 19, 20, 21, 22, 23, 24, 25, 26, 27, 28]


6
process id 3
stats
5, 15, 7, 100, 1000
20220818-033146
loosing coalitions taken
[2, 4, 6, 16, 19]
[3, 4, 6, 15, 17]
[1, 5, 6, 15, 21]
[1, 2, 8, 14, 20]
[1, 2, 9, 11, 12]
[2, 3, 6, 14, 28]
[1, 3, 8, 12, 19]
[1, 3, 7, 13, 22]
[1, 2, 7, 16, 21]
[2, 4, 5, 18]
[2, 3, 5, 22]
[3, 4, 5, 16]
[1, 4, 8, 9, 15]
[1, 4, 7, 10, 18]
[16, 17, 18, 19, 20, 21, 22, 23, 24, 25, 26, 27, 28]


6
process id 6
stats
5, 15, 7, 100, 1000
20220818-033147
loosing coalitions taken
[2, 4, 5, 20]
[1, 5, 6, 13, 23]
[1, 2, 8, 9, 22]
[1, 3, 8, 12, 19]
[1, 3, 9, 10, 11]
[2, 3, 6, 16, 24]
[1, 2, 7, 10, 25]
[1, 3, 7, 14, 21]
[1, 4, 8, 13, 14]
[3, 4, 5, 16]
[2, 3, 5, 23]
[3, 4, 6, 12, 18]
[2, 4, 6, 11, 22]
[1, 4, 7, 9, 17]
[16, 17, 18, 19, 20, 21, 22, 23, 24, 25, 26, 27, 28]


6
process id 5
stats
5, 15, 7, 100, 1000
20220818-033148
loosing coalitions taken
[2, 3, 5, 25]
[1, 4, 7, 10, 17]
[1, 2, 10, 11, 12]
[1, 2, 8, 15, 17]
[1, 3, 7, 9, 23]
[1, 4, 8, 11, 13]
[1, 5, 6, 13, 22]
[3, 4, 6, 12, 20]
[2, 4, 5, 17]
[2, 3, 6, 9]
[3, 4, 5, 16]
[2, 3, 7, 8, 10]
[1, 2, 7, 16, 21]
[1, 3, 8, 12, 19]
[16, 17, 18, 19, 20, 21, 22, 23, 24, 25, 26, 27, 28]


6
process id 3
stats
5, 15, 7, 100, 1000
20220818-033151
loosing coalitions taken
[3, 4, 5, 17, 26]
[1, 4, 8, 13, 14]
[1, 3, 7, 11, 23]
[1, 5, 6, 11, 25]
[1, 2, 7, 9]
[2, 4, 6, 10, 23]
[2, 3, 6, 15, 26]
[2, 4, 5, 20, 28]
[1, 3, 8, 15, 16]
[1, 4, 7, 10, 19]
[3, 4, 6, 13, 18]
[2, 3, 5, 24]
[1, 2, 8, 11, 20]
[1, 3, 9, 10, 12]
[16, 17, 18, 19, 20, 21, 22, 23, 24, 25, 26, 27, 28]


6
process id 0
stats
5, 15, 7, 100, 1000
20220818-033152
loosing coalitions taken
[1, 2, 8, 15, 17]
[1, 3, 8, 10, 19]
[2, 4, 6, 9, 25]
[1, 3, 7, 15, 20]
[1, 4, 8, 12, 13]
[2, 3, 6, 14]
[2, 4, 5, 20]
[1, 5, 6, 13, 23]
[1, 4, 7, 9, 18]
[3, 4, 5, 18, 22]
[1, 2, 9, 11, 12]
[2, 3, 5, 24]
[1, 2, 7, 14, 23]
[3, 4, 6, 11, 21]
[16, 17, 18, 19, 20, 21, 22, 23, 24, 25, 26, 27, 28]


6
process id 4
stats
5, 15, 7, 100, 1000
20220818-033153
loosing coalitions taken
[1, 2, 7, 11, 26]
[1, 4, 7, 10, 17]
[1, 5, 6, 10, 26]
[1, 2, 8, 12, 20]
[1, 3, 8, 9, 18]
[2, 4, 6, 15, 20]
[2, 3, 6, 14]
[2, 4, 5, 17, 26]
[2, 3, 5, 23]
[3, 4, 5, 16]
[3, 4, 6, 12, 18]
[1, 3, 7, 15, 19]
[1, 4, 8, 11, 13]
[1, 2, 9, 10, 13]
[16, 17, 18, 19, 20, 21, 22, 23, 24, 25, 26, 27, 28]


6
process id 7
stats
5, 15, 7, 100, 1000
20220818-033153
loosing coalitions taken
[1, 3, 8, 10, 17]
[1, 4, 7, 10, 19]
[1, 2, 9, 11, 14]
[1, 5, 6, 13, 23]
[1, 3, 7, 14, 22]
[1, 2, 7, 12, 26]
[2, 3, 7, 8, 9]
[2, 3, 6, 14]
[1, 4, 8, 12, 14]
[2, 4, 5, 18]
[3, 4, 6, 10, 21]
[3, 4, 5, 19, 26]
[2, 3, 5, 22]
[2, 4, 6, 12, 22]
[16, 17, 18, 19, 20, 21, 22, 23, 24, 25, 26, 27, 28]


6
process id 6
stats
5, 15, 7, 100, 1000
20220818-033154
loosing coalitions taken
[2, 4, 5, 20]
[1, 2, 9, 12, 13]
[3, 4, 6, 14, 19]
[1, 5, 6, 15, 21]
[1, 2, 8, 15, 17]
[1, 3, 8, 14, 16]
[1, 2, 7, 10, 24]
[2, 4, 6, 9, 24]
[2, 3, 5, 23]
[1, 4, 7, 14, 15]
[3, 4, 5, 16]
[2, 3, 6, 10]
[1, 3, 9, 10, 11]
[1, 3, 7, 13, 22]
[16, 17, 18, 19, 20, 21, 22, 23, 24, 25, 26, 27, 28]


6
process id 5
stats
5, 15, 7, 100, 1000
20220818-033154
loosing coalitions taken
[2, 4, 5, 21, 28]
[1, 4, 8, 10, 15]
[3, 4, 6, 14, 19]
[1, 5, 6, 13, 24]
[1, 3, 7, 10, 24]
[1, 2, 9, 12, 14]
[2, 4, 6, 9, 25]
[1, 3, 8, 9, 18]
[2, 3, 6, 12]
[3, 4, 5, 16]
[2, 3, 5, 23]
[1, 4, 7, 9, 16]
[1, 2, 7, 11, 26]
[1, 2, 8, 13, 20]
[16, 17, 18, 19, 20, 21, 22, 23, 24, 25, 26, 27, 28]


6
process id 1
stats
5, 15, 7, 100, 1000
20220818-033155
loosing coalitions taken
[1, 2, 7, 12, 26]
[1, 4, 8, 12, 14]
[1, 3, 7, 13, 22]
[1, 2, 10, 11, 14]
[1, 2, 8, 13, 18]
[1, 4, 7, 9, 18]
[2, 3, 6, 16, 23]
[2, 3, 7, 8, 10]
[3, 4, 6, 14, 18]
[1, 3, 8, 9, 17]
[2, 3, 5, 26, 27]
[1, 5, 6, 15, 20]
[3, 4, 5, 15]
[2, 4, 6, 9, 24]
[16, 17, 18, 19, 20, 21, 22, 23, 24, 25, 26, 27, 28]


5
process id 3
stats
5, 15, 7, 100, 1000
20220818-033156
loosing coalitions taken
[2, 4, 6, 16, 17]
[1, 3, 9, 10, 11]
[3, 4, 6, 11, 20]
[2, 3, 7, 8, 10]
[1, 3, 8, 12, 17]
[1, 2, 7, 17, 19]
[1, 5, 6, 16, 20]
[1, 2, 8, 14, 20]
[1, 4, 8, 10, 15]
[2, 4, 5, 19]
[2, 3, 6, 15, 23]
[1, 3, 7, 15, 21]
[1, 4, 7, 9, 16]
[1, 2, 9, 12, 13]
[16, 17, 18, 19, 20, 21, 22, 23, 24, 25, 26, 27, 28]


6
process id 7
stats
5, 15, 7, 100, 1000
20220818-033157
loosing coalitions taken
[1, 4, 8, 12, 13]
[1, 5, 6, 11, 24]
[1, 3, 8, 10, 18]
[1, 2, 7, 14, 23]
[1, 3, 7, 15, 20]
[1, 4, 7, 9, 17]
[3, 4, 6, 9, 22]
[2, 4, 6, 15, 21]
[2, 4, 5, 20]
[2, 3, 6, 13]
[3, 4, 5, 16]
[2, 3, 5, 22]
[1, 2, 10, 11, 13]
[1, 2, 8, 9, 21]
[16, 17, 18, 19, 20, 21, 22, 23, 24, 25, 26, 27, 28]


6
process id 1
stats
5, 15, 7, 100, 1000
20220818-033157
loosing coalitions taken
[1, 2, 10, 11, 13]
[1, 3, 8, 11, 19]
[3, 4, 6, 15, 17]
[2, 4, 6, 16, 18]
[2, 4, 5, 20]
[1, 5, 6, 12, 22]
[1, 2, 7, 15, 22]
[2, 3, 5, 23]
[1, 2, 8, 12, 21]
[1, 3, 7, 10, 24]
[3, 4, 5, 16]
[2, 3, 6, 13]
[2, 3, 7, 8, 9]
[1, 4, 7, 9, 19]
[16, 17, 18, 19, 20, 21, 22, 23, 24, 25, 26, 27, 28]


6
process id 5
stats
5, 15, 7, 100, 1000
20220818-033157
loosing coalitions taken
[1, 5, 6, 10, 26]
[1, 2, 8, 10, 20]
[1, 3, 8, 14, 16]
[1, 4, 7, 9, 17]
[1, 4, 8, 12, 13]
[2, 3, 6, 12]
[1, 3, 7, 10, 23]
[2, 4, 5, 19, 27]
[1, 2, 7, 11, 24]
[2, 3, 5, 25]
[3, 4, 6, 14, 20]
[3, 4, 5, 15]
[2, 4, 6, 16, 18]
[1, 2, 9, 12, 14]
[16, 17, 18, 19, 20, 21, 22, 23, 24, 25, 26, 27, 28]


6
process id 0
stats
5, 15, 7, 100, 1000
20220818-033158
loosing coalitions taken
[1, 5, 6, 11, 23]
[1, 3, 8, 12, 17]
[2, 4, 6, 13, 22]
[1, 2, 10, 11, 13]
[2, 3, 6, 14]
[1, 4, 7, 10, 19]
[1, 3, 7, 16, 18]
[2, 3, 5, 22]
[3, 4, 6, 15, 17]
[2, 4, 5, 19]
[3, 4, 5, 18, 27]
[1, 2, 7, 9]
[1, 4, 8, 9, 13]
[2, 5, 6, 8, 9]
[16, 17, 18, 19, 20, 21, 22, 23, 24, 25, 26, 27, 28]


5
process id 3
stats
5, 15, 7, 100, 1000
20220818-033201
loosing coalitions taken
[1, 4, 7, 9, 18]
[1, 4, 8, 10, 15]
[1, 2, 7, 15, 22]
[1, 5, 6, 11, 24]
[1, 3, 8, 9, 20]
[1, 2, 8, 14, 19]
[2, 4, 6, 16, 18]
[2, 4, 5, 20]
[2, 3, 7, 8, 10]
[3, 4, 6, 14, 20]
[2, 3, 5, 22]
[2, 3, 6, 11]
[3, 4, 5, 15]
[1, 2, 9, 11, 12]
[16, 17, 18, 19, 20, 21, 22, 23, 24, 25, 26, 27, 28]


6
process id 5
stats
5, 15, 7, 100, 1000
20220818-033201
loosing coalitions taken
[2, 4, 5, 20]
[1, 2, 7, 17, 19]
[1, 3, 8, 11, 18]
[1, 3, 9, 10, 12]
[1, 5, 6, 9, 26]
[1, 4, 8, 10, 14]
[2, 3, 6, 10]
[3, 4, 6, 11, 21]
[3, 4, 5, 16]
[2, 3, 5, 25, 26]
[3, 5, 6, 7, 13]
[2, 4, 6, 15, 18]
[1, 4, 7, 13, 15]
[1, 2, 8, 15, 16]
[16, 17, 18, 19, 20, 21, 22, 23, 24, 25, 26, 27, 28]


5
process id 1
stats
5, 15, 7, 100, 1000
20220818-033202
loosing coalitions taken
[1, 3, 7, 12, 22]
[1, 2, 7, 13, 23]
[1, 2, 9, 10, 14]
[2, 4, 5, 20]
[1, 4, 7, 10, 18]
[1, 4, 8, 11, 14]
[1, 5, 6, 12, 23]
[1, 3, 8, 9, 19]
[1, 2, 8, 15, 17]
[3, 4, 6, 9, 22]
[2, 3, 5, 23]
[3, 4, 5, 16]
[2, 3, 6, 10]
[2, 4, 6, 15, 21]
[16, 17, 18, 19, 20, 21, 22, 23, 24, 25, 26, 27, 28]


6
process id 4
stats
5, 15, 7, 100, 1000
20220818-033202
loosing coalitions taken
[1, 2, 10, 11, 13]
[1, 4, 8, 10, 14]
[1, 3, 8, 11, 19]
[2, 4, 6, 16, 19]
[1, 4, 7, 11, 17]
[1, 3, 7, 14, 21]
[1, 2, 7, 12, 26]
[3, 4, 5, 18, 25]
[2, 3, 6, 17, 20]
[1, 5, 6, 14, 20]
[2, 4, 5, 21, 23]
[1, 2, 8, 15, 16]
[2, 3, 5, 22]
[3, 4, 6, 10, 21]
[16, 17, 18, 19, 20, 21, 22, 23, 24, 25, 26, 27, 28]


6
process id 0
stats
5, 15, 7, 100, 1000
20220818-033203
loosing coalitions taken
[1, 2, 9, 12, 13]
[1, 3, 7, 16, 18]
[2, 4, 6, 11, 24]
[1, 5, 6, 11, 23]
[3, 4, 5, 17, 26]
[2, 3, 6, 13, 26]
[1, 4, 7, 10, 17]
[3, 4, 6, 12, 20]
[1, 2, 8, 11, 18]
[1, 3, 8, 10, 19]
[2, 3, 5, 25, 27]
[1, 2, 7, 14, 22]
[2, 4, 5, 18]
[2, 3, 7, 8, 9]
[16, 17, 18, 19, 20, 21, 22, 23, 24, 25, 26, 27, 28]


6
process id 1
stats
5, 15, 7, 100, 1000
20220818-033203
loosing coalitions taken
[1, 3, 8, 9, 20]
[2, 3, 6, 13]
[1, 4, 8, 10, 15]
[1, 5, 6, 16, 20]
[2, 4, 5, 17]
[1, 3, 7, 10, 22]
[1, 4, 7, 13, 16]
[2, 4, 6, 15, 20]
[3, 4, 5, 15]
[1, 2, 7, 9]
[2, 3, 5, 24]
[1, 2, 10, 11, 14]
[3, 4, 6, 11, 17]
[1, 2, 8, 13, 19]
[16, 17, 18, 19, 20, 21, 22, 23, 24, 25, 26, 27, 28]


5
process id 3
stats
5, 15, 7, 100, 1000
20220818-033205
loosing coalitions taken
[1, 3, 8, 11, 19]
[1, 2, 7, 17, 18]
[2, 4, 6, 16, 19]
[2, 3, 6, 14, 26]
[1, 4, 7, 9, 16]
[3, 4, 5, 19, 22]
[2, 4, 5, 20, 28]
[2, 3, 5, 25]
[1, 5, 6, 13, 22]
[1, 2, 9, 12, 13]
[3, 4, 6, 13, 17]
[1, 3, 7, 14, 20]
[1, 2, 8, 10, 21]
[1, 4, 8, 12, 14]
[16, 17, 18, 19, 20, 21, 22, 23, 24, 25, 26, 27, 28]


6
process id 4
stats
5, 15, 7, 100, 1000
20220818-033205
loosing coalitions taken
[1, 4, 8, 13, 14]
[1, 2, 7, 9]
[3, 4, 6, 12, 21]
[3, 4, 5, 20, 24]
[1, 3, 8, 12, 19]
[1, 5, 6, 13, 23]
[2, 4, 6, 14, 22]
[2, 3, 5, 23]
[2, 3, 6, 11, 28]
[1, 2, 8, 15, 16]
[2, 4, 5, 18]
[1, 2, 10, 12, 14]
[1, 4, 7, 10, 16]
[2, 3, 7, 8, 10]
[16, 17, 18, 19, 20, 21, 22, 23, 24, 25, 26, 27, 28]


5
process id 0
stats
5, 15, 7, 100, 1000
20220818-033207
loosing coalitions taken
[1, 3, 9, 10, 12]
[2, 4, 6, 9, 24]
[1, 2, 10, 11, 13]
[2, 4, 5, 20]
[1, 3, 7, 11, 22]
[1, 5, 6, 10, 24]
[1, 2, 7, 9]
[2, 3, 6, 13]
[1, 4, 8, 12, 13]
[2, 3, 5, 24]
[3, 4, 5, 16]
[3, 4, 6, 14, 20]
[1, 2, 8, 14, 19]
[1, 4, 7, 14, 15]
[16, 17, 18, 19, 20, 21, 22, 23, 24, 25, 26, 27, 28]


6
process id 1
stats
5, 15, 7, 100, 1000
20220818-033207
loosing coalitions taken
[2, 3, 6, 18, 21]
[1, 3, 8, 10, 19]
[1, 4, 8, 12, 14]
[1, 3, 7, 11, 22]
[1, 4, 7, 9, 18]
[1, 2, 9, 10, 14]
[1, 2, 8, 11, 21]
[1, 2, 7, 17, 19]
[2, 4, 6, 12, 23]
[3, 4, 6, 13, 20]
[2, 4, 5, 17]
[3, 4, 5, 19, 24]
[2, 3, 5, 25]
[1, 5, 6, 10, 25]
[16, 17, 18, 19, 20, 21, 22, 23, 24, 25, 26, 27, 28]


6
process id 7
stats
5, 15, 7, 100, 1000
20220818-033208
loosing coalitions taken
[1, 2, 9, 10, 14]
[1, 4, 8, 13, 14]
[1, 4, 7, 9, 18]
[3, 4, 6, 13, 21]
[1, 2, 7, 16, 20]
[1, 3, 8, 12, 17]
[1, 2, 8, 11, 21]
[1, 5, 6, 14, 22]
[2, 4, 6, 9, 25]
[2, 3, 6, 19, 20]
[1, 3, 7, 10, 23]
[2, 3, 5, 22]
[3, 4, 5, 16, 28]
[2, 4, 5, 18]
[16, 17, 18, 19, 20, 21, 22, 23, 24, 25, 26, 27, 28]


6
process id 5
stats
5, 15, 7, 100, 1000
20220818-033208
loosing coalitions taken
[1, 3, 9, 10, 11]
[1, 4, 7, 8]
[2, 3, 5, 24]
[1, 5, 6, 12, 23]
[1, 2, 9, 12, 14]
[2, 4, 6, 16, 19]
[2, 3, 6, 10]
[2, 4, 5, 18, 28]
[3, 4, 6, 13, 20]
[3, 4, 5, 17, 23]
[1, 2, 8, 15, 17]
[1, 2, 7, 16, 20]
[1, 3, 8, 14, 16]
[3, 5, 6, 7, 15]
[16, 17, 18, 19, 20, 21, 22, 23, 24, 25, 26, 27, 28]


6
process id 4
stats
5, 15, 7, 100, 1000
20220818-033209
loosing coalitions taken
[2, 3, 6, 14]
[1, 3, 7, 9, 24]
[1, 2, 9, 11, 13]
[1, 4, 7, 10, 19]
[1, 5, 6, 15, 21]
[1, 4, 8, 13, 14]
[3, 4, 5, 16]
[1, 3, 8, 12, 18]
[2, 3, 5, 25]
[2, 4, 6, 10, 22]
[2, 4, 5, 20]
[1, 2, 7, 17, 18]
[3, 4, 6, 9, 20]
[1, 2, 10, 12, 14]
[16, 17, 18, 19, 20, 21, 22, 23, 24, 25, 26, 27, 28]


6
process id 0
stats
5, 15, 7, 100, 1000
20220818-033210
loosing coalitions taken
[1, 4, 8, 13, 14]
[2, 4, 6, 10, 24]
[3, 4, 6, 13, 21]
[1, 3, 8, 15, 16]
[1, 2, 10, 11, 14]
[1, 2, 7, 16, 20]
[1, 3, 7, 11, 22]
[2, 3, 5, 25, 28]
[2, 3, 6, 14]
[3, 4, 5, 16]
[1, 5, 6, 9, 25]
[1, 2, 8, 12, 18]
[1, 4, 7, 9, 17]
[1, 3, 9, 10, 12]
[16, 17, 18, 19, 20, 21, 22, 23, 24, 25, 26, 27, 28]


6
process id 3
stats
5, 15, 7, 100, 1000
20220818-033210
loosing coalitions taken
[3, 4, 6, 13, 21]
[1, 3, 7, 13, 22]
[1, 5, 6, 16, 17]
[1, 2, 7, 14, 23]
[1, 4, 8, 10, 15]
[1, 2, 10, 11, 12]
[2, 4, 6, 15, 20]
[1, 3, 8, 11, 18]
[1, 4, 7, 9, 19]
[3, 4, 5, 16]
[2, 3, 6, 12]
[2, 3, 5, 22]
[2, 4, 5, 21, 26]
[1, 2, 8, 9, 22]
[16, 17, 18, 19, 20, 21, 22, 23, 24, 25, 26, 27, 28]


5
process id 2
stats
5, 15, 7, 100, 1000
20220818-033210
loosing coalitions taken
[1, 4, 7, 11, 17]
[1, 4, 8, 13, 14]
[2, 4, 6, 12, 22]
[1, 2, 7, 9, 28]
[1, 2, 8, 12, 20]
[2, 3, 6, 13]
[1, 5, 6, 12, 24]
[1, 2, 10, 11, 14]
[2, 4, 5, 18]
[1, 3, 8, 10, 17]
[3, 4, 5, 16]
[2, 3, 5, 23]
[3, 4, 6, 15, 17]
[1, 3, 7, 16, 19]
[16, 17, 18, 19, 20, 21, 22, 23, 24, 25, 26, 27, 28]


5
process id 0
stats
5, 15, 7, 100, 1000
20220818-033213
loosing coalitions taken
[1, 4, 7, 9, 17]
[1, 2, 7, 14, 24]
[2, 4, 6, 12, 22]
[1, 2, 10, 11, 13]
[3, 4, 6, 13, 20]
[2, 4, 5, 20]
[1, 4, 8, 12, 13]
[1, 2, 8, 15, 17]
[1, 5, 6, 11, 23]
[2, 3, 5, 25]
[3, 4, 5, 16]
[2, 3, 6, 11]
[1, 3, 7, 15, 20]
[1, 3, 8, 11, 16]
[16, 17, 18, 19, 20, 21, 22, 23, 24, 25, 26, 27, 28]


5
process id 4
stats
5, 15, 7, 100, 1000
20220818-033214
loosing coalitions taken
[2, 3, 5, 25]
[1, 3, 8, 11, 17]
[1, 4, 7, 10, 18]
[1, 2, 9, 11, 14]
[2, 4, 6, 14, 22]
[1, 2, 7, 16, 20]
[1, 3, 7, 9, 23]
[1, 2, 8, 12, 19]
[1, 4, 8, 13, 14]
[2, 3, 6, 10]
[2, 4, 5, 20]
[3, 4, 5, 19, 23]
[3, 4, 6, 12, 21]
[1, 5, 6, 12, 22]
[16, 17, 18, 19, 20, 21, 22, 23, 24, 25, 26, 27, 28]


5
process id 3
stats
5, 15, 7, 100, 1000
20220818-033214
loosing coalitions taken
[1, 2, 8, 9, 22]
[1, 5, 6, 9, 26]
[1, 2, 10, 11, 13]
[2, 4, 5, 20]
[1, 3, 8, 12, 17]
[1, 2, 7, 17, 19]
[1, 4, 7, 10, 18]
[3, 4, 6, 12, 21]
[1, 4, 8, 11, 14]
[2, 3, 6, 11]
[3, 4, 5, 16]
[2, 3, 5, 22]
[1, 3, 7, 11, 21]
[2, 4, 6, 16, 17]
[16, 17, 18, 19, 20, 21, 22, 23, 24, 25, 26, 27, 28]


6
process id 6
stats
5, 15, 7, 100, 1000
20220818-033215
loosing coalitions taken
[1, 5, 6, 10, 26]
[1, 2, 7, 13, 24]
[1, 3, 9, 10, 12]
[1, 2, 10, 11, 14]
[1, 4, 7, 11, 17]
[3, 4, 6, 9, 22]
[1, 4, 8, 12, 14]
[1, 3, 8, 15, 16]
[2, 3, 6, 14]
[2, 3, 5, 23]
[2, 4, 5, 19, 26]
[3, 4, 5, 15]
[2, 3, 7, 8, 10]
[1, 3, 7, 14, 19]
[16, 17, 18, 19, 20, 21, 22, 23, 24, 25, 26, 27, 28]


6
process id 1
stats
5, 15, 7, 100, 1000
20220818-033215
loosing coalitions taken
[1, 4, 8, 10, 15]
[2, 3, 6, 13]
[1, 2, 7, 9]
[1, 5, 6, 10, 25]
[1, 2, 10, 11, 14]
[2, 3, 5, 25]
[2, 4, 5, 17, 28]
[3, 4, 6, 11, 20]
[1, 4, 7, 11, 16]
[2, 4, 6, 10, 22]
[3, 4, 5, 15]
[1, 3, 8, 12, 19]
[1, 2, 8, 13, 17]
[1, 3, 7, 15, 20]
[16, 17, 18, 19, 20, 21, 22, 23, 24, 25, 26, 27, 28]


5
process id 4
stats
5, 15, 7, 100, 1000
20220818-033216
loosing coalitions taken
[1, 2, 9, 11, 14]
[1, 5, 6, 16, 18]
[2, 4, 5, 17]
[2, 3, 5, 23]
[1, 4, 8, 9, 13]
[2, 3, 6, 13]
[1, 2, 7, 16, 20]
[3, 4, 5, 15]
[3, 4, 6, 14, 18]
[1, 3, 8, 14, 15]
[2, 4, 6, 10, 24]
[2, 3, 7, 8, 10]
[1, 4, 7, 10, 18]
[1, 3, 7, 9, 23]
[16, 17, 18, 19, 20, 21, 22, 23, 24, 25, 26, 27, 28]


6
process id 0
stats
5, 15, 7, 100, 1000
20220818-033216
loosing coalitions taken
[1, 4, 7, 14, 16]
[1, 5, 6, 9, 25]
[1, 4, 8, 9, 15]
[1, 2, 10, 12, 13]
[2, 3, 6, 13]
[1, 3, 8, 12, 19]
[2, 3, 5, 23]
[2, 4, 6, 15, 20]
[3, 4, 5, 16]
[1, 2, 7, 17, 18]
[2, 4, 5, 19, 27]
[3, 4, 6, 14, 19]
[1, 2, 9, 11, 14]
[1, 3, 7, 13, 21]
[16, 17, 18, 19, 20, 21, 22, 23, 24, 25, 26, 27, 28]


6
process id 7
stats
5, 15, 7, 100, 1000
20220818-033216
loosing coalitions taken
[1, 3, 9, 10, 12]
[1, 2, 7, 9]
[2, 4, 5, 20]
[1, 3, 8, 15, 16]
[1, 5, 6, 11, 25]
[3, 4, 6, 13, 21]
[3, 4, 5, 17, 26]
[2, 3, 6, 9]
[1, 2, 8, 12, 19]
[1, 4, 7, 10, 16]
[2, 3, 5, 23]
[2, 5, 6, 7, 15]
[1, 4, 8, 13, 14]
[2, 4, 6, 14, 22]
[16, 17, 18, 19, 20, 21, 22, 23, 24, 25, 26, 27, 28]


6
process id 0
stats
5, 15, 7, 100, 1000
20220818-033218
loosing coalitions taken
[1, 5, 6, 12, 24]
[1, 3, 9, 10, 11]
[1, 3, 8, 15, 16]
[1, 3, 7, 12, 22]
[1, 2, 7, 17, 18]
[2, 4, 5, 20]
[1, 4, 7, 14, 16]
[1, 2, 8, 11, 21]
[1, 2, 9, 12, 14]
[2, 3, 5, 23]
[2, 3, 6, 18, 21]
[3, 4, 6, 14, 17]
[3, 4, 5, 15]
[2, 4, 6, 10, 23]
[16, 17, 18, 19, 20, 21, 22, 23, 24, 25, 26, 27, 28]


5
process id 3
stats
5, 15, 7, 100, 1000
20220818-033218
loosing coalitions taken
[1, 3, 9, 10, 12]
[1, 4, 7, 11, 17]
[2, 3, 7, 8, 9]
[1, 3, 7, 15, 21]
[1, 4, 8, 13, 14]
[2, 3, 6, 13]
[1, 2, 8, 11, 19]
[1, 5, 6, 11, 24]
[2, 4, 5, 18]
[2, 3, 5, 25]
[2, 4, 6, 9, 23]
[3, 4, 5, 16]
[1, 2, 7, 12, 22]
[3, 4, 6, 14, 20]
[16, 17, 18, 19, 20, 21, 22, 23, 24, 25, 26, 27, 28]


5
process id 2
stats
5, 15, 7, 100, 1000
20220818-033219
loosing coalitions taken
[2, 3, 6, 14]
[1, 2, 7, 13, 23]
[1, 3, 8, 10, 18]
[1, 4, 7, 9, 18]
[2, 4, 5, 19]
[1, 3, 7, 12, 22]
[1, 4, 8, 12, 13]
[3, 4, 6, 10, 19]
[2, 3, 5, 23]
[1, 5, 6, 15, 19]
[1, 2, 9, 10, 14]
[2, 4, 6, 15, 17]
[3, 4, 5, 16]
[1, 2, 8, 11, 17]
[16, 17, 18, 19, 20, 21, 22, 23, 24, 25, 26, 27, 28]


5
process id 0
stats
5, 15, 7, 100, 1000
20220818-033220
loosing coalitions taken
[1, 5, 6, 11, 25]
[1, 4, 8, 13, 14]
[1, 3, 8, 12, 19]
[2, 3, 6, 13]
[1, 4, 7, 9, 19]
[1, 3, 7, 15, 20]
[2, 4, 5, 18]
[1, 2, 8, 15, 17]
[1, 2, 9, 11, 14]
[2, 3, 5, 25]
[3, 4, 5, 19, 26]
[2, 4, 6, 15, 19]
[1, 2, 7, 13, 24]
[3, 4, 6, 11, 21]
[16, 17, 18, 19, 20, 21, 22, 23, 24, 25, 26, 27, 28]


6
process id 3
stats
5, 15, 7, 100, 1000
20220818-033223
loosing coalitions taken
[1, 4, 8, 9, 15]
[1, 2, 9, 12, 13]
[1, 4, 7, 11, 17]
[2, 4, 5, 19]
[1, 2, 8, 14, 17]
[2, 3, 6, 14]
[1, 5, 6, 16, 18]
[1, 2, 7, 10, 28]
[1, 3, 8, 10, 19]
[1, 3, 7, 14, 20]
[3, 4, 6, 15, 16]
[2, 3, 5, 25]
[2, 4, 6, 12, 23]
[3, 4, 5, 21, 22]
[16, 17, 18, 19, 20, 21, 22, 23, 24, 25, 26, 27, 28]




6
process id 7
stats
5, 15, 7, 100, 1000
20220818-033224
loosing coalitions taken
[2, 3, 6, 14]
[1, 3, 9, 10, 11]
[1, 5, 6, 11, 25]
[1, 4, 7, 9, 18]
[1, 4, 8, 12, 14]
[1, 2, 8, 13, 19]
[2, 3, 5, 24]
[2, 4, 5, 19]
[3, 4, 6, 10, 21]
[1, 3, 7, 15, 20]
[1, 2, 7, 12, 24]
[3, 4, 5, 16, 27]
[2, 5, 6, 8, 9]
[2, 4, 6, 15, 18]
[16, 17, 18, 19, 20, 21, 22, 23, 24, 25, 26, 27, 28]


6
process id 0
stats
5, 15, 7, 100, 1000
20220818-033226
loosing coalitions taken
[1, 2, 7, 9]
[1, 4, 8, 12, 14]
[1, 5, 6, 13, 23]
[2, 3, 5, 23]
[2, 4, 6, 9, 25]
[1, 3, 7, 15, 21]
[1, 2, 8, 13, 19]
[2, 4, 5, 18]
[3, 4, 5, 16]
[2, 3, 6, 14]
[1, 2, 10, 11, 14]
[1, 3, 8, 10, 17]
[1, 4, 7, 10, 19]
[3, 4, 6, 11, 21]
[16, 17, 18, 19, 20, 21, 22, 23, 24, 25, 26, 27, 28]


6
process id 5
stats
5, 15, 7, 100, 1000
20220818-033227
loosing coalitions taken
[1, 2, 9, 11, 14]
[1, 3, 7, 14, 22]
[1, 4, 8, 13, 14]
[2, 4, 5, 22, 23]
[3, 4, 5, 17, 27]
[1, 3, 8, 9, 20]
[1, 2, 7, 12, 25]
[2, 4, 6, 9, 25]
[1, 5, 6, 10, 23]
[2, 3, 6, 13, 28]
[3, 4, 6, 14, 19]
[2, 3, 5, 24]
[1, 2, 8, 10, 21]
[1, 4, 7, 10, 18]
[16, 17, 18, 19, 20, 21, 22, 23, 24, 25, 26, 27, 28]


6
process id 2
stats
5, 15, 7, 100, 1000
20220818-033227
loosing coalitions taken
[2, 4, 6, 16, 19]
[1, 5, 6, 13, 24]
[1, 2, 10, 11, 12]
[2, 3, 5, 24, 25]
[3, 4, 5, 20, 22]
[2, 4, 5, 17]
[2, 3, 6, 18, 21]
[1, 2, 8, 14, 19]
[1, 4, 7, 13, 16]
[1, 3, 7, 14, 21]
[2, 3, 7, 8, 9]
[1, 3, 8, 15, 16]
[1, 2, 7, 15, 22]
[1, 4, 8, 9, 12]
[16, 17, 18, 19, 20, 21, 22, 23, 24, 25, 26, 27, 28]


6
process id 3
stats
5, 15, 7, 100, 1000
20220818-033227
loosing coalitions taken
[3, 4, 5, 16]
[1, 2, 8, 12, 21]
[1, 3, 8, 9, 18]
[1, 3, 7, 15, 21]
[1, 4, 8, 11, 13]
[1, 2, 7, 9]
[2, 4, 5, 17, 28]
[3, 4, 6, 12, 19]
[2, 3, 5, 24]
[2, 5, 6, 7, 15]
[1, 5, 6, 13, 23]
[2, 3, 6, 13]
[2, 4, 6, 10, 24]
[1, 2, 10, 11, 14]
[16, 17, 18, 19, 20, 21, 22, 23, 24, 25, 26, 27, 28]


6
process id 6
stats
5, 15, 7, 100, 1000
20220818-033228
loosing coalitions taken
[2, 3, 5, 26, 27]
[1, 2, 10, 11, 13]
[1, 2, 7, 9]
[1, 3, 8, 12, 17]
[2, 4, 5, 20]
[1, 5, 6, 11, 24]
[3, 4, 5, 15]
[2, 3, 6, 10]
[1, 4, 7, 11, 17]
[1, 3, 7, 10, 22]
[1, 4, 8, 13, 14]
[2, 4, 6, 16, 19]
[1, 2, 8, 15, 16]
[3, 4, 6, 14, 18]
[16, 17, 18, 19, 20, 21, 22, 23, 24, 25, 26, 27, 28]


6
process id 4
stats
5, 15, 7, 100, 1000
20220818-033230
loosing coalitions taken
[1, 5, 6, 12, 24]
[2, 3, 6, 15, 26]
[1, 2, 8, 15, 17]
[1, 3, 7, 10, 24]
[2, 4, 6, 13, 22]
[3, 4, 5, 21, 22]
[2, 4, 5, 20]
[1, 3, 8, 11, 19]
[1, 2, 7, 9]
[1, 4, 8, 13, 14]
[1, 2, 10, 11, 14]
[2, 3, 5, 24]
[3, 4, 6, 14, 17]
[1, 4, 7, 11, 16]
[16, 17, 18, 19, 20, 21, 22, 23, 24, 25, 26, 27, 28]


6
process id 5
stats
5, 15, 7, 100, 1000
20220818-033231
loosing coalitions taken
[1, 3, 7, 13, 22]
[1, 3, 8, 11, 18]
[2, 4, 5, 20]
[1, 5, 6, 11, 23]
[2, 3, 6, 11, 28]
[1, 4, 8, 10, 14]
[1, 2, 7, 9]
[2, 3, 5, 23]
[3, 4, 6, 12, 21]
[3, 4, 5, 19, 26]
[2, 4, 6, 13, 22]
[1, 2, 8, 13, 20]
[2, 3, 7, 8, 10]
[2, 5, 6, 7, 15]
[16, 17, 18, 19, 20, 21, 22, 23, 24, 25, 26, 27, 28]


6
process id 7
stats
5, 15, 7, 100, 1000
20220818-033232
loosing coalitions taken
[1, 5, 6, 10, 26]
[1, 4, 7, 10, 19]
[1, 2, 9, 11, 14]
[1, 3, 8, 11, 19]
[1, 3, 7, 16, 18]
[1, 3, 9, 10, 12]
[1, 4, 8, 13, 14]
[2, 4, 5, 20]
[1, 2, 7, 12, 26]
[3, 4, 5, 15]
[2, 3, 5, 22]
[2, 3, 6, 11]
[2, 4, 6, 13, 21]
[3, 4, 6, 12, 19]
[16, 17, 18, 19, 20, 21, 22, 23, 24, 25, 26, 27, 28]


6
process id 5
stats
5, 15, 7, 100, 1000
20220818-033236
loosing coalitions taken
[1, 5, 6, 13, 23]
[1, 2, 7, 9]
[1, 3, 8, 11, 19]
[3, 4, 6, 15, 17]
[2, 4, 6, 11, 24]
[1, 4, 8, 13, 14]
[2, 3, 6, 14]
[2, 3, 5, 23]
[2, 4, 5, 18]
[3, 4, 5, 16, 28]
[1, 2, 8, 12, 17]
[1, 4, 7, 10, 18]
[2, 5, 6, 7, 16]
[1, 2, 10, 11, 13]
[16, 17, 18, 19, 20, 21, 22, 23, 24, 25, 26, 27, 28]


6
process id 0
stats
5, 15, 7, 100, 1000
20220818-033236
loosing coalitions taken
[1, 3, 8, 15, 16]
[2, 4, 5, 20]
[1, 3, 7, 13, 22]
[3, 4, 6, 14, 18]
[1, 2, 8, 11, 21]
[2, 3, 6, 13]
[2, 3, 5, 24]
[1, 5, 6, 10, 23]
[2, 4, 6, 9, 24]
[1, 4, 7, 9, 17]
[3, 4, 5, 15]
[1, 2, 7, 12, 25]
[1, 4, 8, 12, 14]
[1, 2, 9, 10, 13]
[16, 17, 18, 19, 20, 21, 22, 23, 24, 25, 26, 27, 28]


6
process id 3
stats
5, 15, 7, 100, 1000
20220818-033236
loosing coalitions taken
[1, 3, 9, 10, 12]
[1, 2, 9, 11, 13]
[1, 5, 6, 11, 24]
[1, 2, 7, 12, 24]
[1, 4, 8, 12, 13]
[1, 2, 8, 10, 21]
[1, 3, 7, 16, 19]
[1, 4, 7, 9, 17]
[2, 3, 6, 19, 20]
[2, 4, 5, 21, 24]
[3, 4, 6, 13, 18]
[3, 4, 5, 15]
[1, 3, 8, 11, 18]
[2, 4, 6, 14, 22]
[16, 17, 18, 19, 20, 21, 22, 23, 24, 25, 26, 27, 28]


6
process id 7
stats
5, 15, 7, 100, 1000
20220818-033237
loosing coalitions taken
[1, 2, 10, 12, 14]
[3, 4, 6, 11, 21]
[1, 4, 8, 13, 14]
[1, 2, 7, 17, 19]
[1, 3, 9, 10, 11]
[1, 4, 7, 9, 18]
[2, 4, 5, 20]
[1, 2, 8, 11, 21]
[1, 5, 6, 15, 21]
[2, 3, 5, 25]
[3, 4, 5, 17, 28]
[2, 3, 6, 9]
[2, 4, 6, 13, 22]
[1, 3, 7, 15, 20]
[16, 17, 18, 19, 20, 21, 22, 23, 24, 25, 26, 27, 28]


6
process id 4
stats
5, 15, 7, 100, 1000
20220818-033237
loosing coalitions taken
[1, 3, 8, 11, 18]
[2, 4, 6, 10, 23]
[1, 2, 10, 11, 13]
[2, 4, 5, 20]
[2, 3, 6, 12]
[1, 2, 7, 9]
[3, 4, 5, 16]
[2, 3, 5, 24]
[3, 4, 6, 15, 17]
[1, 5, 6, 14, 20]
[1, 4, 8, 9, 14]
[1, 2, 8, 12, 17]
[1, 4, 7, 10, 18]
[1, 3, 7, 12, 22]
[16, 17, 18, 19, 20, 21, 22, 23, 24, 25, 26, 27, 28]


5
process id 3
stats
5, 15, 7, 100, 1000
20220818-033238
loosing coalitions taken
[1, 2, 7, 9]
[1, 3, 8, 11, 19]
[1, 4, 8, 13, 14]
[2, 3, 6, 13]
[2, 3, 5, 25]
[1, 3, 7, 12, 21]
[2, 4, 5, 17]
[1, 5, 6, 16, 19]
[1, 2, 10, 11, 13]
[1, 2, 8, 15, 16]
[1, 4, 7, 11, 17]
[3, 4, 5, 15]
[3, 4, 6, 14, 17]
[2, 4, 6, 16, 18]
[16, 17, 18, 19, 20, 21, 22, 23, 24, 25, 26, 27, 28]


6
process id 2
stats
5, 15, 7, 100, 1000
20220818-033240
loosing coalitions taken
[1, 4, 7, 10, 17]
[1, 4, 8, 9, 15]
[2, 3, 6, 13]
[1, 5, 6, 16, 19]
[1, 3, 8, 12, 18]
[1, 2, 10, 11, 12]
[1, 2, 8, 14, 20]
[1, 3, 7, 11, 21]
[2, 4, 5, 18]
[3, 4, 5, 15]
[1, 2, 7, 15, 22]
[2, 3, 5, 22]
[2, 4, 6, 9, 22]
[3, 4, 6, 14, 20]
[16, 17, 18, 19, 20, 21, 22, 23, 24, 25, 26, 27, 28]


6
process id 0
stats
5, 15, 7, 100, 1000
20220818-033242
loosing coalitions taken
[1, 2, 7, 9]
[1, 4, 8, 13, 14]
[2, 4, 5, 20]
[2, 3, 6, 9]
[3, 4, 5, 16]
[2, 3, 5, 26, 28]
[1, 2, 10, 11, 13]
[2, 4, 6, 11, 21]
[1, 3, 8, 12, 18]
[3, 4, 6, 13, 17]
[1, 5, 6, 12, 22]
[1, 3, 7, 16, 17]
[1, 2, 8, 15, 17]
[1, 4, 7, 10, 18]
[16, 17, 18, 19, 20, 21, 22, 23, 24, 25, 26, 27, 28]


6
process id 6
stats
5, 15, 7, 100, 1000
20220818-033242
loosing coalitions taken
[1, 5, 6, 15, 21]
[1, 2, 7, 9]
[1, 3, 8, 14, 16]
[2, 3, 5, 24]
[1, 4, 8, 10, 15]
[1, 2, 8, 11, 20]
[2, 4, 5, 19]
[3, 4, 5, 16]
[1, 3, 9, 10, 11]
[2, 3, 6, 9]
[3, 4, 6, 12, 21]
[2, 4, 6, 13, 20]
[1, 2, 10, 12, 13]
[2, 3, 7, 8, 10]
[16, 17, 18, 19, 20, 21, 22, 23, 24, 25, 26, 27, 28]


6
process id 3
stats
5, 15, 7, 100, 1000
20220818-033242
loosing coalitions taken
[2, 4, 5, 22, 24]
[3, 4, 5, 17, 26]
[1, 5, 6, 13, 23]
[1, 4, 7, 14, 16]
[1, 3, 7, 11, 22]
[1, 3, 9, 10, 12]
[1, 2, 9, 11, 14]
[3, 4, 6, 9, 21]
[1, 3, 8, 15, 16]
[1, 4, 8, 9, 13]
[2, 4, 6, 14, 20]
[2, 5, 6, 7, 15]
[2, 3, 6, 12]
[1, 2, 8, 10, 17]
[16, 17, 18, 19, 20, 21, 22, 23, 24, 25, 26, 27, 28]


6
process id 7
stats
5, 15, 7, 100, 1000
20220818-033243
loosing coalitions taken
[1, 4, 7, 10, 19]
[1, 4, 8, 9, 15]
[1, 3, 7, 15, 20]
[1, 2, 8, 14, 20]
[1, 5, 6, 9, 26]
[1, 2, 7, 9]
[1, 3, 8, 12, 18]
[2, 3, 6, 12]
[2, 4, 5, 17]
[2, 3, 5, 24]
[3, 4, 5, 18, 23]
[2, 4, 6, 10, 23]
[3, 4, 6, 14, 19]
[2, 3, 7, 8, 10]
[16, 17, 18, 19, 20, 21, 22, 23, 24, 25, 26, 27, 28]


6
process id 5
stats
5, 15, 7, 100, 1000
20220818-033243
loosing coalitions taken
[3, 4, 5, 18, 27]
[2, 4, 5, 20]
[1, 3, 7, 9, 24]
[1, 2, 7, 17, 19]
[2, 3, 6, 14]
[1, 2, 8, 11, 18]
[2, 5, 6, 7, 16]
[2, 3, 5, 25]
[3, 4, 6, 15, 16]
[1, 5, 6, 11, 22]
[2, 4, 6, 9, 25]
[1, 3, 8, 12, 19]
[1, 2, 9, 12, 13]
[1, 4, 8, 10, 13]
[16, 17, 18, 19, 20, 21, 22, 23, 24, 25, 26, 27, 28]


6
process id 2
stats
5, 15, 7, 100, 1000
20220818-033246
loosing coalitions taken
[1, 2, 7, 9]
[2, 4, 6, 14, 22]
[1, 3, 8, 15, 16]
[1, 4, 8, 11, 14]
[2, 4, 5, 20, 26]
[2, 3, 5, 24]
[3, 4, 6, 10, 21]
[2, 3, 6, 9]
[1, 3, 7, 12, 20]
[2, 5, 6, 7, 15]
[1, 5, 6, 13, 23]
[3, 4, 5, 16]
[1, 2, 8, 12, 17]
[1, 3, 9, 10, 11]
[16, 17, 18, 19, 20, 21, 22, 23, 24, 25, 26, 27, 28]


6
process id 4
stats
5, 15, 7, 100, 1000
20220818-033247
loosing coalitions taken
[1, 5, 6, 9, 25]
[2, 3, 6, 14]
[2, 4, 5, 21, 26]
[1, 4, 7, 10, 19]
[1, 2, 7, 9]
[1, 4, 8, 13, 14]
[1, 3, 8, 10, 17]
[2, 3, 5, 25]
[1, 2, 8, 12, 18]
[2, 4, 6, 15, 20]
[3, 4, 6, 13, 17]
[1, 3, 7, 12, 21]
[3, 4, 5, 16]
[1, 2, 10, 11, 14]
[16, 17, 18, 19, 20, 21, 22, 23, 24, 25, 26, 27, 28]


6
process id 5
stats
5, 15, 7, 100, 1000
20220818-033248
loosing coalitions taken
[1, 5, 6, 12, 24]
[2, 3, 6, 15, 25]
[1, 3, 7, 10, 23]
[1, 2, 8, 12, 20]
[2, 3, 5, 23]
[1, 3, 8, 14, 16]
[1, 4, 8, 10, 15]
[1, 2, 7, 16, 21]
[2, 4, 5, 19]
[3, 4, 6, 11, 19]
[1, 2, 9, 11, 14]
[2, 4, 6, 12, 21]
[3, 4, 5, 16]
[2, 3, 7, 8, 9]
[16, 17, 18, 19, 20, 21, 22, 23, 24, 25, 26, 27, 28]


6
process id 7
stats
5, 15, 7, 100, 1000
20220818-033248
loosing coalitions taken
[2, 4, 6, 9, 23]
[1, 4, 8, 12, 14]
[1, 2, 7, 14, 23]
[1, 3, 7, 16, 18]
[1, 3, 8, 11, 19]
[3, 4, 5, 18, 26]
[1, 3, 9, 10, 12]
[2, 4, 5, 17]
[1, 2, 8, 15, 17]
[1, 5, 6, 9, 24]
[3, 4, 6, 14, 20]
[2, 3, 5, 22]
[2, 3, 6, 13]
[3, 5, 6, 7, 11]
[16, 17, 18, 19, 20, 21, 22, 23, 24, 25, 26, 27, 28]


6
process id 2
stats
5, 15, 7, 100, 1000
20220818-033250
loosing coalitions taken
[1, 2, 7, 11, 27]
[1, 4, 7, 9, 19]
[1, 3, 8, 10, 19]
[1, 5, 6, 16, 19]
[2, 3, 6, 13]
[1, 3, 7, 14, 22]
[1, 4, 8, 12, 14]
[2, 3, 5, 25]
[2, 4, 5, 21, 26]
[1, 2, 9, 10, 13]
[2, 4, 6, 11, 24]
[3, 4, 6, 15, 17]
[1, 2, 8, 15, 17]
[3, 4, 5, 16]
[16, 17, 18, 19, 20, 21, 22, 23, 24, 25, 26, 27, 28]


6
process id 4
stats
5, 15, 7, 100, 1000
20220818-033252
loosing coalitions taken
[1, 3, 9, 10, 11]
[1, 2, 10, 12, 13]
[1, 3, 8, 15, 16]
[2, 4, 5, 21, 26]
[1, 4, 7, 9, 17]
[1, 2, 8, 9, 21]
[3, 4, 5, 18, 25]
[1, 5, 6, 16, 19]
[1, 2, 7, 11, 24]
[1, 4, 8, 11, 14]
[2, 3, 6, 19, 21]
[3, 4, 6, 14, 17]
[2, 3, 5, 23]
[1, 3, 7, 12, 20]
[16, 17, 18, 19, 20, 21, 22, 23, 24, 25, 26, 27, 28]


6
process id 6
stats
5, 15, 7, 100, 1000
20220818-033252
loosing coalitions taken
[3, 4, 5, 20, 24]
[1, 4, 7, 9, 19]
[1, 3, 7, 12, 22]
[1, 2, 9, 12, 14]
[3, 4, 6, 9, 22]
[2, 4, 5, 17]
[1, 5, 6, 13, 22]
[1, 2, 8, 10, 21]
[2, 3, 6, 16, 23]
[2, 4, 6, 10, 24]
[2, 3, 5, 25, 28]
[1, 4, 8, 11, 12]
[1, 3, 8, 9, 18]
[1, 2, 7, 16, 20]
[16, 17, 18, 19, 20, 21, 22, 23, 24, 25, 26, 27, 28]


6
process id 5
stats
5, 15, 7, 100, 1000
20220818-033252
loosing coalitions taken
[2, 4, 6, 16, 19]
[1, 5, 6, 16, 17]
[2, 4, 5, 18]
[2, 3, 6, 14]
[1, 4, 7, 13, 16]
[1, 2, 8, 12, 20]
[1, 2, 7, 9]
[2, 3, 5, 25, 28]
[1, 3, 8, 10, 18]
[3, 4, 5, 15]
[1, 3, 7, 15, 17]
[3, 4, 6, 11, 18]
[1, 2, 10, 11, 14]
[1, 4, 8, 9, 15]
[16, 17, 18, 19, 20, 21, 22, 23, 24, 25, 26, 27, 28]


6
process id 7
stats
5, 15, 7, 100, 1000
20220818-033252
loosing coalitions taken
[1, 5, 6, 13, 23]
[1, 3, 8, 11, 19]
[2, 3, 6, 14]
[1, 2, 7, 9, 28]
[2, 4, 5, 19]
[1, 4, 7, 11, 17]
[1, 3, 7, 13, 22]
[3, 4, 6, 15, 16]
[2, 3, 5, 25, 27]
[1, 2, 8, 12, 17]
[1, 3, 9, 10, 12]
[1, 2, 10, 11, 13]
[3, 4, 5, 17, 24]
[2, 5, 6, 8, 10]
[16, 17, 18, 19, 20, 21, 22, 23, 24, 25, 26, 27, 28]


6
process id 0
stats
5, 15, 7, 100, 1000
20220818-033253
loosing coalitions taken
[1, 2, 7, 10, 28]
[1, 3, 9, 10, 11]
[1, 4, 7, 9, 18]
[1, 3, 8, 12, 18]
[1, 4, 8, 13, 14]
[2, 3, 6, 14]
[2, 4, 5, 19]
[1, 2, 9, 12, 13]
[3, 4, 5, 16]
[2, 4, 6, 12, 23]
[2, 3, 5, 25]
[1, 3, 7, 15, 17]
[3, 4, 6, 11, 19]
[1, 5, 6, 16, 18]
[16, 17, 18, 19, 20, 21, 22, 23, 24, 25, 26, 27, 28]


5
process id 0
stats
5, 15, 7, 100, 1000
20220818-033256
loosing coalitions taken
[1, 2, 7, 16, 21]
[1, 4, 7, 10, 17]
[3, 4, 6, 12, 21]
[1, 2, 10, 11, 12]
[1, 3, 7, 9, 24]
[2, 4, 6, 13, 22]
[1, 4, 8, 11, 13]
[2, 3, 5, 23]
[1, 3, 8, 15, 16]
[2, 3, 6, 11]
[2, 4, 5, 19]
[3, 4, 5, 15]
[2, 3, 7, 8, 10]
[1, 2, 8, 9, 22]
[16, 17, 18, 19, 20, 21, 22, 23, 24, 25, 26, 27, 28]


6
process id 7
stats
5, 15, 7, 100, 1000
20220818-033258
loosing coalitions taken
[2, 4, 6, 11, 23]
[1, 2, 7, 9]
[1, 3, 8, 11, 19]
[2, 3, 6, 13, 27]
[3, 4, 6, 9, 20]
[2, 4, 5, 20]
[1, 5, 6, 13, 23]
[1, 3, 7, 14, 20]
[1, 2, 10, 12, 14]
[3, 4, 5, 19, 24]
[2, 3, 5, 23]
[1, 4, 7, 13, 16]
[1, 2, 8, 15, 17]
[1, 4, 8, 9, 12]
[16, 17, 18, 19, 20, 21, 22, 23, 24, 25, 26, 27, 28]


6
process id 4
stats
5, 15, 7, 100, 1000
20220818-033300
loosing coalitions taken
[1, 3, 8, 12, 18]
[3, 4, 6, 14, 20]
[2, 3, 6, 13]
[1, 5, 6, 10, 26]
[1, 3, 7, 9, 23]
[2, 4, 5, 19]
[2, 3, 5, 23]
[2, 3, 7, 8, 10]
[2, 4, 6, 11, 24]
[1, 2, 9, 11, 13]
[1, 2, 7, 16, 18]
[1, 2, 8, 14, 19]
[1, 4, 8, 9, 15]
[3, 4, 5, 15]
[16, 17, 18, 19, 20, 21, 22, 23, 24, 25, 26, 27, 28]


6
process id 5
stats
5, 15, 7, 100, 1000
20220818-033301
loosing coalitions taken
[2, 3, 6, 16, 24]
[1, 3, 7, 13, 22]
[1, 2, 7, 11, 27]
[2, 3, 5, 25]
[1, 4, 7, 9, 18]
[1, 3, 8, 15, 16]
[3, 4, 6, 12, 20]
[2, 4, 6, 11, 22]
[1, 4, 8, 13, 14]
[3, 4, 5, 16]
[1, 5, 6, 10, 24]
[2, 4, 5, 20]
[1, 3, 9, 10, 12]
[1, 2, 8, 9, 21]
[16, 17, 18, 19, 20, 21, 22, 23, 24, 25, 26, 27, 28]


6
process id 3
stats
5, 15, 7, 100, 1000
20220818-033301
loosing coalitions taken
[2, 4, 6, 11, 23]
[3, 4, 6, 15, 17]
[1, 3, 9, 10, 12]
[1, 3, 7, 14, 22]
[1, 2, 7, 9]
[1, 5, 6, 16, 19]
[2, 3, 5, 24]
[1, 3, 8, 11, 19]
[2, 4, 5, 19]
[2, 3, 6, 9]
[2, 3, 7, 8, 10]
[1, 2, 10, 11, 14]
[1, 4, 8, 13, 14]
[3, 4, 5, 16]
[16, 17, 18, 19, 20, 21, 22, 23, 24, 25, 26, 27, 28]


6
process id 4
stats
5, 15, 7, 100, 1000
20220818-033302
loosing coalitions taken
[1, 3, 7, 13, 22]
[2, 3, 6, 14]
[1, 2, 8, 15, 17]
[1, 5, 6, 11, 23]
[1, 4, 8, 12, 13]
[2, 4, 5, 17]
[1, 2, 9, 11, 12]
[1, 2, 7, 16, 21]
[2, 3, 5, 24]
[3, 4, 6, 12, 18]
[1, 4, 7, 9, 18]
[3, 4, 5, 19, 25]
[1, 3, 8, 11, 16]
[2, 4, 6, 13, 22]
[16, 17, 18, 19, 20, 21, 22, 23, 24, 25, 26, 27, 28]


6
process id 0
stats
5, 15, 7, 100, 1000
20220818-033302
loosing coalitions taken
[1, 2, 9, 12, 14]
[1, 4, 8, 13, 14]
[1, 2, 7, 15, 22]
[1, 4, 7, 11, 17]
[1, 3, 7, 16, 18]
[1, 3, 8, 9, 20]
[2, 3, 5, 25]
[1, 5, 6, 15, 19]
[3, 4, 6, 11, 18]
[2, 3, 6, 13, 28]
[3, 4, 5, 15]
[2, 4, 5, 17, 26]
[1, 2, 8, 10, 21]
[2, 4, 6, 9, 24]
[16, 17, 18, 19, 20, 21, 22, 23, 24, 25, 26, 27, 28]


6
process id 7
stats
5, 15, 7, 100, 1000
20220818-033303
loosing coalitions taken
[1, 3, 9, 10, 11]
[1, 5, 6, 16, 20]
[1, 4, 7, 9, 18]
[1, 3, 8, 12, 17]
[1, 4, 8, 10, 15]
[2, 4, 5, 20]
[1, 3, 7, 15, 20]
[1, 2, 8, 14, 19]
[3, 4, 5, 15]
[2, 3, 6, 10]
[3, 4, 6, 14, 17]
[2, 4, 6, 9, 23]
[2, 3, 5, 22]
[1, 2, 7, 10, 28]
[16, 17, 18, 19, 20, 21, 22, 23, 24, 25, 26, 27, 28]


6
process id 2
stats
5, 15, 7, 100, 1000
20220818-033304
loosing coalitions taken
[2, 4, 5, 20]
[1, 4, 7, 11, 17]
[1, 5, 6, 9, 26]
[1, 2, 7, 10, 27]
[1, 3, 8, 12, 17]
[1, 4, 8, 13, 14]
[3, 4, 5, 17, 27]
[2, 3, 6, 13]
[3, 4, 6, 10, 19]
[2, 4, 6, 12, 21]
[1, 3, 7, 14, 22]
[2, 3, 5, 24]
[1, 2, 8, 11, 21]
[2, 3, 7, 8, 9]
[16, 17, 18, 19, 20, 21, 22, 23, 24, 25, 26, 27, 28]


6
process id 3
stats
5, 15, 7, 100, 1000
20220818-033305
loosing coalitions taken
[1, 3, 8, 12, 17]
[1, 3, 7, 15, 20]
[2, 3, 5, 27, 28]
[3, 4, 6, 14, 18]
[1, 4, 8, 13, 14]
[2, 3, 6, 13]
[1, 2, 9, 12, 14]
[1, 4, 7, 9, 18]
[2, 4, 5, 17]
[1, 2, 8, 15, 16]
[1, 2, 7, 17, 19]
[1, 5, 6, 13, 21]
[3, 4, 5, 20, 23]
[2, 4, 6, 12, 23]
[16, 17, 18, 19, 20, 21, 22, 23, 24, 25, 26, 27, 28]


6
process id 0
stats
5, 15, 7, 100, 1000
20220818-033306
loosing coalitions taken
[1, 4, 7, 10, 18]
[1, 2, 10, 11, 13]
[1, 2, 7, 9]
[1, 5, 6, 11, 23]
[3, 4, 6, 13, 18]
[2, 4, 5, 17]
[1, 3, 8, 13, 16]
[2, 3, 6, 14]
[3, 4, 5, 15]
[2, 4, 6, 12, 22]
[2, 3, 5, 25]
[1, 3, 7, 11, 22]
[1, 4, 8, 12, 14]
[1, 2, 8, 15, 17]
[16, 17, 18, 19, 20, 21, 22, 23, 24, 25, 26, 27, 28]


5
process id 3
stats
5, 15, 7, 100, 1000
20220818-033307
loosing coalitions taken
[1, 5, 6, 13, 24]
[1, 4, 7, 10, 19]
[1, 2, 8, 9, 22]
[1, 2, 7, 14, 23]
[1, 4, 8, 11, 14]
[1, 3, 8, 12, 19]
[3, 4, 6, 13, 21]
[1, 3, 7, 15, 21]
[2, 3, 6, 14]
[2, 4, 5, 17]
[2, 3, 5, 24]
[3, 4, 5, 16]
[2, 4, 6, 15, 18]
[1, 2, 10, 11, 13]
[16, 17, 18, 19, 20, 21, 22, 23, 24, 25, 26, 27, 28]


5
process id 4
stats
5, 15, 7, 100, 1000
20220818-033311
loosing coalitions taken
[1, 4, 8, 13, 14]
[1, 5, 6, 11, 24]
[1, 3, 8, 12, 19]
[1, 3, 7, 16, 18]
[1, 2, 9, 11, 13]
[1, 2, 7, 14, 23]
[2, 3, 6, 13]
[1, 4, 7, 11, 17]
[2, 4, 6, 9, 24]
[2, 3, 5, 24]
[2, 4, 5, 20]
[3, 4, 5, 15]
[1, 2, 8, 15, 17]
[3, 4, 6, 10, 19]
[16, 17, 18, 19, 20, 21, 22, 23, 24, 25, 26, 27, 28]


6
process id 0
stats
5, 15, 7, 100, 1000
20220818-033312
loosing coalitions taken
[1, 2, 7, 9]
[3, 4, 6, 14, 20]
[1, 3, 8, 10, 19]
[2, 4, 6, 13, 22]
[1, 4, 8, 13, 14]
[2, 4, 5, 17]
[3, 4, 5, 15]
[2, 3, 6, 9]
[1, 5, 6, 16, 19]
[2, 3, 5, 23, 28]
[1, 2, 8, 12, 21]
[1, 3, 7, 14, 18]
[1, 2, 10, 11, 14]
[1, 4, 7, 12, 16]
[16, 17, 18, 19, 20, 21, 22, 23, 24, 25, 26, 27, 28]


6
process id 6
stats
5, 15, 7, 100, 1000
20220818-033313
loosing coalitions taken
[1, 3, 8, 12, 19]
[1, 2, 10, 12, 13]
[2, 3, 7, 8, 9]
[1, 4, 7, 13, 16]
[2, 3, 6, 16, 23]
[3, 4, 6, 11, 20]
[1, 3, 7, 11, 22]
[1, 2, 8, 14, 20]
[1, 5, 6, 16, 19]
[2, 4, 5, 20, 23]
[2, 4, 6, 15, 18]
[3, 4, 5, 15]
[1, 4, 8, 9, 11]
[2, 3, 5, 22]
[16, 17, 18, 19, 20, 21, 22, 23, 24, 25, 26, 27, 28]


6
process id 4
stats
5, 15, 7, 100, 1000
20220818-033315
loosing coalitions taken
[1, 3, 8, 12, 18]
[1, 2, 10, 12, 14]
[2, 4, 5, 20]
[1, 3, 7, 15, 21]
[2, 3, 6, 14]
[1, 3, 9, 10, 11]
[1, 4, 8, 10, 15]
[1, 5, 6, 11, 24]
[2, 3, 5, 22]
[3, 4, 6, 13, 19]
[3, 4, 5, 17, 28]
[2, 4, 6, 12, 23]
[1, 2, 8, 9, 19]
[1, 2, 7, 13, 24]
[16, 17, 18, 19, 20, 21, 22, 23, 24, 25, 26, 27, 28]


6
process id 0
stats
5, 15, 7, 100, 1000
20220818-033316
loosing coalitions taken
[1, 5, 6, 15, 21]
[2, 3, 6, 14]
[1, 4, 7, 10, 17]
[1, 2, 7, 13, 25]
[1, 4, 8, 13, 14]
[2, 4, 5, 20, 25]
[1, 2, 8, 9, 22]
[2, 3, 5, 24]
[3, 4, 5, 18, 23]
[3, 4, 6, 13, 21]
[1, 3, 7, 16, 19]
[1, 3, 8, 12, 17]
[2, 4, 6, 11, 22]
[1, 2, 10, 12, 14]
[16, 17, 18, 19, 20, 21, 22, 23, 24, 25, 26, 27, 28]


6
process id 1
stats
5, 15, 7, 100, 1000
20220818-033318
loosing coalitions taken
[3, 4, 6, 13, 20]
[1, 4, 8, 10, 15]
[2, 3, 6, 15, 27]
[1, 3, 9, 10, 11]
[2, 3, 7, 8, 9]
[1, 5, 6, 11, 24]
[1, 3, 8, 12, 18]
[1, 2, 8, 11, 21]
[1, 2, 9, 12, 13]
[1, 2, 7, 10, 27]
[2, 4, 6, 9, 25]
[2, 4, 5, 20]
[1, 4, 7, 12, 16]
[1, 3, 7, 13, 22]
[16, 17, 18, 19, 20, 21, 22, 23, 24, 25, 26, 27, 28]


6
process id 3
stats
5, 15, 7, 100, 1000
20220818-033318
loosing coalitions taken
[2, 3, 6, 14]
[1, 2, 10, 11, 12]
[1, 3, 7, 11, 22]
[1, 2, 8, 13, 18]
[1, 5, 6, 9, 25]
[1, 3, 8, 12, 19]
[1, 2, 7, 9]
[2, 4, 5, 17]
[3, 4, 5, 18, 22]
[2, 4, 6, 9, 23]
[2, 3, 5, 23, 28]
[1, 4, 7, 10, 17]
[1, 4, 8, 11, 14]
[3, 4, 6, 13, 20]
[16, 17, 18, 19, 20, 21, 22, 23, 24, 25, 26, 27, 28]


6
process id 5
stats
5, 15, 7, 100, 1000
20220818-033319
loosing coalitions taken
[1, 2, 8, 13, 20]
[1, 3, 7, 15, 21]
[1, 5, 6, 13, 24]
[1, 3, 8, 11, 17]
[1, 3, 9, 10, 12]
[2, 4, 6, 9, 23]
[2, 4, 5, 17]
[2, 3, 5, 25]
[2, 3, 6, 12]
[1, 4, 7, 12, 16]
[3, 4, 5, 15]
[1, 2, 7, 9]
[3, 4, 6, 14, 18]
[1, 4, 8, 9, 15]
[16, 17, 18, 19, 20, 21, 22, 23, 24, 25, 26, 27, 28]


6
process id 7
stats
5, 15, 7, 100, 1000
20220818-033319
loosing coalitions taken
[2, 4, 5, 20]
[1, 2, 8, 15, 17]
[1, 3, 7, 11, 23]
[1, 2, 9, 11, 13]
[1, 5, 6, 9, 26]
[1, 4, 8, 10, 12]
[1, 2, 7, 10, 24]
[1, 3, 8, 9, 19]
[2, 3, 6, 14]
[3, 4, 6, 10, 21]
[3, 4, 5, 15]
[2, 3, 5, 24]
[2, 4, 6, 11, 22]
[1, 4, 7, 13, 15]
[16, 17, 18, 19, 20, 21, 22, 23, 24, 25, 26, 27, 28]


6
process id 2
stats
5, 15, 7, 100, 1000
20220818-033320
loosing coalitions taken
[1, 5, 6, 9, 26]
[1, 2, 10, 11, 13]
[1, 2, 7, 9]
[2, 4, 5, 20]
[1, 3, 8, 11, 19]
[2, 4, 6, 14, 21]
[2, 3, 6, 13]
[3, 4, 5, 19, 26]
[1, 4, 8, 10, 12]
[2, 3, 5, 22]
[2, 3, 7, 8, 10]
[1, 2, 8, 15, 17]
[3, 4, 6, 12, 18]
[1, 4, 7, 13, 15]
[16, 17, 18, 19, 20, 21, 22, 23, 24, 25, 26, 27, 28]


6
process id 6
stats
5, 15, 7, 100, 1000
20220818-033320
loosing coalitions taken
[1, 2, 10, 12, 14]
[1, 2, 7, 9]
[1, 3, 8, 12, 18]
[1, 5, 6, 13, 24]
[1, 4, 8, 13, 14]
[2, 3, 5, 23]
[2, 4, 5, 18]
[2, 3, 6, 12]
[2, 4, 6, 11, 21]
[1, 2, 8, 11, 20]
[1, 3, 7, 11, 22]
[3, 4, 5, 16]
[1, 4, 7, 10, 18]
[3, 4, 6, 10, 19]
[16, 17, 18, 19, 20, 21, 22, 23, 24, 25, 26, 27, 28]


5
process id 3
stats
5, 15, 7, 100, 1000
20220818-033320
loosing coalitions taken
[1, 3, 7, 13, 22]
[1, 3, 8, 11, 19]
[1, 5, 6, 10, 25]
[2, 4, 5, 20]
[1, 4, 8, 10, 15]
[1, 4, 7, 9, 17]
[1, 2, 10, 11, 14]
[2, 3, 5, 24]
[1, 2, 7, 15, 20]
[2, 3, 6, 11]
[1, 2, 8, 9, 22]
[3, 4, 6, 9, 21]
[3, 4, 5, 16]
[2, 4, 6, 10, 23]
[16, 17, 18, 19, 20, 21, 22, 23, 24, 25, 26, 27, 28]


5
process id 0
stats
5, 15, 7, 100, 1000
20220818-033321
loosing coalitions taken
[1, 2, 9, 11, 14]
[3, 4, 5, 18, 25]
[1, 2, 7, 10, 28]
[1, 2, 8, 12, 21]
[1, 5, 6, 11, 24]
[2, 4, 5, 19]
[1, 4, 8, 9, 15]
[1, 3, 7, 12, 22]
[2, 3, 5, 22]
[2, 3, 6, 13]
[2, 4, 6, 9, 24]
[1, 3, 8, 11, 17]
[3, 4, 6, 12, 19]
[1, 4, 7, 14, 16]
[16, 17, 18, 19, 20, 21, 22, 23, 24, 25, 26, 27, 28]


6
process id 7
stats
5, 15, 7, 100, 1000
20220818-033324
loosing coalitions taken
[1, 3, 8, 10, 18]
[1, 2, 7, 9]
[2, 3, 5, 25]
[3, 4, 6, 11, 21]
[2, 4, 6, 10, 24]
[1, 3, 7, 13, 22]
[2, 4, 5, 17]
[2, 3, 6, 12]
[1, 4, 7, 11, 16]
[1, 2, 8, 12, 17]
[3, 4, 5, 16]
[1, 5, 6, 9, 26]
[1, 2, 10, 11, 13]
[1, 4, 8, 9, 13]
[16, 17, 18, 19, 20, 21, 22, 23, 24, 25, 26, 27, 28]


5
process id 3
stats
5, 15, 7, 100, 1000
20220818-033324
loosing coalitions taken
[1, 4, 8, 12, 14]
[1, 3, 9, 10, 12]
[1, 2, 8, 9, 21]
[1, 5, 6, 10, 26]
[1, 4, 7, 9, 19]
[1, 3, 7, 11, 23]
[2, 3, 5, 25]
[1, 2, 10, 11, 13]
[1, 3, 8, 13, 16]
[2, 4, 6, 14, 20]
[2, 3, 6, 12]
[2, 4, 5, 17]
[1, 2, 7, 12, 22]
[3, 4, 5, 15]
[16, 17, 18, 19, 20, 21, 22, 23, 24, 25, 26, 27, 28]


5
process id 4
stats
5, 15, 7, 100, 1000
20220818-033324
loosing coalitions taken
[1, 5, 6, 16, 19]
[1, 2, 10, 11, 13]
[2, 3, 7, 8, 9]
[1, 3, 8, 15, 16]
[3, 4, 5, 16]
[1, 4, 8, 12, 13]
[1, 3, 7, 13, 22]
[1, 4, 7, 10, 17]
[1, 2, 7, 12, 23]
[1, 3, 9, 10, 12]
[2, 4, 5, 20, 23]
[2, 4, 6, 15, 19]
[2, 3, 6, 14]
[2, 3, 5, 22]
[16, 17, 18, 19, 20, 21, 22, 23, 24, 25, 26, 27, 28]


6
process id 7
stats
5, 15, 7, 100, 1000
20220818-033325
loosing coalitions taken
[1, 4, 8, 10, 15]
[1, 3, 8, 11, 17]
[1, 3, 9, 10, 12]
[1, 2, 7, 9]
[1, 5, 6, 12, 23]
[2, 4, 5, 17]
[2, 3, 6, 15, 25]
[3, 4, 6, 14, 20]
[1, 3, 7, 13, 21]
[3, 4, 5, 18, 22]
[2, 3, 5, 23]
[1, 2, 10, 11, 14]
[1, 2, 8, 12, 19]
[2, 4, 6, 11, 22]
[16, 17, 18, 19, 20, 21, 22, 23, 24, 25, 26, 27, 28]


6
process id 5
stats
5, 15, 7, 100, 1000
20220818-033327
loosing coalitions taken
[1, 3, 8, 11, 18]
[1, 4, 7, 9, 19]
[1, 4, 8, 12, 14]
[1, 2, 9, 11, 13]
[1, 3, 7, 10, 22]
[2, 4, 6, 9, 25]
[1, 5, 6, 12, 23]
[2, 3, 6, 10]
[2, 3, 5, 22]
[2, 4, 5, 19]
[1, 2, 7, 15, 21]
[3, 4, 5, 16]
[3, 4, 6, 13, 18]
[1, 2, 8, 10, 19]
[16, 17, 18, 19, 20, 21, 22, 23, 24, 25, 26, 27, 28]


5
process id 4
stats
5, 15, 7, 100, 1000
20220818-033327
loosing coalitions taken
[1, 2, 9, 11, 14]
[1, 4, 8, 11, 13]
[1, 5, 6, 12, 23]
[1, 2, 7, 15, 22]
[1, 4, 7, 10, 17]
[2, 4, 5, 19]
[1, 2, 10, 12, 13]
[1, 3, 8, 9, 20]
[3, 4, 5, 15]
[2, 4, 6, 9, 25]
[2, 3, 6, 12]
[3, 4, 6, 13, 17]
[2, 3, 5, 22]
[2, 3, 7, 8, 10]
[16, 17, 18, 19, 20, 21, 22, 23, 24, 25, 26, 27, 28]


5
process id 3
stats
5, 15, 7, 100, 1000
20220818-033328
loosing coalitions taken
[1, 4, 8, 12, 14]
[2, 4, 6, 16, 19]
[1, 3, 8, 9, 20]
[1, 3, 7, 10, 23]
[1, 2, 7, 9]
[3, 4, 5, 19, 25]
[2, 3, 5, 23]
[2, 3, 6, 14, 26]
[2, 4, 5, 18]
[1, 4, 7, 13, 15]
[1, 2, 10, 11, 14]
[3, 4, 6, 9, 22]
[1, 5, 6, 10, 26]
[1, 2, 8, 13, 17]
[16, 17, 18, 19, 20, 21, 22, 23, 24, 25, 26, 27, 28]


6
process id 6
stats
5, 15, 7, 100, 1000
20220818-033328
loosing coalitions taken
[1, 2, 7, 16, 21]
[1, 4, 7, 9, 17]
[1, 5, 6, 16, 19]
[2, 3, 5, 25]
[1, 3, 7, 11, 22]
[1, 2, 8, 13, 20]
[2, 4, 6, 9, 23]
[1, 3, 8, 12, 17]
[2, 3, 6, 13]
[2, 4, 5, 18]
[1, 2, 10, 12, 14]
[2, 3, 7, 8, 10]
[3, 4, 6, 14, 19]
[3, 4, 5, 16]
[16, 17, 18, 19, 20, 21, 22, 23, 24, 25, 26, 27, 28]


6
process id 0
stats
5, 15, 7, 100, 1000
20220818-033331
loosing coalitions taken
[1, 5, 6, 16, 20]
[1, 3, 8, 10, 17]
[1, 2, 7, 12, 25]
[1, 4, 7, 10, 18]
[1, 3, 7, 16, 19]
[2, 4, 5, 20]
[1, 4, 8, 9, 15]
[1, 2, 9, 11, 13]
[2, 3, 5, 24]
[3, 4, 5, 15]
[2, 3, 6, 14]
[2, 3, 7, 8, 9]
[2, 4, 6, 9, 24]
[3, 4, 6, 12, 19]
[16, 17, 18, 19, 20, 21, 22, 23, 24, 25, 26, 27, 28]


5
process id 0
stats
5, 15, 7, 100, 1000
20220818-033333
loosing coalitions taken
[1, 4, 8, 9, 15]
[1, 2, 7, 17, 18]
[1, 3, 8, 10, 19]
[1, 2, 10, 11, 13]
[2, 3, 6, 14]
[1, 5, 6, 15, 20]
[3, 4, 6, 10, 18]
[2, 3, 5, 25]
[2, 4, 5, 18]
[1, 4, 7, 12, 16]
[3, 4, 5, 15]
[2, 4, 6, 13, 20]
[1, 3, 7, 13, 22]
[1, 2, 8, 14, 20]
[16, 17, 18, 19, 20, 21, 22, 23, 24, 25, 26, 27, 28]


6
process id 2
stats
5, 15, 7, 100, 1000
20220818-033334
loosing coalitions taken
[1, 3, 8, 11, 19]
[3, 4, 6, 15, 17]
[1, 3, 9, 10, 12]
[1, 3, 7, 15, 21]
[1, 2, 7, 9]
[2, 4, 5, 20]
[1, 5, 6, 12, 24]
[3, 4, 5, 16]
[2, 3, 6, 14]
[2, 3, 5, 23, 25]
[1, 2, 8, 12, 18]
[1, 4, 7, 8]
[2, 4, 6, 9, 25]
[1, 2, 10, 11, 14]
[16, 17, 18, 19, 20, 21, 22, 23, 24, 25, 26, 27, 28]


6
process id 1
stats
5, 15, 7, 100, 1000
20220818-033336
loosing coalitions taken
[1, 2, 7, 12, 25]
[1, 3, 7, 15, 20]
[1, 4, 7, 9, 18]
[2, 3, 6, 16, 23]
[1, 5, 6, 14, 22]
[1, 2, 9, 11, 14]
[1, 2, 8, 10, 20]
[2, 4, 5, 19]
[1, 3, 8, 11, 17]
[2, 3, 5, 25]
[3, 4, 6, 13, 19]
[2, 4, 6, 9, 25]
[3, 4, 5, 16]
[1, 4, 8, 13, 14]
[16, 17, 18, 19, 20, 21, 22, 23, 24, 25, 26, 27, 28]


6
process id 5
stats
5, 15, 7, 100, 1000
20220818-033338
loosing coalitions taken
[2, 4, 6, 11, 24]
[3, 4, 6, 13, 21]
[1, 2, 9, 11, 14]
[1, 3, 7, 15, 21]
[2, 3, 5, 25]
[1, 5, 6, 13, 24]
[1, 4, 7, 9, 18]
[1, 3, 9, 10, 12]
[1, 2, 8, 15, 16]
[1, 3, 8, 11, 19]
[2, 3, 6, 9]
[2, 4, 5, 20, 26]
[3, 4, 5, 16]
[1, 2, 7, 12, 22]
[16, 17, 18, 19, 20, 21, 22, 23, 24, 25, 26, 27, 28]


6
process id 6
stats
5, 15, 7, 100, 1000
20220818-033338
loosing coalitions taken
[1, 5, 6, 13, 23]
[1, 4, 7, 9, 19]
[2, 3, 6, 14]
[1, 3, 7, 13, 22]
[1, 3, 9, 10, 12]
[2, 4, 5, 18]
[1, 3, 8, 11, 17]
[3, 4, 6, 9, 20]
[3, 4, 5, 16]
[2, 3, 5, 23]
[1, 4, 8, 10, 14]
[1, 2, 7, 11, 25]
[1, 2, 8, 12, 20]
[2, 4, 6, 10, 23]
[16, 17, 18, 19, 20, 21, 22, 23, 24, 25, 26, 27, 28]


6
process id 2
stats
5, 15, 7, 100, 1000
20220818-033340
loosing coalitions taken
[1, 2, 8, 12, 21]
[2, 4, 5, 20, 26]
[1, 2, 10, 11, 14]
[1, 3, 9, 10, 12]
[1, 2, 7, 9]
[1, 4, 8, 13, 14]
[1, 3, 8, 11, 18]
[3, 4, 5, 16]
[2, 4, 6, 15, 18]
[2, 3, 5, 23]
[2, 3, 6, 12]
[1, 3, 7, 13, 22]
[1, 5, 6, 15, 20]
[3, 4, 6, 9, 21]
[16, 17, 18, 19, 20, 21, 22, 23, 24, 25, 26, 27, 28]


6
process id 0
stats
5, 15, 7, 100, 1000
20220818-033340
loosing coalitions taken
[1, 4, 7, 13, 16]
[2, 3, 5, 24]
[2, 4, 6, 15, 20]
[1, 4, 8, 11, 12]
[1, 5, 6, 11, 25]
[1, 3, 8, 15, 16]
[2, 3, 6, 10]
[2, 4, 5, 18]
[1, 2, 8, 9, 20]
[3, 4, 6, 13, 18]
[3, 4, 5, 17, 28]
[1, 3, 7, 12, 22]
[1, 2, 10, 11, 13]
[1, 2, 7, 14, 23]
[16, 17, 18, 19, 20, 21, 22, 23, 24, 25, 26, 27, 28]


7
process id 3
stats
5, 15, 7, 100, 1000
20220818-033342
loosing coalitions taken
[1, 4, 8, 11, 14]
[1, 3, 7, 15, 20]
[1, 5, 6, 11, 25]
[2, 4, 5, 17]
[1, 3, 8, 10, 19]
[1, 2, 9, 10, 13]
[1, 4, 7, 9, 19]
[3, 4, 5, 21, 24]
[2, 3, 5, 26, 28]
[2, 3, 6, 9]
[1, 2, 8, 15, 16]
[2, 4, 6, 14, 20]
[3, 4, 6, 12, 18]
[1, 2, 7, 12, 22]
[16, 17, 18, 19, 20, 21, 22, 23, 24, 25, 26, 27, 28]


6
process id 1
stats
5, 15, 7, 100, 1000
20220818-033343
loosing coalitions taken
[1, 4, 7, 10, 19]
[1, 3, 8, 10, 18]
[1, 3, 7, 15, 21]
[1, 2, 7, 9]
[2, 4, 5, 20]
[1, 4, 8, 11, 14]
[3, 4, 5, 18, 27]
[1, 2, 10, 11, 13]
[2, 3, 5, 25]
[2, 3, 6, 14]
[1, 2, 8, 12, 17]
[1, 5, 6, 16, 19]
[3, 4, 6, 15, 16]
[2, 4, 6, 12, 22]
[16, 17, 18, 19, 20, 21, 22, 23, 24, 25, 26, 27, 28]


6
process id 4
stats
5, 15, 7, 100, 1000
20220818-033343
loosing coalitions taken
[3, 4, 5, 19, 26]
[1, 3, 8, 15, 16]
[1, 2, 8, 12, 21]
[2, 4, 5, 20]
[1, 5, 6, 11, 23]
[1, 2, 9, 11, 13]
[2, 3, 6, 12]
[2, 3, 5, 25]
[2, 4, 6, 10, 24]
[1, 2, 7, 15, 22]
[1, 3, 7, 10, 24]
[1, 4, 8, 10, 11]
[3, 4, 6, 13, 17]
[1, 4, 7, 9, 19]
[16, 17, 18, 19, 20, 21, 22, 23, 24, 25, 26, 27, 28]


5
process id 6
stats
5, 15, 7, 100, 1000
20220818-033344
loosing coalitions taken
[1, 4, 7, 9, 17]
[1, 3, 7, 10, 23]
[1, 2, 9, 12, 13]
[1, 2, 7, 11, 25]
[1, 2, 8, 15, 17]
[2, 3, 6, 14]
[1, 3, 8, 9, 20]
[1, 5, 6, 10, 26]
[2, 4, 5, 17]
[3, 4, 6, 10, 20]
[2, 4, 6, 11, 24]
[3, 4, 5, 16]
[2, 3, 5, 22]
[1, 4, 8, 10, 12]
[16, 17, 18, 19, 20, 21, 22, 23, 24, 25, 26, 27, 28]


6
process id 7
stats
5, 15, 7, 100, 1000
20220818-033345
loosing coalitions taken
[1, 2, 7, 11, 26]
[1, 3, 7, 15, 21]
[1, 2, 9, 10, 14]
[1, 5, 6, 11, 23]
[2, 3, 6, 13]
[1, 4, 7, 10, 18]
[3, 4, 5, 18, 26]
[1, 3, 8, 11, 18]
[2, 4, 6, 9, 25]
[2, 4, 5, 19]
[3, 4, 6, 14, 19]
[2, 3, 5, 23]
[2, 3, 7, 8, 10]
[1, 4, 8, 9, 12]
[16, 17, 18, 19, 20, 21, 22, 23, 24, 25, 26, 27, 28]


5
process id 4
stats
5, 15, 7, 100, 1000
20220818-033345
loosing coalitions taken
[1, 5, 6, 12, 24]
[2, 4, 5, 20]
[1, 2, 10, 12, 14]
[1, 4, 8, 10, 15]
[1, 2, 7, 17, 18]
[1, 4, 7, 9, 19]
[1, 3, 8, 14, 16]
[2, 4, 6, 11, 24]
[3, 4, 6, 14, 17]
[1, 3, 7, 12, 22]
[2, 3, 5, 22]
[3, 4, 5, 15]
[2, 3, 6, 12, 26]
[2, 3, 7, 8, 9]
[16, 17, 18, 19, 20, 21, 22, 23, 24, 25, 26, 27, 28]


6
process id 1
stats
5, 15, 7, 100, 1000
20220818-033346
loosing coalitions taken
[2, 4, 5, 20]
[1, 2, 7, 17, 18]
[1, 3, 7, 15, 21]
[1, 5, 6, 11, 25]
[1, 4, 7, 13, 16]
[1, 4, 8, 12, 14]
[1, 3, 8, 11, 19]
[3, 4, 6, 11, 18]
[3, 4, 5, 16]
[1, 2, 8, 15, 16]
[2, 3, 5, 24]
[2, 3, 6, 14]
[2, 4, 6, 13, 22]
[1, 2, 9, 12, 13]
[16, 17, 18, 19, 20, 21, 22, 23, 24, 25, 26, 27, 28]


6
process id 7
stats
5, 15, 7, 100, 1000
20220818-033347
loosing coalitions taken
[1, 5, 6, 11, 23]
[1, 2, 8, 15, 17]
[1, 3, 9, 10, 12]
[1, 4, 7, 9, 19]
[1, 2, 7, 11, 25]
[1, 3, 7, 15, 21]
[2, 3, 6, 13]
[1, 4, 8, 13, 14]
[1, 3, 8, 11, 18]
[2, 3, 5, 26, 28]
[2, 4, 5, 20]
[3, 4, 5, 19, 23]
[2, 4, 6, 16, 18]
[3, 4, 6, 15, 17]
[16, 17, 18, 19, 20, 21, 22, 23, 24, 25, 26, 27, 28]


5
process id 6
stats
5, 15, 7, 100, 1000
20220818-033348
loosing coalitions taken
[1, 3, 8, 9, 20]
[1, 2, 8, 14, 19]
[1, 5, 6, 10, 25]
[1, 2, 7, 12, 26]
[2, 3, 6, 13]
[1, 4, 8, 10, 13]
[2, 4, 5, 20]
[1, 3, 7, 11, 22]
[2, 3, 5, 23]
[2, 4, 6, 9, 22]
[1, 2, 9, 11, 13]
[1, 4, 7, 9, 17]
[3, 4, 6, 10, 19]
[3, 4, 5, 15]
[16, 17, 18, 19, 20, 21, 22, 23, 24, 25, 26, 27, 28]


6
process id 2
stats
5, 15, 7, 100, 1000
20220818-033349
loosing coalitions taken
[1, 3, 8, 10, 19]
[1, 2, 10, 12, 13]
[2, 3, 6, 15, 27]
[3, 4, 6, 13, 20]
[1, 4, 8, 11, 13]
[3, 4, 5, 19, 24]
[2, 4, 5, 18, 26]
[2, 3, 5, 23]
[1, 2, 7, 15, 22]
[1, 3, 7, 13, 21]
[1, 5, 6, 10, 26]
[1, 4, 7, 9, 18]
[1, 2, 8, 9, 21]
[2, 4, 6, 16, 19]
[16, 17, 18, 19, 20, 21, 22, 23, 24, 25, 26, 27, 28]


6
process id 4
stats
5, 15, 7, 100, 1000
20220818-033349
loosing coalitions taken
[1, 3, 9, 10, 11]
[2, 4, 5, 22, 23]
[3, 4, 5, 17, 27]
[2, 3, 6, 11, 28]
[2, 3, 5, 24]
[1, 2, 9, 12, 13]
[2, 4, 6, 13, 20]
[1, 5, 6, 14, 22]
[1, 2, 7, 16, 18]
[1, 3, 8, 12, 17]
[1, 4, 7, 14, 15]
[1, 3, 7, 13, 22]
[1, 2, 8, 14, 19]
[3, 4, 6, 15, 16]
[16, 17, 18, 19, 20, 21, 22, 23, 24, 25, 26, 27, 28]


6
process id 6
stats
5, 15, 7, 100, 1000
20220818-033352
loosing coalitions taken
[1, 4, 8, 13, 14]
[3, 4, 6, 9, 22]
[3, 4, 5, 17, 27]
[2, 4, 6, 16, 17]
[2, 3, 6, 12]
[2, 4, 5, 19]
[1, 3, 8, 15, 16]
[1, 3, 7, 12, 21]
[1, 2, 7, 9]
[1, 2, 8, 10, 17]
[2, 3, 5, 26, 28]
[1, 5, 6, 15, 20]
[1, 3, 9, 10, 11]
[1, 4, 7, 10, 18]
[16, 17, 18, 19, 20, 21, 22, 23, 24, 25, 26, 27, 28]


6
process id 0
stats
5, 15, 7, 100, 1000
20220818-033352
loosing coalitions taken
[1, 2, 7, 10, 27]
[1, 4, 7, 11, 17]
[1, 2, 8, 11, 21]
[1, 5, 6, 12, 24]
[1, 2, 9, 12, 14]
[3, 4, 5, 20, 23]
[1, 3, 7, 14, 22]
[2, 4, 5, 21, 28]
[2, 3, 6, 18, 19]
[2, 3, 5, 22]
[2, 4, 6, 12, 22]
[1, 4, 8, 9, 13]
[2, 3, 7, 8, 9]
[3, 4, 6, 15, 16]
[16, 17, 18, 19, 20, 21, 22, 23, 24, 25, 26, 27, 28]


6
process id 3
stats
5, 15, 7, 100, 1000
20220818-033353
loosing coalitions taken
[2, 3, 6, 15, 27]
[1, 2, 9, 11, 14]
[3, 4, 5, 20, 23]
[1, 5, 6, 11, 25]
[1, 2, 10, 12, 13]
[2, 4, 6, 14, 22]
[1, 2, 7, 16, 20]
[1, 4, 7, 11, 17]
[1, 3, 8, 9, 18]
[1, 4, 8, 12, 14]
[3, 4, 6, 9, 21]
[2, 4, 5, 17, 27]
[2, 3, 5, 25]
[1, 3, 7, 13, 21]
[16, 17, 18, 19, 20, 21, 22, 23, 24, 25, 26, 27, 28]


6
process id 4
stats
5, 15, 7, 100, 1000
20220818-033353
loosing coalitions taken
[1, 5, 6, 13, 24]
[2, 3, 5, 25]
[3, 4, 6, 15, 17]
[1, 2, 8, 13, 19]
[1, 3, 7, 11, 22]
[1, 2, 7, 17, 18]
[1, 2, 9, 11, 12]
[2, 4, 6, 10, 23]
[1, 4, 8, 10, 12]
[2, 4, 5, 21, 26]
[2, 3, 6, 11]
[3, 4, 5, 16, 27]
[1, 4, 7, 14, 16]
[1, 3, 8, 9, 17]
[16, 17, 18, 19, 20, 21, 22, 23, 24, 25, 26, 27, 28]


5
process id 5
stats
5, 15, 7, 100, 1000
20220818-033355
loosing coalitions taken
[1, 5, 6, 12, 24]
[1, 2, 9, 12, 14]
[1, 4, 7, 8]
[2, 4, 5, 18]
[1, 2, 8, 13, 18]
[2, 4, 6, 15, 19]
[3, 4, 5, 17, 27]
[1, 3, 8, 12, 17]
[2, 3, 6, 11]
[3, 5, 6, 7, 13]
[2, 3, 5, 25]
[1, 3, 9, 10, 11]
[1, 2, 7, 10, 23]
[3, 4, 6, 9, 20]
[16, 17, 18, 19, 20, 21, 22, 23, 24, 25, 26, 27, 28]


6
process id 2
stats
5, 15, 7, 100, 1000
20220818-033355
loosing coalitions taken
[1, 4, 8, 9, 15]
[3, 4, 5, 19, 26]
[1, 3, 7, 15, 20]
[1, 3, 8, 12, 19]
[1, 3, 9, 10, 11]
[1, 4, 7, 10, 17]
[1, 5, 6, 12, 23]
[1, 2, 8, 14, 17]
[2, 4, 5, 17, 27]
[2, 3, 6, 13, 26]
[3, 4, 6, 9, 20]
[1, 2, 7, 9]
[2, 3, 5, 23]
[2, 4, 6, 11, 22]
[16, 17, 18, 19, 20, 21, 22, 23, 24, 25, 26, 27, 28]


6
process id 3
stats
5, 15, 7, 100, 1000
20220818-033356
loosing coalitions taken
[1, 2, 7, 17, 19]
[1, 3, 7, 15, 20]
[1, 2, 10, 11, 13]
[2, 3, 6, 14]
[2, 4, 5, 20]
[1, 2, 8, 12, 21]
[1, 3, 8, 11, 18]
[1, 4, 8, 9, 13]
[3, 4, 5, 15]
[2, 3, 5, 27, 28]
[1, 5, 6, 15, 21]
[2, 4, 6, 10, 22]
[1, 3, 9, 10, 12]
[3, 4, 6, 13, 20]
[16, 17, 18, 19, 20, 21, 22, 23, 24, 25, 26, 27, 28]


6
process id 6
stats
5, 15, 7, 100, 1000
20220818-033356
loosing coalitions taken
[1, 5, 6, 12, 24]
[1, 3, 7, 16, 19]
[2, 3, 6, 14]
[2, 4, 5, 21, 27]
[1, 4, 8, 12, 14]
[2, 3, 5, 24]
[2, 4, 6, 9, 24]
[1, 2, 9, 11, 12]
[1, 4, 7, 10, 18]
[1, 3, 8, 11, 17]
[3, 4, 5, 16]
[1, 2, 8, 13, 18]
[3, 4, 6, 10, 21]
[1, 2, 7, 15, 20]
[16, 17, 18, 19, 20, 21, 22, 23, 24, 25, 26, 27, 28]


6
process id 7
stats
5, 15, 7, 100, 1000
20220818-033357
loosing coalitions taken
[2, 3, 5, 25]
[2, 4, 6, 16, 19]
[1, 5, 6, 11, 23]
[1, 3, 7, 16, 19]
[1, 4, 7, 9, 18]
[3, 4, 6, 14, 18]
[1, 2, 10, 11, 12]
[1, 2, 8, 9, 21]
[2, 4, 5, 20]
[2, 3, 6, 13]
[3, 4, 5, 16]
[1, 3, 8, 11, 18]
[1, 2, 7, 14, 23]
[1, 4, 8, 10, 14]
[16, 17, 18, 19, 20, 21, 22, 23, 24, 25, 26, 27, 28]


5
process id 5
stats
5, 15, 7, 100, 1000
20220818-033358
loosing coalitions taken
[1, 5, 6, 13, 23]
[1, 2, 8, 9, 22]
[1, 3, 8, 12, 17]
[2, 4, 5, 20]
[1, 4, 8, 10, 15]
[1, 3, 9, 10, 11]
[1, 3, 7, 13, 20]
[2, 3, 6, 12]
[3, 4, 6, 13, 19]
[3, 4, 5, 16]
[2, 3, 5, 23]
[2, 4, 6, 9, 25]
[1, 4, 7, 9, 18]
[1, 2, 7, 10, 27]
[16, 17, 18, 19, 20, 21, 22, 23, 24, 25, 26, 27, 28]


5
process id 3
stats
5, 15, 7, 100, 1000
20220818-033359
loosing coalitions taken
[1, 2, 8, 11, 20]
[1, 4, 7, 10, 17]
[2, 4, 6, 14, 22]
[1, 2, 9, 12, 14]
[1, 3, 8, 12, 19]
[3, 4, 5, 16]
[1, 3, 7, 14, 21]
[1, 5, 6, 12, 22]
[3, 4, 6, 13, 17]
[2, 4, 5, 18]
[2, 3, 5, 22]
[2, 3, 6, 18, 20]
[1, 2, 7, 16, 18]
[1, 4, 8, 13, 14]
[16, 17, 18, 19, 20, 21, 22, 23, 24, 25, 26, 27, 28]


6
process id 1
stats
5, 15, 7, 100, 1000
20220818-033401
loosing coalitions taken
[1, 3, 8, 12, 19]
[1, 5, 6, 13, 23]
[1, 2, 8, 11, 21]
[1, 2, 9, 12, 14]
[1, 2, 7, 10, 27]
[1, 3, 7, 15, 20]
[2, 4, 5, 20]
[1, 4, 7, 11, 17]
[2, 3, 6, 12]
[3, 4, 5, 16]
[2, 3, 5, 25]
[2, 4, 6, 10, 24]
[1, 4, 8, 9, 15]
[3, 4, 6, 13, 17]
[16, 17, 18, 19, 20, 21, 22, 23, 24, 25, 26, 27, 28]


5
process id 6
stats
5, 15, 7, 100, 1000
20220818-033402
loosing coalitions taken
[2, 3, 6, 14]
[1, 5, 6, 12, 23]
[2, 4, 5, 18]
[1, 3, 8, 11, 19]
[1, 4, 7, 10, 17]
[2, 3, 5, 23]
[3, 4, 5, 20, 22]
[1, 3, 7, 13, 21]
[1, 2, 7, 9]
[3, 4, 6, 12, 19]
[1, 2, 10, 11, 13]
[1, 4, 8, 12, 13]
[2, 4, 6, 13, 20]
[2, 3, 7, 8, 10]
[16, 17, 18, 19, 20, 21, 22, 23, 24, 25, 26, 27, 28]


6
process id 1
stats
5, 15, 7, 100, 1000
20220818-033403
loosing coalitions taken
[1, 4, 7, 10, 18]
[1, 2, 8, 14, 18]
[1, 2, 7, 9]
[2, 3, 5, 24]
[1, 3, 8, 15, 16]
[1, 5, 6, 16, 17]
[2, 4, 5, 20]
[1, 3, 7, 11, 21]
[2, 3, 6, 10]
[3, 4, 5, 15]
[2, 4, 6, 11, 22]
[3, 4, 6, 12, 21]
[1, 2, 10, 11, 12]
[1, 4, 8, 9, 13]
[16, 17, 18, 19, 20, 21, 22, 23, 24, 25, 26, 27, 28]


6
process id 3
stats
5, 15, 7, 100, 1000
20220818-033404
loosing coalitions taken
[2, 3, 5, 25]
[1, 2, 10, 12, 14]
[1, 3, 8, 9, 19]
[1, 4, 7, 10, 17]
[1, 5, 6, 13, 24]
[3, 4, 6, 11, 21]
[1, 2, 8, 15, 17]
[1, 2, 7, 9]
[2, 4, 6, 12, 23]
[3, 4, 5, 15]
[2, 4, 5, 18]
[1, 4, 8, 13, 14]
[2, 3, 6, 15, 24]
[1, 3, 7, 12, 20]
[16, 17, 18, 19, 20, 21, 22, 23, 24, 25, 26, 27, 28]


5
process id 7
stats
5, 15, 7, 100, 1000
20220818-033405
loosing coalitions taken
[1, 5, 6, 11, 24]
[2, 4, 6, 9, 24]
[1, 4, 7, 9, 18]
[1, 3, 8, 10, 17]
[1, 2, 10, 12, 13]
[2, 4, 5, 20]
[1, 4, 8, 12, 14]
[1, 3, 7, 15, 21]
[2, 3, 6, 14]
[2, 3, 5, 25]
[1, 2, 7, 17, 19]
[3, 4, 5, 19, 24]
[1, 2, 9, 11, 14]
[3, 4, 6, 13, 21]
[16, 17, 18, 19, 20, 21, 22, 23, 24, 25, 26, 27, 28]


6
process id 6
stats
5, 15, 7, 100, 1000
20220818-033408
loosing coalitions taken
[2, 4, 5, 17]
[1, 2, 7, 16, 20]
[1, 2, 9, 10, 14]
[1, 5, 6, 11, 23]
[1, 3, 8, 14, 16]
[1, 4, 8, 11, 13]
[1, 4, 7, 10, 18]
[3, 4, 6, 9, 21]
[1, 3, 7, 9, 24]
[2, 3, 5, 23, 28]
[2, 3, 6, 19, 20]
[3, 4, 5, 16]
[2, 4, 6, 13, 22]
[1, 2, 8, 12, 21]
[16, 17, 18, 19, 20, 21, 22, 23, 24, 25, 26, 27, 28]


6
process id 1
stats
5, 15, 7, 100, 1000
20220818-033410
loosing coalitions taken
[1, 2, 8, 15, 17]
[1, 5, 6, 16, 18]
[1, 4, 8, 13, 14]
[1, 4, 7, 9, 17]
[1, 2, 9, 11, 14]
[2, 3, 6, 13]
[3, 4, 5, 19, 26]
[1, 2, 7, 16, 20]
[1, 3, 7, 11, 22]
[2, 3, 5, 25]
[2, 4, 6, 9, 23]
[3, 4, 6, 14, 18]
[2, 4, 5, 17]
[1, 3, 8, 12, 16]
[16, 17, 18, 19, 20, 21, 22, 23, 24, 25, 26, 27, 28]


6
process id 4
stats
5, 15, 7, 100, 1000
20220818-033410
loosing coalitions taken
[1, 4, 8, 13, 14]
[1, 3, 8, 11, 18]
[1, 2, 7, 9]
[1, 5, 6, 10, 25]
[3, 4, 6, 11, 20]
[3, 4, 5, 18, 25]
[2, 3, 6, 14]
[2, 4, 5, 20, 28]
[1, 4, 7, 10, 17]
[1, 3, 7, 13, 21]
[2, 3, 5, 22]
[1, 2, 8, 15, 16]
[1, 3, 9, 10, 12]
[2, 4, 6, 9, 23]
[16, 17, 18, 19, 20, 21, 22, 23, 24, 25, 26, 27, 28]


6
process id 2
stats
5, 15, 7, 100, 1000
20220818-033411
loosing coalitions taken
[1, 5, 6, 13, 24]
[2, 3, 6, 16, 23]
[1, 4, 7, 14, 16]
[3, 4, 6, 15, 17]
[2, 4, 6, 14, 21]
[2, 4, 5, 18]
[1, 2, 8, 14, 20]
[1, 3, 9, 10, 12]
[1, 3, 7, 13, 21]
[1, 4, 8, 12, 13]
[2, 3, 5, 26, 27]
[1, 2, 7, 9, 24]
[3, 4, 5, 21, 24]
[2, 3, 7, 8, 10]
[16, 17, 18, 19, 20, 21, 22, 23, 24, 25, 26, 27, 28]


6
process id 3
stats
5, 15, 7, 100, 1000
20220818-033411
loosing coalitions taken
[1, 3, 9, 10, 12]
[2, 3, 5, 23, 28]
[1, 5, 6, 12, 22]
[1, 2, 9, 11, 13]
[2, 4, 5, 18]
[2, 4, 6, 13, 20]
[2, 3, 6, 10]
[1, 2, 7, 16, 21]
[3, 4, 5, 15]
[1, 3, 8, 14, 15]
[1, 4, 8, 10, 11]
[3, 4, 6, 9, 22]
[1, 4, 7, 9, 18]
[1, 2, 8, 12, 20]
[16, 17, 18, 19, 20, 21, 22, 23, 24, 25, 26, 27, 28]


6
process id 5
stats
5, 15, 7, 100, 1000
20220818-033411
loosing coalitions taken
[1, 4, 8, 10, 15]
[1, 3, 8, 9, 19]
[1, 2, 9, 12, 14]
[1, 2, 7, 11, 26]
[1, 5, 6, 13, 23]
[2, 3, 6, 14]
[2, 4, 6, 11, 24]
[2, 4, 5, 22, 23]
[3, 4, 5, 17, 26]
[2, 3, 5, 25]
[1, 2, 8, 13, 17]
[2, 3, 7, 8, 10]
[1, 3, 7, 13, 22]
[3, 4, 6, 9, 21]
[16, 17, 18, 19, 20, 21, 22, 23, 24, 25, 26, 27, 28]


5
process id 7
stats
5, 15, 7, 100, 1000
20220818-033411
loosing coalitions taken
[2, 4, 6, 12, 22]
[1, 3, 8, 12, 18]
[1, 5, 6, 11, 23]
[1, 2, 7, 11, 26]
[2, 3, 7, 8, 9]
[2, 3, 6, 14]
[1, 4, 8, 13, 14]
[2, 4, 5, 18]
[1, 3, 9, 10, 11]
[2, 3, 5, 25]
[3, 4, 5, 15]
[1, 3, 7, 15, 17]
[3, 4, 6, 13, 20]
[1, 4, 7, 10, 19]
[16, 17, 18, 19, 20, 21, 22, 23, 24, 25, 26, 27, 28]


6
process id 6
stats
5, 15, 7, 100, 1000
20220818-033412
loosing coalitions taken
[1, 4, 7, 10, 17]
[1, 2, 7, 16, 20]
[2, 4, 6, 9, 24]
[1, 5, 6, 12, 23]
[1, 3, 8, 10, 19]
[1, 3, 7, 14, 22]
[1, 4, 8, 12, 13]
[1, 2, 8, 9, 22]
[2, 3, 5, 25, 27]
[2, 3, 6, 13]
[2, 4, 5, 20]
[3, 4, 5, 15]
[3, 4, 6, 10, 21]
[1, 2, 10, 11, 13]
[16, 17, 18, 19, 20, 21, 22, 23, 24, 25, 26, 27, 28]


6
process id 5
stats
5, 15, 7, 100, 1000
20220818-033413
loosing coalitions taken
[3, 4, 5, 19, 26]
[1, 4, 8, 10, 15]
[1, 3, 8, 11, 18]
[1, 2, 7, 9]
[2, 4, 5, 20]
[1, 5, 6, 12, 22]
[2, 4, 6, 13, 21]
[1, 3, 7, 14, 21]
[3, 4, 6, 9, 22]
[1, 2, 10, 11, 12]
[1, 2, 8, 13, 17]
[2, 3, 6, 12, 28]
[2, 3, 5, 25]
[1, 4, 7, 11, 17]
[16, 17, 18, 19, 20, 21, 22, 23, 24, 25, 26, 27, 28]


5
process id 7
stats
5, 15, 7, 100, 1000
20220818-033414
loosing coalitions taken
[1, 5, 6, 13, 22]
[1, 4, 8, 11, 14]
[3, 4, 6, 9, 22]
[1, 3, 8, 15, 16]
[2, 4, 6, 10, 24]
[1, 2, 7, 13, 25]
[3, 4, 5, 17, 24]
[2, 3, 6, 13]
[2, 4, 5, 18]
[1, 3, 9, 10, 11]
[1, 2, 10, 12, 14]
[1, 3, 7, 12, 21]
[1, 4, 7, 9, 16]
[1, 2, 8, 9, 20]
[16, 17, 18, 19, 20, 21, 22, 23, 24, 25, 26, 27, 28]


6
process id 4
stats
5, 15, 7, 100, 1000
20220818-033414
loosing coalitions taken
[1, 3, 7, 14, 22]
[1, 5, 6, 11, 25]
[1, 4, 7, 8]
[1, 2, 10, 11, 13]
[3, 4, 5, 16, 27]
[1, 2, 7, 9]
[2, 3, 6, 10]
[2, 4, 5, 20]
[2, 3, 5, 24]
[1, 3, 8, 15, 16]
[3, 4, 6, 12, 20]
[1, 2, 8, 12, 20]
[1, 3, 9, 10, 12]
[2, 4, 6, 11, 22]
[16, 17, 18, 19, 20, 21, 22, 23, 24, 25, 26, 27, 28]


6
process id 1
stats
5, 15, 7, 100, 1000
20220818-033416
loosing coalitions taken
[2, 4, 5, 20]
[1, 2, 10, 11, 14]
[3, 5, 6, 7, 15]
[1, 4, 8, 10, 15]
[1, 3, 8, 12, 17]
[1, 5, 6, 16, 18]
[2, 3, 6, 13]
[1, 2, 7, 12, 26]
[1, 4, 7, 9, 17]
[1, 2, 8, 9, 21]
[2, 3, 5, 23, 26]
[3, 4, 6, 12, 21]
[2, 4, 6, 14, 22]
[3, 4, 5, 16]
[16, 17, 18, 19, 20, 21, 22, 23, 24, 25, 26, 27, 28]


6
process id 0
stats
5, 15, 7, 100, 1000
20220818-033416
loosing coalitions taken
[2, 4, 5, 20]
[3, 4, 6, 15, 17]
[1, 3, 8, 9, 20]
[1, 4, 8, 10, 15]
[1, 5, 6, 12, 23]
[1, 2, 10, 11, 14]
[1, 3, 7, 11, 22]
[2, 3, 6, 12]
[2, 3, 5, 25]
[1, 4, 7, 14, 16]
[3, 4, 5, 16]
[2, 3, 7, 8, 10]
[2, 4, 6, 10, 23]
[1, 2, 7, 13, 25]
[16, 17, 18, 19, 20, 21, 22, 23, 24, 25, 26, 27, 28]


5
process id 5
stats
5, 15, 7, 100, 1000
20220818-033417
loosing coalitions taken
[1, 3, 7, 16, 19]
[1, 4, 7, 10, 18]
[1, 2, 10, 11, 13]
[1, 2, 8, 14, 20]
[1, 2, 7, 9]
[2, 4, 5, 20]
[1, 5, 6, 13, 21]
[3, 4, 6, 11, 21]
[2, 4, 6, 16, 19]
[3, 4, 5, 16]
[2, 3, 6, 9]
[1, 3, 8, 11, 17]
[2, 3, 5, 25]
[1, 4, 8, 9, 13]
[16, 17, 18, 19, 20, 21, 22, 23, 24, 25, 26, 27, 28]


6
process id 3
stats
5, 15, 7, 100, 1000
20220818-033419
loosing coalitions taken
[1, 2, 7, 13, 25]
[3, 4, 6, 9, 22]
[1, 3, 7, 15, 21]
[1, 4, 7, 10, 19]
[1, 2, 8, 12, 21]
[2, 4, 5, 20]
[1, 4, 8, 13, 14]
[1, 2, 9, 10, 14]
[2, 3, 7, 8, 10]
[1, 5, 6, 11, 24]
[1, 3, 8, 11, 16]
[2, 3, 6, 13, 28]
[3, 4, 5, 15]
[2, 4, 6, 11, 21]
[16, 17, 18, 19, 20, 21, 22, 23, 24, 25, 26, 27, 28]


6
process id 4
stats
5, 15, 7, 100, 1000
20220818-033420
loosing coalitions taken
[1, 4, 8, 13, 14]
[1, 2, 7, 11, 27]
[1, 3, 9, 10, 11]
[1, 3, 8, 12, 17]
[2, 3, 6, 12]
[3, 4, 5, 18, 25]
[2, 4, 5, 17]
[1, 2, 8, 10, 20]
[1, 4, 7, 10, 18]
[2, 3, 5, 23]
[2, 4, 6, 16, 18]
[1, 5, 6, 16, 17]
[3, 4, 6, 13, 19]
[2, 3, 7, 8, 9]
[16, 17, 18, 19, 20, 21, 22, 23, 24, 25, 26, 27, 28]


5
process id 0
stats
5, 15, 7, 100, 1000
20220818-033421
loosing coalitions taken
[1, 2, 7, 13, 25]
[1, 3, 9, 10, 11]
[1, 5, 6, 15, 21]
[2, 4, 5, 22, 24]
[1, 3, 7, 15, 20]
[1, 3, 8, 12, 17]
[1, 4, 7, 9, 17]
[1, 2, 8, 10, 19]
[2, 3, 5, 25]
[3, 4, 5, 15]
[2, 4, 6, 11, 23]
[2, 3, 6, 17, 21]
[3, 4, 6, 12, 19]
[1, 4, 8, 11, 13]
[16, 17, 18, 19, 20, 21, 22, 23, 24, 25, 26, 27, 28]


6
process id 1
stats
5, 15, 7, 100, 1000
20220818-033423
loosing coalitions taken
[1, 5, 6, 11, 24]
[2, 3, 6, 13]
[1, 4, 8, 12, 14]
[1, 2, 7, 9]
[2, 3, 5, 24, 28]
[2, 4, 5, 18]
[2, 4, 6, 9, 24]
[3, 4, 6, 10, 21]
[1, 3, 7, 10, 23]
[1, 4, 7, 11, 16]
[3, 4, 5, 16]
[1, 3, 8, 9, 19]
[1, 2, 10, 11, 14]
[1, 2, 8, 13, 20]
[16, 17, 18, 19, 20, 21, 22, 23, 24, 25, 26, 27, 28]


6
process id 7
stats
5, 15, 7, 100, 1000
20220818-033424
loosing coalitions taken
[1, 2, 10, 11, 13]
[2, 4, 5, 20, 27]
[1, 3, 7, 16, 17]
[1, 4, 8, 12, 14]
[1, 3, 8, 11, 18]
[2, 4, 6, 15, 19]
[3, 4, 5, 17, 28]
[1, 2, 8, 9, 20]
[1, 4, 7, 9, 19]
[1, 2, 7, 12, 25]
[2, 3, 6, 14, 26]
[2, 3, 5, 23]
[3, 4, 6, 9, 21]
[1, 5, 6, 16, 18]
[16, 17, 18, 19, 20, 21, 22, 23, 24, 25, 26, 27, 28]


6
process id 4
stats
5, 15, 7, 100, 1000
20220818-033425
loosing coalitions taken
[1, 3, 8, 11, 17]
[1, 4, 8, 12, 14]
[1, 4, 7, 9, 19]
[1, 2, 9, 11, 14]
[2, 4, 6, 9, 24]
[1, 5, 6, 13, 23]
[1, 2, 8, 13, 20]
[1, 3, 7, 16, 18]
[1, 2, 7, 15, 22]
[2, 4, 5, 17]
[2, 3, 5, 25, 28]
[2, 3, 6, 11]
[3, 4, 5, 15]
[3, 4, 6, 14, 18]
[16, 17, 18, 19, 20, 21, 22, 23, 24, 25, 26, 27, 28]


6
process id 0
stats
5, 15, 7, 100, 1000
20220818-033426
loosing coalitions taken
[3, 4, 5, 17, 26]
[1, 5, 6, 11, 23]
[1, 2, 9, 12, 13]
[1, 3, 8, 15, 16]
[1, 4, 7, 13, 16]
[1, 3, 9, 10, 11]
[2, 4, 6, 15, 21]
[1, 2, 7, 10, 26]
[1, 2, 8, 11, 21]
[3, 4, 6, 12, 20]
[1, 4, 8, 10, 12]
[1, 3, 7, 14, 21]
[2, 4, 5, 18]
[2, 3, 6, 11, 27]
[16, 17, 18, 19, 20, 21, 22, 23, 24, 25, 26, 27, 28]


6
process id 1
stats
5, 15, 7, 100, 1000
20220818-033426
loosing coalitions taken
[1, 2, 8, 14, 18]
[1, 4, 7, 9, 19]
[1, 3, 8, 12, 17]
[1, 3, 9, 10, 11]
[1, 5, 6, 16, 20]
[1, 3, 7, 13, 22]
[2, 3, 6, 15, 26]
[2, 3, 7, 8, 10]
[3, 4, 6, 13, 20]
[2, 4, 6, 16, 19]
[1, 4, 8, 10, 15]
[3, 4, 5, 18, 25]
[2, 3, 5, 24]
[1, 2, 7, 16, 21]
[16, 17, 18, 19, 20, 21, 22, 23, 24, 25, 26, 27, 28]


6
process id 3
stats
5, 15, 7, 100, 1000
20220818-033427
loosing coalitions taken
[1, 5, 6, 12, 24]
[1, 4, 7, 14, 16]
[1, 2, 7, 10, 27]
[1, 2, 8, 11, 20]
[1, 3, 7, 11, 23]
[2, 3, 6, 14]
[2, 4, 5, 19]
[2, 4, 6, 13, 21]
[2, 3, 5, 22]
[1, 3, 8, 12, 16]
[3, 4, 5, 16]
[3, 4, 6, 9, 22]
[1, 2, 9, 12, 14]
[1, 4, 8, 9, 15]
[16, 17, 18, 19, 20, 21, 22, 23, 24, 25, 26, 27, 28]


5
process id 0
stats
5, 15, 7, 100, 1000
20220818-033430
loosing coalitions taken
[1, 5, 6, 12, 23]
[2, 3, 6, 14]
[1, 2, 7, 9]
[2, 4, 5, 20]
[3, 4, 6, 13, 21]
[1, 3, 7, 11, 23]
[3, 4, 5, 16]
[2, 3, 5, 23]
[1, 4, 8, 12, 13]
[1, 3, 8, 9, 20]
[2, 4, 6, 9, 25]
[2, 3, 7, 8, 10]
[1, 2, 10, 11, 12]
[1, 4, 7, 10, 16]
[16, 17, 18, 19, 20, 21, 22, 23, 24, 25, 26, 27, 28]


6
process id 3
stats
5, 15, 7, 100, 1000
20220818-033431
loosing coalitions taken
[1, 2, 7, 11, 27]
[1, 5, 6, 11, 25]
[1, 3, 7, 16, 17]
[2, 3, 5, 25]
[2, 4, 6, 10, 24]
[1, 3, 8, 11, 18]
[1, 2, 8, 15, 17]
[3, 4, 6, 13, 21]
[2, 3, 6, 11]
[2, 3, 7, 8, 9]
[1, 4, 8, 9, 14]
[1, 2, 10, 12, 14]
[3, 4, 5, 18, 24]
[2, 4, 5, 19, 26]
[16, 17, 18, 19, 20, 21, 22, 23, 24, 25, 26, 27, 28]


5
process id 3
stats
5, 15, 7, 100, 1000
20220818-033434
loosing coalitions taken
[1, 3, 7, 13, 22]
[1, 2, 10, 12, 13]
[1, 4, 8, 10, 15]
[3, 4, 6, 9, 22]
[1, 5, 6, 14, 22]
[2, 3, 6, 13]
[1, 2, 8, 11, 20]
[1, 2, 7, 14, 24]
[2, 3, 7, 8, 10]
[2, 3, 5, 25]
[2, 4, 5, 19]
[3, 4, 5, 16]
[1, 3, 8, 9, 18]
[1, 4, 7, 9, 17]
[16, 17, 18, 19, 20, 21, 22, 23, 24, 25, 26, 27, 28]


6
process id 1
stats
5, 15, 7, 100, 1000
20220818-033438
loosing coalitions taken
[1, 2, 7, 11, 26]
[2, 4, 5, 21, 28]
[1, 5, 6, 11, 24]
[2, 3, 6, 13]
[1, 2, 9, 12, 14]
[1, 4, 7, 9, 19]
[3, 4, 5, 18, 27]
[2, 3, 5, 25]
[1, 2, 8, 10, 21]
[1, 3, 7, 15, 20]
[3, 4, 6, 9, 21]
[2, 4, 6, 15, 19]
[1, 4, 8, 11, 12]
[1, 3, 8, 9, 18]
[16, 17, 18, 19, 20, 21, 22, 23, 24, 25, 26, 27, 28]


6
process id 5
stats
5, 15, 7, 100, 1000
20220818-033440
loosing coalitions taken
[1, 2, 8, 15, 17]
[1, 3, 8, 12, 19]
[1, 2, 10, 12, 14]
[1, 2, 7, 11, 27]
[3, 4, 6, 11, 21]
[2, 4, 5, 20]
[1, 3, 9, 10, 11]
[1, 3, 7, 15, 18]
[1, 4, 7, 8]
[3, 4, 5, 16]
[2, 3, 5, 24]
[2, 3, 6, 12]
[1, 5, 6, 16, 19]
[2, 4, 6, 9, 23]
[16, 17, 18, 19, 20, 21, 22, 23, 24, 25, 26, 27, 28]


7
process id 7
stats
5, 15, 7, 100, 1000
20220818-033440
loosing coalitions taken
[2, 3, 6, 16, 23]
[1, 2, 10, 11, 13]
[1, 3, 7, 15, 20]
[3, 4, 6, 11, 21]
[1, 4, 8, 12, 14]
[1, 2, 7, 9, 28]
[1, 4, 7, 10, 18]
[1, 5, 6, 13, 24]
[2, 4, 5, 19]
[3, 4, 5, 17, 27]
[2, 3, 5, 25, 26]
[1, 3, 8, 11, 19]
[2, 4, 6, 9, 25]
[1, 3, 9, 10, 12]
[16, 17, 18, 19, 20, 21, 22, 23, 24, 25, 26, 27, 28]


6
process id 4
stats
5, 15, 7, 100, 1000
20220818-033441
loosing coalitions taken
[3, 4, 6, 12, 20]
[1, 2, 10, 11, 14]
[1, 4, 7, 8]
[1, 3, 9, 10, 12]
[1, 5, 6, 15, 21]
[2, 3, 5, 25]
[1, 2, 7, 17, 18]
[2, 4, 5, 20, 24]
[3, 4, 5, 17, 26]
[2, 3, 6, 10]
[1, 2, 8, 13, 19]
[2, 4, 6, 15, 18]
[3, 5, 6, 7, 14]
[1, 3, 8, 15, 16]
[16, 17, 18, 19, 20, 21, 22, 23, 24, 25, 26, 27, 28]


5
process id 5
stats
5, 15, 7, 100, 1000
20220818-033442
loosing coalitions taken
[1, 2, 9, 11, 13]
[1, 2, 10, 12, 14]
[1, 2, 7, 16, 20]
[1, 3, 7, 9, 24]
[1, 3, 8, 11, 17]
[1, 4, 7, 10, 18]
[1, 5, 6, 14, 22]
[1, 4, 8, 9, 15]
[2, 3, 5, 23]
[2, 3, 6, 13]
[2, 4, 5, 17]
[2, 4, 6, 14, 21]
[3, 4, 5, 15]
[3, 4, 6, 12, 18]
[16, 17, 18, 19, 20, 21, 22, 23, 24, 25, 26, 27, 28]


6
process id 6
stats
5, 15, 7, 100, 1000
20220818-033445
loosing coalitions taken
[1, 2, 7, 10, 28]
[1, 3, 8, 12, 18]
[1, 4, 8, 13, 14]
[1, 5, 6, 11, 24]
[1, 2, 9, 12, 14]
[1, 4, 7, 9, 17]
[1, 3, 7, 11, 23]
[1, 2, 8, 11, 19]
[2, 3, 5, 25]
[2, 3, 6, 9]
[3, 4, 5, 15]
[2, 4, 6, 12, 23]
[2, 4, 5, 17]
[3, 4, 6, 13, 17]
[16, 17, 18, 19, 20, 21, 22, 23, 24, 25, 26, 27, 28]


6
process id 1
stats
5, 15, 7, 100, 1000
20220818-033448
loosing coalitions taken
[1, 4, 7, 10, 19]
[1, 5, 6, 15, 21]
[1, 3, 8, 10, 17]
[1, 2, 10, 11, 14]
[1, 3, 7, 12, 22]
[1, 2, 7, 9]
[1, 4, 8, 13, 14]
[2, 3, 5, 24]
[2, 3, 6, 11]
[2, 4, 6, 9, 23]
[2, 4, 5, 20, 25]
[3, 4, 5, 17, 26]
[1, 2, 8, 12, 21]
[3, 4, 6, 14, 18]
[16, 17, 18, 19, 20, 21, 22, 23, 24, 25, 26, 27, 28]


6
process id 3
stats
5, 15, 7, 100, 1000
20220818-033449
loosing coalitions taken
[1, 5, 6, 10, 26]
[1, 2, 10, 12, 13]
[1, 4, 8, 9, 15]
[2, 4, 6, 14, 22]
[1, 4, 7, 10, 18]
[1, 3, 8, 11, 18]
[2, 3, 6, 16, 23]
[1, 3, 7, 9, 24]
[1, 2, 9, 11, 14]
[3, 4, 6, 12, 21]
[2, 3, 5, 24, 27]
[2, 4, 5, 20]
[3, 4, 5, 16]
[1, 2, 7, 16, 19]
[16, 17, 18, 19, 20, 21, 22, 23, 24, 25, 26, 27, 28]


6
process id 4
stats
5, 15, 7, 100, 1000
20220818-033449
loosing coalitions taken
[1, 3, 7, 9, 24]
[1, 2, 10, 11, 13]
[1, 3, 8, 11, 19]
[1, 2, 8, 9, 22]
[3, 4, 5, 19, 25]
[1, 4, 8, 13, 14]
[1, 2, 7, 12, 26]
[2, 4, 5, 20]
[3, 4, 6, 10, 21]
[2, 3, 6, 14]
[2, 3, 5, 23, 27]
[2, 4, 6, 15, 18]
[1, 5, 6, 9, 23]
[3, 5, 6, 7, 11]
[16, 17, 18, 19, 20, 21, 22, 23, 24, 25, 26, 27, 28]


5
process id 1
stats
5, 15, 7, 100, 1000
20220818-033450
loosing coalitions taken
[1, 2, 10, 11, 13]
[1, 4, 7, 8]
[1, 5, 6, 16, 18]
[1, 3, 9, 10, 12]
[1, 3, 7, 14, 18]
[2, 4, 5, 20]
[2, 3, 6, 11]
[2, 3, 5, 25]
[3, 4, 5, 17, 23]
[1, 2, 7, 17, 19]
[3, 4, 6, 12, 21]
[1, 3, 8, 11, 16]
[2, 4, 6, 9, 25]
[1, 2, 8, 9, 20]
[16, 17, 18, 19, 20, 21, 22, 23, 24, 25, 26, 27, 28]


6
process id 2
stats
5, 15, 7, 100, 1000
20220818-033451
loosing coalitions taken
[1, 2, 7, 12, 26]
[1, 3, 7, 15, 21]
[1, 4, 7, 10, 17]
[1, 3, 8, 11, 17]
[2, 4, 6, 15, 20]
[1, 4, 8, 12, 14]
[1, 2, 9, 10, 14]
[3, 4, 5, 15]
[2, 3, 6, 9]
[2, 3, 5, 22]
[1, 5, 6, 11, 23]
[2, 4, 5, 19]
[1, 2, 8, 13, 18]
[3, 4, 6, 12, 21]
[16, 17, 18, 19, 20, 21, 22, 23, 24, 25, 26, 27, 28]


6
process id 7
stats
5, 15, 7, 100, 1000
20220818-033451
loosing coalitions taken
[2, 4, 5, 19]
[1, 5, 6, 16, 17]
[2, 3, 7, 8, 9]
[1, 2, 9, 12, 13]
[2, 3, 6, 13]
[1, 2, 7, 10, 27]
[1, 3, 7, 15, 21]
[1, 3, 8, 12, 18]
[2, 3, 5, 22]
[1, 4, 8, 11, 14]
[3, 4, 5, 15]
[1, 2, 8, 15, 16]
[2, 4, 6, 11, 24]
[1, 4, 7, 13, 16]
[16, 17, 18, 19, 20, 21, 22, 23, 24, 25, 26, 27, 28]


6
process id 0
stats
5, 15, 7, 100, 1000
20220818-033452
loosing coalitions taken
[2, 4, 6, 11, 24]
[1, 2, 8, 13, 17]
[1, 2, 10, 11, 14]
[2, 3, 5, 25]
[1, 4, 8, 10, 15]
[1, 4, 7, 12, 16]
[1, 3, 7, 10, 23]
[1, 2, 7, 9, 27]
[3, 4, 5, 17, 27]
[2, 3, 6, 10]
[1, 5, 6, 12, 23]
[2, 4, 5, 19, 28]
[3, 4, 6, 15, 16]
[1, 3, 8, 11, 18]
[16, 17, 18, 19, 20, 21, 22, 23, 24, 25, 26, 27, 28]


6
process id 2
stats
5, 15, 7, 100, 1000
20220818-033454
loosing coalitions taken
[1, 5, 6, 16, 19]
[1, 4, 8, 11, 13]
[1, 3, 8, 14, 16]
[1, 4, 7, 9, 17]
[3, 4, 6, 13, 18]
[2, 4, 5, 20]
[1, 2, 7, 11, 27]
[2, 3, 5, 25]
[1, 3, 7, 12, 22]
[3, 4, 5, 16]
[2, 4, 6, 9, 24]
[1, 2, 8, 10, 19]
[2, 3, 7, 8, 9]
[2, 3, 6, 14]
[16, 17, 18, 19, 20, 21, 22, 23, 24, 25, 26, 27, 28]


6
process id 2
stats
5, 15, 7, 100, 1000
20220818-033456
loosing coalitions taken
[1, 3, 7, 16, 17]
[1, 2, 10, 12, 14]
[1, 5, 6, 12, 24]
[2, 3, 6, 14]
[1, 2, 7, 9, 26]
[1, 4, 7, 8]
[2, 4, 6, 10, 22]
[2, 4, 5, 20]
[3, 4, 5, 16]
[3, 4, 6, 13, 20]
[1, 2, 8, 11, 21]
[1, 3, 9, 10, 11]
[2, 3, 5, 23]
[1, 3, 8, 14, 15]
[16, 17, 18, 19, 20, 21, 22, 23, 24, 25, 26, 27, 28]


6
process id 7
stats
5, 15, 7, 100, 1000
20220818-033457
loosing coalitions taken
[2, 3, 6, 13]
[1, 3, 8, 9, 19]
[1, 2, 7, 16, 21]
[1, 2, 10, 12, 14]
[1, 5, 6, 15, 21]
[2, 4, 5, 20]
[1, 3, 7, 11, 23]
[3, 4, 5, 15]
[2, 3, 5, 25]
[1, 4, 8, 10, 13]
[2, 4, 6, 16, 18]
[1, 4, 7, 9, 17]
[3, 4, 6, 14, 20]
[1, 2, 8, 11, 20]
[16, 17, 18, 19, 20, 21, 22, 23, 24, 25, 26, 27, 28]


6
process id 4
stats
5, 15, 7, 100, 1000
20220818-033457
loosing coalitions taken
[1, 2, 7, 12, 26]
[2, 4, 5, 17]
[1, 5, 6, 13, 23]
[1, 3, 8, 12, 18]
[1, 4, 8, 11, 13]
[2, 3, 6, 12]
[2, 3, 5, 25]
[3, 4, 6, 9, 21]
[2, 4, 6, 11, 22]
[1, 3, 7, 15, 21]
[3, 4, 5, 16]
[1, 2, 10, 11, 14]
[1, 2, 8, 9, 19]
[1, 4, 7, 10, 19]
[16, 17, 18, 19, 20, 21, 22, 23, 24, 25, 26, 27, 28]


6
process id 5
stats
5, 15, 7, 100, 1000
20220818-033457
loosing coalitions taken
[1, 5, 6, 11, 24]
[1, 2, 9, 11, 13]
[3, 4, 6, 15, 17]
[2, 4, 6, 9, 25]
[1, 3, 8, 11, 19]
[2, 3, 6, 16, 23]
[2, 4, 5, 20]
[1, 4, 7, 14, 16]
[1, 4, 8, 12, 13]
[1, 3, 7, 15, 21]
[1, 2, 7, 10, 23]
[3, 4, 5, 16]
[2, 3, 5, 22]
[1, 2, 8, 15, 17]
[16, 17, 18, 19, 20, 21, 22, 23, 24, 25, 26, 27, 28]


5
process id 5
stats
5, 15, 7, 100, 1000
20220818-033458
loosing coalitions taken
[1, 2, 9, 12, 13]
[1, 3, 9, 10, 11]
[1, 4, 7, 11, 17]
[1, 3, 8, 12, 18]
[2, 4, 5, 20]
[1, 5, 6, 13, 24]
[1, 2, 8, 14, 19]
[1, 3, 7, 14, 21]
[2, 3, 6, 11]
[1, 2, 7, 10, 26]
[2, 3, 5, 24, 26]
[3, 4, 5, 16]
[3, 4, 6, 12, 17]
[2, 4, 6, 9, 24]
[16, 17, 18, 19, 20, 21, 22, 23, 24, 25, 26, 27, 28]


6
process id 0
stats
5, 15, 7, 100, 1000
20220818-033459
loosing coalitions taken
[3, 4, 6, 13, 21]
[1, 2, 8, 11, 20]
[1, 2, 7, 9]
[2, 4, 5, 17]
[2, 3, 6, 14]
[1, 5, 6, 10, 24]
[1, 3, 7, 12, 22]
[1, 4, 7, 11, 17]
[2, 3, 5, 22]
[3, 4, 5, 16]
[2, 4, 6, 9, 24]
[1, 3, 8, 9, 17]
[2, 3, 7, 8, 10]
[1, 2, 10, 12, 13]
[16, 17, 18, 19, 20, 21, 22, 23, 24, 25, 26, 27, 28]


6
process id 4
stats
5, 15, 7, 100, 1000
20220818-033459
loosing coalitions taken
[2, 3, 6, 14]
[1, 3, 9, 10, 11]
[1, 5, 6, 12, 23]
[1, 2, 7, 12, 25]
[1, 3, 8, 15, 16]
[2, 4, 5, 22, 24]
[3, 4, 5, 21, 23]
[1, 4, 8, 12, 14]
[2, 3, 5, 25]
[1, 3, 7, 14, 19]
[1, 4, 7, 10, 18]
[2, 4, 6, 16, 17]
[1, 2, 8, 13, 20]
[3, 4, 6, 9, 20]
[16, 17, 18, 19, 20, 21, 22, 23, 24, 25, 26, 27, 28]


6
process id 6
stats
5, 15, 7, 100, 1000
20220818-033459
loosing coalitions taken
[1, 3, 7, 15, 21]
[1, 4, 7, 9, 19]
[1, 3, 9, 10, 12]
[3, 4, 6, 9, 22]
[1, 2, 7, 14, 24]
[1, 5, 6, 10, 25]
[1, 3, 8, 11, 19]
[3, 4, 5, 16]
[1, 4, 8, 13, 14]
[2, 3, 6, 19, 21]
[2, 4, 5, 18]
[1, 2, 8, 15, 16]
[2, 3, 5, 25, 27]
[2, 4, 6, 11, 24]
[16, 17, 18, 19, 20, 21, 22, 23, 24, 25, 26, 27, 28]


6
process id 7
stats
5, 15, 7, 100, 1000
20220818-033500
loosing coalitions taken
[1, 4, 7, 11, 17]
[1, 2, 8, 11, 21]
[2, 3, 7, 8, 9]
[2, 3, 6, 14]
[1, 2, 7, 10, 28]
[1, 4, 8, 12, 14]
[1, 5, 6, 13, 22]
[1, 2, 9, 12, 13]
[2, 3, 5, 23]
[2, 4, 5, 19]
[3, 4, 5, 20, 22]
[2, 4, 6, 16, 17]
[3, 4, 6, 11, 18]
[1, 3, 9, 10, 11]
[16, 17, 18, 19, 20, 21, 22, 23, 24, 25, 26, 27, 28]


