Results
15
0.63
0.615

5
process id 4
stats
5, 15, 7, 100, 1000
20220818-023551
loosing coalitions taken
[1, 2, 8, 10, 20]
[3, 4, 5, 17, 25]
[1, 3, 7, 14, 19]
[1, 2, 7, 15, 16]
[1, 3, 8, 9, 11]
[2, 4, 5, 20, 26]
[2, 3, 6, 9, 19]
[1, 3, 5, 26]
[1, 2, 9, 12, 13]
[2, 4, 6, 8, 24]
[3, 4, 6, 11, 15]
[1, 4, 6, 14, 28]
[1, 4, 7, 9, 17]
[2, 3, 4, 27]
[16, 17, 18, 19, 20, 21, 22, 23, 24, 25, 26, 27, 28]


5
process id 2
stats
5, 15, 7, 100, 1000
20220818-023648
loosing coalitions taken
[1, 5, 6, 16, 18]
[1, 3, 7, 13, 19]
[1, 2, 8, 10, 17]
[2, 4, 5, 16, 17]
[3, 4, 5, 21, 23]
[1, 4, 6, 22, 25]
[1, 3, 9, 10, 12]
[1, 4, 7, 10, 11]
[1, 3, 8, 14, 16]
[2, 3, 6, 7, 17]
[2, 4, 6, 13, 21]
[3, 4, 6, 8]
[2, 3, 5, 12, 27]
[1, 2, 7, 9, 26]
[16, 17, 18, 19, 20, 21, 22, 23, 24, 25, 26, 27, 28]


5
process id 6
stats
5, 15, 7, 100, 1000
20220818-023751
loosing coalitions taken
[2, 3, 6, 17, 20]
[1, 3, 7, 13, 19]
[2, 3, 7, 8, 10]
[3, 4, 5, 11, 27]
[2, 4, 5, 13, 18]
[1, 5, 6, 9, 22]
[1, 2, 8, 12, 17]
[2, 3, 5, 21]
[1, 3, 6, 27]
[1, 4, 8, 10, 11]
[1, 2, 9, 11, 14]
[1, 2, 7, 15, 16]
[2, 4, 6, 7]
[1, 4, 5, 25]
[16, 17, 18, 19, 20, 21, 22, 23, 24, 25, 26, 27, 28]


