Results
15
0.63
0.6174999999999999

6
process id 4
stats
5, 15, 7, 100, 1000
20220818-024021
loosing coalitions taken
[1, 4, 7, 10, 19]
[1, 3, 7, 13, 21]
[2, 4, 6, 9, 19]
[1, 2, 6, 23]
[1, 4, 8, 9, 13]
[1, 3, 8, 14, 15]
[1, 3, 9, 10, 12]
[3, 4, 6, 8, 24]
[1, 4, 5, 20]
[2, 3, 5, 25]
[2, 4, 5, 12]
[1, 2, 7, 11, 27]
[1, 5, 6, 16, 17]
[3, 4, 5, 16, 27]
[16, 17, 18, 19, 20, 21, 22, 23, 24, 25, 26, 27, 28]


5
process id 5
stats
5, 15, 7, 100, 1000
20220818-024153
loosing coalitions taken
[1, 4, 7, 14, 15]
[3, 4, 6, 9, 19]
[2, 3, 6, 14]
[1, 3, 8, 9, 17]
[1, 3, 7, 10, 21]
[1, 4, 6, 26, 28]
[1, 2, 10, 11, 13]
[1, 2, 7, 9]
[2, 4, 5, 13, 18]
[1, 3, 6, 18]
[1, 5, 6, 10, 25]
[3, 4, 5, 7, 25]
[2, 3, 5, 24]
[1, 4, 5, 22]
[16, 17, 18, 19, 20, 21, 22, 23, 24, 25, 26, 27, 28]


6
process id 7
stats
5, 15, 7, 100, 1000
20220818-024235
loosing coalitions taken
[1, 2, 8, 10, 21]
[1, 3, 8, 12, 16]
[3, 4, 6, 13, 18]
[1, 4, 8, 9, 15]
[1, 4, 7, 13, 16]
[2, 3, 6, 19, 21]
[2, 4, 5, 20, 22]
[1, 3, 6, 22]
[3, 4, 5, 19, 26]
[2, 4, 6, 15, 17]
[1, 3, 7, 10, 11]
[1, 2, 7, 9]
[1, 5, 6, 11, 23]
[2, 3, 5, 24]
[16, 17, 18, 19, 20, 21, 22, 23, 24, 25, 26, 27, 28]


