Results
15
0.63
0.62

5
process id 1
stats
5, 15, 7, 100, 1000
20220818-024418
loosing coalitions taken
[2, 4, 6, 11, 24]
[1, 3, 8, 10, 17]
[1, 2, 9, 11, 12]
[2, 3, 6, 12, 28]
[1, 3, 7, 15, 19]
[1, 2, 8, 13, 18]
[1, 2, 7, 10, 22]
[3, 4, 5, 15, 21]
[2, 3, 5, 22, 24]
[3, 4, 6, 7, 26]
[1, 3, 6, 24]
[1, 4, 7, 11, 16]
[2, 4, 5, 16, 25]
[1, 4, 5, 26]
[16, 17, 18, 19, 20, 21, 22, 23, 24, 25, 26, 27, 28]


5
process id 6
stats
5, 15, 7, 100, 1000
20220818-024433
loosing coalitions taken
[1, 5, 6, 13, 23]
[2, 3, 6, 12]
[1, 4, 6, 24]
[2, 4, 5, 19, 28]
[3, 4, 5, 15, 21]
[1, 2, 8, 10, 17]
[1, 3, 7, 14, 20]
[2, 3, 5, 14]
[1, 3, 6, 16, 25]
[1, 4, 5, 26]
[2, 4, 6, 9, 21]
[1, 2, 7, 9, 25]
[2, 3, 4, 27]
[1, 4, 7, 8, 22]
[16, 17, 18, 19, 20, 21, 22, 23, 24, 25, 26, 27, 28]


6
process id 2
stats
5, 15, 7, 100, 1000
20220818-024439
loosing coalitions taken
[1, 4, 6, 25]
[1, 3, 7, 9, 17]
[1, 2, 9, 11, 14]
[2, 3, 5, 23, 27]
[1, 2, 8, 13, 15]
[1, 3, 8, 11, 16]
[2, 4, 5, 18]
[2, 3, 6, 9, 26]
[3, 4, 5, 10]
[1, 4, 7, 8]
[2, 4, 6, 8, 11]
[1, 4, 5, 27]
[1, 5, 6, 10, 20]
[3, 4, 6, 12, 21]
[16, 17, 18, 19, 20, 21, 22, 23, 24, 25, 26, 27, 28]


5
process id 2
stats
5, 15, 7, 100, 1000
20220818-024443
loosing coalitions taken
[1, 2, 10, 11, 13]
[1, 3, 7, 11, 21]
[1, 3, 8, 15, 16]
[1, 2, 8, 14, 20]
[1, 4, 7, 8, 24]
[2, 4, 5, 19, 28]
[2, 3, 5, 21, 22]
[2, 3, 6, 16, 17]
[1, 5, 6, 10, 17]
[1, 2, 7, 9, 17]
[1, 4, 5, 23]
[1, 3, 6, 26]
[2, 4, 6, 15, 20]
[2, 3, 4, 27]
[16, 17, 18, 19, 20, 21, 22, 23, 24, 25, 26, 27, 28]


6
process id 3
stats
5, 15, 7, 100, 1000
20220818-024514
loosing coalitions taken
[2, 4, 6, 13, 18]
[1, 2, 8, 10, 16]
[1, 2, 7, 13, 20]
[1, 3, 7, 10, 17]
[1, 5, 6, 12, 24]
[2, 3, 5, 23, 27]
[3, 4, 5, 15, 28]
[2, 3, 6, 12, 17]
[3, 4, 6, 9, 22]
[1, 2, 9, 11, 14]
[2, 5, 6, 7, 16]
[1, 4, 6, 28]
[2, 4, 5, 11]
[1, 3, 5, 26]
[16, 17, 18, 19, 20, 21, 22, 23, 24, 25, 26, 27, 28]


5
process id 0
stats
5, 15, 7, 100, 1000
20220818-024550
loosing coalitions taken
[1, 3, 7, 13, 19]
[1, 3, 8, 15, 16]
[1, 2, 7, 8]
[2, 3, 6, 11]
[1, 5, 6, 16, 17]
[1, 4, 6, 10]
[3, 4, 5, 15]
[1, 4, 7, 14, 15]
[1, 2, 9, 12, 13]
[2, 4, 5, 17, 26]
[2, 3, 5, 13, 23]
[1, 2, 6, 25]
[1, 4, 5, 21]
[2, 3, 4, 27]
[16, 17, 18, 19, 20, 21, 22, 23, 24, 25, 26, 27, 28]


6
process id 7
stats
5, 15, 7, 100, 1000
20220818-024643
loosing coalitions taken
[1, 5, 6, 15, 20]
[1, 3, 8, 10, 15]
[2, 4, 6, 16, 19]
[1, 2, 9, 10, 11]
[1, 4, 7, 8, 24]
[1, 4, 6, 26]
[1, 2, 7, 12, 25]
[1, 3, 7, 16, 17]
[3, 4, 5, 14, 21]
[2, 3, 5, 18, 26]
[2, 3, 6, 15, 23]
[2, 4, 5, 13]
[1, 2, 8, 14, 17]
[1, 3, 5, 28]
[16, 17, 18, 19, 20, 21, 22, 23, 24, 25, 26, 27, 28]


5
process id 5
stats
5, 15, 7, 100, 1000
20220818-024720
loosing coalitions taken
[1, 5, 6, 16, 17]
[1, 2, 8, 11, 14]
[1, 4, 7, 9, 14]
[2, 3, 5, 20]
[1, 3, 7, 12, 21]
[1, 2, 9, 12, 13]
[3, 4, 6, 12, 19]
[1, 4, 5, 22]
[3, 4, 5, 9]
[1, 3, 8, 10, 19]
[2, 3, 4, 26]
[2, 4, 5, 10, 27]
[1, 3, 6, 25, 27]
[1, 4, 6, 18]
[16, 17, 18, 19, 20, 21, 22, 23, 24, 25, 26, 27, 28]


6
process id 4
stats
5, 15, 7, 100, 1000
20220818-024754
loosing coalitions taken
[1, 2, 8, 13, 16]
[3, 4, 6, 12, 21]
[1, 4, 7, 10, 16]
[1, 5, 6, 14, 17]
[3, 4, 5, 11]
[2, 3, 6, 9]
[1, 3, 7, 14, 22]
[1, 2, 7, 15, 19]
[2, 3, 5, 22]
[2, 4, 5, 15, 27]
[1, 4, 6, 28]
[1, 3, 6, 26]
[1, 4, 5, 24]
[2, 3, 7, 8, 10]
[16, 17, 18, 19, 20, 21, 22, 23, 24, 25, 26, 27, 28]


