Results
15
0.63
0.6224999999999999

6
process id 4
stats
5, 15, 7, 100, 1000
20220818-024859
loosing coalitions taken
[1, 2, 8, 9, 21]
[3, 4, 6, 12, 17]
[2, 4, 5, 11, 27]
[2, 4, 6, 8]
[3, 4, 5, 9, 26]
[1, 2, 7, 16, 19]
[1, 2, 10, 12, 14]
[1, 5, 6, 10, 21]
[2, 3, 5, 25, 28]
[1, 4, 7, 12, 15]
[1, 4, 5, 22]
[1, 3, 7, 9, 20]
[1, 3, 8, 14, 15]
[1, 3, 6, 16]
[16, 17, 18, 19, 20, 21, 22, 23, 24, 25, 26, 27, 28]


5
process id 6
stats
5, 15, 7, 100, 1000
20220818-024908
loosing coalitions taken
[2, 3, 6, 15, 27]
[1, 2, 7, 11, 21]
[1, 3, 7, 13, 20]
[3, 4, 6, 9, 22]
[1, 5, 6, 14, 16]
[1, 2, 10, 12, 14]
[2, 4, 6, 11, 18]
[1, 3, 8, 9, 11]
[1, 4, 8, 13, 14]
[2, 3, 5, 22, 23]
[3, 4, 5, 18, 27]
[1, 4, 7, 9, 17]
[1, 2, 6, 19]
[1, 4, 5, 23]
[16, 17, 18, 19, 20, 21, 22, 23, 24, 25, 26, 27, 28]


6
process id 3
stats
5, 15, 7, 100, 1000
20220818-024915
loosing coalitions taken
[1, 2, 9, 10, 13]
[1, 4, 8, 12, 13]
[1, 3, 7, 15, 18]
[2, 3, 6, 12]
[1, 2, 8, 14, 18]
[3, 4, 5, 20, 24]
[1, 2, 7, 17, 19]
[1, 4, 6, 26]
[2, 4, 5, 14]
[1, 3, 6, 19]
[1, 5, 6, 10, 22]
[2, 4, 6, 11, 19]
[2, 3, 5, 13]
[2, 3, 7, 8, 10]
[16, 17, 18, 19, 20, 21, 22, 23, 24, 25, 26, 27, 28]


5
process id 2
stats
5, 15, 7, 100, 1000
20220818-024934
loosing coalitions taken
[3, 4, 5, 16, 25]
[2, 3, 5, 23, 27]
[1, 2, 9, 12, 14]
[1, 3, 8, 14, 16]
[3, 4, 6, 14, 19]
[1, 5, 6, 9, 24]
[1, 4, 8, 12, 13]
[2, 4, 5, 20]
[1, 4, 6, 26]
[1, 2, 8, 11, 19]
[3, 5, 6, 7, 15]
[2, 3, 7, 8, 9]
[1, 3, 9, 10, 11]
[2, 3, 6, 11]
[16, 17, 18, 19, 20, 21, 22, 23, 24, 25, 26, 27, 28]


5
process id 4
stats
5, 15, 7, 100, 1000
20220818-024952
loosing coalitions taken
[3, 4, 5, 18, 27]
[2, 3, 6, 17, 19]
[2, 4, 6, 13, 18]
[1, 2, 8, 15, 16]
[1, 4, 8, 9, 14]
[1, 3, 7, 10, 14]
[3, 4, 6, 8]
[1, 4, 7, 12, 16]
[2, 3, 5, 16, 23]
[2, 4, 5, 14, 20]
[1, 5, 6, 11, 25]
[1, 4, 5, 28]
[1, 2, 7, 9, 22]
[1, 2, 6, 27]
[16, 17, 18, 19, 20, 21, 22, 23, 24, 25, 26, 27, 28]


5
process id 4
stats
5, 15, 7, 100, 1000
20220818-025009
loosing coalitions taken
[1, 2, 7, 12, 26]
[2, 3, 6, 10, 27]
[1, 2, 8, 10, 13]
[1, 2, 9, 11, 14]
[1, 4, 7, 8, 19]
[1, 3, 7, 14, 21]
[3, 4, 6, 13, 21]
[2, 4, 5, 22, 23]
[3, 4, 5, 16, 24]
[2, 3, 5, 20]
[1, 3, 8, 9, 17]
[1, 3, 6, 19, 25]
[1, 5, 6, 9, 26]
[1, 4, 5, 25]
[16, 17, 18, 19, 20, 21, 22, 23, 24, 25, 26, 27, 28]


6
process id 2
stats
5, 15, 7, 100, 1000
20220818-025124
loosing coalitions taken
[1, 2, 8, 9, 20]
[2, 4, 5, 17, 26]
[1, 2, 10, 11, 13]
[1, 3, 8, 15, 16]
[3, 4, 5, 15, 24]
[1, 3, 7, 14, 22]
[3, 4, 6, 9, 17]
[1, 4, 7, 11, 15]
[2, 4, 6, 11, 22]
[1, 2, 7, 16, 21]
[2, 3, 5, 21, 22]
[1, 4, 6, 25]
[1, 3, 9, 10, 12]
[2, 3, 6, 13]
[16, 17, 18, 19, 20, 21, 22, 23, 24, 25, 26, 27, 28]


5
process id 4
stats
5, 15, 7, 100, 1000
20220818-025226
loosing coalitions taken
[1, 3, 8, 15, 16]
[1, 2, 7, 13, 22]
[2, 4, 6, 15, 19]
[1, 4, 8, 10, 14]
[2, 3, 7, 8, 10]
[1, 3, 9, 10, 11]
[1, 3, 7, 14, 17]
[2, 3, 6, 12, 20]
[1, 4, 5, 24]
[3, 4, 6, 7, 21]
[2, 4, 5, 13, 23]
[3, 4, 5, 10]
[1, 4, 6, 18]
[1, 2, 8, 12, 21]
[16, 17, 18, 19, 20, 21, 22, 23, 24, 25, 26, 27, 28]


6
process id 5
stats
5, 15, 7, 100, 1000
20220818-025308
loosing coalitions taken
[1, 5, 6, 13, 22]
[1, 2, 9, 12, 14]
[1, 3, 8, 9, 20]
[1, 3, 7, 11, 18]
[1, 2, 7, 10, 19]
[2, 4, 5, 9, 27]
[3, 4, 5, 21, 23]
[2, 3, 6, 14, 23]
[1, 2, 8, 11, 17]
[1, 3, 6, 27]
[2, 4, 6, 13, 19]
[2, 3, 5, 22]
[1, 4, 8, 10, 14]
[1, 4, 5, 26]
[16, 17, 18, 19, 20, 21, 22, 23, 24, 25, 26, 27, 28]


6
process id 4
stats
5, 15, 7, 100, 1000
20220818-025312
loosing coalitions taken
[1, 2, 9, 10, 14]
[1, 3, 7, 14, 22]
[1, 3, 8, 12, 19]
[2, 3, 6, 14, 28]
[3, 4, 5, 16]
[2, 4, 6, 8]
[1, 2, 7, 13, 19]
[1, 5, 6, 12, 21]
[2, 3, 5, 15]
[2, 4, 5, 11, 26]
[1, 4, 5, 25]
[1, 2, 6, 17]
[2, 3, 4, 27]
[1, 4, 6, 22, 27]
[16, 17, 18, 19, 20, 21, 22, 23, 24, 25, 26, 27, 28]


