Results
18
0.64
0.638

6
process id 5
stats
5, 18, 7, 100, 1000
20220801-214143
loosing coalitions taken
[1, 4, 7, 12, 16]
[1, 2, 8, 12, 19]
[1, 2, 7, 14, 24]
[2, 3, 5, 22]
[3, 4, 6, 13, 17]
[1, 2, 10, 11, 13]
[2, 3, 6, 14, 23]
[1, 4, 8, 9, 10]
[2, 4, 5, 19, 25]
[2, 4, 6, 15, 20]
[1, 3, 7, 15, 17]
[1, 4, 6, 27]
[1, 5, 6, 16, 17]
[2, 4, 5, 18]
[2, 3, 6, 11]
[1, 5, 6, 14, 19]
[1, 3, 8, 12, 18]
[16, 17, 18, 19, 20, 21, 22, 23, 24, 25, 26, 27, 28]


7
process id 3
stats
5, 18, 7, 100, 1000
20220801-214205
loosing coalitions taken
[3, 4, 6, 15, 17]
[2, 4, 6, 11, 22]
[1, 4, 7, 12, 16]
[2, 4, 5, 20, 28]
[1, 2, 7, 9, 23]
[1, 4, 8, 9, 14]
[1, 3, 8, 10, 19]
[2, 3, 6, 14]
[1, 2, 10, 11, 13]
[2, 3, 5, 22]
[1, 5, 6, 11, 23]
[3, 4, 5, 16, 23]
[1, 3, 7, 15, 21]
[1, 2, 8, 15, 17]
[3, 4, 5, 14, 24]
[1, 4, 6, 23]
[1, 5, 6, 12, 16]
[16, 17, 18, 19, 20, 21, 22, 23, 24, 25, 26, 27, 28]


6
process id 6
stats
5, 18, 7, 100, 1000
20220801-220054
loosing coalitions taken
[3, 4, 5, 17, 27]
[1, 2, 8, 12, 20]
[1, 3, 8, 14, 15]
[2, 3, 6, 11]
[2, 4, 5, 18]
[3, 4, 6, 12, 20]
[1, 5, 6, 14, 20]
[2, 3, 7, 8, 10]
[1, 3, 7, 11, 21]
[1, 2, 10, 11, 13]
[2, 4, 6, 9, 24]
[1, 2, 7, 15, 22]
[1, 3, 9, 10, 12]
[1, 4, 7, 10, 17]
[1, 4, 6, 22]
[2, 3, 5, 19]
[1, 4, 8, 9, 13]
[16, 17, 18, 19, 20, 21, 22, 23, 24, 25, 26, 27, 28]


