Results
15
0.635
0.633

5
process id 5
stats
5, 15, 7, 100, 1000
20220730-132906
loosing coalitions taken
[3, 4, 6, 11, 19]
[1, 5, 6, 13, 21]
[2, 3, 5, 24]
[1, 2, 8, 15, 17]
[1, 3, 7, 12, 22]
[1, 3, 8, 14, 16]
[2, 3, 6, 14]
[2, 4, 5, 13, 26]
[1, 2, 7, 9, 19]
[1, 4, 6, 20, 27]
[1, 4, 7, 8, 21]
[2, 4, 6, 8]
[3, 4, 5, 14, 27]
[1, 2, 10, 11, 14]
[16, 17, 18, 19, 20, 21, 22, 23, 24, 25, 26, 27, 28]


6
process id 3
stats
5, 15, 7, 100, 1000
20220730-132911
loosing coalitions taken
[1, 3, 7, 15, 19]
[1, 4, 7, 10, 18]
[2, 4, 6, 16, 19]
[2, 3, 6, 18, 20]
[3, 4, 5, 15, 28]
[2, 4, 5, 17]
[2, 3, 5, 23]
[1, 2, 7, 9]
[1, 4, 6, 28]
[1, 3, 6, 26]
[1, 5, 6, 11, 23]
[1, 2, 8, 10, 19]
[3, 4, 6, 8]
[1, 4, 8, 11, 14]
[16, 17, 18, 19, 20, 21, 22, 23, 24, 25, 26, 27, 28]


6
process id 5
stats
5, 15, 7, 100, 1000
20220730-132918
loosing coalitions taken
[1, 3, 7, 11, 22]
[1, 2, 9, 11, 14]
[1, 3, 8, 13, 16]
[2, 4, 5, 21, 26]
[1, 4, 6, 28]
[2, 3, 6, 10, 27]
[2, 3, 5, 23]
[2, 5, 6, 8, 11]
[1, 5, 6, 9, 26]
[3, 4, 5, 12]
[3, 4, 6, 13, 20]
[1, 4, 7, 10, 15]
[1, 2, 7, 13, 19]
[1, 2, 8, 10, 21]
[16, 17, 18, 19, 20, 21, 22, 23, 24, 25, 26, 27, 28]


5
process id 6
stats
5, 15, 7, 100, 1000
20220730-132925
loosing coalitions taken
[1, 4, 7, 13, 16]
[3, 4, 5, 15]
[2, 4, 6, 10, 24]
[2, 3, 6, 14]
[1, 2, 7, 17, 19]
[1, 3, 8, 12, 17]
[1, 2, 8, 9, 21]
[1, 3, 7, 10, 18]
[1, 5, 6, 13, 21]
[2, 4, 5, 18]
[3, 4, 6, 8, 28]
[2, 3, 5, 20]
[1, 4, 6, 25]
[1, 3, 6, 26]
[16, 17, 18, 19, 20, 21, 22, 23, 24, 25, 26, 27, 28]


5
process id 3
stats
5, 15, 7, 100, 1000
20220730-132939
loosing coalitions taken
[1, 4, 8, 12, 14]
[1, 3, 8, 10, 16]
[2, 3, 5, 22, 25]
[2, 4, 5, 15, 23]
[3, 4, 6, 8, 24]
[3, 4, 5, 14]
[2, 4, 6, 11, 19]
[1, 2, 8, 11, 18]
[1, 2, 9, 12, 13]
[1, 4, 7, 9, 10]
[1, 2, 7, 15, 22]
[2, 3, 6, 9]
[1, 5, 6, 10, 23]
[1, 4, 6, 20]
[16, 17, 18, 19, 20, 21, 22, 23, 24, 25, 26, 27, 28]


6
process id 2
stats
5, 15, 7, 100, 1000
20220730-132940
loosing coalitions taken
[1, 3, 7, 13, 19]
[3, 4, 6, 15, 17]
[1, 4, 7, 10, 18]
[1, 4, 6, 25, 28]
[2, 3, 6, 10]
[1, 5, 6, 14, 19]
[1, 4, 8, 13, 14]
[1, 3, 8, 12, 16]
[1, 2, 7, 12, 22]
[2, 4, 5, 10]
[2, 3, 5, 20]
[3, 4, 5, 16]
[1, 2, 8, 9, 18]
[2, 4, 6, 11, 21]
[16, 17, 18, 19, 20, 21, 22, 23, 24, 25, 26, 27, 28]


6
process id 0
stats
5, 15, 7, 100, 1000
20220730-132947
loosing coalitions taken
[1, 3, 7, 12, 22]
[1, 5, 6, 13, 23]
[3, 4, 6, 8]
[1, 2, 8, 15, 16]
[2, 3, 5, 22]
[1, 2, 10, 12, 13]
[1, 3, 9, 10, 11]
[1, 2, 7, 14, 24]
[1, 4, 6, 21]
[2, 4, 5, 10]
[3, 4, 5, 9]
[1, 3, 6, 25]
[2, 3, 6, 14]
[1, 4, 7, 8, 18]
[16, 17, 18, 19, 20, 21, 22, 23, 24, 25, 26, 27, 28]


6
process id 1
stats
5, 15, 7, 100, 1000
20220730-133009
loosing coalitions taken
[1, 2, 7, 11, 26]
[1, 3, 9, 10, 11]
[2, 4, 6, 16, 17]
[2, 5, 6, 8, 10]
[1, 2, 10, 12, 13]
[3, 4, 6, 11, 15]
[1, 4, 6, 24, 27]
[1, 4, 7, 9, 16]
[2, 3, 6, 13]
[1, 2, 8, 14, 16]
[3, 4, 5, 20, 23]
[1, 3, 7, 8]
[2, 4, 5, 9, 26]
[1, 5, 6, 15, 21]
[16, 17, 18, 19, 20, 21, 22, 23, 24, 25, 26, 27, 28]


5
process id 7
stats
5, 15, 7, 100, 1000
20220730-133022
loosing coalitions taken
[1, 5, 6, 14, 22]
[2, 4, 6, 13, 22]
[2, 3, 6, 11, 27]
[1, 3, 7, 14, 20]
[2, 4, 5, 17]
[1, 2, 7, 15, 21]
[1, 2, 8, 14, 18]
[1, 4, 6, 23]
[1, 3, 8, 12, 17]
[1, 3, 6, 26]
[3, 4, 6, 12, 15]
[3, 4, 5, 11]
[2, 3, 7, 8, 9]
[2, 3, 5, 16]
[16, 17, 18, 19, 20, 21, 22, 23, 24, 25, 26, 27, 28]


6
process id 4
stats
5, 15, 7, 100, 1000
20220730-133042
loosing coalitions taken
[2, 3, 6, 13, 25]
[1, 5, 6, 12, 22]
[2, 3, 5, 23]
[1, 3, 8, 9, 16]
[1, 3, 7, 12, 21]
[1, 2, 9, 10, 13]
[2, 4, 6, 11, 20]
[1, 2, 8, 12, 20]
[1, 4, 6, 27]
[3, 4, 5, 13, 27]
[1, 2, 7, 11, 15]
[1, 4, 7, 8]
[3, 4, 6, 14, 17]
[2, 4, 5, 10]
[16, 17, 18, 19, 20, 21, 22, 23, 24, 25, 26, 27, 28]


