Results
15
0.636
0.633

5
process id 2
stats
5, 15, 7, 100, 1000
20220730-133113
loosing coalitions taken
[1, 4, 7, 9, 19]
[2, 4, 6, 16, 18]
[3, 4, 6, 13, 19]
[2, 3, 6, 12]
[1, 5, 6, 10, 26]
[2, 4, 5, 17]
[1, 2, 7, 11, 26]
[1, 3, 8, 15, 16]
[1, 4, 8, 10, 12]
[2, 3, 5, 18]
[1, 3, 9, 10, 11]
[1, 3, 7, 12, 22]
[1, 4, 6, 21]
[3, 4, 5, 15]
[16, 17, 18, 19, 20, 21, 22, 23, 24, 25, 26, 27, 28]


5
process id 3
stats
5, 15, 7, 100, 1000
20220730-133128
loosing coalitions taken
[1, 3, 7, 13, 21]
[2, 3, 6, 13]
[1, 2, 7, 12, 26]
[1, 4, 8, 13, 14]
[1, 3, 8, 12, 19]
[3, 4, 5, 16]
[1, 5, 6, 11, 25]
[2, 4, 6, 16, 18]
[1, 2, 8, 9, 21]
[1, 2, 6, 27]
[1, 4, 7, 9, 17]
[2, 4, 5, 15]
[3, 4, 6, 7, 27]
[2, 3, 5, 22]
[16, 17, 18, 19, 20, 21, 22, 23, 24, 25, 26, 27, 28]


5
process id 5
stats
5, 15, 7, 100, 1000
20220730-133133
loosing coalitions taken
[2, 4, 5, 17]
[1, 5, 6, 11, 24]
[1, 2, 7, 9, 23]
[1, 2, 8, 14, 16]
[2, 3, 6, 12]
[1, 3, 7, 10, 19]
[3, 4, 5, 10, 25]
[1, 4, 7, 8]
[2, 4, 6, 13, 22]
[2, 3, 5, 16]
[1, 3, 6, 28]
[1, 4, 6, 23]
[3, 4, 6, 8]
[1, 3, 8, 11, 18]
[16, 17, 18, 19, 20, 21, 22, 23, 24, 25, 26, 27, 28]


6
process id 4
stats
5, 15, 7, 100, 1000
20220730-133141
loosing coalitions taken
[1, 5, 6, 10, 23]
[1, 3, 8, 13, 16]
[2, 4, 5, 16, 28]
[3, 4, 6, 11, 17]
[2, 3, 6, 19, 21]
[2, 3, 5, 17, 26]
[3, 4, 5, 14]
[2, 4, 6, 8, 25]
[1, 3, 7, 11, 18]
[1, 2, 7, 14, 20]
[1, 4, 6, 26]
[1, 2, 8, 10, 19]
[1, 2, 9, 11, 12]
[2, 3, 7, 8, 9]
[16, 17, 18, 19, 20, 21, 22, 23, 24, 25, 26, 27, 28]


5
process id 6
stats
5, 15, 7, 100, 1000
20220730-133152
loosing coalitions taken
[1, 2, 7, 9, 23]
[1, 5, 6, 16, 19]
[1, 2, 8, 14, 20]
[2, 4, 5, 20]
[1, 2, 10, 11, 13]
[3, 4, 6, 8, 25]
[1, 4, 7, 11, 16]
[3, 4, 5, 13]
[2, 3, 5, 21, 28]
[2, 3, 6, 14]
[1, 3, 8, 12, 13]
[2, 4, 6, 12, 19]
[1, 4, 6, 27]
[3, 5, 6, 7, 15]
[16, 17, 18, 19, 20, 21, 22, 23, 24, 25, 26, 27, 28]


6
process id 7
stats
5, 15, 7, 100, 1000
20220730-133153
loosing coalitions taken
[2, 4, 5, 20, 28]
[1, 3, 8, 14, 15]
[2, 4, 6, 10, 24]
[1, 4, 8, 11, 12]
[3, 4, 6, 9, 16]
[2, 3, 6, 12, 28]
[1, 2, 10, 11, 13]
[1, 2, 7, 12, 17]
[1, 3, 7, 13, 21]
[2, 3, 5, 22, 23]
[1, 3, 9, 10, 12]
[1, 4, 6, 20]
[3, 4, 5, 11, 27]
[2, 3, 7, 8, 9]
[16, 17, 18, 19, 20, 21, 22, 23, 24, 25, 26, 27, 28]


6
process id 2
stats
5, 15, 7, 100, 1000
20220730-133206
loosing coalitions taken
[1, 4, 7, 10, 16]
[1, 2, 8, 14, 18]
[1, 2, 9, 10, 12]
[3, 4, 6, 12, 21]
[1, 3, 7, 13, 20]
[1, 3, 8, 9, 17]
[1, 4, 6, 26, 28]
[2, 4, 6, 10, 24]
[2, 3, 5, 18, 23]
[1, 5, 6, 16, 20]
[2, 4, 5, 21, 27]
[1, 3, 6, 27]
[3, 4, 5, 16]
[1, 4, 8, 11, 13]
[16, 17, 18, 19, 20, 21, 22, 23, 24, 25, 26, 27, 28]


5
process id 2
stats
5, 15, 7, 100, 1000
20220730-133220
loosing coalitions taken
[1, 5, 6, 13, 24]
[1, 2, 8, 9, 22]
[1, 4, 7, 10, 17]
[1, 4, 8, 12, 13]
[3, 4, 6, 8]
[1, 3, 7, 12, 22]
[1, 2, 7, 13, 23]
[2, 4, 5, 17, 25]
[1, 4, 6, 26]
[3, 4, 5, 9, 24]
[1, 3, 6, 28]
[2, 3, 6, 15, 27]
[2, 3, 5, 23]
[2, 4, 6, 10, 24]
[16, 17, 18, 19, 20, 21, 22, 23, 24, 25, 26, 27, 28]


5
process id 2
stats
5, 15, 7, 100, 1000
20220730-133229
loosing coalitions taken
[1, 2, 10, 11, 14]
[2, 3, 7, 8, 10]
[2, 3, 6, 11, 28]
[3, 4, 6, 13, 18]
[2, 4, 6, 10, 23]
[1, 3, 8, 12, 18]
[1, 2, 7, 17, 19]
[2, 3, 5, 23]
[3, 4, 5, 19, 20]
[1, 4, 6, 25]
[1, 3, 7, 14, 20]
[1, 5, 6, 12, 17]
[2, 4, 5, 16]
[1, 3, 6, 26]
[16, 17, 18, 19, 20, 21, 22, 23, 24, 25, 26, 27, 28]


6
process id 7
stats
5, 15, 7, 100, 1000
20220730-133229
loosing coalitions taken
[1, 2, 7, 13, 25]
[1, 2, 8, 11, 20]
[1, 3, 7, 15, 19]
[1, 5, 6, 15, 21]
[3, 4, 6, 8, 27]
[1, 2, 9, 12, 14]
[2, 4, 5, 21, 27]
[3, 4, 5, 14, 22]
[2, 3, 5, 18]
[1, 4, 6, 22]
[2, 4, 6, 10, 24]
[1, 4, 7, 11, 16]
[1, 3, 6, 28]
[2, 3, 6, 17, 19]
[16, 17, 18, 19, 20, 21, 22, 23, 24, 25, 26, 27, 28]


5
process id 3
stats
5, 15, 7, 100, 1000
20220730-133230
loosing coalitions taken
[1, 3, 8, 9, 20]
[2, 3, 5, 22]
[1, 3, 7, 16, 19]
[1, 4, 8, 10, 14]
[1, 2, 9, 11, 14]
[1, 2, 7, 12, 26]
[1, 4, 6, 25]
[3, 4, 5, 15]
[2, 4, 5, 11]
[2, 4, 6, 13, 21]
[1, 5, 6, 10, 20]
[1, 3, 6, 26]
[2, 3, 6, 14, 27]
[2, 3, 7, 8, 10]
[16, 17, 18, 19, 20, 21, 22, 23, 24, 25, 26, 27, 28]


6
process id 6
stats
5, 15, 7, 100, 1000
20220730-133236
loosing coalitions taken
[1, 2, 8, 9, 22]
[3, 4, 5, 16, 27]
[1, 2, 10, 12, 13]
[2, 3, 6, 12]
[1, 3, 8, 11, 19]
[1, 5, 6, 10, 23]
[2, 4, 5, 15]
[1, 3, 6, 27]
[1, 2, 7, 11, 20]
[2, 3, 5, 18, 22]
[3, 4, 6, 13, 18]
[1, 4, 6, 22]
[2, 4, 6, 9, 24]
[1, 4, 7, 9, 17]
[16, 17, 18, 19, 20, 21, 22, 23, 24, 25, 26, 27, 28]


5
process id 5
stats
5, 15, 7, 100, 1000
20220730-133236
loosing coalitions taken
[1, 4, 8, 9, 11]
[1, 3, 7, 14, 20]
[1, 3, 8, 10, 17]
[2, 3, 5, 24]
[1, 2, 8, 14, 18]
[1, 2, 10, 11, 13]
[2, 3, 6, 14]
[1, 4, 6, 25, 27]
[2, 4, 5, 20, 22]
[3, 4, 5, 13]
[2, 4, 6, 12, 18]
[1, 5, 6, 13, 22]
[1, 2, 7, 9, 21]
[3, 4, 6, 8, 21]
[16, 17, 18, 19, 20, 21, 22, 23, 24, 25, 26, 27, 28]


