Results
Max overall: 16
Min avg pop: 0.645
Min pop: 0.643

6
process id 7
stats
5, 16, 7, 100, 1000
20220819-184548
loosing coalitions taken
[2, 4, 6, 13, 21]
[2, 4, 5, 19]
[1, 3, 8, 11, 18]
[1, 5, 6, 11, 22]
[1, 2, 8, 9, 21]
[1, 3, 7, 12, 21]
[2, 3, 6, 14]
[1, 4, 7, 9, 17]
[2, 3, 5, 25]
[3, 4, 6, 12, 17]
[3, 4, 5, 15, 26]
[1, 4, 8, 10, 15]
[1, 2, 7, 15, 20]
[1, 4, 6, 27]
[1, 2, 10, 12, 13]
[16, 17, 18, 19, 20, 21, 22, 23, 24, 25, 26, 27, 28]


6
process id 6
stats
5, 16, 7, 100, 1000
20220819-184549
loosing coalitions taken
[1, 2, 8, 14, 20]
[1, 4, 7, 9, 18]
[2, 3, 6, 10]
[1, 4, 8, 12, 13]
[1, 3, 7, 12, 22]
[1, 5, 6, 14, 22]
[1, 2, 7, 15, 19]
[3, 4, 5, 15]
[1, 4, 6, 28]
[3, 4, 6, 13, 21]
[2, 4, 6, 11, 23]
[2, 3, 5, 22]
[1, 3, 8, 10, 18]
[2, 4, 5, 21, 26]
[1, 2, 10, 11, 12]
[16, 17, 18, 19, 20, 21, 22, 23, 24, 25, 26, 27, 28]


6
process id 4
stats
5, 16, 7, 100, 1000
20220819-184550
loosing coalitions taken
[1, 4, 8, 9, 15]
[2, 4, 5, 19]
[1, 5, 6, 11, 22]
[1, 3, 7, 13, 22]
[1, 2, 9, 10, 14]
[2, 3, 6, 14]
[1, 2, 7, 16, 21]
[1, 3, 8, 12, 16]
[3, 4, 5, 16, 28]
[3, 4, 6, 13, 19]
[2, 4, 6, 15, 18]
[2, 3, 7, 8, 9]
[1, 4, 6, 27]
[2, 3, 5, 23, 24]
[1, 4, 7, 10, 18]
[16, 17, 18, 19, 20, 21, 22, 23, 24, 25, 26, 27, 28]


6
process id 0
stats
5, 16, 7, 100, 1000
20220819-184553
loosing coalitions taken
[2, 4, 6, 9, 24]
[1, 2, 8, 12, 18]
[2, 3, 6, 13]
[2, 4, 5, 16]
[1, 2, 10, 11, 14]
[1, 2, 7, 9]
[1, 3, 8, 11, 19]
[1, 5, 6, 13, 22]
[2, 3, 5, 21]
[1, 4, 6, 27]
[3, 4, 5, 19, 24]
[3, 4, 6, 14, 16]
[1, 4, 7, 8]
[1, 3, 7, 15, 18]
[1, 3, 9, 10, 12]
[16, 17, 18, 19, 20, 21, 22, 23, 24, 25, 26, 27, 28]


6
process id 1
stats
5, 16, 7, 100, 1000
20220819-184554
loosing coalitions taken
[1, 2, 7, 15, 22]
[3, 4, 5, 20, 23]
[3, 4, 6, 10, 21]
[2, 4, 5, 19]
[1, 3, 8, 12, 16]
[1, 2, 8, 11, 21]
[1, 3, 7, 9, 24]
[1, 5, 6, 11, 25]
[1, 2, 9, 12, 14]
[2, 3, 6, 15, 25]
[2, 3, 5, 22]
[1, 4, 7, 11, 17]
[1, 4, 6, 27]
[2, 4, 6, 13, 20]
[1, 4, 8, 10, 14]
[16, 17, 18, 19, 20, 21, 22, 23, 24, 25, 26, 27, 28]


6
process id 2
stats
5, 16, 7, 100, 1000
20220819-184557
loosing coalitions taken
[1, 3, 7, 16, 17]
[2, 4, 5, 20, 25]
[1, 2, 7, 12, 26]
[3, 4, 5, 16]
[1, 2, 10, 11, 14]
[1, 3, 8, 12, 19]
[1, 4, 8, 10, 13]
[1, 5, 6, 15, 17]
[2, 3, 6, 14]
[3, 4, 6, 13, 21]
[2, 4, 6, 9, 24]
[2, 3, 5, 24, 26]
[1, 4, 6, 28]
[1, 2, 8, 9, 17]
[2, 5, 6, 7, 16]
[16, 17, 18, 19, 20, 21, 22, 23, 24, 25, 26, 27, 28]


6
process id 1
stats
5, 16, 7, 100, 1000
20220819-184602
loosing coalitions taken
[1, 4, 8, 9, 12]
[1, 2, 7, 9, 24]
[1, 2, 8, 15, 17]
[1, 3, 7, 15, 21]
[2, 3, 6, 9]
[2, 4, 5, 22, 24]
[3, 4, 5, 16, 25]
[1, 4, 7, 13, 16]
[1, 2, 10, 12, 14]
[2, 4, 6, 10, 20]
[1, 5, 6, 12, 20]
[1, 4, 6, 28]
[1, 3, 8, 10, 18]
[2, 3, 5, 21]
[3, 4, 6, 14, 18]
[16, 17, 18, 19, 20, 21, 22, 23, 24, 25, 26, 27, 28]


6
process id 3
stats
5, 16, 7, 100, 1000
20220819-184603
loosing coalitions taken
[1, 5, 6, 12, 22]
[3, 4, 6, 9, 19]
[1, 2, 8, 15, 17]
[1, 3, 7, 14, 19]
[1, 2, 7, 11, 24]
[1, 4, 8, 10, 12]
[1, 2, 9, 10, 14]
[1, 3, 8, 11, 18]
[2, 4, 5, 16]
[2, 3, 6, 17, 21]
[2, 3, 5, 24]
[3, 4, 5, 15, 26]
[1, 4, 6, 27]
[2, 3, 7, 8, 10]
[2, 4, 6, 10, 20]
[16, 17, 18, 19, 20, 21, 22, 23, 24, 25, 26, 27, 28]


6
process id 4
stats
5, 16, 7, 100, 1000
20220819-184605
loosing coalitions taken
[1, 2, 9, 12, 14]
[3, 4, 5, 16]
[1, 5, 6, 13, 22]
[1, 3, 9, 10, 11]
[1, 3, 7, 15, 18]
[1, 2, 8, 11, 20]
[1, 2, 7, 10, 25]
[2, 3, 6, 13]
[1, 4, 7, 8, 24]
[3, 4, 6, 9, 18]
[1, 4, 6, 28]
[2, 4, 5, 20]
[2, 3, 5, 23, 26]
[1, 3, 8, 12, 19]
[2, 4, 6, 14, 17]
[16, 17, 18, 19, 20, 21, 22, 23, 24, 25, 26, 27, 28]


6
process id 5
stats
5, 16, 7, 100, 1000
20220819-184605
loosing coalitions taken
[3, 4, 6, 13, 20]
[1, 2, 7, 10, 27]
[1, 2, 9, 11, 14]
[2, 4, 6, 10, 23]
[1, 3, 9, 10, 12]
[1, 2, 8, 12, 21]
[1, 4, 8, 10, 15]
[2, 3, 6, 9]
[3, 4, 5, 18, 25]
[1, 3, 8, 11, 16]
[2, 4, 5, 16]
[1, 5, 6, 12, 22]
[1, 4, 7, 9, 17]
[1, 4, 6, 26]
[1, 3, 7, 14, 18]
[16, 17, 18, 19, 20, 21, 22, 23, 24, 25, 26, 27, 28]


6
process id 7
stats
5, 16, 7, 100, 1000
20220819-184608
loosing coalitions taken
[1, 2, 7, 13, 25]
[1, 3, 8, 11, 19]
[3, 4, 5, 17, 26]
[2, 3, 6, 12]
[1, 3, 7, 10, 22]
[2, 4, 5, 19]
[1, 2, 9, 11, 14]
[1, 4, 7, 12, 16]
[2, 3, 5, 22]
[1, 5, 6, 13, 24]
[1, 4, 6, 28]
[3, 4, 6, 8]
[2, 3, 7, 8, 9]
[2, 4, 6, 11, 23]
[1, 2, 8, 15, 17]
[16, 17, 18, 19, 20, 21, 22, 23, 24, 25, 26, 27, 28]


6
process id 1
stats
5, 16, 7, 100, 1000
20220819-184610
loosing coalitions taken
[1, 5, 6, 9, 25]
[1, 3, 7, 16, 18]
[1, 4, 8, 9, 12]
[1, 2, 9, 10, 13]
[1, 3, 8, 11, 19]
[2, 3, 6, 11]
[1, 2, 8, 15, 17]
[3, 4, 5, 16]
[2, 3, 5, 23]
[3, 4, 6, 10, 19]
[1, 4, 6, 28]
[2, 4, 5, 18]
[1, 2, 7, 14, 22]
[2, 4, 6, 14, 17]
[1, 4, 7, 11, 17]
[16, 17, 18, 19, 20, 21, 22, 23, 24, 25, 26, 27, 28]


6
process id 3
stats
5, 16, 7, 100, 1000
20220819-184611
loosing coalitions taken
[1, 5, 6, 10, 24]
[1, 4, 8, 9, 15]
[3, 4, 5, 16]
[1, 2, 9, 12, 13]
[2, 3, 6, 9]
[1, 2, 8, 10, 20]
[1, 3, 7, 14, 18]
[1, 3, 8, 11, 17]
[2, 4, 5, 19]
[2, 3, 5, 22]
[1, 4, 6, 27]
[3, 4, 6, 8]
[1, 4, 7, 10, 19]
[1, 2, 7, 11, 22]
[2, 4, 6, 12, 18]
[16, 17, 18, 19, 20, 21, 22, 23, 24, 25, 26, 27, 28]


6
process id 6
stats
5, 16, 7, 100, 1000
20220819-184612
loosing coalitions taken
[1, 2, 7, 14, 23]
[1, 3, 7, 15, 18]
[1, 2, 9, 10, 12]
[2, 3, 6, 10]
[2, 4, 5, 17]
[1, 5, 6, 14, 22]
[1, 4, 8, 11, 14]
[1, 3, 8, 12, 16]
[1, 4, 6, 28]
[2, 3, 5, 23]
[3, 4, 5, 16, 26]
[3, 4, 6, 8, 27]
[2, 4, 6, 9, 21]
[1, 4, 7, 13, 16]
[1, 2, 8, 13, 18]
[16, 17, 18, 19, 20, 21, 22, 23, 24, 25, 26, 27, 28]


6
process id 4
stats
5, 16, 7, 100, 1000
20220819-184616
loosing coalitions taken
[1, 4, 8, 10, 12]
[1, 3, 8, 11, 17]
[3, 4, 5, 20, 22]
[2, 4, 5, 18, 25]
[1, 2, 8, 9, 20]
[1, 5, 6, 11, 22]
[1, 2, 7, 17, 19]
[2, 3, 6, 13]
[3, 4, 6, 12, 17]
[2, 3, 7, 8, 10]
[1, 4, 6, 28]
[2, 4, 6, 15, 21]
[1, 4, 7, 11, 16]
[2, 3, 5, 21]
[1, 3, 7, 12, 18]
[16, 17, 18, 19, 20, 21, 22, 23, 24, 25, 26, 27, 28]


