Results
Max overall: 15
Min avg pop: 0.64
Min pop: 0.642

6
process id 0
stats
5, 15, 7, 100, 1000
20220818-184550
loosing coalitions taken
[2, 3, 6, 13]
[1, 2, 9, 11, 12]
[3, 4, 5, 16]
[1, 2, 7, 15, 20]
[1, 2, 8, 14, 18]
[1, 3, 7, 12, 19]
[2, 4, 5, 18]
[2, 3, 5, 20]
[2, 4, 6, 15, 19]
[3, 4, 6, 8]
[1, 5, 6, 11, 23]
[1, 4, 7, 9, 16]
[1, 4, 6, 26]
[1, 4, 8, 10, 11]
[16, 17, 18, 19, 20, 21, 22, 23, 24, 25, 26, 27, 28]


5
process id 5
stats
5, 15, 7, 100, 1000
20220818-184551
loosing coalitions taken
[2, 4, 5, 19]
[1, 4, 7, 10, 17]
[1, 2, 8, 13, 17]
[1, 3, 7, 13, 21]
[2, 3, 6, 11]
[1, 2, 7, 16, 20]
[1, 4, 6, 28]
[1, 2, 9, 11, 14]
[2, 3, 5, 20]
[1, 3, 8, 11, 19]
[3, 4, 5, 15]
[3, 4, 6, 8]
[2, 4, 6, 14, 18]
[1, 5, 6, 13, 20]
[16, 17, 18, 19, 20, 21, 22, 23, 24, 25, 26, 27, 28]


6
process id 2
stats
5, 15, 7, 100, 1000
20220818-184551
loosing coalitions taken
[2, 3, 6, 14]
[1, 5, 6, 11, 23]
[1, 2, 9, 12, 13]
[1, 3, 7, 13, 22]
[1, 2, 8, 15, 16]
[2, 4, 5, 20, 22]
[3, 4, 5, 16, 23]
[3, 4, 6, 8]
[1, 4, 7, 8]
[1, 4, 6, 28]
[2, 3, 5, 25]
[2, 4, 6, 12, 18]
[1, 2, 7, 11, 25]
[1, 3, 8, 9, 17]
[16, 17, 18, 19, 20, 21, 22, 23, 24, 25, 26, 27, 28]


6
process id 0
stats
5, 15, 7, 100, 1000
20220818-184553
loosing coalitions taken
[1, 3, 8, 10, 19]
[1, 2, 7, 15, 21]
[2, 4, 5, 17]
[1, 5, 6, 16, 18]
[1, 4, 8, 9, 14]
[2, 3, 6, 11]
[1, 2, 8, 13, 20]
[2, 3, 5, 22]
[3, 4, 6, 8, 27]
[1, 3, 7, 11, 18]
[3, 4, 5, 20, 23]
[1, 2, 9, 10, 12]
[1, 4, 6, 25]
[2, 4, 6, 15, 18]
[16, 17, 18, 19, 20, 21, 22, 23, 24, 25, 26, 27, 28]


6
process id 5
stats
5, 15, 7, 100, 1000
20220818-184554
loosing coalitions taken
[2, 4, 5, 20, 27]
[1, 3, 9, 10, 11]
[1, 5, 6, 16, 19]
[1, 2, 7, 16, 21]
[1, 3, 8, 15, 16]
[1, 3, 7, 14, 19]
[3, 4, 5, 17, 26]
[1, 2, 8, 9, 17]
[2, 3, 5, 23]
[1, 4, 7, 10, 17]
[2, 4, 6, 10, 18]
[1, 4, 8, 12, 14]
[3, 4, 6, 9, 19]
[1, 4, 6, 28]
[16, 17, 18, 19, 20, 21, 22, 23, 24, 25, 26, 27, 28]


6
process id 7
stats
5, 15, 7, 100, 1000
20220818-184556
loosing coalitions taken
[1, 5, 6, 9, 25]
[1, 2, 9, 11, 13]
[3, 4, 6, 12, 21]
[3, 4, 5, 16, 25]
[2, 4, 6, 13, 18]
[1, 3, 8, 9, 15]
[1, 4, 8, 11, 14]
[2, 4, 5, 20]
[1, 3, 7, 13, 17]
[1, 4, 6, 28]
[2, 3, 6, 11]
[1, 2, 8, 10, 19]
[2, 3, 5, 24]
[1, 4, 7, 10, 15]
[16, 17, 18, 19, 20, 21, 22, 23, 24, 25, 26, 27, 28]


6
process id 3
stats
5, 15, 7, 100, 1000
20220818-184556
loosing coalitions taken
[1, 2, 10, 11, 13]
[1, 4, 7, 8]
[2, 3, 6, 9]
[2, 4, 5, 19, 25]
[1, 4, 6, 28]
[1, 2, 7, 12, 22]
[2, 3, 5, 24]
[1, 3, 7, 16, 18]
[3, 4, 5, 16]
[2, 4, 6, 15, 20]
[1, 3, 8, 10, 15]
[3, 4, 6, 12, 19]
[1, 5, 6, 11, 25]
[1, 2, 8, 9, 18]
[16, 17, 18, 19, 20, 21, 22, 23, 24, 25, 26, 27, 28]


6
process id 0
stats
5, 15, 7, 100, 1000
20220818-184557
loosing coalitions taken
[1, 4, 8, 11, 14]
[2, 3, 5, 25]
[1, 2, 7, 15, 22]
[1, 5, 6, 11, 24]
[2, 4, 6, 10, 21]
[1, 4, 7, 9, 17]
[1, 2, 10, 11, 12]
[3, 4, 6, 15, 16]
[2, 3, 6, 13]
[2, 4, 5, 17]
[1, 4, 6, 25]
[1, 2, 8, 9, 19]
[1, 3, 7, 14, 19]
[2, 5, 6, 8, 12]
[16, 17, 18, 19, 20, 21, 22, 23, 24, 25, 26, 27, 28]


5
process id 5
stats
5, 15, 7, 100, 1000
20220818-184557
loosing coalitions taken
[3, 4, 5, 15]
[1, 2, 7, 15, 20]
[1, 4, 7, 9, 16]
[1, 3, 9, 10, 12]
[1, 3, 7, 14, 18]
[2, 3, 6, 14]
[2, 4, 5, 17]
[1, 4, 6, 27]
[1, 5, 6, 9, 22]
[2, 4, 6, 12, 22]
[2, 3, 5, 24]
[1, 4, 8, 10, 13]
[3, 4, 6, 11, 18]
[1, 2, 8, 14, 17]
[16, 17, 18, 19, 20, 21, 22, 23, 24, 25, 26, 27, 28]


6
process id 6
stats
5, 15, 7, 100, 1000
20220818-184558
loosing coalitions taken
[1, 5, 6, 11, 24]
[2, 4, 6, 16, 19]
[2, 3, 6, 12]
[1, 2, 8, 15, 16]
[3, 4, 5, 17, 23]
[1, 2, 7, 13, 23]
[2, 4, 5, 20]
[1, 2, 10, 11, 14]
[1, 3, 7, 14, 20]
[1, 3, 8, 10, 18]
[2, 3, 5, 25]
[1, 4, 8, 11, 12]
[1, 4, 6, 27]
[3, 4, 6, 9, 22]
[16, 17, 18, 19, 20, 21, 22, 23, 24, 25, 26, 27, 28]


6
process id 4
stats
5, 15, 7, 100, 1000
20220818-184559
loosing coalitions taken
[1, 2, 8, 12, 21]
[1, 3, 7, 10, 23]
[1, 2, 7, 17, 19]
[1, 4, 7, 8]
[3, 4, 6, 14, 19]
[1, 5, 6, 15, 21]
[2, 3, 6, 12]
[1, 2, 9, 10, 11]
[3, 4, 5, 20, 21]
[1, 4, 6, 27]
[2, 3, 5, 25, 28]
[1, 3, 8, 13, 14]
[2, 4, 6, 9, 22]
[2, 4, 5, 19]
[16, 17, 18, 19, 20, 21, 22, 23, 24, 25, 26, 27, 28]


5
process id 3
stats
5, 15, 7, 100, 1000
20220818-184559
loosing coalitions taken
[1, 3, 8, 12, 19]
[1, 2, 7, 14, 24]
[1, 4, 7, 11, 17]
[1, 2, 9, 12, 13]
[2, 4, 5, 19]
[2, 3, 6, 17, 18]
[1, 5, 6, 15, 21]
[1, 4, 6, 25]
[1, 4, 8, 10, 15]
[1, 2, 8, 11, 16]
[2, 3, 5, 24]
[3, 4, 5, 20, 21]
[3, 4, 6, 8, 28]
[2, 4, 6, 12, 22]
[16, 17, 18, 19, 20, 21, 22, 23, 24, 25, 26, 27, 28]


6
process id 1
stats
5, 15, 7, 100, 1000
20220818-184559
loosing coalitions taken
[1, 4, 8, 11, 13]
[1, 5, 6, 11, 25]
[1, 2, 8, 10, 21]
[1, 3, 8, 14, 15]
[1, 4, 6, 27]
[1, 3, 7, 12, 18]
[2, 3, 6, 16, 24]
[2, 3, 5, 23, 26]
[3, 4, 5, 18, 20]
[1, 2, 7, 9]
[2, 4, 5, 16]
[1, 3, 9, 10, 11]
[2, 4, 6, 12, 19]
[3, 4, 6, 8]
[16, 17, 18, 19, 20, 21, 22, 23, 24, 25, 26, 27, 28]


6
process id 0
stats
5, 15, 7, 100, 1000
20220818-184600
loosing coalitions taken
[1, 2, 7, 9]
[2, 4, 5, 18]
[3, 4, 6, 13, 20]
[1, 3, 8, 13, 16]
[2, 3, 6, 14]
[2, 3, 5, 23]
[1, 3, 9, 10, 11]
[3, 4, 5, 15]
[1, 4, 6, 25]
[1, 4, 7, 8]
[2, 4, 6, 16, 19]
[1, 2, 8, 11, 20]
[1, 3, 7, 12, 21]
[1, 5, 6, 9, 21]
[16, 17, 18, 19, 20, 21, 22, 23, 24, 25, 26, 27, 28]


6
process id 5
stats
5, 15, 7, 100, 1000
20220818-184601
loosing coalitions taken
[3, 4, 6, 14, 20]
[1, 3, 8, 13, 16]
[1, 2, 10, 11, 14]
[1, 2, 9, 12, 13]
[2, 4, 6, 11, 21]
[1, 5, 6, 16, 18]
[2, 4, 5, 18, 26]
[3, 4, 5, 17, 24]
[1, 2, 7, 16, 21]
[1, 3, 7, 10, 22]
[1, 4, 8, 11, 12]
[1, 4, 6, 27]
[2, 3, 6, 10, 25]
[2, 3, 7, 8, 9]
[16, 17, 18, 19, 20, 21, 22, 23, 24, 25, 26, 27, 28]


6
process id 5
stats
5, 15, 7, 100, 1000
20220818-184602
loosing coalitions taken
[3, 4, 5, 20, 24]
[2, 3, 6, 13]
[1, 2, 8, 14, 17]
[1, 4, 7, 9, 16]
[2, 4, 5, 17]
[1, 5, 6, 12, 23]
[1, 3, 7, 14, 19]
[1, 2, 9, 10, 11]
[1, 3, 8, 11, 15]
[1, 4, 6, 27]
[2, 3, 5, 22]
[3, 4, 6, 8]
[1, 2, 7, 12, 21]
[1, 4, 8, 10, 13]
[16, 17, 18, 19, 20, 21, 22, 23, 24, 25, 26, 27, 28]


6
process id 2
stats
5, 15, 7, 100, 1000
20220818-184603
loosing coalitions taken
[2, 3, 7, 8, 9]
[1, 5, 6, 13, 24]
[3, 4, 6, 9, 22]
[2, 4, 6, 15, 19]
[1, 2, 7, 12, 24]
[1, 2, 9, 11, 13]
[1, 3, 8, 11, 16]
[1, 4, 7, 11, 17]
[2, 4, 5, 20]
[1, 3, 7, 14, 18]
[3, 4, 5, 17, 27]
[2, 3, 6, 11]
[1, 4, 6, 27]
[2, 3, 5, 22]
[16, 17, 18, 19, 20, 21, 22, 23, 24, 25, 26, 27, 28]


5
process id 0
stats
5, 15, 7, 100, 1000
20220818-184603
loosing coalitions taken
[1, 5, 6, 10, 26]
[1, 2, 7, 11, 26]
[1, 2, 10, 12, 14]
[3, 4, 6, 13, 21]
[2, 4, 6, 16, 19]
[1, 4, 7, 8]
[2, 4, 5, 18]
[1, 3, 9, 10, 11]
[2, 3, 6, 11]
[1, 3, 7, 12, 21]
[1, 4, 6, 25]
[2, 3, 5, 20]
[3, 4, 5, 16]
[1, 2, 8, 9, 21]
[16, 17, 18, 19, 20, 21, 22, 23, 24, 25, 26, 27, 28]


6
process id 3
stats
5, 15, 7, 100, 1000
20220818-184603
loosing coalitions taken
[2, 3, 6, 14]
[1, 4, 7, 11, 16]
[1, 3, 7, 15, 21]
[1, 2, 9, 12, 13]
[3, 4, 5, 19, 26]
[2, 4, 5, 20, 27]
[1, 3, 8, 13, 16]
[1, 4, 8, 10, 12]
[2, 3, 5, 24, 25]
[2, 5, 6, 7, 16]
[1, 2, 8, 14, 20]
[1, 4, 6, 26]
[3, 4, 6, 12, 16]
[1, 5, 6, 9, 24]
[16, 17, 18, 19, 20, 21, 22, 23, 24, 25, 26, 27, 28]


6
process id 5
stats
5, 15, 7, 100, 1000
20220818-184604
loosing coalitions taken
[1, 3, 7, 12, 22]
[1, 5, 6, 10, 26]
[1, 4, 7, 10, 19]
[1, 2, 9, 12, 14]
[1, 3, 8, 11, 18]
[2, 4, 6, 15, 21]
[1, 2, 7, 16, 21]
[2, 3, 5, 24]
[3, 4, 5, 14]
[2, 3, 6, 14]
[2, 4, 5, 17]
[3, 4, 6, 8]
[1, 4, 6, 27]
[1, 2, 8, 15, 17]
[16, 17, 18, 19, 20, 21, 22, 23, 24, 25, 26, 27, 28]


5
process id 6
stats
5, 15, 7, 100, 1000
20220818-184604
loosing coalitions taken
[2, 3, 6, 18, 20]
[3, 4, 6, 13, 19]
[1, 5, 6, 15, 20]
[2, 3, 5, 23]
[1, 3, 7, 14, 18]
[1, 2, 10, 11, 12]
[1, 3, 8, 11, 17]
[1, 2, 8, 9, 18]
[2, 4, 6, 10, 22]
[1, 2, 7, 16, 19]
[1, 4, 6, 26]
[2, 4, 5, 15]
[1, 4, 7, 8]
[3, 4, 5, 14]
[16, 17, 18, 19, 20, 21, 22, 23, 24, 25, 26, 27, 28]


5
process id 0
stats
5, 15, 7, 100, 1000
20220818-184605
loosing coalitions taken
[1, 5, 6, 10, 23]
[1, 2, 10, 11, 13]
[2, 3, 6, 12]
[1, 2, 7, 16, 17]
[1, 3, 7, 11, 23]
[3, 4, 5, 20, 21]
[2, 4, 5, 18]
[2, 4, 6, 9, 22]
[1, 2, 8, 9, 21]
[1, 3, 8, 14, 16]
[1, 4, 7, 8]
[2, 3, 5, 22]
[1, 4, 6, 26]
[3, 4, 6, 10, 19]
[16, 17, 18, 19, 20, 21, 22, 23, 24, 25, 26, 27, 28]


6
process id 7
stats
5, 15, 7, 100, 1000
20220818-184607
loosing coalitions taken
[2, 3, 6, 18, 21]
[1, 3, 7, 12, 22]
[3, 4, 5, 17, 25]
[1, 2, 7, 9, 23]
[2, 4, 5, 20, 27]
[1, 4, 7, 10, 16]
[2, 3, 5, 24]
[1, 2, 8, 14, 19]
[2, 4, 6, 13, 22]
[1, 2, 10, 12, 13]
[3, 4, 6, 11, 19]
[1, 5, 6, 9, 25]
[1, 4, 8, 9, 12]
[1, 4, 6, 28]
[16, 17, 18, 19, 20, 21, 22, 23, 24, 25, 26, 27, 28]


6
process id 1
stats
5, 15, 7, 100, 1000
20220818-184607
loosing coalitions taken
[3, 4, 5, 16]
[1, 5, 6, 9, 23]
[1, 3, 7, 13, 22]
[1, 3, 8, 11, 19]
[2, 3, 6, 14]
[1, 2, 8, 13, 20]
[1, 2, 9, 10, 12]
[1, 2, 7, 17, 19]
[2, 4, 5, 19, 25]
[2, 3, 5, 24]
[1, 4, 6, 25]
[2, 4, 6, 12, 20]
[3, 4, 6, 10, 17]
[1, 4, 8, 12, 14]
[16, 17, 18, 19, 20, 21, 22, 23, 24, 25, 26, 27, 28]


6
process id 4
stats
5, 15, 7, 100, 1000
20220818-184608
loosing coalitions taken
[1, 4, 8, 10, 13]
[1, 3, 8, 12, 18]
[1, 3, 7, 9, 22]
[1, 2, 7, 10, 25]
[2, 4, 5, 21, 24]
[2, 3, 6, 13, 26]
[3, 4, 5, 15]
[1, 5, 6, 11, 21]
[1, 4, 6, 25]
[3, 4, 6, 8]
[2, 3, 5, 20]
[1, 4, 7, 11, 16]
[2, 4, 6, 12, 23]
[1, 2, 8, 15, 17]
[16, 17, 18, 19, 20, 21, 22, 23, 24, 25, 26, 27, 28]


5
process id 7
stats
5, 15, 7, 100, 1000
20220818-184608
loosing coalitions taken
[2, 4, 5, 20]
[1, 2, 7, 15, 22]
[1, 2, 8, 14, 17]
[1, 4, 7, 8]
[1, 2, 9, 10, 13]
[2, 3, 6, 19, 21]
[3, 4, 5, 15]
[2, 3, 5, 25]
[3, 4, 6, 8]
[1, 4, 6, 26]
[1, 3, 7, 11, 23]
[1, 5, 6, 15, 19]
[1, 3, 8, 10, 16]
[2, 4, 6, 12, 22]
[16, 17, 18, 19, 20, 21, 22, 23, 24, 25, 26, 27, 28]


6
process id 3
stats
5, 15, 7, 100, 1000
20220818-184608
loosing coalitions taken
[2, 3, 5, 24]
[1, 2, 7, 13, 23]
[1, 2, 8, 15, 16]
[1, 4, 8, 10, 13]
[1, 5, 6, 11, 25]
[1, 2, 9, 12, 14]
[2, 4, 6, 16, 19]
[1, 3, 8, 12, 19]
[1, 4, 6, 26]
[3, 4, 6, 8]
[2, 4, 5, 20, 27]
[2, 3, 6, 11, 27]
[1, 3, 7, 9, 22]
[3, 4, 5, 13]
[16, 17, 18, 19, 20, 21, 22, 23, 24, 25, 26, 27, 28]


6
process id 0
stats
5, 15, 7, 100, 1000
20220818-184609
loosing coalitions taken
[1, 5, 6, 16, 19]
[3, 4, 6, 13, 19]
[1, 4, 7, 8]
[1, 2, 9, 10, 13]
[2, 3, 5, 23]
[2, 4, 5, 20, 26]
[1, 4, 6, 26]
[1, 3, 7, 14, 17]
[3, 4, 5, 17, 21]
[2, 3, 6, 11]
[1, 3, 8, 13, 15]
[1, 2, 7, 16, 21]
[1, 2, 8, 11, 19]
[2, 4, 6, 9, 21]
[16, 17, 18, 19, 20, 21, 22, 23, 24, 25, 26, 27, 28]


6
process id 5
stats
5, 15, 7, 100, 1000
20220818-184609
loosing coalitions taken
[2, 3, 6, 14]
[1, 2, 10, 11, 12]
[1, 4, 7, 9, 19]
[2, 4, 5, 20]
[1, 2, 7, 17, 18]
[1, 3, 8, 9, 20]
[1, 4, 6, 26]
[3, 4, 5, 16]
[1, 4, 8, 10, 14]
[2, 3, 5, 22]
[3, 4, 6, 8]
[1, 2, 8, 15, 16]
[1, 5, 6, 16, 19]
[2, 4, 6, 12, 21]
[16, 17, 18, 19, 20, 21, 22, 23, 24, 25, 26, 27, 28]


5
process id 3
stats
5, 15, 7, 100, 1000
20220818-184609
loosing coalitions taken
[1, 2, 10, 11, 12]
[1, 4, 7, 8]
[2, 4, 5, 20]
[2, 3, 6, 17, 18]
[1, 4, 6, 27]
[2, 4, 6, 11, 23]
[3, 4, 6, 14, 19]
[1, 2, 7, 9]
[3, 4, 5, 13]
[2, 3, 5, 23]
[1, 3, 8, 12, 19]
[1, 5, 6, 16, 17]
[1, 3, 7, 11, 18]
[1, 2, 8, 13, 20]
[16, 17, 18, 19, 20, 21, 22, 23, 24, 25, 26, 27, 28]


6
process id 6
stats
5, 15, 7, 100, 1000
20220818-184610
loosing coalitions taken
[1, 4, 8, 9, 13]
[1, 2, 10, 12, 13]
[1, 3, 7, 12, 20]
[2, 3, 6, 10]
[1, 2, 7, 15, 21]
[1, 2, 8, 14, 18]
[1, 4, 6, 26]
[2, 4, 5, 21, 28]
[2, 3, 5, 24]
[1, 5, 6, 11, 24]
[3, 4, 5, 16]
[1, 3, 8, 10, 15]
[2, 4, 6, 11, 19]
[3, 4, 6, 13, 18]
[16, 17, 18, 19, 20, 21, 22, 23, 24, 25, 26, 27, 28]


6
process id 5
stats
5, 15, 7, 100, 1000
20220818-184611
loosing coalitions taken
[2, 3, 6, 13, 28]
[3, 4, 5, 16]
[1, 5, 6, 15, 21]
[1, 3, 7, 13, 19]
[1, 2, 10, 12, 14]
[1, 2, 7, 9]
[2, 4, 5, 17]
[2, 3, 5, 23]
[2, 4, 6, 14, 22]
[1, 4, 7, 8]
[3, 4, 6, 8, 26]
[1, 4, 6, 28]
[1, 2, 8, 11, 18]
[1, 3, 8, 15, 16]
[16, 17, 18, 19, 20, 21, 22, 23, 24, 25, 26, 27, 28]


5
process id 4
stats
5, 15, 7, 100, 1000
20220818-184611
loosing coalitions taken
[3, 4, 5, 15]
[1, 5, 6, 16, 19]
[2, 3, 6, 14]
[1, 4, 8, 9, 14]
[1, 3, 8, 13, 16]
[3, 4, 6, 8]
[1, 2, 7, 9]
[2, 3, 5, 23]
[2, 4, 5, 17, 25]
[1, 3, 7, 14, 17]
[1, 2, 8, 11, 21]
[1, 4, 6, 25]
[2, 4, 6, 15, 16]
[1, 3, 9, 10, 11]
[16, 17, 18, 19, 20, 21, 22, 23, 24, 25, 26, 27, 28]


6
process id 6
stats
5, 15, 7, 100, 1000
20220818-184612
loosing coalitions taken
[1, 3, 7, 14, 22]
[1, 2, 7, 9]
[2, 3, 6, 13]
[1, 3, 8, 12, 19]
[1, 4, 6, 28]
[2, 4, 5, 19]
[2, 3, 5, 25, 26]
[3, 4, 5, 14]
[3, 4, 6, 11, 21]
[1, 2, 8, 13, 20]
[1, 4, 7, 8]
[1, 5, 6, 10, 23]
[2, 4, 6, 10, 20]
[1, 2, 10, 12, 14]
[16, 17, 18, 19, 20, 21, 22, 23, 24, 25, 26, 27, 28]


6
process id 2
stats
5, 15, 7, 100, 1000
20220818-184613
loosing coalitions taken
[1, 4, 7, 11, 17]
[1, 2, 10, 12, 14]
[1, 3, 7, 10, 22]
[2, 4, 5, 20]
[1, 4, 8, 9, 15]
[3, 4, 6, 13, 18]
[1, 2, 7, 9]
[1, 5, 6, 13, 21]
[1, 3, 8, 12, 16]
[2, 4, 6, 12, 23]
[2, 3, 6, 17, 19]
[2, 3, 5, 24]
[1, 4, 6, 27, 28]
[3, 4, 5, 15]
[16, 17, 18, 19, 20, 21, 22, 23, 24, 25, 26, 27, 28]


5
process id 3
stats
5, 15, 7, 100, 1000
20220818-184613
loosing coalitions taken
[1, 5, 6, 16, 17]
[1, 2, 8, 12, 19]
[2, 3, 6, 10]
[2, 4, 5, 20]
[1, 2, 9, 11, 14]
[1, 2, 7, 13, 23]
[1, 3, 7, 9, 22]
[3, 4, 6, 15, 17]
[2, 3, 5, 24]
[1, 4, 6, 26]
[1, 4, 7, 8, 24]
[2, 4, 6, 13, 18]
[3, 4, 5, 14]
[1, 3, 8, 13, 14]
[16, 17, 18, 19, 20, 21, 22, 23, 24, 25, 26, 27, 28]


5
process id 6
stats
5, 15, 7, 100, 1000
20220818-184613
loosing coalitions taken
[3, 4, 6, 11, 21]
[2, 4, 5, 17]
[1, 4, 7, 9, 18]
[1, 2, 8, 14, 19]
[2, 3, 6, 12]
[1, 3, 8, 10, 16]
[1, 5, 6, 15, 21]
[1, 2, 7, 16, 21]
[3, 4, 5, 19, 24]
[2, 3, 5, 25]
[2, 3, 7, 8, 9]
[1, 4, 6, 26]
[2, 4, 6, 9, 20]
[1, 3, 7, 11, 22]
[16, 17, 18, 19, 20, 21, 22, 23, 24, 25, 26, 27, 28]


6
process id 1
stats
5, 15, 7, 100, 1000
20220818-184615
loosing coalitions taken
[1, 2, 8, 12, 19]
[1, 2, 9, 11, 14]
[1, 3, 9, 10, 12]
[1, 3, 7, 15, 16]
[2, 4, 6, 9, 23]
[3, 4, 6, 11, 20]
[1, 3, 8, 11, 17]
[1, 2, 7, 13, 23]
[2, 3, 5, 23, 26]
[2, 3, 6, 10]
[3, 4, 5, 15]
[1, 5, 6, 13, 24]
[1, 4, 7, 8, 28]
[1, 4, 6, 27]
[16, 17, 18, 19, 20, 21, 22, 23, 24, 25, 26, 27, 28]


6
process id 0
stats
5, 15, 7, 100, 1000
20220818-184616
loosing coalitions taken
[1, 5, 6, 16, 17]
[2, 4, 5, 16]
[1, 3, 8, 9, 20]
[1, 4, 7, 13, 15]
[1, 2, 7, 17, 18]
[1, 3, 7, 14, 19]
[1, 2, 8, 13, 19]
[3, 4, 6, 13, 17]
[2, 3, 6, 18, 19]
[2, 3, 7, 8, 10]
[1, 4, 6, 27, 28]
[2, 3, 5, 24, 28]
[2, 4, 6, 12, 23]
[3, 4, 5, 14]
[16, 17, 18, 19, 20, 21, 22, 23, 24, 25, 26, 27, 28]


6
process id 1
stats
5, 15, 7, 100, 1000
20220818-184617
loosing coalitions taken
[1, 2, 7, 11, 25]
[1, 2, 10, 12, 13]
[1, 3, 7, 14, 22]
[1, 3, 8, 12, 17]
[1, 2, 8, 14, 20]
[2, 4, 6, 10, 21]
[2, 3, 6, 14, 23]
[1, 4, 8, 9, 11]
[1, 5, 6, 16, 19]
[3, 4, 5, 16]
[2, 3, 5, 20]
[1, 4, 7, 10, 17]
[1, 4, 6, 27]
[2, 4, 5, 18]
[16, 17, 18, 19, 20, 21, 22, 23, 24, 25, 26, 27, 28]


6
process id 7
stats
5, 15, 7, 100, 1000
20220818-184618
loosing coalitions taken
[1, 3, 7, 16, 17]
[3, 4, 5, 16]
[1, 4, 7, 8]
[2, 3, 6, 14, 27]
[2, 4, 6, 15, 19]
[1, 3, 9, 10, 12]
[2, 4, 5, 18, 27]
[2, 3, 5, 25]
[3, 4, 6, 13, 18]
[1, 3, 8, 13, 15]
[1, 2, 8, 12, 17]
[1, 4, 6, 27]
[1, 5, 6, 10, 25]
[1, 2, 7, 9]
[16, 17, 18, 19, 20, 21, 22, 23, 24, 25, 26, 27, 28]


6
process id 6
stats
5, 15, 7, 100, 1000
20220818-184618
loosing coalitions taken
[1, 2, 9, 11, 12]
[1, 5, 6, 12, 24]
[1, 4, 7, 10, 19]
[3, 4, 6, 10, 21]
[1, 3, 8, 9, 19]
[2, 3, 6, 14]
[1, 4, 8, 12, 13]
[2, 4, 5, 17]
[1, 2, 7, 13, 23]
[2, 3, 5, 23]
[3, 4, 5, 19, 26]
[1, 4, 6, 25]
[2, 4, 6, 11, 20]
[1, 2, 8, 14, 18]
[16, 17, 18, 19, 20, 21, 22, 23, 24, 25, 26, 27, 28]


5
process id 6
stats
5, 15, 7, 100, 1000
20220818-184619
loosing coalitions taken
[1, 3, 7, 9, 23]
[2, 3, 6, 13]
[1, 2, 8, 9, 20]
[1, 3, 8, 12, 18]
[1, 4, 7, 14, 15]
[1, 2, 7, 11, 26]
[3, 4, 5, 15]
[2, 3, 5, 24]
[2, 4, 6, 12, 21]
[2, 4, 5, 18]
[1, 5, 6, 16, 19]
[1, 4, 6, 25]
[1, 4, 8, 11, 13]
[3, 4, 6, 10, 19]
[16, 17, 18, 19, 20, 21, 22, 23, 24, 25, 26, 27, 28]


6
process id 5
stats
5, 15, 7, 100, 1000
20220818-184619
loosing coalitions taken
[3, 4, 5, 16]
[1, 2, 7, 16, 19]
[1, 2, 8, 15, 17]
[1, 4, 7, 8]
[1, 5, 6, 11, 25]
[2, 3, 6, 9]
[2, 3, 5, 25, 26]
[1, 3, 7, 14, 22]
[1, 3, 8, 9, 16]
[3, 4, 6, 8]
[1, 2, 9, 12, 14]
[2, 4, 5, 17]
[1, 4, 6, 27, 28]
[2, 4, 6, 13, 20]
[16, 17, 18, 19, 20, 21, 22, 23, 24, 25, 26, 27, 28]


5
process id 5
stats
5, 15, 7, 100, 1000
20220818-184621
loosing coalitions taken
[1, 2, 8, 14, 20]
[1, 5, 6, 13, 23]
[1, 2, 9, 12, 13]
[1, 4, 7, 8]
[3, 4, 6, 14, 20]
[2, 3, 5, 23]
[1, 4, 6, 26]
[3, 4, 5, 15]
[2, 3, 6, 13]
[1, 3, 8, 12, 17]
[2, 4, 5, 16]
[2, 4, 6, 12, 21]
[1, 3, 7, 10, 22]
[1, 2, 7, 11, 27]
[16, 17, 18, 19, 20, 21, 22, 23, 24, 25, 26, 27, 28]


6
process id 3
stats
5, 15, 7, 100, 1000
20220818-184621
loosing coalitions taken
[1, 3, 8, 15, 16]
[1, 4, 7, 8]
[1, 5, 6, 9, 26]
[1, 2, 10, 11, 13]
[1, 4, 6, 25]
[2, 4, 5, 19]
[2, 3, 6, 9]
[1, 3, 9, 10, 12]
[3, 4, 5, 18, 26]
[2, 3, 5, 22]
[3, 4, 6, 13, 17]
[1, 2, 7, 12, 22]
[2, 4, 6, 15, 16]
[2, 5, 6, 7, 14]
[16, 17, 18, 19, 20, 21, 22, 23, 24, 25, 26, 27, 28]


5
process id 4
stats
5, 15, 7, 100, 1000
20220818-184622
loosing coalitions taken
[1, 3, 7, 11, 21]
[1, 5, 6, 13, 20]
[1, 2, 8, 14, 16]
[1, 2, 7, 17, 19]
[2, 3, 6, 10]
[1, 3, 8, 9, 17]
[1, 2, 9, 11, 13]
[2, 4, 5, 20]
[3, 4, 5, 21, 23]
[2, 3, 5, 24, 25]
[1, 4, 6, 26, 28]
[3, 4, 6, 11, 19]
[1, 4, 8, 10, 11]
[1, 4, 7, 13, 16]
[16, 17, 18, 19, 20, 21, 22, 23, 24, 25, 26, 27, 28]


6
process id 7
stats
5, 15, 7, 100, 1000
20220818-184622
loosing coalitions taken
[1, 2, 7, 10, 27]
[1, 3, 8, 10, 18]
[3, 4, 6, 14, 18]
[1, 5, 6, 16, 20]
[3, 4, 5, 16]
[1, 2, 9, 12, 13]
[2, 3, 6, 11, 28]
[2, 4, 5, 18]
[2, 3, 5, 22]
[1, 4, 6, 27]
[1, 4, 7, 14, 15]
[2, 4, 6, 10, 19]
[1, 2, 8, 11, 21]
[1, 3, 7, 11, 19]
[16, 17, 18, 19, 20, 21, 22, 23, 24, 25, 26, 27, 28]


6
process id 6
stats
5, 15, 7, 100, 1000
20220818-184623
loosing coalitions taken
[2, 3, 5, 22]
[1, 3, 8, 11, 17]
[1, 3, 7, 10, 21]
[1, 4, 7, 11, 16]
[1, 2, 9, 11, 14]
[1, 2, 8, 12, 18]
[1, 5, 6, 13, 23]
[1, 4, 6, 26]
[2, 3, 6, 15, 24]
[3, 4, 5, 13]
[2, 4, 5, 19, 23]
[3, 4, 6, 12, 21]
[1, 2, 7, 15, 22]
[2, 4, 6, 13, 18]
[16, 17, 18, 19, 20, 21, 22, 23, 24, 25, 26, 27, 28]


6
process id 0
stats
5, 15, 7, 100, 1000
20220818-184624
loosing coalitions taken
[2, 3, 6, 14]
[1, 2, 9, 12, 13]
[1, 4, 7, 8, 25]
[1, 3, 8, 9, 18]
[3, 4, 5, 16]
[1, 2, 7, 15, 21]
[1, 2, 8, 10, 19]
[2, 4, 5, 19]
[2, 3, 5, 26, 28]
[1, 5, 6, 12, 24]
[1, 3, 7, 13, 22]
[1, 4, 6, 28]
[3, 4, 6, 8]
[2, 4, 6, 13, 21]
[16, 17, 18, 19, 20, 21, 22, 23, 24, 25, 26, 27, 28]


6
process id 2
stats
5, 15, 7, 100, 1000
20220818-184624
loosing coalitions taken
[2, 3, 6, 10]
[1, 2, 7, 15, 19]
[3, 4, 5, 18, 26]
[2, 4, 5, 20]
[1, 3, 7, 11, 22]
[1, 4, 6, 28]
[1, 3, 8, 14, 15]
[1, 2, 9, 11, 14]
[1, 2, 10, 12, 13]
[2, 3, 5, 24]
[3, 4, 6, 9, 20]
[1, 4, 7, 12, 16]
[1, 5, 6, 10, 24]
[2, 4, 6, 14, 21]
[16, 17, 18, 19, 20, 21, 22, 23, 24, 25, 26, 27, 28]


6
process id 7
stats
5, 15, 7, 100, 1000
20220818-184624
loosing coalitions taken
[2, 3, 6, 14]
[1, 3, 8, 12, 17]
[1, 2, 8, 13, 19]
[3, 4, 5, 16]
[1, 2, 9, 10, 11]
[1, 4, 7, 8]
[2, 4, 5, 19, 27]
[2, 3, 5, 22]
[1, 4, 6, 25]
[2, 4, 6, 10, 23]
[1, 3, 7, 15, 18]
[1, 5, 6, 11, 23]
[1, 2, 7, 16, 20]
[3, 4, 6, 8]
[16, 17, 18, 19, 20, 21, 22, 23, 24, 25, 26, 27, 28]


6
process id 3
stats
5, 15, 7, 100, 1000
20220818-184625
loosing coalitions taken
[2, 4, 6, 11, 22]
[1, 4, 7, 8]
[1, 5, 6, 12, 23]
[1, 2, 10, 12, 13]
[2, 4, 5, 20]
[3, 4, 5, 14]
[1, 4, 6, 25]
[2, 3, 6, 10]
[1, 2, 7, 9, 26]
[3, 4, 6, 13, 21]
[1, 2, 8, 14, 20]
[2, 3, 5, 24]
[1, 3, 8, 15, 16]
[1, 3, 7, 11, 21]
[16, 17, 18, 19, 20, 21, 22, 23, 24, 25, 26, 27, 28]


5
process id 7
stats
5, 15, 7, 100, 1000
20220818-184626
loosing coalitions taken
[1, 3, 8, 11, 18]
[1, 4, 8, 13, 14]
[1, 4, 7, 10, 17]
[1, 2, 9, 11, 13]
[1, 3, 7, 9, 22]
[1, 2, 7, 15, 21]
[2, 4, 5, 16]
[2, 3, 5, 24]
[2, 3, 6, 9]
[3, 4, 5, 15]
[2, 4, 6, 10, 20]
[1, 4, 6, 27]
[1, 5, 6, 11, 24]
[2, 3, 7, 8, 10]
[16, 17, 18, 19, 20, 21, 22, 23, 24, 25, 26, 27, 28]


6
process id 4
stats
5, 15, 7, 100, 1000
20220818-184626
loosing coalitions taken
[1, 2, 8, 13, 20]
[1, 5, 6, 9, 25]
[1, 4, 8, 11, 14]
[1, 3, 8, 9, 18]
[2, 4, 5, 18]
[1, 2, 7, 9]
[1, 4, 6, 27]
[2, 3, 6, 11]
[3, 4, 5, 19, 26]
[3, 4, 6, 8]
[1, 3, 7, 10, 24]
[2, 3, 5, 20]
[2, 4, 6, 10, 24]
[1, 4, 7, 13, 15]
[16, 17, 18, 19, 20, 21, 22, 23, 24, 25, 26, 27, 28]


6
process id 2
stats
5, 15, 7, 100, 1000
20220818-184627
loosing coalitions taken
[1, 4, 8, 10, 14]
[2, 4, 6, 10, 21]
[1, 2, 7, 16, 19]
[3, 4, 5, 17, 27]
[1, 3, 9, 10, 11]
[1, 2, 8, 13, 18]
[2, 4, 5, 19]
[2, 3, 6, 11]
[1, 3, 7, 14, 18]
[1, 4, 7, 13, 15]
[1, 5, 6, 14, 22]
[2, 3, 5, 24]
[1, 4, 6, 25]
[3, 4, 6, 12, 20]
[16, 17, 18, 19, 20, 21, 22, 23, 24, 25, 26, 27, 28]


5
process id 0
stats
5, 15, 7, 100, 1000
20220818-184628
loosing coalitions taken
[1, 5, 6, 13, 23]
[1, 3, 8, 11, 19]
[1, 4, 8, 10, 15]
[1, 2, 7, 15, 21]
[1, 3, 7, 14, 22]
[1, 4, 7, 11, 16]
[1, 2, 10, 12, 13]
[1, 2, 8, 14, 20]
[2, 4, 5, 17, 23]
[3, 4, 5, 15]
[2, 3, 5, 20]
[1, 4, 6, 28]
[2, 4, 6, 13, 19]
[3, 4, 6, 8]
[16, 17, 18, 19, 20, 21, 22, 23, 24, 25, 26, 27, 28]


5
process id 4
stats
5, 15, 7, 100, 1000
20220818-184629
loosing coalitions taken
[1, 3, 8, 11, 19]
[3, 4, 5, 19, 25]
[1, 5, 6, 10, 26]
[1, 2, 9, 10, 13]
[2, 3, 6, 9]
[2, 4, 5, 15]
[2, 4, 6, 13, 18]
[2, 3, 5, 20]
[1, 4, 7, 8, 22]
[1, 2, 8, 15, 17]
[3, 4, 6, 8]
[1, 4, 6, 25]
[1, 3, 7, 15, 18]
[1, 2, 7, 14, 24]
[16, 17, 18, 19, 20, 21, 22, 23, 24, 25, 26, 27, 28]


6
process id 0
stats
5, 15, 7, 100, 1000
20220818-184630
loosing coalitions taken
[1, 5, 6, 10, 25]
[1, 3, 7, 11, 22]
[3, 4, 5, 17, 28]
[2, 3, 6, 11]
[1, 3, 9, 10, 12]
[1, 2, 8, 15, 17]
[1, 4, 8, 11, 14]
[1, 4, 7, 9, 19]
[1, 4, 6, 28]
[2, 4, 5, 20]
[2, 5, 6, 8, 12]
[1, 2, 7, 16, 21]
[3, 4, 6, 9, 18]
[2, 3, 5, 23]
[16, 17, 18, 19, 20, 21, 22, 23, 24, 25, 26, 27, 28]


5
process id 7
stats
5, 15, 7, 100, 1000
20220818-184631
loosing coalitions taken
[1, 3, 8, 12, 16]
[2, 3, 6, 12]
[1, 4, 7, 13, 15]
[1, 5, 6, 11, 23]
[1, 2, 7, 9]
[3, 4, 5, 15]
[2, 4, 5, 16]
[1, 4, 6, 28]
[3, 4, 6, 8]
[1, 3, 7, 10, 24]
[2, 4, 6, 15, 18]
[1, 2, 8, 14, 18]
[1, 4, 8, 9, 11]
[2, 3, 5, 22]
[16, 17, 18, 19, 20, 21, 22, 23, 24, 25, 26, 27, 28]


6
process id 5
stats
5, 15, 7, 100, 1000
20220818-184631
loosing coalitions taken
[1, 5, 6, 13, 22]
[1, 2, 7, 11, 25]
[1, 3, 7, 12, 22]
[2, 5, 6, 8, 10]
[2, 4, 6, 12, 22]
[2, 3, 6, 14]
[3, 4, 5, 16]
[1, 3, 8, 11, 18]
[2, 3, 5, 21]
[1, 4, 7, 10, 15]
[2, 4, 5, 17, 28]
[1, 4, 6, 26]
[3, 4, 6, 11, 17]
[1, 2, 8, 14, 15]
[16, 17, 18, 19, 20, 21, 22, 23, 24, 25, 26, 27, 28]


6
process id 2
stats
5, 15, 7, 100, 1000
20220818-184633
loosing coalitions taken
[1, 5, 6, 10, 25]
[1, 3, 7, 12, 22]
[2, 3, 7, 8, 9]
[3, 4, 5, 16]
[1, 2, 10, 12, 14]
[1, 4, 8, 10, 11]
[1, 2, 7, 16, 17]
[1, 4, 7, 9, 19]
[1, 3, 8, 13, 15]
[2, 4, 6, 13, 18]
[2, 3, 5, 20]
[2, 3, 6, 14, 24]
[1, 4, 6, 26]
[2, 4, 5, 15]
[16, 17, 18, 19, 20, 21, 22, 23, 24, 25, 26, 27, 28]


5
process id 0
stats
5, 15, 7, 100, 1000
20220818-184633
loosing coalitions taken
[1, 3, 7, 13, 22]
[1, 3, 8, 10, 17]
[1, 5, 6, 11, 25]
[2, 3, 6, 13]
[1, 2, 9, 12, 14]
[2, 3, 5, 22]
[3, 4, 5, 15]
[1, 4, 6, 26]
[3, 4, 6, 11, 16]
[2, 4, 5, 19]
[2, 4, 6, 10, 24]
[1, 2, 7, 17, 18]
[1, 2, 8, 11, 16]
[1, 4, 7, 8]
[16, 17, 18, 19, 20, 21, 22, 23, 24, 25, 26, 27, 28]


6
process id 1
stats
5, 15, 7, 100, 1000
20220818-184633
loosing coalitions taken
[1, 2, 8, 14, 19]
[2, 3, 6, 12]
[1, 2, 9, 10, 13]
[2, 4, 5, 19]
[1, 5, 6, 15, 20]
[1, 2, 7, 16, 20]
[1, 3, 7, 14, 22]
[1, 3, 8, 13, 16]
[2, 3, 5, 24, 28]
[3, 4, 6, 8]
[3, 4, 5, 16]
[1, 4, 7, 8, 24]
[2, 4, 6, 9, 21]
[1, 4, 6, 26, 27]
[16, 17, 18, 19, 20, 21, 22, 23, 24, 25, 26, 27, 28]


6
process id 4
stats
5, 15, 7, 100, 1000
20220818-184634
loosing coalitions taken
[1, 4, 7, 8]
[2, 3, 6, 13]
[3, 4, 5, 14]
[1, 2, 10, 11, 12]
[1, 2, 7, 14, 22]
[1, 4, 6, 27]
[2, 4, 6, 11, 20]
[2, 3, 5, 21]
[1, 3, 8, 9, 20]
[3, 4, 6, 15, 16]
[2, 4, 5, 17, 27]
[1, 5, 6, 9, 25]
[1, 2, 8, 13, 18]
[3, 5, 6, 7, 10]
[16, 17, 18, 19, 20, 21, 22, 23, 24, 25, 26, 27, 28]


5
process id 6
stats
5, 15, 7, 100, 1000
20220818-184636
loosing coalitions taken
[1, 3, 8, 12, 19]
[1, 5, 6, 9, 25]
[1, 3, 7, 16, 18]
[1, 2, 10, 12, 13]
[1, 4, 7, 11, 15]
[3, 4, 5, 17, 24]
[1, 2, 8, 15, 17]
[2, 4, 5, 20, 26]
[1, 2, 7, 9]
[2, 3, 6, 16, 17]
[2, 3, 5, 23]
[3, 4, 6, 9, 20]
[2, 4, 6, 12, 21]
[1, 4, 6, 26]
[16, 17, 18, 19, 20, 21, 22, 23, 24, 25, 26, 27, 28]


6
process id 4
stats
5, 15, 7, 100, 1000
20220818-184636
loosing coalitions taken
[2, 3, 6, 14]
[1, 4, 8, 9, 13]
[1, 2, 8, 10, 21]
[1, 5, 6, 12, 21]
[1, 3, 7, 10, 22]
[1, 4, 6, 28]
[2, 3, 5, 23]
[2, 4, 6, 15, 19]
[3, 4, 6, 8]
[1, 2, 7, 11, 25]
[2, 4, 5, 18]
[3, 4, 5, 16, 26]
[1, 4, 7, 14, 15]
[1, 3, 8, 12, 17]
[16, 17, 18, 19, 20, 21, 22, 23, 24, 25, 26, 27, 28]


6
process id 5
stats
5, 15, 7, 100, 1000
20220818-184636
loosing coalitions taken
[1, 2, 7, 10, 25]
[1, 4, 8, 9, 12]
[1, 5, 6, 15, 20]
[1, 2, 8, 13, 17]
[1, 3, 8, 10, 19]
[1, 3, 7, 13, 21]
[2, 4, 6, 11, 22]
[2, 3, 6, 12]
[1, 4, 6, 28]
[2, 4, 5, 18, 23]
[3, 4, 5, 14]
[2, 3, 5, 25]
[1, 4, 7, 14, 15]
[3, 4, 6, 8]
[16, 17, 18, 19, 20, 21, 22, 23, 24, 25, 26, 27, 28]


6
process id 0
stats
5, 15, 7, 100, 1000
20220818-184636
loosing coalitions taken
[1, 2, 10, 12, 13]
[3, 4, 5, 18, 25]
[1, 4, 7, 8]
[1, 3, 9, 10, 11]
[2, 3, 6, 13]
[3, 4, 6, 8]
[2, 3, 5, 21, 27]
[1, 5, 6, 16, 19]
[2, 4, 5, 15]
[1, 2, 7, 9, 27]
[1, 3, 8, 12, 18]
[1, 4, 6, 28]
[1, 2, 8, 14, 17]
[2, 4, 6, 12, 22]
[16, 17, 18, 19, 20, 21, 22, 23, 24, 25, 26, 27, 28]


6
process id 7
stats
5, 15, 7, 100, 1000
20220818-184638
loosing coalitions taken
[1, 2, 7, 9]
[1, 4, 8, 10, 13]
[1, 3, 8, 14, 15]
[1, 5, 6, 13, 22]
[2, 3, 6, 13]
[2, 4, 5, 18]
[2, 3, 5, 22, 28]
[1, 3, 7, 12, 18]
[3, 5, 6, 7, 11]
[3, 4, 5, 16]
[3, 4, 6, 8]
[1, 4, 6, 28]
[2, 4, 6, 9, 20]
[1, 2, 10, 12, 14]
[16, 17, 18, 19, 20, 21, 22, 23, 24, 25, 26, 27, 28]


6
process id 2
stats
5, 15, 7, 100, 1000
20220818-184639
loosing coalitions taken
[1, 3, 7, 9, 23]
[2, 3, 6, 19, 21]
[1, 2, 7, 13, 24]
[1, 2, 10, 11, 12]
[2, 5, 6, 8, 12]
[2, 4, 6, 14, 17]
[2, 3, 7, 8, 10]
[1, 3, 8, 11, 18]
[1, 5, 6, 10, 23]
[2, 3, 5, 25, 28]
[1, 4, 6, 26]
[3, 4, 5, 16, 24]
[2, 4, 5, 20]
[1, 2, 8, 15, 17]
[16, 17, 18, 19, 20, 21, 22, 23, 24, 25, 26, 27, 28]


5
process id 0
stats
5, 15, 7, 100, 1000
20220818-184640
loosing coalitions taken
[3, 4, 6, 9, 18]
[1, 2, 7, 16, 20]
[1, 3, 7, 12, 21]
[1, 2, 9, 11, 14]
[1, 3, 8, 10, 16]
[1, 4, 7, 8]
[2, 4, 6, 13, 19]
[3, 4, 5, 21, 24]
[2, 3, 5, 25]
[1, 4, 6, 27]
[1, 2, 8, 12, 18]
[2, 3, 6, 10]
[2, 4, 5, 20]
[1, 5, 6, 14, 18]
[16, 17, 18, 19, 20, 21, 22, 23, 24, 25, 26, 27, 28]


6
process id 4
stats
5, 15, 7, 100, 1000
20220818-184640
loosing coalitions taken
[1, 3, 7, 12, 20]
[2, 4, 5, 17, 28]
[2, 4, 6, 15, 20]
[1, 4, 8, 12, 14]
[3, 4, 6, 13, 17]
[1, 2, 7, 16, 17]
[3, 4, 5, 18, 23]
[2, 3, 5, 25]
[1, 3, 8, 11, 18]
[2, 3, 6, 11]
[1, 5, 6, 12, 23]
[1, 2, 9, 10, 13]
[1, 4, 7, 9, 15]
[1, 4, 6, 28]
[16, 17, 18, 19, 20, 21, 22, 23, 24, 25, 26, 27, 28]


5
process id 1
stats
5, 15, 7, 100, 1000
20220818-184642
loosing coalitions taken
[2, 4, 6, 16, 18]
[2, 4, 5, 17]
[1, 4, 7, 11, 16]
[2, 3, 6, 14]
[1, 4, 8, 9, 14]
[1, 2, 10, 12, 14]
[1, 4, 6, 27]
[3, 4, 5, 16, 23]
[1, 5, 6, 13, 20]
[1, 3, 7, 12, 19]
[1, 2, 7, 9, 25]
[2, 3, 5, 22]
[3, 4, 6, 8]
[1, 2, 8, 15, 16]
[16, 17, 18, 19, 20, 21, 22, 23, 24, 25, 26, 27, 28]


5
process id 3
stats
5, 15, 7, 100, 1000
20220818-184642
loosing coalitions taken
[1, 3, 8, 10, 18]
[2, 3, 6, 12]
[1, 3, 7, 9, 21]
[1, 2, 8, 11, 17]
[1, 2, 7, 15, 22]
[2, 4, 5, 19, 23]
[3, 4, 6, 8]
[1, 4, 7, 12, 16]
[1, 5, 6, 11, 22]
[2, 3, 5, 24]
[1, 4, 6, 25]
[3, 4, 5, 14]
[1, 2, 9, 12, 14]
[2, 4, 6, 15, 17]
[16, 17, 18, 19, 20, 21, 22, 23, 24, 25, 26, 27, 28]


6
process id 5
stats
5, 15, 7, 100, 1000
20220818-184643
loosing coalitions taken
[1, 2, 7, 12, 26]
[1, 3, 8, 11, 19]
[1, 5, 6, 13, 23]
[2, 3, 6, 12]
[1, 2, 10, 11, 13]
[1, 4, 7, 8]
[2, 3, 5, 25]
[3, 4, 6, 8]
[1, 4, 6, 26]
[3, 4, 5, 14]
[2, 4, 5, 17]
[2, 4, 6, 14, 19]
[1, 3, 7, 10, 17]
[1, 2, 8, 9, 18]
[16, 17, 18, 19, 20, 21, 22, 23, 24, 25, 26, 27, 28]


5
process id 2
stats
5, 15, 7, 100, 1000
20220818-184643
loosing coalitions taken
[2, 3, 6, 13]
[1, 2, 7, 14, 24]
[1, 3, 7, 16, 18]
[1, 2, 9, 10, 12]
[1, 3, 8, 9, 20]
[2, 4, 5, 15]
[1, 5, 6, 9, 21]
[3, 4, 5, 13]
[1, 4, 6, 25]
[2, 3, 5, 22]
[3, 4, 6, 8]
[2, 4, 6, 16, 17]
[1, 2, 8, 15, 16]
[1, 4, 7, 8]
[16, 17, 18, 19, 20, 21, 22, 23, 24, 25, 26, 27, 28]


5
process id 6
stats
5, 15, 7, 100, 1000
20220818-184643
loosing coalitions taken
[2, 4, 6, 15, 18]
[2, 3, 6, 14]
[3, 4, 5, 16, 25]
[1, 2, 7, 10, 23]
[1, 3, 7, 13, 20]
[1, 4, 8, 9, 13]
[1, 3, 8, 12, 18]
[1, 5, 6, 16, 18]
[1, 2, 8, 15, 17]
[2, 4, 5, 20]
[2, 3, 5, 21]
[1, 4, 6, 28]
[1, 4, 7, 14, 15]
[2, 3, 7, 8, 9]
[16, 17, 18, 19, 20, 21, 22, 23, 24, 25, 26, 27, 28]


5
process id 0
stats
5, 15, 7, 100, 1000
20220818-184644
loosing coalitions taken
[2, 3, 5, 24]
[2, 4, 6, 16, 19]
[3, 4, 6, 15, 17]
[1, 2, 9, 11, 13]
[2, 3, 6, 10]
[2, 4, 5, 15]
[1, 2, 7, 12, 26]
[1, 4, 7, 9, 15]
[1, 2, 8, 15, 16]
[1, 4, 6, 26]
[1, 4, 8, 11, 12]
[1, 3, 7, 10, 19]
[1, 5, 6, 9, 20]
[3, 4, 5, 13]
[16, 17, 18, 19, 20, 21, 22, 23, 24, 25, 26, 27, 28]


6
process id 1
stats
5, 15, 7, 100, 1000
20220818-184644
loosing coalitions taken
[3, 4, 6, 9, 19]
[1, 3, 8, 15, 16]
[1, 2, 7, 12, 23]
[1, 2, 9, 11, 13]
[2, 3, 5, 24]
[1, 5, 6, 14, 22]
[1, 4, 7, 10, 18]
[2, 3, 6, 13]
[2, 4, 5, 19]
[1, 4, 6, 27]
[3, 4, 5, 13]
[2, 4, 6, 11, 20]
[1, 2, 8, 14, 17]
[2, 3, 7, 8, 9]
[16, 17, 18, 19, 20, 21, 22, 23, 24, 25, 26, 27, 28]


6
process id 5
stats
5, 15, 7, 100, 1000
20220818-184645
loosing coalitions taken
[2, 3, 6, 11]
[1, 2, 7, 13, 23]
[1, 3, 8, 14, 16]
[1, 4, 8, 11, 12]
[3, 4, 5, 19, 22]
[1, 4, 7, 14, 15]
[2, 4, 5, 17]
[1, 2, 9, 10, 14]
[3, 4, 6, 13, 18]
[2, 3, 5, 24]
[1, 3, 7, 9, 24]
[2, 4, 6, 9, 21]
[1, 4, 6, 28]
[1, 5, 6, 10, 20]
[16, 17, 18, 19, 20, 21, 22, 23, 24, 25, 26, 27, 28]


6
process id 3
stats
5, 15, 7, 100, 1000
20220818-184646
loosing coalitions taken
[2, 3, 6, 12]
[1, 2, 8, 11, 19]
[1, 2, 9, 10, 14]
[1, 5, 6, 10, 24]
[1, 4, 6, 27]
[1, 2, 7, 13, 21]
[3, 4, 5, 20, 24]
[2, 4, 5, 19]
[2, 3, 5, 25]
[1, 4, 7, 8]
[3, 4, 6, 13, 18]
[1, 3, 7, 10, 22]
[2, 4, 6, 15, 17]
[1, 3, 8, 13, 14]
[16, 17, 18, 19, 20, 21, 22, 23, 24, 25, 26, 27, 28]


6
process id 2
stats
5, 15, 7, 100, 1000
20220818-184647
loosing coalitions taken
[2, 3, 6, 13]
[2, 4, 5, 17]
[1, 3, 7, 11, 23]
[1, 5, 6, 10, 25]
[1, 2, 7, 16, 18]
[1, 3, 8, 10, 16]
[1, 2, 9, 10, 14]
[1, 4, 6, 27]
[1, 4, 8, 9, 12]
[2, 3, 5, 22]
[3, 4, 5, 15]
[2, 4, 6, 14, 22]
[3, 4, 6, 8]
[1, 2, 8, 13, 20]
[16, 17, 18, 19, 20, 21, 22, 23, 24, 25, 26, 27, 28]


6
process id 4
stats
5, 15, 7, 100, 1000
20220818-184647
loosing coalitions taken
[1, 3, 7, 11, 20]
[1, 2, 9, 11, 13]
[1, 2, 7, 16, 17]
[1, 3, 8, 10, 16]
[3, 4, 5, 20, 23]
[2, 4, 5, 19]
[2, 3, 6, 11]
[1, 5, 6, 13, 20]
[1, 2, 10, 12, 14]
[2, 3, 5, 21]
[1, 4, 6, 28]
[2, 4, 6, 14, 17]
[3, 4, 6, 12, 21]
[1, 4, 7, 8]
[16, 17, 18, 19, 20, 21, 22, 23, 24, 25, 26, 27, 28]


6
process id 6
stats
5, 15, 7, 100, 1000
20220818-184647
loosing coalitions taken
[2, 4, 6, 14, 18]
[2, 3, 6, 10]
[1, 3, 7, 11, 23]
[1, 2, 8, 12, 20]
[1, 4, 8, 10, 11]
[1, 2, 7, 16, 21]
[1, 2, 9, 11, 14]
[1, 3, 8, 13, 15]
[1, 5, 6, 15, 16]
[1, 4, 6, 27]
[3, 4, 5, 13]
[2, 3, 5, 24]
[3, 4, 6, 9, 17]
[2, 4, 5, 19]
[16, 17, 18, 19, 20, 21, 22, 23, 24, 25, 26, 27, 28]


5
process id 0
stats
5, 15, 7, 100, 1000
20220818-184648
loosing coalitions taken
[2, 3, 5, 25]
[1, 4, 7, 8, 25]
[1, 2, 10, 11, 12]
[1, 3, 7, 14, 17]
[1, 2, 8, 13, 17]
[1, 2, 7, 9]
[3, 4, 6, 10, 21]
[2, 4, 5, 17]
[1, 4, 6, 28]
[2, 3, 6, 12, 27]
[2, 4, 6, 14, 18]
[3, 4, 5, 16]
[1, 5, 6, 9, 26]
[1, 3, 8, 9, 18]
[16, 17, 18, 19, 20, 21, 22, 23, 24, 25, 26, 27, 28]


6
process id 7
stats
5, 15, 7, 100, 1000
20220818-184648
loosing coalitions taken
[1, 3, 8, 9, 18]
[1, 2, 9, 11, 14]
[1, 5, 6, 10, 23]
[3, 4, 6, 13, 19]
[1, 4, 7, 8, 26]
[3, 4, 5, 17, 26]
[1, 3, 7, 13, 22]
[1, 2, 8, 12, 17]
[2, 4, 6, 11, 20]
[2, 3, 5, 22, 27]
[2, 3, 6, 12]
[1, 4, 6, 27]
[2, 4, 5, 18]
[1, 2, 7, 15, 20]
[16, 17, 18, 19, 20, 21, 22, 23, 24, 25, 26, 27, 28]


6
process id 1
stats
5, 15, 7, 100, 1000
20220818-184648
loosing coalitions taken
[1, 3, 8, 9, 20]
[1, 3, 7, 13, 19]
[1, 2, 8, 13, 17]
[1, 2, 7, 9]
[2, 3, 6, 11]
[1, 4, 6, 27, 28]
[3, 4, 6, 13, 21]
[3, 4, 5, 15]
[1, 5, 6, 16, 19]
[2, 3, 5, 24]
[2, 4, 5, 18]
[2, 4, 6, 15, 19]
[1, 2, 10, 12, 14]
[1, 4, 8, 10, 15]
[16, 17, 18, 19, 20, 21, 22, 23, 24, 25, 26, 27, 28]


6
process id 3
stats
5, 15, 7, 100, 1000
20220818-184649
loosing coalitions taken
[1, 3, 7, 13, 21]
[1, 4, 8, 9, 12]
[3, 4, 6, 15, 17]
[1, 2, 8, 15, 16]
[1, 2, 7, 9]
[1, 4, 6, 26]
[1, 5, 6, 14, 17]
[3, 4, 5, 18, 22]
[2, 3, 5, 23, 28]
[2, 4, 5, 19, 24]
[1, 3, 8, 11, 18]
[2, 5, 6, 7, 15]
[2, 3, 6, 9]
[2, 4, 6, 13, 21]
[16, 17, 18, 19, 20, 21, 22, 23, 24, 25, 26, 27, 28]


6
process id 2
stats
5, 15, 7, 100, 1000
20220818-184650
loosing coalitions taken
[1, 5, 6, 11, 25]
[1, 3, 7, 10, 23]
[1, 3, 8, 12, 17]
[1, 2, 7, 17, 18]
[1, 4, 7, 8, 25]
[1, 2, 8, 11, 21]
[3, 4, 5, 16]
[2, 3, 6, 14]
[2, 4, 6, 15, 20]
[2, 4, 5, 19]
[2, 3, 5, 25]
[1, 2, 9, 10, 13]
[1, 4, 6, 28]
[3, 4, 6, 12, 21]
[16, 17, 18, 19, 20, 21, 22, 23, 24, 25, 26, 27, 28]


6
process id 4
stats
5, 15, 7, 100, 1000
20220818-184650
loosing coalitions taken
[2, 3, 6, 14, 28]
[2, 4, 5, 21, 26]
[2, 4, 6, 9, 24]
[1, 2, 7, 17, 19]
[1, 2, 8, 14, 20]
[1, 2, 10, 11, 12]
[1, 4, 7, 8]
[1, 5, 6, 11, 25]
[1, 3, 7, 13, 21]
[3, 4, 5, 15]
[2, 3, 5, 24]
[3, 4, 6, 8, 26]
[1, 3, 8, 11, 17]
[1, 4, 6, 27]
[16, 17, 18, 19, 20, 21, 22, 23, 24, 25, 26, 27, 28]


6
process id 1
stats
5, 15, 7, 100, 1000
20220818-184650
loosing coalitions taken
[1, 3, 8, 9, 18]
[2, 3, 6, 14]
[2, 4, 5, 18]
[1, 2, 10, 12, 13]
[3, 4, 6, 8]
[2, 4, 6, 11, 21]
[1, 4, 7, 12, 16]
[1, 2, 8, 11, 20]
[1, 3, 7, 15, 19]
[1, 4, 6, 27]
[3, 4, 5, 14]
[2, 3, 5, 20]
[1, 2, 7, 14, 23]
[1, 5, 6, 9, 25]
[16, 17, 18, 19, 20, 21, 22, 23, 24, 25, 26, 27, 28]


6
process id 6
stats
5, 15, 7, 100, 1000
20220818-184651
loosing coalitions taken
[1, 2, 7, 10, 25]
[1, 4, 7, 8]
[2, 4, 5, 20]
[1, 5, 6, 15, 18]
[2, 3, 6, 14, 26]
[1, 2, 9, 11, 14]
[1, 4, 6, 28]
[1, 2, 8, 15, 16]
[2, 3, 5, 22]
[1, 3, 7, 14, 17]
[3, 4, 6, 8]
[3, 4, 5, 16]
[2, 4, 6, 10, 21]
[1, 3, 8, 12, 19]
[16, 17, 18, 19, 20, 21, 22, 23, 24, 25, 26, 27, 28]


6
process id 7
stats
5, 15, 7, 100, 1000
20220818-184653
loosing coalitions taken
[1, 2, 7, 9]
[3, 4, 5, 19, 24]
[1, 3, 8, 11, 17]
[1, 5, 6, 11, 24]
[2, 3, 6, 14]
[3, 4, 6, 8, 28]
[1, 4, 7, 8]
[2, 4, 5, 20, 26]
[2, 4, 6, 13, 21]
[2, 3, 5, 21]
[1, 4, 6, 26]
[1, 3, 7, 15, 21]
[1, 2, 10, 11, 12]
[1, 2, 8, 14, 15]
[16, 17, 18, 19, 20, 21, 22, 23, 24, 25, 26, 27, 28]


6
process id 2
stats
5, 15, 7, 100, 1000
20220818-184653
loosing coalitions taken
[3, 4, 5, 20, 24]
[3, 4, 6, 10, 17]
[1, 3, 8, 10, 16]
[1, 5, 6, 13, 24]
[2, 4, 6, 9, 24]
[1, 2, 8, 15, 17]
[2, 3, 5, 22]
[1, 2, 9, 11, 12]
[1, 3, 7, 15, 21]
[1, 2, 7, 16, 19]
[1, 4, 7, 8]
[2, 3, 6, 12]
[1, 4, 6, 25]
[2, 4, 5, 18, 28]
[16, 17, 18, 19, 20, 21, 22, 23, 24, 25, 26, 27, 28]


5
process id 4
stats
5, 15, 7, 100, 1000
20220818-184654
loosing coalitions taken
[1, 2, 7, 17, 18]
[1, 3, 7, 16, 19]
[1, 5, 6, 16, 20]
[2, 5, 6, 8, 12]
[1, 2, 8, 10, 19]
[1, 3, 9, 10, 11]
[2, 4, 6, 11, 21]
[1, 4, 7, 13, 15]
[2, 3, 7, 8, 9]
[2, 3, 5, 26, 27]
[2, 4, 5, 18]
[3, 4, 6, 12, 20]
[1, 4, 6, 26]
[2, 3, 6, 10]
[16, 17, 18, 19, 20, 21, 22, 23, 24, 25, 26, 27, 28]


5
process id 3
stats
5, 15, 7, 100, 1000
20220818-184655
loosing coalitions taken
[1, 3, 8, 11, 18]
[1, 2, 9, 12, 13]
[1, 2, 8, 14, 17]
[2, 4, 5, 17]
[2, 3, 6, 12]
[1, 3, 7, 13, 21]
[2, 3, 5, 25]
[3, 4, 5, 20, 23]
[2, 4, 6, 11, 22]
[1, 4, 7, 8]
[1, 4, 6, 26]
[1, 5, 6, 12, 20]
[3, 4, 6, 8]
[1, 2, 7, 10, 22]
[16, 17, 18, 19, 20, 21, 22, 23, 24, 25, 26, 27, 28]


6
process id 4
stats
5, 15, 7, 100, 1000
20220818-184657
loosing coalitions taken
[1, 2, 7, 15, 22]
[2, 3, 7, 8, 10]
[1, 3, 8, 15, 16]
[1, 2, 9, 10, 12]
[1, 4, 8, 11, 12]
[1, 4, 7, 10, 18]
[3, 4, 6, 12, 19]
[2, 4, 5, 20]
[2, 3, 6, 11]
[1, 3, 7, 14, 19]
[2, 4, 6, 14, 22]
[3, 4, 5, 16]
[2, 3, 5, 23]
[1, 4, 6, 26]
[16, 17, 18, 19, 20, 21, 22, 23, 24, 25, 26, 27, 28]


6
process id 7
stats
5, 15, 7, 100, 1000
20220818-184658
loosing coalitions taken
[2, 3, 6, 12]
[1, 3, 7, 10, 22]
[1, 2, 8, 14, 19]
[1, 3, 8, 9, 16]
[3, 4, 5, 21, 24]
[2, 4, 5, 19]
[1, 5, 6, 11, 25]
[2, 3, 5, 20]
[3, 4, 6, 13, 20]
[1, 4, 6, 28]
[1, 4, 7, 8, 24]
[1, 2, 7, 11, 27]
[1, 2, 10, 12, 13]
[2, 4, 6, 9, 21]
[16, 17, 18, 19, 20, 21, 22, 23, 24, 25, 26, 27, 28]


5
process id 1
stats
5, 15, 7, 100, 1000
20220818-184658
loosing coalitions taken
[1, 3, 8, 9, 20]
[1, 4, 7, 11, 16]
[1, 5, 6, 16, 19]
[2, 3, 5, 25]
[1, 3, 7, 14, 18]
[1, 2, 7, 10, 28]
[2, 4, 5, 16]
[1, 4, 6, 27]
[3, 4, 5, 15]
[2, 3, 6, 13]
[1, 2, 9, 11, 13]
[2, 4, 6, 11, 22]
[3, 4, 6, 8]
[1, 2, 8, 12, 19]
[16, 17, 18, 19, 20, 21, 22, 23, 24, 25, 26, 27, 28]


6
process id 6
stats
5, 15, 7, 100, 1000
20220818-184700
loosing coalitions taken
[1, 2, 8, 13, 19]
[1, 3, 8, 10, 18]
[1, 2, 9, 12, 14]
[1, 3, 7, 12, 22]
[1, 4, 7, 10, 19]
[2, 4, 6, 16, 19]
[2, 4, 5, 22, 24]
[2, 3, 5, 23, 26]
[3, 4, 5, 16]
[1, 2, 7, 16, 21]
[2, 3, 6, 9]
[1, 4, 6, 26]
[3, 4, 6, 8]
[1, 5, 6, 15, 20]
[16, 17, 18, 19, 20, 21, 22, 23, 24, 25, 26, 27, 28]


5
process id 0
stats
5, 15, 7, 100, 1000
20220818-184701
loosing coalitions taken
[1, 3, 7, 12, 22]
[1, 2, 8, 14, 18]
[2, 4, 5, 18]
[1, 3, 8, 9, 17]
[1, 2, 7, 11, 24]
[2, 3, 6, 14]
[1, 4, 6, 25]
[2, 3, 5, 23]
[3, 4, 5, 13]
[1, 4, 7, 9, 15]
[1, 4, 8, 11, 13]
[2, 4, 6, 15, 20]
[1, 5, 6, 12, 19]
[3, 4, 6, 8]
[16, 17, 18, 19, 20, 21, 22, 23, 24, 25, 26, 27, 28]


6
process id 5
stats
5, 15, 7, 100, 1000
20220818-184701
loosing coalitions taken
[1, 4, 7, 10, 18]
[1, 2, 7, 15, 22]
[1, 5, 6, 12, 21]
[2, 3, 6, 13, 25]
[1, 2, 8, 10, 20]
[3, 4, 5, 20, 24]
[1, 3, 8, 11, 18]
[2, 3, 5, 22]
[1, 3, 7, 16, 17]
[3, 4, 6, 14, 17]
[1, 4, 6, 27, 28]
[2, 4, 6, 15, 21]
[1, 2, 9, 11, 12]
[1, 4, 8, 13, 14]
[16, 17, 18, 19, 20, 21, 22, 23, 24, 25, 26, 27, 28]


6
process id 3
stats
5, 15, 7, 100, 1000
20220818-184701
loosing coalitions taken
[2, 4, 5, 17]
[1, 5, 6, 13, 24]
[1, 2, 7, 14, 20]
[1, 2, 8, 15, 16]
[2, 3, 6, 14]
[1, 4, 6, 28]
[3, 4, 5, 19, 25]
[3, 4, 6, 11, 20]
[2, 3, 5, 22]
[1, 4, 7, 8]
[1, 3, 7, 10, 17]
[2, 4, 6, 9, 21]
[1, 2, 10, 11, 12]
[1, 3, 8, 12, 18]
[16, 17, 18, 19, 20, 21, 22, 23, 24, 25, 26, 27, 28]


6
process id 2
stats
5, 15, 7, 100, 1000
20220818-184702
loosing coalitions taken
[1, 4, 7, 8]
[2, 3, 6, 10]
[2, 4, 5, 19, 27]
[1, 5, 6, 16, 19]
[2, 3, 5, 24]
[3, 4, 5, 14]
[1, 4, 6, 27]
[3, 4, 6, 8, 28]
[1, 2, 7, 16, 18]
[2, 4, 6, 12, 17]
[1, 3, 8, 11, 19]
[1, 2, 9, 10, 13]
[1, 3, 7, 9, 21]
[1, 2, 8, 14, 17]
[16, 17, 18, 19, 20, 21, 22, 23, 24, 25, 26, 27, 28]


5
process id 1
stats
5, 15, 7, 100, 1000
20220818-184702
loosing coalitions taken
[3, 4, 6, 13, 21]
[1, 5, 6, 11, 24]
[2, 3, 5, 25]
[1, 2, 9, 11, 14]
[1, 3, 8, 14, 16]
[1, 2, 7, 17, 19]
[1, 3, 7, 9, 24]
[1, 4, 7, 8, 25]
[3, 4, 5, 14]
[2, 4, 6, 15, 17]
[2, 3, 6, 11]
[1, 4, 6, 27]
[2, 4, 5, 18]
[1, 2, 8, 10, 18]
[16, 17, 18, 19, 20, 21, 22, 23, 24, 25, 26, 27, 28]


6
process id 7
stats
5, 15, 7, 100, 1000
20220818-184703
loosing coalitions taken
[2, 3, 6, 14]
[1, 2, 8, 11, 21]
[1, 2, 10, 12, 13]
[1, 3, 8, 9, 17]
[2, 4, 5, 20]
[1, 4, 8, 12, 14]
[1, 2, 7, 9]
[1, 4, 6, 28]
[1, 5, 6, 10, 24]
[3, 4, 5, 19, 26]
[2, 3, 5, 22]
[1, 3, 7, 12, 20]
[2, 5, 6, 7, 15]
[3, 4, 6, 8]
[16, 17, 18, 19, 20, 21, 22, 23, 24, 25, 26, 27, 28]


5
process id 5
stats
5, 15, 7, 100, 1000
20220818-184703
loosing coalitions taken
[2, 4, 5, 20]
[1, 3, 9, 10, 12]
[1, 2, 9, 11, 13]
[2, 3, 6, 14]
[1, 3, 7, 15, 20]
[1, 2, 7, 10, 28]
[1, 2, 8, 12, 19]
[1, 3, 8, 13, 16]
[3, 4, 6, 8]
[1, 4, 6, 27]
[2, 3, 5, 24]
[2, 4, 6, 12, 22]
[1, 4, 7, 8]
[3, 4, 5, 16]
[16, 17, 18, 19, 20, 21, 22, 23, 24, 25, 26, 27, 28]


6
process id 4
stats
5, 15, 7, 100, 1000
20220818-184704
loosing coalitions taken
[2, 4, 5, 19, 26]
[3, 4, 5, 21, 24]
[1, 2, 7, 11, 26]
[1, 3, 8, 12, 16]
[1, 4, 7, 8, 24]
[1, 3, 7, 14, 19]
[2, 3, 6, 9]
[2, 4, 6, 13, 21]
[1, 4, 6, 27]
[3, 4, 6, 8]
[1, 5, 6, 15, 18]
[2, 3, 5, 25]
[1, 2, 10, 12, 13]
[1, 2, 8, 9, 22]
[16, 17, 18, 19, 20, 21, 22, 23, 24, 25, 26, 27, 28]


5
process id 6
stats
5, 15, 7, 100, 1000
20220818-184705
loosing coalitions taken
[1, 4, 7, 13, 16]
[2, 3, 6, 15, 26]
[1, 2, 8, 13, 17]
[1, 2, 7, 9, 25]
[1, 4, 8, 11, 14]
[1, 2, 10, 11, 12]
[1, 3, 8, 9, 19]
[1, 3, 7, 10, 22]
[2, 3, 5, 23]
[3, 4, 6, 14, 19]
[2, 4, 5, 15]
[2, 4, 6, 10, 22]
[1, 4, 6, 28]
[3, 4, 5, 13]
[16, 17, 18, 19, 20, 21, 22, 23, 24, 25, 26, 27, 28]


6
process id 1
stats
5, 15, 7, 100, 1000
20220818-184705
loosing coalitions taken
[1, 2, 10, 12, 13]
[1, 2, 8, 11, 19]
[1, 3, 8, 15, 16]
[3, 4, 5, 16]
[1, 4, 8, 9, 14]
[1, 2, 7, 9]
[2, 3, 6, 10]
[2, 3, 5, 27, 28]
[2, 4, 5, 20]
[1, 5, 6, 15, 19]
[2, 4, 6, 12, 22]
[3, 4, 6, 8]
[1, 4, 6, 28]
[1, 3, 7, 12, 21]
[16, 17, 18, 19, 20, 21, 22, 23, 24, 25, 26, 27, 28]


5
process id 0
stats
5, 15, 7, 100, 1000
20220818-184706
loosing coalitions taken
[3, 4, 5, 21, 22]
[1, 3, 8, 15, 16]
[2, 3, 6, 10]
[1, 4, 6, 25]
[2, 4, 5, 17]
[3, 4, 6, 9, 19]
[1, 4, 7, 10, 18]
[1, 5, 6, 11, 23]
[1, 2, 7, 9]
[1, 3, 7, 14, 19]
[2, 4, 6, 13, 18]
[2, 3, 5, 24]
[1, 2, 8, 11, 17]
[1, 4, 8, 9, 12]
[16, 17, 18, 19, 20, 21, 22, 23, 24, 25, 26, 27, 28]


6
process id 5
stats
5, 15, 7, 100, 1000
20220818-184707
loosing coalitions taken
[1, 2, 8, 15, 16]
[1, 2, 9, 11, 14]
[1, 2, 7, 13, 24]
[1, 3, 8, 10, 18]
[1, 4, 7, 8]
[1, 5, 6, 10, 23]
[2, 4, 6, 15, 18]
[2, 4, 5, 20, 28]
[2, 3, 5, 22]
[2, 3, 6, 12]
[1, 4, 6, 28]
[3, 4, 6, 13, 16]
[1, 3, 7, 9, 19]
[3, 4, 5, 14]
[16, 17, 18, 19, 20, 21, 22, 23, 24, 25, 26, 27, 28]


6
process id 4
stats
5, 15, 7, 100, 1000
20220818-184708
loosing coalitions taken
[1, 4, 7, 8]
[1, 2, 9, 10, 14]
[2, 3, 6, 15, 26]
[2, 4, 5, 17]
[2, 3, 5, 23]
[1, 5, 6, 10, 26]
[3, 4, 5, 16, 27]
[3, 4, 6, 9, 21]
[1, 2, 8, 12, 18]
[1, 4, 6, 27]
[2, 4, 6, 10, 19]
[1, 3, 7, 12, 19]
[1, 3, 8, 9, 20]
[1, 2, 7, 13, 25]
[16, 17, 18, 19, 20, 21, 22, 23, 24, 25, 26, 27, 28]


6
process id 2
stats
5, 15, 7, 100, 1000
20220818-184708
loosing coalitions taken
[2, 4, 6, 16, 19]
[1, 3, 8, 15, 16]
[1, 2, 7, 15, 22]
[2, 3, 5, 23]
[1, 2, 8, 12, 19]
[1, 2, 9, 11, 13]
[1, 4, 7, 8]
[1, 5, 6, 12, 24]
[2, 3, 6, 10]
[1, 4, 6, 28]
[2, 4, 5, 18]
[3, 4, 6, 8]
[3, 4, 5, 20, 24]
[1, 3, 7, 11, 23]
[16, 17, 18, 19, 20, 21, 22, 23, 24, 25, 26, 27, 28]


5
process id 7
stats
5, 15, 7, 100, 1000
20220818-184708
loosing coalitions taken
[1, 2, 8, 10, 21]
[2, 4, 5, 20]
[1, 5, 6, 9, 23]
[1, 2, 9, 12, 14]
[2, 3, 6, 14]
[2, 3, 5, 22]
[1, 4, 6, 28]
[1, 2, 7, 15, 18]
[3, 4, 6, 9, 22]
[1, 3, 8, 11, 15]
[3, 4, 5, 13]
[2, 4, 6, 16, 19]
[1, 3, 7, 10, 19]
[1, 4, 7, 8]
[16, 17, 18, 19, 20, 21, 22, 23, 24, 25, 26, 27, 28]


5
process id 5
stats
5, 15, 7, 100, 1000
20220818-184708
loosing coalitions taken
[1, 2, 7, 16, 19]
[1, 4, 8, 11, 13]
[1, 3, 8, 12, 18]
[1, 5, 6, 15, 17]
[2, 3, 6, 12]
[3, 4, 5, 15]
[1, 2, 8, 9, 22]
[3, 4, 6, 11, 20]
[2, 4, 5, 17]
[1, 3, 7, 10, 22]
[2, 4, 6, 15, 16]
[1, 4, 6, 25]
[2, 3, 5, 22]
[1, 4, 7, 12, 14]
[16, 17, 18, 19, 20, 21, 22, 23, 24, 25, 26, 27, 28]


6
process id 2
stats
5, 15, 7, 100, 1000
20220818-184710
loosing coalitions taken
[2, 3, 6, 12]
[2, 4, 5, 16]
[1, 3, 8, 14, 16]
[1, 2, 8, 10, 20]
[1, 2, 7, 14, 23]
[1, 4, 8, 9, 13]
[1, 4, 6, 27]
[3, 4, 5, 15]
[2, 4, 6, 9, 22]
[1, 5, 6, 14, 18]
[3, 4, 6, 10, 21]
[2, 3, 5, 24]
[1, 3, 7, 11, 17]
[1, 3, 9, 10, 12]
[16, 17, 18, 19, 20, 21, 22, 23, 24, 25, 26, 27, 28]


6
process id 7
stats
5, 15, 7, 100, 1000
20220818-184710
loosing coalitions taken
[1, 3, 9, 10, 12]
[1, 5, 6, 9, 25]
[2, 4, 5, 22, 23]
[1, 3, 7, 13, 20]
[1, 2, 7, 9]
[2, 4, 6, 14, 17]
[3, 4, 6, 12, 19]
[1, 4, 7, 10, 16]
[1, 4, 6, 27]
[2, 3, 6, 11]
[2, 3, 5, 24, 26]
[3, 4, 5, 16]
[1, 3, 8, 14, 15]
[1, 2, 8, 11, 19]
[16, 17, 18, 19, 20, 21, 22, 23, 24, 25, 26, 27, 28]


6
process id 5
stats
5, 15, 7, 100, 1000
20220818-184710
loosing coalitions taken
[1, 3, 7, 15, 19]
[3, 4, 6, 15, 17]
[1, 2, 7, 13, 23]
[2, 3, 6, 13]
[1, 3, 8, 11, 17]
[1, 5, 6, 11, 25]
[1, 4, 7, 9, 18]
[1, 3, 9, 10, 12]
[1, 2, 8, 9, 19]
[1, 4, 8, 10, 13]
[2, 3, 5, 23]
[1, 4, 6, 26]
[2, 4, 5, 17]
[2, 4, 6, 14, 21]
[16, 17, 18, 19, 20, 21, 22, 23, 24, 25, 26, 27, 28]


6
process id 3
stats
5, 15, 7, 100, 1000
20220818-184711
loosing coalitions taken
[1, 2, 7, 16, 19]
[1, 3, 8, 11, 19]
[2, 3, 6, 13]
[1, 4, 7, 8, 27]
[3, 4, 5, 19, 23]
[1, 2, 9, 10, 11]
[1, 3, 7, 9, 22]
[1, 2, 8, 12, 18]
[1, 5, 6, 12, 23]
[2, 3, 5, 22]
[2, 4, 6, 14, 21]
[2, 4, 5, 17, 26]
[1, 4, 6, 26]
[3, 4, 6, 11, 17]
[16, 17, 18, 19, 20, 21, 22, 23, 24, 25, 26, 27, 28]


5
process id 5
stats
5, 15, 7, 100, 1000
20220818-184712
loosing coalitions taken
[1, 3, 7, 12, 21]
[2, 3, 6, 9]
[1, 3, 8, 10, 19]
[2, 4, 5, 20, 23]
[1, 4, 6, 28]
[1, 2, 8, 11, 21]
[1, 4, 7, 8]
[3, 4, 6, 13, 18]
[2, 3, 5, 25]
[1, 2, 7, 14, 23]
[3, 4, 5, 16]
[2, 4, 6, 15, 19]
[1, 5, 6, 16, 18]
[1, 2, 9, 10, 12]
[16, 17, 18, 19, 20, 21, 22, 23, 24, 25, 26, 27, 28]


6
process id 2
stats
5, 15, 7, 100, 1000
20220818-184714
loosing coalitions taken
[1, 2, 10, 12, 14]
[1, 4, 7, 8]
[1, 5, 6, 9, 26]
[2, 3, 6, 12]
[2, 3, 5, 23]
[1, 3, 7, 10, 21]
[2, 4, 5, 19]
[2, 4, 6, 11, 17]
[1, 4, 6, 27]
[3, 4, 6, 8]
[3, 4, 5, 14]
[1, 2, 7, 15, 22]
[1, 3, 8, 11, 17]
[1, 2, 9, 11, 13]
[16, 17, 18, 19, 20, 21, 22, 23, 24, 25, 26, 27, 28]


6
process id 6
stats
5, 15, 7, 100, 1000
20220818-184714
loosing coalitions taken
[1, 4, 7, 11, 17]
[1, 2, 8, 12, 20]
[1, 3, 8, 10, 18]
[1, 2, 7, 10, 28]
[2, 4, 5, 19]
[3, 4, 5, 16]
[3, 4, 6, 8]
[2, 3, 5, 23, 24]
[2, 3, 6, 11]
[1, 5, 6, 15, 19]
[2, 4, 6, 10, 23]
[1, 4, 6, 27]
[1, 4, 8, 13, 14]
[1, 3, 7, 15, 20]
[16, 17, 18, 19, 20, 21, 22, 23, 24, 25, 26, 27, 28]


6
process id 1
stats
5, 15, 7, 100, 1000
20220818-184716
loosing coalitions taken
[2, 4, 5, 20]
[1, 3, 7, 15, 21]
[1, 5, 6, 12, 23]
[1, 3, 8, 12, 19]
[2, 3, 7, 8, 10]
[1, 2, 8, 11, 17]
[1, 4, 7, 9, 17]
[1, 2, 7, 13, 25]
[1, 4, 8, 10, 13]
[1, 3, 9, 10, 11]
[1, 2, 10, 12, 14]
[2, 3, 5, 27, 28]
[2, 3, 6, 13]
[1, 4, 6, 25]
[16, 17, 18, 19, 20, 21, 22, 23, 24, 25, 26, 27, 28]


6
process id 6
stats
5, 15, 7, 100, 1000
20220818-184716
loosing coalitions taken
[2, 3, 5, 24]
[1, 2, 7, 9]
[1, 5, 6, 16, 19]
[3, 4, 6, 10, 21]
[2, 3, 6, 11]
[3, 4, 5, 16]
[1, 3, 8, 12, 17]
[2, 4, 5, 18, 28]
[2, 4, 6, 9, 23]
[1, 4, 6, 27]
[1, 3, 7, 11, 19]
[1, 2, 8, 14, 20]
[1, 2, 10, 11, 13]
[1, 4, 7, 13, 15]
[16, 17, 18, 19, 20, 21, 22, 23, 24, 25, 26, 27, 28]


5
process id 0
stats
5, 15, 7, 100, 1000
20220818-184717
loosing coalitions taken
[2, 3, 6, 15, 27]
[1, 4, 7, 11, 17]
[1, 2, 9, 10, 12]
[2, 3, 5, 25]
[1, 2, 7, 15, 18]
[1, 2, 8, 11, 19]
[1, 5, 6, 16, 17]
[3, 4, 6, 9, 19]
[2, 4, 6, 10, 24]
[1, 3, 8, 12, 17]
[2, 3, 7, 8, 9]
[1, 4, 6, 25]
[3, 4, 5, 14]
[2, 4, 5, 16]
[16, 17, 18, 19, 20, 21, 22, 23, 24, 25, 26, 27, 28]


5
process id 5
stats
5, 15, 7, 100, 1000
20220818-184717
loosing coalitions taken
[1, 2, 8, 9, 20]
[1, 5, 6, 9, 25]
[1, 2, 10, 11, 12]
[2, 4, 5, 16]
[1, 3, 7, 12, 22]
[2, 3, 6, 12]
[1, 2, 7, 15, 21]
[1, 3, 8, 11, 18]
[2, 4, 6, 11, 22]
[2, 3, 5, 23]
[1, 4, 6, 28]
[3, 4, 5, 13]
[1, 4, 7, 8]
[3, 4, 6, 8]
[16, 17, 18, 19, 20, 21, 22, 23, 24, 25, 26, 27, 28]


6
process id 4
stats
5, 15, 7, 100, 1000
20220818-184718
loosing coalitions taken
[3, 4, 6, 9, 21]
[1, 3, 8, 11, 19]
[1, 4, 8, 13, 14]
[1, 3, 7, 16, 17]
[1, 2, 10, 12, 14]
[2, 4, 6, 16, 18]
[1, 5, 6, 9, 24]
[1, 2, 8, 15, 16]
[1, 2, 7, 9]
[3, 4, 5, 15]
[2, 3, 6, 10]
[1, 4, 6, 28]
[2, 4, 5, 20]
[2, 3, 5, 23]
[16, 17, 18, 19, 20, 21, 22, 23, 24, 25, 26, 27, 28]


6
process id 7
stats
5, 15, 7, 100, 1000
20220818-184720
loosing coalitions taken
[1, 2, 7, 9]
[1, 3, 8, 10, 17]
[2, 4, 6, 16, 19]
[1, 5, 6, 15, 18]
[2, 3, 5, 22, 27]
[2, 4, 5, 17]
[2, 3, 6, 13]
[1, 4, 7, 10, 19]
[1, 4, 6, 28]
[3, 4, 5, 13]
[1, 3, 7, 15, 16]
[1, 4, 8, 12, 13]
[3, 4, 6, 8]
[1, 2, 10, 12, 14]
[16, 17, 18, 19, 20, 21, 22, 23, 24, 25, 26, 27, 28]


6
process id 5
stats
5, 15, 7, 100, 1000
20220818-184720
loosing coalitions taken
[1, 5, 6, 11, 24]
[2, 4, 5, 19]
[3, 4, 6, 9, 21]
[1, 2, 7, 10, 27]
[1, 2, 8, 12, 20]
[1, 3, 7, 14, 21]
[2, 3, 6, 12]
[2, 3, 5, 20]
[1, 4, 8, 9, 14]
[3, 4, 5, 15]
[1, 4, 7, 11, 16]
[1, 4, 6, 25]
[2, 4, 6, 10, 23]
[1, 3, 8, 11, 18]
[16, 17, 18, 19, 20, 21, 22, 23, 24, 25, 26, 27, 28]


6
process id 3
stats
5, 15, 7, 100, 1000
20220818-184720
loosing coalitions taken
[1, 4, 8, 10, 15]
[1, 2, 7, 11, 27]
[1, 2, 8, 9, 22]
[1, 3, 7, 14, 21]
[1, 3, 8, 13, 16]
[2, 3, 5, 25]
[2, 4, 6, 15, 18]
[1, 3, 9, 10, 11]
[1, 5, 6, 16, 20]
[2, 3, 6, 12, 26]
[1, 4, 6, 25]
[3, 4, 5, 17, 27]
[3, 5, 6, 7, 13]
[2, 4, 5, 16, 28]
[16, 17, 18, 19, 20, 21, 22, 23, 24, 25, 26, 27, 28]


6
process id 3
stats
5, 15, 7, 100, 1000
20220818-184722
loosing coalitions taken
[1, 2, 8, 14, 19]
[1, 3, 8, 11, 18]
[1, 4, 8, 10, 12]
[1, 4, 7, 14, 15]
[1, 3, 7, 13, 20]
[1, 2, 7, 10, 26]
[1, 2, 9, 11, 13]
[2, 3, 6, 9]
[3, 4, 6, 8]
[3, 4, 5, 21, 24]
[1, 4, 6, 25]
[1, 5, 6, 16, 19]
[2, 4, 5, 19]
[2, 3, 5, 25]
[16, 17, 18, 19, 20, 21, 22, 23, 24, 25, 26, 27, 28]


6
process id 5
stats
5, 15, 7, 100, 1000
20220818-184722
loosing coalitions taken
[1, 5, 6, 16, 17]
[2, 3, 6, 12]
[1, 4, 8, 11, 13]
[1, 2, 7, 11, 26]
[1, 2, 9, 10, 13]
[1, 2, 8, 14, 19]
[2, 4, 5, 16]
[1, 3, 7, 10, 23]
[2, 3, 5, 25]
[2, 4, 6, 15, 20]
[3, 4, 5, 13]
[3, 4, 6, 11, 16]
[1, 4, 6, 27]
[1, 3, 8, 9, 15]
[16, 17, 18, 19, 20, 21, 22, 23, 24, 25, 26, 27, 28]


6
process id 6
stats
5, 15, 7, 100, 1000
20220818-184722
loosing coalitions taken
[1, 2, 7, 11, 26]
[1, 4, 8, 11, 13]
[1, 3, 7, 13, 22]
[2, 4, 5, 21, 23]
[3, 4, 5, 19, 24]
[1, 3, 8, 9, 19]
[3, 4, 6, 12, 17]
[2, 3, 5, 26, 27]
[2, 3, 6, 14]
[1, 5, 6, 11, 23]
[1, 4, 7, 10, 17]
[1, 4, 6, 27]
[1, 2, 8, 12, 17]
[1, 2, 9, 10, 13]
[16, 17, 18, 19, 20, 21, 22, 23, 24, 25, 26, 27, 28]


6
process id 1
stats
5, 15, 7, 100, 1000
20220818-184723
loosing coalitions taken
[1, 3, 9, 10, 11]
[1, 2, 7, 15, 22]
[1, 2, 8, 14, 19]
[1, 4, 7, 10, 18]
[3, 4, 5, 15]
[2, 3, 6, 10]
[2, 4, 5, 18]
[2, 3, 5, 25]
[1, 4, 6, 25]
[2, 4, 6, 12, 17]
[3, 4, 6, 9, 18]
[1, 5, 6, 11, 23]
[1, 3, 7, 12, 19]
[2, 3, 7, 8, 9]
[16, 17, 18, 19, 20, 21, 22, 23, 24, 25, 26, 27, 28]


5
process id 3
stats
5, 15, 7, 100, 1000
20220818-184724
loosing coalitions taken
[2, 3, 5, 23]
[1, 3, 7, 13, 22]
[1, 4, 8, 10, 15]
[2, 4, 6, 12, 21]
[1, 4, 7, 9, 18]
[1, 3, 9, 10, 12]
[1, 2, 8, 12, 18]
[1, 3, 8, 14, 16]
[1, 4, 6, 27]
[3, 4, 5, 16]
[2, 4, 5, 19]
[2, 3, 6, 9]
[1, 5, 6, 13, 21]
[3, 4, 6, 11, 19]
[16, 17, 18, 19, 20, 21, 22, 23, 24, 25, 26, 27, 28]


5
process id 2
stats
5, 15, 7, 100, 1000
20220818-184724
loosing coalitions taken
[2, 3, 6, 10]
[1, 3, 7, 14, 20]
[1, 2, 7, 9]
[1, 3, 8, 12, 17]
[2, 4, 5, 19, 23]
[1, 4, 6, 25]
[3, 4, 6, 9, 18]
[1, 4, 7, 8, 22]
[1, 5, 6, 12, 20]
[3, 4, 5, 20, 24]
[2, 3, 5, 21]
[1, 2, 8, 11, 18]
[2, 4, 6, 11, 24]
[1, 2, 10, 12, 14]
[16, 17, 18, 19, 20, 21, 22, 23, 24, 25, 26, 27, 28]


6
process id 0
stats
5, 15, 7, 100, 1000
20220818-184725
loosing coalitions taken
[1, 2, 8, 12, 20]
[1, 4, 7, 8]
[2, 4, 5, 20]
[1, 5, 6, 13, 22]
[1, 3, 8, 15, 16]
[3, 4, 6, 13, 16]
[1, 4, 6, 25]
[2, 3, 6, 12]
[1, 2, 9, 11, 13]
[1, 3, 7, 11, 18]
[1, 3, 9, 10, 12]
[2, 3, 5, 22, 26]
[3, 4, 5, 17, 25]
[1, 2, 7, 14, 22]
[16, 17, 18, 19, 20, 21, 22, 23, 24, 25, 26, 27, 28]


6
process id 6
stats
5, 15, 7, 100, 1000
20220818-184725
loosing coalitions taken
[2, 4, 5, 18]
[1, 2, 7, 15, 20]
[1, 2, 9, 11, 13]
[1, 4, 7, 10, 16]
[2, 3, 6, 13]
[1, 3, 7, 12, 21]
[1, 2, 10, 12, 14]
[1, 5, 6, 14, 20]
[2, 3, 5, 20]
[1, 4, 6, 26]
[3, 4, 5, 15]
[3, 4, 6, 8]
[2, 4, 6, 11, 23]
[1, 3, 8, 9, 15]
[16, 17, 18, 19, 20, 21, 22, 23, 24, 25, 26, 27, 28]


6
process id 7
stats
5, 15, 7, 100, 1000
20220818-184725
loosing coalitions taken
[1, 2, 8, 12, 20]
[1, 3, 8, 11, 19]
[1, 3, 7, 15, 18]
[1, 4, 7, 8]
[2, 3, 6, 14]
[1, 2, 9, 10, 11]
[2, 4, 5, 19]
[3, 4, 5, 18, 24]
[1, 4, 6, 25]
[2, 3, 5, 25]
[1, 2, 7, 16, 17]
[3, 4, 6, 10, 17]
[2, 4, 6, 11, 21]
[1, 5, 6, 12, 23]
[16, 17, 18, 19, 20, 21, 22, 23, 24, 25, 26, 27, 28]


6
process id 3
stats
5, 15, 7, 100, 1000
20220818-184726
loosing coalitions taken
[1, 2, 7, 13, 25]
[1, 2, 9, 11, 14]
[1, 5, 6, 11, 23]
[2, 3, 6, 14]
[1, 4, 6, 28]
[3, 4, 5, 13]
[1, 4, 7, 9, 19]
[1, 4, 8, 12, 13]
[2, 4, 5, 15]
[3, 4, 6, 8]
[1, 3, 7, 12, 21]
[2, 3, 5, 22]
[1, 3, 8, 9, 16]
[1, 2, 8, 10, 17]
[16, 17, 18, 19, 20, 21, 22, 23, 24, 25, 26, 27, 28]


5
process id 6
stats
5, 15, 7, 100, 1000
20220818-184726
loosing coalitions taken
[2, 4, 5, 20]
[1, 5, 6, 11, 24]
[1, 2, 7, 12, 26]
[1, 3, 8, 12, 19]
[1, 2, 8, 9, 21]
[2, 3, 6, 11, 28]
[1, 4, 7, 10, 16]
[3, 4, 6, 8]
[2, 4, 6, 13, 22]
[1, 3, 7, 15, 20]
[3, 4, 5, 13]
[1, 4, 6, 26]
[2, 3, 5, 24]
[1, 4, 8, 11, 14]
[16, 17, 18, 19, 20, 21, 22, 23, 24, 25, 26, 27, 28]


5
process id 5
stats
5, 15, 7, 100, 1000
20220818-184727
loosing coalitions taken
[1, 2, 9, 11, 14]
[2, 3, 6, 11, 28]
[1, 3, 8, 11, 17]
[1, 2, 7, 10, 25]
[3, 4, 6, 9, 21]
[1, 4, 8, 12, 13]
[2, 4, 5, 16]
[1, 3, 7, 9, 23]
[1, 5, 6, 15, 17]
[1, 4, 6, 28]
[3, 4, 5, 14]
[2, 3, 5, 22]
[2, 4, 6, 12, 17]
[1, 4, 7, 14, 16]
[16, 17, 18, 19, 20, 21, 22, 23, 24, 25, 26, 27, 28]


6
process id 7
stats
5, 15, 7, 100, 1000
20220818-184728
loosing coalitions taken
[2, 3, 6, 13]
[2, 4, 5, 19, 28]
[1, 2, 8, 15, 17]
[1, 2, 9, 11, 12]
[3, 4, 5, 16]
[1, 3, 8, 12, 18]
[1, 4, 7, 8, 23]
[1, 4, 6, 28]
[1, 2, 7, 14, 22]
[3, 4, 6, 9, 19]
[1, 5, 6, 14, 18]
[1, 3, 7, 15, 21]
[2, 4, 6, 12, 23]
[2, 3, 5, 25, 27]
[16, 17, 18, 19, 20, 21, 22, 23, 24, 25, 26, 27, 28]


6
process id 6
stats
5, 15, 7, 100, 1000
20220818-184729
loosing coalitions taken
[3, 4, 5, 17, 26]
[1, 3, 8, 11, 17]
[1, 3, 9, 10, 12]
[1, 2, 10, 11, 13]
[1, 4, 8, 12, 13]
[1, 3, 7, 13, 19]
[1, 5, 6, 14, 20]
[1, 2, 7, 9]
[2, 4, 5, 20]
[2, 4, 6, 14, 17]
[2, 3, 5, 21]
[2, 3, 6, 11]
[1, 4, 6, 28]
[3, 4, 6, 13, 16]
[16, 17, 18, 19, 20, 21, 22, 23, 24, 25, 26, 27, 28]


5
process id 5
stats
5, 15, 7, 100, 1000
20220818-184730
loosing coalitions taken
[1, 3, 8, 11, 19]
[1, 4, 7, 8, 28]
[1, 2, 7, 16, 19]
[1, 2, 9, 10, 14]
[1, 3, 7, 9, 23]
[2, 3, 6, 14]
[3, 4, 5, 16]
[1, 4, 6, 26]
[2, 4, 5, 17]
[2, 4, 6, 9, 24]
[3, 4, 6, 8]
[2, 3, 5, 23]
[1, 5, 6, 14, 21]
[1, 2, 8, 12, 20]
[16, 17, 18, 19, 20, 21, 22, 23, 24, 25, 26, 27, 28]


6
process id 3
stats
5, 15, 7, 100, 1000
20220818-184730
loosing coalitions taken
[1, 2, 10, 11, 12]
[1, 2, 8, 14, 17]
[1, 3, 8, 11, 18]
[1, 4, 7, 9, 18]
[1, 2, 7, 13, 24]
[1, 3, 7, 16, 17]
[2, 4, 5, 20]
[2, 3, 6, 13]
[1, 5, 6, 9, 26]
[2, 3, 5, 24]
[1, 4, 6, 28]
[3, 4, 5, 16, 27]
[2, 4, 6, 12, 18]
[3, 4, 6, 14, 19]
[16, 17, 18, 19, 20, 21, 22, 23, 24, 25, 26, 27, 28]


6
process id 1
stats
5, 15, 7, 100, 1000
20220818-184731
loosing coalitions taken
[1, 2, 7, 9]
[1, 5, 6, 13, 21]
[2, 3, 5, 22]
[3, 4, 6, 10, 20]
[2, 4, 6, 12, 23]
[1, 4, 6, 28]
[2, 3, 6, 14]
[1, 3, 7, 10, 18]
[1, 3, 8, 11, 19]
[1, 4, 7, 14, 16]
[1, 2, 8, 13, 16]
[2, 4, 5, 15]
[3, 4, 5, 16]
[1, 4, 8, 10, 15]
[16, 17, 18, 19, 20, 21, 22, 23, 24, 25, 26, 27, 28]


6
process id 0
stats
5, 15, 7, 100, 1000
20220818-184731
loosing coalitions taken
[2, 4, 5, 21, 23]
[2, 4, 6, 16, 19]
[1, 5, 6, 11, 25]
[1, 2, 7, 10, 24]
[3, 4, 6, 10, 18]
[1, 3, 7, 14, 19]
[1, 3, 8, 9, 17]
[1, 4, 7, 8, 23]
[1, 2, 8, 14, 18]
[2, 3, 5, 25]
[2, 3, 6, 12]
[1, 4, 6, 28]
[3, 4, 5, 14]
[1, 2, 9, 11, 13]
[16, 17, 18, 19, 20, 21, 22, 23, 24, 25, 26, 27, 28]


6
process id 6
stats
5, 15, 7, 100, 1000
20220818-184731
loosing coalitions taken
[2, 3, 6, 14]
[1, 5, 6, 10, 23]
[1, 2, 8, 9, 18]
[1, 3, 7, 10, 24]
[1, 4, 8, 11, 14]
[2, 4, 5, 17]
[1, 3, 8, 12, 17]
[1, 4, 6, 26]
[2, 3, 5, 23]
[3, 4, 6, 11, 16]
[2, 4, 6, 9, 25]
[1, 2, 7, 15, 21]
[1, 4, 7, 9, 17]
[3, 4, 5, 15]
[16, 17, 18, 19, 20, 21, 22, 23, 24, 25, 26, 27, 28]


5
process id 1
stats
5, 15, 7, 100, 1000
20220818-184732
loosing coalitions taken
[1, 3, 8, 9, 18]
[1, 2, 8, 12, 20]
[1, 2, 7, 11, 24]
[2, 4, 5, 16]
[3, 4, 5, 15]
[2, 3, 6, 13]
[1, 4, 6, 27]
[1, 5, 6, 10, 25]
[1, 4, 8, 11, 14]
[3, 4, 6, 10, 17]
[2, 4, 6, 11, 23]
[2, 3, 5, 22]
[1, 3, 7, 12, 21]
[1, 4, 7, 9, 16]
[16, 17, 18, 19, 20, 21, 22, 23, 24, 25, 26, 27, 28]


5
process id 6
stats
5, 15, 7, 100, 1000
20220818-184733
loosing coalitions taken
[1, 2, 10, 11, 13]
[3, 4, 5, 16]
[1, 4, 8, 9, 12]
[2, 3, 7, 8, 10]
[1, 3, 7, 14, 21]
[1, 2, 7, 16, 17]
[1, 2, 8, 14, 19]
[1, 4, 6, 27]
[1, 3, 8, 13, 15]
[2, 3, 6, 14]
[2, 3, 5, 24]
[2, 4, 5, 20]
[2, 4, 6, 11, 17]
[1, 5, 6, 9, 21]
[16, 17, 18, 19, 20, 21, 22, 23, 24, 25, 26, 27, 28]


6
process id 7
stats
5, 15, 7, 100, 1000
20220818-184733
loosing coalitions taken
[1, 4, 7, 8]
[1, 5, 6, 12, 24]
[1, 2, 9, 12, 14]
[2, 3, 5, 22]
[1, 4, 6, 26]
[2, 3, 6, 11]
[2, 4, 5, 16, 27]
[3, 4, 5, 13]
[3, 4, 6, 8]
[1, 3, 7, 9, 23]
[1, 3, 8, 13, 14]
[1, 2, 7, 16, 18]
[2, 4, 6, 14, 18]
[1, 2, 8, 11, 19]
[16, 17, 18, 19, 20, 21, 22, 23, 24, 25, 26, 27, 28]


5
process id 2
stats
5, 15, 7, 100, 1000
20220818-184734
loosing coalitions taken
[1, 2, 7, 16, 19]
[1, 4, 7, 8, 23]
[1, 3, 7, 14, 20]
[1, 2, 10, 11, 12]
[1, 5, 6, 10, 25]
[3, 4, 5, 16]
[1, 3, 8, 12, 17]
[2, 3, 6, 10]
[2, 4, 5, 20]
[2, 3, 5, 24]
[1, 4, 6, 27]
[2, 4, 6, 13, 22]
[3, 4, 6, 14, 17]
[1, 2, 8, 9, 22]
[16, 17, 18, 19, 20, 21, 22, 23, 24, 25, 26, 27, 28]


6
process id 1
stats
5, 15, 7, 100, 1000
20220818-184734
loosing coalitions taken
[2, 3, 6, 14]
[1, 5, 6, 9, 25]
[1, 3, 8, 11, 19]
[1, 2, 8, 9, 22]
[3, 4, 5, 17, 24]
[1, 2, 10, 12, 13]
[2, 4, 5, 19]
[1, 4, 8, 12, 14]
[1, 2, 7, 16, 21]
[1, 4, 6, 27]
[2, 3, 5, 22]
[1, 3, 7, 12, 17]
[3, 4, 6, 10, 21]
[2, 4, 6, 11, 22]
[16, 17, 18, 19, 20, 21, 22, 23, 24, 25, 26, 27, 28]


6
process id 0
stats
5, 15, 7, 100, 1000
20220818-184734
loosing coalitions taken
[2, 3, 6, 10]
[2, 4, 5, 20]
[1, 3, 8, 14, 16]
[1, 4, 7, 13, 16]
[1, 5, 6, 11, 23]
[1, 2, 9, 11, 13]
[1, 2, 7, 17, 19]
[1, 2, 8, 10, 20]
[3, 4, 6, 15, 16]
[1, 4, 6, 28]
[2, 3, 5, 24]
[3, 4, 5, 13]
[1, 3, 7, 15, 20]
[2, 4, 6, 11, 19]
[16, 17, 18, 19, 20, 21, 22, 23, 24, 25, 26, 27, 28]


6
process id 7
stats
5, 15, 7, 100, 1000
20220818-184734
loosing coalitions taken
[1, 2, 7, 9]
[1, 3, 8, 12, 19]
[2, 4, 5, 18]
[2, 3, 6, 16, 24]
[1, 4, 6, 25]
[3, 4, 5, 15]
[1, 5, 6, 11, 22]
[1, 4, 8, 10, 11]
[1, 4, 7, 13, 14]
[2, 3, 5, 21]
[2, 4, 6, 13, 20]
[3, 4, 6, 9, 19]
[1, 3, 7, 10, 23]
[1, 2, 10, 12, 14]
[16, 17, 18, 19, 20, 21, 22, 23, 24, 25, 26, 27, 28]


6
process id 4
stats
5, 15, 7, 100, 1000
20220818-184735
loosing coalitions taken
[2, 3, 6, 17, 19]
[1, 5, 6, 10, 23]
[1, 3, 9, 10, 12]
[1, 3, 7, 13, 21]
[2, 3, 5, 24]
[1, 2, 8, 13, 18]
[1, 4, 7, 9, 17]
[1, 2, 7, 12, 23]
[3, 4, 6, 13, 20]
[1, 4, 6, 27]
[3, 4, 5, 14]
[1, 4, 8, 11, 12]
[2, 4, 5, 17, 28]
[2, 4, 6, 9, 22]
[16, 17, 18, 19, 20, 21, 22, 23, 24, 25, 26, 27, 28]


6
process id 6
stats
5, 15, 7, 100, 1000
20220818-184735
loosing coalitions taken
[2, 4, 5, 17]
[1, 2, 7, 9, 25]
[1, 4, 7, 8, 23]
[1, 3, 8, 10, 18]
[1, 2, 10, 12, 14]
[2, 3, 6, 9]
[2, 3, 5, 21]
[1, 4, 6, 26, 27]
[1, 5, 6, 13, 21]
[3, 4, 5, 15]
[3, 4, 6, 12, 17]
[1, 2, 8, 13, 16]
[2, 4, 6, 15, 20]
[1, 3, 7, 11, 22]
[16, 17, 18, 19, 20, 21, 22, 23, 24, 25, 26, 27, 28]


5
process id 5
stats
5, 15, 7, 100, 1000
20220818-184736
loosing coalitions taken
[1, 3, 7, 14, 22]
[1, 2, 7, 10, 28]
[1, 2, 8, 12, 21]
[1, 5, 6, 9, 25]
[1, 4, 8, 9, 13]
[3, 4, 5, 16]
[1, 3, 8, 10, 17]
[1, 4, 7, 11, 17]
[3, 4, 6, 12, 21]
[2, 3, 5, 22]
[1, 4, 6, 26]
[2, 3, 6, 11, 25]
[2, 4, 5, 17]
[2, 4, 6, 15, 20]
[16, 17, 18, 19, 20, 21, 22, 23, 24, 25, 26, 27, 28]


5
process id 4
stats
5, 15, 7, 100, 1000
20220818-184736
loosing coalitions taken
[1, 3, 7, 16, 18]
[2, 3, 6, 13]
[1, 5, 6, 10, 26]
[2, 4, 5, 21, 24]
[3, 4, 5, 19, 26]
[1, 4, 8, 10, 15]
[2, 4, 6, 12, 20]
[1, 2, 7, 12, 21]
[3, 4, 6, 8]
[2, 5, 6, 7, 11]
[1, 4, 6, 28]
[2, 3, 5, 23]
[1, 3, 8, 13, 14]
[1, 2, 8, 9, 18]
[16, 17, 18, 19, 20, 21, 22, 23, 24, 25, 26, 27, 28]


6
process id 0
stats
5, 15, 7, 100, 1000
20220818-184737
loosing coalitions taken
[1, 2, 9, 11, 14]
[2, 4, 5, 17]
[1, 2, 7, 12, 26]
[2, 3, 6, 14]
[1, 5, 6, 10, 24]
[1, 3, 7, 11, 22]
[1, 4, 7, 14, 16]
[2, 3, 5, 20]
[1, 4, 6, 26]
[2, 4, 6, 13, 19]
[3, 4, 6, 11, 20]
[1, 4, 8, 9, 13]
[3, 4, 5, 19, 26]
[1, 2, 8, 10, 20]
[16, 17, 18, 19, 20, 21, 22, 23, 24, 25, 26, 27, 28]


6
process id 1
stats
5, 15, 7, 100, 1000
20220818-184738
loosing coalitions taken
[1, 5, 6, 16, 20]
[1, 2, 9, 12, 13]
[1, 4, 7, 8]
[2, 4, 6, 12, 21]
[3, 4, 6, 11, 20]
[2, 3, 5, 23]
[2, 4, 5, 16]
[1, 2, 7, 17, 18]
[3, 4, 5, 18, 26]
[1, 3, 7, 16, 19]
[1, 3, 8, 10, 18]
[1, 4, 6, 28]
[2, 3, 6, 13, 22]
[1, 2, 8, 11, 20]
[16, 17, 18, 19, 20, 21, 22, 23, 24, 25, 26, 27, 28]


5
process id 6
stats
5, 15, 7, 100, 1000
20220818-184738
loosing coalitions taken
[1, 3, 7, 15, 21]
[1, 3, 8, 12, 19]
[1, 4, 7, 8]
[2, 3, 5, 24]
[1, 2, 9, 12, 14]
[3, 4, 6, 10, 20]
[1, 5, 6, 13, 21]
[1, 2, 8, 11, 18]
[2, 4, 6, 15, 17]
[3, 4, 5, 14]
[1, 4, 6, 28]
[2, 3, 6, 14]
[2, 4, 5, 22, 23]
[1, 2, 7, 13, 20]
[16, 17, 18, 19, 20, 21, 22, 23, 24, 25, 26, 27, 28]


6
process id 2
stats
5, 15, 7, 100, 1000
20220818-184739
loosing coalitions taken
[1, 3, 7, 13, 18]
[1, 3, 8, 11, 19]
[1, 5, 6, 9, 24]
[2, 4, 5, 17, 28]
[1, 2, 8, 15, 17]
[2, 3, 6, 11]
[1, 2, 7, 14, 23]
[3, 4, 5, 16]
[1, 4, 6, 28]
[3, 4, 6, 9, 18]
[2, 3, 5, 25]
[2, 4, 6, 14, 21]
[1, 4, 7, 8, 27]
[1, 3, 9, 10, 12]
[16, 17, 18, 19, 20, 21, 22, 23, 24, 25, 26, 27, 28]


6
process id 5
stats
5, 15, 7, 100, 1000
20220818-184740
loosing coalitions taken
[1, 3, 7, 13, 21]
[1, 2, 8, 14, 20]
[2, 3, 5, 24]
[1, 5, 6, 10, 25]
[1, 3, 8, 11, 16]
[3, 4, 6, 13, 19]
[1, 2, 9, 10, 11]
[1, 4, 6, 28]
[3, 4, 5, 16]
[2, 4, 5, 18]
[2, 4, 6, 11, 21]
[1, 4, 7, 11, 15]
[1, 2, 7, 12, 23]
[2, 3, 6, 14]
[16, 17, 18, 19, 20, 21, 22, 23, 24, 25, 26, 27, 28]


6
process id 4
stats
5, 15, 7, 100, 1000
20220818-184740
loosing coalitions taken
[2, 4, 5, 20]
[1, 5, 6, 11, 24]
[1, 2, 7, 9]
[1, 3, 8, 12, 17]
[3, 4, 5, 15]
[1, 4, 8, 9, 15]
[2, 3, 6, 13]
[1, 2, 8, 14, 16]
[2, 3, 5, 23]
[2, 4, 6, 12, 17]
[1, 4, 6, 26]
[3, 4, 6, 14, 20]
[1, 2, 10, 12, 13]
[1, 3, 7, 10, 21]
[16, 17, 18, 19, 20, 21, 22, 23, 24, 25, 26, 27, 28]


6
process id 2
stats
5, 15, 7, 100, 1000
20220818-184741
loosing coalitions taken
[1, 5, 6, 13, 23]
[3, 4, 5, 21, 22]
[1, 2, 8, 15, 16]
[1, 2, 7, 12, 25]
[2, 4, 5, 16, 27]
[2, 3, 5, 24]
[3, 4, 6, 9, 17]
[1, 4, 7, 9, 19]
[1, 3, 8, 10, 18]
[1, 2, 9, 10, 11]
[1, 3, 7, 15, 21]
[2, 4, 6, 12, 18]
[1, 4, 8, 13, 14]
[1, 4, 6, 26, 27]
[16, 17, 18, 19, 20, 21, 22, 23, 24, 25, 26, 27, 28]


6
process id 1
stats
5, 15, 7, 100, 1000
20220818-184743
loosing coalitions taken
[1, 3, 8, 12, 17]
[1, 2, 8, 14, 18]
[1, 5, 6, 10, 25]
[2, 3, 6, 15, 26]
[1, 2, 9, 10, 13]
[1, 3, 7, 9, 24]
[2, 4, 6, 13, 18]
[3, 4, 6, 8]
[2, 4, 5, 17, 27]
[1, 2, 7, 15, 22]
[1, 4, 7, 11, 16]
[1, 4, 6, 28]
[2, 3, 5, 20]
[3, 4, 5, 16, 23]
[16, 17, 18, 19, 20, 21, 22, 23, 24, 25, 26, 27, 28]


5
process id 4
stats
5, 15, 7, 100, 1000
20220818-184743
loosing coalitions taken
[2, 4, 6, 9, 24]
[1, 2, 10, 12, 13]
[1, 2, 8, 9, 22]
[1, 4, 7, 8, 28]
[2, 4, 5, 20]
[1, 2, 7, 11, 27]
[1, 3, 7, 15, 20]
[2, 3, 6, 11]
[1, 3, 8, 10, 19]
[1, 4, 6, 27]
[3, 4, 5, 15]
[3, 4, 6, 12, 16]
[1, 5, 6, 11, 25]
[2, 3, 5, 25]
[16, 17, 18, 19, 20, 21, 22, 23, 24, 25, 26, 27, 28]


6
process id 6
stats
5, 15, 7, 100, 1000
20220818-184744
loosing coalitions taken
[2, 4, 5, 19]
[1, 2, 8, 9, 21]
[1, 3, 8, 12, 17]
[1, 4, 7, 9, 16]
[1, 5, 6, 15, 18]
[1, 2, 7, 13, 24]
[3, 4, 6, 8]
[1, 3, 7, 10, 22]
[2, 3, 5, 24, 27]
[2, 3, 6, 11]
[1, 4, 6, 26]
[3, 4, 5, 16, 26]
[1, 2, 10, 12, 14]
[2, 4, 6, 14, 20]
[16, 17, 18, 19, 20, 21, 22, 23, 24, 25, 26, 27, 28]


6
process id 3
stats
5, 15, 7, 100, 1000
20220818-184744
loosing coalitions taken
[3, 4, 5, 17, 28]
[2, 3, 6, 16, 24]
[1, 2, 9, 11, 13]
[2, 4, 6, 9, 23]
[3, 4, 6, 13, 20]
[1, 3, 9, 10, 12]
[2, 3, 5, 21]
[1, 5, 6, 12, 24]
[1, 4, 7, 8, 22]
[1, 4, 6, 28]
[1, 2, 8, 12, 17]
[1, 3, 7, 16, 17]
[1, 3, 8, 13, 14]
[1, 2, 7, 14, 19]
[16, 17, 18, 19, 20, 21, 22, 23, 24, 25, 26, 27, 28]


6
process id 7
stats
5, 15, 7, 100, 1000
20220818-184745
loosing coalitions taken
[2, 3, 6, 16, 24]
[1, 2, 7, 13, 23]
[1, 2, 8, 10, 19]
[2, 4, 6, 11, 23]
[1, 3, 8, 13, 16]
[1, 5, 6, 14, 22]
[1, 4, 8, 11, 14]
[1, 3, 7, 15, 18]
[2, 3, 5, 26, 28]
[2, 4, 5, 20]
[2, 3, 7, 8, 9]
[3, 4, 6, 9, 21]
[1, 4, 6, 28]
[1, 2, 9, 12, 14]
[16, 17, 18, 19, 20, 21, 22, 23, 24, 25, 26, 27, 28]


6
process id 5
stats
5, 15, 7, 100, 1000
20220818-184746
loosing coalitions taken
[1, 2, 7, 14, 24]
[2, 3, 6, 14]
[1, 3, 8, 11, 18]
[2, 4, 5, 20]
[1, 5, 6, 11, 23]
[2, 3, 5, 25]
[3, 4, 5, 16]
[1, 4, 7, 9, 15]
[1, 2, 8, 9, 20]
[1, 4, 6, 27]
[3, 4, 6, 8]
[1, 3, 7, 13, 21]
[2, 4, 6, 16, 19]
[1, 2, 10, 12, 13]
[16, 17, 18, 19, 20, 21, 22, 23, 24, 25, 26, 27, 28]


5
process id 7
stats
5, 15, 7, 100, 1000
20220818-184746
loosing coalitions taken
[2, 3, 6, 18, 20]
[1, 3, 7, 9, 24]
[2, 3, 5, 22]
[3, 4, 6, 11, 19]
[1, 2, 7, 16, 19]
[1, 3, 8, 11, 17]
[1, 4, 8, 10, 15]
[1, 5, 6, 16, 20]
[1, 2, 8, 14, 18]
[3, 4, 5, 15]
[2, 4, 6, 12, 23]
[1, 4, 6, 27]
[2, 4, 5, 20]
[1, 2, 9, 10, 11]
[16, 17, 18, 19, 20, 21, 22, 23, 24, 25, 26, 27, 28]


6
process id 0
stats
5, 15, 7, 100, 1000
20220818-184747
loosing coalitions taken
[1, 4, 8, 11, 12]
[1, 2, 9, 10, 11]
[2, 3, 6, 14]
[1, 2, 8, 13, 19]
[3, 4, 5, 16]
[1, 5, 6, 12, 23]
[1, 4, 6, 25]
[3, 4, 6, 11, 21]
[2, 3, 5, 22]
[1, 3, 7, 15, 19]
[2, 4, 5, 15]
[1, 3, 8, 9, 20]
[2, 3, 7, 8, 10]
[2, 4, 6, 10, 20]
[16, 17, 18, 19, 20, 21, 22, 23, 24, 25, 26, 27, 28]


6
process id 4
stats
5, 15, 7, 100, 1000
20220818-184747
loosing coalitions taken
[2, 3, 6, 14]
[1, 3, 7, 12, 22]
[1, 2, 7, 13, 25]
[2, 4, 5, 20]
[1, 3, 9, 10, 11]
[3, 4, 5, 14]
[2, 4, 6, 13, 22]
[1, 5, 6, 10, 26]
[3, 4, 6, 8]
[1, 3, 8, 14, 15]
[1, 2, 8, 11, 21]
[2, 3, 5, 24]
[1, 4, 7, 8]
[1, 4, 6, 25]
[16, 17, 18, 19, 20, 21, 22, 23, 24, 25, 26, 27, 28]


6
process id 3
stats
5, 15, 7, 100, 1000
20220818-184748
loosing coalitions taken
[2, 3, 5, 24]
[1, 2, 7, 16, 18]
[1, 4, 8, 10, 15]
[2, 4, 6, 11, 22]
[3, 4, 6, 14, 20]
[1, 3, 8, 9, 18]
[1, 3, 7, 12, 22]
[1, 2, 8, 14, 17]
[2, 3, 6, 13]
[3, 4, 5, 13]
[1, 4, 6, 26]
[2, 4, 5, 18]
[1, 2, 10, 11, 12]
[1, 4, 7, 13, 14]
[16, 17, 18, 19, 20, 21, 22, 23, 24, 25, 26, 27, 28]


6
process id 7
stats
5, 15, 7, 100, 1000
20220818-184749
loosing coalitions taken
[3, 4, 5, 16]
[1, 3, 7, 13, 20]
[1, 2, 7, 9]
[1, 5, 6, 15, 20]
[2, 3, 6, 10]
[3, 4, 6, 13, 21]
[1, 4, 6, 27]
[2, 4, 6, 11, 22]
[2, 4, 5, 20]
[1, 2, 8, 14, 19]
[1, 4, 8, 10, 12]
[2, 3, 5, 23, 24]
[1, 2, 10, 11, 13]
[1, 3, 8, 9, 18]
[16, 17, 18, 19, 20, 21, 22, 23, 24, 25, 26, 27, 28]


6
process id 1
stats
5, 15, 7, 100, 1000
20220818-184749
loosing coalitions taken
[2, 3, 5, 24]
[1, 4, 8, 10, 15]
[1, 2, 8, 14, 17]
[1, 2, 7, 13, 25]
[3, 4, 6, 13, 19]
[1, 3, 7, 15, 21]
[1, 3, 8, 12, 18]
[1, 2, 9, 11, 12]
[2, 4, 6, 11, 23]
[2, 4, 5, 16, 27]
[2, 3, 6, 10]
[1, 4, 6, 26]
[1, 5, 6, 11, 20]
[2, 5, 6, 7, 12]
[16, 17, 18, 19, 20, 21, 22, 23, 24, 25, 26, 27, 28]


6
process id 6
stats
5, 15, 7, 100, 1000
20220818-184749
loosing coalitions taken
[2, 3, 6, 12]
[1, 3, 7, 15, 17]
[2, 4, 5, 18]
[1, 4, 8, 12, 14]
[1, 3, 8, 10, 19]
[1, 2, 8, 9, 22]
[2, 4, 6, 9, 21]
[1, 5, 6, 11, 20]
[3, 4, 6, 14, 18]
[2, 3, 5, 23]
[1, 4, 6, 26]
[3, 4, 5, 15]
[1, 2, 10, 11, 14]
[1, 2, 7, 12, 25]
[16, 17, 18, 19, 20, 21, 22, 23, 24, 25, 26, 27, 28]


6
process id 0
stats
5, 15, 7, 100, 1000
20220818-184752
loosing coalitions taken
[1, 3, 7, 16, 18]
[1, 2, 8, 10, 20]
[1, 2, 7, 15, 22]
[1, 4, 7, 8]
[2, 4, 6, 10, 24]
[1, 5, 6, 11, 23]
[1, 2, 9, 12, 13]
[2, 3, 5, 23]
[2, 4, 5, 17]
[2, 3, 6, 14]
[1, 4, 6, 27]
[3, 4, 6, 8]
[3, 4, 5, 16]
[1, 3, 8, 13, 15]
[16, 17, 18, 19, 20, 21, 22, 23, 24, 25, 26, 27, 28]


6
process id 5
stats
5, 15, 7, 100, 1000
20220818-184752
loosing coalitions taken
[1, 3, 7, 13, 22]
[1, 2, 7, 11, 23]
[1, 2, 8, 14, 20]
[1, 3, 8, 10, 17]
[1, 5, 6, 9, 26]
[1, 4, 8, 9, 13]
[2, 3, 6, 11]
[1, 2, 9, 10, 12]
[2, 4, 5, 15]
[3, 4, 6, 13, 20]
[2, 3, 5, 22]
[2, 4, 6, 14, 19]
[3, 4, 5, 14]
[1, 4, 6, 27]
[16, 17, 18, 19, 20, 21, 22, 23, 24, 25, 26, 27, 28]


6
process id 7
stats
5, 15, 7, 100, 1000
20220818-184753
loosing coalitions taken
[1, 4, 8, 9, 15]
[1, 2, 7, 16, 20]
[1, 5, 6, 13, 23]
[3, 4, 5, 17, 22]
[1, 2, 9, 10, 14]
[2, 3, 6, 11, 28]
[1, 3, 8, 10, 16]
[3, 5, 6, 7, 14]
[2, 4, 5, 21, 26]
[2, 3, 5, 23]
[2, 4, 6, 10, 18]
[3, 4, 6, 8]
[1, 3, 7, 13, 22]
[1, 2, 8, 12, 17]
[16, 17, 18, 19, 20, 21, 22, 23, 24, 25, 26, 27, 28]


5
process id 6
stats
5, 15, 7, 100, 1000
20220818-184754
loosing coalitions taken
[1, 2, 10, 12, 13]
[1, 2, 9, 11, 14]
[3, 4, 5, 16]
[2, 3, 6, 15, 26]
[1, 5, 6, 10, 24]
[2, 5, 6, 7, 12]
[2, 3, 5, 23]
[1, 3, 8, 11, 16]
[1, 3, 7, 9, 24]
[1, 4, 6, 26]
[3, 4, 6, 11, 18]
[2, 4, 5, 21, 26]
[1, 4, 8, 9, 13]
[1, 2, 7, 16, 17]
[16, 17, 18, 19, 20, 21, 22, 23, 24, 25, 26, 27, 28]


5
process id 5
stats
5, 15, 7, 100, 1000
20220818-184754
loosing coalitions taken
[1, 4, 8, 9, 13]
[1, 2, 7, 16, 21]
[2, 3, 6, 18, 21]
[2, 3, 5, 27, 28]
[1, 3, 7, 15, 17]
[2, 4, 5, 18]
[1, 2, 8, 10, 17]
[3, 5, 6, 7, 14]
[1, 3, 9, 10, 12]
[1, 2, 9, 11, 14]
[1, 3, 8, 14, 16]
[1, 5, 6, 12, 22]
[3, 4, 6, 10, 20]
[1, 4, 6, 28]
[16, 17, 18, 19, 20, 21, 22, 23, 24, 25, 26, 27, 28]


6
process id 0
stats
5, 15, 7, 100, 1000
20220818-184755
loosing coalitions taken
[2, 4, 5, 18]
[1, 5, 6, 16, 19]
[1, 3, 8, 15, 16]
[1, 4, 7, 8, 27]
[1, 2, 10, 11, 12]
[2, 3, 6, 14]
[1, 2, 8, 13, 19]
[1, 4, 6, 25]
[2, 4, 6, 11, 21]
[2, 3, 5, 23]
[3, 4, 5, 13]
[1, 3, 7, 14, 22]
[1, 2, 7, 9]
[3, 4, 6, 8]
[16, 17, 18, 19, 20, 21, 22, 23, 24, 25, 26, 27, 28]


6
process id 3
stats
5, 15, 7, 100, 1000
20220818-184755
loosing coalitions taken
[1, 2, 7, 16, 20]
[3, 4, 5, 15]
[1, 2, 8, 11, 18]
[1, 3, 9, 10, 11]
[1, 4, 7, 8]
[1, 2, 10, 12, 14]
[1, 5, 6, 10, 25]
[2, 4, 5, 16]
[2, 3, 6, 13]
[2, 4, 6, 12, 17]
[1, 3, 7, 14, 22]
[2, 3, 5, 23]
[1, 4, 6, 28]
[3, 4, 6, 14, 18]
[16, 17, 18, 19, 20, 21, 22, 23, 24, 25, 26, 27, 28]


6
process id 2
stats
5, 15, 7, 100, 1000
20220818-184756
loosing coalitions taken
[1, 3, 8, 9, 19]
[1, 2, 7, 11, 27]
[1, 3, 7, 16, 18]
[2, 4, 5, 18]
[1, 5, 6, 13, 24]
[1, 2, 8, 12, 17]
[1, 2, 9, 10, 13]
[2, 3, 6, 14, 28]
[3, 4, 6, 8]
[2, 3, 5, 24, 26]
[3, 4, 5, 16]
[1, 4, 7, 8]
[1, 4, 6, 27]
[2, 4, 6, 13, 17]
[16, 17, 18, 19, 20, 21, 22, 23, 24, 25, 26, 27, 28]


6
process id 0
stats
5, 15, 7, 100, 1000
20220818-184757
loosing coalitions taken
[2, 3, 5, 26, 27]
[1, 2, 8, 9, 19]
[2, 3, 6, 10]
[1, 5, 6, 16, 19]
[1, 2, 7, 13, 23]
[1, 3, 7, 9, 24]
[1, 3, 8, 12, 17]
[1, 4, 6, 25]
[2, 4, 5, 19]
[3, 4, 5, 14]
[3, 4, 6, 8]
[1, 4, 8, 10, 14]
[2, 4, 6, 15, 20]
[3, 5, 6, 7, 15]
[16, 17, 18, 19, 20, 21, 22, 23, 24, 25, 26, 27, 28]


6
process id 4
stats
5, 15, 7, 100, 1000
20220818-184758
loosing coalitions taken
[2, 4, 5, 18]
[3, 4, 6, 15, 16]
[2, 3, 6, 14]
[1, 5, 6, 9, 24]
[1, 2, 7, 12, 26]
[1, 4, 7, 8, 28]
[1, 3, 7, 11, 23]
[1, 3, 8, 12, 18]
[2, 3, 5, 23]
[2, 4, 6, 13, 21]
[1, 4, 6, 27]
[3, 4, 5, 17, 28]
[1, 2, 9, 11, 14]
[2, 5, 6, 8, 10]
[16, 17, 18, 19, 20, 21, 22, 23, 24, 25, 26, 27, 28]


6
process id 1
stats
5, 15, 7, 100, 1000
20220818-184759
loosing coalitions taken
[2, 4, 5, 16]
[1, 2, 7, 10, 24]
[1, 3, 8, 12, 16]
[1, 4, 8, 9, 15]
[2, 3, 6, 13]
[1, 3, 7, 11, 22]
[1, 5, 6, 15, 21]
[1, 4, 6, 25]
[3, 5, 6, 7, 14]
[2, 4, 6, 9, 22]
[2, 3, 5, 25]
[1, 2, 8, 13, 17]
[3, 4, 5, 15, 27]
[3, 4, 6, 10, 18]
[16, 17, 18, 19, 20, 21, 22, 23, 24, 25, 26, 27, 28]


6
process id 0
stats
5, 15, 7, 100, 1000
20220818-184759
loosing coalitions taken
[2, 3, 6, 13]
[1, 2, 9, 11, 12]
[1, 4, 8, 11, 14]
[1, 2, 7, 14, 21]
[2, 4, 5, 19]
[1, 3, 8, 12, 18]
[1, 2, 8, 10, 17]
[2, 3, 5, 20]
[3, 4, 5, 14]
[1, 4, 6, 27]
[2, 4, 6, 15, 21]
[3, 4, 6, 11, 20]
[1, 5, 6, 9, 23]
[1, 4, 7, 9, 16]
[16, 17, 18, 19, 20, 21, 22, 23, 24, 25, 26, 27, 28]


6
process id 3
stats
5, 15, 7, 100, 1000
20220818-184800
loosing coalitions taken
[1, 3, 8, 12, 18]
[3, 5, 6, 7, 15]
[2, 3, 6, 12]
[1, 3, 7, 16, 17]
[2, 4, 5, 17, 25]
[1, 5, 6, 13, 21]
[1, 4, 8, 11, 14]
[1, 4, 6, 26]
[1, 2, 7, 11, 26]
[2, 3, 5, 23]
[3, 4, 6, 13, 19]
[1, 2, 8, 9, 21]
[3, 4, 5, 18, 27]
[2, 4, 6, 10, 20]
[16, 17, 18, 19, 20, 21, 22, 23, 24, 25, 26, 27, 28]


5
process id 7
stats
5, 15, 7, 100, 1000
20220818-184802
loosing coalitions taken
[1, 3, 7, 15, 18]
[1, 3, 9, 10, 11]
[3, 4, 6, 9, 21]
[1, 3, 8, 12, 17]
[2, 3, 6, 11, 25]
[1, 2, 7, 12, 22]
[1, 2, 8, 10, 20]
[2, 3, 5, 24]
[2, 4, 6, 15, 18]
[1, 4, 7, 10, 16]
[1, 4, 8, 13, 14]
[3, 4, 5, 13]
[1, 5, 6, 15, 17]
[2, 4, 5, 17]
[16, 17, 18, 19, 20, 21, 22, 23, 24, 25, 26, 27, 28]


5
process id 4
stats
5, 15, 7, 100, 1000
20220818-184803
loosing coalitions taken
[1, 4, 7, 10, 17]
[1, 2, 7, 13, 22]
[2, 4, 6, 15, 18]
[1, 2, 9, 12, 14]
[1, 3, 8, 9, 16]
[1, 3, 7, 14, 19]
[1, 2, 8, 11, 17]
[2, 4, 5, 17]
[1, 5, 6, 15, 21]
[1, 4, 6, 27]
[2, 3, 6, 12]
[3, 4, 6, 14, 16]
[2, 3, 5, 24]
[3, 4, 5, 15]
[16, 17, 18, 19, 20, 21, 22, 23, 24, 25, 26, 27, 28]


6
process id 2
stats
5, 15, 7, 100, 1000
20220818-184805
loosing coalitions taken
[1, 5, 6, 15, 21]
[1, 2, 7, 15, 20]
[1, 2, 8, 14, 19]
[1, 4, 8, 10, 13]
[1, 3, 8, 12, 18]
[1, 3, 7, 11, 22]
[2, 4, 5, 19]
[1, 2, 9, 12, 13]
[3, 4, 5, 13]
[3, 4, 6, 10, 18]
[2, 3, 6, 12]
[2, 3, 5, 24, 26]
[3, 5, 6, 7, 9]
[1, 4, 6, 26]
[16, 17, 18, 19, 20, 21, 22, 23, 24, 25, 26, 27, 28]


6
process id 0
stats
5, 15, 7, 100, 1000
20220818-184805
loosing coalitions taken
[3, 4, 5, 19, 22]
[1, 3, 7, 9, 22]
[2, 3, 5, 24]
[1, 5, 6, 13, 23]
[1, 2, 9, 12, 13]
[1, 2, 8, 11, 17]
[3, 4, 6, 14, 20]
[1, 2, 7, 15, 20]
[2, 3, 6, 9]
[2, 4, 6, 11, 21]
[2, 4, 5, 20]
[1, 4, 6, 28]
[1, 4, 7, 8]
[1, 3, 8, 10, 18]
[16, 17, 18, 19, 20, 21, 22, 23, 24, 25, 26, 27, 28]


6
process id 4
stats
5, 15, 7, 100, 1000
20220818-184805
loosing coalitions taken
[1, 4, 8, 12, 13]
[2, 3, 6, 14]
[1, 2, 7, 9, 24]
[1, 3, 7, 12, 21]
[1, 2, 8, 15, 16]
[1, 2, 10, 11, 13]
[3, 4, 5, 16, 28]
[1, 3, 8, 10, 19]
[2, 3, 5, 24]
[1, 4, 6, 26, 28]
[2, 4, 5, 20]
[3, 4, 6, 8]
[1, 5, 6, 12, 22]
[2, 4, 6, 11, 18]
[16, 17, 18, 19, 20, 21, 22, 23, 24, 25, 26, 27, 28]


6
process id 1
stats
5, 15, 7, 100, 1000
20220818-184806
loosing coalitions taken
[1, 3, 8, 12, 18]
[1, 2, 10, 11, 12]
[2, 4, 5, 22, 24]
[1, 4, 7, 8]
[2, 3, 6, 14]
[3, 4, 5, 16, 28]
[1, 5, 6, 11, 24]
[2, 3, 5, 20]
[3, 4, 6, 9, 22]
[1, 3, 7, 10, 20]
[2, 4, 6, 15, 16]
[1, 4, 6, 25]
[2, 5, 6, 7, 13]
[1, 2, 8, 14, 16]
[16, 17, 18, 19, 20, 21, 22, 23, 24, 25, 26, 27, 28]


6
process id 3
stats
5, 15, 7, 100, 1000
20220818-184807
loosing coalitions taken
[1, 2, 8, 15, 17]
[1, 3, 7, 11, 23]
[1, 2, 10, 11, 14]
[2, 4, 6, 14, 21]
[1, 3, 8, 9, 19]
[1, 2, 7, 9]
[2, 3, 6, 13]
[1, 5, 6, 15, 20]
[3, 4, 5, 21, 24]
[2, 4, 5, 17]
[1, 4, 6, 25]
[3, 4, 6, 8]
[2, 3, 5, 23]
[1, 4, 7, 8]
[16, 17, 18, 19, 20, 21, 22, 23, 24, 25, 26, 27, 28]


5
process id 1
stats
5, 15, 7, 100, 1000
20220818-184808
loosing coalitions taken
[2, 3, 6, 14]
[2, 4, 5, 16]
[1, 3, 8, 12, 16]
[1, 4, 7, 10, 18]
[1, 2, 7, 12, 25]
[1, 4, 8, 9, 15]
[1, 2, 8, 13, 17]
[1, 2, 9, 10, 11]
[3, 4, 6, 8]
[1, 4, 6, 27]
[1, 5, 6, 10, 23]
[3, 4, 5, 14]
[2, 3, 5, 25]
[1, 3, 7, 9, 21]
[16, 17, 18, 19, 20, 21, 22, 23, 24, 25, 26, 27, 28]


5
process id 3
stats
5, 15, 7, 100, 1000
20220818-184808
loosing coalitions taken
[1, 4, 8, 13, 14]
[1, 5, 6, 13, 23]
[2, 4, 5, 18]
[1, 3, 7, 13, 18]
[2, 3, 6, 12]
[1, 3, 8, 10, 19]
[1, 2, 7, 9]
[3, 4, 5, 14]
[1, 2, 8, 12, 21]
[3, 4, 6, 9, 18]
[2, 3, 5, 25]
[1, 4, 6, 27]
[2, 4, 6, 10, 23]
[1, 4, 7, 10, 16]
[16, 17, 18, 19, 20, 21, 22, 23, 24, 25, 26, 27, 28]


6
process id 2
stats
5, 15, 7, 100, 1000
20220818-184809
loosing coalitions taken
[3, 4, 6, 13, 17]
[1, 3, 7, 15, 20]
[1, 4, 7, 12, 16]
[1, 2, 9, 10, 14]
[2, 4, 5, 20, 26]
[2, 3, 6, 12]
[3, 4, 5, 15]
[1, 3, 8, 10, 18]
[1, 2, 7, 11, 23]
[2, 3, 5, 22]
[1, 4, 6, 25]
[1, 5, 6, 11, 21]
[1, 4, 8, 9, 11]
[1, 2, 8, 15, 17]
[16, 17, 18, 19, 20, 21, 22, 23, 24, 25, 26, 27, 28]


6
process id 7
stats
5, 15, 7, 100, 1000
20220818-184810
loosing coalitions taken
[2, 4, 6, 10, 24]
[2, 4, 5, 18]
[1, 3, 8, 11, 19]
[2, 3, 6, 14]
[1, 2, 9, 12, 13]
[1, 2, 8, 15, 16]
[1, 4, 6, 27]
[1, 4, 7, 11, 16]
[3, 4, 5, 16]
[1, 3, 7, 12, 21]
[2, 3, 5, 21]
[1, 5, 6, 11, 21]
[3, 4, 6, 12, 18]
[1, 2, 7, 17, 19]
[16, 17, 18, 19, 20, 21, 22, 23, 24, 25, 26, 27, 28]


6
process id 6
stats
5, 15, 7, 100, 1000
20220818-184811
loosing coalitions taken
[1, 2, 10, 12, 14]
[2, 3, 5, 22]
[1, 3, 8, 9, 17]
[1, 2, 8, 11, 20]
[1, 3, 7, 15, 20]
[2, 4, 6, 13, 21]
[1, 4, 7, 8]
[1, 4, 6, 27]
[2, 4, 5, 19, 24]
[3, 4, 5, 17, 27]
[1, 2, 7, 13, 23]
[3, 4, 6, 8, 26]
[1, 5, 6, 14, 19]
[2, 3, 6, 12]
[16, 17, 18, 19, 20, 21, 22, 23, 24, 25, 26, 27, 28]


6
process id 0
stats
5, 15, 7, 100, 1000
20220818-184811
loosing coalitions taken
[1, 4, 8, 10, 12]
[1, 5, 6, 14, 21]
[2, 4, 5, 18]
[3, 5, 6, 7, 12]
[1, 2, 9, 10, 13]
[3, 4, 6, 10, 17]
[1, 2, 7, 17, 19]
[2, 3, 6, 13]
[1, 3, 8, 9, 19]
[2, 3, 5, 24, 27]
[3, 4, 5, 15]
[1, 4, 6, 25]
[1, 3, 7, 11, 21]
[2, 4, 6, 11, 20]
[16, 17, 18, 19, 20, 21, 22, 23, 24, 25, 26, 27, 28]


6
process id 4
stats
5, 15, 7, 100, 1000
20220818-184812
loosing coalitions taken
[1, 2, 7, 11, 26]
[1, 4, 8, 12, 14]
[1, 3, 8, 11, 17]
[1, 3, 7, 15, 18]
[2, 3, 6, 10]
[1, 5, 6, 12, 23]
[3, 4, 5, 16, 26]
[2, 4, 5, 18, 23]
[2, 3, 5, 22]
[1, 4, 6, 25]
[3, 4, 6, 8]
[2, 4, 6, 9, 22]
[1, 2, 8, 9, 18]
[1, 4, 7, 13, 16]
[16, 17, 18, 19, 20, 21, 22, 23, 24, 25, 26, 27, 28]


5
process id 1
stats
5, 15, 7, 100, 1000
20220818-184812
loosing coalitions taken
[2, 4, 5, 18]
[1, 2, 9, 11, 14]
[2, 3, 6, 14]
[1, 4, 8, 10, 12]
[1, 4, 6, 26]
[1, 2, 7, 12, 23]
[1, 3, 7, 15, 17]
[3, 4, 5, 15]
[1, 5, 6, 9, 20]
[2, 4, 6, 9, 22]
[2, 3, 5, 24]
[1, 4, 7, 14, 16]
[3, 4, 6, 12, 21]
[1, 3, 8, 13, 14]
[16, 17, 18, 19, 20, 21, 22, 23, 24, 25, 26, 27, 28]


5
process id 0
stats
5, 15, 7, 100, 1000
20220818-184813
loosing coalitions taken
[3, 4, 5, 16]
[1, 4, 7, 8, 24]
[1, 2, 8, 10, 20]
[1, 2, 7, 17, 19]
[1, 2, 9, 11, 13]
[2, 3, 6, 10]
[2, 3, 5, 22]
[3, 4, 6, 8]
[1, 4, 6, 26]
[1, 3, 7, 14, 18]
[2, 4, 5, 17]
[1, 5, 6, 14, 22]
[2, 4, 6, 14, 20]
[1, 3, 8, 12, 17]
[16, 17, 18, 19, 20, 21, 22, 23, 24, 25, 26, 27, 28]


5
process id 2
stats
5, 15, 7, 100, 1000
20220818-184813
loosing coalitions taken
[1, 2, 8, 14, 19]
[1, 2, 7, 16, 20]
[1, 3, 7, 15, 19]
[2, 3, 5, 22]
[1, 5, 6, 16, 18]
[3, 4, 6, 11, 18]
[1, 2, 9, 10, 13]
[1, 3, 8, 9, 18]
[2, 3, 6, 14]
[1, 4, 7, 12, 14]
[3, 4, 5, 13]
[2, 4, 5, 15]
[1, 4, 6, 26]
[2, 4, 6, 12, 21]
[16, 17, 18, 19, 20, 21, 22, 23, 24, 25, 26, 27, 28]


6
process id 5
stats
5, 15, 7, 100, 1000
20220818-184813
loosing coalitions taken
[3, 4, 6, 12, 18]
[1, 2, 8, 12, 20]
[3, 4, 5, 20, 21]
[2, 3, 6, 13]
[2, 4, 5, 18, 28]
[1, 3, 8, 11, 18]
[1, 2, 7, 15, 21]
[1, 2, 9, 11, 14]
[1, 4, 7, 8, 22]
[1, 4, 6, 27]
[2, 4, 6, 14, 21]
[1, 5, 6, 11, 23]
[2, 3, 5, 22]
[1, 3, 7, 9, 19]
[16, 17, 18, 19, 20, 21, 22, 23, 24, 25, 26, 27, 28]


6
process id 3
stats
5, 15, 7, 100, 1000
20220818-184815
loosing coalitions taken
[1, 5, 6, 10, 22]
[1, 2, 9, 11, 12]
[2, 3, 6, 13]
[3, 4, 5, 19, 25]
[2, 4, 5, 17]
[1, 3, 7, 10, 24]
[1, 2, 8, 10, 21]
[1, 2, 7, 15, 20]
[1, 3, 8, 14, 16]
[2, 3, 5, 22]
[1, 4, 6, 28]
[1, 4, 7, 8, 23]
[2, 4, 6, 11, 20]
[3, 4, 6, 8]
[16, 17, 18, 19, 20, 21, 22, 23, 24, 25, 26, 27, 28]


6
process id 6
stats
5, 15, 7, 100, 1000
20220818-184815
loosing coalitions taken
[2, 3, 6, 13]
[1, 3, 7, 15, 18]
[2, 4, 5, 19]
[1, 4, 7, 14, 16]
[1, 2, 8, 15, 17]
[1, 2, 9, 10, 14]
[3, 4, 5, 15]
[2, 3, 5, 23]
[2, 4, 6, 11, 21]
[1, 5, 6, 10, 23]
[1, 3, 8, 13, 16]
[1, 4, 6, 26, 28]
[1, 2, 7, 12, 20]
[1, 4, 8, 9, 12]
[16, 17, 18, 19, 20, 21, 22, 23, 24, 25, 26, 27, 28]


6
process id 2
stats
5, 15, 7, 100, 1000
20220818-184815
loosing coalitions taken
[2, 3, 6, 13]
[1, 3, 7, 16, 17]
[1, 2, 8, 15, 17]
[3, 4, 5, 19, 23]
[1, 3, 8, 11, 18]
[2, 4, 5, 16]
[1, 2, 9, 11, 12]
[1, 2, 7, 10, 26]
[2, 5, 6, 7, 15]
[2, 4, 6, 14, 18]
[2, 3, 5, 24, 27]
[1, 4, 6, 27]
[1, 5, 6, 12, 24]
[1, 4, 8, 12, 13]
[16, 17, 18, 19, 20, 21, 22, 23, 24, 25, 26, 27, 28]


6
process id 4
stats
5, 15, 7, 100, 1000
20220818-184815
loosing coalitions taken
[1, 5, 6, 10, 26]
[1, 2, 9, 12, 13]
[1, 3, 7, 15, 19]
[1, 4, 7, 11, 16]
[1, 2, 8, 11, 19]
[2, 3, 5, 22]
[3, 4, 6, 8]
[2, 4, 6, 13, 21]
[1, 4, 6, 28]
[2, 4, 5, 17, 23]
[2, 3, 6, 11]
[3, 4, 5, 19, 20]
[1, 3, 8, 9, 18]
[1, 4, 8, 12, 14]
[16, 17, 18, 19, 20, 21, 22, 23, 24, 25, 26, 27, 28]


6
process id 0
stats
5, 15, 7, 100, 1000
20220818-184817
loosing coalitions taken
[1, 3, 8, 15, 16]
[1, 3, 7, 14, 20]
[1, 2, 7, 9]
[2, 4, 5, 21, 23]
[3, 4, 6, 8]
[1, 5, 6, 13, 22]
[2, 3, 5, 24]
[2, 4, 6, 12, 20]
[3, 4, 5, 15]
[2, 3, 6, 18, 21]
[1, 4, 7, 10, 17]
[1, 4, 8, 9, 11]
[1, 4, 6, 27]
[2, 3, 7, 8, 10]
[16, 17, 18, 19, 20, 21, 22, 23, 24, 25, 26, 27, 28]


6
process id 1
stats
5, 15, 7, 100, 1000
20220818-184819
loosing coalitions taken
[1, 4, 7, 8]
[3, 4, 5, 19, 26]
[2, 4, 6, 14, 19]
[2, 3, 5, 22]
[3, 4, 6, 12, 20]
[2, 4, 5, 15]
[1, 3, 7, 14, 17]
[1, 4, 6, 25]
[1, 2, 8, 14, 15]
[1, 2, 7, 9]
[1, 2, 10, 11, 12]
[1, 5, 6, 10, 22]
[2, 3, 6, 9]
[1, 3, 8, 12, 16]
[16, 17, 18, 19, 20, 21, 22, 23, 24, 25, 26, 27, 28]


6
process id 5
stats
5, 15, 7, 100, 1000
20220818-184820
loosing coalitions taken
[1, 3, 9, 10, 12]
[1, 4, 7, 10, 16]
[1, 2, 8, 9, 21]
[2, 3, 6, 12]
[1, 3, 8, 11, 19]
[3, 4, 5, 15]
[1, 3, 7, 14, 22]
[2, 4, 5, 17, 28]
[1, 2, 7, 12, 24]
[2, 3, 5, 23, 26]
[1, 5, 6, 14, 17]
[1, 4, 6, 26]
[1, 4, 8, 12, 14]
[2, 4, 6, 9, 22]
[16, 17, 18, 19, 20, 21, 22, 23, 24, 25, 26, 27, 28]


6
process id 0
stats
5, 15, 7, 100, 1000
20220818-184821
loosing coalitions taken
[1, 3, 7, 9, 22]
[1, 3, 8, 12, 17]
[2, 4, 5, 18]
[1, 2, 8, 13, 20]
[2, 3, 6, 12]
[1, 4, 7, 8, 26]
[1, 2, 9, 11, 14]
[1, 2, 7, 16, 19]
[2, 3, 5, 25]
[2, 4, 6, 11, 19]
[1, 4, 6, 28]
[3, 4, 5, 14]
[1, 5, 6, 14, 22]
[3, 4, 6, 8]
[16, 17, 18, 19, 20, 21, 22, 23, 24, 25, 26, 27, 28]


6
process id 1
stats
5, 15, 7, 100, 1000
20220818-184821
loosing coalitions taken
[2, 3, 6, 12]
[1, 3, 7, 13, 20]
[1, 4, 6, 27]
[1, 3, 8, 9, 16]
[2, 4, 5, 18]
[1, 4, 7, 8]
[3, 4, 6, 13, 16]
[2, 3, 5, 21]
[3, 4, 5, 14]
[2, 4, 6, 15, 20]
[1, 2, 8, 10, 17]
[1, 5, 6, 9, 23]
[1, 2, 7, 14, 23]
[1, 2, 9, 11, 13]
[16, 17, 18, 19, 20, 21, 22, 23, 24, 25, 26, 27, 28]


6
process id 6
stats
5, 15, 7, 100, 1000
20220818-184822
loosing coalitions taken
[2, 3, 6, 12]
[1, 2, 8, 15, 17]
[1, 2, 9, 10, 13]
[1, 3, 8, 14, 16]
[1, 2, 7, 14, 23]
[1, 3, 7, 15, 19]
[2, 4, 5, 19]
[1, 5, 6, 10, 24]
[1, 4, 6, 28]
[3, 4, 5, 17, 28]
[2, 3, 5, 24]
[2, 4, 6, 13, 20]
[1, 4, 8, 11, 12]
[1, 4, 7, 9, 16]
[16, 17, 18, 19, 20, 21, 22, 23, 24, 25, 26, 27, 28]


6
process id 2
stats
5, 15, 7, 100, 1000
20220818-184822
loosing coalitions taken
[1, 2, 9, 12, 13]
[2, 3, 6, 14]
[1, 3, 8, 9, 19]
[1, 5, 6, 16, 19]
[2, 4, 5, 16]
[1, 2, 8, 11, 20]
[1, 3, 7, 12, 21]
[1, 2, 7, 10, 28]
[2, 3, 5, 27, 28]
[1, 4, 7, 9, 16]
[1, 4, 6, 28]
[2, 4, 6, 9, 22]
[3, 4, 5, 20, 23]
[3, 4, 6, 8]
[16, 17, 18, 19, 20, 21, 22, 23, 24, 25, 26, 27, 28]


6
process id 4
stats
5, 15, 7, 100, 1000
20220818-184824
loosing coalitions taken
[1, 3, 8, 13, 16]
[2, 3, 5, 26, 28]
[1, 5, 6, 15, 18]
[1, 3, 7, 10, 21]
[1, 2, 8, 10, 18]
[2, 4, 5, 20]
[1, 4, 7, 14, 16]
[2, 3, 7, 8, 9]
[1, 2, 7, 11, 27]
[1, 4, 8, 9, 15]
[3, 4, 6, 10, 19]
[1, 4, 6, 26]
[2, 3, 6, 11]
[1, 2, 9, 12, 13]
[16, 17, 18, 19, 20, 21, 22, 23, 24, 25, 26, 27, 28]


6
process id 0
stats
5, 15, 7, 100, 1000
20220818-184824
loosing coalitions taken
[1, 2, 7, 17, 19]
[2, 3, 6, 15, 26]
[1, 5, 6, 9, 25]
[1, 2, 9, 11, 13]
[3, 4, 6, 11, 21]
[2, 4, 5, 17]
[1, 2, 8, 12, 18]
[1, 4, 6, 26]
[3, 4, 5, 13]
[1, 4, 7, 8]
[2, 4, 6, 10, 18]
[2, 3, 5, 23]
[1, 3, 7, 10, 23]
[1, 3, 8, 11, 17]
[16, 17, 18, 19, 20, 21, 22, 23, 24, 25, 26, 27, 28]


5
process id 3
stats
5, 15, 7, 100, 1000
20220818-184824
loosing coalitions taken
[1, 5, 6, 12, 23]
[2, 3, 5, 23]
[1, 2, 8, 15, 17]
[1, 3, 7, 12, 21]
[3, 4, 6, 14, 20]
[1, 2, 9, 12, 13]
[1, 2, 10, 11, 14]
[1, 3, 8, 10, 19]
[1, 4, 7, 8, 25]
[2, 3, 6, 13]
[2, 4, 5, 15]
[2, 4, 6, 10, 23]
[3, 4, 5, 19, 24]
[1, 4, 6, 26]
[16, 17, 18, 19, 20, 21, 22, 23, 24, 25, 26, 27, 28]


5
process id 7
stats
5, 15, 7, 100, 1000
20220818-184824
loosing coalitions taken
[1, 4, 7, 8]
[1, 5, 6, 13, 22]
[1, 3, 9, 10, 12]
[2, 4, 6, 12, 21]
[3, 4, 5, 16]
[1, 2, 8, 12, 19]
[2, 3, 5, 24]
[3, 4, 6, 8]
[1, 3, 8, 13, 15]
[2, 4, 5, 19]
[1, 2, 7, 10, 24]
[2, 3, 6, 9]
[1, 4, 6, 25]
[1, 3, 7, 14, 21]
[16, 17, 18, 19, 20, 21, 22, 23, 24, 25, 26, 27, 28]


5
process id 7
stats
5, 15, 7, 100, 1000
20220818-184827
loosing coalitions taken
[1, 5, 6, 10, 25]
[1, 2, 9, 11, 14]
[1, 2, 7, 13, 25]
[2, 4, 5, 18]
[1, 4, 7, 9, 16]
[2, 3, 6, 9]
[1, 2, 8, 10, 17]
[1, 3, 8, 14, 16]
[3, 4, 5, 19, 23]
[2, 4, 6, 10, 20]
[3, 4, 6, 8]
[1, 3, 7, 12, 17]
[2, 3, 5, 25]
[1, 4, 6, 28]
[16, 17, 18, 19, 20, 21, 22, 23, 24, 25, 26, 27, 28]


6
process id 5
stats
5, 15, 7, 100, 1000
20220818-184828
loosing coalitions taken
[2, 3, 6, 12]
[1, 2, 8, 14, 17]
[2, 4, 5, 19]
[1, 4, 8, 12, 13]
[1, 2, 7, 10, 25]
[1, 3, 7, 13, 20]
[1, 3, 8, 11, 18]
[2, 4, 6, 10, 20]
[3, 4, 6, 15, 16]
[1, 4, 6, 27]
[1, 5, 6, 13, 21]
[2, 3, 5, 21]
[3, 4, 5, 18, 22]
[1, 4, 7, 9, 15]
[16, 17, 18, 19, 20, 21, 22, 23, 24, 25, 26, 27, 28]


6
process id 2
stats
5, 15, 7, 100, 1000
20220818-184828
loosing coalitions taken
[1, 3, 8, 11, 18]
[1, 2, 9, 11, 12]
[1, 2, 8, 14, 19]
[2, 4, 5, 19]
[1, 2, 7, 16, 20]
[1, 4, 7, 8]
[2, 3, 6, 12]
[1, 5, 6, 11, 23]
[2, 3, 5, 23]
[3, 4, 5, 16]
[1, 3, 7, 14, 21]
[1, 4, 6, 27]
[2, 4, 6, 10, 20]
[3, 4, 6, 8]
[16, 17, 18, 19, 20, 21, 22, 23, 24, 25, 26, 27, 28]


5
process id 7
stats
5, 15, 7, 100, 1000
20220818-184829
loosing coalitions taken
[1, 3, 8, 9, 19]
[1, 4, 7, 8]
[2, 4, 5, 16]
[2, 3, 5, 25]
[2, 4, 6, 14, 19]
[1, 3, 7, 13, 20]
[1, 2, 10, 11, 13]
[2, 3, 6, 12]
[1, 5, 6, 14, 20]
[3, 4, 6, 8]
[1, 2, 8, 12, 21]
[3, 4, 5, 15]
[1, 4, 6, 26]
[1, 2, 7, 9]
[16, 17, 18, 19, 20, 21, 22, 23, 24, 25, 26, 27, 28]


6
process id 1
stats
5, 15, 7, 100, 1000
20220818-184829
loosing coalitions taken
[2, 4, 6, 16, 18]
[2, 3, 6, 12]
[1, 3, 8, 13, 15]
[1, 4, 7, 8, 23]
[1, 5, 6, 11, 21]
[3, 4, 5, 15, 27]
[2, 4, 5, 21, 28]
[1, 2, 7, 9, 27]
[1, 3, 7, 10, 22]
[2, 3, 5, 24, 26]
[1, 4, 6, 27]
[1, 2, 8, 11, 20]
[3, 4, 6, 11, 20]
[1, 2, 10, 12, 14]
[16, 17, 18, 19, 20, 21, 22, 23, 24, 25, 26, 27, 28]


6
process id 6
stats
5, 15, 7, 100, 1000
20220818-184830
loosing coalitions taken
[1, 5, 6, 9, 23]
[2, 4, 5, 18]
[1, 3, 7, 16, 17]
[1, 2, 7, 9]
[2, 3, 5, 22, 24]
[2, 3, 6, 14]
[3, 4, 6, 8]
[2, 4, 6, 11, 21]
[1, 4, 7, 10, 18]
[1, 4, 6, 28]
[1, 3, 9, 10, 12]
[3, 4, 5, 14]
[1, 3, 8, 14, 15]
[1, 2, 8, 12, 21]
[16, 17, 18, 19, 20, 21, 22, 23, 24, 25, 26, 27, 28]


6
process id 1
stats
5, 15, 7, 100, 1000
20220818-184832
loosing coalitions taken
[2, 4, 5, 20]
[1, 5, 6, 9, 25]
[3, 4, 6, 8]
[2, 3, 6, 13, 24]
[1, 2, 8, 9, 20]
[1, 3, 7, 16, 19]
[3, 4, 5, 19, 22]
[2, 3, 5, 23]
[1, 4, 7, 8]
[1, 4, 6, 27]
[1, 3, 9, 10, 12]
[2, 4, 6, 12, 19]
[1, 2, 7, 15, 18]
[1, 3, 8, 11, 17]
[16, 17, 18, 19, 20, 21, 22, 23, 24, 25, 26, 27, 28]


6
process id 2
stats
5, 15, 7, 100, 1000
20220818-184833
loosing coalitions taken
[3, 4, 5, 20, 23]
[2, 3, 6, 14]
[2, 4, 5, 18, 27]
[1, 2, 8, 13, 20]
[1, 3, 8, 11, 16]
[1, 4, 6, 28]
[2, 4, 6, 15, 16]
[1, 5, 6, 13, 18]
[1, 4, 7, 10, 15]
[2, 3, 5, 22, 24]
[1, 2, 9, 10, 14]
[3, 4, 6, 8]
[1, 2, 7, 11, 21]
[1, 3, 7, 14, 20]
[16, 17, 18, 19, 20, 21, 22, 23, 24, 25, 26, 27, 28]


6
process id 4
stats
5, 15, 7, 100, 1000
20220818-184834
loosing coalitions taken
[2, 4, 5, 22, 23]
[2, 4, 6, 16, 18]
[1, 2, 9, 11, 13]
[3, 4, 6, 14, 17]
[2, 3, 6, 11]
[1, 5, 6, 10, 20]
[1, 4, 6, 28]
[3, 4, 5, 13]
[2, 3, 5, 25]
[1, 4, 7, 12, 16]
[1, 2, 8, 14, 17]
[1, 3, 7, 11, 20]
[1, 2, 7, 10, 28]
[1, 3, 8, 15, 16]
[16, 17, 18, 19, 20, 21, 22, 23, 24, 25, 26, 27, 28]


6
process id 1
stats
5, 15, 7, 100, 1000
20220818-184834
loosing coalitions taken
[1, 2, 7, 14, 23]
[2, 3, 5, 25]
[1, 5, 6, 13, 24]
[1, 4, 7, 8]
[2, 3, 6, 9]
[2, 4, 5, 19]
[1, 4, 6, 28]
[3, 4, 5, 14]
[3, 4, 6, 15, 16]
[1, 3, 7, 10, 20]
[2, 4, 6, 14, 17]
[1, 2, 8, 15, 16]
[1, 3, 8, 12, 19]
[1, 2, 9, 10, 12]
[16, 17, 18, 19, 20, 21, 22, 23, 24, 25, 26, 27, 28]


5
process id 2
stats
5, 15, 7, 100, 1000
20220818-184835
loosing coalitions taken
[1, 4, 8, 9, 12]
[1, 2, 9, 10, 11]
[1, 3, 8, 11, 17]
[3, 4, 5, 15]
[1, 5, 6, 9, 26]
[2, 3, 7, 8, 10]
[2, 4, 6, 13, 19]
[1, 2, 7, 15, 22]
[2, 3, 6, 12]
[1, 3, 7, 16, 19]
[1, 2, 8, 14, 20]
[2, 3, 5, 25]
[2, 4, 5, 18]
[1, 4, 6, 25]
[16, 17, 18, 19, 20, 21, 22, 23, 24, 25, 26, 27, 28]


6
process id 6
stats
5, 15, 7, 100, 1000
20220818-184835
loosing coalitions taken
[1, 2, 7, 10, 25]
[2, 4, 5, 19]
[1, 5, 6, 13, 22]
[1, 4, 6, 27]
[2, 3, 5, 22]
[3, 4, 5, 16]
[3, 4, 6, 10, 18]
[1, 3, 7, 12, 17]
[2, 4, 6, 15, 16]
[1, 3, 8, 11, 15]
[1, 2, 9, 11, 13]
[2, 3, 6, 9]
[1, 4, 7, 9, 19]
[1, 2, 8, 12, 19]
[16, 17, 18, 19, 20, 21, 22, 23, 24, 25, 26, 27, 28]


6
process id 3
stats
5, 15, 7, 100, 1000
20220818-184836
loosing coalitions taken
[1, 2, 10, 11, 14]
[2, 3, 5, 25, 28]
[2, 4, 5, 18]
[2, 3, 6, 11]
[1, 2, 7, 16, 21]
[1, 2, 8, 13, 20]
[1, 3, 7, 14, 18]
[1, 4, 6, 25]
[2, 5, 6, 7, 14]
[1, 5, 6, 9, 26]
[3, 4, 5, 16, 26]
[2, 4, 6, 15, 20]
[3, 4, 6, 8]
[1, 3, 8, 10, 15]
[16, 17, 18, 19, 20, 21, 22, 23, 24, 25, 26, 27, 28]


5
process id 6
stats
5, 15, 7, 100, 1000
20220818-184837
loosing coalitions taken
[1, 2, 8, 14, 20]
[2, 3, 7, 8, 9]
[2, 3, 6, 14]
[1, 4, 7, 10, 19]
[1, 2, 10, 11, 12]
[1, 3, 7, 12, 22]
[1, 2, 7, 15, 18]
[1, 3, 8, 11, 16]
[2, 4, 5, 19]
[1, 4, 6, 26]
[2, 3, 5, 21]
[3, 4, 6, 12, 17]
[3, 4, 5, 16]
[2, 4, 6, 10, 23]
[16, 17, 18, 19, 20, 21, 22, 23, 24, 25, 26, 27, 28]


5
process id 4
stats
5, 15, 7, 100, 1000
20220818-184837
loosing coalitions taken
[1, 5, 6, 10, 26]
[1, 3, 8, 11, 16]
[1, 2, 8, 9, 17]
[2, 3, 6, 13]
[1, 2, 7, 15, 20]
[1, 2, 10, 11, 14]
[1, 3, 7, 10, 22]
[1, 4, 7, 13, 16]
[3, 4, 5, 13]
[2, 3, 5, 24, 25]
[2, 4, 5, 16]
[3, 4, 6, 15, 17]
[2, 4, 6, 9, 20]
[1, 4, 6, 25]
[16, 17, 18, 19, 20, 21, 22, 23, 24, 25, 26, 27, 28]


6
process id 3
stats
5, 15, 7, 100, 1000
20220818-184840
loosing coalitions taken
[2, 3, 5, 27, 28]
[1, 3, 7, 16, 17]
[1, 4, 7, 8]
[1, 5, 6, 14, 22]
[2, 3, 6, 13]
[1, 2, 10, 11, 14]
[2, 4, 5, 20]
[1, 2, 8, 12, 17]
[1, 2, 7, 9]
[1, 4, 6, 26]
[2, 4, 6, 10, 23]
[3, 4, 5, 16]
[3, 4, 6, 8]
[1, 3, 8, 13, 14]
[16, 17, 18, 19, 20, 21, 22, 23, 24, 25, 26, 27, 28]


6
process id 4
stats
5, 15, 7, 100, 1000
20220818-184841
loosing coalitions taken
[1, 5, 6, 11, 25]
[1, 2, 8, 11, 17]
[1, 3, 7, 13, 21]
[1, 3, 8, 15, 16]
[1, 2, 7, 12, 24]
[1, 2, 9, 10, 13]
[2, 3, 6, 18, 19]
[2, 3, 5, 24, 25]
[2, 4, 5, 19]
[2, 4, 6, 9, 22]
[3, 4, 5, 18, 26]
[3, 4, 6, 8]
[1, 4, 8, 10, 12]
[1, 4, 6, 26]
[16, 17, 18, 19, 20, 21, 22, 23, 24, 25, 26, 27, 28]


6
process id 5
stats
5, 15, 7, 100, 1000
20220818-184841
loosing coalitions taken
[1, 2, 8, 9, 22]
[2, 4, 5, 17]
[2, 3, 6, 9]
[1, 3, 7, 12, 18]
[1, 4, 7, 8, 24]
[1, 4, 6, 28]
[2, 3, 5, 21, 27]
[1, 5, 6, 9, 21]
[3, 4, 5, 14]
[1, 2, 7, 11, 27]
[3, 4, 6, 12, 19]
[2, 4, 6, 11, 24]
[1, 3, 9, 10, 11]
[1, 3, 8, 13, 14]
[16, 17, 18, 19, 20, 21, 22, 23, 24, 25, 26, 27, 28]


6
process id 7
stats
5, 15, 7, 100, 1000
20220818-184842
loosing coalitions taken
[1, 5, 6, 9, 25]
[1, 4, 8, 13, 14]
[1, 3, 7, 13, 21]
[3, 4, 5, 16, 27]
[1, 2, 7, 12, 23]
[1, 3, 8, 11, 17]
[1, 4, 7, 11, 16]
[2, 4, 5, 21, 24]
[1, 2, 10, 11, 13]
[2, 3, 5, 22]
[2, 4, 6, 11, 20]
[3, 4, 6, 8, 28]
[1, 4, 6, 26]
[1, 2, 8, 15, 16]
[16, 17, 18, 19, 20, 21, 22, 23, 24, 25, 26, 27, 28]


6
process id 0
stats
5, 15, 7, 100, 1000
20220818-184842
loosing coalitions taken
[3, 4, 5, 18, 22]
[2, 3, 6, 9]
[1, 3, 7, 13, 18]
[1, 5, 6, 12, 21]
[1, 3, 8, 15, 16]
[1, 4, 7, 8, 26]
[1, 2, 8, 12, 17]
[1, 2, 10, 11, 14]
[2, 4, 5, 16]
[2, 4, 6, 11, 24]
[1, 4, 6, 28]
[2, 3, 5, 25]
[3, 4, 6, 8]
[1, 2, 7, 9, 28]
[16, 17, 18, 19, 20, 21, 22, 23, 24, 25, 26, 27, 28]


6
process id 6
stats
5, 15, 7, 100, 1000
20220818-184842
loosing coalitions taken
[1, 4, 7, 10, 17]
[1, 3, 8, 9, 20]
[1, 5, 6, 12, 24]
[1, 3, 7, 11, 23]
[1, 2, 10, 11, 12]
[2, 4, 5, 19]
[1, 2, 7, 9]
[1, 2, 8, 13, 19]
[2, 3, 6, 10]
[1, 4, 6, 26]
[2, 3, 5, 24]
[3, 4, 5, 14]
[3, 4, 6, 9, 19]
[2, 4, 6, 15, 21]
[16, 17, 18, 19, 20, 21, 22, 23, 24, 25, 26, 27, 28]


6
process id 1
stats
5, 15, 7, 100, 1000
20220818-184842
loosing coalitions taken
[3, 4, 5, 18, 26]
[2, 3, 6, 13]
[2, 4, 5, 20]
[1, 4, 7, 10, 19]
[1, 5, 6, 16, 18]
[2, 3, 5, 21, 27]
[3, 4, 6, 14, 19]
[1, 4, 6, 25]
[2, 4, 6, 15, 21]
[1, 2, 8, 13, 17]
[1, 3, 7, 13, 21]
[1, 2, 7, 14, 24]
[2, 5, 6, 8, 10]
[1, 4, 8, 11, 12]
[16, 17, 18, 19, 20, 21, 22, 23, 24, 25, 26, 27, 28]


6
process id 5
stats
5, 15, 7, 100, 1000
20220818-184843
loosing coalitions taken
[1, 3, 7, 14, 20]
[1, 4, 7, 9, 19]
[3, 4, 5, 16]
[1, 2, 7, 10, 24]
[1, 2, 8, 14, 17]
[2, 3, 6, 10]
[2, 4, 5, 15]
[1, 4, 6, 28]
[2, 4, 6, 11, 23]
[3, 4, 6, 8]
[1, 5, 6, 15, 16]
[2, 3, 5, 25]
[1, 2, 9, 12, 13]
[1, 3, 8, 10, 19]
[16, 17, 18, 19, 20, 21, 22, 23, 24, 25, 26, 27, 28]


5
process id 0
stats
5, 15, 7, 100, 1000
20220818-184844
loosing coalitions taken
[2, 3, 5, 25]
[1, 3, 8, 9, 19]
[2, 4, 6, 9, 23]
[1, 2, 8, 14, 16]
[1, 2, 9, 12, 13]
[1, 3, 7, 13, 22]
[1, 5, 6, 15, 20]
[3, 4, 5, 15]
[1, 4, 6, 26, 28]
[2, 3, 6, 10]
[2, 4, 5, 20]
[3, 4, 6, 8]
[1, 4, 8, 10, 11]
[1, 4, 7, 9, 16]
[16, 17, 18, 19, 20, 21, 22, 23, 24, 25, 26, 27, 28]


5
process id 6
stats
5, 15, 7, 100, 1000
20220818-184845
loosing coalitions taken
[3, 4, 6, 12, 20]
[1, 2, 7, 12, 26]
[2, 3, 6, 9]
[1, 3, 8, 12, 16]
[2, 4, 5, 19]
[1, 3, 7, 15, 18]
[1, 2, 8, 14, 20]
[1, 4, 6, 27, 28]
[2, 3, 5, 23]
[3, 4, 5, 14]
[1, 4, 7, 8, 23]
[1, 5, 6, 9, 26]
[1, 2, 10, 11, 13]
[2, 4, 6, 15, 21]
[16, 17, 18, 19, 20, 21, 22, 23, 24, 25, 26, 27, 28]


6
process id 7
stats
5, 15, 7, 100, 1000
20220818-184845
loosing coalitions taken
[3, 4, 5, 21, 24]
[2, 3, 5, 23]
[1, 3, 7, 13, 21]
[1, 4, 8, 11, 13]
[2, 4, 6, 15, 20]
[1, 3, 8, 12, 16]
[1, 2, 8, 15, 17]
[1, 2, 9, 11, 14]
[1, 2, 7, 12, 24]
[1, 4, 7, 9, 17]
[2, 3, 6, 14, 27]
[1, 5, 6, 12, 23]
[1, 4, 6, 25]
[2, 4, 5, 18]
[16, 17, 18, 19, 20, 21, 22, 23, 24, 25, 26, 27, 28]


6
process id 4
stats
5, 15, 7, 100, 1000
20220818-184846
loosing coalitions taken
[1, 3, 8, 11, 17]
[1, 2, 9, 11, 13]
[1, 2, 7, 12, 23]
[1, 3, 7, 10, 22]
[2, 4, 5, 18]
[1, 4, 7, 9, 17]
[2, 3, 6, 11]
[1, 2, 8, 10, 19]
[1, 5, 6, 11, 24]
[2, 4, 6, 13, 20]
[3, 4, 5, 17, 28]
[1, 4, 6, 27, 28]
[2, 3, 5, 25]
[3, 4, 6, 12, 16]
[16, 17, 18, 19, 20, 21, 22, 23, 24, 25, 26, 27, 28]


6
process id 0
stats
5, 15, 7, 100, 1000
20220818-184847
loosing coalitions taken
[3, 4, 6, 15, 17]
[2, 3, 6, 13]
[1, 5, 6, 9, 26]
[2, 4, 5, 18]
[1, 2, 8, 9, 17]
[1, 3, 7, 14, 18]
[1, 3, 8, 10, 16]
[1, 2, 7, 12, 22]
[2, 4, 6, 9, 25]
[2, 3, 5, 25]
[1, 4, 7, 13, 16]
[1, 4, 6, 27]
[3, 4, 5, 14]
[1, 2, 10, 11, 14]
[16, 17, 18, 19, 20, 21, 22, 23, 24, 25, 26, 27, 28]


6
process id 6
stats
5, 15, 7, 100, 1000
20220818-184848
loosing coalitions taken
[3, 4, 5, 16]
[1, 2, 9, 12, 14]
[1, 4, 8, 9, 15]
[1, 4, 7, 10, 17]
[1, 3, 8, 10, 18]
[1, 2, 7, 15, 21]
[2, 3, 6, 14]
[1, 2, 8, 13, 17]
[1, 4, 6, 27]
[2, 3, 5, 22, 24]
[1, 5, 6, 11, 20]
[2, 4, 5, 19]
[3, 4, 6, 12, 18]
[2, 4, 6, 9, 21]
[16, 17, 18, 19, 20, 21, 22, 23, 24, 25, 26, 27, 28]


5
process id 4
stats
5, 15, 7, 100, 1000
20220818-184849
loosing coalitions taken
[1, 5, 6, 12, 24]
[1, 2, 9, 10, 13]
[1, 2, 7, 11, 23]
[1, 3, 7, 16, 19]
[1, 3, 8, 10, 18]
[1, 2, 8, 12, 17]
[3, 4, 5, 15]
[2, 3, 5, 24]
[2, 4, 6, 13, 19]
[1, 4, 6, 26]
[3, 4, 6, 12, 16]
[2, 3, 6, 11]
[2, 4, 5, 20]
[1, 4, 7, 8]
[16, 17, 18, 19, 20, 21, 22, 23, 24, 25, 26, 27, 28]


6
process id 2
stats
5, 15, 7, 100, 1000
20220818-184849
loosing coalitions taken
[1, 3, 7, 14, 19]
[2, 3, 6, 11]
[2, 4, 5, 18, 28]
[1, 3, 8, 9, 18]
[3, 4, 5, 21, 24]
[1, 2, 7, 15, 21]
[1, 2, 9, 10, 14]
[2, 3, 5, 23]
[1, 2, 8, 12, 16]
[1, 4, 6, 26]
[1, 5, 6, 9, 24]
[2, 4, 6, 14, 17]
[3, 4, 6, 12, 18]
[1, 4, 7, 8, 24]
[16, 17, 18, 19, 20, 21, 22, 23, 24, 25, 26, 27, 28]


6
process id 3
stats
5, 15, 7, 100, 1000
20220818-184849
loosing coalitions taken
[1, 3, 9, 10, 12]
[1, 3, 7, 14, 20]
[2, 3, 5, 24]
[1, 4, 8, 11, 13]
[1, 2, 7, 12, 23]
[1, 5, 6, 16, 20]
[1, 4, 6, 27]
[1, 2, 8, 9, 18]
[2, 3, 6, 13]
[2, 4, 6, 10, 19]
[1, 4, 7, 10, 18]
[3, 4, 5, 14]
[2, 4, 5, 17]
[3, 4, 6, 12, 20]
[16, 17, 18, 19, 20, 21, 22, 23, 24, 25, 26, 27, 28]


5
process id 6
stats
5, 15, 7, 100, 1000
20220818-184850
loosing coalitions taken
[1, 2, 9, 12, 14]
[2, 3, 6, 13]
[1, 5, 6, 10, 23]
[2, 3, 5, 22]
[3, 4, 5, 16]
[2, 4, 5, 17]
[2, 4, 6, 12, 23]
[2, 3, 7, 8, 10]
[3, 4, 6, 11, 21]
[1, 4, 7, 10, 17]
[1, 3, 7, 11, 22]
[1, 4, 6, 25]
[1, 3, 8, 9, 16]
[1, 4, 8, 13, 14]
[16, 17, 18, 19, 20, 21, 22, 23, 24, 25, 26, 27, 28]


6
process id 7
stats
5, 15, 7, 100, 1000
20220818-184850
loosing coalitions taken
[1, 2, 8, 12, 20]
[1, 3, 8, 11, 17]
[1, 4, 7, 14, 15]
[1, 5, 6, 13, 21]
[2, 3, 6, 14]
[1, 4, 6, 28]
[2, 3, 5, 25]
[2, 4, 5, 16]
[1, 2, 7, 9]
[3, 4, 5, 15, 27]
[3, 4, 6, 8]
[2, 4, 6, 11, 24]
[1, 3, 7, 16, 18]
[2, 3, 7, 8, 10]
[16, 17, 18, 19, 20, 21, 22, 23, 24, 25, 26, 27, 28]


6
process id 5
stats
5, 15, 7, 100, 1000
20220818-184850
loosing coalitions taken
[1, 5, 6, 10, 26]
[2, 4, 6, 15, 21]
[1, 3, 8, 10, 18]
[1, 2, 8, 12, 21]
[1, 4, 7, 8, 27]
[1, 3, 7, 9, 23]
[1, 2, 9, 10, 13]
[2, 3, 6, 13]
[3, 4, 5, 14]
[2, 3, 5, 20]
[2, 5, 6, 7, 11]
[1, 4, 6, 28]
[2, 4, 5, 18, 27]
[3, 4, 6, 8]
[16, 17, 18, 19, 20, 21, 22, 23, 24, 25, 26, 27, 28]


