Results
15
0.62
0.6275

6
process id 2
stats
5, 15, 7, 100, 1000
20220818-043108
loosing coalitions taken
[1, 3, 8, 9, 18]
[2, 3, 5, 23, 26]
[1, 2, 9, 11, 14]
[1, 2, 7, 10, 25]
[2, 4, 5, 17]
[3, 4, 6, 8]
[1, 2, 8, 13, 16]
[3, 4, 5, 10]
[2, 3, 6, 9]
[1, 5, 6, 10, 22]
[1, 4, 6, 25]
[2, 4, 6, 12, 14]
[1, 3, 7, 11, 12]
[1, 4, 5, 26]
[16, 17, 18, 19, 20, 21, 22, 23, 24, 25, 26, 27, 28]


5
process id 3
stats
5, 15, 7, 100, 1000
20220818-043139
loosing coalitions taken
[1, 4, 8, 10, 15]
[1, 2, 7, 13, 20]
[2, 4, 6, 16, 17]
[1, 3, 7, 14, 19]
[1, 2, 8, 9, 16]
[2, 3, 6, 18, 20]
[1, 3, 8, 11, 17]
[1, 4, 6, 22]
[2, 4, 5, 19]
[3, 4, 5, 15]
[1, 3, 6, 27, 28]
[1, 4, 7, 9, 11]
[2, 3, 5, 24]
[1, 2, 6, 24]
[16, 17, 18, 19, 20, 21, 22, 23, 24, 25, 26, 27, 28]


6
process id 2
stats
5, 15, 7, 100, 1000
20220818-043146
loosing coalitions taken
[1, 3, 8, 10, 13]
[2, 3, 5, 25, 27]
[1, 5, 6, 14, 20]
[1, 2, 7, 12, 17]
[2, 4, 5, 21, 22]
[2, 5, 6, 7, 11]
[1, 4, 8, 12, 14]
[2, 4, 6, 13, 18]
[1, 2, 8, 9, 21]
[3, 4, 6, 12, 17]
[1, 4, 6, 27]
[3, 4, 5, 13]
[2, 3, 6, 10]
[1, 3, 7, 11, 16]
[16, 17, 18, 19, 20, 21, 22, 23, 24, 25, 26, 27, 28]


6
process id 6
stats
5, 15, 7, 100, 1000
20220818-043203
loosing coalitions taken
[1, 4, 7, 10, 15]
[2, 3, 7, 8, 10]
[1, 3, 8, 9, 20]
[1, 2, 7, 16, 20]
[1, 5, 6, 11, 23]
[1, 3, 7, 12, 22]
[2, 3, 6, 12, 21]
[2, 4, 5, 17, 25]
[1, 3, 6, 24]
[1, 4, 5, 26]
[2, 3, 5, 23]
[2, 4, 6, 16, 19]
[1, 2, 9, 11, 12]
[1, 2, 8, 13, 17]
[16, 17, 18, 19, 20, 21, 22, 23, 24, 25, 26, 27, 28]


6
process id 0
stats
5, 15, 7, 100, 1000
20220818-043223
loosing coalitions taken
[1, 2, 7, 15, 19]
[1, 2, 8, 9, 21]
[2, 3, 7, 8, 10]
[2, 3, 6, 14, 28]
[2, 4, 5, 20, 24]
[1, 3, 8, 12, 16]
[1, 5, 6, 8]
[1, 3, 7, 13, 18]
[1, 2, 10, 11, 12]
[2, 4, 6, 13, 22]
[3, 4, 5, 16, 28]
[1, 4, 6, 23]
[2, 3, 5, 23]
[1, 3, 6, 20]
[16, 17, 18, 19, 20, 21, 22, 23, 24, 25, 26, 27, 28]


5
process id 2
stats
5, 15, 7, 100, 1000
20220818-043230
loosing coalitions taken
[1, 2, 9, 11, 13]
[2, 3, 5, 21, 25]
[3, 4, 6, 14, 17]
[2, 4, 5, 19, 24]
[1, 5, 6, 11, 17]
[1, 3, 8, 13, 15]
[2, 4, 6, 15, 21]
[2, 3, 6, 11]
[1, 2, 8, 10, 12]
[1, 2, 7, 15, 22]
[1, 3, 7, 16, 17]
[1, 4, 7, 8, 23]
[1, 4, 6, 27]
[3, 4, 5, 9]
[16, 17, 18, 19, 20, 21, 22, 23, 24, 25, 26, 27, 28]


5
process id 2
stats
5, 15, 7, 100, 1000
20220818-043232
loosing coalitions taken
[1, 3, 7, 10, 20]
[1, 4, 8, 10, 15]
[2, 4, 6, 8]
[1, 5, 6, 13, 20]
[1, 3, 8, 9, 18]
[1, 2, 7, 12, 24]
[1, 4, 7, 14, 16]
[2, 3, 5, 19]
[1, 2, 9, 11, 14]
[2, 4, 5, 16, 25]
[1, 4, 6, 28]
[1, 3, 6, 22]
[2, 3, 6, 15, 24]
[3, 4, 5, 9, 28]
[16, 17, 18, 19, 20, 21, 22, 23, 24, 25, 26, 27, 28]


5
process id 0
stats
5, 15, 7, 100, 1000
20220818-043234
loosing coalitions taken
[3, 4, 6, 9, 20]
[1, 2, 7, 15, 22]
[1, 4, 7, 13, 16]
[1, 2, 10, 12, 14]
[2, 4, 6, 12, 22]
[1, 4, 6, 25]
[2, 3, 6, 15, 17]
[1, 2, 8, 13, 17]
[1, 3, 8, 9, 16]
[2, 3, 7, 8, 10]
[1, 3, 7, 11, 17]
[3, 4, 5, 15, 23]
[2, 3, 5, 19, 28]
[2, 4, 5, 11]
[16, 17, 18, 19, 20, 21, 22, 23, 24, 25, 26, 27, 28]


5
process id 0
stats
5, 15, 7, 100, 1000
20220818-043258
loosing coalitions taken
[3, 4, 6, 12, 21]
[1, 3, 8, 10, 19]
[1, 5, 6, 11, 25]
[3, 4, 5, 19, 25]
[2, 3, 5, 21, 28]
[1, 3, 7, 12, 17]
[1, 2, 7, 9, 13]
[2, 3, 6, 13, 25]
[1, 3, 6, 28]
[2, 4, 6, 8, 27]
[1, 2, 8, 12, 20]
[2, 4, 5, 15, 26]
[1, 4, 7, 8]
[1, 2, 10, 11, 14]
[16, 17, 18, 19, 20, 21, 22, 23, 24, 25, 26, 27, 28]


5
process id 7
stats
5, 15, 7, 100, 1000
20220818-043303
loosing coalitions taken
[1, 4, 7, 8]
[1, 3, 9, 10, 11]
[2, 4, 6, 15, 16]
[1, 5, 6, 14, 20]
[2, 3, 6, 13]
[1, 4, 6, 22]
[1, 2, 8, 13, 18]
[2, 4, 5, 13, 22]
[1, 2, 7, 16, 17]
[2, 3, 5, 21]
[1, 3, 7, 12, 19]
[3, 4, 5, 10]
[1, 2, 6, 25]
[1, 4, 5, 28]
[16, 17, 18, 19, 20, 21, 22, 23, 24, 25, 26, 27, 28]


5
process id 0
stats
5, 15, 7, 100, 1000
20220818-043305
loosing coalitions taken
[1, 5, 6, 14, 18]
[1, 2, 9, 10, 12]
[3, 4, 5, 11]
[1, 2, 7, 11, 25]
[1, 3, 7, 13, 20]
[1, 3, 8, 12, 17]
[2, 4, 6, 15, 16]
[1, 4, 7, 10, 17]
[1, 4, 8, 11, 14]
[2, 4, 5, 20]
[1, 3, 6, 28]
[1, 4, 5, 27]
[2, 3, 5, 19]
[2, 3, 6, 9]
[16, 17, 18, 19, 20, 21, 22, 23, 24, 25, 26, 27, 28]


6
process id 1
stats
5, 15, 7, 100, 1000
20220818-043331
loosing coalitions taken
[1, 2, 7, 15, 21]
[1, 5, 6, 10, 22]
[2, 4, 5, 18, 27]
[2, 3, 5, 24]
[3, 4, 6, 13, 16]
[1, 3, 8, 11, 18]
[1, 2, 9, 10, 14]
[1, 3, 7, 10, 16]
[1, 2, 8, 13, 19]
[2, 3, 6, 14, 27]
[1, 4, 6, 28]
[1, 4, 7, 8]
[3, 4, 5, 12]
[2, 4, 6, 11, 23]
[16, 17, 18, 19, 20, 21, 22, 23, 24, 25, 26, 27, 28]


5
process id 6
stats
5, 15, 7, 100, 1000
20220818-043355
loosing coalitions taken
[2, 4, 6, 14, 21]
[1, 2, 8, 14, 18]
[1, 3, 8, 12, 17]
[1, 4, 7, 14, 15]
[1, 5, 6, 15, 18]
[2, 3, 6, 19, 20]
[2, 4, 5, 12, 28]
[2, 3, 5, 17, 23]
[1, 4, 8, 10, 11]
[3, 4, 5, 10, 25]
[3, 4, 6, 13, 15]
[1, 2, 7, 11, 21]
[1, 3, 6, 24]
[1, 4, 5, 26]
[16, 17, 18, 19, 20, 21, 22, 23, 24, 25, 26, 27, 28]


5
process id 1
stats
5, 15, 7, 100, 1000
20220818-043403
loosing coalitions taken
[1, 2, 10, 11, 13]
[2, 3, 6, 11]
[1, 4, 7, 12, 16]
[1, 3, 8, 10, 18]
[1, 2, 8, 15, 16]
[1, 4, 6, 28]
[2, 3, 5, 23]
[1, 4, 5, 26]
[3, 4, 5, 12]
[2, 4, 6, 9, 25]
[2, 4, 5, 10]
[1, 5, 6, 8, 24]
[1, 2, 7, 17, 19]
[1, 3, 7, 9, 15]
[16, 17, 18, 19, 20, 21, 22, 23, 24, 25, 26, 27, 28]


5
process id 4
stats
5, 15, 7, 100, 1000
20220818-043430
loosing coalitions taken
[2, 3, 6, 12]
[1, 2, 8, 11, 18]
[1, 4, 7, 12, 14]
[1, 3, 7, 13, 17]
[1, 3, 8, 14, 15]
[2, 4, 5, 22, 24]
[1, 4, 6, 28]
[1, 2, 7, 9]
[2, 3, 5, 19]
[3, 4, 6, 7]
[3, 4, 5, 11]
[1, 4, 5, 27]
[1, 3, 9, 10, 12]
[1, 5, 6, 8]
[16, 17, 18, 19, 20, 21, 22, 23, 24, 25, 26, 27, 28]


5
process id 1
stats
5, 15, 7, 100, 1000
20220818-043432
loosing coalitions taken
[1, 2, 7, 14, 22]
[1, 4, 7, 9, 16]
[1, 2, 9, 10, 13]
[1, 3, 7, 11, 20]
[1, 4, 6, 24, 26]
[1, 5, 6, 10, 20]
[1, 3, 8, 9, 18]
[1, 3, 6, 27]
[2, 3, 5, 24, 26]
[2, 4, 5, 20, 27]
[2, 4, 6, 14, 19]
[3, 4, 5, 12, 28]
[2, 5, 6, 8, 12]
[1, 2, 8, 11, 16]
[16, 17, 18, 19, 20, 21, 22, 23, 24, 25, 26, 27, 28]


5
process id 5
stats
5, 15, 7, 100, 1000
20220818-043454
loosing coalitions taken
[1, 3, 7, 14, 16]
[3, 4, 5, 20, 22]
[1, 2, 9, 11, 14]
[1, 2, 7, 13, 17]
[1, 5, 6, 13, 18]
[1, 4, 7, 9, 15]
[1, 3, 8, 10, 13]
[2, 4, 5, 19, 26]
[1, 2, 8, 12, 21]
[1, 4, 5, 28]
[2, 4, 6, 8, 24]
[2, 3, 6, 11, 25]
[3, 4, 6, 7, 26]
[2, 3, 5, 18]
[16, 17, 18, 19, 20, 21, 22, 23, 24, 25, 26, 27, 28]


5
process id 2
stats
5, 15, 7, 100, 1000
20220818-043508
loosing coalitions taken
[1, 5, 6, 14, 20]
[2, 3, 6, 14]
[1, 2, 7, 16, 21]
[2, 4, 5, 18]
[1, 2, 10, 11, 13]
[1, 4, 8, 9, 12]
[1, 3, 7, 9, 24]
[3, 4, 5, 10, 26]
[1, 2, 6, 22]
[2, 4, 6, 8]
[1, 4, 5, 27]
[3, 4, 6, 9, 22]
[2, 3, 5, 20]
[1, 3, 8, 11, 17]
[16, 17, 18, 19, 20, 21, 22, 23, 24, 25, 26, 27, 28]


