Results
15
0.62
0.63

5
process id 4
stats
5, 15, 7, 100, 1000
20220818-043520
loosing coalitions taken
[1, 2, 8, 13, 15]
[2, 3, 6, 11]
[1, 4, 7, 9, 17]
[2, 4, 5, 18]
[1, 2, 7, 12, 21]
[1, 4, 6, 27, 28]
[1, 4, 8, 11, 14]
[3, 4, 6, 14, 17]
[1, 5, 6, 15, 20]
[2, 3, 5, 17]
[1, 2, 6, 26]
[3, 4, 5, 12, 19]
[1, 3, 7, 13, 19]
[1, 3, 8, 10, 16]
[16, 17, 18, 19, 20, 21, 22, 23, 24, 25, 26, 27, 28]


5
process id 0
stats
5, 15, 7, 100, 1000
20220818-043523
loosing coalitions taken
[1, 5, 6, 12, 24]
[1, 4, 7, 11, 17]
[1, 2, 8, 10, 17]
[1, 4, 8, 9, 13]
[1, 2, 7, 14, 20]
[1, 3, 7, 10, 19]
[3, 4, 6, 8, 25]
[1, 4, 6, 28]
[1, 3, 8, 12, 15]
[3, 4, 5, 10]
[2, 4, 5, 19]
[1, 3, 6, 22]
[2, 3, 5, 16, 27]
[2, 3, 6, 17, 19]
[16, 17, 18, 19, 20, 21, 22, 23, 24, 25, 26, 27, 28]


6
process id 1
stats
5, 15, 7, 100, 1000
20220818-043634
loosing coalitions taken
[3, 4, 5, 16]
[1, 4, 8, 10, 14]
[1, 5, 6, 12, 24]
[1, 2, 8, 13, 17]
[1, 3, 7, 14, 21]
[2, 3, 6, 11]
[1, 3, 8, 9, 18]
[2, 3, 5, 20]
[2, 4, 5, 14, 21]
[3, 4, 6, 13, 19]
[2, 4, 6, 9, 25]
[1, 4, 6, 26]
[1, 2, 7, 9, 15]
[1, 3, 6, 28]
[16, 17, 18, 19, 20, 21, 22, 23, 24, 25, 26, 27, 28]


6
process id 3
stats
5, 15, 7, 100, 1000
20220818-043652
loosing coalitions taken
[1, 2, 7, 16, 20]
[1, 5, 6, 13, 24]
[1, 3, 8, 14, 16]
[1, 2, 10, 11, 13]
[1, 4, 6, 23]
[1, 2, 8, 9, 18]
[2, 4, 5, 21, 24]
[2, 3, 5, 23]
[1, 4, 7, 8]
[3, 4, 6, 8]
[2, 4, 6, 9, 20]
[1, 3, 7, 11, 23]
[3, 4, 5, 10, 26]
[2, 3, 6, 15, 18]
[16, 17, 18, 19, 20, 21, 22, 23, 24, 25, 26, 27, 28]


6
process id 4
stats
5, 15, 7, 100, 1000
20220818-043658
loosing coalitions taken
[3, 4, 6, 12, 21]
[2, 4, 6, 11, 20]
[1, 2, 8, 12, 17]
[1, 2, 7, 14, 19]
[1, 4, 8, 9, 13]
[2, 3, 5, 22, 27]
[3, 4, 5, 17, 28]
[1, 2, 10, 11, 13]
[1, 3, 8, 15, 16]
[2, 3, 6, 13]
[1, 3, 9, 10, 12]
[2, 4, 5, 10]
[1, 3, 7, 11, 22]
[1, 4, 6, 18]
[16, 17, 18, 19, 20, 21, 22, 23, 24, 25, 26, 27, 28]


6
process id 7
stats
5, 15, 7, 100, 1000
20220818-043705
loosing coalitions taken
[2, 4, 6, 10, 18]
[1, 3, 8, 10, 18]
[1, 2, 7, 11, 24]
[1, 2, 8, 9, 20]
[2, 4, 5, 20, 22]
[3, 4, 5, 12, 25]
[1, 4, 8, 11, 12]
[3, 4, 6, 11, 19]
[2, 3, 5, 23, 24]
[1, 4, 7, 13, 14]
[2, 3, 6, 13]
[1, 5, 6, 14, 22]
[1, 4, 6, 27]
[1, 3, 7, 12, 16]
[16, 17, 18, 19, 20, 21, 22, 23, 24, 25, 26, 27, 28]


5
process id 6
stats
5, 15, 7, 100, 1000
20220818-043731
loosing coalitions taken
[1, 2, 8, 14, 18]
[2, 3, 5, 20]
[1, 3, 7, 9, 21]
[1, 5, 6, 13, 23]
[1, 2, 7, 15, 19]
[1, 3, 8, 13, 15]
[1, 2, 9, 10, 13]
[1, 4, 7, 8]
[2, 3, 6, 10]
[2, 4, 5, 9]
[1, 3, 6, 26]
[3, 4, 6, 14, 19]
[3, 4, 5, 15, 16]
[2, 4, 6, 11, 12]
[16, 17, 18, 19, 20, 21, 22, 23, 24, 25, 26, 27, 28]


5
process id 5
stats
5, 15, 7, 100, 1000
20220818-043821
loosing coalitions taken
[1, 3, 8, 9, 16]
[1, 3, 7, 10, 22]
[1, 4, 8, 10, 14]
[1, 4, 7, 9, 17]
[2, 3, 6, 13]
[1, 2, 7, 15, 19]
[3, 4, 5, 16]
[1, 5, 6, 12, 21]
[1, 2, 9, 10, 11]
[2, 4, 5, 20]
[3, 4, 6, 10, 15]
[1, 2, 6, 28]
[2, 4, 6, 16, 17]
[2, 3, 5, 22]
[16, 17, 18, 19, 20, 21, 22, 23, 24, 25, 26, 27, 28]


5
process id 5
stats
5, 15, 7, 100, 1000
20220818-043825
loosing coalitions taken
[2, 4, 6, 9, 18]
[1, 2, 10, 11, 12]
[1, 4, 7, 9, 16]
[1, 3, 8, 10, 15]
[1, 4, 8, 12, 13]
[1, 2, 7, 15, 21]
[1, 4, 6, 25]
[1, 2, 8, 14, 18]
[2, 3, 7, 8, 9]
[2, 3, 6, 10, 28]
[2, 4, 5, 14, 24]
[1, 3, 7, 12, 18]
[2, 3, 5, 23, 25]
[3, 4, 5, 17, 22]
[16, 17, 18, 19, 20, 21, 22, 23, 24, 25, 26, 27, 28]


5
process id 0
stats
5, 15, 7, 100, 1000
20220818-043826
loosing coalitions taken
[2, 3, 6, 16, 22]
[1, 5, 6, 12, 20]
[3, 4, 5, 16]
[1, 2, 7, 9]
[1, 4, 8, 10, 15]
[1, 3, 8, 12, 13]
[1, 4, 6, 28]
[1, 3, 6, 25]
[2, 3, 5, 15]
[2, 4, 5, 11]
[3, 4, 6, 14, 17]
[1, 4, 7, 11, 13]
[2, 4, 6, 12, 23]
[1, 3, 7, 15, 18]
[16, 17, 18, 19, 20, 21, 22, 23, 24, 25, 26, 27, 28]


5
process id 6
stats
5, 15, 7, 100, 1000
20220818-043849
loosing coalitions taken
[1, 3, 7, 12, 21]
[3, 4, 5, 21, 22]
[1, 2, 7, 13, 16]
[2, 3, 6, 14, 25]
[1, 2, 8, 12, 18]
[1, 2, 9, 11, 14]
[3, 4, 6, 15, 17]
[1, 5, 6, 13, 24]
[1, 4, 8, 9, 13]
[1, 4, 7, 10, 14]
[2, 4, 5, 16, 23]
[2, 3, 5, 18]
[1, 3, 6, 22]
[2, 4, 6, 12, 19]
[16, 17, 18, 19, 20, 21, 22, 23, 24, 25, 26, 27, 28]


5
process id 4
stats
5, 15, 7, 100, 1000
20220818-043858
loosing coalitions taken
[1, 5, 6, 13, 24]
[1, 3, 8, 10, 18]
[2, 3, 6, 13]
[1, 2, 9, 10, 12]
[1, 4, 7, 10, 17]
[1, 4, 6, 22]
[2, 3, 5, 11, 27]
[3, 4, 5, 15, 16]
[2, 4, 5, 13, 26]
[3, 4, 6, 14, 20]
[1, 3, 7, 11, 16]
[1, 3, 6, 27]
[2, 4, 6, 11, 23]
[1, 2, 8, 14, 16]
[16, 17, 18, 19, 20, 21, 22, 23, 24, 25, 26, 27, 28]


5
process id 7
stats
5, 15, 7, 100, 1000
20220818-043918
loosing coalitions taken
[1, 4, 7, 10, 18]
[1, 3, 8, 14, 16]
[2, 3, 5, 18, 25]
[1, 2, 7, 16, 21]
[2, 4, 5, 15, 26]
[2, 3, 6, 11, 23]
[1, 5, 6, 10, 22]
[3, 4, 6, 9, 14]
[2, 4, 6, 13, 19]
[1, 2, 8, 10, 15]
[1, 3, 7, 9, 23]
[1, 4, 6, 23]
[3, 4, 5, 16]
[1, 2, 9, 12, 13]
[16, 17, 18, 19, 20, 21, 22, 23, 24, 25, 26, 27, 28]


5
process id 0
stats
5, 15, 7, 100, 1000
20220818-043918
loosing coalitions taken
[1, 3, 7, 13, 18]
[1, 3, 8, 12, 19]
[2, 3, 5, 24]
[1, 2, 8, 13, 16]
[1, 2, 9, 12, 14]
[1, 4, 8, 9, 15]
[1, 2, 7, 10, 22]
[1, 4, 6, 20, 27]
[3, 4, 6, 10, 18]
[1, 5, 6, 13, 21]
[1, 3, 6, 28]
[3, 4, 5, 12]
[1, 4, 7, 11, 12]
[2, 4, 5, 17]
[16, 17, 18, 19, 20, 21, 22, 23, 24, 25, 26, 27, 28]


6
process id 3
stats
5, 15, 7, 100, 1000
20220818-043934
loosing coalitions taken
[3, 4, 5, 17, 22]
[3, 4, 6, 11, 18]
[1, 2, 7, 15, 20]
[2, 3, 5, 20, 27]
[1, 4, 7, 11, 17]
[1, 2, 10, 12, 13]
[2, 4, 5, 9]
[1, 4, 8, 10, 14]
[1, 5, 6, 12, 16]
[2, 3, 6, 13]
[1, 4, 6, 24]
[1, 3, 8, 9, 18]
[1, 2, 8, 11, 21]
[1, 3, 7, 14, 16]
[16, 17, 18, 19, 20, 21, 22, 23, 24, 25, 26, 27, 28]


