Results
15
0.62
0.6174999999999999

5
process id 6
stats
5, 15, 7, 100, 1000
20220818-041217
loosing coalitions taken
[3, 4, 5, 10]
[1, 5, 6, 13, 21]
[1, 3, 8, 9, 19]
[1, 3, 7, 11, 21]
[1, 2, 7, 10, 28]
[1, 2, 8, 12, 14]
[1, 4, 6, 24, 27]
[1, 4, 7, 8, 16]
[3, 4, 6, 11, 18]
[1, 2, 6, 18]
[2, 3, 6, 13]
[2, 3, 5, 18]
[1, 3, 5, 23]
[2, 3, 4, 28]
[16, 17, 18, 19, 20, 21, 22, 23, 24, 25, 26, 27, 28]


5
process id 3
stats
5, 15, 7, 100, 1000
20220818-041325
loosing coalitions taken
[1, 4, 8, 11, 14]
[1, 2, 8, 9, 21]
[1, 3, 7, 9, 19]
[1, 2, 7, 15, 22]
[2, 3, 5, 20, 26]
[3, 4, 5, 15]
[1, 3, 8, 12, 13]
[1, 2, 6, 16]
[2, 3, 4, 27]
[1, 4, 5, 21, 26]
[1, 3, 6, 23]
[2, 3, 7, 8, 10]
[1, 4, 6, 25]
[2, 4, 5, 9, 28]
[16, 17, 18, 19, 20, 21, 22, 23, 24, 25, 26, 27, 28]


5
process id 6
stats
5, 15, 7, 100, 1000
20220818-041626
loosing coalitions taken
[1, 4, 7, 9, 19]
[3, 4, 6, 12, 16]
[1, 2, 8, 10, 20]
[1, 2, 7, 15, 22]
[3, 4, 5, 11, 26]
[1, 5, 6, 15, 21]
[1, 4, 6, 28]
[1, 3, 8, 12, 19]
[1, 2, 9, 12, 13]
[2, 4, 5, 15, 19]
[2, 3, 6, 17, 18]
[1, 3, 7, 11, 16]
[2, 3, 4, 23]
[1, 3, 5, 25]
[16, 17, 18, 19, 20, 21, 22, 23, 24, 25, 26, 27, 28]


