Results
15
0.62
0.62

5
process id 1
stats
5, 15, 7, 100, 1000
20220818-041753
loosing coalitions taken
[1, 2, 9, 11, 13]
[3, 4, 6, 9, 18]
[1, 2, 8, 12, 17]
[3, 4, 5, 13]
[1, 2, 7, 15, 20]
[1, 4, 7, 8]
[2, 3, 6, 14]
[1, 5, 6, 11, 19]
[2, 4, 5, 11]
[1, 3, 7, 13, 16]
[1, 4, 6, 21]
[2, 3, 5, 20, 27]
[1, 4, 5, 27]
[2, 3, 4, 28]
[16, 17, 18, 19, 20, 21, 22, 23, 24, 25, 26, 27, 28]


6
process id 2
stats
5, 15, 7, 100, 1000
20220818-041844
loosing coalitions taken
[1, 2, 10, 11, 14]
[1, 4, 8, 13, 14]
[1, 4, 7, 9, 11]
[2, 4, 5, 19]
[1, 3, 7, 12, 22]
[1, 2, 8, 9, 16]
[1, 5, 6, 16, 20]
[1, 4, 6, 28]
[2, 3, 6, 13]
[1, 3, 8, 11, 15]
[3, 4, 5, 12]
[3, 4, 6, 8, 20]
[1, 3, 5, 27]
[2, 3, 5, 15, 24]
[16, 17, 18, 19, 20, 21, 22, 23, 24, 25, 26, 27, 28]


6
process id 2
stats
5, 15, 7, 100, 1000
20220818-042035
loosing coalitions taken
[3, 4, 6, 10, 19]
[3, 4, 5, 13, 24]
[2, 4, 6, 12, 17]
[1, 2, 9, 10, 14]
[1, 4, 7, 9, 11]
[1, 3, 8, 14, 15]
[1, 4, 6, 25]
[2, 4, 5, 20]
[1, 2, 7, 13, 24]
[1, 3, 7, 16, 18]
[2, 3, 7, 8, 10]
[2, 3, 6, 11]
[1, 3, 5, 27]
[1, 2, 8, 12, 19]
[16, 17, 18, 19, 20, 21, 22, 23, 24, 25, 26, 27, 28]


