Results
15
0.62
0.6224999999999999

5
process id 5
stats
5, 15, 7, 100, 1000
20220818-042136
loosing coalitions taken
[1, 3, 7, 9, 22]
[1, 2, 7, 16, 17]
[2, 3, 6, 13]
[1, 2, 8, 12, 21]
[1, 2, 10, 11, 14]
[2, 4, 5, 16]
[1, 4, 6, 23]
[3, 4, 6, 7]
[3, 4, 5, 17, 20]
[2, 3, 5, 23, 25]
[1, 3, 6, 18]
[1, 4, 5, 24]
[1, 3, 8, 11, 17]
[1, 4, 7, 8]
[16, 17, 18, 19, 20, 21, 22, 23, 24, 25, 26, 27, 28]


6
process id 6
stats
5, 15, 7, 100, 1000
20220818-042304
loosing coalitions taken
[2, 4, 5, 17, 26]
[1, 5, 6, 13, 21]
[3, 4, 5, 15, 25]
[1, 2, 9, 10, 13]
[2, 3, 5, 23]
[1, 2, 7, 14, 16]
[1, 4, 7, 9, 19]
[1, 3, 7, 11, 18]
[3, 4, 6, 7, 22]
[1, 3, 8, 9, 20]
[1, 3, 6, 25]
[1, 2, 8, 12, 17]
[2, 4, 6, 8]
[1, 4, 5, 27]
[16, 17, 18, 19, 20, 21, 22, 23, 24, 25, 26, 27, 28]


6
process id 4
stats
5, 15, 7, 100, 1000
20220818-042433
loosing coalitions taken
[2, 4, 5, 19, 27]
[1, 4, 7, 8]
[2, 4, 6, 16, 18]
[2, 3, 6, 9]
[1, 2, 10, 11, 13]
[2, 3, 5, 10]
[1, 5, 6, 14, 22]
[3, 4, 5, 9]
[1, 3, 6, 28]
[1, 4, 5, 24]
[1, 3, 7, 12, 19]
[1, 3, 8, 10, 16]
[1, 4, 6, 20]
[1, 2, 7, 9]
[16, 17, 18, 19, 20, 21, 22, 23, 24, 25, 26, 27, 28]


6
process id 7
stats
5, 15, 7, 100, 1000
20220818-042500
loosing coalitions taken
[2, 4, 6, 12, 22]
[2, 3, 6, 10]
[1, 3, 8, 13, 14]
[2, 4, 5, 15, 27]
[1, 4, 6, 26]
[1, 3, 7, 12, 22]
[1, 2, 9, 12, 13]
[1, 2, 6, 27]
[1, 3, 6, 28]
[3, 4, 5, 16]
[2, 3, 5, 22]
[1, 4, 7, 8]
[1, 2, 7, 16, 20]
[1, 4, 5, 24]
[16, 17, 18, 19, 20, 21, 22, 23, 24, 25, 26, 27, 28]


6
process id 5
stats
5, 15, 7, 100, 1000
20220818-042553
loosing coalitions taken
[2, 3, 6, 16, 19]
[1, 2, 9, 12, 13]
[1, 4, 6, 25]
[1, 2, 7, 10, 26]
[1, 3, 8, 14, 15]
[2, 3, 5, 27, 28]
[2, 4, 5, 20, 24]
[1, 3, 7, 13, 21]
[3, 4, 6, 8]
[1, 4, 7, 8]
[1, 5, 6, 11, 24]
[1, 3, 6, 17, 27]
[3, 4, 5, 10]
[1, 4, 5, 23]
[16, 17, 18, 19, 20, 21, 22, 23, 24, 25, 26, 27, 28]


