Results
Max overall: 15
Min avg pop: 0.645
Min pop: 0.645

6
process id 1
stats
5, 15, 7, 100, 1000
20220819-192259
loosing coalitions taken
[1, 3, 8, 12, 17]
[2, 3, 5, 25]
[1, 4, 7, 10, 17]
[3, 4, 6, 14, 20]
[2, 4, 6, 10, 23]
[1, 3, 7, 15, 21]
[1, 2, 7, 9]
[2, 4, 5, 19]
[2, 3, 6, 15, 27]
[3, 4, 5, 15]
[2, 3, 7, 8, 10]
[1, 2, 10, 12, 14]
[1, 4, 8, 11, 13]
[1, 5, 6, 16, 18]
[16, 17, 18, 19, 20, 21, 22, 23, 24, 25, 26, 27, 28]


6
process id 3
stats
5, 15, 7, 100, 1000
20220819-192300
loosing coalitions taken
[3, 4, 6, 14, 20]
[1, 4, 7, 10, 19]
[1, 3, 7, 15, 20]
[1, 2, 7, 16, 21]
[1, 3, 8, 9, 19]
[2, 4, 6, 15, 21]
[1, 2, 8, 11, 17]
[1, 2, 9, 10, 14]
[2, 3, 5, 26, 28]
[2, 4, 5, 22, 24]
[3, 4, 5, 17, 23]
[2, 3, 6, 10]
[1, 4, 8, 12, 14]
[1, 5, 6, 15, 19]
[16, 17, 18, 19, 20, 21, 22, 23, 24, 25, 26, 27, 28]


5
process id 2
stats
5, 15, 7, 100, 1000
20220819-192301
loosing coalitions taken
[2, 3, 6, 14, 27]
[1, 4, 7, 9, 18]
[2, 3, 5, 24]
[1, 2, 8, 13, 18]
[2, 4, 6, 15, 20]
[1, 2, 7, 10, 28]
[1, 2, 9, 12, 14]
[1, 4, 8, 11, 14]
[2, 4, 5, 19]
[3, 4, 5, 16]
[1, 3, 7, 14, 21]
[1, 5, 6, 15, 17]
[3, 4, 6, 10, 18]
[1, 3, 8, 10, 19]
[16, 17, 18, 19, 20, 21, 22, 23, 24, 25, 26, 27, 28]


6
process id 6
stats
5, 15, 7, 100, 1000
20220819-192302
loosing coalitions taken
[3, 4, 5, 19, 26]
[1, 4, 7, 13, 16]
[1, 2, 8, 12, 21]
[1, 2, 7, 9]
[1, 3, 8, 15, 16]
[2, 4, 5, 18]
[1, 4, 8, 10, 14]
[2, 3, 6, 17, 19]
[1, 3, 9, 10, 12]
[3, 4, 6, 13, 18]
[2, 3, 5, 22]
[1, 3, 7, 14, 22]
[1, 5, 6, 16, 19]
[2, 4, 6, 11, 21]
[16, 17, 18, 19, 20, 21, 22, 23, 24, 25, 26, 27, 28]


6
process id 5
stats
5, 15, 7, 100, 1000
20220819-192303
loosing coalitions taken
[1, 2, 7, 10, 27]
[1, 5, 6, 9, 25]
[2, 4, 6, 16, 19]
[3, 4, 5, 17, 27]
[2, 4, 5, 21, 26]
[3, 4, 6, 10, 20]
[1, 3, 8, 9, 20]
[1, 2, 8, 15, 17]
[1, 2, 9, 12, 13]
[2, 3, 6, 14]
[2, 5, 6, 8, 12]
[1, 4, 7, 13, 15]
[2, 3, 5, 25]
[1, 3, 7, 16, 18]
[16, 17, 18, 19, 20, 21, 22, 23, 24, 25, 26, 27, 28]


6
process id 4
stats
5, 15, 7, 100, 1000
20220819-192303
loosing coalitions taken
[1, 2, 8, 12, 21]
[1, 5, 6, 11, 24]
[1, 3, 9, 10, 12]
[1, 2, 10, 11, 14]
[3, 4, 6, 15, 17]
[2, 4, 6, 10, 24]
[2, 3, 5, 24, 25]
[2, 4, 5, 17, 27]
[1, 3, 8, 15, 16]
[3, 4, 5, 16]
[2, 3, 6, 12]
[1, 2, 7, 9, 27]
[1, 4, 8, 9, 13]
[1, 3, 7, 11, 21]
[16, 17, 18, 19, 20, 21, 22, 23, 24, 25, 26, 27, 28]


5
process id 4
stats
5, 15, 7, 100, 1000
20220819-192305
loosing coalitions taken
[1, 2, 9, 12, 14]
[1, 3, 8, 12, 17]
[2, 4, 6, 12, 23]
[3, 4, 6, 13, 21]
[1, 4, 7, 8]
[2, 4, 5, 20]
[2, 3, 5, 23]
[3, 4, 5, 15]
[1, 2, 8, 13, 18]
[2, 3, 6, 10]
[1, 2, 7, 16, 17]
[1, 3, 7, 14, 19]
[1, 5, 6, 10, 23]
[1, 3, 9, 10, 11]
[16, 17, 18, 19, 20, 21, 22, 23, 24, 25, 26, 27, 28]


6
process id 0
stats
5, 15, 7, 100, 1000
20220819-192306
loosing coalitions taken
[1, 4, 7, 9, 18]
[2, 4, 5, 20]
[3, 4, 6, 14, 18]
[1, 2, 8, 9, 22]
[1, 3, 7, 15, 19]
[1, 5, 6, 10, 24]
[1, 2, 7, 11, 27]
[2, 3, 5, 23, 28]
[2, 3, 6, 19, 20]
[3, 4, 5, 19, 25]
[1, 3, 8, 12, 18]
[2, 4, 6, 15, 21]
[1, 2, 10, 12, 14]
[2, 5, 6, 8, 11]
[16, 17, 18, 19, 20, 21, 22, 23, 24, 25, 26, 27, 28]


6
process id 2
stats
5, 15, 7, 100, 1000
20220819-192307
loosing coalitions taken
[2, 3, 5, 24]
[1, 4, 8, 11, 13]
[1, 5, 6, 16, 18]
[3, 4, 6, 12, 21]
[1, 3, 7, 15, 21]
[1, 4, 7, 9, 19]
[1, 2, 8, 10, 21]
[1, 3, 9, 10, 11]
[1, 2, 7, 12, 25]
[2, 3, 6, 13, 27]
[2, 4, 5, 19, 26]
[3, 4, 5, 17, 23]
[2, 4, 6, 10, 23]
[1, 3, 8, 12, 19]
[16, 17, 18, 19, 20, 21, 22, 23, 24, 25, 26, 27, 28]


6
process id 3
stats
5, 15, 7, 100, 1000
20220819-192307
loosing coalitions taken
[1, 2, 7, 10, 28]
[1, 3, 8, 11, 19]
[1, 4, 8, 9, 15]
[1, 3, 7, 16, 17]
[3, 5, 6, 7, 13]
[1, 2, 9, 11, 14]
[1, 2, 8, 12, 21]
[2, 4, 5, 21, 28]
[2, 3, 6, 9]
[3, 4, 6, 10, 19]
[1, 5, 6, 12, 24]
[2, 3, 5, 24]
[3, 4, 5, 16]
[2, 4, 6, 13, 20]
[16, 17, 18, 19, 20, 21, 22, 23, 24, 25, 26, 27, 28]


6
process id 1
stats
5, 15, 7, 100, 1000
20220819-192308
loosing coalitions taken
[2, 4, 6, 16, 18]
[2, 3, 6, 13]
[1, 3, 7, 10, 23]
[1, 2, 10, 11, 12]
[1, 5, 6, 16, 20]
[1, 2, 8, 9, 22]
[1, 3, 8, 12, 19]
[1, 4, 8, 13, 14]
[1, 4, 7, 9, 18]
[3, 4, 5, 16]
[2, 4, 5, 19]
[2, 3, 5, 22]
[3, 4, 6, 12, 17]
[1, 2, 7, 15, 20]
[16, 17, 18, 19, 20, 21, 22, 23, 24, 25, 26, 27, 28]


6
process id 2
stats
5, 15, 7, 100, 1000
20220819-192310
loosing coalitions taken
[1, 3, 7, 9, 23]
[1, 2, 7, 11, 26]
[1, 2, 8, 9, 22]
[1, 4, 7, 10, 19]
[1, 3, 8, 11, 18]
[1, 5, 6, 10, 23]
[2, 3, 6, 13]
[3, 4, 5, 19, 25]
[2, 3, 5, 24]
[2, 4, 5, 20]
[2, 4, 6, 15, 21]
[3, 4, 6, 14, 20]
[1, 4, 8, 13, 14]
[1, 2, 10, 12, 13]
[16, 17, 18, 19, 20, 21, 22, 23, 24, 25, 26, 27, 28]


6
process id 1
stats
5, 15, 7, 100, 1000
20220819-192311
loosing coalitions taken
[1, 3, 7, 10, 23]
[1, 4, 7, 9, 18]
[1, 2, 7, 16, 21]
[2, 4, 5, 20, 26]
[1, 4, 8, 12, 13]
[1, 5, 6, 15, 21]
[1, 2, 9, 10, 11]
[2, 3, 6, 11]
[2, 4, 6, 9, 22]
[2, 3, 5, 24, 25]
[3, 4, 5, 15]
[3, 4, 6, 12, 18]
[1, 2, 8, 14, 17]
[1, 3, 8, 9, 20]
[16, 17, 18, 19, 20, 21, 22, 23, 24, 25, 26, 27, 28]


6
process id 3
stats
5, 15, 7, 100, 1000
20220819-192311
loosing coalitions taken
[1, 3, 7, 10, 23]
[1, 3, 8, 12, 19]
[1, 2, 8, 9, 22]
[1, 2, 10, 11, 14]
[1, 4, 8, 13, 14]
[1, 5, 6, 16, 19]
[2, 4, 5, 20, 26]
[2, 3, 6, 14]
[1, 4, 7, 9, 18]
[3, 4, 5, 16]
[2, 3, 5, 24]
[3, 4, 6, 13, 21]
[1, 2, 7, 17, 19]
[2, 4, 6, 12, 22]
[16, 17, 18, 19, 20, 21, 22, 23, 24, 25, 26, 27, 28]


6
process id 5
stats
5, 15, 7, 100, 1000
20220819-192311
loosing coalitions taken
[1, 2, 7, 10, 27]
[1, 4, 7, 11, 17]
[1, 3, 7, 13, 22]
[2, 4, 5, 20]
[1, 2, 9, 12, 14]
[2, 3, 6, 12, 26]
[1, 5, 6, 13, 21]
[1, 4, 8, 9, 15]
[2, 3, 5, 24]
[1, 3, 8, 10, 18]
[3, 4, 6, 14, 18]
[3, 4, 5, 15]
[2, 4, 6, 9, 25]
[1, 2, 8, 11, 21]
[16, 17, 18, 19, 20, 21, 22, 23, 24, 25, 26, 27, 28]


6
process id 4
stats
5, 15, 7, 100, 1000
20220819-192312
loosing coalitions taken
[1, 5, 6, 11, 24]
[1, 4, 7, 13, 16]
[3, 4, 6, 14, 18]
[1, 2, 7, 10, 28]
[1, 3, 8, 9, 18]
[1, 2, 9, 11, 14]
[1, 3, 7, 15, 17]
[2, 3, 5, 23, 28]
[2, 4, 5, 18]
[2, 3, 6, 13, 27]
[3, 4, 5, 19, 26]
[2, 4, 6, 15, 21]
[1, 2, 8, 13, 20]
[1, 4, 8, 10, 14]
[16, 17, 18, 19, 20, 21, 22, 23, 24, 25, 26, 27, 28]


6
process id 1
stats
5, 15, 7, 100, 1000
20220819-192313
loosing coalitions taken
[1, 2, 7, 9]
[2, 4, 5, 20]
[2, 3, 6, 14]
[1, 5, 6, 11, 23]
[3, 4, 5, 15]
[2, 3, 5, 25]
[1, 2, 8, 13, 17]
[2, 4, 6, 10, 23]
[1, 4, 8, 9, 14]
[1, 3, 8, 11, 16]
[1, 3, 7, 15, 18]
[1, 4, 7, 10, 19]
[3, 4, 6, 13, 17]
[1, 3, 9, 10, 12]
[16, 17, 18, 19, 20, 21, 22, 23, 24, 25, 26, 27, 28]


6
process id 2
stats
5, 15, 7, 100, 1000
20220819-192314
loosing coalitions taken
[1, 3, 8, 10, 17]
[2, 3, 6, 14]
[1, 4, 7, 9, 19]
[2, 4, 5, 19]
[1, 2, 7, 12, 26]
[1, 3, 7, 13, 22]
[1, 4, 8, 11, 13]
[1, 2, 8, 15, 16]
[2, 3, 5, 22, 28]
[2, 4, 6, 12, 21]
[1, 2, 10, 11, 14]
[3, 4, 5, 16]
[1, 5, 6, 16, 19]
[3, 4, 6, 10, 20]
[16, 17, 18, 19, 20, 21, 22, 23, 24, 25, 26, 27, 28]


6
process id 7
stats
5, 15, 7, 100, 1000
20220819-192314
loosing coalitions taken
[1, 2, 9, 12, 13]
[1, 3, 7, 16, 19]
[1, 3, 8, 12, 18]
[1, 4, 7, 9, 17]
[2, 3, 6, 14]
[1, 3, 9, 10, 11]
[1, 5, 6, 12, 23]
[1, 2, 7, 15, 20]
[2, 4, 5, 17]
[2, 3, 5, 23, 27]
[1, 2, 8, 11, 19]
[3, 4, 6, 15, 16]
[3, 4, 5, 18, 24]
[2, 4, 6, 13, 20]
[16, 17, 18, 19, 20, 21, 22, 23, 24, 25, 26, 27, 28]


6
process id 4
stats
5, 15, 7, 100, 1000
20220819-192316
loosing coalitions taken
[1, 2, 9, 12, 14]
[2, 3, 6, 14]
[1, 2, 7, 17, 19]
[1, 3, 9, 10, 11]
[1, 4, 7, 8]
[2, 4, 5, 17]
[2, 3, 5, 24]
[3, 4, 5, 16]
[1, 3, 7, 12, 21]
[3, 4, 6, 13, 17]
[1, 5, 6, 15, 20]
[1, 2, 8, 11, 20]
[1, 3, 8, 13, 16]
[2, 4, 6, 9, 24]
[16, 17, 18, 19, 20, 21, 22, 23, 24, 25, 26, 27, 28]


7
process id 0
stats
5, 15, 7, 100, 1000
20220819-192319
loosing coalitions taken
[1, 4, 7, 9, 18]
[1, 4, 8, 10, 15]
[1, 5, 6, 9, 26]
[1, 3, 7, 11, 23]
[1, 3, 8, 9, 20]
[1, 2, 8, 13, 18]
[2, 3, 6, 14]
[2, 4, 6, 15, 18]
[2, 3, 5, 22]
[2, 4, 5, 20]
[3, 4, 5, 16, 27]
[1, 2, 7, 14, 24]
[3, 4, 6, 12, 20]
[1, 2, 10, 11, 12]
[16, 17, 18, 19, 20, 21, 22, 23, 24, 25, 26, 27, 28]


6
process id 2
stats
5, 15, 7, 100, 1000
20220819-192319
loosing coalitions taken
[1, 4, 8, 11, 14]
[1, 3, 8, 9, 20]
[1, 2, 8, 12, 21]
[2, 3, 6, 13]
[1, 5, 6, 12, 24]
[1, 3, 7, 11, 23]
[1, 2, 7, 17, 19]
[1, 2, 9, 10, 14]
[3, 4, 5, 16]
[2, 4, 5, 20, 28]
[2, 3, 5, 22]
[2, 5, 6, 7, 15]
[3, 4, 6, 10, 21]
[2, 4, 6, 16, 17]
[16, 17, 18, 19, 20, 21, 22, 23, 24, 25, 26, 27, 28]


6
process id 5
stats
5, 15, 7, 100, 1000
20220819-192320
loosing coalitions taken
[3, 4, 6, 14, 18]
[1, 4, 8, 12, 14]
[1, 4, 7, 9, 19]
[1, 2, 8, 10, 21]
[1, 3, 8, 9, 20]
[2, 4, 6, 15, 20]
[1, 2, 7, 11, 26]
[1, 5, 6, 10, 25]
[3, 4, 5, 19, 26]
[2, 3, 5, 25]
[1, 2, 9, 12, 13]
[2, 4, 5, 18]
[2, 3, 6, 13]
[1, 3, 7, 15, 18]
[16, 17, 18, 19, 20, 21, 22, 23, 24, 25, 26, 27, 28]


6
process id 3
stats
5, 15, 7, 100, 1000
20220819-192321
loosing coalitions taken
[1, 5, 6, 9, 26]
[1, 2, 9, 12, 14]
[1, 4, 7, 14, 16]
[1, 2, 8, 13, 18]
[1, 4, 8, 9, 15]
[1, 3, 8, 11, 19]
[2, 3, 7, 8, 10]
[2, 3, 6, 14]
[2, 4, 6, 16, 17]
[2, 3, 5, 23]
[1, 3, 7, 15, 21]
[3, 4, 6, 13, 21]
[3, 4, 5, 19, 26]
[1, 2, 7, 17, 19]
[16, 17, 18, 19, 20, 21, 22, 23, 24, 25, 26, 27, 28]


5
process id 2
stats
5, 15, 7, 100, 1000
20220819-192322
loosing coalitions taken
[2, 4, 5, 20]
[1, 2, 8, 15, 17]
[2, 3, 7, 8, 10]
[1, 3, 7, 11, 23]
[1, 2, 10, 12, 14]
[1, 3, 8, 12, 18]
[1, 4, 8, 13, 14]
[1, 5, 6, 13, 24]
[1, 2, 7, 9]
[2, 3, 5, 22]
[3, 4, 5, 15]
[3, 4, 6, 13, 18]
[2, 3, 6, 9]
[2, 4, 6, 11, 22]
[16, 17, 18, 19, 20, 21, 22, 23, 24, 25, 26, 27, 28]


6
process id 6
stats
5, 15, 7, 100, 1000
20220819-192324
loosing coalitions taken
[2, 3, 5, 23]
[1, 2, 7, 14, 24]
[1, 2, 8, 15, 17]
[1, 5, 6, 11, 24]
[1, 3, 8, 13, 16]
[3, 4, 6, 15, 17]
[1, 4, 8, 10, 14]
[2, 3, 6, 19, 20]
[2, 4, 5, 18]
[3, 4, 5, 16]
[1, 3, 9, 10, 11]
[1, 3, 7, 15, 21]
[2, 4, 6, 10, 22]
[1, 2, 9, 12, 13]
[16, 17, 18, 19, 20, 21, 22, 23, 24, 25, 26, 27, 28]


6
process id 1
stats
5, 15, 7, 100, 1000
20220819-192325
loosing coalitions taken
[1, 2, 8, 12, 21]
[1, 4, 8, 11, 13]
[2, 4, 5, 18]
[2, 3, 7, 8, 10]
[3, 4, 6, 14, 17]
[1, 2, 9, 10, 13]
[1, 3, 7, 14, 21]
[2, 3, 6, 12]
[1, 2, 7, 16, 17]
[3, 4, 5, 21, 24]
[2, 4, 6, 9, 23]
[1, 5, 6, 15, 18]
[2, 3, 5, 23, 25]
[1, 3, 8, 9, 17]
[16, 17, 18, 19, 20, 21, 22, 23, 24, 25, 26, 27, 28]


5
process id 5
stats
5, 15, 7, 100, 1000
20220819-192326
loosing coalitions taken
[1, 5, 6, 12, 24]
[1, 2, 10, 11, 13]
[1, 3, 8, 11, 17]
[1, 4, 7, 10, 19]
[1, 3, 7, 13, 22]
[1, 2, 7, 14, 24]
[2, 4, 6, 12, 23]
[2, 3, 7, 8, 10]
[2, 3, 6, 11]
[3, 4, 5, 16]
[2, 3, 5, 23]
[2, 4, 5, 18]
[1, 2, 8, 9, 18]
[3, 4, 6, 14, 17]
[16, 17, 18, 19, 20, 21, 22, 23, 24, 25, 26, 27, 28]


6
process id 3
stats
5, 15, 7, 100, 1000
20220819-192327
loosing coalitions taken
[1, 5, 6, 13, 24]
[3, 4, 6, 14, 20]
[1, 2, 9, 12, 14]
[1, 3, 8, 12, 18]
[1, 2, 8, 13, 20]
[1, 3, 7, 11, 23]
[2, 3, 5, 25]
[2, 4, 6, 9, 23]
[1, 2, 7, 15, 22]
[2, 3, 6, 10, 28]
[2, 4, 5, 19]
[1, 4, 7, 9, 16]
[3, 4, 5, 16]
[1, 4, 8, 11, 14]
[16, 17, 18, 19, 20, 21, 22, 23, 24, 25, 26, 27, 28]


5
process id 0
stats
5, 15, 7, 100, 1000
20220819-192328
loosing coalitions taken
[1, 5, 6, 11, 25]
[1, 2, 9, 12, 13]
[1, 2, 7, 10, 26]
[1, 4, 7, 8]
[1, 3, 9, 10, 11]
[2, 3, 6, 11]
[2, 4, 6, 15, 20]
[2, 3, 5, 22]
[1, 3, 7, 16, 19]
[1, 3, 8, 14, 15]
[3, 4, 6, 13, 18]
[3, 4, 5, 16]
[2, 4, 5, 18]
[1, 2, 8, 11, 17]
[16, 17, 18, 19, 20, 21, 22, 23, 24, 25, 26, 27, 28]


6
process id 6
stats
5, 15, 7, 100, 1000
20220819-192328
loosing coalitions taken
[1, 4, 8, 9, 15]
[1, 3, 7, 10, 23]
[3, 4, 6, 9, 22]
[1, 3, 8, 12, 18]
[2, 5, 6, 8, 11]
[2, 4, 6, 12, 23]
[1, 2, 7, 9]
[2, 4, 5, 17]
[3, 4, 5, 16, 27]
[2, 3, 6, 13]
[2, 3, 5, 22]
[1, 2, 10, 11, 14]
[1, 4, 7, 14, 16]
[1, 5, 6, 14, 21]
[16, 17, 18, 19, 20, 21, 22, 23, 24, 25, 26, 27, 28]


6
process id 7
stats
5, 15, 7, 100, 1000
20220819-192329
loosing coalitions taken
[1, 2, 9, 12, 13]
[1, 3, 9, 10, 11]
[2, 3, 6, 12]
[1, 2, 7, 14, 23]
[1, 3, 7, 15, 20]
[2, 4, 5, 20, 27]
[3, 4, 5, 16]
[1, 4, 7, 9, 18]
[1, 2, 8, 10, 19]
[2, 3, 5, 23]
[1, 4, 8, 11, 14]
[1, 5, 6, 10, 25]
[2, 4, 6, 11, 23]
[1, 3, 8, 12, 17]
[16, 17, 18, 19, 20, 21, 22, 23, 24, 25, 26, 27, 28]


6
process id 1
stats
5, 15, 7, 100, 1000
20220819-192330
loosing coalitions taken
[2, 3, 5, 25]
[1, 3, 8, 12, 18]
[2, 4, 6, 15, 21]
[1, 3, 9, 10, 11]
[1, 2, 8, 15, 17]
[1, 4, 7, 9, 19]
[1, 3, 7, 13, 22]
[1, 2, 9, 12, 13]
[1, 2, 7, 16, 18]
[1, 5, 6, 10, 26]
[3, 4, 5, 16]
[2, 3, 6, 9]
[2, 4, 5, 18]
[1, 4, 8, 10, 14]
[16, 17, 18, 19, 20, 21, 22, 23, 24, 25, 26, 27, 28]


6
process id 0
stats
5, 15, 7, 100, 1000
20220819-192330
loosing coalitions taken
[1, 2, 7, 9]
[1, 5, 6, 10, 26]
[1, 4, 8, 13, 14]
[1, 3, 8, 11, 18]
[2, 3, 5, 23]
[2, 3, 6, 11]
[2, 3, 7, 8, 10]
[3, 4, 5, 15]
[1, 4, 7, 11, 16]
[3, 4, 6, 12, 18]
[2, 4, 6, 15, 20]
[2, 4, 5, 17, 28]
[1, 3, 7, 12, 22]
[1, 2, 10, 12, 13]
[16, 17, 18, 19, 20, 21, 22, 23, 24, 25, 26, 27, 28]


5
process id 3
stats
5, 15, 7, 100, 1000
20220819-192330
loosing coalitions taken
[1, 4, 7, 11, 17]
[1, 3, 7, 12, 22]
[2, 3, 6, 17, 21]
[1, 4, 8, 10, 13]
[1, 5, 6, 13, 23]
[3, 4, 6, 11, 18]
[2, 3, 5, 23]
[2, 4, 6, 13, 22]
[2, 4, 5, 18]
[3, 4, 5, 15]
[1, 2, 8, 12, 20]
[1, 2, 7, 13, 25]
[1, 3, 8, 14, 16]
[2, 3, 7, 8, 10]
[16, 17, 18, 19, 20, 21, 22, 23, 24, 25, 26, 27, 28]


6
process id 5
stats
5, 15, 7, 100, 1000
20220819-192331
loosing coalitions taken
[1, 3, 8, 10, 18]
[2, 3, 6, 13]
[1, 2, 7, 9]
[1, 5, 6, 14, 22]
[2, 4, 5, 19, 26]
[1, 3, 7, 11, 21]
[2, 3, 5, 23]
[2, 4, 6, 9, 25]
[3, 4, 5, 16]
[1, 2, 8, 14, 20]
[1, 4, 7, 14, 16]
[1, 4, 8, 11, 12]
[1, 2, 10, 12, 13]
[3, 4, 6, 12, 21]
[16, 17, 18, 19, 20, 21, 22, 23, 24, 25, 26, 27, 28]


6
process id 1
stats
5, 15, 7, 100, 1000
20220819-192332
loosing coalitions taken
[1, 3, 7, 10, 23]
[1, 4, 7, 11, 17]
[2, 4, 5, 20]
[1, 4, 8, 12, 14]
[1, 5, 6, 10, 26]
[2, 3, 6, 15, 25]
[1, 2, 7, 12, 25]
[1, 2, 9, 10, 13]
[3, 4, 6, 13, 19]
[1, 2, 8, 11, 19]
[3, 4, 5, 17, 23]
[2, 4, 6, 9, 23]
[2, 3, 5, 22]
[1, 3, 8, 15, 16]
[16, 17, 18, 19, 20, 21, 22, 23, 24, 25, 26, 27, 28]


5
process id 0
stats
5, 15, 7, 100, 1000
20220819-192333
loosing coalitions taken
[1, 3, 8, 11, 17]
[2, 4, 6, 11, 23]
[1, 5, 6, 13, 23]
[3, 4, 6, 14, 20]
[1, 2, 10, 11, 13]
[1, 2, 7, 9]
[1, 2, 8, 14, 20]
[2, 4, 5, 20]
[2, 3, 5, 25]
[3, 4, 5, 16, 28]
[1, 3, 7, 14, 21]
[2, 3, 6, 12, 28]
[1, 4, 8, 12, 13]
[1, 4, 7, 10, 17]
[16, 17, 18, 19, 20, 21, 22, 23, 24, 25, 26, 27, 28]


6
process id 6
stats
5, 15, 7, 100, 1000
20220819-192333
loosing coalitions taken
[1, 2, 7, 9]
[1, 5, 6, 11, 24]
[1, 4, 8, 13, 14]
[1, 3, 8, 12, 18]
[2, 3, 6, 10, 28]
[2, 3, 5, 24]
[3, 4, 5, 15]
[2, 4, 5, 17, 28]
[1, 3, 7, 16, 17]
[3, 4, 6, 9, 21]
[2, 4, 6, 12, 23]
[2, 5, 6, 7, 16]
[1, 2, 10, 12, 13]
[1, 2, 8, 11, 19]
[16, 17, 18, 19, 20, 21, 22, 23, 24, 25, 26, 27, 28]


6
process id 4
stats
5, 15, 7, 100, 1000
20220819-192338
loosing coalitions taken
[1, 3, 9, 10, 12]
[3, 4, 6, 11, 21]
[1, 2, 8, 13, 20]
[1, 3, 8, 11, 17]
[1, 2, 10, 11, 14]
[1, 5, 6, 15, 20]
[1, 4, 7, 14, 16]
[2, 4, 6, 16, 17]
[2, 4, 5, 19]
[2, 3, 6, 13, 28]
[2, 3, 7, 8, 10]
[1, 2, 7, 15, 21]
[1, 3, 7, 13, 22]
[1, 4, 8, 10, 15]
[16, 17, 18, 19, 20, 21, 22, 23, 24, 25, 26, 27, 28]


6
process id 1
stats
5, 15, 7, 100, 1000
20220819-192338
loosing coalitions taken
[3, 4, 6, 13, 20]
[1, 2, 7, 13, 23]
[1, 4, 7, 10, 17]
[1, 3, 7, 15, 21]
[1, 4, 8, 9, 15]
[2, 4, 5, 19]
[1, 2, 8, 11, 21]
[2, 3, 5, 22]
[1, 5, 6, 11, 23]
[3, 4, 5, 16]
[1, 3, 8, 14, 16]
[2, 3, 6, 14]
[2, 4, 6, 15, 17]
[1, 2, 10, 12, 14]
[16, 17, 18, 19, 20, 21, 22, 23, 24, 25, 26, 27, 28]


6
process id 4
stats
5, 15, 7, 100, 1000
20220819-192341
loosing coalitions taken
[3, 4, 6, 13, 20]
[1, 5, 6, 12, 24]
[1, 4, 7, 9, 19]
[1, 3, 9, 10, 12]
[1, 4, 8, 10, 15]
[1, 2, 9, 11, 14]
[2, 3, 7, 8, 10]
[2, 3, 6, 14]
[2, 4, 5, 19]
[2, 3, 5, 25]
[1, 3, 7, 14, 20]
[3, 4, 5, 16]
[1, 2, 7, 15, 22]
[2, 4, 6, 11, 22]
[16, 17, 18, 19, 20, 21, 22, 23, 24, 25, 26, 27, 28]


5
process id 0
stats
5, 15, 7, 100, 1000
20220819-192341
loosing coalitions taken
[2, 4, 5, 20]
[1, 5, 6, 9, 25]
[1, 3, 9, 10, 12]
[3, 4, 6, 12, 21]
[1, 2, 7, 13, 24]
[2, 3, 6, 9]
[3, 4, 5, 15]
[2, 4, 6, 16, 19]
[2, 3, 5, 24]
[1, 3, 8, 13, 16]
[1, 4, 7, 14, 15]
[1, 3, 7, 11, 22]
[1, 2, 8, 14, 18]
[1, 4, 8, 10, 11]
[16, 17, 18, 19, 20, 21, 22, 23, 24, 25, 26, 27, 28]


6
process id 2
stats
5, 15, 7, 100, 1000
20220819-192343
loosing coalitions taken
[2, 3, 6, 14]
[1, 4, 8, 9, 15]
[1, 2, 7, 9]
[1, 5, 6, 16, 20]
[2, 3, 5, 25]
[3, 4, 5, 16]
[1, 3, 8, 12, 17]
[3, 4, 6, 9, 22]
[1, 2, 10, 12, 13]
[2, 4, 5, 20]
[1, 3, 7, 15, 19]
[2, 4, 6, 12, 21]
[1, 4, 7, 11, 17]
[1, 2, 8, 14, 19]
[16, 17, 18, 19, 20, 21, 22, 23, 24, 25, 26, 27, 28]


6
process id 1
stats
5, 15, 7, 100, 1000
20220819-192344
loosing coalitions taken
[1, 4, 7, 9, 17]
[3, 4, 6, 14, 20]
[1, 2, 8, 14, 20]
[2, 3, 5, 25]
[1, 2, 9, 12, 13]
[1, 3, 7, 12, 22]
[1, 3, 8, 11, 17]
[1, 4, 8, 10, 15]
[1, 5, 6, 16, 18]
[2, 4, 5, 19, 27]
[2, 3, 6, 10]
[2, 4, 6, 9, 24]
[3, 4, 5, 16]
[3, 5, 6, 7, 15]
[16, 17, 18, 19, 20, 21, 22, 23, 24, 25, 26, 27, 28]


6
process id 6
stats
5, 15, 7, 100, 1000
20220819-192344
loosing coalitions taken
[1, 2, 7, 9]
[3, 4, 6, 12, 21]
[1, 4, 8, 10, 15]
[1, 3, 8, 12, 18]
[2, 3, 6, 13]
[1, 2, 8, 13, 17]
[2, 4, 5, 19]
[1, 5, 6, 15, 18]
[1, 3, 7, 10, 24]
[2, 4, 6, 16, 17]
[1, 4, 7, 13, 16]
[3, 4, 5, 15]
[2, 3, 5, 22]
[1, 2, 10, 11, 14]
[16, 17, 18, 19, 20, 21, 22, 23, 24, 25, 26, 27, 28]


5
process id 5
stats
5, 15, 7, 100, 1000
20220819-192345
loosing coalitions taken
[1, 4, 7, 14, 16]
[2, 4, 5, 17]
[2, 3, 6, 13]
[1, 3, 9, 10, 12]
[1, 3, 8, 11, 17]
[3, 4, 5, 16]
[2, 3, 5, 24]
[1, 3, 7, 15, 19]
[3, 4, 6, 9, 20]
[1, 2, 7, 10, 28]
[1, 5, 6, 9, 23]
[2, 4, 6, 15, 21]
[1, 2, 8, 15, 16]
[1, 4, 8, 9, 13]
[16, 17, 18, 19, 20, 21, 22, 23, 24, 25, 26, 27, 28]


6
process id 2
stats
5, 15, 7, 100, 1000
20220819-192346
loosing coalitions taken
[1, 4, 8, 13, 14]
[2, 4, 6, 15, 20]
[1, 2, 9, 10, 14]
[3, 4, 6, 13, 21]
[1, 2, 8, 12, 21]
[1, 2, 7, 16, 20]
[1, 3, 7, 12, 22]
[2, 3, 6, 14]
[1, 5, 6, 13, 22]
[1, 3, 8, 10, 18]
[2, 4, 5, 18]
[3, 4, 5, 15]
[2, 3, 5, 27, 28]
[1, 4, 7, 11, 17]
[16, 17, 18, 19, 20, 21, 22, 23, 24, 25, 26, 27, 28]


6
process id 3
stats
5, 15, 7, 100, 1000
20220819-192346
loosing coalitions taken
[1, 3, 8, 12, 17]
[1, 4, 7, 11, 17]
[1, 2, 7, 16, 20]
[2, 3, 6, 15, 25]
[1, 2, 8, 14, 19]
[1, 5, 6, 16, 18]
[2, 3, 5, 23]
[1, 2, 9, 12, 13]
[3, 4, 6, 13, 20]
[2, 4, 5, 18, 28]
[2, 4, 6, 16, 17]
[1, 3, 7, 15, 21]
[3, 4, 5, 21, 24]
[2, 3, 7, 8, 10]
[16, 17, 18, 19, 20, 21, 22, 23, 24, 25, 26, 27, 28]


6
process id 4
stats
5, 15, 7, 100, 1000
20220819-192346
loosing coalitions taken
[1, 3, 9, 10, 11]
[1, 5, 6, 12, 23]
[1, 3, 8, 12, 19]
[3, 4, 6, 10, 21]
[1, 3, 7, 15, 17]
[1, 4, 7, 8]
[1, 2, 9, 12, 14]
[2, 3, 5, 23]
[3, 4, 5, 17, 26]
[2, 3, 6, 9]
[2, 4, 5, 18]
[1, 2, 8, 13, 20]
[2, 4, 6, 15, 20]
[1, 2, 7, 11, 25]
[16, 17, 18, 19, 20, 21, 22, 23, 24, 25, 26, 27, 28]


6
process id 0
stats
5, 15, 7, 100, 1000
20220819-192347
loosing coalitions taken
[1, 5, 6, 12, 24]
[1, 3, 8, 11, 18]
[2, 3, 6, 14]
[1, 4, 8, 10, 15]
[2, 4, 5, 17]
[3, 4, 5, 16]
[1, 2, 8, 9, 20]
[2, 4, 6, 13, 22]
[2, 3, 5, 24, 25]
[1, 2, 7, 16, 19]
[1, 4, 7, 9, 17]
[3, 4, 6, 10, 21]
[1, 3, 7, 13, 22]
[1, 2, 10, 11, 12]
[16, 17, 18, 19, 20, 21, 22, 23, 24, 25, 26, 27, 28]


6
process id 5
stats
5, 15, 7, 100, 1000
20220819-192348
loosing coalitions taken
[1, 2, 10, 11, 13]
[1, 5, 6, 9, 26]
[1, 3, 8, 9, 19]
[1, 2, 7, 9]
[1, 4, 8, 13, 14]
[2, 3, 6, 14]
[2, 4, 5, 21, 26]
[2, 3, 5, 25]
[3, 4, 6, 11, 17]
[1, 2, 8, 12, 18]
[1, 3, 7, 16, 17]
[3, 4, 5, 18, 27]
[2, 4, 6, 15, 18]
[2, 5, 6, 7, 16]
[16, 17, 18, 19, 20, 21, 22, 23, 24, 25, 26, 27, 28]


5
process id 6
stats
5, 15, 7, 100, 1000
20220819-192349
loosing coalitions taken
[1, 5, 6, 12, 23]
[1, 3, 7, 16, 17]
[2, 4, 6, 11, 24]
[3, 4, 6, 12, 21]
[1, 2, 7, 9, 26]
[1, 3, 8, 11, 18]
[1, 2, 10, 11, 13]
[2, 4, 5, 21, 23]
[3, 4, 5, 15]
[2, 3, 6, 10]
[1, 4, 8, 12, 14]
[1, 3, 9, 10, 12]
[2, 3, 5, 25]
[1, 2, 8, 15, 16]
[16, 17, 18, 19, 20, 21, 22, 23, 24, 25, 26, 27, 28]


6
process id 7
stats
5, 15, 7, 100, 1000
20220819-192350
loosing coalitions taken
[1, 3, 7, 15, 21]
[1, 2, 8, 15, 17]
[3, 4, 6, 12, 21]
[1, 4, 8, 12, 14]
[2, 3, 6, 14]
[1, 2, 10, 11, 13]
[1, 2, 7, 9]
[1, 5, 6, 16, 19]
[3, 4, 5, 15]
[2, 3, 5, 27, 28]
[2, 4, 5, 20, 26]
[1, 4, 7, 11, 17]
[1, 3, 8, 9, 18]
[2, 4, 6, 9, 23]
[16, 17, 18, 19, 20, 21, 22, 23, 24, 25, 26, 27, 28]


5
process id 6
stats
5, 15, 7, 100, 1000
20220819-192351
loosing coalitions taken
[3, 4, 6, 14, 18]
[1, 3, 9, 10, 11]
[1, 3, 8, 12, 18]
[1, 4, 7, 8]
[2, 4, 5, 20]
[1, 2, 9, 12, 13]
[2, 3, 5, 23, 25]
[1, 2, 7, 14, 24]
[1, 2, 8, 10, 17]
[2, 4, 6, 16, 19]
[2, 3, 6, 11, 28]
[3, 4, 5, 16]
[1, 3, 7, 15, 20]
[1, 5, 6, 11, 25]
[16, 17, 18, 19, 20, 21, 22, 23, 24, 25, 26, 27, 28]


6
process id 5
stats
5, 15, 7, 100, 1000
20220819-192352
loosing coalitions taken
[1, 2, 10, 11, 12]
[1, 3, 8, 15, 16]
[1, 5, 6, 14, 22]
[1, 4, 7, 10, 17]
[1, 3, 7, 9, 23]
[3, 4, 6, 13, 20]
[1, 2, 8, 14, 20]
[2, 4, 5, 17]
[1, 2, 7, 13, 24]
[1, 4, 8, 12, 13]
[2, 3, 5, 23]
[2, 3, 6, 10]
[3, 4, 5, 15]
[2, 4, 6, 9, 25]
[16, 17, 18, 19, 20, 21, 22, 23, 24, 25, 26, 27, 28]


6
process id 2
stats
5, 15, 7, 100, 1000
20220819-192353
loosing coalitions taken
[1, 2, 7, 9]
[2, 3, 6, 13]
[3, 4, 6, 14, 20]
[2, 4, 6, 11, 23]
[2, 5, 6, 8, 12]
[1, 5, 6, 10, 24]
[2, 3, 5, 25, 28]
[1, 3, 7, 15, 20]
[1, 2, 8, 13, 18]
[2, 4, 5, 19]
[1, 4, 7, 10, 18]
[1, 3, 9, 10, 12]
[1, 4, 8, 11, 12]
[3, 4, 5, 16]
[16, 17, 18, 19, 20, 21, 22, 23, 24, 25, 26, 27, 28]


6
process id 1
stats
5, 15, 7, 100, 1000
20220819-192354
loosing coalitions taken
[3, 4, 6, 12, 21]
[1, 3, 8, 15, 16]
[1, 4, 7, 10, 18]
[1, 5, 6, 11, 24]
[1, 4, 8, 13, 14]
[1, 2, 7, 9]
[2, 3, 6, 11]
[3, 4, 5, 15]
[2, 4, 5, 17, 27]
[2, 3, 5, 24]
[2, 4, 6, 13, 22]
[1, 2, 8, 11, 18]
[1, 3, 7, 14, 20]
[1, 3, 9, 10, 12]
[16, 17, 18, 19, 20, 21, 22, 23, 24, 25, 26, 27, 28]


6
process id 0
stats
5, 15, 7, 100, 1000
20220819-192354
loosing coalitions taken
[1, 4, 8, 9, 15]
[1, 4, 7, 10, 19]
[1, 2, 9, 12, 14]
[1, 5, 6, 10, 26]
[1, 2, 7, 15, 22]
[2, 3, 6, 13]
[1, 2, 8, 11, 21]
[1, 3, 7, 16, 18]
[2, 4, 5, 19, 27]
[3, 4, 6, 11, 20]
[2, 3, 7, 8, 9]
[2, 3, 5, 24]
[2, 4, 6, 12, 21]
[3, 4, 5, 16]
[16, 17, 18, 19, 20, 21, 22, 23, 24, 25, 26, 27, 28]


5
process id 6
stats
5, 15, 7, 100, 1000
20220819-192354
loosing coalitions taken
[1, 2, 7, 10, 28]
[3, 4, 6, 9, 22]
[1, 4, 7, 11, 17]
[1, 3, 9, 10, 12]
[1, 2, 8, 12, 20]
[1, 2, 9, 11, 14]
[1, 3, 7, 15, 21]
[1, 4, 8, 10, 15]
[2, 4, 5, 20]
[2, 3, 6, 17, 21]
[1, 5, 6, 16, 17]
[2, 3, 5, 22]
[2, 4, 6, 12, 23]
[3, 4, 5, 15]
[16, 17, 18, 19, 20, 21, 22, 23, 24, 25, 26, 27, 28]


6
process id 4
stats
5, 15, 7, 100, 1000
20220819-192354
loosing coalitions taken
[1, 2, 10, 11, 13]
[1, 2, 8, 14, 19]
[1, 4, 7, 11, 17]
[3, 4, 5, 18, 26]
[1, 4, 8, 10, 15]
[1, 2, 7, 9]
[2, 4, 5, 17]
[3, 4, 6, 9, 22]
[2, 3, 6, 11]
[2, 3, 5, 25]
[2, 4, 6, 10, 23]
[1, 3, 8, 9, 17]
[1, 3, 7, 12, 21]
[1, 5, 6, 14, 22]
[16, 17, 18, 19, 20, 21, 22, 23, 24, 25, 26, 27, 28]


5
process id 5
stats
5, 15, 7, 100, 1000
20220819-192356
loosing coalitions taken
[1, 2, 8, 13, 20]
[1, 2, 9, 12, 14]
[1, 4, 7, 9, 19]
[1, 5, 6, 13, 23]
[2, 3, 6, 19, 21]
[3, 4, 6, 9, 22]
[2, 3, 7, 8, 10]
[1, 4, 8, 10, 14]
[1, 2, 7, 11, 27]
[1, 3, 8, 12, 16]
[1, 3, 7, 13, 22]
[2, 4, 6, 15, 18]
[3, 4, 5, 19, 26]
[2, 3, 5, 22]
[16, 17, 18, 19, 20, 21, 22, 23, 24, 25, 26, 27, 28]


5
process id 1
stats
5, 15, 7, 100, 1000
20220819-192357
loosing coalitions taken
[1, 3, 8, 11, 19]
[1, 4, 7, 11, 17]
[1, 5, 6, 16, 20]
[1, 2, 8, 15, 17]
[1, 2, 7, 13, 25]
[3, 4, 5, 16]
[1, 2, 9, 11, 12]
[1, 4, 8, 10, 14]
[2, 3, 6, 9]
[1, 3, 7, 10, 22]
[2, 4, 5, 17]
[2, 3, 5, 23]
[3, 4, 6, 12, 19]
[2, 4, 6, 15, 20]
[16, 17, 18, 19, 20, 21, 22, 23, 24, 25, 26, 27, 28]


5
process id 7
stats
5, 15, 7, 100, 1000
20220819-192358
loosing coalitions taken
[1, 3, 8, 10, 19]
[1, 3, 7, 9, 24]
[2, 4, 5, 20]
[1, 4, 7, 10, 18]
[2, 3, 6, 14]
[1, 5, 6, 11, 24]
[1, 2, 7, 16, 17]
[2, 3, 5, 22]
[3, 4, 6, 11, 18]
[3, 4, 5, 15]
[1, 2, 9, 10, 12]
[1, 2, 8, 13, 18]
[1, 4, 8, 12, 14]
[2, 4, 6, 10, 24]
[16, 17, 18, 19, 20, 21, 22, 23, 24, 25, 26, 27, 28]


6
process id 3
stats
5, 15, 7, 100, 1000
20220819-192359
loosing coalitions taken
[2, 3, 7, 8, 10]
[1, 5, 6, 15, 21]
[1, 3, 8, 11, 19]
[1, 2, 7, 12, 25]
[1, 2, 8, 9, 21]
[1, 4, 7, 11, 17]
[2, 3, 6, 14]
[1, 4, 8, 13, 14]
[1, 3, 9, 10, 12]
[3, 4, 5, 18, 26]
[2, 3, 5, 22]
[2, 4, 5, 19, 27]
[2, 4, 6, 10, 23]
[3, 4, 6, 12, 21]
[16, 17, 18, 19, 20, 21, 22, 23, 24, 25, 26, 27, 28]


6
process id 6
stats
5, 15, 7, 100, 1000
20220819-192359
loosing coalitions taken
[1, 4, 8, 13, 14]
[3, 4, 6, 9, 22]
[3, 4, 5, 17, 27]
[1, 3, 7, 16, 19]
[2, 3, 6, 14]
[1, 3, 8, 10, 18]
[2, 4, 5, 18]
[1, 4, 7, 9, 17]
[1, 2, 9, 11, 13]
[2, 4, 6, 11, 24]
[1, 2, 7, 12, 24]
[2, 3, 5, 23]
[2, 5, 6, 8, 10]
[1, 5, 6, 13, 22]
[16, 17, 18, 19, 20, 21, 22, 23, 24, 25, 26, 27, 28]


6
process id 5
stats
5, 15, 7, 100, 1000
20220819-192400
loosing coalitions taken
[1, 3, 8, 10, 19]
[3, 4, 6, 13, 21]
[1, 5, 6, 15, 21]
[3, 4, 5, 16]
[1, 2, 10, 11, 14]
[2, 4, 6, 9, 24]
[2, 3, 5, 22]
[2, 4, 5, 20, 26]
[2, 3, 6, 11]
[1, 4, 7, 9, 16]
[1, 4, 8, 11, 13]
[1, 2, 8, 15, 16]
[1, 2, 9, 12, 13]
[1, 3, 7, 14, 20]
[16, 17, 18, 19, 20, 21, 22, 23, 24, 25, 26, 27, 28]


6
process id 4
stats
5, 15, 7, 100, 1000
20220819-192401
loosing coalitions taken
[2, 4, 5, 20]
[1, 4, 7, 9, 19]
[1, 3, 9, 10, 12]
[1, 2, 7, 12, 26]
[2, 3, 6, 14, 28]
[2, 3, 7, 8, 9]
[1, 3, 7, 11, 22]
[1, 5, 6, 15, 21]
[1, 3, 8, 13, 16]
[3, 4, 6, 10, 21]
[1, 4, 8, 12, 14]
[3, 4, 5, 16]
[1, 2, 8, 10, 21]
[2, 3, 5, 24, 27]
[16, 17, 18, 19, 20, 21, 22, 23, 24, 25, 26, 27, 28]


