Results
Max overall: 15
Min avg pop: 0.645
Min pop: 0.6485

6
process id 0
stats
5, 15, 7, 100, 1000
20220819-193050
loosing coalitions taken
[2, 4, 5, 20]
[1, 5, 6, 13, 23]
[1, 3, 8, 11, 18]
[1, 2, 7, 9]
[1, 4, 8, 10, 15]
[2, 3, 5, 25]
[2, 3, 6, 14]
[1, 2, 8, 12, 21]
[3, 4, 6, 11, 21]
[1, 3, 7, 15, 20]
[1, 3, 9, 10, 12]
[2, 4, 6, 13, 22]
[1, 2, 10, 11, 13]
[3, 4, 5, 17, 26]
[16, 17, 18, 19, 20, 21, 22, 23, 24, 25, 26, 27, 28]


6
process id 1
stats
5, 15, 7, 100, 1000
20220819-193051
loosing coalitions taken
[1, 4, 8, 13, 14]
[2, 3, 6, 15, 26]
[1, 3, 7, 16, 17]
[1, 3, 9, 10, 11]
[1, 2, 8, 15, 17]
[1, 2, 7, 13, 25]
[1, 2, 10, 12, 14]
[1, 3, 8, 12, 19]
[2, 3, 5, 25]
[2, 4, 6, 11, 24]
[3, 4, 6, 12, 21]
[2, 4, 5, 20]
[1, 5, 6, 16, 20]
[1, 4, 7, 9, 19]
[16, 17, 18, 19, 20, 21, 22, 23, 24, 25, 26, 27, 28]


6
process id 2
stats
5, 15, 7, 100, 1000
20220819-193051
loosing coalitions taken
[1, 2, 10, 12, 13]
[1, 2, 7, 9]
[1, 3, 8, 11, 19]
[2, 4, 6, 16, 18]
[1, 4, 8, 10, 15]
[2, 4, 5, 20]
[1, 3, 7, 15, 20]
[2, 3, 6, 14]
[3, 4, 6, 12, 21]
[2, 3, 5, 25]
[1, 2, 8, 14, 20]
[3, 4, 5, 17, 26]
[1, 4, 7, 11, 17]
[1, 5, 6, 13, 24]
[16, 17, 18, 19, 20, 21, 22, 23, 24, 25, 26, 27, 28]


6
process id 5
stats
5, 15, 7, 100, 1000
20220819-193052
loosing coalitions taken
[1, 3, 9, 10, 11]
[2, 3, 6, 16, 23]
[2, 4, 5, 20]
[1, 2, 7, 9]
[1, 5, 6, 13, 23]
[1, 4, 7, 8]
[2, 3, 5, 25]
[1, 2, 10, 12, 13]
[3, 4, 5, 19, 26]
[2, 4, 6, 13, 22]
[1, 3, 7, 15, 20]
[1, 2, 8, 11, 21]
[1, 3, 8, 12, 18]
[3, 4, 6, 15, 17]
[16, 17, 18, 19, 20, 21, 22, 23, 24, 25, 26, 27, 28]


6
process id 3
stats
5, 15, 7, 100, 1000
20220819-193053
loosing coalitions taken
[3, 4, 6, 13, 21]
[1, 5, 6, 11, 25]
[1, 3, 8, 12, 18]
[1, 2, 7, 17, 19]
[2, 4, 5, 20]
[1, 2, 10, 11, 13]
[2, 3, 6, 15, 26]
[1, 4, 7, 10, 18]
[2, 3, 5, 25]
[2, 4, 6, 10, 23]
[1, 3, 7, 15, 21]
[1, 4, 8, 9, 15]
[3, 4, 5, 17, 27]
[2, 5, 6, 8, 12]
[16, 17, 18, 19, 20, 21, 22, 23, 24, 25, 26, 27, 28]


6
process id 0
stats
5, 15, 7, 100, 1000
20220819-193053
loosing coalitions taken
[1, 4, 7, 10, 18]
[1, 2, 7, 9]
[2, 4, 6, 12, 23]
[1, 5, 6, 16, 20]
[2, 4, 5, 20]
[1, 3, 8, 12, 18]
[2, 3, 6, 14]
[2, 3, 5, 25]
[3, 4, 5, 17, 26]
[1, 3, 7, 14, 22]
[1, 2, 10, 11, 14]
[2, 5, 6, 8, 11]
[1, 2, 8, 13, 20]
[3, 4, 6, 9, 22]
[16, 17, 18, 19, 20, 21, 22, 23, 24, 25, 26, 27, 28]


6
process id 1
stats
5, 15, 7, 100, 1000
20220819-193055
loosing coalitions taken
[1, 3, 8, 12, 18]
[1, 5, 6, 10, 26]
[2, 4, 5, 20]
[3, 4, 6, 9, 22]
[1, 2, 7, 9]
[2, 3, 6, 15, 27]
[1, 3, 7, 14, 22]
[1, 4, 7, 11, 17]
[2, 4, 6, 16, 17]
[2, 3, 7, 8, 10]
[2, 3, 5, 25]
[1, 4, 8, 13, 14]
[3, 4, 5, 19, 26]
[1, 2, 10, 12, 13]
[16, 17, 18, 19, 20, 21, 22, 23, 24, 25, 26, 27, 28]


6
process id 0
stats
5, 15, 7, 100, 1000
20220819-193056
loosing coalitions taken
[1, 3, 8, 9, 20]
[1, 4, 8, 13, 14]
[2, 4, 6, 11, 24]
[3, 4, 6, 15, 17]
[1, 2, 8, 15, 17]
[2, 4, 5, 20]
[1, 2, 10, 11, 13]
[1, 5, 6, 9, 25]
[1, 3, 7, 10, 23]
[1, 2, 7, 9]
[2, 3, 6, 14]
[2, 3, 5, 25]
[3, 4, 5, 19, 26]
[2, 5, 6, 7, 16]
[16, 17, 18, 19, 20, 21, 22, 23, 24, 25, 26, 27, 28]


6
process id 5
stats
5, 15, 7, 100, 1000
20220819-193056
loosing coalitions taken
[3, 4, 5, 17, 27]
[2, 4, 5, 20]
[1, 3, 8, 11, 18]
[1, 2, 7, 9]
[1, 4, 8, 13, 14]
[2, 5, 6, 7, 16]
[2, 3, 6, 14]
[1, 5, 6, 9, 26]
[2, 3, 5, 25]
[1, 2, 10, 11, 14]
[1, 3, 7, 10, 23]
[2, 4, 6, 9, 25]
[3, 4, 6, 13, 20]
[1, 2, 8, 12, 21]
[16, 17, 18, 19, 20, 21, 22, 23, 24, 25, 26, 27, 28]


6
process id 7
stats
5, 15, 7, 100, 1000
20220819-193056
loosing coalitions taken
[1, 3, 7, 16, 19]
[1, 3, 9, 10, 12]
[2, 3, 6, 16, 23]
[2, 3, 7, 8, 10]
[1, 2, 7, 9]
[3, 4, 6, 13, 21]
[1, 4, 8, 10, 15]
[2, 4, 6, 14, 22]
[1, 3, 8, 11, 18]
[1, 5, 6, 16, 20]
[2, 4, 5, 20, 27]
[1, 2, 8, 12, 21]
[2, 3, 5, 25]
[1, 4, 7, 11, 17]
[16, 17, 18, 19, 20, 21, 22, 23, 24, 25, 26, 27, 28]


6
process id 2
stats
5, 15, 7, 100, 1000
20220819-193058
loosing coalitions taken
[1, 2, 7, 17, 19]
[1, 2, 10, 12, 14]
[2, 4, 5, 20]
[1, 3, 8, 12, 17]
[1, 3, 7, 15, 20]
[2, 3, 7, 8, 10]
[1, 4, 7, 9, 18]
[1, 3, 9, 10, 11]
[1, 4, 8, 13, 14]
[1, 5, 6, 12, 23]
[2, 3, 6, 14]
[2, 3, 5, 25]
[3, 4, 6, 15, 17]
[3, 4, 5, 18, 26]
[16, 17, 18, 19, 20, 21, 22, 23, 24, 25, 26, 27, 28]


6
process id 3
stats
5, 15, 7, 100, 1000
20220819-193059
loosing coalitions taken
[3, 4, 6, 15, 17]
[1, 5, 6, 10, 26]
[1, 3, 8, 12, 17]
[1, 2, 7, 17, 18]
[1, 3, 9, 10, 11]
[2, 3, 5, 25]
[2, 4, 6, 16, 19]
[2, 4, 5, 20]
[3, 4, 5, 18, 26]
[1, 4, 7, 8]
[2, 3, 6, 14]
[1, 2, 8, 14, 20]
[1, 2, 10, 12, 13]
[1, 3, 7, 13, 22]
[16, 17, 18, 19, 20, 21, 22, 23, 24, 25, 26, 27, 28]


6
process id 6
stats
5, 15, 7, 100, 1000
20220819-193100
loosing coalitions taken
[1, 3, 8, 11, 19]
[2, 3, 5, 25]
[1, 2, 7, 17, 18]
[1, 3, 7, 14, 22]
[1, 5, 6, 16, 20]
[1, 2, 9, 11, 14]
[1, 3, 9, 10, 12]
[1, 4, 7, 10, 19]
[3, 4, 6, 13, 20]
[2, 4, 5, 22, 23]
[2, 3, 7, 8, 9]
[1, 2, 8, 13, 20]
[2, 3, 6, 14]
[3, 4, 5, 19, 26]
[16, 17, 18, 19, 20, 21, 22, 23, 24, 25, 26, 27, 28]


6
process id 5
stats
5, 15, 7, 100, 1000
20220819-193100
loosing coalitions taken
[1, 5, 6, 9, 26]
[1, 2, 8, 15, 17]
[2, 4, 6, 14, 22]
[1, 4, 8, 13, 14]
[1, 4, 7, 11, 17]
[1, 3, 8, 12, 19]
[3, 4, 6, 15, 17]
[1, 3, 7, 14, 22]
[1, 2, 7, 10, 27]
[2, 3, 5, 26, 28]
[2, 4, 5, 20]
[1, 3, 9, 10, 11]
[1, 2, 9, 12, 13]
[2, 3, 6, 16, 23]
[16, 17, 18, 19, 20, 21, 22, 23, 24, 25, 26, 27, 28]


6
process id 4
stats
5, 15, 7, 100, 1000
20220819-193101
loosing coalitions taken
[1, 3, 8, 12, 19]
[3, 4, 5, 18, 27]
[2, 4, 5, 20]
[2, 3, 6, 16, 23]
[1, 2, 9, 12, 14]
[1, 3, 7, 15, 21]
[3, 4, 6, 13, 21]
[1, 2, 7, 11, 26]
[2, 3, 5, 25]
[1, 5, 6, 13, 24]
[1, 4, 8, 13, 14]
[2, 4, 6, 9, 25]
[2, 3, 7, 8, 10]
[1, 3, 9, 10, 11]
[16, 17, 18, 19, 20, 21, 22, 23, 24, 25, 26, 27, 28]


6
process id 7
stats
5, 15, 7, 100, 1000
20220819-193101
loosing coalitions taken
[2, 3, 6, 15, 27]
[1, 3, 8, 11, 18]
[1, 5, 6, 13, 23]
[2, 4, 6, 11, 23]
[3, 4, 6, 14, 20]
[3, 4, 5, 18, 27]
[1, 4, 8, 13, 14]
[2, 3, 5, 25]
[1, 2, 7, 10, 27]
[1, 2, 8, 12, 21]
[1, 4, 7, 9, 19]
[1, 3, 7, 14, 22]
[1, 2, 9, 11, 14]
[1, 3, 9, 10, 12]
[16, 17, 18, 19, 20, 21, 22, 23, 24, 25, 26, 27, 28]


6
process id 6
stats
5, 15, 7, 100, 1000
20220819-193102
loosing coalitions taken
[1, 5, 6, 12, 24]
[3, 4, 6, 13, 21]
[1, 3, 7, 16, 17]
[1, 2, 9, 11, 13]
[1, 3, 9, 10, 12]
[2, 4, 5, 20, 28]
[3, 4, 5, 19, 26]
[2, 3, 6, 15, 26]
[1, 2, 7, 12, 26]
[1, 2, 8, 15, 17]
[2, 4, 6, 16, 19]
[1, 4, 7, 10, 19]
[2, 3, 5, 25]
[1, 3, 8, 11, 18]
[16, 17, 18, 19, 20, 21, 22, 23, 24, 25, 26, 27, 28]


6
process id 3
stats
5, 15, 7, 100, 1000
20220819-193103
loosing coalitions taken
[1, 5, 6, 11, 25]
[3, 4, 6, 9, 22]
[2, 3, 6, 16, 24]
[1, 3, 8, 11, 19]
[3, 4, 5, 21, 24]
[1, 4, 8, 10, 15]
[2, 4, 6, 15, 21]
[2, 3, 5, 25]
[1, 2, 8, 14, 20]
[1, 2, 7, 12, 26]
[1, 4, 7, 9, 19]
[1, 3, 9, 10, 12]
[1, 3, 7, 16, 17]
[1, 2, 9, 11, 13]
[16, 17, 18, 19, 20, 21, 22, 23, 24, 25, 26, 27, 28]


6
process id 5
stats
5, 15, 7, 100, 1000
20220819-193105
loosing coalitions taken
[1, 3, 8, 12, 19]
[1, 3, 7, 11, 23]
[1, 4, 7, 10, 19]
[1, 2, 9, 11, 14]
[1, 2, 10, 12, 13]
[1, 4, 8, 13, 14]
[2, 4, 5, 20]
[1, 2, 8, 15, 17]
[2, 3, 7, 8, 10]
[1, 5, 6, 11, 25]
[2, 4, 6, 16, 19]
[2, 3, 6, 14]
[3, 4, 5, 18, 26]
[2, 3, 5, 25]
[16, 17, 18, 19, 20, 21, 22, 23, 24, 25, 26, 27, 28]


6
process id 4
stats
5, 15, 7, 100, 1000
20220819-193106
loosing coalitions taken
[1, 5, 6, 16, 20]
[2, 3, 6, 15, 27]
[3, 4, 5, 17, 26]
[1, 3, 9, 10, 12]
[1, 2, 10, 11, 13]
[1, 4, 8, 10, 15]
[2, 3, 5, 25]
[1, 2, 7, 14, 24]
[1, 3, 7, 15, 20]
[1, 2, 8, 9, 22]
[1, 3, 8, 11, 18]
[3, 4, 6, 12, 21]
[2, 4, 6, 11, 24]
[1, 4, 7, 11, 17]
[16, 17, 18, 19, 20, 21, 22, 23, 24, 25, 26, 27, 28]


7
process id 2
stats
5, 15, 7, 100, 1000
20220819-193107
loosing coalitions taken
[1, 3, 8, 11, 18]
[1, 2, 8, 15, 17]
[1, 4, 8, 13, 14]
[1, 2, 10, 12, 13]
[3, 4, 5, 18, 26]
[2, 3, 5, 25]
[1, 5, 6, 16, 20]
[2, 4, 6, 11, 24]
[1, 2, 7, 9]
[3, 4, 6, 13, 21]
[2, 4, 5, 21, 28]
[2, 3, 6, 14]
[1, 4, 7, 10, 17]
[1, 3, 7, 14, 22]
[16, 17, 18, 19, 20, 21, 22, 23, 24, 25, 26, 27, 28]


6
process id 7
stats
5, 15, 7, 100, 1000
20220819-193107
loosing coalitions taken
[2, 4, 6, 15, 21]
[1, 3, 8, 12, 18]
[1, 2, 10, 12, 14]
[1, 2, 7, 11, 26]
[1, 2, 8, 9, 22]
[1, 4, 8, 13, 14]
[1, 3, 7, 15, 21]
[3, 4, 6, 9, 22]
[2, 3, 5, 25]
[1, 5, 6, 9, 26]
[2, 3, 6, 14]
[2, 4, 5, 20]
[1, 4, 7, 10, 18]
[3, 4, 5, 17, 27]
[16, 17, 18, 19, 20, 21, 22, 23, 24, 25, 26, 27, 28]


6
process id 0
stats
5, 15, 7, 100, 1000
20220819-193109
loosing coalitions taken
[2, 4, 5, 20]
[1, 5, 6, 13, 24]
[1, 3, 7, 10, 23]
[1, 4, 8, 10, 15]
[1, 3, 8, 11, 18]
[1, 2, 7, 12, 25]
[3, 4, 6, 12, 21]
[2, 3, 6, 14]
[2, 3, 5, 25]
[2, 5, 6, 8, 11]
[1, 2, 9, 11, 13]
[2, 4, 6, 9, 25]
[1, 4, 7, 9, 18]
[3, 4, 5, 17, 26]
[16, 17, 18, 19, 20, 21, 22, 23, 24, 25, 26, 27, 28]


5
process id 3
stats
5, 15, 7, 100, 1000
20220819-193110
loosing coalitions taken
[1, 4, 8, 13, 14]
[1, 3, 8, 11, 18]
[1, 3, 7, 15, 21]
[1, 2, 8, 15, 17]
[1, 2, 7, 10, 28]
[2, 3, 7, 8, 9]
[1, 4, 7, 11, 17]
[1, 3, 9, 10, 12]
[1, 5, 6, 12, 24]
[2, 3, 6, 15, 27]
[1, 2, 9, 11, 14]
[2, 3, 5, 25]
[2, 4, 6, 10, 23]
[3, 4, 6, 12, 21]
[16, 17, 18, 19, 20, 21, 22, 23, 24, 25, 26, 27, 28]


6
process id 2
stats
5, 15, 7, 100, 1000
20220819-193111
loosing coalitions taken
[1, 5, 6, 13, 24]
[1, 3, 8, 11, 18]
[1, 4, 8, 10, 15]
[1, 2, 7, 9]
[2, 4, 6, 14, 22]
[2, 3, 5, 25]
[2, 4, 5, 20]
[2, 3, 6, 16, 24]
[2, 3, 7, 8, 10]
[1, 3, 9, 10, 12]
[1, 4, 7, 11, 17]
[3, 4, 5, 21, 24]
[1, 2, 8, 13, 20]
[1, 3, 7, 15, 21]
[16, 17, 18, 19, 20, 21, 22, 23, 24, 25, 26, 27, 28]


6
process id 1
stats
5, 15, 7, 100, 1000
20220819-193112
loosing coalitions taken
[3, 4, 6, 9, 22]
[1, 4, 7, 9, 18]
[1, 3, 7, 13, 22]
[1, 2, 10, 12, 13]
[1, 3, 9, 10, 11]
[1, 5, 6, 11, 24]
[1, 4, 8, 13, 14]
[1, 2, 7, 17, 19]
[2, 4, 5, 20]
[2, 3, 6, 14]
[1, 2, 8, 9, 22]
[1, 3, 8, 12, 17]
[2, 3, 5, 25]
[2, 4, 6, 16, 19]
[16, 17, 18, 19, 20, 21, 22, 23, 24, 25, 26, 27, 28]


6
process id 4
stats
5, 15, 7, 100, 1000
20220819-193113
loosing coalitions taken
[1, 3, 8, 12, 19]
[1, 3, 9, 10, 11]
[2, 3, 6, 16, 24]
[2, 3, 5, 25]
[3, 4, 6, 13, 21]
[1, 2, 7, 9]
[2, 4, 6, 14, 22]
[2, 4, 5, 20]
[1, 5, 6, 11, 24]
[1, 4, 7, 10, 17]
[1, 3, 7, 13, 22]
[3, 4, 5, 17, 27]
[1, 2, 8, 11, 21]
[1, 2, 10, 12, 14]
[16, 17, 18, 19, 20, 21, 22, 23, 24, 25, 26, 27, 28]


6
process id 7
stats
5, 15, 7, 100, 1000
20220819-193114
loosing coalitions taken
[1, 5, 6, 13, 23]
[1, 3, 9, 10, 12]
[1, 2, 7, 13, 25]
[1, 2, 10, 11, 14]
[1, 3, 8, 15, 16]
[1, 3, 7, 11, 23]
[1, 2, 8, 9, 22]
[2, 4, 6, 11, 23]
[2, 4, 5, 20]
[2, 3, 6, 14]
[1, 4, 7, 10, 18]
[3, 4, 5, 19, 26]
[2, 3, 5, 25]
[2, 5, 6, 8, 12]
[16, 17, 18, 19, 20, 21, 22, 23, 24, 25, 26, 27, 28]


6
process id 0
stats
5, 15, 7, 100, 1000
20220819-193115
loosing coalitions taken
[1, 3, 8, 15, 16]
[3, 4, 5, 18, 27]
[1, 2, 7, 13, 25]
[2, 4, 6, 16, 18]
[1, 2, 10, 11, 14]
[1, 3, 9, 10, 12]
[2, 4, 5, 22, 24]
[1, 3, 7, 11, 23]
[2, 3, 5, 25]
[1, 5, 6, 11, 24]
[1, 2, 8, 9, 22]
[2, 3, 6, 14]
[1, 4, 7, 8]
[3, 4, 6, 12, 21]
[16, 17, 18, 19, 20, 21, 22, 23, 24, 25, 26, 27, 28]


6
process id 6
stats
5, 15, 7, 100, 1000
20220819-193115
loosing coalitions taken
[2, 4, 5, 20]
[1, 2, 7, 9]
[1, 4, 8, 13, 14]
[3, 4, 6, 15, 17]
[1, 3, 8, 11, 17]
[1, 5, 6, 10, 25]
[1, 2, 8, 12, 21]
[2, 3, 5, 25]
[2, 3, 6, 14]
[1, 3, 7, 16, 18]
[2, 4, 6, 13, 22]
[1, 2, 10, 11, 14]
[2, 3, 7, 8, 10]
[3, 4, 5, 18, 26]
[16, 17, 18, 19, 20, 21, 22, 23, 24, 25, 26, 27, 28]


5
process id 1
stats
5, 15, 7, 100, 1000
20220819-193118
loosing coalitions taken
[1, 2, 9, 12, 14]
[2, 3, 5, 27, 28]
[1, 5, 6, 13, 24]
[1, 2, 10, 11, 13]
[1, 4, 8, 13, 14]
[1, 2, 8, 15, 17]
[2, 4, 5, 20]
[2, 3, 7, 8, 10]
[1, 3, 7, 11, 23]
[1, 3, 8, 12, 18]
[2, 4, 6, 10, 24]
[2, 3, 6, 14]
[1, 4, 7, 9, 19]
[3, 4, 6, 9, 22]
[16, 17, 18, 19, 20, 21, 22, 23, 24, 25, 26, 27, 28]


6
process id 5
stats
5, 15, 7, 100, 1000
20220819-193118
loosing coalitions taken
[1, 3, 8, 12, 18]
[2, 4, 6, 11, 24]
[2, 4, 5, 20]
[2, 3, 6, 15, 27]
[1, 2, 10, 12, 13]
[1, 4, 7, 10, 19]
[1, 2, 7, 17, 18]
[3, 4, 6, 13, 21]
[1, 3, 7, 15, 21]
[1, 4, 8, 13, 14]
[1, 5, 6, 9, 26]
[2, 3, 7, 8, 9]
[1, 2, 8, 11, 21]
[1, 3, 9, 10, 11]
[16, 17, 18, 19, 20, 21, 22, 23, 24, 25, 26, 27, 28]


6
process id 3
stats
5, 15, 7, 100, 1000
20220819-193118
loosing coalitions taken
[3, 4, 6, 9, 22]
[1, 4, 8, 13, 14]
[2, 4, 5, 20]
[1, 5, 6, 10, 26]
[1, 3, 8, 11, 19]
[2, 3, 5, 25]
[2, 4, 6, 11, 23]
[2, 3, 6, 14]
[1, 3, 7, 16, 18]
[1, 4, 7, 9, 19]
[1, 2, 8, 15, 17]
[3, 4, 5, 21, 23]
[1, 3, 9, 10, 12]
[1, 2, 7, 12, 26]
[16, 17, 18, 19, 20, 21, 22, 23, 24, 25, 26, 27, 28]


6
process id 0
stats
5, 15, 7, 100, 1000
20220819-193118
loosing coalitions taken
[3, 4, 5, 18, 27]
[2, 4, 6, 12, 23]
[1, 2, 8, 11, 21]
[1, 2, 7, 10, 27]
[2, 4, 5, 20]
[1, 2, 9, 12, 13]
[1, 3, 8, 12, 17]
[1, 4, 8, 10, 15]
[1, 5, 6, 13, 24]
[2, 3, 6, 15, 27]
[3, 4, 6, 13, 21]
[1, 3, 9, 10, 11]
[1, 4, 7, 9, 19]
[1, 3, 7, 15, 21]
[16, 17, 18, 19, 20, 21, 22, 23, 24, 25, 26, 27, 28]


6
process id 4
stats
5, 15, 7, 100, 1000
20220819-193119
loosing coalitions taken
[1, 3, 7, 15, 21]
[1, 2, 9, 12, 14]
[1, 5, 6, 10, 25]
[1, 2, 7, 17, 18]
[2, 3, 6, 14]
[2, 4, 5, 20]
[1, 3, 9, 10, 11]
[3, 4, 5, 17, 27]
[2, 3, 5, 25]
[1, 4, 7, 8]
[2, 4, 6, 10, 24]
[3, 4, 6, 13, 21]
[1, 3, 8, 12, 19]
[1, 2, 8, 13, 20]
[16, 17, 18, 19, 20, 21, 22, 23, 24, 25, 26, 27, 28]


6
process id 7
stats
5, 15, 7, 100, 1000
20220819-193120
loosing coalitions taken
[1, 3, 7, 14, 22]
[2, 4, 5, 20]
[1, 2, 7, 9]
[1, 3, 8, 11, 18]
[1, 5, 6, 11, 24]
[1, 4, 8, 13, 14]
[2, 3, 6, 14]
[3, 4, 5, 17, 26]
[2, 4, 6, 10, 23]
[1, 2, 10, 12, 13]
[3, 5, 6, 7, 15]
[1, 2, 8, 15, 17]
[3, 4, 6, 13, 20]
[2, 3, 5, 25]
[16, 17, 18, 19, 20, 21, 22, 23, 24, 25, 26, 27, 28]


6
process id 2
stats
5, 15, 7, 100, 1000
20220819-193120
loosing coalitions taken
[1, 4, 8, 13, 14]
[1, 3, 8, 11, 19]
[3, 4, 6, 9, 22]
[2, 4, 6, 11, 24]
[1, 3, 7, 14, 22]
[1, 5, 6, 16, 20]
[1, 2, 7, 9]
[2, 3, 6, 15, 26]
[1, 2, 8, 12, 21]
[2, 3, 5, 25]
[2, 4, 5, 20]
[3, 4, 5, 21, 24]
[1, 4, 7, 11, 17]
[1, 2, 10, 11, 13]
[16, 17, 18, 19, 20, 21, 22, 23, 24, 25, 26, 27, 28]


6
process id 3
stats
5, 15, 7, 100, 1000
20220819-193121
loosing coalitions taken
[2, 4, 6, 13, 22]
[1, 4, 8, 13, 14]
[1, 5, 6, 13, 23]
[3, 4, 6, 15, 17]
[3, 4, 5, 18, 26]
[2, 4, 5, 21, 27]
[1, 3, 8, 11, 19]
[1, 2, 7, 12, 26]
[2, 3, 6, 14]
[1, 3, 7, 15, 20]
[1, 3, 9, 10, 12]
[1, 4, 7, 9, 19]
[1, 2, 8, 15, 17]
[1, 2, 10, 11, 13]
[16, 17, 18, 19, 20, 21, 22, 23, 24, 25, 26, 27, 28]


6
process id 1
stats
5, 15, 7, 100, 1000
20220819-193121
loosing coalitions taken
[1, 5, 6, 11, 25]
[1, 2, 7, 9]
[1, 4, 8, 13, 14]
[2, 3, 5, 25]
[3, 4, 6, 13, 21]
[3, 4, 5, 18, 26]
[2, 4, 5, 20]
[2, 4, 6, 10, 24]
[1, 3, 9, 10, 12]
[2, 3, 6, 14]
[1, 3, 7, 14, 22]
[1, 2, 10, 11, 13]
[3, 5, 6, 7, 15]
[1, 3, 8, 11, 17]
[16, 17, 18, 19, 20, 21, 22, 23, 24, 25, 26, 27, 28]


6
process id 7
stats
5, 15, 7, 100, 1000
20220819-193122
loosing coalitions taken
[2, 4, 5, 20, 28]
[1, 5, 6, 11, 24]
[3, 4, 5, 17, 26]
[1, 2, 7, 11, 27]
[1, 3, 9, 10, 11]
[1, 4, 7, 10, 19]
[1, 3, 7, 16, 17]
[1, 2, 8, 13, 20]
[1, 4, 8, 9, 15]
[1, 3, 8, 12, 18]
[2, 3, 5, 25]
[2, 4, 6, 16, 17]
[3, 4, 6, 12, 21]
[1, 2, 9, 12, 14]
[16, 17, 18, 19, 20, 21, 22, 23, 24, 25, 26, 27, 28]


6
process id 4
stats
5, 15, 7, 100, 1000
20220819-193123
loosing coalitions taken
[1, 2, 7, 9]
[3, 4, 6, 13, 21]
[2, 4, 6, 16, 18]
[2, 3, 5, 26, 28]
[1, 3, 8, 12, 17]
[1, 4, 8, 10, 15]
[1, 5, 6, 13, 24]
[2, 3, 6, 15, 27]
[1, 2, 10, 11, 13]
[2, 4, 5, 20]
[1, 4, 7, 11, 17]
[3, 4, 5, 19, 25]
[1, 3, 7, 15, 21]
[1, 2, 8, 14, 20]
[16, 17, 18, 19, 20, 21, 22, 23, 24, 25, 26, 27, 28]


6
process id 6
stats
5, 15, 7, 100, 1000
20220819-193123
loosing coalitions taken
[1, 2, 7, 9]
[1, 4, 8, 13, 14]
[1, 3, 8, 11, 18]
[2, 3, 6, 14]
[2, 3, 5, 25]
[3, 4, 5, 18, 27]
[1, 5, 6, 12, 24]
[2, 4, 5, 20]
[1, 3, 7, 10, 24]
[2, 4, 6, 15, 21]
[2, 5, 6, 7, 16]
[3, 4, 6, 9, 22]
[1, 2, 10, 12, 13]
[1, 2, 8, 15, 17]
[16, 17, 18, 19, 20, 21, 22, 23, 24, 25, 26, 27, 28]


6
process id 0
stats
5, 15, 7, 100, 1000
20220819-193124
loosing coalitions taken
[2, 4, 6, 16, 19]
[1, 4, 8, 13, 14]
[1, 5, 6, 13, 23]
[3, 4, 6, 15, 17]
[1, 3, 9, 10, 11]
[1, 3, 8, 12, 19]
[2, 4, 5, 21, 28]
[1, 2, 8, 9, 22]
[3, 4, 5, 18, 27]
[1, 4, 7, 11, 17]
[1, 2, 10, 12, 14]
[2, 3, 6, 14]
[1, 3, 7, 16, 18]
[1, 2, 7, 13, 25]
[16, 17, 18, 19, 20, 21, 22, 23, 24, 25, 26, 27, 28]


6
process id 4
stats
5, 15, 7, 100, 1000
20220819-193127
loosing coalitions taken
[1, 5, 6, 13, 24]
[1, 4, 7, 11, 17]
[1, 2, 8, 15, 17]
[2, 4, 6, 12, 23]
[2, 4, 5, 20]
[3, 4, 6, 9, 22]
[1, 4, 8, 13, 14]
[1, 3, 8, 12, 18]
[2, 3, 5, 25]
[1, 2, 7, 16, 21]
[2, 3, 6, 14]
[1, 3, 7, 9, 24]
[1, 2, 10, 11, 13]
[3, 4, 5, 21, 23]
[16, 17, 18, 19, 20, 21, 22, 23, 24, 25, 26, 27, 28]


6
process id 1
stats
5, 15, 7, 100, 1000
20220819-193128
loosing coalitions taken
[3, 4, 6, 15, 17]
[1, 3, 8, 11, 19]
[2, 3, 7, 8, 10]
[2, 4, 6, 11, 24]
[1, 4, 8, 13, 14]
[2, 4, 5, 20]
[1, 5, 6, 12, 23]
[1, 4, 7, 9, 19]
[2, 3, 5, 25]
[2, 3, 6, 14]
[1, 3, 7, 15, 20]
[1, 3, 9, 10, 12]
[1, 2, 7, 16, 21]
[1, 2, 10, 11, 13]
[16, 17, 18, 19, 20, 21, 22, 23, 24, 25, 26, 27, 28]


6
process id 3
stats
5, 15, 7, 100, 1000
20220819-193128
loosing coalitions taken
[1, 2, 7, 13, 25]
[1, 3, 8, 12, 19]
[2, 4, 5, 20, 28]
[3, 4, 5, 19, 26]
[1, 4, 8, 10, 15]
[1, 3, 7, 15, 20]
[1, 4, 7, 9, 19]
[1, 3, 9, 10, 11]
[1, 5, 6, 16, 20]
[2, 4, 6, 11, 23]
[2, 3, 5, 25]
[1, 2, 8, 11, 21]
[3, 4, 6, 15, 17]
[1, 2, 9, 12, 14]
[16, 17, 18, 19, 20, 21, 22, 23, 24, 25, 26, 27, 28]


6
process id 2
stats
5, 15, 7, 100, 1000
20220819-193129
loosing coalitions taken
[1, 2, 7, 11, 27]
[3, 4, 6, 15, 17]
[1, 3, 9, 10, 11]
[2, 4, 5, 20]
[2, 3, 7, 8, 9]
[1, 5, 6, 12, 24]
[1, 2, 8, 15, 17]
[1, 2, 9, 12, 13]
[1, 3, 8, 12, 19]
[1, 4, 8, 13, 14]
[2, 3, 5, 25]
[2, 4, 6, 10, 24]
[2, 3, 6, 14]
[1, 3, 7, 16, 18]
[16, 17, 18, 19, 20, 21, 22, 23, 24, 25, 26, 27, 28]


6
process id 7
stats
5, 15, 7, 100, 1000
20220819-193130
loosing coalitions taken
[1, 5, 6, 10, 26]
[1, 2, 7, 9]
[2, 4, 6, 16, 19]
[1, 4, 8, 13, 14]
[3, 4, 6, 9, 22]
[3, 4, 5, 18, 26]
[1, 3, 7, 10, 24]
[1, 3, 8, 12, 19]
[2, 3, 5, 25]
[1, 2, 8, 15, 17]
[2, 3, 6, 14]
[2, 4, 5, 20]
[1, 2, 10, 11, 13]
[1, 4, 7, 11, 17]
[16, 17, 18, 19, 20, 21, 22, 23, 24, 25, 26, 27, 28]


6
process id 4
stats
5, 15, 7, 100, 1000
20220819-193130
loosing coalitions taken
[1, 3, 8, 12, 19]
[2, 4, 5, 20]
[1, 5, 6, 10, 26]
[1, 3, 9, 10, 11]
[3, 4, 6, 13, 21]
[1, 2, 7, 11, 27]
[1, 3, 7, 13, 22]
[1, 2, 8, 15, 17]
[1, 2, 10, 12, 13]
[2, 3, 7, 8, 9]
[1, 4, 7, 9, 19]
[3, 4, 5, 17, 27]
[2, 3, 5, 25]
[2, 3, 6, 14]
[16, 17, 18, 19, 20, 21, 22, 23, 24, 25, 26, 27, 28]


5
process id 2
stats
5, 15, 7, 100, 1000
20220819-193131
loosing coalitions taken
[2, 4, 5, 20]
[1, 2, 7, 17, 18]
[1, 5, 6, 9, 26]
[1, 2, 9, 11, 13]
[1, 3, 9, 10, 12]
[3, 4, 5, 17, 28]
[1, 4, 7, 8]
[2, 4, 6, 16, 18]
[2, 3, 6, 14]
[1, 3, 7, 14, 22]
[2, 5, 6, 8, 12]
[2, 3, 7, 8, 10]
[2, 3, 5, 26, 27]
[3, 4, 6, 11, 21]
[16, 17, 18, 19, 20, 21, 22, 23, 24, 25, 26, 27, 28]


6
process id 1
stats
5, 15, 7, 100, 1000
20220819-193132
loosing coalitions taken
[1, 5, 6, 11, 25]
[1, 4, 7, 10, 18]
[2, 4, 5, 21, 28]
[3, 4, 5, 18, 27]
[1, 2, 10, 12, 13]
[1, 2, 8, 14, 20]
[1, 3, 7, 14, 22]
[1, 3, 9, 10, 11]
[3, 4, 6, 15, 17]
[1, 2, 7, 9]
[2, 4, 6, 14, 22]
[2, 3, 6, 16, 24]
[2, 3, 5, 25]
[1, 3, 8, 12, 18]
[16, 17, 18, 19, 20, 21, 22, 23, 24, 25, 26, 27, 28]


6
process id 0
stats
5, 15, 7, 100, 1000
20220819-193133
loosing coalitions taken
[1, 5, 6, 16, 20]
[1, 4, 7, 10, 17]
[2, 3, 6, 16, 23]
[2, 3, 7, 8, 9]
[1, 4, 8, 9, 15]
[1, 2, 8, 11, 21]
[1, 3, 9, 10, 11]
[3, 4, 6, 14, 20]
[1, 3, 7, 16, 18]
[1, 3, 8, 12, 17]
[2, 4, 6, 13, 22]
[1, 2, 7, 14, 24]
[2, 3, 5, 25]
[1, 2, 9, 12, 13]
[16, 17, 18, 19, 20, 21, 22, 23, 24, 25, 26, 27, 28]


6
process id 6
stats
5, 15, 7, 100, 1000
20220819-193133
loosing coalitions taken
[1, 2, 7, 9]
[2, 4, 6, 14, 22]
[3, 4, 6, 13, 21]
[2, 4, 5, 20]
[1, 4, 8, 13, 14]
[1, 3, 8, 12, 17]
[1, 5, 6, 11, 25]
[2, 3, 5, 26, 27]
[2, 5, 6, 7, 16]
[1, 3, 7, 14, 22]
[1, 2, 10, 12, 13]
[3, 4, 5, 17, 28]
[1, 2, 8, 11, 21]
[2, 3, 7, 8, 10]
[16, 17, 18, 19, 20, 21, 22, 23, 24, 25, 26, 27, 28]


6
process id 7
stats
5, 15, 7, 100, 1000
20220819-193134
loosing coalitions taken
[1, 5, 6, 16, 20]
[1, 3, 8, 11, 17]
[2, 3, 6, 15, 27]
[1, 4, 8, 13, 14]
[2, 4, 5, 20]
[2, 3, 7, 8, 10]
[1, 2, 10, 11, 14]
[3, 4, 6, 9, 22]
[1, 3, 7, 16, 18]
[1, 2, 8, 12, 21]
[1, 2, 7, 9]
[3, 4, 5, 21, 23]
[2, 3, 5, 25]
[1, 3, 9, 10, 12]
[16, 17, 18, 19, 20, 21, 22, 23, 24, 25, 26, 27, 28]


6
process id 3
stats
5, 15, 7, 100, 1000
20220819-193134
loosing coalitions taken
[2, 4, 5, 20]
[2, 3, 6, 15, 26]
[1, 3, 7, 16, 17]
[1, 3, 8, 11, 18]
[1, 5, 6, 10, 26]
[1, 2, 10, 12, 13]
[1, 4, 8, 13, 14]
[1, 4, 7, 10, 19]
[1, 2, 8, 15, 17]
[2, 3, 7, 8, 9]
[2, 4, 6, 9, 24]
[3, 4, 6, 13, 21]
[1, 2, 7, 11, 27]
[2, 3, 5, 25]
[16, 17, 18, 19, 20, 21, 22, 23, 24, 25, 26, 27, 28]


6
process id 5
stats
5, 15, 7, 100, 1000
20220819-193135
loosing coalitions taken
[1, 4, 8, 13, 14]
[1, 2, 9, 11, 14]
[1, 5, 6, 10, 26]
[1, 4, 7, 10, 18]
[1, 2, 7, 13, 25]
[1, 3, 8, 11, 17]
[2, 4, 6, 16, 18]
[1, 3, 7, 14, 22]
[3, 4, 6, 9, 22]
[2, 3, 5, 25]
[2, 4, 5, 20]
[2, 3, 6, 14]
[3, 4, 5, 21, 24]
[2, 3, 7, 8, 9]
[16, 17, 18, 19, 20, 21, 22, 23, 24, 25, 26, 27, 28]


6
process id 1
stats
5, 15, 7, 100, 1000
20220819-193135
loosing coalitions taken
[1, 5, 6, 11, 25]
[1, 4, 8, 13, 14]
[1, 3, 7, 15, 21]
[1, 3, 8, 11, 19]
[2, 4, 6, 16, 19]
[3, 4, 6, 9, 22]
[2, 4, 5, 20]
[1, 4, 7, 10, 17]
[1, 3, 9, 10, 12]
[1, 2, 8, 15, 17]
[3, 4, 5, 21, 23]
[2, 3, 5, 25]
[2, 3, 6, 14]
[1, 2, 7, 13, 25]
[16, 17, 18, 19, 20, 21, 22, 23, 24, 25, 26, 27, 28]


6
process id 4
stats
5, 15, 7, 100, 1000
20220819-193135
loosing coalitions taken
[3, 4, 6, 15, 17]
[1, 3, 9, 10, 12]
[1, 5, 6, 9, 26]
[1, 3, 8, 11, 18]
[1, 4, 8, 13, 14]
[2, 3, 6, 16, 24]
[1, 2, 7, 13, 25]
[1, 3, 7, 14, 22]
[1, 2, 8, 15, 17]
[2, 4, 5, 21, 28]
[2, 3, 5, 25]
[2, 4, 6, 11, 23]
[1, 4, 7, 10, 18]
[1, 2, 10, 11, 14]
[16, 17, 18, 19, 20, 21, 22, 23, 24, 25, 26, 27, 28]


6
process id 6
stats
5, 15, 7, 100, 1000
20220819-193136
loosing coalitions taken
[2, 4, 6, 13, 22]
[2, 4, 5, 20]
[1, 2, 7, 9]
[1, 5, 6, 13, 24]
[2, 3, 6, 14]
[2, 3, 5, 25]
[1, 4, 7, 8]
[1, 2, 8, 11, 21]
[3, 4, 5, 17, 27]
[1, 3, 9, 10, 11]
[1, 3, 8, 12, 18]
[1, 2, 10, 12, 13]
[3, 5, 6, 7, 15]
[3, 4, 6, 12, 21]
[16, 17, 18, 19, 20, 21, 22, 23, 24, 25, 26, 27, 28]


6
process id 4
stats
5, 15, 7, 100, 1000
20220819-193139
loosing coalitions taken
[3, 4, 5, 17, 27]
[2, 4, 5, 20]
[3, 4, 6, 13, 21]
[1, 3, 8, 12, 18]
[2, 3, 6, 14]
[1, 5, 6, 12, 24]
[1, 2, 8, 11, 21]
[1, 3, 9, 10, 11]
[1, 3, 7, 14, 22]
[2, 4, 6, 9, 25]
[1, 4, 7, 8]
[1, 2, 7, 9]
[2, 3, 5, 25]
[1, 2, 10, 12, 13]
[16, 17, 18, 19, 20, 21, 22, 23, 24, 25, 26, 27, 28]


6
process id 2
stats
5, 15, 7, 100, 1000
20220819-193139
loosing coalitions taken
[1, 3, 8, 11, 19]
[1, 4, 7, 10, 19]
[3, 4, 6, 15, 17]
[2, 3, 7, 8, 10]
[1, 3, 9, 10, 12]
[1, 5, 6, 13, 24]
[2, 4, 5, 20]
[1, 2, 8, 15, 17]
[1, 2, 9, 11, 13]
[1, 4, 8, 13, 14]
[1, 3, 7, 14, 22]
[2, 3, 6, 14]
[2, 3, 5, 25]
[2, 4, 6, 9, 24]
[16, 17, 18, 19, 20, 21, 22, 23, 24, 25, 26, 27, 28]


5
process id 5
stats
5, 15, 7, 100, 1000
20220819-193139
loosing coalitions taken
[1, 3, 8, 11, 18]
[1, 5, 6, 11, 25]
[1, 3, 7, 15, 21]
[3, 4, 6, 13, 21]
[1, 2, 7, 12, 26]
[1, 4, 8, 13, 14]
[2, 3, 7, 8, 10]
[1, 3, 9, 10, 12]
[1, 2, 10, 11, 14]
[1, 4, 7, 10, 18]
[2, 4, 6, 12, 23]
[2, 3, 6, 14]
[3, 4, 5, 17, 27]
[2, 4, 5, 20]
[16, 17, 18, 19, 20, 21, 22, 23, 24, 25, 26, 27, 28]


6
process id 6
stats
5, 15, 7, 100, 1000
20220819-193140
loosing coalitions taken
[1, 3, 8, 15, 16]
[3, 4, 5, 21, 23]
[2, 4, 5, 20]
[1, 2, 7, 9]
[2, 3, 6, 14]
[1, 2, 8, 14, 20]
[2, 4, 6, 16, 19]
[1, 4, 7, 10, 19]
[2, 3, 5, 25]
[1, 5, 6, 13, 23]
[1, 2, 10, 12, 13]
[1, 3, 7, 14, 22]
[1, 3, 9, 10, 11]
[3, 4, 6, 15, 17]
[16, 17, 18, 19, 20, 21, 22, 23, 24, 25, 26, 27, 28]


6
process id 2
stats
5, 15, 7, 100, 1000
20220819-193141
loosing coalitions taken
[2, 4, 6, 12, 23]
[1, 3, 9, 10, 12]
[1, 5, 6, 16, 20]
[3, 4, 6, 13, 20]
[2, 4, 5, 20, 28]
[1, 2, 9, 11, 13]
[3, 4, 5, 19, 25]
[1, 3, 7, 15, 21]
[2, 3, 6, 14]
[1, 4, 7, 9, 18]
[1, 2, 7, 10, 27]
[1, 3, 8, 11, 18]
[1, 2, 8, 12, 21]
[1, 4, 8, 13, 14]
[16, 17, 18, 19, 20, 21, 22, 23, 24, 25, 26, 27, 28]


6
process id 7
stats
5, 15, 7, 100, 1000
20220819-193142
loosing coalitions taken
[1, 3, 9, 10, 12]
[1, 2, 8, 14, 20]
[3, 4, 6, 9, 22]
[1, 2, 7, 10, 28]
[3, 4, 5, 17, 26]
[2, 4, 5, 20]
[1, 2, 9, 11, 13]
[1, 5, 6, 13, 23]
[2, 3, 6, 14]
[2, 4, 6, 10, 24]
[1, 4, 7, 8]
[1, 3, 7, 11, 23]
[2, 3, 5, 25]
[2, 5, 6, 8, 11]
[16, 17, 18, 19, 20, 21, 22, 23, 24, 25, 26, 27, 28]


6
process id 0
stats
5, 15, 7, 100, 1000
20220819-193142
loosing coalitions taken
[3, 4, 5, 17, 27]
[1, 4, 7, 10, 19]
[1, 5, 6, 13, 23]
[2, 4, 5, 20, 28]
[1, 3, 8, 11, 18]
[1, 4, 8, 13, 14]
[1, 3, 7, 15, 20]
[1, 3, 9, 10, 12]
[2, 4, 6, 16, 17]
[1, 2, 8, 12, 21]
[1, 2, 10, 11, 13]
[2, 3, 5, 25]
[1, 2, 7, 9]
[3, 4, 6, 11, 21]
[16, 17, 18, 19, 20, 21, 22, 23, 24, 25, 26, 27, 28]


6
process id 4
stats
5, 15, 7, 100, 1000
20220819-193143
loosing coalitions taken
[1, 2, 7, 9]
[3, 4, 5, 19, 26]
[2, 3, 5, 25]
[1, 3, 8, 12, 17]
[1, 4, 8, 13, 14]
[2, 4, 6, 15, 21]
[3, 4, 6, 14, 20]
[1, 4, 7, 11, 17]
[1, 5, 6, 13, 23]
[1, 2, 10, 12, 13]
[2, 4, 5, 22, 24]
[2, 3, 6, 16, 23]
[2, 3, 7, 8, 10]
[1, 3, 7, 16, 18]
[16, 17, 18, 19, 20, 21, 22, 23, 24, 25, 26, 27, 28]


6
process id 7
stats
5, 15, 7, 100, 1000
20220819-193145
loosing coalitions taken
[1, 4, 7, 11, 17]
[1, 3, 7, 16, 18]
[1, 5, 6, 16, 20]
[1, 3, 8, 9, 20]
[1, 4, 8, 10, 15]
[3, 4, 6, 13, 21]
[2, 4, 5, 20]
[1, 2, 10, 12, 13]
[2, 3, 5, 25]
[3, 4, 5, 18, 27]
[2, 4, 6, 9, 25]
[2, 3, 6, 14]
[1, 2, 8, 11, 21]
[1, 2, 7, 9]
[16, 17, 18, 19, 20, 21, 22, 23, 24, 25, 26, 27, 28]


6
process id 5
stats
5, 15, 7, 100, 1000
20220819-193145
loosing coalitions taken
[1, 5, 6, 11, 25]
[1, 4, 8, 13, 14]
[1, 2, 7, 9]
[1, 3, 8, 11, 17]
[3, 4, 6, 12, 21]
[2, 3, 5, 25]
[2, 3, 6, 14]
[2, 4, 6, 15, 20]
[3, 4, 5, 18, 26]
[1, 2, 8, 12, 21]
[1, 3, 7, 14, 22]
[1, 2, 10, 11, 13]
[2, 4, 5, 21, 27]
[2, 5, 6, 7, 16]
[16, 17, 18, 19, 20, 21, 22, 23, 24, 25, 26, 27, 28]


6
process id 6
stats
5, 15, 7, 100, 1000
20220819-193147
loosing coalitions taken
[2, 4, 6, 16, 19]
[1, 3, 8, 11, 18]
[1, 4, 7, 10, 18]
[1, 5, 6, 13, 23]
[1, 4, 8, 13, 14]
[2, 4, 5, 20]
[3, 4, 5, 17, 27]
[2, 3, 6, 14]
[1, 3, 7, 16, 17]
[1, 2, 7, 9]
[2, 3, 5, 25]
[1, 2, 10, 11, 14]
[3, 4, 6, 9, 22]
[2, 5, 6, 8, 12]
[16, 17, 18, 19, 20, 21, 22, 23, 24, 25, 26, 27, 28]


6
process id 1
stats
5, 15, 7, 100, 1000
20220819-193148
loosing coalitions taken
[1, 2, 7, 10, 28]
[1, 3, 9, 10, 12]
[3, 4, 6, 13, 21]
[1, 2, 9, 11, 14]
[2, 4, 5, 20]
[1, 3, 7, 15, 21]
[1, 4, 8, 9, 15]
[1, 2, 8, 12, 21]
[2, 3, 6, 16, 23]
[2, 3, 5, 25]
[2, 4, 6, 14, 22]
[1, 5, 6, 11, 25]
[3, 4, 5, 17, 27]
[1, 3, 8, 11, 17]
[16, 17, 18, 19, 20, 21, 22, 23, 24, 25, 26, 27, 28]


6
process id 0
stats
5, 15, 7, 100, 1000
20220819-193148
loosing coalitions taken
[2, 4, 5, 20]
[1, 3, 7, 11, 23]
[1, 3, 8, 12, 19]
[3, 4, 6, 15, 17]
[1, 4, 8, 10, 15]
[1, 4, 7, 9, 18]
[1, 5, 6, 12, 24]
[1, 2, 7, 15, 22]
[3, 4, 5, 19, 25]
[2, 3, 6, 14]
[2, 4, 6, 9, 24]
[1, 2, 10, 12, 13]
[2, 3, 7, 8, 9]
[2, 3, 5, 27, 28]
[16, 17, 18, 19, 20, 21, 22, 23, 24, 25, 26, 27, 28]


6
process id 2
stats
5, 15, 7, 100, 1000
20220819-193148
loosing coalitions taken
[2, 3, 6, 16, 24]
[1, 5, 6, 13, 23]
[1, 3, 8, 12, 18]
[2, 3, 5, 25]
[1, 2, 8, 9, 22]
[1, 3, 9, 10, 11]
[1, 2, 7, 11, 26]
[1, 2, 10, 12, 13]
[3, 4, 6, 14, 20]
[1, 4, 8, 10, 15]
[1, 3, 7, 13, 22]
[2, 4, 6, 11, 23]
[2, 4, 5, 20]
[3, 4, 5, 18, 26]
[16, 17, 18, 19, 20, 21, 22, 23, 24, 25, 26, 27, 28]


6
process id 4
stats
5, 15, 7, 100, 1000
20220819-193149
loosing coalitions taken
[1, 2, 9, 12, 13]
[2, 4, 5, 20]
[1, 3, 8, 12, 18]
[1, 2, 7, 14, 24]
[1, 4, 7, 9, 19]
[1, 5, 6, 12, 24]
[2, 3, 7, 8, 10]
[1, 4, 8, 10, 15]
[1, 2, 8, 11, 21]
[3, 4, 5, 18, 27]
[2, 3, 5, 25]
[2, 4, 6, 16, 17]
[2, 3, 6, 14]
[3, 4, 6, 11, 21]
[16, 17, 18, 19, 20, 21, 22, 23, 24, 25, 26, 27, 28]


5
process id 3
stats
5, 15, 7, 100, 1000
20220819-193149
loosing coalitions taken
[1, 2, 7, 13, 25]
[2, 4, 5, 20]
[1, 2, 8, 12, 21]
[1, 3, 9, 10, 12]
[1, 5, 6, 10, 25]
[1, 4, 8, 13, 14]
[1, 4, 7, 10, 18]
[1, 3, 8, 11, 19]
[1, 3, 7, 15, 20]
[2, 3, 5, 25]
[2, 4, 6, 16, 18]
[2, 3, 6, 14]
[3, 4, 5, 21, 23]
[3, 4, 6, 13, 20]
[16, 17, 18, 19, 20, 21, 22, 23, 24, 25, 26, 27, 28]


6
process id 7
stats
5, 15, 7, 100, 1000
20220819-193149
loosing coalitions taken
[2, 4, 5, 20]
[1, 4, 7, 9, 18]
[1, 2, 8, 12, 21]
[1, 3, 8, 11, 17]
[1, 3, 9, 10, 12]
[1, 2, 7, 11, 27]
[1, 5, 6, 10, 25]
[1, 4, 8, 13, 14]
[3, 4, 6, 9, 22]
[1, 3, 7, 16, 19]
[2, 3, 6, 14]
[3, 4, 5, 19, 25]
[2, 4, 6, 12, 23]
[2, 3, 5, 27, 28]
[16, 17, 18, 19, 20, 21, 22, 23, 24, 25, 26, 27, 28]


6
process id 7
stats
5, 15, 7, 100, 1000
20220819-193151
loosing coalitions taken
[1, 5, 6, 16, 20]
[1, 2, 7, 9]
[1, 4, 8, 13, 14]
[2, 4, 5, 20]
[3, 4, 6, 15, 17]
[2, 4, 6, 16, 18]
[1, 2, 10, 12, 13]
[2, 3, 5, 25]
[1, 2, 8, 11, 21]
[1, 3, 7, 14, 22]
[1, 3, 8, 9, 20]
[2, 3, 6, 14]
[3, 4, 5, 18, 26]
[2, 3, 7, 8, 10]
[16, 17, 18, 19, 20, 21, 22, 23, 24, 25, 26, 27, 28]


6
process id 6
stats
5, 15, 7, 100, 1000
20220819-193151
loosing coalitions taken
[1, 2, 7, 11, 27]
[1, 3, 9, 10, 11]
[2, 4, 5, 20]
[2, 3, 7, 8, 10]
[1, 3, 8, 12, 19]
[1, 3, 7, 15, 21]
[1, 4, 7, 9, 18]
[1, 2, 9, 12, 13]
[1, 2, 8, 15, 17]
[2, 3, 5, 25]
[2, 3, 6, 14]
[3, 4, 5, 19, 26]
[1, 5, 6, 11, 23]
[2, 4, 6, 12, 23]
[16, 17, 18, 19, 20, 21, 22, 23, 24, 25, 26, 27, 28]


7
process id 5
stats
5, 15, 7, 100, 1000
20220819-193152
loosing coalitions taken
[2, 3, 5, 27, 28]
[1, 3, 8, 11, 19]
[1, 2, 10, 12, 13]
[1, 3, 7, 16, 18]
[3, 4, 5, 20, 23]
[1, 2, 7, 14, 24]
[2, 3, 6, 14]
[1, 5, 6, 9, 25]
[1, 4, 8, 10, 15]
[3, 4, 6, 12, 21]
[2, 4, 5, 21, 26]
[2, 4, 6, 16, 18]
[2, 3, 7, 8, 9]
[1, 4, 7, 9, 19]
[16, 17, 18, 19, 20, 21, 22, 23, 24, 25, 26, 27, 28]


