Results
Max overall: 15
Min avg pop: 0.645
Min pop: 0.649

5
process id 0
stats
5, 15, 7, 100, 1000
20220819-193156
loosing coalitions taken
[1, 4, 7, 11, 17]
[1, 5, 6, 13, 23]
[1, 3, 7, 16, 19]
[2, 3, 6, 15, 27]
[1, 2, 7, 9]
[3, 4, 6, 13, 21]
[3, 4, 5, 18, 27]
[1, 3, 8, 11, 18]
[2, 4, 5, 20]
[2, 3, 5, 25]
[1, 2, 8, 14, 20]
[2, 4, 6, 12, 23]
[1, 4, 8, 10, 15]
[2, 3, 7, 8, 10]
[16, 17, 18, 19, 20, 21, 22, 23, 24, 25, 26, 27, 28]


6
process id 1
stats
5, 15, 7, 100, 1000
20220819-193158
loosing coalitions taken
[1, 2, 7, 17, 19]
[2, 3, 6, 15, 27]
[1, 4, 8, 13, 14]
[1, 4, 7, 10, 18]
[1, 2, 10, 12, 13]
[1, 3, 7, 13, 22]
[2, 4, 5, 21, 28]
[2, 4, 6, 12, 23]
[3, 4, 6, 13, 21]
[2, 3, 5, 25]
[1, 5, 6, 9, 26]
[1, 3, 9, 10, 11]
[1, 2, 8, 9, 22]
[1, 3, 8, 15, 16]
[16, 17, 18, 19, 20, 21, 22, 23, 24, 25, 26, 27, 28]


6
process id 2
stats
5, 15, 7, 100, 1000
20220819-193158
loosing coalitions taken
[3, 4, 5, 17, 27]
[1, 2, 7, 9]
[3, 5, 6, 7, 15]
[2, 4, 6, 12, 23]
[2, 4, 5, 20]
[1, 4, 8, 10, 15]
[1, 5, 6, 10, 26]
[1, 3, 8, 11, 18]
[3, 4, 6, 14, 20]
[2, 3, 6, 16, 24]
[1, 3, 7, 16, 17]
[2, 3, 5, 25]
[1, 2, 8, 13, 20]
[1, 3, 9, 10, 12]
[16, 17, 18, 19, 20, 21, 22, 23, 24, 25, 26, 27, 28]


6
process id 2
stats
5, 15, 7, 100, 1000
20220819-193203
loosing coalitions taken
[2, 4, 5, 20]
[3, 4, 6, 9, 22]
[1, 3, 8, 12, 19]
[1, 2, 8, 15, 17]
[1, 5, 6, 13, 24]
[1, 3, 7, 15, 21]
[2, 3, 5, 25]
[2, 3, 6, 15, 27]
[2, 4, 6, 11, 23]
[1, 2, 10, 12, 13]
[1, 2, 7, 9]
[3, 4, 5, 18, 27]
[1, 4, 7, 11, 17]
[1, 4, 8, 13, 14]
[16, 17, 18, 19, 20, 21, 22, 23, 24, 25, 26, 27, 28]


6
process id 6
stats
5, 15, 7, 100, 1000
20220819-193205
loosing coalitions taken
[1, 3, 8, 12, 19]
[1, 4, 8, 10, 15]
[2, 4, 6, 16, 18]
[1, 5, 6, 13, 24]
[1, 2, 7, 9]
[2, 4, 5, 21, 27]
[1, 3, 7, 15, 21]
[2, 3, 5, 25]
[1, 2, 10, 12, 14]
[3, 4, 5, 19, 26]
[2, 3, 6, 15, 27]
[2, 3, 7, 8, 10]
[1, 3, 9, 10, 11]
[3, 4, 6, 9, 22]
[16, 17, 18, 19, 20, 21, 22, 23, 24, 25, 26, 27, 28]


6
process id 5
stats
5, 15, 7, 100, 1000
20220819-193205
loosing coalitions taken
[1, 3, 8, 12, 18]
[1, 5, 6, 13, 23]
[2, 3, 6, 16, 23]
[3, 4, 6, 9, 22]
[1, 4, 8, 10, 15]
[1, 2, 7, 9]
[1, 3, 7, 10, 24]
[2, 3, 5, 26, 28]
[3, 4, 5, 17, 27]
[2, 4, 6, 11, 24]
[1, 2, 10, 12, 14]
[2, 4, 5, 20]
[1, 2, 8, 13, 20]
[1, 4, 7, 11, 17]
[16, 17, 18, 19, 20, 21, 22, 23, 24, 25, 26, 27, 28]


6
process id 4
stats
5, 15, 7, 100, 1000
20220819-193206
loosing coalitions taken
[1, 2, 8, 9, 22]
[1, 5, 6, 16, 20]
[2, 4, 6, 12, 23]
[3, 4, 5, 21, 23]
[1, 3, 7, 15, 21]
[1, 2, 7, 13, 25]
[2, 3, 6, 15, 27]
[1, 3, 8, 12, 19]
[1, 2, 10, 12, 14]
[2, 3, 7, 8, 10]
[2, 3, 5, 25]
[3, 4, 6, 9, 22]
[1, 4, 8, 13, 14]
[1, 4, 7, 10, 18]
[16, 17, 18, 19, 20, 21, 22, 23, 24, 25, 26, 27, 28]


6
process id 1
stats
5, 15, 7, 100, 1000
20220819-193206
loosing coalitions taken
[2, 4, 6, 14, 22]
[3, 4, 5, 18, 27]
[1, 4, 8, 13, 14]
[1, 5, 6, 16, 20]
[3, 4, 6, 13, 21]
[1, 3, 7, 15, 21]
[1, 3, 8, 12, 18]
[1, 2, 10, 12, 13]
[1, 2, 8, 9, 22]
[2, 4, 5, 20]
[2, 3, 7, 8, 10]
[2, 3, 6, 16, 24]
[1, 4, 7, 11, 17]
[1, 3, 9, 10, 11]
[16, 17, 18, 19, 20, 21, 22, 23, 24, 25, 26, 27, 28]


6
process id 6
stats
5, 15, 7, 100, 1000
20220819-193209
loosing coalitions taken
[1, 5, 6, 13, 24]
[1, 3, 9, 10, 11]
[2, 4, 6, 13, 22]
[1, 3, 8, 12, 19]
[3, 4, 6, 14, 20]
[1, 4, 8, 13, 14]
[3, 4, 5, 17, 28]
[2, 4, 5, 20]
[1, 2, 8, 9, 22]
[1, 2, 7, 11, 27]
[1, 3, 7, 15, 21]
[1, 2, 10, 12, 13]
[2, 3, 6, 15, 27]
[1, 4, 7, 10, 18]
[16, 17, 18, 19, 20, 21, 22, 23, 24, 25, 26, 27, 28]


6
process id 4
stats
5, 15, 7, 100, 1000
20220819-193209
loosing coalitions taken
[1, 3, 7, 16, 19]
[2, 4, 5, 20]
[1, 5, 6, 10, 26]
[1, 2, 7, 9]
[3, 4, 6, 13, 21]
[2, 3, 6, 15, 27]
[2, 3, 5, 25]
[2, 3, 7, 8, 10]
[1, 2, 8, 14, 20]
[1, 3, 9, 10, 11]
[1, 3, 8, 12, 17]
[2, 4, 6, 14, 22]
[2, 5, 6, 7, 16]
[1, 2, 10, 12, 13]
[16, 17, 18, 19, 20, 21, 22, 23, 24, 25, 26, 27, 28]


6
process id 7
stats
5, 15, 7, 100, 1000
20220819-193210
loosing coalitions taken
[1, 4, 7, 11, 17]
[1, 3, 8, 15, 16]
[3, 4, 5, 17, 27]
[1, 3, 7, 14, 22]
[1, 2, 9, 12, 14]
[2, 4, 6, 12, 23]
[3, 4, 6, 9, 22]
[1, 3, 9, 10, 11]
[1, 4, 8, 13, 14]
[1, 5, 6, 13, 23]
[2, 4, 5, 20]
[2, 3, 7, 8, 10]
[1, 2, 7, 16, 21]
[2, 3, 6, 15, 27]
[16, 17, 18, 19, 20, 21, 22, 23, 24, 25, 26, 27, 28]


6
process id 1
stats
5, 15, 7, 100, 1000
20220819-193210
loosing coalitions taken
[2, 4, 6, 11, 24]
[1, 3, 8, 15, 16]
[2, 4, 5, 20]
[1, 5, 6, 13, 23]
[1, 2, 7, 9]
[1, 4, 7, 10, 18]
[2, 3, 5, 25]
[3, 4, 5, 21, 24]
[1, 2, 10, 12, 14]
[3, 4, 6, 15, 17]
[2, 3, 6, 16, 23]
[1, 2, 8, 13, 20]
[2, 3, 7, 8, 10]
[1, 3, 7, 11, 23]
[16, 17, 18, 19, 20, 21, 22, 23, 24, 25, 26, 27, 28]


6
process id 2
stats
5, 15, 7, 100, 1000
20220819-193212
loosing coalitions taken
[1, 3, 8, 12, 18]
[1, 4, 8, 10, 15]
[1, 5, 6, 13, 24]
[2, 4, 5, 20]
[1, 2, 7, 9]
[1, 3, 7, 15, 21]
[2, 3, 5, 25]
[3, 4, 5, 18, 27]
[2, 3, 6, 16, 24]
[2, 4, 6, 9, 25]
[2, 3, 7, 8, 10]
[1, 2, 10, 12, 13]
[3, 4, 6, 14, 20]
[1, 4, 7, 11, 17]
[16, 17, 18, 19, 20, 21, 22, 23, 24, 25, 26, 27, 28]


6
process id 5
stats
5, 15, 7, 100, 1000
20220819-193212
loosing coalitions taken
[1, 2, 7, 9]
[2, 4, 5, 20]
[1, 5, 6, 13, 23]
[2, 3, 6, 15, 27]
[1, 3, 9, 10, 12]
[1, 3, 7, 16, 19]
[1, 2, 8, 13, 20]
[2, 3, 5, 25]
[3, 4, 6, 9, 22]
[3, 4, 5, 17, 26]
[2, 4, 6, 11, 23]
[1, 4, 8, 10, 15]
[1, 2, 10, 11, 14]
[1, 3, 8, 11, 17]
[16, 17, 18, 19, 20, 21, 22, 23, 24, 25, 26, 27, 28]


6
process id 0
stats
5, 15, 7, 100, 1000
20220819-193212
loosing coalitions taken
[1, 4, 7, 10, 18]
[1, 2, 7, 11, 27]
[1, 4, 8, 13, 14]
[1, 2, 10, 12, 14]
[1, 3, 7, 14, 22]
[1, 3, 8, 12, 19]
[3, 4, 6, 13, 21]
[1, 3, 9, 10, 11]
[2, 4, 6, 11, 23]
[1, 2, 8, 9, 22]
[2, 4, 5, 20]
[2, 3, 6, 15, 26]
[1, 5, 6, 13, 24]
[2, 3, 7, 8, 10]
[16, 17, 18, 19, 20, 21, 22, 23, 24, 25, 26, 27, 28]


5
process id 6
stats
5, 15, 7, 100, 1000
20220819-193213
loosing coalitions taken
[2, 4, 6, 11, 23]
[1, 2, 10, 12, 14]
[1, 3, 7, 13, 22]
[3, 4, 6, 14, 20]
[2, 4, 5, 20]
[1, 2, 7, 9]
[1, 4, 8, 10, 15]
[3, 5, 6, 7, 15]
[1, 3, 8, 12, 18]
[2, 3, 5, 25]
[1, 2, 8, 13, 20]
[3, 4, 5, 18, 27]
[1, 3, 9, 10, 11]
[1, 5, 6, 11, 25]
[16, 17, 18, 19, 20, 21, 22, 23, 24, 25, 26, 27, 28]


6
process id 1
stats
5, 15, 7, 100, 1000
20220819-193214
loosing coalitions taken
[1, 3, 7, 11, 23]
[2, 4, 5, 20]
[1, 3, 8, 15, 16]
[1, 2, 7, 9]
[3, 4, 6, 13, 21]
[2, 3, 5, 25]
[3, 4, 5, 19, 26]
[1, 4, 8, 13, 14]
[1, 5, 6, 16, 20]
[2, 3, 6, 16, 23]
[1, 2, 10, 11, 14]
[2, 4, 6, 9, 25]
[1, 4, 7, 10, 18]
[1, 3, 9, 10, 12]
[16, 17, 18, 19, 20, 21, 22, 23, 24, 25, 26, 27, 28]


6
process id 5
stats
5, 15, 7, 100, 1000
20220819-193214
loosing coalitions taken
[1, 2, 10, 11, 14]
[3, 4, 6, 9, 22]
[1, 4, 8, 10, 15]
[1, 5, 6, 13, 24]
[1, 3, 8, 11, 19]
[1, 2, 7, 9]
[2, 4, 5, 20]
[2, 3, 5, 25]
[3, 4, 5, 17, 26]
[3, 5, 6, 7, 15]
[2, 4, 6, 16, 18]
[1, 2, 8, 13, 20]
[1, 3, 9, 10, 12]
[1, 4, 7, 11, 17]
[16, 17, 18, 19, 20, 21, 22, 23, 24, 25, 26, 27, 28]


6
process id 2
stats
5, 15, 7, 100, 1000
20220819-193216
loosing coalitions taken
[2, 3, 5, 27, 28]
[2, 4, 5, 20]
[1, 3, 7, 16, 18]
[1, 3, 8, 12, 19]
[1, 2, 10, 12, 14]
[1, 4, 8, 10, 15]
[1, 2, 8, 9, 22]
[1, 5, 6, 13, 24]
[1, 2, 7, 13, 25]
[2, 4, 6, 15, 21]
[1, 4, 7, 11, 17]
[2, 3, 7, 8, 10]
[3, 4, 6, 13, 20]
[2, 3, 6, 16, 24]
[16, 17, 18, 19, 20, 21, 22, 23, 24, 25, 26, 27, 28]


6
process id 5
stats
5, 15, 7, 100, 1000
20220819-193217
loosing coalitions taken
[1, 5, 6, 13, 23]
[1, 2, 10, 11, 14]
[3, 4, 6, 9, 22]
[2, 3, 6, 15, 27]
[3, 4, 5, 18, 27]
[1, 3, 8, 12, 18]
[1, 2, 7, 9]
[1, 3, 7, 15, 21]
[2, 4, 6, 16, 18]
[1, 4, 7, 11, 17]
[2, 3, 7, 8, 10]
[2, 3, 5, 25]
[2, 4, 5, 20]
[1, 4, 8, 10, 15]
[16, 17, 18, 19, 20, 21, 22, 23, 24, 25, 26, 27, 28]


7
process id 3
stats
5, 15, 7, 100, 1000
20220819-193217
loosing coalitions taken
[1, 2, 8, 15, 17]
[2, 3, 6, 15, 27]
[1, 3, 8, 12, 19]
[2, 4, 5, 20]
[2, 4, 6, 16, 18]
[1, 2, 7, 9]
[1, 3, 7, 15, 21]
[3, 4, 5, 19, 26]
[2, 3, 7, 8, 10]
[1, 2, 10, 11, 14]
[1, 5, 6, 13, 23]
[2, 3, 5, 25]
[3, 4, 6, 9, 22]
[1, 4, 7, 10, 19]
[16, 17, 18, 19, 20, 21, 22, 23, 24, 25, 26, 27, 28]


6
process id 4
stats
5, 15, 7, 100, 1000
20220819-193218
loosing coalitions taken
[1, 4, 7, 11, 17]
[1, 3, 8, 11, 18]
[2, 4, 5, 20]
[2, 3, 6, 15, 27]
[1, 5, 6, 13, 23]
[1, 4, 8, 13, 14]
[1, 2, 7, 9]
[2, 4, 6, 13, 22]
[2, 3, 5, 25]
[1, 3, 7, 16, 19]
[3, 4, 5, 19, 26]
[1, 2, 10, 11, 14]
[2, 3, 7, 8, 10]
[3, 4, 6, 14, 20]
[16, 17, 18, 19, 20, 21, 22, 23, 24, 25, 26, 27, 28]


6
process id 0
stats
5, 15, 7, 100, 1000
20220819-193219
loosing coalitions taken
[1, 2, 10, 12, 14]
[1, 3, 7, 14, 22]
[1, 2, 8, 9, 22]
[1, 4, 7, 11, 17]
[2, 3, 6, 15, 27]
[3, 4, 6, 13, 21]
[1, 2, 7, 13, 25]
[1, 5, 6, 10, 26]
[2, 4, 5, 20]
[1, 3, 8, 12, 19]
[2, 3, 5, 25]
[2, 4, 6, 16, 17]
[1, 4, 8, 10, 15]
[3, 4, 5, 17, 27]
[16, 17, 18, 19, 20, 21, 22, 23, 24, 25, 26, 27, 28]


5
process id 6
stats
5, 15, 7, 100, 1000
20220819-193219
loosing coalitions taken
[2, 4, 6, 11, 23]
[1, 4, 7, 10, 19]
[1, 5, 6, 13, 24]
[2, 4, 5, 20]
[1, 3, 8, 12, 19]
[1, 2, 8, 9, 22]
[1, 2, 7, 11, 27]
[1, 3, 7, 14, 22]
[1, 3, 9, 10, 11]
[1, 4, 8, 13, 14]
[2, 3, 6, 16, 24]
[2, 3, 7, 8, 10]
[1, 2, 10, 12, 14]
[3, 4, 6, 13, 21]
[16, 17, 18, 19, 20, 21, 22, 23, 24, 25, 26, 27, 28]


7
process id 7
stats
5, 15, 7, 100, 1000
20220819-193220
loosing coalitions taken
[2, 4, 5, 20]
[3, 4, 6, 9, 22]
[1, 3, 8, 12, 18]
[1, 2, 7, 9]
[1, 4, 8, 10, 15]
[1, 2, 10, 11, 14]
[2, 3, 5, 25]
[1, 5, 6, 13, 23]
[3, 4, 5, 18, 26]
[1, 3, 7, 15, 21]
[2, 4, 6, 16, 17]
[1, 2, 8, 13, 20]
[2, 3, 6, 15, 27]
[2, 3, 7, 8, 10]
[16, 17, 18, 19, 20, 21, 22, 23, 24, 25, 26, 27, 28]


6
process id 0
stats
5, 15, 7, 100, 1000
20220819-193223
loosing coalitions taken
[1, 2, 7, 11, 27]
[1, 5, 6, 13, 24]
[3, 4, 6, 13, 21]
[2, 4, 5, 20]
[1, 3, 9, 10, 11]
[1, 2, 8, 15, 17]
[2, 3, 6, 16, 24]
[1, 3, 8, 12, 18]
[1, 4, 7, 10, 19]
[1, 4, 8, 13, 14]
[1, 3, 7, 16, 17]
[2, 3, 5, 25]
[3, 4, 5, 18, 26]
[1, 2, 10, 12, 14]
[16, 17, 18, 19, 20, 21, 22, 23, 24, 25, 26, 27, 28]


6
process id 1
stats
5, 15, 7, 100, 1000
20220819-193224
loosing coalitions taken
[3, 4, 6, 13, 21]
[2, 3, 6, 15, 27]
[1, 5, 6, 11, 25]
[1, 3, 8, 15, 16]
[1, 4, 7, 11, 17]
[1, 2, 7, 13, 25]
[1, 4, 8, 13, 14]
[1, 2, 10, 11, 14]
[2, 4, 6, 11, 23]
[1, 2, 8, 9, 22]
[3, 4, 5, 17, 26]
[2, 4, 5, 20]
[1, 3, 9, 10, 12]
[1, 3, 7, 14, 22]
[16, 17, 18, 19, 20, 21, 22, 23, 24, 25, 26, 27, 28]


6
process id 7
stats
5, 15, 7, 100, 1000
20220819-193225
loosing coalitions taken
[2, 3, 6, 15, 27]
[3, 4, 6, 13, 21]
[1, 4, 8, 13, 14]
[1, 2, 7, 9]
[1, 5, 6, 10, 26]
[2, 3, 5, 25]
[1, 3, 8, 11, 19]
[2, 4, 5, 20]
[1, 4, 7, 11, 17]
[2, 4, 6, 11, 23]
[1, 2, 10, 12, 14]
[3, 4, 5, 18, 27]
[2, 3, 7, 8, 10]
[1, 3, 7, 13, 22]
[16, 17, 18, 19, 20, 21, 22, 23, 24, 25, 26, 27, 28]


6
process id 2
stats
5, 15, 7, 100, 1000
20220819-193227
loosing coalitions taken
[1, 5, 6, 13, 23]
[1, 3, 7, 16, 18]
[3, 4, 6, 15, 17]
[1, 2, 10, 12, 13]
[1, 2, 7, 15, 22]
[3, 4, 5, 21, 23]
[2, 4, 6, 12, 23]
[2, 4, 5, 20]
[1, 4, 8, 10, 15]
[1, 3, 8, 12, 19]
[1, 3, 9, 10, 11]
[2, 3, 7, 8, 10]
[1, 4, 7, 11, 17]
[2, 3, 6, 16, 24]
[16, 17, 18, 19, 20, 21, 22, 23, 24, 25, 26, 27, 28]


6
process id 4
stats
5, 15, 7, 100, 1000
20220819-193227
loosing coalitions taken
[1, 2, 10, 12, 14]
[1, 3, 7, 14, 22]
[3, 4, 6, 13, 21]
[2, 3, 6, 15, 27]
[1, 5, 6, 11, 25]
[1, 3, 8, 15, 16]
[2, 4, 5, 20]
[1, 2, 7, 17, 19]
[1, 4, 8, 13, 14]
[1, 3, 9, 10, 11]
[2, 3, 7, 8, 10]
[2, 3, 5, 25]
[2, 4, 6, 9, 25]
[1, 2, 8, 9, 22]
[16, 17, 18, 19, 20, 21, 22, 23, 24, 25, 26, 27, 28]


6
process id 7
stats
5, 15, 7, 100, 1000
20220819-193227
loosing coalitions taken
[1, 2, 7, 9]
[3, 4, 5, 18, 27]
[2, 4, 5, 20]
[3, 5, 6, 7, 15]
[1, 3, 8, 12, 18]
[3, 4, 6, 13, 21]
[2, 3, 6, 16, 24]
[1, 3, 7, 16, 19]
[2, 3, 5, 25]
[1, 4, 8, 10, 15]
[1, 3, 9, 10, 11]
[1, 2, 8, 14, 20]
[1, 5, 6, 9, 26]
[2, 4, 6, 14, 22]
[16, 17, 18, 19, 20, 21, 22, 23, 24, 25, 26, 27, 28]


6
process id 1
stats
5, 15, 7, 100, 1000
20220819-193229
loosing coalitions taken
[1, 2, 10, 11, 14]
[3, 4, 5, 19, 26]
[2, 4, 5, 20]
[3, 4, 6, 9, 22]
[1, 2, 7, 9]
[1, 5, 6, 10, 26]
[1, 3, 8, 11, 19]
[2, 3, 6, 15, 27]
[2, 3, 5, 25]
[2, 3, 7, 8, 10]
[2, 4, 6, 11, 24]
[1, 2, 8, 13, 20]
[1, 3, 7, 16, 17]
[2, 5, 6, 7, 16]
[16, 17, 18, 19, 20, 21, 22, 23, 24, 25, 26, 27, 28]


6
process id 4
stats
5, 15, 7, 100, 1000
20220819-193231
loosing coalitions taken
[2, 4, 6, 14, 22]
[2, 4, 5, 20]
[3, 4, 6, 15, 17]
[1, 5, 6, 10, 26]
[1, 2, 7, 9]
[1, 4, 8, 13, 14]
[2, 3, 6, 16, 23]
[2, 3, 5, 25]
[1, 3, 9, 10, 12]
[3, 4, 5, 21, 24]
[1, 4, 7, 11, 17]
[1, 3, 7, 16, 18]
[1, 2, 10, 11, 14]
[2, 3, 7, 8, 10]
[16, 17, 18, 19, 20, 21, 22, 23, 24, 25, 26, 27, 28]


6
process id 3
stats
5, 15, 7, 100, 1000
20220819-193231
loosing coalitions taken
[1, 2, 7, 9]
[2, 4, 5, 20]
[3, 4, 6, 15, 17]
[3, 4, 5, 19, 26]
[1, 3, 7, 14, 22]
[2, 3, 5, 27, 28]
[2, 3, 6, 16, 24]
[1, 4, 7, 11, 17]
[1, 2, 10, 11, 14]
[1, 4, 8, 10, 15]
[1, 5, 6, 13, 24]
[2, 4, 6, 14, 22]
[1, 3, 8, 9, 20]
[2, 3, 7, 8, 10]
[16, 17, 18, 19, 20, 21, 22, 23, 24, 25, 26, 27, 28]


6
process id 6
stats
5, 15, 7, 100, 1000
20220819-193231
loosing coalitions taken
[1, 5, 6, 10, 26]
[1, 2, 7, 12, 26]
[1, 2, 8, 9, 22]
[1, 4, 7, 11, 17]
[1, 3, 7, 16, 18]
[1, 2, 10, 11, 14]
[3, 4, 6, 13, 21]
[2, 3, 6, 15, 27]
[1, 3, 8, 12, 19]
[2, 3, 5, 25]
[2, 4, 5, 21, 27]
[1, 4, 8, 13, 14]
[2, 4, 6, 16, 17]
[2, 3, 7, 8, 10]
[16, 17, 18, 19, 20, 21, 22, 23, 24, 25, 26, 27, 28]


6
process id 1
stats
5, 15, 7, 100, 1000
20220819-193232
loosing coalitions taken
[1, 3, 8, 15, 16]
[1, 3, 7, 13, 22]
[2, 4, 5, 20]
[3, 4, 6, 15, 17]
[1, 5, 6, 13, 24]
[1, 4, 7, 10, 19]
[1, 2, 9, 12, 14]
[1, 4, 8, 13, 14]
[1, 3, 9, 10, 11]
[2, 3, 5, 25]
[3, 4, 5, 21, 23]
[2, 4, 6, 11, 23]
[2, 3, 7, 8, 10]
[1, 2, 7, 17, 18]
[16, 17, 18, 19, 20, 21, 22, 23, 24, 25, 26, 27, 28]


6
process id 2
stats
5, 15, 7, 100, 1000
20220819-193232
loosing coalitions taken
[1, 5, 6, 13, 24]
[3, 5, 6, 7, 15]
[1, 3, 8, 12, 18]
[2, 3, 7, 8, 10]
[1, 3, 7, 11, 23]
[2, 4, 6, 16, 18]
[1, 2, 10, 12, 14]
[2, 4, 5, 20]
[3, 4, 5, 19, 26]
[1, 4, 8, 10, 15]
[3, 4, 6, 9, 22]
[2, 3, 5, 25]
[1, 2, 8, 13, 20]
[1, 2, 7, 9]
[16, 17, 18, 19, 20, 21, 22, 23, 24, 25, 26, 27, 28]


6
process id 0
stats
5, 15, 7, 100, 1000
20220819-193235
loosing coalitions taken
[2, 4, 5, 20]
[1, 3, 7, 14, 22]
[1, 3, 8, 11, 18]
[1, 2, 8, 9, 22]
[1, 2, 7, 13, 25]
[1, 5, 6, 9, 26]
[2, 3, 7, 8, 10]
[1, 2, 10, 12, 14]
[3, 4, 6, 9, 22]
[2, 3, 5, 25]
[3, 4, 5, 17, 26]
[2, 4, 6, 16, 19]
[1, 4, 7, 11, 17]
[1, 4, 8, 13, 14]
[16, 17, 18, 19, 20, 21, 22, 23, 24, 25, 26, 27, 28]


6
process id 2
stats
5, 15, 7, 100, 1000
20220819-193236
loosing coalitions taken
[2, 4, 6, 12, 23]
[1, 2, 7, 11, 27]
[1, 3, 8, 11, 18]
[1, 5, 6, 13, 23]
[2, 3, 6, 15, 27]
[2, 4, 5, 20]
[1, 3, 9, 10, 12]
[3, 4, 6, 13, 21]
[1, 3, 7, 13, 22]
[2, 3, 7, 8, 10]
[2, 3, 5, 25]
[1, 2, 8, 14, 20]
[1, 4, 7, 10, 18]
[3, 4, 5, 17, 26]
[16, 17, 18, 19, 20, 21, 22, 23, 24, 25, 26, 27, 28]


6
process id 1
stats
5, 15, 7, 100, 1000
20220819-193236
loosing coalitions taken
[2, 4, 6, 12, 23]
[1, 3, 8, 12, 18]
[1, 2, 8, 9, 22]
[1, 4, 7, 11, 17]
[2, 3, 6, 15, 27]
[1, 2, 7, 13, 25]
[2, 4, 5, 20]
[1, 5, 6, 13, 23]
[1, 2, 10, 11, 14]
[3, 4, 6, 14, 20]
[3, 4, 5, 18, 27]
[2, 3, 5, 25]
[1, 3, 7, 16, 19]
[1, 4, 8, 10, 15]
[16, 17, 18, 19, 20, 21, 22, 23, 24, 25, 26, 27, 28]


6
process id 3
stats
5, 15, 7, 100, 1000
20220819-193237
loosing coalitions taken
[3, 4, 6, 13, 21]
[2, 4, 5, 20]
[1, 3, 9, 10, 11]
[1, 2, 7, 11, 27]
[1, 3, 7, 15, 21]
[1, 2, 8, 15, 17]
[1, 5, 6, 11, 25]
[1, 4, 7, 10, 19]
[1, 2, 10, 12, 14]
[2, 3, 6, 16, 24]
[1, 4, 8, 13, 14]
[2, 3, 5, 25]
[3, 4, 5, 17, 26]
[1, 3, 8, 12, 19]
[16, 17, 18, 19, 20, 21, 22, 23, 24, 25, 26, 27, 28]


6
process id 4
stats
5, 15, 7, 100, 1000
20220819-193238
loosing coalitions taken
[1, 2, 7, 9]
[2, 3, 6, 15, 27]
[1, 5, 6, 13, 23]
[2, 4, 6, 16, 18]
[1, 3, 8, 12, 19]
[2, 4, 5, 21, 28]
[1, 4, 8, 10, 15]
[1, 2, 10, 11, 14]
[2, 3, 5, 25]
[1, 3, 7, 11, 23]
[2, 3, 7, 8, 10]
[3, 4, 5, 19, 26]
[1, 2, 8, 13, 20]
[3, 4, 6, 13, 21]
[16, 17, 18, 19, 20, 21, 22, 23, 24, 25, 26, 27, 28]


6
process id 6
stats
5, 15, 7, 100, 1000
20220819-193238
loosing coalitions taken
[1, 3, 7, 11, 23]
[3, 4, 6, 15, 17]
[1, 2, 9, 12, 14]
[2, 3, 5, 26, 28]
[2, 4, 6, 14, 22]
[1, 4, 8, 13, 14]
[1, 5, 6, 13, 24]
[1, 2, 7, 13, 25]
[1, 4, 7, 10, 18]
[3, 4, 5, 18, 27]
[2, 4, 5, 20]
[2, 3, 6, 16, 23]
[1, 3, 8, 12, 17]
[2, 3, 7, 8, 10]
[16, 17, 18, 19, 20, 21, 22, 23, 24, 25, 26, 27, 28]


6
process id 0
stats
5, 15, 7, 100, 1000
20220819-193238
loosing coalitions taken
[2, 4, 6, 11, 23]
[1, 3, 7, 15, 21]
[1, 5, 6, 11, 25]
[1, 3, 8, 12, 19]
[1, 2, 7, 17, 19]
[1, 4, 8, 10, 15]
[2, 4, 5, 20]
[1, 3, 9, 10, 11]
[2, 3, 6, 15, 27]
[2, 3, 5, 25]
[3, 4, 5, 17, 28]
[1, 2, 10, 12, 14]
[2, 5, 6, 7, 16]
[3, 4, 6, 9, 22]
[16, 17, 18, 19, 20, 21, 22, 23, 24, 25, 26, 27, 28]


6
process id 7
stats
5, 15, 7, 100, 1000
20220819-193239
loosing coalitions taken
[1, 5, 6, 13, 23]
[2, 3, 6, 15, 27]
[1, 2, 10, 12, 14]
[2, 4, 6, 11, 23]
[3, 4, 6, 9, 22]
[1, 3, 8, 12, 19]
[2, 4, 5, 20]
[1, 4, 7, 10, 18]
[1, 2, 7, 11, 26]
[1, 3, 7, 16, 17]
[1, 4, 8, 13, 14]
[1, 3, 9, 10, 11]
[1, 2, 8, 9, 22]
[2, 3, 7, 8, 10]
[16, 17, 18, 19, 20, 21, 22, 23, 24, 25, 26, 27, 28]


6
process id 5
stats
5, 15, 7, 100, 1000
20220819-193239
loosing coalitions taken
[1, 5, 6, 13, 23]
[2, 4, 6, 16, 18]
[1, 3, 8, 12, 18]
[1, 3, 7, 14, 22]
[1, 3, 9, 10, 11]
[3, 4, 6, 13, 21]
[1, 4, 7, 10, 19]
[1, 2, 7, 11, 26]
[1, 2, 10, 12, 14]
[1, 4, 8, 13, 14]
[2, 4, 5, 20]
[2, 3, 6, 15, 26]
[1, 2, 8, 9, 22]
[2, 3, 7, 8, 10]
[16, 17, 18, 19, 20, 21, 22, 23, 24, 25, 26, 27, 28]


6
process id 2
stats
5, 15, 7, 100, 1000
20220819-193239
loosing coalitions taken
[2, 4, 6, 11, 23]
[2, 4, 5, 20]
[2, 3, 6, 15, 27]
[3, 4, 6, 13, 21]
[1, 3, 8, 15, 16]
[1, 5, 6, 11, 25]
[1, 4, 7, 10, 19]
[2, 3, 5, 25]
[1, 2, 7, 17, 18]
[1, 2, 8, 9, 22]
[3, 4, 5, 17, 28]
[1, 3, 9, 10, 11]
[2, 5, 6, 7, 16]
[1, 4, 8, 13, 14]
[16, 17, 18, 19, 20, 21, 22, 23, 24, 25, 26, 27, 28]


5
process id 3
stats
5, 15, 7, 100, 1000
20220819-193240
loosing coalitions taken
[1, 5, 6, 13, 24]
[3, 5, 6, 7, 15]
[1, 3, 8, 12, 18]
[3, 4, 6, 9, 22]
[1, 2, 7, 17, 18]
[1, 3, 7, 16, 19]
[1, 4, 8, 13, 14]
[1, 2, 8, 9, 22]
[1, 3, 9, 10, 11]
[3, 4, 5, 21, 23]
[2, 4, 5, 20]
[2, 3, 6, 16, 23]
[2, 3, 7, 8, 10]
[1, 2, 10, 12, 13]
[16, 17, 18, 19, 20, 21, 22, 23, 24, 25, 26, 27, 28]


5
process id 0
stats
5, 15, 7, 100, 1000
20220819-193240
loosing coalitions taken
[1, 2, 7, 9]
[3, 4, 5, 18, 27]
[2, 4, 5, 20]
[3, 4, 6, 13, 21]
[1, 5, 6, 13, 23]
[1, 4, 8, 13, 14]
[1, 3, 8, 9, 20]
[2, 4, 6, 16, 18]
[2, 3, 5, 25]
[2, 3, 6, 15, 27]
[1, 2, 10, 12, 14]
[2, 3, 7, 8, 10]
[1, 3, 7, 14, 22]
[1, 4, 7, 10, 19]
[16, 17, 18, 19, 20, 21, 22, 23, 24, 25, 26, 27, 28]


5
process id 1
stats
5, 15, 7, 100, 1000
20220819-193241
loosing coalitions taken
[3, 4, 6, 9, 22]
[1, 4, 8, 10, 15]
[1, 3, 7, 13, 22]
[1, 3, 8, 11, 18]
[1, 4, 7, 11, 17]
[2, 4, 6, 11, 23]
[1, 5, 6, 16, 20]
[2, 3, 5, 25]
[1, 2, 8, 13, 20]
[2, 3, 7, 8, 10]
[2, 4, 5, 20]
[3, 4, 5, 21, 24]
[1, 2, 7, 9]
[2, 3, 6, 16, 24]
[16, 17, 18, 19, 20, 21, 22, 23, 24, 25, 26, 27, 28]


6
process id 4
stats
5, 15, 7, 100, 1000
20220819-193242
loosing coalitions taken
[1, 5, 6, 13, 24]
[1, 2, 7, 9]
[2, 3, 6, 15, 27]
[3, 4, 6, 9, 22]
[1, 4, 8, 10, 15]
[1, 3, 8, 11, 19]
[2, 4, 6, 16, 18]
[2, 3, 5, 25]
[3, 4, 5, 18, 26]
[2, 4, 5, 20]
[2, 3, 7, 8, 10]
[1, 3, 7, 15, 21]
[1, 2, 8, 14, 20]
[1, 3, 9, 10, 12]
[16, 17, 18, 19, 20, 21, 22, 23, 24, 25, 26, 27, 28]


5
process id 5
stats
5, 15, 7, 100, 1000
20220819-193242
loosing coalitions taken
[1, 2, 7, 17, 19]
[2, 4, 6, 14, 22]
[3, 4, 5, 19, 26]
[2, 4, 5, 20]
[1, 4, 8, 13, 14]
[1, 3, 8, 15, 16]
[2, 3, 6, 16, 24]
[3, 4, 6, 13, 21]
[3, 5, 6, 7, 15]
[1, 2, 8, 9, 22]
[1, 5, 6, 13, 23]
[1, 3, 9, 10, 11]
[1, 3, 7, 14, 22]
[2, 3, 7, 8, 10]
[16, 17, 18, 19, 20, 21, 22, 23, 24, 25, 26, 27, 28]


6
process id 1
stats
5, 15, 7, 100, 1000
20220819-193244
loosing coalitions taken
[3, 4, 6, 13, 21]
[1, 2, 8, 13, 20]
[1, 5, 6, 10, 26]
[1, 3, 7, 15, 21]
[2, 4, 6, 16, 19]
[1, 3, 9, 10, 12]
[2, 4, 5, 21, 28]
[1, 2, 7, 9]
[2, 3, 6, 15, 27]
[2, 3, 5, 25]
[1, 4, 7, 11, 17]
[1, 3, 8, 11, 19]
[1, 4, 8, 10, 15]
[3, 4, 5, 18, 26]
[16, 17, 18, 19, 20, 21, 22, 23, 24, 25, 26, 27, 28]


6
process id 4
stats
5, 15, 7, 100, 1000
20220819-193244
loosing coalitions taken
[2, 4, 5, 20]
[1, 5, 6, 13, 24]
[1, 2, 7, 9]
[3, 4, 6, 15, 17]
[2, 3, 6, 16, 24]
[1, 4, 7, 10, 19]
[2, 4, 6, 13, 22]
[2, 3, 5, 25]
[1, 2, 8, 14, 20]
[1, 3, 7, 16, 17]
[3, 4, 5, 18, 27]
[1, 3, 8, 11, 19]
[1, 2, 10, 12, 13]
[2, 3, 7, 8, 10]
[16, 17, 18, 19, 20, 21, 22, 23, 24, 25, 26, 27, 28]


6
process id 2
stats
5, 15, 7, 100, 1000
20220819-193244
loosing coalitions taken
[2, 4, 5, 20]
[1, 3, 9, 10, 11]
[1, 3, 7, 14, 22]
[1, 2, 7, 12, 26]
[1, 2, 8, 9, 22]
[1, 3, 8, 12, 19]
[1, 4, 7, 11, 17]
[1, 4, 8, 13, 14]
[1, 5, 6, 9, 26]
[2, 3, 6, 16, 24]
[2, 3, 5, 25]
[3, 4, 6, 13, 21]
[3, 4, 5, 17, 27]
[2, 4, 6, 11, 23]
[16, 17, 18, 19, 20, 21, 22, 23, 24, 25, 26, 27, 28]


6
process id 6
stats
5, 15, 7, 100, 1000
20220819-193245
loosing coalitions taken
[1, 3, 8, 15, 16]
[2, 4, 6, 11, 23]
[3, 4, 5, 21, 23]
[3, 4, 6, 9, 22]
[1, 4, 8, 13, 14]
[1, 5, 6, 13, 23]
[1, 2, 7, 17, 18]
[1, 2, 8, 9, 22]
[2, 4, 5, 20]
[1, 3, 9, 10, 12]
[2, 3, 7, 8, 10]
[1, 2, 10, 11, 14]
[1, 4, 7, 10, 19]
[2, 3, 6, 15, 27]
[16, 17, 18, 19, 20, 21, 22, 23, 24, 25, 26, 27, 28]


6
process id 7
stats
5, 15, 7, 100, 1000
20220819-193246
loosing coalitions taken
[1, 2, 7, 9]
[3, 4, 6, 13, 21]
[2, 4, 5, 20]
[1, 3, 8, 11, 19]
[1, 5, 6, 13, 23]
[2, 4, 6, 14, 22]
[1, 4, 7, 10, 18]
[2, 3, 5, 25]
[1, 2, 10, 11, 14]
[2, 3, 6, 16, 24]
[1, 4, 8, 13, 14]
[3, 4, 5, 18, 26]
[1, 3, 9, 10, 12]
[1, 3, 7, 15, 21]
[16, 17, 18, 19, 20, 21, 22, 23, 24, 25, 26, 27, 28]


6
process id 3
stats
5, 15, 7, 100, 1000
20220819-193246
loosing coalitions taken
[2, 3, 6, 15, 27]
[1, 5, 6, 11, 25]
[3, 4, 6, 13, 21]
[1, 3, 7, 14, 22]
[1, 3, 9, 10, 11]
[2, 4, 5, 20]
[2, 3, 7, 8, 10]
[1, 2, 9, 12, 14]
[1, 3, 8, 12, 18]
[1, 4, 7, 10, 18]
[2, 3, 5, 25]
[2, 4, 6, 16, 19]
[3, 4, 5, 17, 26]
[1, 2, 7, 16, 21]
[16, 17, 18, 19, 20, 21, 22, 23, 24, 25, 26, 27, 28]


6
process id 4
stats
5, 15, 7, 100, 1000
20220819-193247
loosing coalitions taken
[1, 3, 8, 15, 16]
[2, 3, 6, 15, 27]
[1, 2, 9, 12, 14]
[1, 3, 7, 11, 23]
[2, 4, 5, 20]
[1, 2, 7, 13, 25]
[1, 4, 8, 13, 14]
[1, 5, 6, 13, 23]
[3, 4, 6, 9, 22]
[2, 3, 5, 25]
[2, 4, 6, 16, 19]
[3, 4, 5, 17, 28]
[2, 3, 7, 8, 10]
[1, 4, 7, 10, 18]
[16, 17, 18, 19, 20, 21, 22, 23, 24, 25, 26, 27, 28]


7
process id 0
stats
5, 15, 7, 100, 1000
20220819-193248
loosing coalitions taken
[1, 2, 8, 14, 20]
[3, 4, 6, 9, 22]
[1, 5, 6, 13, 23]
[2, 4, 5, 20]
[1, 3, 7, 15, 21]
[1, 2, 7, 17, 19]
[2, 3, 5, 25]
[2, 3, 6, 15, 26]
[1, 3, 9, 10, 11]
[1, 3, 8, 12, 19]
[3, 4, 5, 17, 28]
[2, 4, 6, 16, 19]
[2, 3, 7, 8, 10]
[1, 4, 7, 10, 18]
[16, 17, 18, 19, 20, 21, 22, 23, 24, 25, 26, 27, 28]


6
process id 1
stats
5, 15, 7, 100, 1000
20220819-193249
loosing coalitions taken
[1, 3, 8, 12, 19]
[2, 3, 6, 15, 27]
[1, 5, 6, 11, 25]
[1, 2, 8, 9, 22]
[1, 3, 7, 16, 17]
[1, 2, 10, 12, 14]
[1, 4, 7, 10, 19]
[1, 2, 7, 13, 25]
[1, 3, 9, 10, 11]
[3, 4, 6, 9, 22]
[1, 4, 8, 13, 14]
[2, 4, 5, 20]
[2, 3, 5, 25]
[2, 3, 7, 8, 10]
[16, 17, 18, 19, 20, 21, 22, 23, 24, 25, 26, 27, 28]


6
process id 0
stats
5, 15, 7, 100, 1000
20220819-193250
loosing coalitions taken
[3, 4, 6, 15, 17]
[1, 5, 6, 11, 25]
[1, 3, 8, 12, 19]
[2, 4, 5, 20]
[1, 4, 7, 10, 19]
[1, 2, 7, 9]
[2, 4, 6, 16, 18]
[1, 3, 7, 16, 18]
[1, 3, 9, 10, 11]
[3, 4, 5, 18, 27]
[2, 3, 5, 25]
[1, 4, 8, 13, 14]
[1, 2, 10, 12, 13]
[1, 2, 8, 15, 17]
[16, 17, 18, 19, 20, 21, 22, 23, 24, 25, 26, 27, 28]


6
process id 4
stats
5, 15, 7, 100, 1000
20220819-193250
loosing coalitions taken
[2, 3, 5, 27, 28]
[2, 4, 5, 20]
[1, 3, 8, 12, 19]
[1, 2, 7, 9]
[1, 4, 8, 10, 15]
[1, 5, 6, 11, 25]
[2, 4, 6, 9, 25]
[1, 2, 8, 14, 20]
[3, 4, 6, 15, 17]
[3, 4, 5, 18, 26]
[2, 3, 7, 8, 10]
[2, 3, 6, 16, 23]
[1, 3, 7, 16, 17]
[1, 3, 9, 10, 11]
[16, 17, 18, 19, 20, 21, 22, 23, 24, 25, 26, 27, 28]


6
process id 0
stats
5, 15, 7, 100, 1000
20220819-193254
loosing coalitions taken
[2, 4, 6, 12, 23]
[2, 4, 5, 20]
[3, 4, 6, 15, 17]
[1, 3, 8, 15, 16]
[1, 5, 6, 10, 26]
[1, 4, 7, 11, 17]
[1, 2, 9, 11, 14]
[1, 3, 9, 10, 12]
[1, 4, 8, 13, 14]
[1, 3, 7, 14, 22]
[2, 3, 5, 25]
[2, 3, 6, 16, 24]
[3, 4, 5, 19, 26]
[1, 2, 7, 12, 26]
[16, 17, 18, 19, 20, 21, 22, 23, 24, 25, 26, 27, 28]


6
process id 4
stats
5, 15, 7, 100, 1000
20220819-193255
loosing coalitions taken
[2, 4, 5, 20]
[1, 3, 8, 11, 19]
[3, 4, 6, 9, 22]
[1, 4, 8, 13, 14]
[1, 2, 7, 9]
[2, 3, 6, 15, 27]
[1, 5, 6, 10, 25]
[2, 3, 5, 25]
[1, 4, 7, 11, 17]
[1, 2, 10, 12, 13]
[1, 3, 7, 14, 22]
[2, 4, 6, 11, 23]
[2, 3, 7, 8, 10]
[3, 4, 5, 17, 27]
[16, 17, 18, 19, 20, 21, 22, 23, 24, 25, 26, 27, 28]


7
process id 2
stats
5, 15, 7, 100, 1000
20220819-193255
loosing coalitions taken
[3, 4, 6, 15, 17]
[1, 3, 8, 12, 19]
[2, 4, 5, 20]
[1, 5, 6, 13, 24]
[1, 2, 7, 9]
[2, 4, 6, 9, 25]
[1, 3, 7, 15, 21]
[2, 3, 5, 25]
[1, 2, 10, 11, 14]
[1, 4, 8, 13, 14]
[1, 4, 7, 10, 19]
[3, 4, 5, 19, 26]
[2, 3, 6, 16, 24]
[1, 2, 8, 15, 17]
[16, 17, 18, 19, 20, 21, 22, 23, 24, 25, 26, 27, 28]


6
process id 1
stats
5, 15, 7, 100, 1000
20220819-193255
loosing coalitions taken
[1, 5, 6, 13, 24]
[1, 2, 10, 12, 14]
[2, 3, 6, 15, 27]
[1, 3, 7, 13, 22]
[1, 2, 7, 17, 19]
[1, 3, 9, 10, 11]
[3, 4, 6, 9, 22]
[1, 4, 8, 13, 14]
[1, 3, 8, 15, 16]
[2, 3, 7, 8, 10]
[3, 4, 5, 17, 26]
[2, 3, 5, 25]
[1, 2, 8, 9, 22]
[2, 4, 6, 16, 18]
[16, 17, 18, 19, 20, 21, 22, 23, 24, 25, 26, 27, 28]


6
process id 7
stats
5, 15, 7, 100, 1000
20220819-193256
loosing coalitions taken
[1, 2, 7, 17, 18]
[1, 3, 7, 14, 22]
[1, 2, 10, 12, 13]
[2, 4, 6, 14, 22]
[1, 3, 8, 12, 19]
[1, 4, 8, 13, 14]
[1, 2, 8, 9, 22]
[3, 4, 6, 15, 17]
[3, 4, 5, 21, 23]
[2, 4, 5, 20]
[1, 4, 7, 10, 19]
[1, 5, 6, 9, 26]
[1, 3, 9, 10, 11]
[2, 3, 7, 8, 10]
[16, 17, 18, 19, 20, 21, 22, 23, 24, 25, 26, 27, 28]


6
process id 6
stats
5, 15, 7, 100, 1000
20220819-193257
loosing coalitions taken
[1, 5, 6, 11, 25]
[1, 3, 8, 11, 19]
[1, 2, 10, 11, 14]
[1, 3, 7, 14, 22]
[1, 2, 7, 17, 19]
[3, 5, 6, 7, 15]
[1, 3, 9, 10, 12]
[1, 2, 8, 13, 20]
[2, 4, 6, 15, 21]
[3, 4, 6, 13, 20]
[2, 4, 5, 20]
[2, 3, 5, 25]
[2, 3, 7, 8, 10]
[1, 4, 8, 10, 15]
[16, 17, 18, 19, 20, 21, 22, 23, 24, 25, 26, 27, 28]


6
process id 0
stats
5, 15, 7, 100, 1000
20220819-193257
loosing coalitions taken
[2, 4, 5, 20]
[3, 4, 6, 15, 17]
[1, 2, 9, 12, 14]
[1, 2, 7, 13, 25]
[1, 5, 6, 10, 26]
[1, 3, 7, 15, 21]
[2, 3, 6, 16, 24]
[1, 4, 7, 10, 19]
[1, 2, 8, 15, 17]
[1, 4, 8, 13, 14]
[3, 4, 5, 18, 27]
[2, 3, 5, 25]
[1, 3, 8, 11, 19]
[2, 3, 7, 8, 10]
[16, 17, 18, 19, 20, 21, 22, 23, 24, 25, 26, 27, 28]


6
process id 3
stats
5, 15, 7, 100, 1000
20220819-193258
loosing coalitions taken
[1, 2, 8, 9, 22]
[1, 5, 6, 13, 23]
[2, 3, 6, 15, 27]
[3, 4, 6, 9, 22]
[1, 3, 7, 16, 19]
[1, 3, 9, 10, 12]
[1, 2, 7, 13, 25]
[1, 4, 7, 11, 17]
[1, 2, 10, 11, 14]
[1, 4, 8, 10, 15]
[2, 4, 6, 12, 23]
[2, 4, 5, 20]
[1, 3, 8, 11, 18]
[2, 3, 7, 8, 10]
[16, 17, 18, 19, 20, 21, 22, 23, 24, 25, 26, 27, 28]


6
process id 7
stats
5, 15, 7, 100, 1000
20220819-193258
loosing coalitions taken
[1, 2, 7, 17, 18]
[1, 3, 8, 11, 18]
[3, 5, 6, 7, 15]
[1, 2, 8, 9, 22]
[1, 3, 7, 13, 22]
[1, 2, 10, 11, 14]
[1, 3, 9, 10, 12]
[1, 5, 6, 11, 25]
[3, 4, 6, 9, 22]
[2, 3, 6, 16, 24]
[2, 3, 5, 26, 27]
[3, 4, 5, 21, 23]
[2, 4, 5, 20]
[1, 4, 8, 13, 14]
[16, 17, 18, 19, 20, 21, 22, 23, 24, 25, 26, 27, 28]


6
process id 2
stats
5, 15, 7, 100, 1000
20220819-193259
loosing coalitions taken
[2, 4, 5, 20]
[2, 3, 6, 16, 24]
[1, 2, 7, 17, 18]
[3, 4, 6, 15, 17]
[1, 2, 10, 11, 14]
[1, 2, 8, 9, 22]
[1, 3, 9, 10, 12]
[1, 4, 8, 13, 14]
[1, 5, 6, 13, 23]
[1, 3, 7, 15, 21]
[2, 3, 5, 25]
[2, 3, 7, 8, 10]
[2, 4, 6, 14, 22]
[1, 3, 8, 11, 17]
[16, 17, 18, 19, 20, 21, 22, 23, 24, 25, 26, 27, 28]


6
process id 5
stats
5, 15, 7, 100, 1000
20220819-193300
loosing coalitions taken
[1, 5, 6, 16, 20]
[2, 4, 6, 11, 24]
[1, 3, 8, 12, 19]
[2, 3, 6, 15, 27]
[3, 4, 6, 13, 21]
[2, 4, 5, 20]
[1, 2, 8, 9, 22]
[1, 3, 7, 13, 22]
[1, 2, 7, 16, 21]
[2, 3, 7, 8, 10]
[1, 4, 8, 13, 14]
[1, 3, 9, 10, 11]
[1, 2, 10, 12, 14]
[1, 4, 7, 10, 19]
[16, 17, 18, 19, 20, 21, 22, 23, 24, 25, 26, 27, 28]


