Results
Max overall: 15
Min avg pop: 0.645
Min pop: 0.641

5
process id 3
stats
5, 15, 7, 100, 1000
20220819-191406
loosing coalitions taken
[1, 3, 8, 12, 19]
[1, 2, 8, 14, 20]
[2, 4, 5, 17]
[1, 4, 8, 10, 13]
[1, 3, 7, 15, 21]
[1, 2, 7, 10, 23]
[1, 5, 6, 13, 19]
[1, 4, 6, 26, 28]
[2, 3, 5, 25]
[3, 4, 5, 13]
[3, 4, 6, 14, 20]
[2, 4, 6, 9, 19]
[2, 3, 6, 15, 22]
[1, 4, 7, 11, 14]
[16, 17, 18, 19, 20, 21, 22, 23, 24, 25, 26, 27, 28]


6
process id 2
stats
5, 15, 7, 100, 1000
20220819-191407
loosing coalitions taken
[1, 4, 7, 8]
[2, 4, 5, 19]
[1, 3, 9, 10, 11]
[2, 3, 6, 13]
[1, 2, 9, 12, 14]
[1, 5, 6, 9, 21]
[2, 3, 5, 24]
[3, 4, 6, 11, 18]
[1, 3, 8, 14, 16]
[1, 2, 8, 11, 19]
[1, 4, 6, 26]
[1, 2, 7, 15, 17]
[3, 4, 5, 16, 25]
[1, 3, 7, 12, 22]
[16, 17, 18, 19, 20, 21, 22, 23, 24, 25, 26, 27, 28]


6
process id 2
stats
5, 15, 7, 100, 1000
20220819-191409
loosing coalitions taken
[1, 2, 8, 10, 18]
[1, 2, 9, 12, 14]
[1, 3, 7, 16, 19]
[2, 3, 5, 25]
[2, 4, 6, 10, 22]
[1, 4, 7, 9, 18]
[1, 5, 6, 12, 21]
[3, 4, 6, 11, 18]
[1, 2, 7, 15, 20]
[3, 4, 5, 13]
[2, 4, 5, 17]
[1, 4, 6, 25]
[2, 3, 6, 14]
[1, 3, 8, 13, 15]
[16, 17, 18, 19, 20, 21, 22, 23, 24, 25, 26, 27, 28]


6
process id 5
stats
5, 15, 7, 100, 1000
20220819-191410
loosing coalitions taken
[1, 4, 7, 14, 16]
[2, 3, 6, 16, 24]
[1, 2, 8, 9, 18]
[1, 3, 8, 12, 17]
[1, 3, 7, 11, 20]
[1, 5, 6, 9, 22]
[2, 3, 5, 23, 27]
[2, 4, 5, 17]
[2, 4, 6, 14, 20]
[3, 4, 6, 15, 17]
[1, 4, 6, 28]
[3, 4, 5, 14]
[1, 2, 10, 11, 13]
[1, 2, 7, 15, 21]
[16, 17, 18, 19, 20, 21, 22, 23, 24, 25, 26, 27, 28]


6
process id 7
stats
5, 15, 7, 100, 1000
20220819-191410
loosing coalitions taken
[1, 2, 10, 12, 13]
[3, 4, 5, 16, 26]
[2, 4, 5, 18]
[1, 4, 8, 11, 14]
[1, 3, 8, 12, 19]
[1, 2, 7, 9, 22]
[1, 3, 7, 16, 17]
[1, 4, 6, 23]
[1, 5, 6, 9, 25]
[2, 3, 5, 21]
[3, 4, 6, 13, 17]
[2, 3, 6, 11]
[2, 4, 6, 10, 24]
[1, 4, 7, 10, 15]
[16, 17, 18, 19, 20, 21, 22, 23, 24, 25, 26, 27, 28]


6
process id 0
stats
5, 15, 7, 100, 1000
20220819-191410
loosing coalitions taken
[1, 4, 8, 9, 15]
[1, 2, 7, 11, 27]
[2, 3, 5, 23]
[1, 3, 8, 11, 17]
[1, 3, 7, 15, 19]
[1, 2, 8, 12, 18]
[1, 4, 7, 10, 18]
[3, 4, 6, 10, 20]
[3, 4, 5, 15]
[1, 5, 6, 13, 19]
[2, 4, 5, 18]
[2, 3, 6, 17, 21]
[1, 4, 6, 23]
[1, 3, 9, 10, 12]
[16, 17, 18, 19, 20, 21, 22, 23, 24, 25, 26, 27, 28]


6
process id 1
stats
5, 15, 7, 100, 1000
20220819-191410
loosing coalitions taken
[1, 2, 9, 10, 12]
[1, 3, 8, 10, 19]
[1, 2, 8, 11, 21]
[1, 4, 7, 8]
[1, 5, 6, 14, 21]
[2, 3, 6, 11, 26]
[2, 3, 5, 23]
[2, 4, 6, 16, 17]
[1, 3, 7, 9, 20]
[1, 4, 6, 28]
[3, 4, 6, 9, 22]
[2, 4, 5, 19]
[3, 4, 5, 16]
[1, 2, 7, 14, 23]
[16, 17, 18, 19, 20, 21, 22, 23, 24, 25, 26, 27, 28]


5
process id 3
stats
5, 15, 7, 100, 1000
20220819-191411
loosing coalitions taken
[1, 4, 7, 8, 26]
[1, 2, 7, 15, 20]
[1, 3, 8, 9, 19]
[1, 2, 9, 11, 14]
[1, 2, 8, 10, 18]
[1, 3, 7, 10, 21]
[2, 4, 5, 20]
[2, 3, 6, 10]
[3, 4, 6, 14, 18]
[2, 3, 5, 18]
[3, 4, 5, 15]
[1, 4, 6, 25]
[1, 5, 6, 11, 22]
[2, 4, 6, 12, 23]
[16, 17, 18, 19, 20, 21, 22, 23, 24, 25, 26, 27, 28]


6
process id 7
stats
5, 15, 7, 100, 1000
20220819-191413
loosing coalitions taken
[1, 3, 8, 10, 17]
[1, 2, 8, 14, 20]
[3, 4, 5, 15]
[1, 3, 7, 14, 18]
[1, 2, 7, 11, 23]
[1, 5, 6, 11, 20]
[1, 2, 9, 10, 12]
[2, 4, 5, 16, 28]
[2, 3, 6, 14]
[2, 3, 5, 25]
[2, 4, 6, 8]
[1, 4, 7, 10, 15]
[1, 4, 6, 24]
[1, 4, 8, 12, 13]
[16, 17, 18, 19, 20, 21, 22, 23, 24, 25, 26, 27, 28]


5
process id 7
stats
5, 15, 7, 100, 1000
20220819-191414
loosing coalitions taken
[1, 4, 7, 9, 17]
[2, 4, 6, 10, 24]
[1, 2, 8, 10, 18]
[1, 2, 7, 15, 22]
[2, 3, 6, 11]
[2, 4, 5, 17]
[1, 5, 6, 16, 19]
[1, 4, 8, 11, 12]
[1, 2, 9, 12, 14]
[3, 4, 5, 14]
[2, 3, 5, 21]
[3, 4, 6, 13, 16]
[1, 3, 7, 8]
[1, 4, 6, 26]
[16, 17, 18, 19, 20, 21, 22, 23, 24, 25, 26, 27, 28]


6
process id 0
stats
5, 15, 7, 100, 1000
20220819-191415
loosing coalitions taken
[1, 4, 7, 8]
[3, 4, 6, 13, 20]
[1, 2, 9, 11, 14]
[2, 4, 6, 14, 22]
[2, 3, 5, 24, 27]
[1, 2, 7, 13, 21]
[2, 4, 5, 15]
[3, 4, 5, 16]
[1, 4, 6, 24]
[2, 5, 6, 8, 10]
[1, 3, 8, 12, 18]
[1, 3, 7, 10, 22]
[2, 3, 6, 9]
[1, 5, 6, 14, 19]
[16, 17, 18, 19, 20, 21, 22, 23, 24, 25, 26, 27, 28]


6
process id 6
stats
5, 15, 7, 100, 1000
20220819-191415
loosing coalitions taken
[1, 4, 7, 8]
[1, 2, 10, 11, 14]
[1, 5, 6, 12, 24]
[2, 4, 6, 14, 19]
[1, 2, 7, 16, 19]
[1, 3, 7, 13, 17]
[3, 4, 6, 8]
[2, 4, 5, 20, 23]
[2, 3, 6, 10, 24]
[1, 4, 6, 27]
[3, 4, 5, 17, 26]
[1, 3, 8, 12, 16]
[2, 3, 5, 25]
[1, 2, 8, 13, 20]
[16, 17, 18, 19, 20, 21, 22, 23, 24, 25, 26, 27, 28]


6
process id 4
stats
5, 15, 7, 100, 1000
20220819-191418
loosing coalitions taken
[3, 4, 6, 13, 21]
[3, 4, 5, 19, 23]
[2, 3, 5, 25]
[1, 5, 6, 16, 20]
[1, 2, 10, 11, 14]
[1, 4, 6, 27]
[1, 3, 7, 11, 20]
[1, 2, 8, 9, 22]
[1, 4, 7, 14, 15]
[2, 4, 6, 11, 22]
[1, 3, 8, 12, 16]
[2, 3, 6, 12, 23]
[1, 2, 7, 13, 17]
[2, 4, 5, 20]
[16, 17, 18, 19, 20, 21, 22, 23, 24, 25, 26, 27, 28]


6
process id 3
stats
5, 15, 7, 100, 1000
20220819-191419
loosing coalitions taken
[2, 4, 5, 20]
[2, 3, 6, 15, 24]
[1, 4, 6, 28]
[1, 2, 7, 17, 19]
[1, 3, 8, 14, 16]
[1, 2, 9, 12, 13]
[3, 4, 5, 16, 23]
[1, 4, 7, 8, 24]
[1, 5, 6, 12, 18]
[2, 3, 5, 21]
[3, 4, 6, 13, 18]
[1, 2, 8, 10, 21]
[2, 4, 6, 9, 22]
[1, 3, 9, 10, 11]
[16, 17, 18, 19, 20, 21, 22, 23, 24, 25, 26, 27, 28]


6
process id 7
stats
5, 15, 7, 100, 1000
20220819-191419
loosing coalitions taken
[2, 3, 6, 12]
[1, 4, 7, 8, 23]
[1, 2, 7, 15, 22]
[1, 3, 7, 9, 24]
[1, 2, 10, 11, 14]
[1, 3, 8, 10, 17]
[1, 5, 6, 9, 26]
[1, 2, 8, 13, 19]
[3, 4, 6, 11, 20]
[2, 3, 5, 19]
[1, 4, 6, 25]
[3, 4, 5, 12]
[2, 4, 6, 14, 18]
[2, 4, 5, 16]
[16, 17, 18, 19, 20, 21, 22, 23, 24, 25, 26, 27, 28]


6
process id 1
stats
5, 15, 7, 100, 1000
20220819-191421
loosing coalitions taken
[2, 4, 6, 9, 23]
[2, 4, 5, 17]
[2, 3, 6, 11]
[1, 4, 8, 9, 13]
[1, 3, 7, 14, 19]
[1, 2, 8, 12, 20]
[1, 3, 8, 10, 17]
[1, 2, 7, 10, 25]
[1, 5, 6, 11, 20]
[3, 4, 6, 12, 17]
[1, 4, 7, 12, 15]
[3, 4, 5, 16, 28]
[2, 3, 5, 23]
[1, 4, 6, 26]
[16, 17, 18, 19, 20, 21, 22, 23, 24, 25, 26, 27, 28]


5
process id 4
stats
5, 15, 7, 100, 1000
20220819-191421
loosing coalitions taken
[1, 2, 7, 12, 26]
[2, 3, 5, 24]
[1, 3, 7, 13, 22]
[2, 4, 6, 13, 21]
[1, 3, 8, 9, 18]
[1, 4, 7, 8]
[1, 2, 9, 11, 14]
[1, 5, 6, 11, 25]
[1, 2, 8, 13, 16]
[3, 4, 5, 14]
[2, 4, 5, 20, 25]
[1, 4, 6, 23]
[3, 4, 6, 8]
[2, 3, 6, 11]
[16, 17, 18, 19, 20, 21, 22, 23, 24, 25, 26, 27, 28]


5
process id 6
stats
5, 15, 7, 100, 1000
20220819-191422
loosing coalitions taken
[1, 5, 6, 15, 20]
[3, 4, 5, 20, 22]
[1, 4, 7, 10, 16]
[2, 4, 6, 10, 22]
[1, 3, 9, 10, 11]
[3, 4, 6, 11, 18]
[1, 4, 6, 26, 27]
[1, 2, 8, 11, 20]
[2, 3, 6, 9]
[2, 4, 5, 17]
[2, 3, 5, 23]
[1, 3, 7, 14, 17]
[1, 3, 8, 12, 16]
[1, 2, 7, 15, 18]
[16, 17, 18, 19, 20, 21, 22, 23, 24, 25, 26, 27, 28]


5
process id 7
stats
5, 15, 7, 100, 1000
20220819-191422
loosing coalitions taken
[3, 5, 6, 7, 15]
[1, 2, 10, 11, 13]
[1, 2, 9, 12, 14]
[2, 3, 5, 23]
[3, 4, 6, 13, 16]
[2, 4, 6, 10, 20]
[1, 4, 6, 27]
[1, 3, 8, 13, 14]
[1, 2, 8, 15, 17]
[2, 3, 6, 11, 26]
[1, 3, 7, 10, 22]
[3, 4, 5, 14, 27]
[2, 4, 5, 18]
[1, 4, 7, 8]
[16, 17, 18, 19, 20, 21, 22, 23, 24, 25, 26, 27, 28]


6
process id 5
stats
5, 15, 7, 100, 1000
20220819-191423
loosing coalitions taken
[1, 2, 7, 9]
[2, 3, 6, 11]
[1, 4, 8, 11, 12]
[1, 3, 8, 13, 14]
[2, 4, 5, 18, 24]
[2, 3, 5, 20]
[1, 4, 6, 26]
[3, 4, 5, 19, 26]
[2, 4, 6, 13, 19]
[1, 5, 6, 14, 22]
[3, 4, 6, 15, 17]
[1, 3, 7, 15, 16]
[1, 4, 7, 10, 14]
[2, 5, 6, 8, 12]
[16, 17, 18, 19, 20, 21, 22, 23, 24, 25, 26, 27, 28]


5
process id 7
stats
5, 15, 7, 100, 1000
20220819-191424
loosing coalitions taken
[3, 4, 6, 9, 22]
[2, 4, 6, 13, 20]
[1, 4, 8, 13, 14]
[2, 3, 5, 23]
[1, 3, 8, 11, 15]
[1, 2, 8, 12, 21]
[1, 2, 7, 15, 20]
[1, 4, 6, 27]
[3, 4, 5, 14]
[2, 3, 6, 10]
[1, 5, 6, 14, 22]
[1, 4, 7, 10, 17]
[2, 4, 5, 15]
[1, 3, 7, 16, 19]
[16, 17, 18, 19, 20, 21, 22, 23, 24, 25, 26, 27, 28]


6
process id 0
stats
5, 15, 7, 100, 1000
20220819-191424
loosing coalitions taken
[2, 4, 5, 20]
[1, 3, 8, 13, 16]
[1, 5, 6, 13, 23]
[2, 3, 6, 10]
[1, 2, 7, 16, 18]
[1, 2, 9, 12, 14]
[1, 4, 6, 27]
[3, 4, 6, 12, 17]
[2, 3, 5, 22]
[2, 3, 7, 8, 9]
[3, 4, 5, 11]
[2, 4, 6, 14, 18]
[1, 4, 7, 10, 19]
[1, 2, 8, 11, 20]
[16, 17, 18, 19, 20, 21, 22, 23, 24, 25, 26, 27, 28]


5
process id 4
stats
5, 15, 7, 100, 1000
20220819-191424
loosing coalitions taken
[2, 4, 6, 10, 24]
[3, 4, 6, 9, 22]
[2, 3, 6, 11, 27]
[2, 4, 5, 17]
[1, 4, 8, 13, 14]
[1, 3, 8, 10, 19]
[3, 5, 6, 7, 13]
[2, 3, 5, 22]
[3, 4, 5, 15, 27]
[1, 5, 6, 14, 21]
[1, 3, 7, 12, 20]
[1, 4, 6, 25]
[1, 2, 10, 11, 14]
[1, 2, 7, 17, 19]
[16, 17, 18, 19, 20, 21, 22, 23, 24, 25, 26, 27, 28]


6
process id 2
stats
5, 15, 7, 100, 1000
20220819-191425
loosing coalitions taken
[1, 2, 8, 15, 17]
[2, 4, 5, 18]
[1, 5, 6, 16, 17]
[2, 3, 6, 14]
[1, 3, 7, 10, 24]
[1, 2, 7, 11, 22]
[1, 2, 9, 10, 12]
[1, 4, 6, 25]
[3, 4, 5, 20, 24]
[2, 3, 5, 22]
[1, 3, 8, 9, 18]
[1, 4, 8, 11, 13]
[2, 4, 6, 9, 24]
[3, 4, 6, 12, 18]
[16, 17, 18, 19, 20, 21, 22, 23, 24, 25, 26, 27, 28]


6
process id 6
stats
5, 15, 7, 100, 1000
20220819-191426
loosing coalitions taken
[1, 2, 7, 10, 25]
[1, 3, 8, 11, 19]
[1, 2, 9, 11, 14]
[1, 5, 6, 11, 24]
[1, 2, 8, 13, 18]
[1, 4, 6, 28]
[3, 4, 5, 16, 25]
[2, 4, 5, 17]
[2, 3, 6, 10]
[2, 3, 5, 22]
[1, 3, 7, 14, 16]
[2, 4, 6, 14, 19]
[3, 4, 6, 8]
[1, 4, 7, 8]
[16, 17, 18, 19, 20, 21, 22, 23, 24, 25, 26, 27, 28]


6
process id 1
stats
5, 15, 7, 100, 1000
20220819-191427
loosing coalitions taken
[1, 2, 7, 17, 19]
[1, 5, 6, 13, 23]
[1, 2, 8, 11, 18]
[2, 3, 6, 12]
[3, 4, 5, 19, 26]
[1, 3, 7, 14, 20]
[1, 4, 6, 25]
[3, 4, 6, 11, 21]
[2, 3, 5, 22]
[2, 4, 6, 8]
[2, 4, 5, 20, 24]
[1, 4, 7, 10, 18]
[1, 3, 8, 9, 15]
[1, 2, 10, 12, 14]
[16, 17, 18, 19, 20, 21, 22, 23, 24, 25, 26, 27, 28]


6
process id 5
stats
5, 15, 7, 100, 1000
20220819-191427
loosing coalitions taken
[1, 4, 7, 8]
[1, 5, 6, 15, 21]
[1, 3, 9, 10, 12]
[2, 3, 6, 11]
[3, 4, 5, 16]
[2, 3, 5, 20, 27]
[1, 4, 6, 25]
[3, 4, 6, 9, 21]
[2, 4, 5, 15]
[1, 3, 7, 11, 23]
[2, 4, 6, 8]
[1, 2, 7, 9, 26]
[1, 3, 8, 14, 15]
[1, 2, 8, 12, 21]
[16, 17, 18, 19, 20, 21, 22, 23, 24, 25, 26, 27, 28]


6
process id 2
stats
5, 15, 7, 100, 1000
20220819-191428
loosing coalitions taken
[2, 4, 6, 9, 25]
[2, 3, 7, 8, 10]
[2, 4, 5, 18, 28]
[1, 3, 7, 13, 17]
[1, 2, 8, 11, 19]
[1, 2, 7, 16, 18]
[1, 3, 8, 9, 20]
[1, 4, 6, 28]
[3, 4, 5, 16]
[1, 5, 6, 15, 21]
[3, 4, 6, 10, 18]
[1, 4, 7, 11, 14]
[2, 3, 5, 24, 26]
[1, 2, 10, 12, 14]
[16, 17, 18, 19, 20, 21, 22, 23, 24, 25, 26, 27, 28]


6
process id 0
stats
5, 15, 7, 100, 1000
20220819-191429
loosing coalitions taken
[1, 3, 8, 13, 16]
[3, 4, 5, 15]
[2, 3, 6, 11]
[1, 5, 6, 16, 19]
[1, 2, 8, 12, 17]
[1, 3, 9, 10, 12]
[2, 3, 5, 19]
[2, 4, 5, 18]
[2, 4, 6, 12, 22]
[1, 3, 7, 11, 22]
[1, 4, 6, 24]
[1, 4, 7, 8]
[1, 2, 7, 9]
[3, 4, 6, 8]
[16, 17, 18, 19, 20, 21, 22, 23, 24, 25, 26, 27, 28]


6
process id 4
stats
5, 15, 7, 100, 1000
20220819-191429
loosing coalitions taken
[2, 3, 6, 10]
[1, 2, 9, 12, 13]
[1, 2, 8, 15, 17]
[1, 3, 8, 9, 20]
[2, 4, 5, 20, 24]
[1, 2, 7, 11, 22]
[1, 5, 6, 9, 22]
[1, 3, 7, 15, 18]
[3, 4, 5, 19, 25]
[1, 4, 7, 8]
[2, 3, 5, 22, 26]
[3, 4, 6, 12, 21]
[1, 4, 6, 25]
[2, 4, 6, 8]
[16, 17, 18, 19, 20, 21, 22, 23, 24, 25, 26, 27, 28]


6
process id 5
stats
5, 15, 7, 100, 1000
20220819-191429
loosing coalitions taken
[2, 3, 6, 10]
[1, 2, 7, 11, 25]
[1, 2, 8, 12, 20]
[1, 3, 7, 15, 21]
[1, 4, 6, 26]
[3, 4, 6, 14, 16]
[2, 3, 5, 22]
[1, 4, 7, 9, 19]
[3, 4, 5, 15]
[1, 5, 6, 13, 24]
[2, 4, 5, 18]
[2, 4, 6, 8]
[1, 3, 8, 10, 18]
[2, 3, 7, 8, 9]
[16, 17, 18, 19, 20, 21, 22, 23, 24, 25, 26, 27, 28]


6
process id 7
stats
5, 15, 7, 100, 1000
20220819-191430
loosing coalitions taken
[1, 5, 6, 16, 20]
[1, 2, 7, 16, 17]
[1, 2, 8, 14, 19]
[2, 4, 5, 19]
[2, 3, 6, 9]
[1, 4, 7, 8]
[2, 3, 5, 20]
[3, 4, 5, 16]
[1, 2, 10, 11, 12]
[1, 4, 6, 23]
[3, 4, 6, 13, 15]
[1, 3, 8, 11, 17]
[2, 4, 6, 8]
[1, 3, 7, 9, 24]
[16, 17, 18, 19, 20, 21, 22, 23, 24, 25, 26, 27, 28]


6
process id 6
stats
5, 15, 7, 100, 1000
20220819-191430
loosing coalitions taken
[1, 5, 6, 13, 23]
[1, 2, 8, 12, 21]
[1, 4, 8, 11, 14]
[1, 3, 8, 9, 16]
[1, 2, 7, 16, 18]
[1, 2, 9, 10, 11]
[2, 4, 5, 17]
[2, 3, 6, 13, 28]
[2, 3, 5, 20]
[3, 4, 6, 9, 17]
[2, 4, 6, 12, 23]
[1, 3, 7, 10, 20]
[1, 4, 6, 25]
[3, 4, 5, 15]
[16, 17, 18, 19, 20, 21, 22, 23, 24, 25, 26, 27, 28]


5
process id 7
stats
5, 15, 7, 100, 1000
20220819-191432
loosing coalitions taken
[2, 3, 5, 23]
[1, 3, 7, 15, 20]
[1, 2, 7, 9, 28]
[1, 2, 8, 10, 19]
[2, 4, 6, 15, 21]
[1, 4, 8, 12, 13]
[2, 3, 6, 16, 24]
[2, 4, 5, 16]
[1, 4, 6, 23]
[3, 4, 5, 13]
[1, 4, 7, 10, 18]
[1, 5, 6, 13, 22]
[3, 4, 6, 14, 18]
[1, 3, 9, 10, 12]
[16, 17, 18, 19, 20, 21, 22, 23, 24, 25, 26, 27, 28]


6
process id 5
stats
5, 15, 7, 100, 1000
20220819-191434
loosing coalitions taken
[1, 2, 8, 9, 22]
[1, 3, 7, 10, 22]
[1, 5, 6, 16, 18]
[1, 2, 10, 12, 13]
[2, 4, 5, 17]
[1, 2, 7, 11, 25]
[2, 3, 6, 14]
[1, 4, 6, 24]
[3, 4, 6, 11, 21]
[2, 3, 5, 22, 28]
[3, 4, 5, 18, 24]
[1, 4, 7, 8, 27]
[2, 4, 6, 12, 23]
[1, 3, 8, 12, 17]
[16, 17, 18, 19, 20, 21, 22, 23, 24, 25, 26, 27, 28]


6
process id 2
stats
5, 15, 7, 100, 1000
20220819-191434
loosing coalitions taken
[1, 3, 8, 11, 16]
[1, 2, 9, 11, 13]
[1, 2, 7, 16, 19]
[1, 3, 7, 14, 20]
[2, 3, 6, 13]
[1, 5, 6, 12, 24]
[1, 4, 8, 10, 14]
[1, 3, 9, 10, 12]
[2, 4, 5, 16, 28]
[1, 4, 6, 28]
[3, 4, 5, 11]
[2, 3, 5, 22]
[3, 4, 6, 14, 17]
[2, 4, 6, 12, 23]
[16, 17, 18, 19, 20, 21, 22, 23, 24, 25, 26, 27, 28]


5
process id 3
stats
5, 15, 7, 100, 1000
20220819-191434
loosing coalitions taken
[1, 2, 7, 9]
[2, 3, 6, 10]
[1, 5, 6, 13, 24]
[1, 4, 8, 12, 14]
[1, 3, 9, 10, 11]
[2, 3, 5, 23]
[2, 4, 5, 20]
[3, 4, 5, 18, 22]
[2, 4, 6, 9, 21]
[1, 4, 7, 11, 15]
[1, 3, 7, 16, 19]
[1, 2, 10, 12, 13]
[1, 4, 6, 27]
[3, 4, 6, 8]
[16, 17, 18, 19, 20, 21, 22, 23, 24, 25, 26, 27, 28]


6
process id 7
stats
5, 15, 7, 100, 1000
20220819-191435
loosing coalitions taken
[1, 5, 6, 13, 23]
[1, 3, 7, 12, 22]
[2, 3, 6, 9]
[1, 3, 8, 11, 18]
[1, 2, 7, 11, 26]
[2, 4, 5, 17]
[1, 4, 7, 9, 19]
[3, 4, 5, 16]
[1, 4, 6, 27]
[3, 4, 6, 12, 21]
[2, 4, 6, 8]
[2, 3, 5, 18]
[1, 2, 8, 13, 16]
[1, 2, 9, 10, 14]
[16, 17, 18, 19, 20, 21, 22, 23, 24, 25, 26, 27, 28]


6
process id 4
stats
5, 15, 7, 100, 1000
20220819-191435
loosing coalitions taken
[2, 4, 5, 18, 28]
[3, 4, 5, 15]
[1, 5, 6, 12, 24]
[2, 3, 6, 14]
[1, 4, 7, 10, 17]
[1, 3, 7, 11, 20]
[1, 2, 8, 11, 21]
[1, 2, 7, 9]
[1, 4, 6, 23]
[3, 4, 6, 8, 28]
[2, 3, 5, 21, 26]
[2, 4, 6, 15, 19]
[1, 3, 9, 10, 12]
[1, 3, 8, 14, 16]
[16, 17, 18, 19, 20, 21, 22, 23, 24, 25, 26, 27, 28]


6
process id 1
stats
5, 15, 7, 100, 1000
20220819-191439
loosing coalitions taken
[1, 5, 6, 11, 24]
[1, 3, 8, 9, 19]
[2, 4, 6, 9, 23]
[1, 2, 7, 9]
[2, 4, 5, 19]
[1, 4, 8, 12, 13]
[2, 3, 5, 22]
[1, 4, 6, 27, 28]
[3, 4, 5, 18, 26]
[2, 3, 6, 18, 21]
[3, 4, 6, 13, 19]
[1, 2, 8, 15, 17]
[1, 3, 7, 15, 16]
[1, 2, 10, 12, 14]
[16, 17, 18, 19, 20, 21, 22, 23, 24, 25, 26, 27, 28]


5
process id 7
stats
5, 15, 7, 100, 1000
20220819-191440
loosing coalitions taken
[1, 3, 7, 14, 17]
[1, 3, 8, 12, 19]
[2, 3, 6, 12]
[2, 4, 5, 16]
[1, 2, 8, 11, 21]
[1, 2, 7, 9]
[3, 4, 5, 15]
[2, 4, 6, 8]
[1, 5, 6, 11, 24]
[1, 4, 6, 25]
[1, 4, 7, 8]
[2, 3, 5, 22]
[3, 4, 6, 13, 18]
[1, 2, 10, 12, 13]
[16, 17, 18, 19, 20, 21, 22, 23, 24, 25, 26, 27, 28]


5
process id 0
stats
5, 15, 7, 100, 1000
20220819-191441
loosing coalitions taken
[2, 4, 5, 21, 24]
[1, 3, 8, 10, 17]
[1, 5, 6, 9, 24]
[1, 2, 7, 9, 27]
[1, 3, 7, 14, 20]
[1, 4, 8, 11, 14]
[3, 4, 5, 16]
[1, 2, 8, 13, 18]
[2, 3, 6, 13]
[1, 4, 6, 27]
[3, 4, 6, 8, 28]
[2, 3, 5, 25]
[1, 2, 10, 11, 12]
[2, 4, 6, 15, 20]
[16, 17, 18, 19, 20, 21, 22, 23, 24, 25, 26, 27, 28]


6
process id 2
stats
5, 15, 7, 100, 1000
20220819-191441
loosing coalitions taken
[1, 3, 8, 13, 16]
[1, 5, 6, 13, 22]
[1, 2, 7, 14, 23]
[1, 2, 9, 11, 13]
[1, 2, 8, 10, 18]
[2, 4, 6, 10, 20]
[1, 4, 6, 26]
[2, 3, 6, 14]
[1, 3, 7, 15, 17]
[3, 4, 6, 9, 17]
[1, 4, 7, 8]
[2, 4, 5, 15]
[3, 4, 5, 11]
[2, 3, 5, 23, 24]
[16, 17, 18, 19, 20, 21, 22, 23, 24, 25, 26, 27, 28]


6
process id 3
stats
5, 15, 7, 100, 1000
20220819-191441
loosing coalitions taken
[1, 2, 7, 17, 19]
[1, 2, 9, 10, 11]
[3, 4, 5, 16]
[1, 3, 7, 12, 20]
[2, 3, 6, 10]
[1, 3, 8, 9, 19]
[2, 3, 5, 25]
[2, 4, 5, 19, 28]
[3, 4, 6, 8]
[1, 4, 6, 23]
[1, 4, 7, 8]
[1, 5, 6, 14, 21]
[2, 4, 6, 12, 17]
[1, 2, 8, 12, 18]
[16, 17, 18, 19, 20, 21, 22, 23, 24, 25, 26, 27, 28]


5
process id 5
stats
5, 15, 7, 100, 1000
20220819-191442
loosing coalitions taken
[1, 4, 7, 8]
[1, 5, 6, 11, 23]
[1, 2, 10, 11, 12]
[2, 4, 6, 12, 23]
[3, 4, 5, 19, 25]
[2, 3, 5, 22]
[1, 3, 7, 13, 18]
[1, 3, 8, 12, 17]
[1, 4, 6, 24]
[2, 3, 6, 14]
[2, 4, 5, 18]
[3, 4, 6, 15, 16]
[1, 2, 8, 13, 20]
[1, 2, 7, 15, 21]
[16, 17, 18, 19, 20, 21, 22, 23, 24, 25, 26, 27, 28]


5
process id 2
stats
5, 15, 7, 100, 1000
20220819-191443
loosing coalitions taken
[2, 4, 5, 18]
[1, 2, 8, 12, 20]
[1, 3, 8, 15, 16]
[1, 4, 7, 8]
[1, 5, 6, 9, 26]
[1, 2, 9, 10, 14]
[2, 3, 6, 10]
[1, 4, 6, 23]
[3, 4, 5, 12]
[1, 2, 7, 15, 19]
[2, 3, 5, 19]
[2, 4, 6, 9, 20]
[1, 3, 7, 12, 18]
[3, 4, 6, 14, 17]
[16, 17, 18, 19, 20, 21, 22, 23, 24, 25, 26, 27, 28]


6
process id 1
stats
5, 15, 7, 100, 1000
20220819-191443
loosing coalitions taken
[3, 4, 5, 20, 23]
[1, 2, 8, 12, 21]
[1, 3, 9, 10, 12]
[2, 3, 5, 25]
[1, 2, 9, 11, 14]
[2, 4, 6, 13, 22]
[1, 3, 8, 15, 16]
[1, 3, 7, 11, 20]
[3, 4, 6, 8]
[2, 4, 5, 18, 28]
[1, 4, 7, 8]
[1, 5, 6, 9, 22]
[2, 3, 6, 10]
[1, 4, 6, 26]
[16, 17, 18, 19, 20, 21, 22, 23, 24, 25, 26, 27, 28]


5
process id 0
stats
5, 15, 7, 100, 1000
20220819-191444
loosing coalitions taken
[1, 2, 7, 11, 27]
[1, 2, 8, 12, 20]
[1, 2, 9, 10, 14]
[2, 4, 5, 21, 28]
[1, 4, 7, 8, 26]
[1, 3, 7, 14, 21]
[2, 3, 5, 23]
[1, 5, 6, 12, 22]
[1, 4, 6, 28]
[2, 3, 6, 16, 21]
[3, 4, 5, 19, 20]
[2, 4, 6, 9, 19]
[1, 3, 8, 10, 15]
[3, 4, 6, 8]
[16, 17, 18, 19, 20, 21, 22, 23, 24, 25, 26, 27, 28]


5
process id 7
stats
5, 15, 7, 100, 1000
20220819-191444
loosing coalitions taken
[3, 4, 5, 19, 23]
[2, 4, 5, 20]
[1, 5, 6, 13, 22]
[1, 2, 10, 12, 13]
[2, 3, 6, 13]
[1, 3, 8, 14, 16]
[1, 2, 8, 9, 19]
[1, 4, 6, 26]
[3, 4, 6, 14, 15]
[2, 3, 5, 24]
[1, 4, 7, 10, 18]
[2, 4, 6, 11, 22]
[1, 2, 7, 15, 22]
[1, 3, 7, 13, 21]
[16, 17, 18, 19, 20, 21, 22, 23, 24, 25, 26, 27, 28]


6
process id 1
stats
5, 15, 7, 100, 1000
20220819-191445
loosing coalitions taken
[1, 3, 8, 11, 19]
[1, 4, 7, 10, 18]
[1, 4, 8, 9, 12]
[3, 4, 5, 16]
[1, 5, 6, 13, 21]
[1, 2, 7, 16, 20]
[1, 2, 9, 10, 13]
[2, 3, 6, 14, 28]
[2, 4, 5, 17]
[2, 3, 5, 25]
[2, 4, 6, 13, 22]
[1, 3, 7, 14, 17]
[2, 3, 7, 8, 9]
[1, 4, 6, 26]
[16, 17, 18, 19, 20, 21, 22, 23, 24, 25, 26, 27, 28]


6
process id 6
stats
5, 15, 7, 100, 1000
20220819-191445
loosing coalitions taken
[1, 2, 7, 11, 27]
[1, 4, 8, 11, 14]
[1, 2, 9, 10, 12]
[1, 3, 7, 9, 23]
[2, 3, 6, 12]
[3, 4, 5, 14]
[1, 3, 8, 10, 15]
[1, 2, 8, 13, 19]
[1, 4, 6, 28]
[3, 4, 6, 8]
[2, 4, 5, 16, 28]
[2, 3, 5, 23]
[1, 5, 6, 13, 18]
[1, 4, 7, 10, 18]
[16, 17, 18, 19, 20, 21, 22, 23, 24, 25, 26, 27, 28]


6
process id 4
stats
5, 15, 7, 100, 1000
20220819-191446
loosing coalitions taken
[1, 2, 7, 10, 28]
[3, 4, 6, 10, 20]
[2, 3, 6, 16, 23]
[1, 3, 7, 14, 20]
[1, 3, 8, 11, 19]
[1, 2, 8, 13, 18]
[2, 4, 6, 13, 21]
[1, 4, 6, 27]
[3, 4, 5, 18, 22]
[2, 3, 5, 21]
[1, 4, 7, 8]
[2, 4, 5, 20, 26]
[1, 5, 6, 11, 17]
[1, 2, 9, 11, 12]
[16, 17, 18, 19, 20, 21, 22, 23, 24, 25, 26, 27, 28]


6
process id 3
stats
5, 15, 7, 100, 1000
20220819-191447
loosing coalitions taken
[3, 4, 5, 17, 27]
[1, 2, 7, 12, 25]
[2, 4, 5, 20]
[1, 2, 8, 9, 21]
[1, 3, 8, 10, 17]
[3, 5, 6, 7, 11]
[2, 3, 6, 14]
[3, 4, 6, 9, 18]
[2, 3, 5, 23]
[1, 5, 6, 12, 22]
[1, 3, 7, 14, 20]
[1, 4, 6, 27]
[2, 4, 6, 8]
[1, 4, 8, 11, 13]
[16, 17, 18, 19, 20, 21, 22, 23, 24, 25, 26, 27, 28]


6
process id 5
stats
5, 15, 7, 100, 1000
20220819-191447
loosing coalitions taken
[1, 2, 7, 9]
[1, 5, 6, 10, 25]
[3, 4, 6, 9, 20]
[2, 4, 6, 12, 21]
[1, 4, 6, 26]
[2, 3, 5, 24]
[2, 3, 6, 14]
[1, 3, 7, 13, 18]
[2, 4, 5, 20]
[3, 4, 5, 15]
[1, 2, 8, 10, 21]
[1, 4, 8, 9, 13]
[1, 4, 7, 14, 16]
[1, 3, 8, 12, 19]
[16, 17, 18, 19, 20, 21, 22, 23, 24, 25, 26, 27, 28]


5
process id 2
stats
5, 15, 7, 100, 1000
20220819-191447
loosing coalitions taken
[1, 3, 7, 12, 22]
[1, 2, 9, 10, 11]
[2, 3, 5, 25]
[1, 2, 7, 14, 21]
[1, 4, 7, 8]
[3, 4, 6, 13, 21]
[3, 4, 5, 14]
[1, 4, 6, 28]
[2, 4, 6, 11, 19]
[1, 3, 8, 9, 15]
[2, 4, 5, 20]
[2, 3, 6, 10]
[1, 5, 6, 10, 21]
[1, 2, 8, 12, 17]
[16, 17, 18, 19, 20, 21, 22, 23, 24, 25, 26, 27, 28]


5
process id 1
stats
5, 15, 7, 100, 1000
20220819-191447
loosing coalitions taken
[1, 5, 6, 9, 24]
[1, 2, 7, 14, 20]
[1, 2, 8, 13, 19]
[1, 4, 6, 28]
[2, 3, 6, 13]
[3, 4, 5, 14]
[1, 2, 9, 10, 12]
[1, 3, 7, 11, 23]
[3, 4, 6, 9, 18]
[2, 3, 5, 22]
[2, 4, 5, 18]
[1, 4, 7, 8, 25]
[2, 4, 6, 16, 19]
[1, 3, 8, 10, 15]
[16, 17, 18, 19, 20, 21, 22, 23, 24, 25, 26, 27, 28]


6
process id 2
stats
5, 15, 7, 100, 1000
20220819-191449
loosing coalitions taken
[1, 4, 7, 8]
[3, 4, 5, 20, 24]
[1, 2, 9, 12, 13]
[2, 4, 5, 17]
[1, 3, 9, 10, 11]
[2, 3, 6, 13]
[2, 4, 6, 10, 21]
[1, 4, 6, 26]
[2, 3, 5, 18]
[1, 2, 7, 17, 18]
[1, 5, 6, 15, 19]
[1, 2, 8, 10, 20]
[1, 3, 7, 14, 21]
[3, 4, 6, 14, 18]
[16, 17, 18, 19, 20, 21, 22, 23, 24, 25, 26, 27, 28]


6
process id 4
stats
5, 15, 7, 100, 1000
20220819-191449
loosing coalitions taken
[1, 3, 7, 15, 20]
[1, 2, 8, 15, 16]
[1, 2, 9, 12, 13]
[1, 3, 8, 10, 18]
[1, 2, 7, 14, 22]
[1, 5, 6, 14, 21]
[1, 4, 7, 9, 19]
[2, 3, 5, 21]
[2, 4, 5, 18]
[3, 4, 5, 17, 25]
[2, 3, 6, 11]
[1, 4, 6, 27]
[2, 4, 6, 8]
[1, 4, 8, 13, 14]
[16, 17, 18, 19, 20, 21, 22, 23, 24, 25, 26, 27, 28]


6
process id 6
stats
5, 15, 7, 100, 1000
20220819-191450
loosing coalitions taken
[2, 4, 6, 16, 17]
[3, 4, 6, 14, 18]
[1, 2, 9, 12, 13]
[1, 4, 8, 9, 14]
[1, 2, 8, 11, 20]
[1, 2, 7, 10, 28]
[1, 4, 7, 12, 16]
[1, 3, 7, 13, 22]
[1, 5, 6, 10, 22]
[1, 4, 6, 26]
[3, 4, 5, 16, 28]
[2, 3, 6, 13]
[2, 4, 5, 18]
[1, 3, 8, 12, 17]
[16, 17, 18, 19, 20, 21, 22, 23, 24, 25, 26, 27, 28]


5
process id 4
stats
5, 15, 7, 100, 1000
20220819-191451
loosing coalitions taken
[1, 2, 7, 10, 28]
[1, 3, 7, 14, 20]
[1, 2, 9, 12, 13]
[1, 4, 7, 8]
[3, 4, 5, 21, 24]
[2, 4, 5, 17]
[1, 3, 8, 10, 17]
[3, 4, 6, 14, 19]
[1, 5, 6, 15, 19]
[1, 4, 6, 24]
[2, 3, 6, 13]
[2, 4, 6, 8]
[1, 2, 8, 14, 19]
[2, 3, 5, 20]
[16, 17, 18, 19, 20, 21, 22, 23, 24, 25, 26, 27, 28]


6
process id 1
stats
5, 15, 7, 100, 1000
20220819-191453
loosing coalitions taken
[1, 2, 10, 12, 14]
[1, 3, 8, 11, 19]
[2, 3, 6, 13]
[1, 2, 7, 9]
[3, 4, 5, 15]
[2, 3, 5, 23]
[2, 4, 6, 8]
[2, 4, 5, 20, 26]
[1, 3, 7, 13, 22]
[1, 4, 6, 26]
[1, 5, 6, 15, 17]
[1, 4, 7, 8]
[3, 4, 6, 9, 20]
[1, 2, 8, 15, 16]
[16, 17, 18, 19, 20, 21, 22, 23, 24, 25, 26, 27, 28]


5
process id 6
stats
5, 15, 7, 100, 1000
20220819-191453
loosing coalitions taken
[1, 2, 8, 12, 19]
[3, 4, 5, 15]
[1, 4, 8, 10, 13]
[2, 3, 6, 11, 28]
[1, 2, 7, 11, 26]
[2, 3, 7, 8, 10]
[1, 3, 7, 14, 22]
[2, 4, 6, 16, 17]
[1, 4, 6, 24]
[2, 3, 5, 21]
[2, 4, 5, 18]
[1, 4, 7, 9, 17]
[1, 5, 6, 10, 22]
[1, 3, 8, 9, 16]
[16, 17, 18, 19, 20, 21, 22, 23, 24, 25, 26, 27, 28]


6
process id 4
stats
5, 15, 7, 100, 1000
20220819-191454
loosing coalitions taken
[3, 4, 6, 9, 22]
[1, 4, 7, 8]
[1, 3, 9, 10, 12]
[1, 5, 6, 10, 21]
[3, 4, 5, 21, 24]
[1, 4, 6, 28]
[2, 3, 6, 11]
[1, 3, 7, 11, 20]
[2, 4, 5, 18]
[2, 4, 6, 14, 19]
[1, 2, 7, 9]
[2, 3, 5, 25]
[1, 2, 8, 10, 17]
[1, 3, 8, 14, 16]
[16, 17, 18, 19, 20, 21, 22, 23, 24, 25, 26, 27, 28]


6
process id 7
stats
5, 15, 7, 100, 1000
20220819-191455
loosing coalitions taken
[2, 4, 5, 18]
[1, 2, 8, 12, 21]
[2, 3, 6, 11]
[1, 2, 7, 10, 23]
[1, 4, 7, 9, 17]
[1, 5, 6, 15, 20]
[2, 4, 6, 12, 23]
[3, 4, 5, 20, 22]
[3, 4, 6, 8, 28]
[1, 3, 8, 11, 19]
[2, 3, 5, 23]
[1, 4, 6, 25]
[1, 3, 7, 13, 16]
[1, 2, 9, 11, 13]
[16, 17, 18, 19, 20, 21, 22, 23, 24, 25, 26, 27, 28]


7
process id 0
stats
5, 15, 7, 100, 1000
20220819-191456
loosing coalitions taken
[1, 2, 9, 12, 14]
[1, 2, 7, 17, 18]
[1, 3, 8, 14, 16]
[2, 3, 6, 10]
[1, 3, 7, 15, 20]
[2, 3, 5, 24, 28]
[1, 5, 6, 15, 21]
[3, 4, 5, 16, 23]
[1, 4, 7, 8]
[2, 4, 5, 18]
[1, 4, 6, 24]
[3, 4, 6, 12, 19]
[1, 3, 9, 10, 11]
[2, 4, 6, 8]
[16, 17, 18, 19, 20, 21, 22, 23, 24, 25, 26, 27, 28]


6
process id 3
stats
5, 15, 7, 100, 1000
20220819-191458
loosing coalitions taken
[1, 5, 6, 13, 24]
[1, 2, 7, 9, 23]
[1, 2, 8, 13, 19]
[3, 4, 5, 15]
[1, 3, 8, 14, 16]
[3, 4, 6, 10, 21]
[2, 3, 5, 23]
[2, 3, 6, 14]
[2, 4, 5, 17]
[1, 3, 7, 11, 17]
[1, 4, 6, 26]
[2, 4, 6, 8]
[1, 4, 7, 10, 16]
[1, 4, 8, 9, 15]
[16, 17, 18, 19, 20, 21, 22, 23, 24, 25, 26, 27, 28]


6
process id 6
stats
5, 15, 7, 100, 1000
20220819-191458
loosing coalitions taken
[1, 3, 8, 13, 15]
[2, 4, 5, 21, 26]
[3, 4, 5, 15]
[1, 3, 9, 10, 11]
[2, 3, 6, 11]
[1, 3, 7, 12, 20]
[1, 2, 8, 14, 18]
[1, 2, 7, 9, 27]
[1, 5, 6, 13, 20]
[1, 4, 6, 27]
[1, 4, 7, 8]
[2, 3, 5, 18]
[2, 4, 6, 8]
[3, 4, 6, 9, 17]
[16, 17, 18, 19, 20, 21, 22, 23, 24, 25, 26, 27, 28]


6
process id 2
stats
5, 15, 7, 100, 1000
20220819-191459
loosing coalitions taken
[1, 2, 8, 12, 19]
[1, 2, 7, 10, 26]
[1, 3, 7, 13, 21]
[2, 3, 6, 9]
[3, 4, 5, 17, 22]
[1, 3, 8, 10, 18]
[1, 4, 6, 24]
[1, 4, 7, 12, 16]
[2, 4, 6, 10, 21]
[2, 3, 5, 20, 26]
[1, 5, 6, 11, 18]
[2, 4, 5, 15]
[3, 4, 6, 12, 20]
[1, 4, 8, 9, 14]
[16, 17, 18, 19, 20, 21, 22, 23, 24, 25, 26, 27, 28]


6
process id 7
stats
5, 15, 7, 100, 1000
20220819-191459
loosing coalitions taken
[1, 4, 7, 8]
[2, 3, 6, 13]
[1, 5, 6, 11, 24]
[2, 4, 5, 18]
[2, 3, 5, 25]
[1, 2, 7, 9]
[3, 4, 5, 15]
[2, 4, 6, 14, 22]
[3, 4, 6, 8, 25]
[1, 3, 8, 9, 18]
[1, 2, 8, 11, 19]
[1, 4, 6, 26]
[1, 3, 7, 13, 16]
[1, 2, 10, 12, 13]
[16, 17, 18, 19, 20, 21, 22, 23, 24, 25, 26, 27, 28]


6
process id 4
stats
5, 15, 7, 100, 1000
20220819-191500
loosing coalitions taken
[3, 4, 5, 19, 23]
[2, 3, 6, 11]
[1, 3, 7, 16, 19]
[1, 2, 7, 9]
[2, 4, 5, 20]
[1, 4, 7, 8, 27]
[3, 4, 6, 8]
[2, 3, 5, 22]
[1, 2, 8, 11, 20]
[2, 4, 6, 15, 16]
[1, 4, 6, 28]
[1, 5, 6, 14, 22]
[1, 3, 9, 10, 11]
[1, 3, 8, 14, 15]
[16, 17, 18, 19, 20, 21, 22, 23, 24, 25, 26, 27, 28]


6
process id 5
stats
5, 15, 7, 100, 1000
20220819-191500
loosing coalitions taken
[2, 3, 5, 23]
[1, 3, 8, 9, 20]
[1, 3, 7, 16, 18]
[1, 5, 6, 11, 25]
[1, 4, 7, 9, 17]
[1, 2, 10, 12, 14]
[1, 2, 8, 11, 21]
[3, 4, 5, 13]
[3, 4, 6, 10, 20]
[2, 4, 6, 11, 22]
[2, 4, 5, 16]
[2, 3, 6, 13]
[1, 4, 6, 23]
[1, 2, 7, 13, 20]
[16, 17, 18, 19, 20, 21, 22, 23, 24, 25, 26, 27, 28]


5
process id 6
stats
5, 15, 7, 100, 1000
20220819-191501
loosing coalitions taken
[3, 4, 5, 18, 23]
[2, 3, 5, 25]
[1, 2, 8, 14, 18]
[1, 4, 7, 8]
[1, 2, 9, 10, 13]
[2, 4, 6, 15, 19]
[2, 4, 5, 20, 24]
[2, 3, 6, 16, 18]
[1, 3, 8, 11, 19]
[3, 4, 6, 13, 21]
[1, 2, 7, 15, 21]
[1, 4, 6, 26]
[1, 3, 7, 14, 16]
[1, 5, 6, 15, 20]
[16, 17, 18, 19, 20, 21, 22, 23, 24, 25, 26, 27, 28]


6
process id 1
stats
5, 15, 7, 100, 1000
20220819-191501
loosing coalitions taken
[2, 4, 6, 15, 19]
[1, 4, 8, 9, 13]
[1, 5, 6, 11, 22]
[1, 2, 9, 11, 14]
[1, 4, 7, 10, 19]
[1, 3, 8, 11, 17]
[1, 3, 9, 10, 12]
[1, 3, 7, 15, 21]
[1, 2, 8, 10, 18]
[1, 2, 7, 13, 22]
[1, 4, 6, 25, 27]
[3, 4, 5, 17, 21]
[2, 3, 6, 10]
[2, 4, 5, 20]
[16, 17, 18, 19, 20, 21, 22, 23, 24, 25, 26, 27, 28]


5
process id 7
stats
5, 15, 7, 100, 1000
20220819-191502
loosing coalitions taken
[1, 3, 8, 15, 16]
[3, 4, 5, 15]
[1, 4, 8, 12, 14]
[1, 2, 10, 11, 12]
[1, 2, 7, 16, 21]
[2, 3, 6, 10]
[1, 4, 6, 27]
[2, 3, 5, 18]
[2, 4, 5, 17]
[1, 5, 6, 13, 22]
[1, 3, 7, 10, 24]
[1, 2, 8, 13, 19]
[2, 4, 6, 12, 21]
[1, 4, 7, 11, 17]
[16, 17, 18, 19, 20, 21, 22, 23, 24, 25, 26, 27, 28]


6
process id 2
stats
5, 15, 7, 100, 1000
20220819-191502
loosing coalitions taken
[3, 4, 5, 16]
[1, 4, 7, 9, 19]
[1, 3, 7, 14, 22]
[2, 3, 6, 9]
[1, 3, 8, 11, 17]
[1, 2, 8, 13, 20]
[1, 2, 10, 11, 12]
[2, 3, 5, 21]
[2, 4, 5, 18]
[2, 4, 6, 10, 20]
[1, 5, 6, 12, 24]
[1, 2, 7, 16, 18]
[3, 4, 6, 11, 21]
[1, 4, 6, 25]
[16, 17, 18, 19, 20, 21, 22, 23, 24, 25, 26, 27, 28]


5
process id 2
stats
5, 15, 7, 100, 1000
20220819-191504
loosing coalitions taken
[2, 3, 6, 12]
[1, 3, 8, 10, 17]
[1, 2, 10, 11, 13]
[1, 3, 7, 15, 16]
[1, 2, 7, 9]
[3, 4, 5, 15]
[1, 4, 6, 27]
[2, 4, 5, 19, 23]
[3, 4, 6, 13, 21]
[2, 4, 6, 11, 24]
[1, 4, 7, 8, 22]
[1, 2, 8, 12, 20]
[2, 3, 5, 22]
[1, 5, 6, 11, 22]
[16, 17, 18, 19, 20, 21, 22, 23, 24, 25, 26, 27, 28]


5
process id 5
stats
5, 15, 7, 100, 1000
20220819-191504
loosing coalitions taken
[2, 4, 5, 18]
[1, 2, 8, 11, 20]
[1, 2, 10, 12, 14]
[1, 3, 8, 9, 19]
[1, 2, 7, 9]
[3, 4, 5, 12]
[1, 4, 7, 11, 17]
[1, 4, 6, 25]
[2, 4, 6, 10, 17]
[1, 5, 6, 16, 19]
[2, 3, 5, 21]
[2, 3, 6, 13]
[3, 4, 6, 9, 22]
[1, 3, 7, 16, 18]
[16, 17, 18, 19, 20, 21, 22, 23, 24, 25, 26, 27, 28]


6
process id 3
stats
5, 15, 7, 100, 1000
20220819-191505
loosing coalitions taken
[2, 4, 5, 19]
[2, 3, 6, 11]
[1, 3, 8, 13, 16]
[1, 2, 9, 10, 14]
[1, 3, 7, 14, 22]
[1, 2, 7, 16, 18]
[1, 4, 6, 24]
[1, 4, 7, 8]
[2, 3, 5, 23, 26]
[3, 4, 5, 12]
[2, 4, 6, 10, 22]
[3, 4, 6, 8]
[1, 5, 6, 13, 21]
[1, 2, 8, 11, 19]
[16, 17, 18, 19, 20, 21, 22, 23, 24, 25, 26, 27, 28]


6
process id 4
stats
5, 15, 7, 100, 1000
20220819-191505
loosing coalitions taken
[1, 2, 7, 14, 22]
[1, 3, 8, 9, 17]
[2, 3, 6, 10]
[2, 4, 5, 18, 25]
[3, 4, 5, 16]
[1, 3, 7, 13, 19]
[1, 2, 9, 11, 12]
[1, 4, 6, 23]
[3, 4, 6, 8]
[1, 4, 8, 10, 14]
[2, 3, 5, 20]
[2, 4, 6, 15, 16]
[1, 4, 7, 12, 16]
[1, 5, 6, 13, 21]
[16, 17, 18, 19, 20, 21, 22, 23, 24, 25, 26, 27, 28]


6
process id 5
stats
5, 15, 7, 100, 1000
20220819-191506
loosing coalitions taken
[1, 2, 7, 15, 22]
[1, 4, 7, 8, 25]
[2, 3, 6, 12]
[1, 2, 10, 11, 14]
[3, 4, 5, 16]
[1, 3, 7, 11, 20]
[1, 2, 8, 13, 20]
[2, 4, 5, 19]
[3, 4, 6, 9, 18]
[2, 4, 6, 15, 16]
[1, 4, 6, 24]
[2, 3, 5, 20]
[1, 5, 6, 11, 23]
[1, 3, 8, 9, 17]
[16, 17, 18, 19, 20, 21, 22, 23, 24, 25, 26, 27, 28]


6
process id 7
stats
5, 15, 7, 100, 1000
20220819-191506
loosing coalitions taken
[1, 5, 6, 10, 24]
[1, 2, 9, 10, 13]
[3, 5, 6, 7, 15]
[3, 4, 6, 9, 17]
[2, 4, 6, 13, 22]
[3, 4, 5, 20, 23]
[1, 4, 7, 8]
[1, 2, 8, 12, 20]
[1, 4, 6, 25]
[2, 3, 5, 19]
[2, 3, 6, 11]
[2, 4, 5, 21, 27]
[1, 3, 8, 15, 16]
[1, 2, 7, 14, 18]
[16, 17, 18, 19, 20, 21, 22, 23, 24, 25, 26, 27, 28]


