Results
Max overall: 16
Min avg pop: 0.645
Min pop: 0.647

6
process id 0
stats
5, 16, 7, 100, 1000
20220820-093349
loosing coalitions taken
[2, 4, 5, 20]
[2, 3, 6, 14]
[1, 3, 9, 10, 12]
[1, 2, 8, 9, 22]
[1, 4, 8, 10, 15]
[1, 3, 8, 11, 17]
[1, 2, 7, 12, 26]
[1, 3, 7, 15, 20]
[1, 5, 6, 13, 24]
[2, 3, 5, 23]
[3, 4, 5, 21, 22]
[3, 4, 6, 15, 17]
[1, 4, 7, 13, 16]
[1, 2, 10, 11, 13]
[2, 4, 6, 16, 18]
[16, 17, 18, 19, 20, 21, 22, 23, 24, 25, 26, 27, 28]


6
process id 5
stats
5, 16, 7, 100, 1000
20220820-093356
loosing coalitions taken
[1, 2, 7, 9, 28]
[3, 4, 6, 9, 22]
[1, 3, 7, 13, 22]
[2, 4, 6, 11, 23]
[1, 5, 6, 16, 20]
[1, 4, 7, 10, 19]
[1, 2, 8, 15, 17]
[1, 4, 8, 13, 14]
[1, 3, 8, 12, 18]
[2, 3, 6, 15, 27]
[1, 2, 10, 12, 14]
[1, 3, 9, 10, 11]
[2, 4, 5, 18]
[2, 3, 5, 24]
[3, 4, 5, 16]
[16, 17, 18, 19, 20, 21, 22, 23, 24, 25, 26, 27, 28]


6
process id 3
stats
5, 16, 7, 100, 1000
20220820-093358
loosing coalitions taken
[1, 2, 10, 11, 13]
[1, 5, 6, 10, 26]
[1, 2, 7, 9, 28]
[1, 4, 7, 11, 17]
[2, 4, 6, 11, 23]
[1, 2, 8, 12, 21]
[3, 4, 5, 16]
[1, 3, 8, 11, 18]
[2, 4, 5, 21, 26]
[3, 4, 6, 14, 20]
[1, 4, 8, 13, 14]
[2, 3, 5, 24]
[2, 3, 6, 12]
[1, 3, 7, 15, 21]
[1, 3, 9, 10, 12]
[16, 17, 18, 19, 20, 21, 22, 23, 24, 25, 26, 27, 28]


6
process id 0
stats
5, 16, 7, 100, 1000
20220820-093402
loosing coalitions taken
[1, 3, 8, 15, 16]
[3, 4, 5, 21, 24]
[1, 3, 9, 10, 11]
[2, 3, 5, 25]
[1, 2, 8, 12, 21]
[1, 2, 7, 14, 24]
[1, 5, 6, 11, 23]
[1, 4, 7, 10, 19]
[1, 3, 7, 12, 22]
[2, 3, 6, 14]
[2, 3, 7, 8, 9]
[1, 4, 8, 11, 14]
[2, 4, 5, 18]
[2, 4, 6, 9, 23]
[3, 4, 6, 13, 19]
[16, 17, 18, 19, 20, 21, 22, 23, 24, 25, 26, 27, 28]


6
process id 7
stats
5, 16, 7, 100, 1000
20220820-093405
loosing coalitions taken
[1, 2, 7, 9, 28]
[1, 4, 8, 13, 14]
[1, 3, 9, 10, 11]
[1, 3, 7, 16, 19]
[1, 4, 7, 10, 18]
[2, 3, 6, 14]
[3, 4, 5, 19, 25]
[1, 2, 8, 15, 17]
[1, 5, 6, 12, 23]
[1, 3, 8, 12, 18]
[3, 4, 6, 9, 22]
[2, 4, 5, 18]
[2, 3, 5, 24]
[2, 4, 6, 15, 20]
[2, 3, 7, 8, 10]
[16, 17, 18, 19, 20, 21, 22, 23, 24, 25, 26, 27, 28]


6
process id 2
stats
5, 16, 7, 100, 1000
20220820-093407
loosing coalitions taken
[1, 5, 6, 10, 26]
[1, 3, 9, 10, 11]
[1, 2, 10, 12, 14]
[2, 4, 5, 20]
[1, 3, 7, 15, 20]
[1, 3, 8, 12, 17]
[2, 3, 6, 14]
[2, 4, 6, 15, 18]
[2, 3, 5, 24]
[3, 4, 5, 16]
[1, 4, 7, 14, 16]
[1, 2, 7, 9]
[1, 2, 8, 11, 20]
[1, 4, 8, 9, 15]
[3, 4, 6, 11, 21]
[16, 17, 18, 19, 20, 21, 22, 23, 24, 25, 26, 27, 28]


6
process id 7
stats
5, 16, 7, 100, 1000
20220820-093412
loosing coalitions taken
[1, 2, 7, 15, 22]
[1, 3, 7, 10, 24]
[2, 4, 6, 11, 24]
[1, 4, 7, 11, 17]
[1, 2, 10, 11, 13]
[1, 3, 8, 12, 18]
[3, 4, 6, 13, 20]
[2, 3, 6, 14]
[1, 5, 6, 15, 21]
[3, 4, 5, 21, 24]
[2, 4, 5, 18]
[2, 3, 7, 8, 9]
[2, 3, 5, 25]
[1, 4, 8, 9, 15]
[1, 2, 8, 14, 19]
[16, 17, 18, 19, 20, 21, 22, 23, 24, 25, 26, 27, 28]


6
process id 0
stats
5, 16, 7, 100, 1000
20220820-093412
loosing coalitions taken
[2, 3, 5, 25]
[1, 3, 9, 10, 12]
[1, 2, 7, 14, 24]
[1, 3, 8, 11, 18]
[1, 2, 10, 11, 13]
[1, 3, 7, 16, 17]
[2, 4, 6, 11, 24]
[1, 2, 8, 15, 17]
[1, 5, 6, 15, 21]
[1, 4, 7, 10, 19]
[2, 4, 5, 17]
[3, 4, 6, 13, 21]
[2, 3, 6, 17, 20]
[1, 4, 8, 12, 13]
[3, 4, 5, 19, 24]
[16, 17, 18, 19, 20, 21, 22, 23, 24, 25, 26, 27, 28]


6
process id 1
stats
5, 16, 7, 100, 1000
20220820-093417
loosing coalitions taken
[1, 2, 7, 15, 22]
[1, 3, 9, 10, 12]
[2, 3, 6, 15, 25]
[1, 3, 8, 11, 19]
[2, 4, 6, 13, 22]
[3, 4, 5, 21, 24]
[2, 4, 5, 19]
[1, 4, 8, 9, 15]
[1, 3, 7, 16, 18]
[1, 5, 6, 14, 22]
[1, 2, 8, 13, 20]
[2, 3, 7, 8, 10]
[3, 4, 6, 14, 20]
[1, 2, 10, 11, 14]
[1, 4, 7, 10, 17]
[16, 17, 18, 19, 20, 21, 22, 23, 24, 25, 26, 27, 28]


6
process id 3
stats
5, 16, 7, 100, 1000
20220820-093418
loosing coalitions taken
[2, 3, 6, 14]
[1, 5, 6, 13, 23]
[1, 3, 8, 15, 16]
[2, 4, 5, 21, 28]
[1, 4, 8, 12, 14]
[2, 3, 5, 23]
[2, 4, 6, 11, 24]
[1, 2, 7, 10, 27]
[3, 4, 6, 13, 20]
[1, 2, 9, 11, 14]
[1, 4, 7, 9, 19]
[1, 2, 8, 13, 19]
[3, 4, 5, 16]
[1, 3, 7, 11, 23]
[1, 3, 9, 10, 12]
[16, 17, 18, 19, 20, 21, 22, 23, 24, 25, 26, 27, 28]


6
process id 5
stats
5, 16, 7, 100, 1000
20220820-093423
loosing coalitions taken
[1, 3, 9, 10, 11]
[1, 5, 6, 9, 25]
[2, 4, 5, 21, 28]
[1, 4, 7, 10, 19]
[1, 4, 8, 13, 14]
[3, 4, 6, 14, 20]
[1, 3, 7, 15, 20]
[2, 4, 6, 11, 24]
[1, 3, 8, 12, 17]
[1, 2, 7, 14, 23]
[3, 4, 5, 19, 26]
[2, 3, 7, 8, 10]
[2, 3, 5, 24]
[2, 3, 6, 12]
[1, 2, 8, 11, 20]
[16, 17, 18, 19, 20, 21, 22, 23, 24, 25, 26, 27, 28]


6
process id 4
stats
5, 16, 7, 100, 1000
20220820-093425
loosing coalitions taken
[1, 5, 6, 10, 26]
[3, 4, 6, 13, 21]
[1, 4, 8, 13, 14]
[1, 3, 7, 16, 17]
[2, 4, 5, 20]
[1, 3, 8, 12, 19]
[1, 4, 7, 10, 19]
[1, 2, 7, 11, 27]
[2, 4, 6, 9, 25]
[2, 3, 7, 8, 9]
[2, 3, 6, 12]
[2, 3, 5, 23]
[1, 2, 9, 12, 14]
[3, 4, 5, 17, 27]
[1, 3, 9, 10, 11]
[16, 17, 18, 19, 20, 21, 22, 23, 24, 25, 26, 27, 28]


6
process id 2
stats
5, 16, 7, 100, 1000
20220820-093425
loosing coalitions taken
[1, 3, 8, 11, 19]
[3, 4, 6, 15, 17]
[1, 2, 9, 11, 14]
[1, 2, 8, 12, 21]
[1, 3, 9, 10, 12]
[3, 4, 5, 16]
[1, 4, 7, 10, 19]
[1, 5, 6, 12, 23]
[2, 4, 6, 11, 23]
[1, 3, 7, 14, 22]
[1, 2, 7, 17, 18]
[2, 3, 5, 24, 28]
[2, 4, 5, 20]
[2, 3, 6, 12]
[2, 3, 7, 8, 10]
[16, 17, 18, 19, 20, 21, 22, 23, 24, 25, 26, 27, 28]


6
process id 5
stats
5, 16, 7, 100, 1000
20220820-093434
loosing coalitions taken
[2, 4, 5, 20]
[1, 4, 8, 13, 14]
[1, 2, 9, 12, 13]
[1, 2, 8, 15, 17]
[1, 3, 8, 12, 19]
[1, 2, 7, 11, 26]
[1, 3, 9, 10, 11]
[1, 4, 7, 10, 18]
[2, 3, 6, 12]
[2, 3, 5, 23]
[3, 4, 5, 16]
[3, 4, 6, 15, 17]
[2, 4, 6, 10, 24]
[1, 3, 7, 14, 21]
[1, 5, 6, 11, 25]
[16, 17, 18, 19, 20, 21, 22, 23, 24, 25, 26, 27, 28]


6
process id 2
stats
5, 16, 7, 100, 1000
20220820-093436
loosing coalitions taken
[1, 4, 8, 13, 14]
[1, 3, 7, 15, 20]
[3, 4, 6, 15, 17]
[1, 3, 8, 11, 19]
[1, 5, 6, 11, 25]
[3, 4, 5, 18, 27]
[2, 4, 5, 20, 26]
[1, 2, 7, 12, 25]
[1, 2, 10, 11, 14]
[1, 2, 8, 15, 17]
[2, 3, 6, 13]
[2, 4, 6, 12, 23]
[2, 3, 5, 24]
[1, 4, 7, 9, 19]
[1, 3, 9, 10, 12]
[16, 17, 18, 19, 20, 21, 22, 23, 24, 25, 26, 27, 28]


6
process id 7
stats
5, 16, 7, 100, 1000
20220820-093437
loosing coalitions taken
[1, 3, 8, 12, 19]
[1, 4, 7, 10, 19]
[2, 4, 6, 16, 18]
[1, 3, 7, 11, 23]
[1, 2, 7, 17, 18]
[2, 3, 5, 25]
[3, 4, 6, 13, 21]
[2, 4, 5, 17]
[2, 3, 6, 14]
[1, 5, 6, 14, 22]
[2, 3, 7, 8, 10]
[3, 4, 5, 16]
[1, 4, 8, 11, 13]
[1, 2, 8, 9, 21]
[1, 2, 10, 11, 14]
[16, 17, 18, 19, 20, 21, 22, 23, 24, 25, 26, 27, 28]


6
process id 0
stats
5, 16, 7, 100, 1000
20220820-093439
loosing coalitions taken
[3, 4, 6, 15, 17]
[2, 4, 6, 10, 23]
[1, 3, 8, 15, 16]
[1, 4, 8, 11, 14]
[2, 3, 6, 14]
[1, 3, 7, 10, 24]
[1, 2, 10, 11, 12]
[1, 2, 7, 15, 22]
[3, 4, 5, 21, 23]
[2, 4, 5, 17]
[2, 3, 5, 24, 28]
[1, 4, 7, 13, 16]
[1, 5, 6, 16, 20]
[1, 2, 8, 13, 18]
[2, 3, 7, 8, 9]
[16, 17, 18, 19, 20, 21, 22, 23, 24, 25, 26, 27, 28]


6
process id 1
stats
5, 16, 7, 100, 1000
20220820-093440
loosing coalitions taken
[1, 3, 9, 10, 11]
[2, 3, 6, 14]
[1, 3, 7, 13, 22]
[1, 4, 8, 13, 14]
[1, 4, 7, 10, 17]
[1, 5, 6, 16, 20]
[2, 3, 5, 23]
[2, 4, 5, 21, 28]
[3, 4, 6, 11, 20]
[2, 3, 7, 8, 10]
[2, 4, 6, 9, 23]
[1, 3, 8, 15, 16]
[3, 4, 5, 16]
[1, 2, 7, 11, 25]
[1, 2, 10, 12, 14]
[16, 17, 18, 19, 20, 21, 22, 23, 24, 25, 26, 27, 28]


7
process id 6
stats
5, 16, 7, 100, 1000
20220820-093448
loosing coalitions taken
[2, 4, 5, 20, 28]
[1, 3, 7, 11, 23]
[1, 4, 7, 9, 18]
[1, 5, 6, 9, 26]
[2, 4, 6, 16, 18]
[1, 2, 10, 12, 14]
[3, 4, 5, 17, 26]
[1, 4, 8, 10, 15]
[1, 2, 7, 13, 25]
[2, 3, 5, 23]
[1, 2, 8, 11, 20]
[2, 3, 6, 12]
[3, 4, 6, 11, 21]
[1, 3, 8, 9, 19]
[2, 3, 7, 8, 10]
[16, 17, 18, 19, 20, 21, 22, 23, 24, 25, 26, 27, 28]


6
process id 5
stats
5, 16, 7, 100, 1000
20220820-093452
loosing coalitions taken
[1, 3, 7, 15, 21]
[2, 3, 6, 14]
[1, 4, 7, 11, 17]
[3, 4, 5, 20, 24]
[1, 5, 6, 16, 20]
[1, 4, 8, 10, 15]
[1, 2, 7, 12, 24]
[1, 2, 10, 11, 13]
[2, 4, 6, 9, 25]
[2, 3, 7, 8, 9]
[2, 3, 5, 25]
[2, 4, 5, 19]
[3, 4, 6, 13, 18]
[1, 3, 8, 12, 18]
[1, 2, 8, 14, 19]
[16, 17, 18, 19, 20, 21, 22, 23, 24, 25, 26, 27, 28]


6
process id 1
stats
5, 16, 7, 100, 1000
20220820-093454
loosing coalitions taken
[1, 3, 7, 15, 21]
[2, 4, 6, 11, 24]
[1, 5, 6, 16, 20]
[1, 3, 9, 10, 11]
[1, 2, 7, 17, 18]
[1, 4, 8, 10, 15]
[1, 3, 8, 12, 17]
[1, 2, 8, 9, 22]
[1, 4, 7, 13, 16]
[2, 3, 5, 23]
[3, 4, 6, 12, 21]
[2, 4, 5, 18]
[2, 3, 7, 8, 10]
[2, 3, 6, 14]
[3, 4, 5, 17, 27]
[16, 17, 18, 19, 20, 21, 22, 23, 24, 25, 26, 27, 28]


6
process id 3
stats
5, 16, 7, 100, 1000
20220820-093501
loosing coalitions taken
[1, 3, 8, 11, 18]
[2, 3, 7, 8, 10]
[1, 5, 6, 11, 25]
[2, 4, 5, 20]
[1, 3, 7, 15, 21]
[1, 2, 7, 17, 18]
[1, 3, 9, 10, 12]
[1, 2, 8, 9, 22]
[2, 3, 6, 14]
[3, 4, 5, 18, 27]
[1, 4, 7, 14, 16]
[2, 3, 5, 25, 28]
[3, 4, 6, 13, 21]
[2, 4, 6, 10, 22]
[1, 2, 10, 11, 13]
[16, 17, 18, 19, 20, 21, 22, 23, 24, 25, 26, 27, 28]


6
process id 5
stats
5, 16, 7, 100, 1000
20220820-093502
loosing coalitions taken
[3, 4, 6, 14, 20]
[3, 4, 5, 18, 27]
[2, 4, 5, 20, 28]
[1, 2, 8, 9, 22]
[1, 3, 9, 10, 12]
[1, 5, 6, 16, 19]
[1, 2, 7, 12, 26]
[1, 3, 7, 15, 20]
[2, 4, 6, 9, 23]
[2, 3, 6, 15, 26]
[1, 3, 8, 11, 17]
[2, 3, 5, 25]
[1, 4, 7, 14, 16]
[1, 2, 10, 11, 13]
[1, 4, 8, 10, 15]
[16, 17, 18, 19, 20, 21, 22, 23, 24, 25, 26, 27, 28]


6
process id 0
stats
5, 16, 7, 100, 1000
20220820-093503
loosing coalitions taken
[1, 5, 6, 13, 23]
[2, 3, 7, 8, 9]
[3, 4, 6, 13, 21]
[2, 3, 6, 16, 24]
[1, 4, 7, 10, 19]
[1, 3, 7, 16, 17]
[1, 2, 10, 12, 14]
[1, 3, 8, 11, 19]
[1, 2, 7, 15, 22]
[2, 4, 6, 11, 23]
[2, 3, 5, 25]
[1, 4, 8, 9, 15]
[1, 2, 8, 13, 17]
[2, 4, 5, 19]
[3, 4, 5, 18, 24]
[16, 17, 18, 19, 20, 21, 22, 23, 24, 25, 26, 27, 28]


7
process id 4
stats
5, 16, 7, 100, 1000
20220820-093505
loosing coalitions taken
[2, 3, 6, 14]
[1, 2, 9, 11, 13]
[1, 3, 8, 15, 16]
[1, 3, 7, 11, 23]
[1, 2, 7, 16, 21]
[1, 5, 6, 11, 24]
[1, 2, 8, 12, 20]
[2, 4, 5, 18]
[3, 4, 5, 16]
[2, 3, 5, 25, 26]
[2, 4, 6, 15, 21]
[3, 4, 6, 13, 19]
[1, 4, 7, 9, 17]
[1, 3, 9, 10, 12]
[2, 5, 6, 8, 10]
[16, 17, 18, 19, 20, 21, 22, 23, 24, 25, 26, 27, 28]


6
process id 2
stats
5, 16, 7, 100, 1000
20220820-093511
loosing coalitions taken
[1, 2, 7, 13, 25]
[1, 2, 10, 11, 14]
[1, 5, 6, 9, 25]
[1, 4, 7, 10, 18]
[1, 3, 7, 14, 22]
[1, 3, 8, 11, 18]
[2, 3, 6, 15, 25]
[2, 3, 7, 8, 10]
[1, 3, 9, 10, 12]
[2, 4, 6, 9, 24]
[2, 4, 5, 20, 27]
[3, 4, 6, 12, 21]
[2, 3, 5, 26, 28]
[1, 2, 8, 12, 20]
[3, 4, 5, 16]
[16, 17, 18, 19, 20, 21, 22, 23, 24, 25, 26, 27, 28]


6
process id 6
stats
5, 16, 7, 100, 1000
20220820-093514
loosing coalitions taken
[1, 2, 8, 9, 22]
[2, 3, 5, 25]
[1, 4, 8, 10, 15]
[2, 4, 6, 16, 17]
[1, 2, 10, 12, 14]
[1, 2, 7, 11, 26]
[1, 4, 7, 9, 18]
[1, 3, 9, 10, 11]
[1, 3, 8, 12, 17]
[2, 3, 6, 12]
[3, 4, 5, 16]
[2, 4, 5, 18]
[1, 3, 7, 15, 20]
[1, 5, 6, 12, 23]
[3, 4, 6, 13, 20]
[16, 17, 18, 19, 20, 21, 22, 23, 24, 25, 26, 27, 28]


6
process id 6
stats
5, 16, 7, 100, 1000
20220820-093522
loosing coalitions taken
[1, 3, 8, 12, 18]
[1, 2, 7, 17, 19]
[1, 3, 9, 10, 11]
[1, 2, 9, 12, 14]
[1, 2, 8, 11, 20]
[1, 4, 8, 9, 15]
[1, 5, 6, 16, 20]
[2, 3, 7, 8, 10]
[2, 4, 5, 18]
[2, 3, 6, 13]
[1, 3, 7, 15, 20]
[2, 3, 5, 25]
[3, 4, 5, 16]
[3, 4, 6, 9, 21]
[2, 4, 6, 12, 22]
[16, 17, 18, 19, 20, 21, 22, 23, 24, 25, 26, 27, 28]


6
process id 0
stats
5, 16, 7, 100, 1000
20220820-093522
loosing coalitions taken
[1, 3, 8, 11, 19]
[3, 4, 5, 21, 23]
[1, 3, 7, 16, 17]
[1, 4, 7, 10, 18]
[1, 2, 7, 9]
[1, 5, 6, 11, 24]
[2, 4, 5, 20]
[2, 4, 6, 12, 22]
[1, 2, 8, 13, 20]
[2, 3, 5, 25]
[1, 2, 10, 11, 14]
[2, 3, 7, 8, 10]
[2, 3, 6, 14]
[3, 4, 6, 13, 19]
[1, 4, 8, 12, 14]
[16, 17, 18, 19, 20, 21, 22, 23, 24, 25, 26, 27, 28]


6
process id 3
stats
5, 16, 7, 100, 1000
20220820-093526
loosing coalitions taken
[1, 5, 6, 13, 24]
[1, 4, 8, 13, 14]
[2, 3, 7, 8, 10]
[1, 2, 7, 17, 18]
[1, 3, 8, 11, 17]
[2, 3, 6, 13]
[1, 2, 9, 10, 14]
[1, 3, 7, 14, 22]
[3, 4, 5, 17, 27]
[2, 4, 5, 19]
[1, 4, 7, 9, 19]
[2, 3, 5, 24]
[2, 4, 6, 15, 20]
[3, 4, 6, 9, 21]
[1, 2, 8, 12, 20]
[16, 17, 18, 19, 20, 21, 22, 23, 24, 25, 26, 27, 28]


6
process id 0
stats
5, 16, 7, 100, 1000
20220820-093529
loosing coalitions taken
[1, 3, 9, 10, 11]
[1, 3, 7, 16, 17]
[1, 2, 9, 12, 14]
[3, 4, 5, 21, 23]
[1, 3, 8, 12, 18]
[1, 2, 7, 15, 22]
[1, 5, 6, 11, 24]
[1, 4, 8, 11, 14]
[2, 3, 5, 25]
[2, 4, 6, 16, 18]
[3, 4, 6, 9, 22]
[2, 3, 6, 19, 20]
[2, 4, 5, 19]
[2, 3, 7, 8, 10]
[1, 2, 8, 13, 17]
[16, 17, 18, 19, 20, 21, 22, 23, 24, 25, 26, 27, 28]


7
process id 6
stats
5, 16, 7, 100, 1000
20220820-093542
loosing coalitions taken
[1, 5, 6, 10, 25]
[1, 3, 8, 11, 18]
[1, 4, 7, 14, 16]
[1, 2, 7, 17, 19]
[3, 4, 5, 17, 26]
[2, 4, 5, 22, 23]
[1, 3, 9, 10, 12]
[1, 4, 8, 9, 15]
[2, 3, 6, 15, 27]
[2, 3, 5, 25]
[1, 3, 7, 13, 22]
[3, 4, 6, 12, 21]
[1, 2, 9, 11, 14]
[1, 2, 8, 13, 20]
[2, 4, 6, 16, 18]
[16, 17, 18, 19, 20, 21, 22, 23, 24, 25, 26, 27, 28]


7
process id 7
stats
5, 16, 7, 100, 1000
20220820-093549
loosing coalitions taken
[1, 2, 7, 11, 25]
[1, 4, 7, 9, 17]
[1, 5, 6, 15, 21]
[2, 4, 5, 21, 27]
[1, 3, 7, 12, 22]
[1, 3, 9, 10, 11]
[1, 3, 8, 15, 16]
[3, 4, 5, 17, 28]
[2, 4, 6, 9, 25]
[1, 2, 10, 12, 14]
[1, 4, 8, 13, 14]
[1, 2, 8, 9, 22]
[2, 3, 6, 16, 23]
[2, 3, 5, 24]
[3, 4, 6, 13, 19]
[16, 17, 18, 19, 20, 21, 22, 23, 24, 25, 26, 27, 28]


6
process id 6
stats
5, 16, 7, 100, 1000
20220820-093549
loosing coalitions taken
[2, 4, 5, 20]
[1, 3, 9, 10, 11]
[1, 2, 7, 9]
[1, 5, 6, 13, 24]
[1, 3, 8, 15, 16]
[3, 4, 5, 18, 26]
[1, 4, 8, 10, 14]
[2, 3, 6, 16, 22]
[2, 3, 5, 24]
[3, 4, 6, 13, 19]
[1, 2, 8, 11, 20]
[1, 3, 7, 14, 21]
[2, 4, 6, 12, 23]
[1, 2, 10, 12, 13]
[3, 5, 6, 7, 15]
[16, 17, 18, 19, 20, 21, 22, 23, 24, 25, 26, 27, 28]


6
process id 5
stats
5, 16, 7, 100, 1000
20220820-093550
loosing coalitions taken
[1, 3, 8, 11, 18]
[1, 2, 8, 12, 21]
[1, 2, 9, 11, 13]
[2, 3, 7, 8, 9]
[1, 3, 9, 10, 12]
[1, 4, 8, 9, 15]
[1, 2, 7, 15, 22]
[1, 3, 7, 16, 19]
[2, 3, 6, 14]
[1, 5, 6, 10, 25]
[1, 4, 7, 10, 18]
[2, 4, 5, 17]
[2, 3, 5, 25]
[3, 4, 6, 10, 21]
[3, 4, 5, 16]
[16, 17, 18, 19, 20, 21, 22, 23, 24, 25, 26, 27, 28]


6
process id 1
stats
5, 16, 7, 100, 1000
20220820-093557
loosing coalitions taken
[1, 3, 7, 16, 18]
[1, 3, 9, 10, 11]
[2, 4, 5, 20]
[2, 3, 6, 15, 27]
[3, 4, 6, 13, 21]
[1, 3, 8, 12, 17]
[1, 2, 7, 11, 27]
[1, 4, 8, 13, 14]
[1, 2, 10, 12, 14]
[1, 2, 8, 9, 22]
[1, 5, 6, 10, 26]
[3, 4, 5, 16]
[2, 3, 5, 25]
[2, 4, 6, 12, 23]
[1, 4, 7, 9, 17]
[16, 17, 18, 19, 20, 21, 22, 23, 24, 25, 26, 27, 28]


6
process id 5
stats
5, 16, 7, 100, 1000
20220820-093604
loosing coalitions taken
[1, 5, 6, 13, 23]
[2, 4, 5, 20]
[1, 2, 10, 11, 13]
[1, 3, 7, 15, 21]
[1, 2, 8, 12, 21]
[1, 3, 9, 10, 12]
[1, 4, 8, 13, 14]
[1, 4, 7, 10, 19]
[2, 3, 5, 24, 28]
[2, 4, 6, 10, 23]
[3, 4, 6, 11, 20]
[1, 2, 7, 9]
[3, 4, 5, 19, 23]
[2, 3, 6, 12]
[1, 3, 8, 11, 17]
[16, 17, 18, 19, 20, 21, 22, 23, 24, 25, 26, 27, 28]


6
process id 0
stats
5, 16, 7, 100, 1000
20220820-093608
loosing coalitions taken
[1, 2, 10, 11, 13]
[2, 4, 6, 15, 20]
[1, 3, 7, 16, 19]
[1, 4, 7, 11, 17]
[1, 5, 6, 10, 26]
[1, 3, 8, 11, 18]
[2, 3, 6, 13]
[2, 4, 5, 21, 26]
[1, 2, 7, 9]
[2, 3, 7, 8, 10]
[2, 3, 5, 25]
[3, 4, 5, 18, 24]
[1, 4, 8, 13, 14]
[1, 2, 8, 12, 21]
[3, 4, 6, 12, 21]
[16, 17, 18, 19, 20, 21, 22, 23, 24, 25, 26, 27, 28]


7
process id 4
stats
5, 16, 7, 100, 1000
20220820-093612
loosing coalitions taken
[1, 2, 10, 12, 13]
[2, 4, 6, 11, 24]
[1, 5, 6, 16, 20]
[1, 2, 8, 9, 22]
[1, 3, 8, 11, 19]
[2, 3, 7, 8, 10]
[3, 4, 6, 13, 21]
[2, 3, 6, 14]
[3, 4, 5, 17, 25]
[1, 3, 7, 9, 23]
[1, 4, 8, 12, 14]
[2, 4, 5, 20]
[2, 3, 5, 24, 28]
[1, 2, 7, 11, 26]
[1, 4, 7, 10, 18]
[16, 17, 18, 19, 20, 21, 22, 23, 24, 25, 26, 27, 28]


6
process id 2
stats
5, 16, 7, 100, 1000
20220820-093620
loosing coalitions taken
[1, 3, 8, 9, 20]
[2, 4, 6, 15, 20]
[2, 3, 6, 13]
[1, 5, 6, 12, 24]
[1, 2, 10, 11, 14]
[1, 3, 7, 12, 22]
[1, 2, 8, 15, 17]
[3, 4, 5, 18, 25]
[1, 2, 7, 9]
[2, 5, 6, 7, 16]
[2, 3, 5, 26, 28]
[2, 4, 5, 19]
[1, 4, 8, 12, 13]
[2, 3, 7, 8, 10]
[3, 4, 6, 14, 17]
[16, 17, 18, 19, 20, 21, 22, 23, 24, 25, 26, 27, 28]


6
process id 1
stats
5, 16, 7, 100, 1000
20220820-093634
loosing coalitions taken
[1, 4, 8, 10, 15]
[1, 5, 6, 15, 21]
[2, 3, 6, 13]
[1, 3, 8, 11, 18]
[2, 4, 5, 19]
[1, 3, 7, 14, 22]
[1, 4, 7, 11, 17]
[3, 4, 5, 16]
[2, 3, 5, 23]
[2, 3, 7, 8, 9]
[1, 2, 8, 13, 19]
[1, 2, 10, 11, 14]
[2, 4, 6, 11, 22]
[1, 2, 7, 12, 25]
[1, 3, 9, 10, 12]
[16, 17, 18, 19, 20, 21, 22, 23, 24, 25, 26, 27, 28]


6
process id 2
stats
5, 16, 7, 100, 1000
20220820-093635
loosing coalitions taken
[1, 3, 8, 11, 18]
[1, 5, 6, 12, 23]
[2, 4, 6, 16, 19]
[3, 4, 6, 9, 22]
[1, 2, 7, 9]
[2, 4, 5, 21, 28]
[2, 3, 5, 25]
[1, 4, 8, 12, 13]
[1, 3, 9, 10, 12]
[2, 3, 6, 14]
[3, 4, 5, 16]
[1, 2, 10, 11, 13]
[1, 3, 7, 16, 19]
[2, 3, 7, 8, 10]
[1, 2, 8, 15, 17]
[16, 17, 18, 19, 20, 21, 22, 23, 24, 25, 26, 27, 28]


6
process id 6
stats
5, 16, 7, 100, 1000
20220820-093644
loosing coalitions taken
[2, 3, 6, 14]
[1, 4, 7, 14, 16]
[1, 3, 7, 9, 23]
[1, 3, 8, 11, 18]
[1, 2, 7, 13, 24]
[2, 4, 5, 19]
[1, 4, 8, 9, 15]
[2, 3, 7, 8, 10]
[2, 3, 5, 23]
[3, 4, 5, 16]
[3, 4, 6, 13, 17]
[1, 2, 8, 12, 21]
[2, 4, 6, 9, 25]
[1, 2, 9, 10, 14]
[1, 5, 6, 10, 26]
[16, 17, 18, 19, 20, 21, 22, 23, 24, 25, 26, 27, 28]


6
process id 2
stats
5, 16, 7, 100, 1000
20220820-093645
loosing coalitions taken
[2, 4, 6, 16, 17]
[1, 2, 10, 12, 14]
[1, 3, 8, 12, 18]
[3, 4, 5, 21, 23]
[1, 4, 8, 10, 15]
[2, 4, 5, 20]
[1, 5, 6, 13, 23]
[1, 3, 7, 15, 20]
[2, 3, 5, 26, 27]
[1, 2, 8, 11, 21]
[1, 2, 7, 9]
[3, 4, 6, 14, 19]
[2, 3, 6, 13]
[2, 3, 7, 8, 10]
[1, 4, 7, 13, 16]
[16, 17, 18, 19, 20, 21, 22, 23, 24, 25, 26, 27, 28]


6
process id 1
stats
5, 16, 7, 100, 1000
20220820-093646
loosing coalitions taken
[1, 4, 7, 10, 19]
[1, 3, 7, 15, 20]
[3, 4, 5, 17, 27]
[1, 2, 8, 11, 21]
[3, 4, 6, 14, 20]
[1, 2, 10, 12, 14]
[1, 5, 6, 16, 19]
[1, 4, 8, 9, 15]
[2, 4, 5, 20]
[2, 3, 5, 25]
[1, 3, 8, 13, 16]
[2, 4, 6, 10, 23]
[2, 3, 6, 12]
[1, 2, 7, 9]
[1, 3, 9, 10, 11]
[16, 17, 18, 19, 20, 21, 22, 23, 24, 25, 26, 27, 28]


6
process id 4
stats
5, 16, 7, 100, 1000
20220820-093646
loosing coalitions taken
[1, 3, 9, 10, 12]
[1, 2, 7, 12, 25]
[1, 4, 7, 10, 17]
[2, 3, 6, 14]
[1, 3, 8, 11, 18]
[1, 3, 7, 13, 22]
[2, 4, 5, 20]
[1, 2, 9, 11, 13]
[2, 4, 6, 9, 23]
[2, 5, 6, 8, 11]
[3, 4, 5, 17, 28]
[1, 2, 8, 14, 17]
[2, 3, 5, 25]
[1, 5, 6, 16, 19]
[3, 4, 6, 10, 21]
[16, 17, 18, 19, 20, 21, 22, 23, 24, 25, 26, 27, 28]


6
process id 0
stats
5, 16, 7, 100, 1000
20220820-093646
loosing coalitions taken
[1, 2, 8, 11, 21]
[1, 5, 6, 13, 23]
[1, 2, 7, 17, 18]
[1, 4, 8, 9, 15]
[1, 3, 8, 12, 19]
[2, 3, 6, 13]
[1, 3, 7, 15, 20]
[1, 4, 7, 14, 16]
[2, 4, 5, 19]
[3, 4, 5, 20, 24]
[2, 3, 5, 25]
[2, 4, 6, 11, 23]
[3, 4, 6, 14, 18]
[1, 3, 9, 10, 11]
[2, 3, 7, 8, 9]
[16, 17, 18, 19, 20, 21, 22, 23, 24, 25, 26, 27, 28]


6
process id 3
stats
5, 16, 7, 100, 1000
20220820-093650
loosing coalitions taken
[1, 5, 6, 12, 23]
[1, 2, 7, 12, 26]
[1, 4, 7, 11, 17]
[1, 3, 9, 10, 11]
[2, 4, 5, 20]
[3, 4, 6, 15, 17]
[2, 3, 6, 19, 21]
[1, 3, 8, 12, 17]
[1, 2, 8, 13, 19]
[2, 3, 5, 24]
[2, 4, 6, 10, 24]
[3, 4, 5, 16]
[1, 3, 7, 15, 20]
[2, 3, 7, 8, 9]
[1, 4, 8, 9, 15]
[16, 17, 18, 19, 20, 21, 22, 23, 24, 25, 26, 27, 28]


6
process id 1
stats
5, 16, 7, 100, 1000
20220820-093700
loosing coalitions taken
[1, 4, 7, 14, 16]
[1, 2, 8, 11, 21]
[1, 3, 7, 11, 22]
[1, 2, 7, 10, 28]
[1, 2, 9, 12, 14]
[1, 4, 8, 9, 15]
[2, 4, 5, 18]
[1, 5, 6, 10, 25]
[2, 4, 6, 14, 22]
[1, 3, 8, 13, 16]
[2, 3, 5, 25]
[2, 3, 6, 12]
[3, 4, 5, 16]
[3, 4, 6, 13, 18]
[2, 3, 7, 8, 9]
[16, 17, 18, 19, 20, 21, 22, 23, 24, 25, 26, 27, 28]


6
process id 0
stats
5, 16, 7, 100, 1000
20220820-093703
loosing coalitions taken
[2, 3, 7, 8, 10]
[3, 4, 5, 20, 23]
[1, 3, 9, 10, 12]
[1, 4, 7, 11, 17]
[1, 5, 6, 16, 20]
[1, 2, 8, 15, 17]
[1, 3, 7, 13, 22]
[1, 2, 7, 9]
[1, 4, 8, 12, 13]
[2, 3, 6, 14]
[2, 4, 5, 19]
[3, 4, 6, 13, 21]
[2, 3, 5, 24]
[1, 3, 8, 14, 16]
[1, 2, 10, 11, 14]
[16, 17, 18, 19, 20, 21, 22, 23, 24, 25, 26, 27, 28]


7
process id 4
stats
5, 16, 7, 100, 1000
20220820-093708
loosing coalitions taken
[2, 4, 5, 20]
[1, 2, 8, 15, 17]
[1, 5, 6, 11, 25]
[1, 3, 8, 12, 19]
[2, 3, 7, 8, 10]
[2, 3, 6, 14]
[1, 3, 7, 15, 21]
[1, 4, 8, 13, 14]
[1, 2, 10, 12, 13]
[2, 4, 6, 9, 23]
[2, 3, 5, 24]
[1, 4, 7, 10, 19]
[3, 4, 5, 19, 23]
[1, 2, 7, 9]
[3, 4, 6, 13, 18]
[16, 17, 18, 19, 20, 21, 22, 23, 24, 25, 26, 27, 28]


6
process id 1
stats
5, 16, 7, 100, 1000
20220820-093709
loosing coalitions taken
[1, 3, 8, 11, 17]
[2, 4, 6, 16, 17]
[1, 2, 7, 12, 26]
[1, 3, 7, 14, 22]
[1, 2, 8, 9, 22]
[1, 4, 8, 10, 15]
[1, 5, 6, 11, 23]
[1, 3, 9, 10, 12]
[1, 2, 10, 11, 13]
[2, 3, 5, 25]
[3, 4, 5, 20, 24]
[3, 4, 6, 10, 21]
[2, 3, 6, 14, 28]
[2, 4, 5, 19]
[1, 4, 7, 13, 16]
[16, 17, 18, 19, 20, 21, 22, 23, 24, 25, 26, 27, 28]


6
process id 6
stats
5, 16, 7, 100, 1000
20220820-093712
loosing coalitions taken
[1, 4, 7, 14, 16]
[3, 4, 6, 15, 17]
[2, 3, 6, 13]
[1, 2, 8, 12, 21]
[1, 5, 6, 16, 20]
[3, 4, 5, 21, 23]
[1, 3, 8, 11, 18]
[1, 2, 7, 9]
[2, 4, 5, 17]
[1, 3, 7, 15, 19]
[1, 2, 10, 11, 14]
[2, 4, 6, 12, 23]
[2, 3, 7, 8, 10]
[2, 3, 5, 25]
[1, 4, 8, 9, 15]
[16, 17, 18, 19, 20, 21, 22, 23, 24, 25, 26, 27, 28]


6
process id 2
stats
5, 16, 7, 100, 1000
20220820-093712
loosing coalitions taken
[3, 4, 5, 21, 24]
[3, 4, 6, 15, 17]
[1, 2, 7, 9]
[2, 3, 6, 13]
[1, 5, 6, 11, 23]
[1, 4, 8, 12, 14]
[2, 4, 5, 20]
[1, 3, 8, 11, 19]
[2, 3, 5, 25]
[2, 4, 6, 11, 22]
[1, 4, 7, 13, 16]
[1, 2, 10, 12, 13]
[1, 3, 7, 12, 22]
[2, 3, 7, 8, 10]
[1, 2, 8, 15, 17]
[16, 17, 18, 19, 20, 21, 22, 23, 24, 25, 26, 27, 28]


6
process id 4
stats
5, 16, 7, 100, 1000
20220820-093724
loosing coalitions taken
[1, 3, 8, 11, 19]
[1, 2, 7, 11, 26]
[1, 4, 8, 13, 14]
[1, 5, 6, 11, 24]
[1, 3, 7, 15, 20]
[1, 3, 9, 10, 12]
[1, 4, 7, 10, 17]
[1, 2, 8, 12, 21]
[2, 3, 6, 13]
[2, 4, 5, 18]
[3, 4, 5, 16]
[2, 4, 6, 9, 24]
[3, 4, 6, 14, 20]
[2, 3, 5, 25]
[2, 3, 7, 8, 10]
[16, 17, 18, 19, 20, 21, 22, 23, 24, 25, 26, 27, 28]


6
process id 1
stats
5, 16, 7, 100, 1000
20220820-093727
loosing coalitions taken
[2, 3, 5, 25]
[1, 4, 7, 10, 18]
[1, 3, 7, 15, 20]
[2, 4, 6, 16, 17]
[3, 4, 6, 9, 22]
[1, 2, 9, 11, 13]
[1, 2, 7, 12, 26]
[2, 3, 6, 12]
[2, 4, 5, 18]
[3, 4, 5, 16]
[1, 5, 6, 10, 26]
[1, 2, 8, 14, 19]
[1, 3, 8, 11, 18]
[1, 4, 8, 9, 15]
[1, 3, 9, 10, 12]
[16, 17, 18, 19, 20, 21, 22, 23, 24, 25, 26, 27, 28]


6
process id 0
stats
5, 16, 7, 100, 1000
20220820-093732
loosing coalitions taken
[3, 4, 5, 21, 24]
[2, 3, 5, 25]
[2, 4, 6, 15, 20]
[1, 2, 7, 16, 21]
[1, 3, 8, 9, 20]
[1, 5, 6, 11, 24]
[1, 4, 8, 12, 14]
[1, 3, 7, 13, 22]
[1, 2, 10, 11, 14]
[3, 4, 6, 14, 18]
[2, 3, 6, 13]
[2, 4, 5, 18]
[1, 4, 7, 9, 17]
[1, 2, 8, 13, 19]
[2, 3, 7, 8, 10]
[16, 17, 18, 19, 20, 21, 22, 23, 24, 25, 26, 27, 28]


6
process id 1
stats
5, 16, 7, 100, 1000
20220820-093746
loosing coalitions taken
[1, 4, 8, 10, 15]
[1, 2, 9, 12, 14]
[1, 3, 8, 12, 18]
[2, 4, 6, 16, 18]
[2, 4, 5, 20]
[1, 5, 6, 11, 25]
[1, 2, 7, 13, 25]
[2, 3, 7, 8, 10]
[1, 4, 7, 9, 19]
[2, 3, 5, 24]
[3, 4, 5, 16]
[3, 4, 6, 9, 22]
[2, 3, 6, 13]
[1, 3, 7, 14, 22]
[1, 3, 9, 10, 11]
[16, 17, 18, 19, 20, 21, 22, 23, 24, 25, 26, 27, 28]


6
process id 6
stats
5, 16, 7, 100, 1000
20220820-093748
loosing coalitions taken
[1, 2, 10, 12, 14]
[1, 5, 6, 13, 23]
[1, 3, 9, 10, 11]
[2, 4, 5, 20, 28]
[2, 3, 6, 14]
[1, 4, 8, 13, 14]
[3, 4, 6, 9, 21]
[1, 3, 7, 15, 20]
[2, 4, 6, 11, 24]
[3, 4, 5, 16]
[1, 4, 7, 9, 18]
[2, 3, 5, 23]
[1, 3, 8, 12, 18]
[1, 2, 8, 15, 17]
[1, 2, 7, 11, 26]
[16, 17, 18, 19, 20, 21, 22, 23, 24, 25, 26, 27, 28]


6
process id 0
stats
5, 16, 7, 100, 1000
20220820-093752
loosing coalitions taken
[2, 4, 6, 9, 25]
[1, 4, 8, 10, 15]
[1, 5, 6, 11, 24]
[1, 2, 7, 15, 22]
[3, 4, 6, 14, 20]
[1, 3, 9, 10, 11]
[1, 2, 10, 12, 14]
[1, 2, 8, 11, 21]
[1, 4, 7, 9, 18]
[3, 4, 5, 17, 28]
[2, 4, 5, 20]
[1, 3, 8, 12, 18]
[2, 3, 6, 13, 28]
[1, 3, 7, 14, 21]
[2, 3, 7, 8, 10]
[16, 17, 18, 19, 20, 21, 22, 23, 24, 25, 26, 27, 28]


6
process id 3
stats
5, 16, 7, 100, 1000
20220820-093753
loosing coalitions taken
[1, 3, 9, 10, 11]
[1, 2, 10, 12, 13]
[1, 4, 7, 10, 19]
[1, 3, 8, 12, 19]
[1, 2, 7, 16, 20]
[1, 4, 8, 11, 14]
[1, 5, 6, 12, 23]
[1, 2, 8, 15, 17]
[1, 3, 7, 14, 22]
[2, 4, 5, 17]
[2, 3, 5, 24]
[2, 4, 6, 15, 20]
[2, 3, 6, 13]
[3, 4, 6, 9, 21]
[3, 4, 5, 16]
[16, 17, 18, 19, 20, 21, 22, 23, 24, 25, 26, 27, 28]


7
process id 7
stats
5, 16, 7, 100, 1000
20220820-093759
loosing coalitions taken
[1, 2, 7, 11, 26]
[1, 4, 8, 10, 15]
[2, 4, 5, 20, 28]
[1, 3, 8, 12, 17]
[3, 4, 6, 13, 20]
[2, 4, 6, 16, 19]
[1, 3, 7, 14, 22]
[1, 3, 9, 10, 11]
[1, 2, 9, 12, 14]
[3, 4, 5, 19, 26]
[1, 4, 7, 9, 18]
[1, 5, 6, 16, 18]
[2, 3, 6, 14]
[2, 3, 5, 23]
[2, 5, 6, 8, 11]
[16, 17, 18, 19, 20, 21, 22, 23, 24, 25, 26, 27, 28]


6
process id 6
stats
5, 16, 7, 100, 1000
20220820-093803
loosing coalitions taken
[1, 2, 7, 17, 19]
[1, 3, 9, 10, 12]
[1, 3, 7, 15, 21]
[1, 5, 6, 9, 26]
[1, 2, 9, 11, 13]
[2, 3, 6, 16, 24]
[1, 3, 8, 11, 17]
[1, 4, 8, 13, 14]
[3, 4, 5, 20, 24]
[2, 3, 5, 25, 27]
[1, 2, 8, 12, 20]
[2, 4, 5, 21, 28]
[2, 3, 7, 8, 10]
[2, 4, 6, 12, 22]
[3, 4, 6, 13, 17]
[16, 17, 18, 19, 20, 21, 22, 23, 24, 25, 26, 27, 28]


6
process id 2
stats
5, 16, 7, 100, 1000
20220820-093803
loosing coalitions taken
[1, 3, 7, 16, 19]
[1, 5, 6, 13, 24]
[1, 2, 10, 11, 13]
[1, 4, 8, 10, 15]
[1, 4, 7, 11, 17]
[2, 4, 5, 20]
[1, 2, 7, 9, 28]
[3, 4, 6, 14, 19]
[2, 4, 6, 10, 22]
[2, 3, 5, 24]
[3, 4, 5, 16]
[1, 3, 8, 11, 18]
[2, 3, 6, 13]
[1, 2, 8, 14, 20]
[2, 3, 7, 8, 10]
[16, 17, 18, 19, 20, 21, 22, 23, 24, 25, 26, 27, 28]


7
process id 5
stats
5, 16, 7, 100, 1000
20220820-093805
loosing coalitions taken
[1, 2, 7, 17, 19]
[1, 3, 8, 11, 19]
[1, 2, 9, 11, 14]
[1, 2, 8, 12, 21]
[1, 3, 7, 14, 22]
[1, 4, 8, 13, 14]
[2, 4, 5, 18]
[1, 5, 6, 10, 25]
[2, 3, 7, 8, 10]
[2, 3, 5, 24, 28]
[3, 4, 6, 13, 19]
[2, 3, 6, 12]
[3, 4, 5, 20, 23]
[2, 4, 6, 11, 22]
[1, 4, 7, 9, 18]
[16, 17, 18, 19, 20, 21, 22, 23, 24, 25, 26, 27, 28]


6
process id 4
stats
5, 16, 7, 100, 1000
20220820-093811
loosing coalitions taken
[1, 5, 6, 13, 24]
[1, 2, 10, 12, 14]
[2, 3, 6, 14]
[1, 3, 9, 10, 11]
[1, 2, 7, 16, 21]
[1, 3, 7, 12, 22]
[2, 3, 5, 23]
[3, 4, 5, 16]
[2, 4, 5, 20]
[1, 4, 8, 11, 13]
[1, 4, 7, 10, 19]
[2, 4, 6, 9, 23]
[1, 2, 8, 9, 22]
[1, 3, 8, 15, 16]
[3, 4, 6, 13, 21]
[16, 17, 18, 19, 20, 21, 22, 23, 24, 25, 26, 27, 28]


6
process id 5
stats
5, 16, 7, 100, 1000
20220820-093813
loosing coalitions taken
[1, 4, 7, 10, 19]
[1, 4, 8, 9, 15]
[1, 3, 8, 11, 18]
[1, 2, 7, 12, 26]
[2, 3, 6, 14]
[3, 4, 6, 15, 17]
[3, 4, 5, 18, 25]
[1, 3, 7, 15, 20]
[2, 3, 7, 8, 9]
[1, 2, 8, 13, 20]
[2, 4, 6, 11, 23]
[1, 5, 6, 9, 25]
[2, 4, 5, 20]
[2, 3, 5, 24]
[1, 2, 10, 11, 14]
[16, 17, 18, 19, 20, 21, 22, 23, 24, 25, 26, 27, 28]


6
process id 0
stats
5, 16, 7, 100, 1000
20220820-093814
loosing coalitions taken
[2, 4, 5, 20]
[1, 5, 6, 9, 25]
[1, 2, 8, 15, 17]
[1, 2, 7, 12, 26]
[1, 4, 7, 11, 17]
[2, 3, 6, 14]
[1, 3, 7, 16, 19]
[2, 3, 5, 23]
[3, 4, 5, 16]
[2, 4, 6, 12, 22]
[1, 2, 9, 11, 14]
[3, 4, 6, 15, 17]
[2, 3, 7, 8, 9]
[1, 3, 8, 11, 18]
[1, 4, 8, 12, 13]
[16, 17, 18, 19, 20, 21, 22, 23, 24, 25, 26, 27, 28]


5
process id 7
stats
5, 16, 7, 100, 1000
20220820-093815
loosing coalitions taken
[1, 3, 7, 15, 20]
[3, 4, 6, 13, 21]
[1, 4, 7, 10, 19]
[1, 2, 9, 11, 13]
[1, 3, 8, 11, 18]
[1, 5, 6, 16, 17]
[1, 4, 8, 12, 13]
[1, 2, 8, 15, 17]
[2, 3, 6, 16, 23]
[2, 4, 5, 17]
[2, 3, 7, 8, 9]
[3, 4, 5, 16]
[1, 2, 7, 12, 24]
[2, 3, 5, 24]
[2, 4, 6, 11, 24]
[16, 17, 18, 19, 20, 21, 22, 23, 24, 25, 26, 27, 28]


6
process id 2
stats
5, 16, 7, 100, 1000
20220820-093821
loosing coalitions taken
[1, 3, 8, 12, 19]
[3, 4, 6, 12, 21]
[1, 4, 7, 14, 16]
[2, 3, 6, 15, 26]
[1, 2, 7, 11, 27]
[1, 2, 10, 12, 13]
[1, 2, 8, 15, 17]
[2, 3, 7, 8, 9]
[2, 4, 6, 10, 23]
[1, 3, 7, 15, 20]
[2, 4, 5, 19]
[2, 3, 5, 25]
[3, 4, 5, 16]
[1, 4, 8, 11, 13]
[1, 5, 6, 9, 24]
[16, 17, 18, 19, 20, 21, 22, 23, 24, 25, 26, 27, 28]


6
process id 4
stats
5, 16, 7, 100, 1000
20220820-093821
loosing coalitions taken
[3, 4, 6, 12, 21]
[1, 2, 9, 11, 13]
[1, 2, 7, 15, 22]
[2, 3, 6, 14]
[1, 5, 6, 13, 23]
[1, 3, 8, 11, 18]
[1, 3, 9, 10, 12]
[2, 4, 5, 20]
[1, 4, 8, 10, 15]
[3, 4, 5, 16]
[2, 3, 5, 25]
[2, 4, 6, 11, 23]
[1, 4, 7, 9, 19]
[1, 3, 7, 16, 17]
[1, 2, 8, 12, 20]
[16, 17, 18, 19, 20, 21, 22, 23, 24, 25, 26, 27, 28]


6
process id 0
stats
5, 16, 7, 100, 1000
20220820-093821
loosing coalitions taken
[1, 5, 6, 16, 18]
[3, 4, 6, 9, 22]
[2, 4, 5, 20]
[1, 4, 7, 10, 19]
[1, 3, 8, 15, 16]
[1, 2, 7, 17, 18]
[1, 3, 9, 10, 11]
[1, 2, 8, 13, 19]
[2, 3, 5, 25, 28]
[2, 3, 6, 13]
[1, 4, 8, 11, 14]
[3, 4, 5, 16]
[1, 3, 7, 13, 22]
[1, 2, 10, 12, 14]
[2, 4, 6, 10, 23]
[16, 17, 18, 19, 20, 21, 22, 23, 24, 25, 26, 27, 28]


6
process id 6
stats
5, 16, 7, 100, 1000
20220820-093828
loosing coalitions taken
[1, 3, 7, 15, 20]
[2, 4, 6, 11, 24]
[1, 4, 8, 13, 14]
[1, 2, 8, 12, 20]
[1, 5, 6, 9, 26]
[2, 3, 6, 14]
[1, 4, 7, 10, 18]
[2, 3, 5, 25]
[3, 4, 5, 19, 23]
[1, 2, 7, 16, 21]
[2, 3, 7, 8, 10]
[2, 4, 5, 17]
[1, 2, 9, 11, 13]
[3, 4, 6, 9, 22]
[1, 3, 8, 11, 19]
[16, 17, 18, 19, 20, 21, 22, 23, 24, 25, 26, 27, 28]


6
process id 1
stats
5, 16, 7, 100, 1000
20220820-093828
loosing coalitions taken
[1, 2, 10, 11, 13]
[2, 4, 5, 20]
[1, 2, 7, 12, 26]
[1, 2, 8, 9, 22]
[1, 4, 7, 11, 17]
[1, 4, 8, 13, 14]
[2, 3, 6, 14]
[1, 3, 8, 11, 18]
[2, 4, 6, 9, 23]
[3, 4, 5, 17, 27]
[1, 5, 6, 9, 26]
[2, 3, 7, 8, 10]
[2, 3, 5, 24]
[3, 4, 6, 13, 19]
[1, 3, 7, 15, 19]
[16, 17, 18, 19, 20, 21, 22, 23, 24, 25, 26, 27, 28]


6
process id 5
stats
5, 16, 7, 100, 1000
20220820-093830
loosing coalitions taken
[2, 4, 5, 20]
[1, 3, 7, 16, 18]
[1, 3, 8, 11, 19]
[1, 4, 8, 13, 14]
[1, 2, 9, 11, 14]
[3, 4, 6, 13, 21]
[1, 4, 7, 11, 17]
[1, 5, 6, 9, 26]
[2, 3, 7, 8, 10]
[2, 3, 5, 25, 28]
[2, 3, 6, 12]
[1, 2, 7, 13, 24]
[3, 4, 5, 16]
[2, 4, 6, 16, 17]
[1, 2, 8, 12, 21]
[16, 17, 18, 19, 20, 21, 22, 23, 24, 25, 26, 27, 28]


6
process id 3
stats
5, 16, 7, 100, 1000
20220820-093836
loosing coalitions taken
[1, 4, 8, 10, 15]
[2, 3, 7, 8, 10]
[1, 4, 7, 11, 17]
[2, 4, 5, 20]
[1, 3, 8, 12, 17]
[1, 5, 6, 9, 26]
[2, 3, 6, 14]
[1, 3, 7, 15, 20]
[1, 2, 8, 11, 20]
[3, 4, 6, 13, 19]
[2, 4, 6, 16, 18]
[1, 3, 9, 10, 11]
[2, 3, 5, 25]
[3, 4, 5, 16]
[1, 2, 7, 9, 25]
[16, 17, 18, 19, 20, 21, 22, 23, 24, 25, 26, 27, 28]


6
process id 2
stats
5, 16, 7, 100, 1000
20220820-093840
loosing coalitions taken
[1, 2, 8, 13, 20]
[1, 3, 8, 11, 17]
[2, 4, 5, 20]
[1, 2, 7, 9]
[2, 3, 6, 14]
[1, 5, 6, 12, 23]
[2, 3, 5, 25]
[1, 4, 7, 14, 16]
[3, 4, 6, 15, 17]
[2, 3, 7, 8, 10]
[1, 3, 7, 15, 19]
[1, 2, 10, 11, 12]
[3, 4, 5, 19, 26]
[2, 4, 6, 11, 23]
[1, 4, 8, 10, 15]
[16, 17, 18, 19, 20, 21, 22, 23, 24, 25, 26, 27, 28]


6
process id 5
stats
5, 16, 7, 100, 1000
20220820-093844
loosing coalitions taken
[1, 2, 8, 9, 22]
[1, 3, 8, 11, 19]
[1, 3, 9, 10, 12]
[2, 3, 6, 14]
[1, 3, 7, 15, 20]
[2, 4, 5, 20]
[1, 2, 10, 11, 13]
[1, 4, 7, 10, 18]
[1, 4, 8, 12, 14]
[1, 5, 6, 13, 24]
[2, 3, 5, 23]
[2, 4, 6, 9, 23]
[1, 2, 7, 12, 25]
[3, 4, 5, 16]
[3, 4, 6, 13, 21]
[16, 17, 18, 19, 20, 21, 22, 23, 24, 25, 26, 27, 28]


6
process id 4
stats
5, 16, 7, 100, 1000
20220820-093847
loosing coalitions taken
[1, 2, 7, 11, 26]
[1, 2, 10, 12, 13]
[2, 4, 5, 20]
[1, 3, 7, 15, 21]
[1, 5, 6, 12, 24]
[1, 4, 7, 10, 18]
[1, 4, 8, 13, 14]
[2, 3, 5, 23]
[2, 3, 6, 13]
[2, 4, 6, 11, 22]
[3, 4, 6, 14, 18]
[1, 3, 8, 12, 18]
[3, 4, 5, 19, 26]
[2, 3, 7, 8, 9]
[1, 3, 9, 10, 11]
[16, 17, 18, 19, 20, 21, 22, 23, 24, 25, 26, 27, 28]


6
process id 1
stats
5, 16, 7, 100, 1000
20220820-093854
loosing coalitions taken
[1, 2, 7, 9]
[2, 4, 6, 16, 18]
[1, 4, 8, 10, 15]
[1, 3, 8, 11, 19]
[1, 5, 6, 11, 24]
[2, 4, 5, 20]
[3, 4, 5, 18, 26]
[2, 3, 6, 13]
[2, 3, 5, 23]
[1, 3, 9, 10, 12]
[1, 2, 8, 12, 20]
[1, 3, 7, 15, 21]
[1, 4, 7, 14, 16]
[1, 2, 10, 11, 13]
[3, 4, 6, 14, 20]
[16, 17, 18, 19, 20, 21, 22, 23, 24, 25, 26, 27, 28]


6
process id 5
stats
5, 16, 7, 100, 1000
20220820-093901
loosing coalitions taken
[2, 4, 5, 21, 27]
[1, 2, 7, 12, 26]
[1, 5, 6, 11, 24]
[1, 2, 8, 15, 17]
[1, 2, 9, 11, 14]
[1, 3, 9, 10, 12]
[1, 4, 7, 10, 17]
[1, 3, 8, 11, 18]
[1, 4, 8, 13, 14]
[2, 4, 6, 16, 17]
[2, 3, 5, 25, 28]
[2, 3, 6, 13]
[3, 4, 6, 14, 19]
[3, 4, 5, 16]
[1, 3, 7, 15, 19]
[16, 17, 18, 19, 20, 21, 22, 23, 24, 25, 26, 27, 28]


6
process id 7
stats
5, 16, 7, 100, 1000
20220820-093908
loosing coalitions taken
[1, 3, 7, 16, 19]
[1, 3, 8, 11, 18]
[2, 4, 5, 20]
[1, 3, 9, 10, 12]
[1, 5, 6, 12, 23]
[1, 2, 7, 9]
[1, 4, 8, 12, 13]
[3, 4, 5, 16]
[2, 3, 5, 24]
[2, 3, 6, 14]
[1, 2, 8, 14, 19]
[3, 4, 6, 13, 21]
[2, 4, 6, 9, 25]
[2, 3, 7, 8, 10]
[1, 2, 10, 11, 13]
[16, 17, 18, 19, 20, 21, 22, 23, 24, 25, 26, 27, 28]


6
process id 3
stats
5, 16, 7, 100, 1000
20220820-093915
loosing coalitions taken
[1, 3, 8, 12, 19]
[3, 4, 5, 19, 26]
[1, 3, 7, 14, 22]
[2, 4, 6, 14, 22]
[1, 5, 6, 13, 24]
[1, 3, 9, 10, 11]
[1, 4, 8, 13, 14]
[1, 2, 9, 12, 14]
[2, 3, 7, 8, 10]
[2, 3, 6, 15, 26]
[3, 4, 6, 13, 21]
[1, 2, 7, 16, 21]
[2, 3, 5, 25]
[1, 4, 7, 9, 17]
[1, 2, 8, 11, 20]
[16, 17, 18, 19, 20, 21, 22, 23, 24, 25, 26, 27, 28]


6
process id 4
stats
5, 16, 7, 100, 1000
20220820-093917
loosing coalitions taken
[1, 2, 8, 11, 21]
[1, 3, 8, 12, 19]
[1, 3, 7, 14, 22]
[1, 2, 10, 12, 14]
[2, 3, 7, 8, 9]
[1, 5, 6, 11, 25]
[1, 2, 7, 16, 20]
[1, 4, 8, 10, 15]
[3, 4, 5, 19, 24]
[2, 4, 5, 18]
[3, 4, 6, 12, 21]
[2, 3, 6, 13]
[2, 3, 5, 25]
[2, 4, 6, 9, 23]
[1, 3, 9, 10, 11]
[16, 17, 18, 19, 20, 21, 22, 23, 24, 25, 26, 27, 28]


6
process id 6
stats
5, 16, 7, 100, 1000
20220820-093921
loosing coalitions taken
[1, 4, 8, 13, 14]
[1, 3, 7, 13, 22]
[2, 4, 5, 21, 26]
[2, 4, 6, 10, 23]
[1, 2, 7, 17, 18]
[3, 4, 5, 18, 27]
[2, 3, 5, 25]
[1, 3, 8, 12, 18]
[3, 4, 6, 11, 21]
[1, 4, 7, 9, 19]
[1, 2, 10, 12, 14]
[2, 3, 6, 14]
[1, 5, 6, 9, 23]
[1, 2, 8, 11, 20]
[2, 3, 7, 8, 9]
[16, 17, 18, 19, 20, 21, 22, 23, 24, 25, 26, 27, 28]


6
process id 1
stats
5, 16, 7, 100, 1000
20220820-093922
loosing coalitions taken
[1, 3, 9, 10, 11]
[1, 5, 6, 12, 24]
[2, 4, 6, 15, 21]
[1, 4, 8, 10, 15]
[1, 3, 8, 12, 19]
[1, 2, 7, 11, 25]
[2, 3, 6, 16, 23]
[2, 3, 7, 8, 9]
[1, 2, 9, 12, 14]
[1, 4, 7, 14, 16]
[3, 4, 6, 14, 19]
[2, 4, 5, 22, 24]
[3, 4, 5, 20, 23]
[2, 3, 5, 25]
[1, 3, 7, 15, 21]
[16, 17, 18, 19, 20, 21, 22, 23, 24, 25, 26, 27, 28]


6
process id 4
stats
5, 16, 7, 100, 1000
20220820-093926
loosing coalitions taken
[2, 4, 6, 16, 18]
[2, 3, 6, 14]
[1, 3, 7, 16, 18]
[1, 5, 6, 13, 24]
[2, 4, 5, 20]
[1, 3, 8, 11, 19]
[1, 4, 7, 10, 17]
[1, 4, 8, 13, 14]
[1, 2, 7, 12, 24]
[3, 4, 6, 10, 21]
[2, 3, 5, 23]
[1, 2, 9, 11, 13]
[3, 4, 5, 16]
[1, 3, 9, 10, 12]
[1, 2, 8, 10, 21]
[16, 17, 18, 19, 20, 21, 22, 23, 24, 25, 26, 27, 28]


6
process id 3
stats
5, 16, 7, 100, 1000
20220820-093927
loosing coalitions taken
[1, 3, 9, 10, 11]
[1, 3, 7, 16, 18]
[1, 3, 8, 12, 19]
[1, 5, 6, 13, 23]
[1, 2, 8, 11, 21]
[1, 4, 7, 9, 17]
[3, 4, 6, 11, 21]
[2, 3, 7, 8, 10]
[2, 3, 6, 13]
[2, 4, 5, 21, 28]
[2, 4, 6, 12, 22]
[3, 4, 5, 16]
[2, 3, 5, 23]
[1, 2, 7, 13, 25]
[1, 2, 9, 12, 14]
[16, 17, 18, 19, 20, 21, 22, 23, 24, 25, 26, 27, 28]


6
process id 2
stats
5, 16, 7, 100, 1000
20220820-093931
loosing coalitions taken
[2, 4, 5, 20, 28]
[1, 3, 8, 11, 18]
[1, 2, 8, 15, 17]
[1, 5, 6, 11, 23]
[3, 4, 6, 13, 20]
[1, 2, 7, 16, 20]
[2, 3, 6, 14]
[1, 3, 7, 15, 21]
[1, 4, 7, 10, 17]
[1, 2, 9, 11, 13]
[2, 3, 5, 25]
[3, 4, 5, 18, 24]
[2, 4, 6, 16, 17]
[2, 3, 7, 8, 9]
[1, 4, 8, 13, 14]
[16, 17, 18, 19, 20, 21, 22, 23, 24, 25, 26, 27, 28]


6
process id 7
stats
5, 16, 7, 100, 1000
20220820-093938
loosing coalitions taken
[1, 5, 6, 9, 26]
[3, 4, 5, 19, 26]
[1, 4, 8, 10, 15]
[1, 2, 7, 9]
[2, 4, 5, 20]
[1, 3, 8, 11, 18]
[2, 3, 5, 23]
[2, 3, 7, 8, 10]
[3, 4, 6, 15, 17]
[1, 2, 8, 12, 20]
[1, 3, 7, 14, 22]
[1, 2, 10, 11, 13]
[2, 3, 6, 13]
[2, 4, 6, 14, 21]
[1, 4, 7, 13, 16]
[16, 17, 18, 19, 20, 21, 22, 23, 24, 25, 26, 27, 28]


6
process id 4
stats
5, 16, 7, 100, 1000
20220820-093940
loosing coalitions taken
[3, 4, 5, 20, 24]
[1, 4, 8, 9, 15]
[1, 2, 9, 11, 14]
[2, 4, 5, 21, 26]
[1, 2, 7, 17, 18]
[1, 2, 8, 12, 21]
[1, 3, 7, 13, 22]
[1, 3, 8, 11, 18]
[1, 5, 6, 11, 24]
[1, 3, 9, 10, 12]
[2, 3, 5, 25]
[3, 4, 6, 13, 19]
[2, 4, 6, 12, 22]
[3, 5, 6, 7, 15]
[2, 3, 6, 14]
[16, 17, 18, 19, 20, 21, 22, 23, 24, 25, 26, 27, 28]


6
process id 0
stats
5, 16, 7, 100, 1000
20220820-093941
loosing coalitions taken
[1, 2, 10, 12, 14]
[1, 2, 7, 15, 22]
[1, 4, 7, 14, 16]
[1, 3, 9, 10, 11]
[2, 4, 5, 21, 26]
[1, 3, 8, 12, 19]
[1, 4, 8, 9, 15]
[3, 4, 6, 13, 18]
[1, 5, 6, 9, 26]
[1, 2, 8, 13, 18]
[2, 3, 6, 14]
[2, 3, 5, 25]
[3, 4, 5, 16]
[2, 4, 6, 10, 22]
[2, 3, 7, 8, 10]
[16, 17, 18, 19, 20, 21, 22, 23, 24, 25, 26, 27, 28]


6
process id 1
stats
5, 16, 7, 100, 1000
20220820-093942
loosing coalitions taken
[2, 3, 6, 15, 27]
[1, 2, 9, 12, 13]
[1, 3, 7, 15, 21]
[1, 4, 7, 10, 17]
[1, 2, 8, 15, 17]
[1, 3, 8, 11, 19]
[3, 4, 6, 12, 21]
[2, 4, 6, 14, 22]
[2, 3, 7, 8, 9]
[1, 5, 6, 13, 24]
[2, 4, 5, 17]
[2, 3, 5, 24]
[3, 4, 5, 16]
[1, 4, 8, 12, 14]
[1, 2, 7, 16, 20]
[16, 17, 18, 19, 20, 21, 22, 23, 24, 25, 26, 27, 28]


6
process id 6
stats
5, 16, 7, 100, 1000
20220820-093942
loosing coalitions taken
[1, 4, 8, 13, 14]
[1, 5, 6, 11, 25]
[1, 2, 7, 9]
[2, 4, 5, 20]
[2, 3, 6, 15, 27]
[2, 3, 5, 24]
[3, 4, 6, 11, 20]
[1, 3, 9, 10, 11]
[1, 2, 8, 15, 17]
[1, 4, 7, 10, 18]
[3, 4, 5, 17, 28]
[1, 3, 8, 12, 18]
[1, 3, 7, 13, 22]
[1, 2, 10, 12, 13]
[2, 4, 6, 12, 23]
[16, 17, 18, 19, 20, 21, 22, 23, 24, 25, 26, 27, 28]


6
process id 2
stats
5, 16, 7, 100, 1000
20220820-093944
loosing coalitions taken
[2, 4, 5, 21, 26]
[2, 4, 6, 10, 24]
[1, 3, 8, 9, 17]
[2, 3, 6, 14]
[1, 2, 10, 11, 12]
[1, 2, 7, 9]
[1, 4, 7, 8]
[1, 3, 7, 10, 24]
[3, 4, 6, 12, 20]
[1, 2, 8, 13, 18]
[2, 3, 5, 23]
[1, 5, 6, 13, 22]
[3, 4, 5, 20, 24]
[1, 5, 6, 9, 26]
[3, 4, 5, 17, 25]
[16, 17, 18, 19, 20, 21, 22, 23, 24, 25, 26, 27, 28]


6
process id 4
stats
5, 16, 7, 100, 1000
20220820-093947
loosing coalitions taken
[1, 4, 7, 10, 19]
[1, 2, 9, 12, 13]
[1, 3, 7, 13, 22]
[2, 4, 5, 20]
[1, 3, 8, 12, 18]
[1, 2, 10, 11, 14]
[3, 4, 6, 12, 21]
[1, 5, 6, 10, 26]
[2, 3, 6, 14]
[1, 2, 8, 15, 17]
[2, 3, 5, 23]
[2, 3, 7, 8, 9]
[3, 4, 5, 16]
[2, 4, 6, 15, 19]
[1, 4, 8, 11, 13]
[16, 17, 18, 19, 20, 21, 22, 23, 24, 25, 26, 27, 28]


6
process id 7
stats
5, 16, 7, 100, 1000
20220820-093957
loosing coalitions taken
[1, 2, 9, 12, 13]
[1, 3, 7, 15, 20]
[2, 4, 6, 13, 22]
[1, 4, 7, 9, 17]
[1, 4, 8, 10, 15]
[2, 3, 6, 17, 21]
[1, 5, 6, 10, 25]
[1, 2, 8, 14, 20]
[3, 4, 6, 14, 20]
[1, 3, 8, 12, 17]
[1, 2, 7, 16, 21]
[2, 4, 5, 19, 28]
[2, 3, 7, 8, 10]
[2, 3, 5, 25]
[3, 4, 5, 16]
[16, 17, 18, 19, 20, 21, 22, 23, 24, 25, 26, 27, 28]


6
process id 2
stats
5, 16, 7, 100, 1000
20220820-093959
loosing coalitions taken
[1, 2, 7, 13, 25]
[2, 4, 6, 16, 19]
[2, 3, 5, 25]
[1, 2, 8, 11, 21]
[1, 3, 7, 15, 20]
[1, 5, 6, 9, 26]
[1, 4, 7, 10, 17]
[1, 4, 8, 9, 15]
[2, 3, 6, 14]
[2, 4, 5, 20]
[1, 2, 10, 12, 14]
[3, 4, 5, 16]
[1, 3, 8, 12, 19]
[1, 3, 9, 10, 11]
[3, 4, 6, 11, 20]
[16, 17, 18, 19, 20, 21, 22, 23, 24, 25, 26, 27, 28]


6
process id 4
stats
5, 16, 7, 100, 1000
20220820-094010
loosing coalitions taken
[1, 2, 9, 12, 13]
[1, 5, 6, 13, 22]
[1, 2, 7, 10, 28]
[1, 3, 8, 12, 18]
[2, 3, 6, 14]
[3, 4, 5, 21, 23]
[1, 4, 7, 9, 19]
[1, 2, 8, 14, 20]
[2, 3, 5, 25]
[2, 4, 5, 20]
[1, 3, 9, 10, 11]
[2, 4, 6, 15, 18]
[3, 4, 6, 11, 20]
[1, 3, 7, 14, 21]
[1, 4, 8, 11, 13]
[16, 17, 18, 19, 20, 21, 22, 23, 24, 25, 26, 27, 28]


6
process id 5
stats
5, 16, 7, 100, 1000
20220820-094014
loosing coalitions taken
[3, 4, 6, 14, 20]
[1, 4, 7, 9, 19]
[1, 3, 7, 13, 22]
[1, 3, 8, 12, 19]
[1, 2, 8, 15, 17]
[2, 4, 6, 12, 23]
[1, 4, 8, 13, 14]
[1, 2, 10, 11, 13]
[1, 2, 7, 14, 23]
[2, 4, 5, 17]
[2, 3, 6, 13]
[2, 3, 5, 25, 28]
[1, 5, 6, 9, 24]
[2, 3, 7, 8, 10]
[3, 4, 5, 21, 22]
[16, 17, 18, 19, 20, 21, 22, 23, 24, 25, 26, 27, 28]


6
process id 1
stats
5, 16, 7, 100, 1000
20220820-094016
loosing coalitions taken
[1, 2, 8, 12, 21]
[1, 3, 8, 9, 17]
[2, 4, 5, 18]
[1, 2, 7, 14, 23]
[1, 4, 7, 10, 17]
[1, 2, 10, 11, 13]
[2, 3, 6, 13]
[1, 4, 8, 11, 14]
[2, 3, 5, 24]
[3, 4, 5, 16]
[2, 4, 6, 15, 20]
[1, 5, 6, 16, 17]
[1, 3, 7, 12, 22]
[2, 3, 7, 8, 10]
[3, 4, 6, 9, 21]
[16, 17, 18, 19, 20, 21, 22, 23, 24, 25, 26, 27, 28]


6
process id 4
stats
5, 16, 7, 100, 1000
20220820-094018
loosing coalitions taken
[1, 5, 6, 10, 25]
[2, 4, 5, 22, 24]
[1, 2, 8, 15, 17]
[1, 3, 9, 10, 11]
[1, 4, 7, 10, 18]
[1, 3, 8, 12, 19]
[1, 2, 9, 12, 13]
[2, 3, 6, 18, 20]
[2, 3, 5, 25]
[2, 4, 6, 16, 17]
[3, 4, 6, 10, 21]
[3, 4, 5, 16]
[1, 4, 8, 13, 14]
[1, 2, 7, 11, 25]
[1, 3, 7, 16, 17]
[16, 17, 18, 19, 20, 21, 22, 23, 24, 25, 26, 27, 28]


6
process id 0
stats
5, 16, 7, 100, 1000
20220820-094022
loosing coalitions taken
[2, 3, 5, 27, 28]
[1, 5, 6, 13, 23]
[1, 4, 7, 10, 17]
[1, 3, 7, 14, 22]
[2, 4, 5, 20]
[1, 2, 7, 9, 28]
[1, 3, 8, 12, 18]
[2, 3, 6, 13]
[1, 4, 8, 11, 14]
[3, 4, 5, 19, 26]
[1, 2, 10, 12, 14]
[3, 4, 6, 11, 21]
[2, 3, 7, 8, 10]
[1, 2, 8, 15, 17]
[1, 3, 9, 10, 11]
[16, 17, 18, 19, 20, 21, 22, 23, 24, 25, 26, 27, 28]


6
process id 6
stats
5, 16, 7, 100, 1000
20220820-094026
loosing coalitions taken
[1, 4, 7, 9, 18]
[1, 4, 8, 12, 14]
[1, 3, 7, 11, 23]
[1, 2, 7, 15, 22]
[2, 3, 7, 8, 10]
[1, 3, 8, 9, 20]
[1, 5, 6, 10, 25]
[2, 4, 5, 20]
[2, 3, 5, 25]
[1, 2, 9, 11, 12]
[2, 3, 6, 12]
[3, 4, 6, 9, 21]
[3, 4, 5, 19, 24]
[2, 4, 6, 14, 22]
[1, 2, 8, 13, 18]
[16, 17, 18, 19, 20, 21, 22, 23, 24, 25, 26, 27, 28]


6
process id 2
stats
5, 16, 7, 100, 1000
20220820-094026
loosing coalitions taken
[2, 4, 5, 20]
[1, 5, 6, 12, 24]
[1, 3, 8, 11, 18]
[2, 3, 6, 16, 23]
[1, 3, 9, 10, 12]
[3, 4, 6, 15, 17]
[1, 4, 8, 10, 15]
[1, 2, 7, 11, 26]
[1, 2, 8, 13, 19]
[2, 3, 7, 8, 10]
[1, 3, 7, 16, 19]
[2, 4, 6, 9, 25]
[1, 4, 7, 9, 18]
[3, 4, 5, 16]
[2, 3, 5, 24]
[16, 17, 18, 19, 20, 21, 22, 23, 24, 25, 26, 27, 28]


6
process id 1
stats
5, 16, 7, 100, 1000
20220820-094031
loosing coalitions taken
[1, 4, 7, 10, 18]
[1, 3, 8, 11, 18]
[1, 2, 8, 15, 17]
[1, 2, 9, 11, 14]
[1, 5, 6, 16, 19]
[1, 3, 9, 10, 12]
[3, 4, 5, 18, 25]
[3, 4, 6, 13, 21]
[2, 4, 6, 11, 24]
[2, 4, 5, 20]
[2, 3, 6, 15, 27]
[1, 4, 8, 12, 13]
[2, 3, 5, 23]
[2, 3, 7, 8, 9]
[1, 2, 7, 13, 25]
[16, 17, 18, 19, 20, 21, 22, 23, 24, 25, 26, 27, 28]


6
process id 6
stats
5, 16, 7, 100, 1000
20220820-094044
loosing coalitions taken
[1, 4, 7, 10, 19]
[2, 4, 6, 9, 25]
[1, 5, 6, 13, 23]
[1, 3, 8, 12, 19]
[3, 4, 6, 12, 21]
[3, 4, 5, 17, 26]
[1, 2, 7, 16, 21]
[2, 3, 6, 16, 23]
[1, 3, 7, 11, 23]
[2, 3, 7, 8, 10]
[1, 2, 8, 9, 22]
[1, 2, 10, 12, 14]
[2, 3, 5, 25, 28]
[2, 4, 5, 19]
[1, 4, 8, 11, 13]
[16, 17, 18, 19, 20, 21, 22, 23, 24, 25, 26, 27, 28]


6
process id 5
stats
5, 16, 7, 100, 1000
20220820-094045
loosing coalitions taken
[1, 5, 6, 13, 24]
[2, 3, 6, 17, 21]
[1, 4, 7, 9, 19]
[2, 4, 6, 13, 22]
[1, 4, 8, 10, 15]
[1, 3, 8, 12, 17]
[2, 5, 6, 8, 11]
[1, 2, 7, 16, 21]
[1, 3, 9, 10, 11]
[1, 2, 9, 12, 13]
[1, 3, 7, 14, 22]
[3, 4, 6, 14, 20]
[3, 4, 5, 21, 23]
[2, 4, 5, 20, 26]
[2, 3, 5, 25, 28]
[16, 17, 18, 19, 20, 21, 22, 23, 24, 25, 26, 27, 28]


6
process id 0
stats
5, 16, 7, 100, 1000
20220820-094056
loosing coalitions taken
[1, 2, 10, 11, 14]
[1, 5, 6, 9, 25]
[1, 4, 7, 10, 17]
[2, 4, 5, 20]
[3, 4, 6, 13, 21]
[1, 2, 7, 9]
[2, 3, 5, 23]
[3, 4, 5, 16]
[2, 3, 6, 12]
[1, 3, 7, 14, 21]
[2, 3, 7, 8, 10]
[1, 4, 8, 12, 14]
[2, 4, 6, 16, 17]
[1, 3, 8, 11, 17]
[1, 2, 8, 13, 18]
[16, 17, 18, 19, 20, 21, 22, 23, 24, 25, 26, 27, 28]


6
process id 4
stats
5, 16, 7, 100, 1000
20220820-094057
loosing coalitions taken
[1, 2, 7, 17, 18]
[1, 3, 8, 11, 18]
[1, 3, 7, 15, 20]
[1, 2, 10, 11, 13]
[1, 4, 7, 9, 19]
[2, 4, 6, 15, 20]
[1, 4, 8, 10, 15]
[3, 4, 6, 14, 19]
[1, 2, 8, 14, 19]
[1, 5, 6, 9, 24]
[3, 4, 5, 20, 24]
[2, 3, 5, 25, 28]
[2, 3, 7, 8, 10]
[2, 3, 6, 13]
[2, 4, 5, 18]
[16, 17, 18, 19, 20, 21, 22, 23, 24, 25, 26, 27, 28]


6
process id 1
stats
5, 16, 7, 100, 1000
20220820-094100
loosing coalitions taken
[1, 3, 8, 11, 19]
[1, 2, 9, 12, 13]
[2, 4, 6, 9, 24]
[2, 4, 5, 20]
[1, 3, 7, 13, 22]
[1, 2, 7, 14, 24]
[1, 4, 8, 12, 14]
[1, 2, 8, 15, 17]
[2, 3, 7, 8, 9]
[2, 3, 6, 18, 21]
[1, 4, 7, 11, 17]
[1, 5, 6, 10, 26]
[2, 3, 5, 25]
[3, 4, 6, 13, 19]
[3, 4, 5, 16]
[16, 17, 18, 19, 20, 21, 22, 23, 24, 25, 26, 27, 28]


6
process id 2
stats
5, 16, 7, 100, 1000
20220820-094104
loosing coalitions taken
[1, 2, 10, 12, 14]
[1, 2, 9, 11, 13]
[1, 3, 8, 11, 19]
[1, 3, 7, 13, 22]
[2, 4, 5, 20]
[1, 2, 7, 16, 21]
[1, 4, 8, 9, 15]
[3, 4, 6, 13, 21]
[1, 5, 6, 15, 21]
[2, 3, 6, 14]
[2, 3, 5, 27, 28]
[2, 4, 6, 15, 18]
[1, 4, 7, 10, 19]
[3, 4, 5, 18, 23]
[2, 3, 7, 8, 9]
[16, 17, 18, 19, 20, 21, 22, 23, 24, 25, 26, 27, 28]


6
process id 6
stats
5, 16, 7, 100, 1000
20220820-094105
loosing coalitions taken
[1, 4, 7, 10, 18]
[1, 2, 7, 14, 23]
[1, 5, 6, 14, 22]
[1, 2, 8, 12, 20]
[1, 3, 8, 15, 16]
[1, 3, 7, 12, 22]
[1, 3, 9, 10, 11]
[1, 4, 8, 11, 14]
[2, 4, 6, 15, 20]
[2, 3, 6, 12]
[2, 3, 5, 25, 26]
[3, 4, 5, 16]
[3, 4, 6, 13, 17]
[2, 4, 5, 19]
[2, 3, 7, 8, 9]
[16, 17, 18, 19, 20, 21, 22, 23, 24, 25, 26, 27, 28]


6
process id 1
stats
5, 16, 7, 100, 1000
20220820-094110
loosing coalitions taken
[2, 3, 6, 15, 25]
[1, 5, 6, 10, 25]
[2, 4, 6, 13, 22]
[1, 3, 8, 11, 18]
[1, 4, 7, 9, 19]
[1, 2, 10, 11, 12]
[2, 3, 7, 8, 9]
[1, 3, 7, 10, 24]
[2, 4, 5, 21, 25]
[1, 4, 8, 12, 13]
[3, 4, 6, 12, 21]
[1, 2, 7, 15, 22]
[3, 4, 5, 17, 27]
[1, 2, 8, 14, 17]
[2, 3, 5, 24]
[16, 17, 18, 19, 20, 21, 22, 23, 24, 25, 26, 27, 28]


6
process id 4
stats
5, 16, 7, 100, 1000
20220820-094113
loosing coalitions taken
[1, 2, 7, 15, 22]
[1, 2, 9, 12, 14]
[1, 4, 8, 10, 15]
[1, 5, 6, 12, 23]
[1, 3, 7, 16, 19]
[3, 4, 6, 15, 17]
[2, 3, 6, 14]
[2, 4, 5, 20]
[1, 3, 8, 11, 18]
[2, 3, 5, 23]
[1, 2, 8, 13, 19]
[3, 4, 5, 16]
[2, 3, 7, 8, 9]
[1, 4, 7, 11, 17]
[2, 4, 6, 16, 18]
[16, 17, 18, 19, 20, 21, 22, 23, 24, 25, 26, 27, 28]


6
process id 5
stats
5, 16, 7, 100, 1000
20220820-094113
loosing coalitions taken
[2, 4, 6, 10, 23]
[1, 2, 7, 13, 25]
[2, 4, 5, 20]
[1, 2, 8, 12, 21]
[1, 4, 8, 10, 15]
[1, 5, 6, 11, 25]
[2, 3, 6, 14]
[2, 3, 5, 25]
[1, 2, 10, 11, 14]
[1, 4, 7, 9, 18]
[1, 3, 7, 15, 21]
[1, 3, 8, 14, 16]
[2, 3, 7, 8, 9]
[3, 4, 5, 19, 26]
[3, 4, 6, 11, 21]
[16, 17, 18, 19, 20, 21, 22, 23, 24, 25, 26, 27, 28]


6
process id 2
stats
5, 16, 7, 100, 1000
20220820-094126
loosing coalitions taken
[1, 2, 8, 12, 21]
[1, 4, 7, 9, 17]
[2, 3, 5, 26, 27]
[2, 3, 6, 14]
[1, 3, 7, 11, 23]
[2, 4, 5, 22, 24]
[1, 4, 8, 13, 14]
[1, 2, 10, 11, 13]
[1, 5, 6, 10, 26]
[1, 3, 8, 10, 19]
[2, 4, 6, 9, 23]
[1, 2, 7, 16, 20]
[3, 4, 5, 20, 23]
[3, 4, 6, 13, 21]
[2, 3, 7, 8, 9]
[16, 17, 18, 19, 20, 21, 22, 23, 24, 25, 26, 27, 28]


6
process id 0
stats
5, 16, 7, 100, 1000
20220820-094129
loosing coalitions taken
[1, 2, 10, 12, 14]
[3, 4, 6, 15, 17]
[1, 3, 8, 10, 18]
[2, 4, 6, 16, 19]
[2, 3, 6, 14]
[1, 3, 7, 16, 17]
[2, 4, 5, 20]
[1, 5, 6, 12, 23]
[1, 4, 7, 9, 19]
[1, 2, 8, 15, 17]
[1, 2, 9, 11, 13]
[2, 3, 7, 8, 9]
[2, 3, 5, 23]
[3, 4, 5, 19, 24]
[1, 4, 8, 13, 14]
[16, 17, 18, 19, 20, 21, 22, 23, 24, 25, 26, 27, 28]


6
process id 1
stats
5, 16, 7, 100, 1000
20220820-094129
loosing coalitions taken
[1, 3, 8, 11, 18]
[1, 2, 7, 16, 21]
[1, 2, 10, 11, 13]
[1, 3, 9, 10, 12]
[2, 4, 5, 20]
[1, 4, 8, 10, 15]
[1, 4, 7, 11, 17]
[2, 3, 6, 13]
[1, 3, 7, 15, 19]
[2, 3, 5, 27, 28]
[2, 4, 6, 10, 22]
[1, 5, 6, 9, 25]
[3, 4, 6, 14, 20]
[3, 4, 5, 16]
[1, 2, 8, 12, 20]
[16, 17, 18, 19, 20, 21, 22, 23, 24, 25, 26, 27, 28]


6
process id 6
stats
5, 16, 7, 100, 1000
20220820-094130
loosing coalitions taken
[3, 4, 5, 21, 24]
[2, 4, 6, 16, 18]
[3, 4, 6, 14, 20]
[1, 3, 7, 14, 22]
[1, 3, 8, 15, 16]
[1, 5, 6, 13, 24]
[1, 4, 7, 11, 17]
[1, 2, 10, 12, 13]
[1, 2, 7, 16, 21]
[2, 4, 5, 17]
[1, 3, 9, 10, 11]
[1, 4, 8, 10, 14]
[2, 3, 6, 12]
[2, 3, 5, 25]
[2, 3, 7, 8, 10]
[16, 17, 18, 19, 20, 21, 22, 23, 24, 25, 26, 27, 28]


6
process id 3
stats
5, 16, 7, 100, 1000
20220820-094130
loosing coalitions taken
[1, 3, 7, 14, 22]
[2, 3, 5, 25]
[1, 4, 7, 10, 19]
[1, 3, 8, 11, 18]
[1, 4, 8, 9, 15]
[1, 5, 6, 9, 26]
[1, 3, 9, 10, 12]
[3, 4, 6, 14, 20]
[1, 2, 7, 16, 21]
[2, 4, 6, 13, 22]
[2, 3, 6, 12]
[2, 4, 5, 18]
[1, 2, 10, 11, 14]
[2, 3, 7, 8, 10]
[3, 4, 5, 16]
[16, 17, 18, 19, 20, 21, 22, 23, 24, 25, 26, 27, 28]


6
process id 7
stats
5, 16, 7, 100, 1000
20220820-094133
loosing coalitions taken
[1, 3, 8, 11, 18]
[1, 2, 7, 10, 28]
[1, 2, 9, 11, 14]
[1, 3, 9, 10, 12]
[3, 4, 6, 11, 21]
[2, 3, 7, 8, 9]
[1, 5, 6, 13, 24]
[1, 3, 7, 15, 21]
[1, 4, 8, 10, 15]
[1, 2, 8, 12, 21]
[2, 4, 6, 10, 23]
[3, 4, 5, 19, 23]
[2, 4, 5, 18]
[2, 3, 6, 15, 26]
[1, 4, 7, 11, 17]
[16, 17, 18, 19, 20, 21, 22, 23, 24, 25, 26, 27, 28]


6
process id 0
stats
5, 16, 7, 100, 1000
20220820-094139
loosing coalitions taken
[1, 2, 8, 9, 22]
[2, 3, 7, 8, 10]
[1, 4, 8, 13, 14]
[1, 3, 8, 12, 18]
[1, 2, 7, 16, 21]
[1, 5, 6, 11, 24]
[1, 2, 10, 11, 13]
[1, 3, 7, 11, 23]
[1, 4, 7, 10, 19]
[2, 3, 5, 25]
[2, 4, 6, 16, 19]
[2, 4, 5, 18]
[2, 3, 6, 13]
[3, 4, 6, 15, 17]
[3, 4, 5, 16]
[16, 17, 18, 19, 20, 21, 22, 23, 24, 25, 26, 27, 28]


6
process id 5
stats
5, 16, 7, 100, 1000
20220820-094140
loosing coalitions taken
[1, 3, 8, 15, 16]
[1, 4, 8, 12, 14]
[1, 2, 7, 9]
[2, 4, 6, 11, 24]
[1, 5, 6, 12, 23]
[2, 3, 6, 13]
[2, 4, 5, 20]
[3, 4, 5, 19, 26]
[2, 3, 5, 23]
[1, 3, 9, 10, 11]
[3, 4, 6, 14, 18]
[1, 2, 8, 13, 20]
[2, 3, 7, 8, 10]
[1, 4, 7, 13, 16]
[1, 3, 7, 12, 22]
[16, 17, 18, 19, 20, 21, 22, 23, 24, 25, 26, 27, 28]


6
process id 2
stats
5, 16, 7, 100, 1000
20220820-094146
loosing coalitions taken
[1, 3, 9, 10, 12]
[2, 3, 5, 25]
[2, 4, 6, 14, 22]
[1, 5, 6, 11, 24]
[1, 2, 7, 14, 24]
[1, 3, 7, 15, 21]
[1, 4, 7, 11, 17]
[1, 2, 8, 9, 22]
[2, 3, 6, 13]
[3, 4, 5, 16]
[1, 3, 8, 14, 16]
[2, 4, 5, 18]
[1, 4, 8, 12, 13]
[3, 4, 6, 15, 17]
[1, 2, 10, 11, 13]
[16, 17, 18, 19, 20, 21, 22, 23, 24, 25, 26, 27, 28]


7
process id 7
stats
5, 16, 7, 100, 1000
20220820-094154
loosing coalitions taken
[1, 3, 7, 16, 19]
[1, 4, 7, 9, 18]
[1, 2, 7, 12, 26]
[1, 2, 8, 15, 17]
[2, 3, 6, 14]
[1, 5, 6, 13, 24]
[1, 4, 8, 12, 14]
[2, 4, 6, 15, 20]
[2, 4, 5, 21, 26]
[1, 3, 9, 10, 12]
[3, 4, 5, 16]
[2, 3, 5, 23]
[3, 4, 6, 11, 21]
[2, 5, 6, 8, 11]
[1, 2, 10, 11, 13]
[16, 17, 18, 19, 20, 21, 22, 23, 24, 25, 26, 27, 28]


5
process id 7
stats
5, 16, 7, 100, 1000
20220820-094158
loosing coalitions taken
[1, 3, 8, 11, 17]
[1, 4, 8, 10, 15]
[3, 4, 6, 14, 20]
[1, 5, 6, 16, 19]
[1, 3, 9, 10, 12]
[1, 4, 7, 9, 18]
[1, 3, 7, 15, 20]
[2, 3, 6, 13]
[1, 2, 8, 12, 20]
[1, 2, 7, 14, 24]
[2, 4, 5, 19]
[3, 4, 5, 16]
[2, 3, 5, 23]
[2, 4, 6, 9, 23]
[2, 3, 7, 8, 10]
[16, 17, 18, 19, 20, 21, 22, 23, 24, 25, 26, 27, 28]


7
process id 4
stats
5, 16, 7, 100, 1000
20220820-094202
loosing coalitions taken
[2, 4, 6, 11, 24]
[3, 4, 6, 13, 21]
[1, 2, 9, 11, 14]
[2, 3, 7, 8, 10]
[1, 2, 8, 15, 17]
[1, 3, 9, 10, 12]
[3, 4, 5, 19, 26]
[1, 5, 6, 16, 20]
[1, 4, 7, 9, 19]
[2, 3, 6, 12]
[1, 3, 7, 14, 21]
[2, 3, 5, 24]
[2, 4, 5, 21, 28]
[1, 3, 8, 11, 18]
[1, 2, 7, 13, 23]
[16, 17, 18, 19, 20, 21, 22, 23, 24, 25, 26, 27, 28]


6
process id 0
stats
5, 16, 7, 100, 1000
20220820-094204
loosing coalitions taken
[1, 2, 7, 10, 28]
[1, 3, 9, 10, 11]
[1, 4, 8, 9, 15]
[1, 4, 7, 11, 17]
[1, 2, 9, 12, 14]
[1, 3, 7, 13, 22]
[2, 4, 6, 14, 22]
[1, 3, 8, 12, 19]
[1, 2, 8, 11, 20]
[1, 5, 6, 12, 23]
[2, 3, 6, 12]
[2, 4, 5, 20]
[3, 4, 5, 17, 28]
[2, 3, 5, 23]
[3, 4, 6, 13, 20]
[16, 17, 18, 19, 20, 21, 22, 23, 24, 25, 26, 27, 28]


6
process id 3
stats
5, 16, 7, 100, 1000
20220820-094207
loosing coalitions taken
[3, 4, 5, 17, 26]
[1, 2, 10, 12, 13]
[1, 4, 7, 11, 17]
[1, 3, 8, 11, 19]
[2, 4, 5, 20]
[1, 4, 8, 13, 14]
[1, 2, 7, 14, 24]
[1, 2, 8, 9, 22]
[2, 3, 6, 15, 26]
[3, 4, 6, 14, 19]
[2, 3, 5, 23]
[1, 5, 6, 10, 26]
[2, 4, 6, 9, 23]
[1, 3, 7, 16, 18]
[2, 3, 7, 8, 10]
[16, 17, 18, 19, 20, 21, 22, 23, 24, 25, 26, 27, 28]


6
process id 6
stats
5, 16, 7, 100, 1000
20220820-094218
loosing coalitions taken
[2, 4, 5, 20]
[1, 5, 6, 13, 24]
[1, 4, 7, 9, 18]
[1, 3, 7, 15, 20]
[1, 2, 7, 14, 23]
[1, 2, 8, 11, 21]
[3, 4, 6, 14, 18]
[2, 3, 6, 13]
[2, 3, 5, 23]
[2, 4, 6, 15, 21]
[1, 4, 8, 10, 14]
[3, 4, 5, 16]
[1, 2, 10, 12, 13]
[2, 3, 7, 8, 9]
[1, 3, 8, 12, 18]
[16, 17, 18, 19, 20, 21, 22, 23, 24, 25, 26, 27, 28]


6
process id 3
stats
5, 16, 7, 100, 1000
20220820-094226
loosing coalitions taken
[1, 3, 7, 15, 20]
[1, 2, 9, 12, 14]
[1, 3, 9, 10, 11]
[1, 5, 6, 16, 18]
[1, 4, 7, 10, 18]
[1, 2, 8, 10, 21]
[2, 4, 5, 21, 28]
[2, 3, 5, 25]
[1, 4, 8, 9, 15]
[2, 4, 6, 9, 23]
[1, 3, 8, 14, 16]
[3, 4, 5, 16]
[3, 4, 6, 14, 17]
[2, 3, 6, 12]
[1, 2, 7, 11, 27]
[16, 17, 18, 19, 20, 21, 22, 23, 24, 25, 26, 27, 28]


6
process id 5
stats
5, 16, 7, 100, 1000
20220820-094228
loosing coalitions taken
[1, 3, 8, 12, 19]
[1, 2, 7, 9]
[2, 4, 5, 20]
[1, 5, 6, 12, 24]
[1, 4, 8, 10, 14]
[2, 3, 5, 23]
[2, 3, 6, 12]
[2, 4, 6, 15, 19]
[3, 4, 5, 16]
[1, 2, 10, 11, 12]
[3, 4, 6, 13, 21]
[1, 2, 8, 13, 17]
[2, 3, 7, 8, 10]
[1, 4, 7, 11, 17]
[1, 3, 7, 15, 21]
[16, 17, 18, 19, 20, 21, 22, 23, 24, 25, 26, 27, 28]


6
process id 2
stats
5, 16, 7, 100, 1000
20220820-094231
loosing coalitions taken
[2, 3, 5, 25]
[1, 3, 7, 11, 23]
[1, 4, 8, 9, 15]
[1, 2, 7, 15, 22]
[1, 2, 9, 12, 14]
[1, 2, 10, 11, 13]
[3, 4, 6, 11, 21]
[1, 5, 6, 13, 23]
[2, 3, 6, 15, 27]
[2, 3, 7, 8, 9]
[2, 4, 5, 20]
[1, 4, 7, 10, 17]
[1, 3, 8, 10, 18]
[2, 4, 6, 10, 24]
[3, 4, 5, 16]
[16, 17, 18, 19, 20, 21, 22, 23, 24, 25, 26, 27, 28]


6
process id 0
stats
5, 16, 7, 100, 1000
20220820-094231
loosing coalitions taken
[2, 4, 5, 20]
[1, 3, 8, 11, 17]
[1, 4, 7, 10, 17]
[1, 4, 8, 9, 15]
[1, 3, 7, 16, 18]
[1, 2, 9, 11, 14]
[1, 5, 6, 11, 25]
[1, 2, 7, 13, 25]
[1, 2, 8, 12, 21]
[2, 3, 5, 23]
[2, 3, 6, 18, 20]
[3, 4, 5, 21, 24]
[2, 4, 6, 10, 22]
[3, 4, 6, 14, 17]
[2, 3, 7, 8, 10]
[16, 17, 18, 19, 20, 21, 22, 23, 24, 25, 26, 27, 28]


6
process id 1
stats
5, 16, 7, 100, 1000
20220820-094231
loosing coalitions taken
[2, 4, 5, 22, 24]
[3, 4, 5, 21, 23]
[1, 5, 6, 11, 25]
[1, 3, 8, 9, 20]
[1, 3, 7, 16, 17]
[1, 4, 7, 9, 18]
[1, 2, 7, 15, 22]
[2, 4, 6, 12, 23]
[1, 2, 8, 11, 21]
[1, 2, 10, 12, 13]
[1, 4, 8, 12, 14]
[2, 3, 7, 8, 10]
[3, 4, 6, 13, 19]
[2, 3, 6, 17, 21]
[2, 3, 5, 25]
[16, 17, 18, 19, 20, 21, 22, 23, 24, 25, 26, 27, 28]


6
process id 4
stats
5, 16, 7, 100, 1000
20220820-094234
loosing coalitions taken
[1, 5, 6, 13, 24]
[2, 4, 5, 20]
[1, 2, 7, 12, 26]
[1, 3, 9, 10, 12]
[1, 3, 7, 16, 17]
[1, 3, 8, 11, 18]
[1, 4, 7, 10, 19]
[2, 3, 6, 13]
[3, 4, 5, 16]
[2, 3, 5, 24]
[2, 4, 6, 9, 24]
[1, 2, 10, 11, 14]
[1, 4, 8, 12, 14]
[1, 2, 8, 15, 17]
[3, 4, 6, 14, 18]
[16, 17, 18, 19, 20, 21, 22, 23, 24, 25, 26, 27, 28]


6
process id 0
stats
5, 16, 7, 100, 1000
20220820-094242
loosing coalitions taken
[1, 2, 9, 12, 13]
[1, 5, 6, 12, 24]
[1, 2, 8, 15, 17]
[2, 3, 6, 14]
[1, 2, 7, 16, 21]
[2, 4, 5, 20]
[2, 3, 5, 25]
[1, 4, 8, 10, 14]
[2, 4, 6, 15, 18]
[3, 4, 5, 16]
[1, 3, 7, 14, 22]
[1, 3, 8, 9, 20]
[3, 4, 6, 13, 17]
[1, 4, 7, 11, 17]
[2, 3, 7, 8, 10]
[16, 17, 18, 19, 20, 21, 22, 23, 24, 25, 26, 27, 28]


6
process id 1
stats
5, 16, 7, 100, 1000
20220820-094245
loosing coalitions taken
[1, 4, 8, 10, 15]
[1, 2, 10, 12, 14]
[1, 4, 7, 9, 19]
[2, 3, 6, 15, 27]
[1, 3, 7, 14, 22]
[2, 4, 5, 19]
[1, 5, 6, 10, 25]
[2, 3, 7, 8, 9]
[1, 3, 8, 11, 18]
[1, 2, 8, 13, 20]
[2, 3, 5, 24]
[3, 4, 6, 13, 21]
[2, 4, 6, 9, 24]
[1, 2, 7, 16, 21]
[3, 4, 5, 16]
[16, 17, 18, 19, 20, 21, 22, 23, 24, 25, 26, 27, 28]


6
process id 7
stats
5, 16, 7, 100, 1000
20220820-094254
loosing coalitions taken
[1, 2, 7, 9, 28]
[1, 5, 6, 11, 25]
[1, 3, 7, 13, 22]
[1, 2, 10, 11, 13]
[1, 3, 9, 10, 12]
[1, 4, 8, 13, 14]
[1, 4, 7, 10, 17]
[1, 3, 8, 11, 19]
[3, 4, 5, 19, 26]
[2, 3, 5, 24, 28]
[2, 4, 5, 17]
[2, 3, 6, 12]
[2, 4, 6, 9, 25]
[1, 2, 8, 12, 21]
[2, 3, 7, 8, 10]
[16, 17, 18, 19, 20, 21, 22, 23, 24, 25, 26, 27, 28]


6
process id 6
stats
5, 16, 7, 100, 1000
20220820-094254
loosing coalitions taken
[2, 3, 6, 15, 27]
[2, 3, 7, 8, 10]
[1, 5, 6, 11, 24]
[2, 4, 6, 12, 23]
[1, 4, 7, 9, 17]
[1, 2, 8, 11, 20]
[3, 4, 6, 14, 19]
[2, 4, 5, 20, 26]
[2, 3, 5, 25]
[1, 2, 7, 14, 23]
[1, 4, 8, 13, 14]
[1, 3, 9, 10, 11]
[1, 3, 8, 12, 18]
[1, 3, 7, 15, 21]
[1, 2, 10, 12, 13]
[16, 17, 18, 19, 20, 21, 22, 23, 24, 25, 26, 27, 28]


5
process id 1
stats
5, 16, 7, 100, 1000
20220820-094255
loosing coalitions taken
[2, 4, 6, 10, 24]
[1, 4, 7, 9, 18]
[1, 3, 8, 9, 20]
[2, 3, 6, 15, 27]
[1, 2, 8, 14, 19]
[1, 2, 10, 11, 13]
[3, 4, 6, 9, 22]
[1, 2, 7, 15, 22]
[2, 3, 7, 8, 10]
[1, 3, 7, 16, 19]
[1, 5, 6, 13, 24]
[2, 3, 5, 25]
[3, 4, 5, 16]
[2, 4, 5, 17]
[1, 4, 8, 10, 15]
[16, 17, 18, 19, 20, 21, 22, 23, 24, 25, 26, 27, 28]


6
process id 0
stats
5, 16, 7, 100, 1000
20220820-094256
loosing coalitions taken
[2, 4, 5, 20, 27]
[1, 2, 7, 10, 26]
[2, 3, 6, 13]
[1, 3, 7, 14, 22]
[1, 3, 8, 11, 17]
[2, 3, 5, 25]
[2, 4, 6, 16, 19]
[1, 3, 9, 10, 12]
[1, 4, 7, 9, 17]
[1, 5, 6, 10, 25]
[3, 4, 5, 18, 26]
[1, 2, 9, 11, 14]
[2, 5, 6, 8, 12]
[1, 4, 8, 12, 13]
[3, 4, 6, 15, 17]
[16, 17, 18, 19, 20, 21, 22, 23, 24, 25, 26, 27, 28]


6
process id 2
stats
5, 16, 7, 100, 1000
20220820-094301
loosing coalitions taken
[1, 5, 6, 13, 23]
[3, 4, 5, 18, 27]
[1, 3, 9, 10, 12]
[2, 4, 6, 10, 23]
[1, 3, 7, 16, 18]
[1, 4, 7, 9, 17]
[1, 3, 8, 11, 17]
[1, 2, 7, 11, 27]
[2, 3, 6, 15, 27]
[2, 3, 7, 8, 9]
[2, 4, 5, 19]
[2, 3, 5, 23]
[3, 4, 6, 9, 21]
[1, 2, 8, 12, 21]
[1, 4, 8, 10, 15]
[16, 17, 18, 19, 20, 21, 22, 23, 24, 25, 26, 27, 28]


6
process id 3
stats
5, 16, 7, 100, 1000
20220820-094303
loosing coalitions taken
[1, 4, 8, 13, 14]
[1, 3, 8, 12, 19]
[2, 3, 7, 8, 10]
[1, 2, 10, 12, 14]
[1, 3, 7, 14, 22]
[1, 4, 7, 10, 19]
[1, 5, 6, 11, 25]
[1, 2, 7, 11, 27]
[1, 3, 9, 10, 11]
[2, 3, 6, 19, 21]
[2, 4, 5, 20, 25]
[3, 4, 5, 18, 24]
[3, 4, 6, 15, 17]
[2, 3, 5, 26, 27]
[2, 4, 6, 9, 24]
[16, 17, 18, 19, 20, 21, 22, 23, 24, 25, 26, 27, 28]


6
process id 1
stats
5, 16, 7, 100, 1000
20220820-094311
loosing coalitions taken
[1, 3, 7, 16, 17]
[1, 4, 7, 9, 19]
[1, 3, 8, 12, 18]
[1, 2, 8, 11, 21]
[1, 3, 9, 10, 11]
[1, 4, 8, 13, 14]
[1, 5, 6, 11, 24]
[3, 4, 6, 13, 20]
[2, 4, 6, 16, 18]
[2, 3, 6, 14, 28]
[1, 2, 7, 15, 22]
[2, 4, 5, 22, 23]
[3, 4, 5, 18, 26]
[1, 2, 10, 12, 13]
[2, 3, 5, 24]
[16, 17, 18, 19, 20, 21, 22, 23, 24, 25, 26, 27, 28]


6
process id 3
stats
5, 16, 7, 100, 1000
20220820-094316
loosing coalitions taken
[3, 4, 5, 18, 26]
[1, 3, 8, 11, 18]
[1, 2, 9, 11, 14]
[1, 4, 7, 10, 19]
[2, 4, 5, 20]
[1, 2, 8, 12, 21]
[1, 3, 7, 15, 21]
[1, 4, 8, 9, 15]
[1, 5, 6, 12, 23]
[2, 3, 6, 13]
[2, 4, 6, 16, 19]
[1, 2, 7, 17, 18]
[2, 3, 5, 23]
[3, 4, 6, 10, 21]
[2, 3, 7, 8, 10]
[16, 17, 18, 19, 20, 21, 22, 23, 24, 25, 26, 27, 28]


6
process id 5
stats
5, 16, 7, 100, 1000
20220820-094329
loosing coalitions taken
[1, 3, 8, 11, 17]
[1, 2, 8, 13, 20]
[1, 2, 7, 9]
[2, 3, 6, 15, 27]
[2, 4, 6, 12, 22]
[2, 3, 5, 23]
[1, 4, 7, 10, 19]
[2, 4, 5, 20]
[3, 4, 6, 14, 20]
[3, 4, 5, 16]
[1, 3, 7, 14, 21]
[1, 2, 10, 11, 12]
[2, 3, 7, 8, 10]
[1, 4, 8, 9, 15]
[1, 5, 6, 13, 23]
[16, 17, 18, 19, 20, 21, 22, 23, 24, 25, 26, 27, 28]


7
process id 1
stats
5, 16, 7, 100, 1000
20220820-094330
loosing coalitions taken
[3, 4, 5, 17, 26]
[1, 2, 10, 11, 14]
[1, 3, 7, 15, 21]
[1, 4, 7, 11, 17]
[1, 2, 7, 9]
[2, 4, 5, 20]
[2, 3, 6, 16, 24]
[1, 5, 6, 16, 19]
[1, 2, 8, 13, 20]
[1, 4, 8, 12, 14]
[2, 3, 5, 23]
[1, 3, 9, 10, 12]
[3, 4, 6, 11, 21]
[2, 4, 6, 9, 25]
[1, 3, 8, 11, 19]
[16, 17, 18, 19, 20, 21, 22, 23, 24, 25, 26, 27, 28]


6
process id 2
stats
5, 16, 7, 100, 1000
20220820-094337
loosing coalitions taken
[1, 3, 8, 12, 18]
[3, 4, 5, 19, 25]
[1, 3, 7, 13, 22]
[1, 5, 6, 16, 18]
[1, 4, 7, 9, 19]
[1, 2, 10, 12, 14]
[3, 4, 6, 11, 21]
[2, 4, 6, 10, 24]
[1, 2, 7, 16, 20]
[1, 4, 8, 10, 15]
[1, 2, 8, 9, 22]
[1, 3, 9, 10, 11]
[2, 3, 5, 24, 28]
[2, 3, 6, 13]
[2, 4, 5, 17]
[16, 17, 18, 19, 20, 21, 22, 23, 24, 25, 26, 27, 28]


7
process id 7
stats
5, 16, 7, 100, 1000
20220820-094340
loosing coalitions taken
[1, 5, 6, 11, 25]
[1, 4, 8, 10, 15]
[3, 4, 5, 20, 23]
[2, 3, 6, 13]
[1, 2, 7, 9]
[1, 3, 7, 15, 21]
[3, 4, 6, 15, 17]
[2, 3, 5, 27, 28]
[2, 4, 5, 17]
[1, 2, 10, 12, 14]
[2, 4, 6, 16, 19]
[2, 3, 7, 8, 10]
[1, 3, 8, 12, 18]
[1, 4, 7, 11, 17]
[1, 2, 8, 13, 19]
[16, 17, 18, 19, 20, 21, 22, 23, 24, 25, 26, 27, 28]


6
process id 1
stats
5, 16, 7, 100, 1000
20220820-094341
loosing coalitions taken
[1, 2, 7, 9, 28]
[2, 4, 6, 10, 24]
[1, 2, 10, 12, 14]
[1, 3, 8, 12, 18]
[1, 2, 8, 13, 20]
[1, 3, 7, 15, 21]
[1, 3, 9, 10, 11]
[1, 4, 8, 9, 15]
[1, 4, 7, 11, 17]
[1, 5, 6, 16, 20]
[2, 4, 5, 19, 27]
[2, 3, 5, 24, 28]
[3, 4, 6, 9, 22]
[2, 3, 6, 12]
[3, 4, 5, 16]
[16, 17, 18, 19, 20, 21, 22, 23, 24, 25, 26, 27, 28]


6
process id 3
stats
5, 16, 7, 100, 1000
20220820-094341
loosing coalitions taken
[1, 2, 7, 15, 22]
[1, 2, 8, 11, 21]
[1, 4, 7, 9, 19]
[1, 2, 10, 12, 13]
[1, 3, 8, 9, 20]
[2, 4, 5, 19]
[2, 3, 6, 14]
[2, 3, 7, 8, 10]
[2, 4, 6, 11, 23]
[3, 4, 5, 17, 26]
[1, 3, 7, 16, 17]
[2, 3, 5, 23]
[1, 5, 6, 13, 24]
[3, 4, 6, 9, 22]
[1, 4, 8, 10, 14]
[16, 17, 18, 19, 20, 21, 22, 23, 24, 25, 26, 27, 28]


5
process id 1
stats
5, 16, 7, 100, 1000
20220820-094351
loosing coalitions taken
[1, 4, 8, 10, 15]
[1, 2, 8, 13, 20]
[2, 4, 6, 16, 18]
[3, 4, 6, 14, 20]
[1, 3, 8, 12, 19]
[2, 4, 5, 19]
[1, 3, 7, 11, 23]
[2, 3, 5, 23]
[1, 5, 6, 11, 24]
[3, 4, 5, 18, 25]
[1, 2, 10, 11, 12]
[1, 2, 7, 17, 19]
[2, 3, 6, 15, 25]
[1, 4, 7, 14, 16]
[2, 3, 7, 8, 10]
[16, 17, 18, 19, 20, 21, 22, 23, 24, 25, 26, 27, 28]


6
process id 5
stats
5, 16, 7, 100, 1000
20220820-094356
loosing coalitions taken
[1, 3, 8, 15, 16]
[2, 4, 5, 20]
[1, 4, 7, 10, 17]
[2, 3, 7, 8, 10]
[1, 2, 10, 12, 14]
[1, 5, 6, 11, 25]
[1, 2, 7, 13, 25]
[1, 3, 9, 10, 11]
[1, 3, 7, 14, 22]
[2, 3, 5, 25]
[3, 4, 6, 14, 20]
[2, 3, 6, 19, 21]
[3, 4, 5, 18, 24]
[2, 4, 6, 9, 23]
[1, 2, 8, 9, 22]
[16, 17, 18, 19, 20, 21, 22, 23, 24, 25, 26, 27, 28]


6
process id 2
stats
5, 16, 7, 100, 1000
20220820-094401
loosing coalitions taken
[1, 3, 8, 11, 17]
[1, 2, 9, 11, 14]
[1, 4, 7, 9, 19]
[1, 3, 9, 10, 12]
[2, 4, 5, 20]
[3, 4, 6, 15, 17]
[2, 3, 6, 14]
[1, 3, 7, 13, 22]
[1, 2, 8, 10, 21]
[2, 3, 5, 24]
[3, 4, 5, 16]
[1, 5, 6, 16, 18]
[1, 2, 7, 12, 24]
[2, 4, 6, 16, 19]
[1, 4, 8, 13, 14]
[16, 17, 18, 19, 20, 21, 22, 23, 24, 25, 26, 27, 28]


6
process id 0
stats
5, 16, 7, 100, 1000
20220820-094407
loosing coalitions taken
[1, 5, 6, 16, 20]
[3, 4, 5, 17, 27]
[2, 4, 6, 11, 23]
[1, 3, 7, 16, 18]
[1, 4, 8, 10, 15]
[1, 3, 8, 11, 19]
[1, 2, 8, 13, 20]
[1, 2, 7, 11, 27]
[1, 4, 7, 9, 19]
[1, 2, 10, 12, 14]
[2, 3, 7, 8, 10]
[2, 3, 6, 16, 22]
[2, 4, 5, 21, 26]
[2, 3, 5, 24]
[3, 4, 6, 12, 21]
[16, 17, 18, 19, 20, 21, 22, 23, 24, 25, 26, 27, 28]


6
process id 7
stats
5, 16, 7, 100, 1000
20220820-094409
loosing coalitions taken
[1, 3, 8, 15, 16]
[1, 3, 9, 10, 12]
[1, 2, 7, 12, 26]
[1, 3, 7, 14, 22]
[1, 5, 6, 10, 26]
[1, 2, 8, 11, 21]
[2, 3, 6, 14]
[2, 3, 5, 25]
[1, 4, 7, 10, 18]
[2, 4, 5, 18]
[3, 4, 5, 16]
[1, 4, 8, 12, 14]
[2, 4, 6, 15, 20]
[2, 3, 7, 8, 9]
[3, 4, 6, 13, 21]
[16, 17, 18, 19, 20, 21, 22, 23, 24, 25, 26, 27, 28]


6
process id 3
stats
5, 16, 7, 100, 1000
20220820-094409
loosing coalitions taken
[1, 4, 8, 12, 14]
[1, 3, 7, 14, 22]
[1, 2, 7, 16, 21]
[1, 2, 9, 11, 14]
[1, 4, 7, 10, 17]
[2, 4, 5, 20]
[1, 3, 8, 11, 18]
[1, 2, 8, 15, 17]
[1, 5, 6, 10, 25]
[2, 3, 5, 23]
[2, 3, 6, 13]
[3, 4, 6, 10, 21]
[2, 3, 7, 8, 9]
[2, 4, 6, 11, 24]
[3, 4, 5, 18, 25]
[16, 17, 18, 19, 20, 21, 22, 23, 24, 25, 26, 27, 28]


6
process id 4
stats
5, 16, 7, 100, 1000
20220820-094415
loosing coalitions taken
[1, 3, 7, 14, 22]
[1, 3, 9, 10, 12]
[1, 5, 6, 16, 20]
[2, 4, 5, 20]
[1, 2, 8, 12, 21]
[1, 3, 8, 11, 19]
[1, 2, 9, 11, 13]
[1, 2, 7, 10, 25]
[2, 3, 5, 25]
[2, 3, 6, 12]
[1, 4, 7, 9, 17]
[2, 4, 6, 9, 24]
[3, 4, 5, 16]
[1, 4, 8, 10, 15]
[3, 4, 6, 14, 17]
[16, 17, 18, 19, 20, 21, 22, 23, 24, 25, 26, 27, 28]


6
process id 3
stats
5, 16, 7, 100, 1000
20220820-094424
loosing coalitions taken
[1, 4, 8, 13, 14]
[3, 4, 6, 9, 22]
[1, 2, 7, 13, 25]
[1, 2, 8, 15, 17]
[1, 4, 7, 9, 18]
[1, 2, 10, 11, 14]
[1, 3, 9, 10, 12]
[2, 4, 6, 15, 21]
[1, 3, 7, 11, 22]
[1, 5, 6, 12, 24]
[3, 4, 5, 16]
[2, 4, 5, 17]
[2, 3, 6, 12]
[2, 3, 5, 24]
[2, 3, 7, 8, 9]
[16, 17, 18, 19, 20, 21, 22, 23, 24, 25, 26, 27, 28]


6
process id 2
stats
5, 16, 7, 100, 1000
20220820-094425
loosing coalitions taken
[1, 5, 6, 9, 25]
[1, 2, 8, 15, 17]
[2, 3, 7, 8, 10]
[1, 4, 8, 13, 14]
[1, 3, 7, 9, 23]
[1, 4, 7, 10, 19]
[1, 3, 8, 12, 18]
[1, 2, 7, 11, 26]
[2, 3, 5, 24]
[3, 4, 6, 11, 20]
[2, 4, 5, 20]
[2, 3, 6, 13]
[2, 4, 6, 9, 23]
[3, 4, 5, 16]
[1, 2, 10, 12, 13]
[16, 17, 18, 19, 20, 21, 22, 23, 24, 25, 26, 27, 28]


6
process id 1
stats
5, 16, 7, 100, 1000
20220820-094428
loosing coalitions taken
[1, 2, 7, 17, 18]
[1, 3, 7, 15, 21]
[2, 4, 5, 20]
[1, 3, 9, 10, 12]
[1, 4, 8, 10, 15]
[1, 5, 6, 13, 23]
[1, 2, 8, 9, 22]
[1, 4, 7, 9, 19]
[1, 3, 8, 11, 19]
[2, 3, 6, 13]
[2, 3, 5, 25]
[2, 4, 6, 10, 24]
[3, 4, 5, 18, 26]
[1, 2, 10, 11, 14]
[3, 4, 6, 9, 21]
[16, 17, 18, 19, 20, 21, 22, 23, 24, 25, 26, 27, 28]


6
process id 0
stats
5, 16, 7, 100, 1000
20220820-094430
loosing coalitions taken
[1, 3, 8, 15, 16]
[1, 2, 7, 12, 26]
[1, 3, 7, 14, 22]
[1, 4, 8, 13, 14]
[1, 5, 6, 9, 25]
[2, 3, 6, 15, 26]
[1, 2, 8, 9, 22]
[1, 4, 7, 10, 17]
[2, 4, 6, 16, 18]
[1, 3, 9, 10, 11]
[2, 3, 7, 8, 10]
[2, 4, 5, 21, 28]
[3, 4, 5, 18, 24]
[2, 3, 5, 25]
[3, 4, 6, 10, 21]
[16, 17, 18, 19, 20, 21, 22, 23, 24, 25, 26, 27, 28]


6
process id 6
stats
5, 16, 7, 100, 1000
20220820-094433
loosing coalitions taken
[1, 2, 8, 15, 17]
[1, 3, 8, 12, 18]
[1, 3, 7, 15, 21]
[3, 4, 6, 13, 21]
[1, 4, 7, 11, 17]
[1, 2, 10, 11, 14]
[2, 3, 7, 8, 10]
[3, 4, 5, 17, 28]
[1, 5, 6, 10, 26]
[2, 4, 5, 20]
[2, 3, 5, 25]
[1, 2, 7, 12, 23]
[2, 3, 6, 15, 26]
[1, 4, 8, 13, 14]
[2, 4, 6, 16, 18]
[16, 17, 18, 19, 20, 21, 22, 23, 24, 25, 26, 27, 28]


6
process id 7
stats
5, 16, 7, 100, 1000
20220820-094439
loosing coalitions taken
[2, 3, 5, 25]
[1, 2, 7, 16, 21]
[1, 3, 9, 10, 11]
[1, 4, 8, 10, 15]
[1, 5, 6, 13, 23]
[1, 3, 7, 15, 20]
[1, 3, 8, 12, 19]
[1, 4, 7, 9, 17]
[3, 4, 6, 12, 20]
[2, 4, 5, 19]
[3, 4, 5, 16]
[2, 3, 7, 8, 9]
[2, 3, 6, 13]
[2, 4, 6, 14, 21]
[1, 2, 8, 13, 18]
[16, 17, 18, 19, 20, 21, 22, 23, 24, 25, 26, 27, 28]


6
process id 6
stats
5, 16, 7, 100, 1000
20220820-094449
loosing coalitions taken
[1, 4, 8, 13, 14]
[1, 2, 8, 15, 17]
[1, 2, 10, 11, 14]
[1, 5, 6, 16, 20]
[1, 4, 7, 11, 17]
[2, 4, 5, 20]
[1, 3, 7, 16, 19]
[1, 2, 7, 9]
[3, 4, 5, 18, 23]
[2, 3, 7, 8, 10]
[2, 3, 5, 25, 26]
[2, 3, 6, 14]
[3, 4, 6, 15, 17]
[2, 4, 6, 16, 19]
[1, 3, 8, 9, 20]
[16, 17, 18, 19, 20, 21, 22, 23, 24, 25, 26, 27, 28]


6
process id 4
stats
5, 16, 7, 100, 1000
20220820-094452
loosing coalitions taken
[1, 3, 8, 12, 17]
[1, 2, 10, 12, 14]
[2, 4, 6, 13, 22]
[1, 3, 9, 10, 11]
[3, 4, 6, 14, 20]
[1, 3, 7, 16, 19]
[1, 2, 7, 15, 22]
[2, 3, 6, 15, 27]
[1, 5, 6, 13, 23]
[2, 3, 7, 8, 9]
[2, 4, 5, 20, 27]
[3, 4, 5, 18, 26]
[2, 3, 5, 24]
[1, 4, 7, 9, 18]
[1, 2, 8, 11, 20]
[16, 17, 18, 19, 20, 21, 22, 23, 24, 25, 26, 27, 28]


6
process id 5
stats
5, 16, 7, 100, 1000
20220820-094454
loosing coalitions taken
[1, 2, 8, 15, 17]
[1, 2, 9, 11, 13]
[1, 2, 7, 12, 25]
[1, 4, 7, 9, 17]
[1, 4, 8, 12, 14]
[2, 4, 5, 20]
[1, 5, 6, 11, 23]
[3, 4, 6, 12, 21]
[2, 3, 5, 25]
[2, 3, 6, 16, 24]
[3, 4, 5, 16]
[1, 3, 8, 9, 18]
[1, 3, 7, 15, 21]
[2, 4, 6, 15, 19]
[2, 3, 7, 8, 10]
[16, 17, 18, 19, 20, 21, 22, 23, 24, 25, 26, 27, 28]


6
process id 0
stats
5, 16, 7, 100, 1000
20220820-094502
loosing coalitions taken
[1, 3, 8, 12, 19]
[2, 3, 6, 16, 23]
[1, 2, 8, 15, 17]
[1, 3, 7, 15, 20]
[2, 3, 5, 25]
[2, 4, 6, 15, 20]
[1, 4, 7, 9, 18]
[1, 4, 8, 13, 14]
[1, 2, 7, 13, 23]
[1, 3, 9, 10, 11]
[1, 2, 10, 12, 14]
[1, 5, 6, 10, 26]
[2, 4, 5, 17]
[3, 4, 6, 13, 19]
[3, 4, 5, 16]
[16, 17, 18, 19, 20, 21, 22, 23, 24, 25, 26, 27, 28]


6
process id 1
stats
5, 16, 7, 100, 1000
20220820-094502
loosing coalitions taken
[1, 5, 6, 11, 25]
[1, 2, 8, 12, 21]
[1, 4, 7, 9, 19]
[1, 2, 10, 11, 14]
[1, 4, 8, 10, 15]
[1, 3, 7, 15, 21]
[2, 4, 6, 10, 24]
[3, 4, 6, 14, 20]
[1, 2, 7, 13, 25]
[2, 4, 5, 18]
[3, 4, 5, 21, 24]
[2, 3, 6, 13]
[2, 3, 5, 23]
[1, 3, 8, 14, 16]
[2, 3, 7, 8, 9]
[16, 17, 18, 19, 20, 21, 22, 23, 24, 25, 26, 27, 28]


6
process id 4
stats
5, 16, 7, 100, 1000
20220820-094509
loosing coalitions taken
[1, 4, 7, 9, 17]
[3, 4, 5, 19, 26]
[2, 3, 6, 14]
[1, 2, 9, 12, 13]
[1, 4, 8, 13, 14]
[1, 3, 9, 10, 11]
[1, 5, 6, 11, 23]
[2, 4, 5, 20]
[1, 2, 7, 14, 23]
[1, 3, 8, 12, 17]
[2, 4, 6, 12, 22]
[2, 3, 5, 25]
[3, 4, 6, 13, 21]
[1, 3, 7, 16, 19]
[1, 2, 8, 11, 21]
[16, 17, 18, 19, 20, 21, 22, 23, 24, 25, 26, 27, 28]


6
process id 3
stats
5, 16, 7, 100, 1000
20220820-094509
loosing coalitions taken
[1, 3, 9, 10, 11]
[1, 3, 8, 12, 19]
[2, 4, 5, 20]
[1, 4, 7, 9, 19]
[1, 2, 7, 14, 23]
[1, 2, 8, 15, 17]
[1, 2, 10, 12, 13]
[1, 5, 6, 16, 17]
[1, 3, 7, 15, 18]
[2, 4, 6, 9, 24]
[2, 3, 6, 14]
[2, 3, 5, 23]
[3, 4, 5, 18, 27]
[3, 4, 6, 13, 20]
[2, 5, 6, 8, 10]
[16, 17, 18, 19, 20, 21, 22, 23, 24, 25, 26, 27, 28]


6
process id 4
stats
5, 16, 7, 100, 1000
20220820-094513
loosing coalitions taken
[1, 2, 10, 11, 14]
[1, 2, 9, 12, 13]
[1, 2, 7, 17, 19]
[1, 5, 6, 10, 26]
[1, 4, 8, 10, 15]
[1, 3, 8, 11, 18]
[1, 3, 7, 15, 21]
[2, 3, 5, 25]
[3, 4, 6, 14, 20]
[2, 3, 6, 12]
[2, 4, 5, 18]
[3, 4, 5, 16]
[2, 4, 6, 10, 22]
[2, 3, 7, 8, 9]
[1, 4, 7, 14, 16]
[16, 17, 18, 19, 20, 21, 22, 23, 24, 25, 26, 27, 28]


6
process id 1
stats
5, 16, 7, 100, 1000
20220820-094522
loosing coalitions taken
[2, 4, 6, 11, 23]
[1, 3, 7, 11, 23]
[1, 4, 8, 10, 15]
[2, 3, 5, 25]
[3, 4, 6, 13, 21]
[1, 2, 8, 13, 20]
[1, 3, 9, 10, 12]
[1, 5, 6, 9, 26]
[1, 2, 7, 9, 28]
[2, 3, 6, 12]
[2, 4, 5, 22, 24]
[1, 2, 10, 11, 14]
[1, 3, 8, 14, 16]
[3, 4, 5, 16]
[1, 4, 7, 13, 16]
[16, 17, 18, 19, 20, 21, 22, 23, 24, 25, 26, 27, 28]


6
process id 7
stats
5, 16, 7, 100, 1000
20220820-094528
loosing coalitions taken
[1, 3, 8, 12, 19]
[1, 5, 6, 13, 24]
[1, 4, 8, 10, 15]
[1, 2, 8, 14, 20]
[2, 4, 6, 12, 23]
[3, 4, 6, 13, 20]
[1, 3, 7, 16, 17]
[2, 4, 5, 20]
[2, 5, 6, 7, 16]
[3, 4, 5, 21, 23]
[2, 3, 6, 15, 27]
[1, 2, 7, 9]
[2, 3, 5, 26, 28]
[2, 3, 7, 8, 10]
[1, 3, 9, 10, 11]
[16, 17, 18, 19, 20, 21, 22, 23, 24, 25, 26, 27, 28]


6
process id 4
stats
5, 16, 7, 100, 1000
20220820-094536
loosing coalitions taken
[1, 4, 7, 9, 19]
[2, 4, 5, 20]
[1, 3, 7, 15, 20]
[1, 5, 6, 10, 25]
[1, 2, 10, 11, 14]
[1, 2, 8, 9, 22]
[1, 3, 8, 11, 18]
[1, 4, 8, 13, 14]
[2, 4, 6, 11, 22]
[2, 3, 6, 13]
[3, 4, 6, 15, 17]
[2, 3, 5, 23]
[3, 4, 5, 16]
[1, 3, 9, 10, 12]
[1, 2, 7, 12, 23]
[16, 17, 18, 19, 20, 21, 22, 23, 24, 25, 26, 27, 28]


6
process id 1
stats
5, 16, 7, 100, 1000
20220820-094541
loosing coalitions taken
[1, 3, 9, 10, 11]
[3, 4, 6, 11, 21]
[1, 3, 7, 15, 20]
[1, 2, 7, 12, 26]
[1, 5, 6, 16, 18]
[1, 4, 7, 14, 16]
[1, 4, 8, 9, 15]
[1, 3, 8, 12, 19]
[2, 3, 5, 23]
[2, 4, 6, 12, 23]
[2, 3, 6, 14]
[2, 4, 5, 20]
[1, 2, 8, 13, 17]
[3, 4, 5, 18, 26]
[2, 3, 7, 8, 9]
[16, 17, 18, 19, 20, 21, 22, 23, 24, 25, 26, 27, 28]


6
process id 0
stats
5, 16, 7, 100, 1000
20220820-094551
loosing coalitions taken
[1, 4, 8, 12, 14]
[2, 4, 5, 20]
[2, 3, 6, 14]
[1, 2, 7, 12, 23]
[3, 4, 5, 19, 24]
[1, 2, 8, 13, 20]
[1, 2, 10, 11, 14]
[1, 4, 7, 10, 17]
[1, 5, 6, 9, 25]
[2, 3, 5, 25]
[3, 4, 6, 11, 21]
[1, 3, 8, 11, 19]
[2, 4, 6, 16, 18]
[1, 3, 7, 13, 22]
[2, 3, 7, 8, 9]
[16, 17, 18, 19, 20, 21, 22, 23, 24, 25, 26, 27, 28]


7
process id 5
stats
5, 16, 7, 100, 1000
20220820-094551
loosing coalitions taken
[1, 3, 8, 11, 19]
[2, 4, 5, 21, 26]
[1, 3, 7, 15, 20]
[2, 4, 6, 13, 22]
[1, 4, 7, 9, 18]
[1, 4, 8, 10, 15]
[1, 2, 7, 13, 24]
[1, 2, 8, 14, 17]
[2, 3, 5, 23]
[3, 4, 6, 15, 17]
[1, 5, 6, 11, 25]
[3, 4, 5, 16]
[2, 3, 6, 12]
[2, 3, 7, 8, 9]
[1, 3, 9, 10, 12]
[16, 17, 18, 19, 20, 21, 22, 23, 24, 25, 26, 27, 28]


6
process id 4
stats
5, 16, 7, 100, 1000
20220820-094551
loosing coalitions taken
[1, 5, 6, 11, 24]
[1, 4, 7, 10, 17]
[1, 3, 9, 10, 12]
[1, 2, 7, 11, 27]
[2, 3, 6, 17, 21]
[2, 3, 7, 8, 10]
[1, 3, 7, 15, 20]
[3, 4, 6, 13, 20]
[1, 3, 8, 11, 18]
[1, 2, 8, 12, 20]
[1, 4, 8, 13, 14]
[2, 4, 5, 21, 26]
[2, 3, 5, 25]
[3, 4, 5, 16]
[2, 4, 6, 9, 25]
[16, 17, 18, 19, 20, 21, 22, 23, 24, 25, 26, 27, 28]


6
process id 0
stats
5, 16, 7, 100, 1000
20220820-094602
loosing coalitions taken
[1, 4, 7, 11, 17]
[1, 3, 7, 13, 22]
[1, 5, 6, 11, 25]
[1, 3, 8, 12, 18]
[3, 4, 6, 15, 17]
[2, 4, 5, 18]
[1, 4, 8, 10, 15]
[1, 2, 10, 12, 14]
[2, 3, 5, 24]
[2, 3, 6, 16, 23]
[2, 4, 6, 12, 22]
[1, 2, 7, 9]
[1, 3, 9, 10, 11]
[3, 4, 5, 16]
[1, 2, 8, 13, 20]
[16, 17, 18, 19, 20, 21, 22, 23, 24, 25, 26, 27, 28]


6
process id 5
stats
5, 16, 7, 100, 1000
20220820-094602
loosing coalitions taken
[1, 2, 7, 11, 26]
[1, 3, 7, 14, 22]
[1, 3, 9, 10, 11]
[1, 4, 8, 13, 14]
[1, 3, 8, 15, 16]
[2, 4, 6, 10, 24]
[2, 3, 6, 15, 27]
[1, 2, 10, 12, 13]
[1, 2, 8, 9, 22]
[1, 5, 6, 16, 19]
[3, 4, 6, 12, 21]
[3, 4, 5, 19, 26]
[2, 4, 5, 20, 27]
[2, 3, 5, 25]
[1, 4, 7, 10, 17]
[16, 17, 18, 19, 20, 21, 22, 23, 24, 25, 26, 27, 28]


6
process id 3
stats
5, 16, 7, 100, 1000
20220820-094605
loosing coalitions taken
[1, 2, 7, 17, 19]
[2, 4, 6, 11, 22]
[1, 4, 7, 10, 18]
[1, 3, 7, 13, 22]
[2, 3, 6, 14]
[1, 4, 8, 12, 13]
[1, 3, 9, 10, 12]
[3, 4, 5, 16]
[1, 2, 10, 11, 13]
[1, 3, 8, 11, 17]
[2, 3, 5, 25]
[1, 5, 6, 9, 23]
[2, 4, 5, 20]
[3, 4, 6, 12, 21]
[1, 2, 8, 9, 22]
[16, 17, 18, 19, 20, 21, 22, 23, 24, 25, 26, 27, 28]


6
process id 7
stats
5, 16, 7, 100, 1000
20220820-094640
loosing coalitions taken
[1, 5, 6, 10, 26]
[1, 4, 8, 13, 14]
[1, 3, 9, 10, 11]
[1, 2, 8, 15, 17]
[2, 3, 7, 8, 9]
[2, 4, 5, 20]
[1, 3, 8, 12, 18]
[1, 2, 9, 12, 14]
[1, 2, 7, 16, 21]
[1, 4, 7, 10, 18]
[2, 3, 6, 13]
[3, 4, 5, 17, 25]
[2, 3, 5, 24]
[1, 3, 7, 15, 19]
[2, 4, 6, 16, 19]
[16, 17, 18, 19, 20, 21, 22, 23, 24, 25, 26, 27, 28]


6
process id 0
stats
5, 16, 7, 100, 1000
20220820-094650
loosing coalitions taken
[1, 2, 10, 12, 13]
[2, 4, 6, 11, 24]
[1, 3, 8, 12, 17]
[2, 3, 5, 25]
[1, 2, 7, 9]
[1, 4, 8, 13, 14]
[2, 4, 5, 19]
[2, 3, 6, 13]
[3, 4, 6, 15, 17]
[1, 5, 6, 16, 17]
[2, 3, 7, 8, 10]
[1, 3, 7, 13, 22]
[1, 2, 8, 11, 21]
[3, 4, 5, 16]
[1, 4, 7, 10, 17]
[16, 17, 18, 19, 20, 21, 22, 23, 24, 25, 26, 27, 28]


7
process id 6
stats
5, 16, 7, 100, 1000
20220820-094706
loosing coalitions taken
[1, 3, 8, 11, 19]
[1, 3, 9, 10, 12]
[1, 4, 8, 13, 14]
[1, 2, 10, 11, 14]
[2, 4, 5, 22, 24]
[3, 4, 6, 14, 18]
[2, 3, 5, 26, 28]
[2, 3, 6, 13]
[1, 5, 6, 15, 21]
[1, 3, 7, 13, 22]
[1, 2, 7, 9]
[3, 4, 5, 16]
[2, 4, 6, 11, 23]
[1, 4, 7, 11, 17]
[2, 3, 7, 8, 10]
[16, 17, 18, 19, 20, 21, 22, 23, 24, 25, 26, 27, 28]


6
process id 3
stats
5, 16, 7, 100, 1000
20220820-094707
loosing coalitions taken
[1, 3, 9, 10, 12]
[2, 4, 6, 16, 18]
[1, 2, 9, 11, 13]
[1, 4, 7, 9, 18]
[1, 3, 8, 11, 18]
[1, 2, 7, 14, 23]
[2, 3, 7, 8, 10]
[2, 4, 5, 20]
[2, 3, 6, 14]
[1, 3, 7, 15, 20]
[1, 2, 8, 15, 17]
[2, 3, 5, 25]
[3, 4, 5, 18, 27]
[1, 4, 8, 12, 13]
[3, 4, 6, 13, 21]
[16, 17, 18, 19, 20, 21, 22, 23, 24, 25, 26, 27, 28]


7
process id 1
stats
5, 16, 7, 100, 1000
20220820-094709
loosing coalitions taken
[3, 4, 5, 18, 27]
[1, 3, 9, 10, 12]
[2, 4, 6, 11, 22]
[1, 4, 7, 9, 17]
[1, 3, 7, 14, 22]
[1, 5, 6, 15, 21]
[1, 4, 8, 12, 14]
[2, 3, 6, 13]
[1, 2, 7, 10, 26]
[2, 4, 5, 20]
[3, 4, 6, 12, 20]
[1, 2, 9, 11, 14]
[2, 3, 5, 24]
[1, 3, 8, 11, 19]
[1, 2, 8, 13, 17]
[16, 17, 18, 19, 20, 21, 22, 23, 24, 25, 26, 27, 28]


6
process id 4
stats
5, 16, 7, 100, 1000
20220820-094711
loosing coalitions taken
[1, 4, 7, 9, 18]
[1, 5, 6, 15, 21]
[1, 3, 8, 12, 19]
[1, 3, 7, 15, 20]
[2, 4, 5, 20, 28]
[1, 2, 7, 11, 25]
[2, 3, 7, 8, 10]
[3, 4, 6, 13, 20]
[1, 2, 8, 15, 17]
[1, 4, 8, 11, 13]
[1, 2, 9, 10, 13]
[2, 4, 6, 12, 23]
[3, 4, 5, 21, 24]
[2, 3, 5, 25, 27]
[2, 3, 6, 14]
[16, 17, 18, 19, 20, 21, 22, 23, 24, 25, 26, 27, 28]


6
process id 5
stats
5, 16, 7, 100, 1000
20220820-094719
loosing coalitions taken
[1, 2, 8, 15, 17]
[1, 3, 7, 16, 19]
[1, 5, 6, 16, 20]
[2, 3, 6, 15, 27]
[3, 4, 6, 14, 20]
[2, 3, 7, 8, 9]
[2, 4, 6, 10, 23]
[1, 2, 10, 12, 13]
[3, 4, 5, 18, 26]
[2, 3, 5, 24, 28]
[2, 4, 5, 20]
[1, 3, 9, 10, 11]
[1, 4, 8, 13, 14]
[1, 3, 8, 12, 18]
[1, 4, 7, 10, 18]
[16, 17, 18, 19, 20, 21, 22, 23, 24, 25, 26, 27, 28]


6
process id 7
stats
5, 16, 7, 100, 1000
20220820-094725
loosing coalitions taken
[1, 3, 8, 11, 18]
[2, 4, 5, 20]
[2, 3, 7, 8, 10]
[3, 4, 6, 13, 21]
[1, 3, 7, 14, 22]
[1, 2, 8, 9, 22]
[1, 2, 7, 12, 26]
[1, 5, 6, 11, 24]
[1, 4, 7, 10, 18]
[2, 3, 5, 24]
[3, 4, 5, 16]
[2, 3, 6, 12]
[1, 3, 9, 10, 12]
[2, 4, 6, 16, 18]
[1, 2, 10, 11, 14]
[16, 17, 18, 19, 20, 21, 22, 23, 24, 25, 26, 27, 28]


6
process id 3
stats
5, 16, 7, 100, 1000
20220820-094726
loosing coalitions taken
[1, 5, 6, 10, 26]
[2, 3, 6, 14]
[1, 3, 8, 11, 17]
[1, 3, 7, 15, 20]
[3, 4, 5, 19, 26]
[2, 4, 5, 18]
[1, 2, 7, 13, 24]
[1, 2, 9, 10, 14]
[1, 4, 7, 14, 16]
[2, 3, 5, 24]
[3, 4, 6, 15, 17]
[2, 4, 6, 11, 23]
[1, 2, 8, 12, 21]
[2, 3, 7, 8, 9]
[1, 4, 8, 10, 15]
[16, 17, 18, 19, 20, 21, 22, 23, 24, 25, 26, 27, 28]


6
process id 4
stats
5, 16, 7, 100, 1000
20220820-094730
loosing coalitions taken
[1, 2, 7, 11, 27]
[1, 4, 7, 10, 17]
[2, 3, 6, 14]
[1, 3, 8, 12, 19]
[1, 3, 7, 16, 18]
[2, 4, 5, 20]
[1, 3, 9, 10, 11]
[1, 4, 8, 11, 14]
[1, 2, 8, 15, 17]
[1, 5, 6, 12, 23]
[2, 3, 5, 25]
[3, 4, 5, 16]
[1, 2, 9, 12, 13]
[2, 4, 6, 16, 19]
[3, 4, 6, 11, 20]
[16, 17, 18, 19, 20, 21, 22, 23, 24, 25, 26, 27, 28]


6
process id 5
stats
5, 16, 7, 100, 1000
20220820-094735
loosing coalitions taken
[1, 4, 8, 10, 15]
[1, 2, 8, 12, 21]
[1, 3, 7, 11, 23]
[1, 3, 9, 10, 12]
[3, 4, 6, 14, 20]
[2, 3, 6, 13]
[1, 4, 7, 9, 19]
[1, 5, 6, 14, 22]
[3, 4, 5, 18, 27]
[1, 2, 7, 13, 25]
[2, 4, 6, 9, 23]
[2, 4, 5, 17]
[1, 3, 8, 13, 16]
[2, 3, 5, 24]
[2, 3, 7, 8, 10]
[16, 17, 18, 19, 20, 21, 22, 23, 24, 25, 26, 27, 28]


6
process id 7
stats
5, 16, 7, 100, 1000
20220820-094735
loosing coalitions taken
[1, 2, 10, 11, 13]
[1, 3, 9, 10, 12]
[1, 4, 8, 10, 15]
[3, 4, 6, 12, 21]
[1, 3, 7, 15, 21]
[2, 3, 6, 14]
[1, 5, 6, 11, 24]
[1, 3, 8, 11, 18]
[1, 2, 7, 12, 26]
[2, 4, 5, 18]
[2, 3, 5, 24]
[2, 4, 6, 9, 23]
[3, 4, 5, 16]
[1, 2, 8, 14, 17]
[1, 4, 7, 9, 18]
[16, 17, 18, 19, 20, 21, 22, 23, 24, 25, 26, 27, 28]


6
process id 4
stats
5, 16, 7, 100, 1000
20220820-094739
loosing coalitions taken
[1, 3, 8, 12, 18]
[1, 4, 8, 10, 15]
[2, 3, 6, 14]
[2, 4, 6, 16, 19]
[1, 2, 7, 9]
[3, 4, 6, 12, 20]
[1, 3, 7, 13, 22]
[1, 5, 6, 15, 21]
[2, 5, 6, 8, 11]
[3, 4, 5, 17, 28]
[1, 3, 9, 10, 11]
[2, 4, 5, 18]
[2, 3, 5, 24]
[1, 2, 10, 12, 14]
[1, 4, 7, 11, 17]
[16, 17, 18, 19, 20, 21, 22, 23, 24, 25, 26, 27, 28]


6
process id 3
stats
5, 16, 7, 100, 1000
20220820-094740
loosing coalitions taken
[1, 3, 9, 10, 12]
[2, 4, 5, 22, 24]
[1, 2, 8, 9, 22]
[2, 3, 5, 25]
[1, 4, 8, 10, 15]
[1, 5, 6, 13, 24]
[2, 4, 6, 16, 19]
[3, 4, 6, 14, 17]
[1, 3, 8, 11, 19]
[1, 2, 10, 11, 14]
[3, 4, 5, 16]
[1, 2, 7, 13, 25]
[2, 3, 6, 18, 20]
[1, 4, 7, 9, 18]
[1, 3, 7, 14, 21]
[16, 17, 18, 19, 20, 21, 22, 23, 24, 25, 26, 27, 28]


5
process id 4
stats
5, 16, 7, 100, 1000
20220820-094745
loosing coalitions taken
[1, 2, 7, 14, 23]
[1, 4, 7, 9, 19]
[3, 4, 6, 13, 20]
[1, 2, 8, 15, 17]
[1, 3, 7, 16, 17]
[2, 3, 7, 8, 10]
[2, 3, 5, 25]
[2, 4, 6, 16, 17]
[1, 4, 8, 13, 14]
[1, 3, 9, 10, 12]
[2, 4, 5, 20]
[3, 4, 5, 16]
[1, 5, 6, 10, 25]
[1, 2, 10, 11, 13]
[2, 3, 6, 14]
[16, 17, 18, 19, 20, 21, 22, 23, 24, 25, 26, 27, 28]


6
process id 6
stats
5, 16, 7, 100, 1000
20220820-094747
loosing coalitions taken
[1, 2, 7, 15, 22]
[1, 2, 10, 11, 13]
[2, 4, 5, 20]
[1, 3, 8, 15, 16]
[3, 5, 6, 7, 15]
[1, 4, 7, 9, 19]
[1, 2, 8, 14, 19]
[2, 3, 6, 13]
[3, 4, 5, 19, 26]
[1, 5, 6, 10, 25]
[2, 3, 5, 25]
[2, 4, 6, 14, 22]
[3, 4, 6, 12, 21]
[1, 4, 8, 12, 13]
[1, 3, 9, 10, 12]
[16, 17, 18, 19, 20, 21, 22, 23, 24, 25, 26, 27, 28]


6
process id 3
stats
5, 16, 7, 100, 1000
20220820-094749
loosing coalitions taken
[2, 4, 5, 20]
[1, 3, 8, 12, 19]
[1, 5, 6, 12, 24]
[1, 3, 7, 15, 21]
[1, 4, 8, 10, 15]
[1, 4, 7, 9, 18]
[3, 4, 5, 17, 26]
[1, 2, 8, 14, 20]
[2, 3, 6, 15, 26]
[1, 2, 7, 12, 25]
[2, 4, 6, 9, 23]
[3, 4, 6, 14, 20]
[2, 3, 5, 23]
[1, 2, 10, 11, 13]
[2, 3, 7, 8, 9]
[16, 17, 18, 19, 20, 21, 22, 23, 24, 25, 26, 27, 28]


6
process id 5
stats
5, 16, 7, 100, 1000
20220820-094749
loosing coalitions taken
[2, 4, 5, 20]
[3, 4, 6, 13, 21]
[1, 4, 7, 10, 19]
[1, 5, 6, 11, 24]
[1, 3, 9, 10, 12]
[1, 2, 7, 12, 26]
[1, 3, 8, 15, 16]
[1, 2, 8, 9, 22]
[1, 3, 7, 13, 22]
[2, 3, 5, 25]
[2, 4, 6, 9, 25]
[1, 2, 10, 11, 13]
[1, 4, 8, 12, 14]
[2, 3, 6, 12]
[3, 4, 5, 17, 27]
[16, 17, 18, 19, 20, 21, 22, 23, 24, 25, 26, 27, 28]


6
process id 1
stats
5, 16, 7, 100, 1000
20220820-094810
loosing coalitions taken
[1, 3, 8, 10, 18]
[1, 4, 7, 10, 19]
[2, 3, 6, 15, 27]
[1, 2, 8, 13, 20]
[1, 2, 7, 15, 22]
[1, 2, 9, 10, 14]
[1, 3, 7, 16, 17]
[2, 4, 5, 20, 26]
[1, 5, 6, 13, 22]
[3, 4, 6, 14, 20]
[1, 4, 8, 9, 15]
[2, 3, 5, 24]
[2, 4, 6, 16, 19]
[2, 3, 7, 8, 9]
[3, 4, 5, 16]
[16, 17, 18, 19, 20, 21, 22, 23, 24, 25, 26, 27, 28]


6
process id 6
stats
5, 16, 7, 100, 1000
20220820-094810
loosing coalitions taken
[1, 3, 9, 10, 11]
[1, 2, 10, 12, 13]
[1, 4, 7, 14, 16]
[1, 2, 7, 9]
[2, 3, 5, 27, 28]
[2, 3, 6, 14]
[3, 4, 5, 18, 26]
[1, 3, 8, 12, 19]
[2, 4, 5, 20]
[3, 4, 6, 15, 17]
[2, 5, 6, 8, 9]
[1, 5, 6, 11, 23]
[2, 4, 6, 12, 22]
[1, 2, 8, 11, 20]
[1, 3, 7, 15, 18]
[16, 17, 18, 19, 20, 21, 22, 23, 24, 25, 26, 27, 28]


6
process id 4
stats
5, 16, 7, 100, 1000
20220820-094810
loosing coalitions taken
[3, 4, 6, 12, 21]
[1, 3, 8, 11, 18]
[1, 2, 7, 9]
[1, 4, 8, 13, 14]
[1, 5, 6, 11, 24]
[1, 3, 9, 10, 12]
[2, 4, 5, 21, 27]
[2, 3, 6, 14]
[3, 4, 5, 18, 23]
[2, 3, 5, 25]
[1, 3, 7, 15, 20]
[2, 4, 6, 9, 24]
[1, 4, 7, 10, 17]
[1, 2, 8, 12, 20]
[1, 2, 10, 11, 13]
[16, 17, 18, 19, 20, 21, 22, 23, 24, 25, 26, 27, 28]


6
process id 3
stats
5, 16, 7, 100, 1000
20220820-094811
loosing coalitions taken
[1, 4, 8, 13, 14]
[1, 2, 7, 9]
[3, 4, 6, 14, 20]
[1, 3, 8, 12, 19]
[2, 3, 6, 13]
[2, 3, 5, 23]
[2, 4, 5, 19]
[1, 3, 7, 15, 18]
[2, 3, 7, 8, 10]
[1, 5, 6, 10, 25]
[3, 4, 5, 16]
[1, 2, 8, 11, 21]
[1, 2, 10, 12, 14]
[1, 4, 7, 11, 17]
[2, 4, 6, 11, 23]
[16, 17, 18, 19, 20, 21, 22, 23, 24, 25, 26, 27, 28]


6
process id 4
stats
5, 16, 7, 100, 1000
20220820-094818
loosing coalitions taken
[1, 3, 8, 12, 17]
[3, 4, 6, 9, 22]
[1, 2, 9, 11, 13]
[1, 2, 7, 16, 20]
[1, 5, 6, 11, 25]
[2, 4, 5, 20]
[1, 4, 7, 9, 17]
[1, 3, 7, 11, 23]
[1, 4, 8, 10, 15]
[2, 3, 6, 14]
[2, 4, 6, 10, 24]
[3, 4, 5, 16]
[2, 3, 5, 23]
[2, 3, 7, 8, 10]
[1, 2, 8, 14, 19]
[16, 17, 18, 19, 20, 21, 22, 23, 24, 25, 26, 27, 28]


6
process id 0
stats
5, 16, 7, 100, 1000
20220820-094822
loosing coalitions taken
[3, 4, 6, 13, 21]
[2, 3, 7, 8, 10]
[1, 4, 7, 10, 19]
[2, 3, 5, 25]
[1, 3, 8, 12, 19]
[1, 2, 7, 15, 22]
[1, 3, 7, 11, 23]
[1, 5, 6, 16, 20]
[2, 4, 6, 16, 19]
[2, 4, 5, 18]
[3, 4, 5, 16]
[2, 3, 6, 14]
[1, 2, 9, 12, 14]
[1, 2, 10, 11, 13]
[1, 4, 8, 11, 14]
[16, 17, 18, 19, 20, 21, 22, 23, 24, 25, 26, 27, 28]


6
process id 0
stats
5, 16, 7, 100, 1000
20220820-094831
loosing coalitions taken
[1, 5, 6, 13, 24]
[1, 2, 7, 9]
[2, 4, 6, 11, 23]
[1, 4, 8, 10, 15]
[1, 3, 8, 12, 18]
[3, 4, 5, 19, 25]
[2, 3, 5, 23]
[2, 3, 6, 12]
[2, 4, 5, 17]
[1, 3, 7, 16, 17]
[3, 4, 6, 14, 17]
[1, 3, 9, 10, 11]
[1, 2, 8, 11, 21]
[2, 3, 7, 8, 10]
[1, 2, 10, 12, 14]
[16, 17, 18, 19, 20, 21, 22, 23, 24, 25, 26, 27, 28]


6
process id 1
stats
5, 16, 7, 100, 1000
20220820-094836
loosing coalitions taken
[1, 5, 6, 12, 24]
[1, 3, 9, 10, 11]
[2, 3, 6, 15, 26]
[1, 4, 8, 13, 14]
[2, 4, 6, 11, 23]
[2, 3, 7, 8, 9]
[1, 3, 8, 15, 16]
[3, 4, 6, 13, 21]
[1, 2, 7, 13, 24]
[2, 3, 5, 27, 28]
[1, 3, 7, 12, 22]
[1, 2, 8, 11, 20]
[2, 4, 5, 18]
[1, 2, 10, 12, 14]
[1, 4, 7, 11, 17]
[16, 17, 18, 19, 20, 21, 22, 23, 24, 25, 26, 27, 28]


6
process id 3
stats
5, 16, 7, 100, 1000
20220820-094844
loosing coalitions taken
[1, 5, 6, 9, 25]
[3, 4, 5, 17, 27]
[1, 4, 7, 10, 19]
[1, 4, 8, 9, 15]
[2, 4, 5, 20]
[2, 3, 6, 16, 23]
[1, 2, 10, 12, 13]
[3, 4, 6, 11, 21]
[1, 3, 7, 12, 22]
[2, 4, 6, 9, 24]
[2, 3, 7, 8, 10]
[1, 2, 7, 16, 20]
[1, 2, 9, 11, 14]
[2, 3, 5, 24, 28]
[1, 3, 8, 13, 16]
[16, 17, 18, 19, 20, 21, 22, 23, 24, 25, 26, 27, 28]


6
process id 6
stats
5, 16, 7, 100, 1000
20220820-094847
loosing coalitions taken
[1, 5, 6, 16, 19]
[2, 3, 6, 14]
[1, 2, 7, 13, 25]
[2, 4, 5, 21, 28]
[1, 4, 7, 9, 18]
[1, 2, 8, 15, 17]
[1, 4, 8, 13, 14]
[1, 3, 7, 11, 23]
[1, 3, 8, 12, 18]
[2, 4, 6, 9, 23]
[1, 2, 10, 12, 14]
[2, 3, 7, 8, 10]
[2, 3, 5, 23]
[3, 4, 5, 18, 26]
[3, 4, 6, 13, 19]
[16, 17, 18, 19, 20, 21, 22, 23, 24, 25, 26, 27, 28]


6
process id 5
stats
5, 16, 7, 100, 1000
20220820-094907
loosing coalitions taken
[1, 2, 7, 12, 26]
[2, 4, 5, 20, 27]
[1, 4, 7, 10, 17]
[1, 2, 8, 15, 17]
[1, 2, 9, 10, 14]
[1, 3, 8, 10, 19]
[1, 5, 6, 15, 21]
[1, 4, 8, 13, 14]
[2, 3, 6, 14]
[2, 4, 6, 9, 23]
[1, 3, 7, 11, 22]
[2, 3, 7, 8, 9]
[2, 3, 5, 25]
[3, 4, 5, 17, 26]
[3, 4, 6, 12, 21]
[16, 17, 18, 19, 20, 21, 22, 23, 24, 25, 26, 27, 28]


7
process id 2
stats
5, 16, 7, 100, 1000
20220820-095053
loosing coalitions taken
[3, 4, 6, 15, 17]
[1, 2, 10, 11, 14]
[1, 2, 7, 9, 28]
[2, 3, 7, 8, 10]
[1, 4, 7, 10, 18]
[1, 2, 8, 12, 21]
[1, 3, 8, 11, 18]
[1, 5, 6, 14, 22]
[1, 3, 9, 10, 12]
[1, 4, 8, 9, 15]
[2, 4, 5, 20, 28]
[3, 4, 5, 19, 26]
[2, 3, 5, 24]
[2, 4, 6, 11, 23]
[1, 3, 7, 15, 21]
[16, 17, 18, 19, 20, 21, 22, 23, 24, 25, 26, 27, 28]


