Results
15
0.64
0.63

6
process id 5
stats
5, 15, 7, 100, 1000
20220816-204328
loosing coalitions taken
[2, 4, 5, 20, 27]
[2, 3, 6, 12]
[1, 2, 7, 9, 28]
[1, 3, 8, 9, 16]
[3, 4, 5, 13, 23]
[1, 4, 6, 26]
[1, 3, 7, 15, 20]
[1, 3, 6, 27]
[1, 5, 6, 16, 17]
[2, 4, 6, 10, 24]
[3, 4, 6, 11, 19]
[2, 3, 5, 24]
[1, 2, 8, 11, 21]
[1, 2, 10, 12, 13]
[16, 17, 18, 19, 20, 21, 22, 23, 24, 25, 26, 27, 28]


5
process id 7
stats
5, 15, 7, 100, 1000
20220816-204330
loosing coalitions taken
[1, 3, 7, 10, 22]
[2, 4, 5, 17, 25]
[3, 4, 5, 20, 21]
[2, 4, 6, 14, 16]
[1, 4, 8, 9, 13]
[1, 2, 7, 16, 17]
[3, 4, 6, 7, 23]
[1, 4, 7, 12, 15]
[1, 3, 8, 12, 16]
[1, 5, 6, 9, 26]
[1, 2, 8, 11, 14]
[2, 3, 5, 15, 24]
[1, 2, 10, 12, 13]
[1, 4, 6, 25]
[16, 17, 18, 19, 20, 21, 22, 23, 24, 25, 26, 27, 28]


5
process id 0
stats
5, 15, 7, 100, 1000
20220816-204404
loosing coalitions taken
[1, 2, 8, 13, 19]
[2, 4, 6, 8]
[1, 4, 7, 12, 13]
[1, 2, 9, 11, 14]
[1, 2, 7, 10, 22]
[1, 3, 8, 9, 12]
[1, 5, 6, 14, 21]
[2, 3, 5, 19]
[3, 4, 5, 11]
[1, 4, 6, 25]
[1, 3, 6, 26]
[2, 4, 5, 20]
[2, 3, 6, 13]
[1, 3, 7, 11, 18]
[16, 17, 18, 19, 20, 21, 22, 23, 24, 25, 26, 27, 28]


5
process id 0
stats
5, 15, 7, 100, 1000
20220816-204407
loosing coalitions taken
[2, 3, 6, 9]
[1, 4, 6, 27]
[1, 3, 8, 11, 18]
[1, 2, 10, 11, 12]
[1, 3, 6, 22]
[2, 4, 5, 12, 25]
[2, 3, 5, 13]
[1, 3, 7, 13, 20]
[1, 5, 6, 11, 25]
[1, 2, 7, 9]
[3, 4, 5, 14, 24]
[2, 4, 6, 13, 20]
[1, 2, 8, 13, 17]
[1, 4, 7, 8]
[16, 17, 18, 19, 20, 21, 22, 23, 24, 25, 26, 27, 28]


6
process id 6
stats
5, 15, 7, 100, 1000
20220816-204411
loosing coalitions taken
[2, 3, 6, 10]
[1, 2, 8, 11, 17]
[1, 3, 8, 9, 15]
[3, 4, 5, 12, 26]
[2, 4, 5, 20, 28]
[1, 2, 9, 12, 13]
[1, 4, 8, 10, 14]
[1, 2, 7, 14, 18]
[1, 4, 6, 27]
[3, 4, 6, 14, 18]
[1, 3, 6, 22]
[2, 3, 5, 23]
[1, 5, 6, 9, 23]
[1, 3, 7, 11, 16]
[16, 17, 18, 19, 20, 21, 22, 23, 24, 25, 26, 27, 28]


5
process id 0
stats
5, 15, 7, 100, 1000
20220816-204421
loosing coalitions taken
[3, 4, 6, 11, 17]
[1, 2, 7, 16, 18]
[1, 3, 8, 13, 15]
[3, 4, 5, 21, 22]
[2, 3, 6, 16, 21]
[1, 5, 6, 10, 23]
[1, 2, 8, 14, 20]
[2, 4, 6, 12, 19]
[1, 4, 7, 13, 14]
[1, 2, 10, 11, 13]
[2, 3, 5, 20, 24]
[1, 4, 6, 22]
[2, 4, 5, 10]
[1, 3, 7, 11, 12]
[16, 17, 18, 19, 20, 21, 22, 23, 24, 25, 26, 27, 28]


5
process id 0
stats
5, 15, 7, 100, 1000
20220816-204445
loosing coalitions taken
[1, 2, 9, 10, 12]
[3, 4, 6, 11, 21]
[1, 3, 8, 11, 16]
[1, 2, 7, 11, 20]
[2, 3, 5, 24, 25]
[2, 4, 6, 15, 18]
[1, 4, 7, 8, 26]
[1, 2, 8, 14, 15]
[2, 3, 6, 12]
[1, 3, 7, 14, 18]
[3, 4, 5, 18, 22]
[1, 5, 6, 13, 21]
[2, 4, 5, 17]
[1, 4, 6, 19]
[16, 17, 18, 19, 20, 21, 22, 23, 24, 25, 26, 27, 28]


5
process id 3
stats
5, 15, 7, 100, 1000
20220816-204448
loosing coalitions taken
[1, 3, 7, 15, 21]
[2, 4, 6, 11, 20]
[1, 4, 7, 10, 18]
[1, 2, 8, 13, 16]
[2, 5, 6, 8, 12]
[3, 4, 5, 18, 27]
[1, 2, 10, 11, 14]
[3, 4, 6, 13, 17]
[1, 2, 7, 9]
[1, 3, 8, 10, 19]
[2, 3, 6, 14, 25]
[2, 4, 5, 10, 24]
[2, 3, 5, 21]
[1, 4, 6, 21]
[16, 17, 18, 19, 20, 21, 22, 23, 24, 25, 26, 27, 28]


6
process id 6
stats
5, 15, 7, 100, 1000
20220816-204452
loosing coalitions taken
[1, 4, 8, 10, 12]
[1, 2, 9, 11, 14]
[1, 5, 6, 16, 20]
[1, 3, 8, 11, 17]
[1, 3, 7, 9, 23]
[2, 3, 6, 11]
[1, 4, 7, 11, 16]
[1, 4, 6, 27]
[2, 3, 5, 21, 25]
[3, 4, 5, 17, 28]
[2, 4, 5, 19]
[3, 4, 6, 12, 18]
[1, 2, 6, 24]
[1, 2, 7, 12, 18]
[16, 17, 18, 19, 20, 21, 22, 23, 24, 25, 26, 27, 28]


5
process id 2
stats
5, 15, 7, 100, 1000
20220816-204510
loosing coalitions taken
[1, 2, 9, 12, 13]
[1, 3, 9, 10, 11]
[1, 2, 7, 11, 26]
[2, 3, 6, 14]
[1, 4, 7, 9, 17]
[1, 4, 6, 27, 28]
[1, 3, 8, 13, 16]
[1, 4, 8, 10, 12]
[2, 4, 5, 16]
[1, 5, 6, 14, 22]
[3, 4, 5, 15]
[3, 4, 6, 8]
[2, 3, 5, 19]
[1, 2, 6, 23]
[16, 17, 18, 19, 20, 21, 22, 23, 24, 25, 26, 27, 28]


6
process id 3
stats
5, 15, 7, 100, 1000
20220816-204525
loosing coalitions taken
[1, 4, 8, 9, 15]
[1, 3, 7, 13, 22]
[1, 2, 8, 11, 19]
[1, 2, 7, 9, 28]
[1, 3, 8, 10, 17]
[1, 4, 7, 10, 18]
[2, 3, 6, 10, 28]
[1, 2, 10, 12, 13]
[3, 4, 6, 8]
[1, 4, 6, 25]
[2, 3, 5, 18]
[2, 4, 6, 11, 12]
[3, 4, 5, 16, 27]
[2, 4, 5, 17, 23]
[16, 17, 18, 19, 20, 21, 22, 23, 24, 25, 26, 27, 28]


5
process id 1
stats
5, 15, 7, 100, 1000
20220816-204526
loosing coalitions taken
[2, 3, 5, 19]
[1, 4, 8, 10, 15]
[1, 4, 6, 27, 28]
[3, 4, 6, 11, 14]
[2, 4, 6, 8]
[1, 3, 7, 12, 21]
[1, 3, 8, 13, 16]
[1, 2, 7, 13, 23]
[1, 5, 6, 12, 23]
[1, 4, 7, 9, 11]
[3, 4, 5, 13, 26]
[2, 4, 5, 21, 25]
[2, 3, 6, 12]
[1, 2, 8, 11, 20]
[16, 17, 18, 19, 20, 21, 22, 23, 24, 25, 26, 27, 28]


