Results
15
0.64
0.631

5
process id 0
stats
5, 15, 7, 100, 1000
20220816-204610
loosing coalitions taken
[1, 5, 6, 13, 22]
[2, 4, 6, 11, 24]
[1, 2, 7, 10, 27]
[2, 4, 5, 20]
[2, 3, 7, 8, 9]
[2, 3, 6, 13]
[1, 3, 8, 11, 18]
[1, 3, 7, 14, 21]
[3, 4, 6, 14, 19]
[2, 3, 5, 19]
[1, 3, 6, 26]
[1, 4, 8, 10, 12]
[1, 2, 8, 14, 20]
[3, 4, 5, 13]
[16, 17, 18, 19, 20, 21, 22, 23, 24, 25, 26, 27, 28]


6
process id 0
stats
5, 15, 7, 100, 1000
20220816-204651
loosing coalitions taken
[1, 3, 8, 10, 19]
[2, 4, 6, 8, 22]
[1, 2, 8, 12, 20]
[1, 2, 7, 15, 18]
[3, 4, 6, 10, 17]
[2, 3, 5, 19, 26]
[1, 4, 6, 24, 28]
[2, 3, 6, 13]
[1, 3, 7, 14, 16]
[3, 4, 5, 11, 27]
[2, 4, 5, 14, 25]
[1, 5, 6, 12, 22]
[1, 4, 7, 8]
[1, 2, 9, 10, 11]
[16, 17, 18, 19, 20, 21, 22, 23, 24, 25, 26, 27, 28]


5
process id 4
stats
5, 15, 7, 100, 1000
20220816-204653
loosing coalitions taken
[2, 3, 6, 16, 24]
[1, 3, 7, 12, 20]
[1, 5, 6, 13, 23]
[3, 4, 6, 11, 21]
[1, 4, 6, 28]
[1, 2, 7, 11, 22]
[1, 3, 8, 13, 14]
[2, 3, 5, 22, 27]
[2, 4, 5, 17]
[1, 2, 8, 10, 21]
[1, 3, 6, 22]
[3, 4, 5, 15, 24]
[2, 3, 7, 8, 9]
[1, 4, 7, 10, 13]
[16, 17, 18, 19, 20, 21, 22, 23, 24, 25, 26, 27, 28]


5
process id 2
stats
5, 15, 7, 100, 1000
20220816-204700
loosing coalitions taken
[2, 3, 6, 13]
[1, 5, 6, 14, 20]
[1, 3, 7, 15, 18]
[1, 2, 7, 11, 22]
[1, 3, 8, 12, 19]
[1, 3, 9, 10, 11]
[3, 4, 5, 15]
[1, 2, 8, 10, 20]
[1, 4, 6, 24]
[2, 4, 6, 8]
[1, 2, 6, 26]
[2, 4, 5, 20]
[1, 4, 7, 8, 21]
[2, 3, 5, 21]
[16, 17, 18, 19, 20, 21, 22, 23, 24, 25, 26, 27, 28]


6
process id 4
stats
5, 15, 7, 100, 1000
20220816-204726
loosing coalitions taken
[1, 5, 6, 12, 23]
[1, 3, 7, 9, 22]
[1, 3, 8, 12, 19]
[1, 4, 7, 13, 15]
[1, 2, 7, 16, 18]
[1, 2, 8, 13, 17]
[1, 4, 8, 9, 14]
[2, 4, 6, 11, 20]
[1, 2, 10, 12, 14]
[1, 4, 6, 27]
[2, 3, 5, 17]
[3, 4, 5, 16, 28]
[2, 4, 5, 10]
[1, 3, 6, 26]
[16, 17, 18, 19, 20, 21, 22, 23, 24, 25, 26, 27, 28]


5
process id 6
stats
5, 15, 7, 100, 1000
20220816-204727
loosing coalitions taken
[1, 2, 8, 13, 17]
[1, 4, 7, 8, 28]
[1, 5, 6, 16, 19]
[2, 3, 6, 10]
[1, 2, 7, 14, 22]
[3, 4, 5, 15]
[1, 4, 6, 26]
[2, 4, 5, 17, 20]
[1, 3, 6, 22, 28]
[2, 3, 5, 22]
[1, 2, 9, 10, 12]
[1, 3, 8, 11, 16]
[3, 4, 6, 8]
[1, 3, 7, 9, 24]
[16, 17, 18, 19, 20, 21, 22, 23, 24, 25, 26, 27, 28]


5
process id 6
stats
5, 15, 7, 100, 1000
20220816-204731
loosing coalitions taken
[3, 4, 5, 16]
[1, 2, 9, 12, 14]
[1, 3, 7, 9, 21]
[1, 4, 6, 26]
[1, 2, 7, 17, 18]
[2, 3, 6, 11]
[1, 3, 8, 14, 15]
[1, 5, 6, 11, 23]
[2, 4, 5, 14]
[1, 4, 8, 9, 10]
[2, 3, 5, 20]
[2, 4, 6, 10, 23]
[3, 4, 6, 12, 17]
[1, 2, 8, 11, 20]
[16, 17, 18, 19, 20, 21, 22, 23, 24, 25, 26, 27, 28]


6
process id 3
stats
5, 15, 7, 100, 1000
20220816-204744
loosing coalitions taken
[1, 3, 8, 11, 18]
[1, 4, 8, 12, 13]
[2, 3, 6, 14]
[1, 2, 9, 11, 13]
[1, 2, 8, 10, 17]
[3, 4, 5, 17, 22]
[1, 5, 6, 13, 24]
[1, 4, 7, 10, 15]
[1, 2, 7, 16, 21]
[1, 3, 9, 10, 12]
[2, 4, 6, 11, 16]
[2, 4, 5, 13, 23]
[2, 3, 5, 24]
[1, 4, 6, 28]
[16, 17, 18, 19, 20, 21, 22, 23, 24, 25, 26, 27, 28]


6
process id 4
stats
5, 15, 7, 100, 1000
20220816-204749
loosing coalitions taken
[2, 3, 5, 22, 26]
[1, 5, 6, 11, 21]
[1, 4, 8, 10, 14]
[1, 3, 8, 13, 15]
[1, 2, 10, 11, 13]
[1, 3, 7, 10, 23]
[2, 3, 6, 9, 28]
[1, 3, 6, 26]
[2, 4, 5, 12, 24]
[2, 4, 6, 11, 14]
[3, 4, 5, 10]
[1, 2, 8, 9, 21]
[1, 2, 7, 15, 20]
[1, 4, 7, 11, 12]
[16, 17, 18, 19, 20, 21, 22, 23, 24, 25, 26, 27, 28]


6
process id 3
stats
5, 15, 7, 100, 1000
20220816-204759
loosing coalitions taken
[1, 3, 8, 10, 16]
[1, 5, 6, 14, 20]
[1, 2, 7, 15, 21]
[2, 5, 6, 8, 12]
[1, 4, 7, 13, 16]
[2, 4, 5, 16, 28]
[3, 4, 6, 13, 19]
[1, 2, 9, 11, 13]
[2, 3, 5, 22, 27]
[2, 3, 6, 11]
[1, 3, 7, 12, 20]
[3, 4, 5, 12]
[1, 2, 8, 14, 17]
[1, 4, 6, 28]
[16, 17, 18, 19, 20, 21, 22, 23, 24, 25, 26, 27, 28]


6
process id 5
stats
5, 15, 7, 100, 1000
20220816-204801
loosing coalitions taken
[1, 5, 6, 15, 16]
[3, 4, 6, 10, 19]
[1, 4, 8, 9, 15]
[2, 4, 6, 11, 17]
[1, 2, 7, 15, 21]
[1, 3, 7, 12, 18]
[2, 3, 6, 13]
[1, 3, 9, 10, 11]
[1, 2, 8, 14, 17]
[2, 4, 5, 21, 22]
[3, 4, 5, 9, 25]
[2, 3, 5, 23]
[1, 4, 7, 10, 17]
[1, 3, 8, 13, 16]
[16, 17, 18, 19, 20, 21, 22, 23, 24, 25, 26, 27, 28]


5
process id 3
stats
5, 15, 7, 100, 1000
20220816-204807
loosing coalitions taken
[2, 3, 6, 12]
[1, 5, 6, 9, 23]
[1, 2, 9, 10, 11]
[3, 4, 5, 16]
[1, 2, 8, 14, 15]
[1, 3, 8, 11, 18]
[1, 3, 7, 15, 20]
[1, 4, 7, 10, 12]
[2, 4, 5, 20, 25]
[2, 3, 5, 21]
[2, 4, 6, 14, 21]
[1, 4, 6, 20, 24]
[1, 2, 7, 13, 21]
[3, 4, 6, 8]
[16, 17, 18, 19, 20, 21, 22, 23, 24, 25, 26, 27, 28]


6
process id 2
stats
5, 15, 7, 100, 1000
20220816-204824
loosing coalitions taken
[1, 4, 7, 13, 15]
[1, 2, 9, 12, 14]
[2, 4, 6, 10, 24]
[2, 4, 5, 19]
[2, 3, 6, 11]
[1, 3, 7, 14, 19]
[1, 2, 7, 16, 18]
[3, 4, 6, 9, 19]
[1, 2, 8, 13, 20]
[1, 3, 6, 28]
[1, 5, 6, 11, 21]
[3, 4, 5, 16, 28]
[1, 4, 6, 23]
[2, 3, 5, 17, 20]
[16, 17, 18, 19, 20, 21, 22, 23, 24, 25, 26, 27, 28]


6
process id 5
stats
5, 15, 7, 100, 1000
20220816-204826
loosing coalitions taken
[1, 2, 9, 10, 13]
[1, 3, 7, 13, 20]
[2, 4, 5, 17, 27]
[1, 5, 6, 16, 17]
[1, 2, 7, 15, 21]
[2, 3, 6, 14]
[1, 3, 8, 12, 18]
[2, 4, 6, 11, 23]
[3, 4, 6, 8]
[1, 4, 6, 27]
[3, 4, 5, 15]
[2, 3, 5, 23, 26]
[1, 3, 6, 28]
[1, 4, 7, 8, 26]
[16, 17, 18, 19, 20, 21, 22, 23, 24, 25, 26, 27, 28]


6
process id 2
stats
5, 15, 7, 100, 1000
20220816-204848
loosing coalitions taken
[1, 2, 8, 15, 16]
[1, 2, 9, 11, 14]
[3, 4, 6, 8]
[2, 3, 5, 15]
[1, 5, 6, 14, 22]
[1, 4, 7, 9, 15]
[1, 3, 7, 13, 20]
[3, 4, 5, 16]
[2, 3, 6, 9]
[1, 4, 6, 23, 25]
[2, 4, 6, 11, 20]
[1, 2, 7, 17, 19]
[2, 4, 5, 19, 28]
[2, 3, 7, 8, 10]
[16, 17, 18, 19, 20, 21, 22, 23, 24, 25, 26, 27, 28]


5
process id 4
stats
5, 15, 7, 100, 1000
20220816-204852
loosing coalitions taken
[3, 4, 6, 13, 21]
[1, 3, 8, 12, 19]
[1, 3, 7, 13, 20]
[2, 4, 5, 18, 25]
[1, 5, 6, 10, 22]
[1, 2, 9, 11, 13]
[2, 3, 5, 22, 26]
[1, 2, 7, 17, 18]
[2, 4, 6, 9, 19]
[1, 4, 6, 26]
[2, 3, 6, 14, 17]
[2, 5, 6, 8, 12]
[3, 4, 5, 12]
[1, 2, 8, 14, 20]
[16, 17, 18, 19, 20, 21, 22, 23, 24, 25, 26, 27, 28]


5
process id 7
stats
5, 15, 7, 100, 1000
20220816-204855
loosing coalitions taken
[1, 2, 8, 9, 22]
[1, 3, 8, 12, 19]
[1, 5, 6, 15, 21]
[1, 4, 8, 10, 14]
[2, 4, 5, 18]
[1, 2, 7, 12, 20]
[1, 4, 7, 11, 15]
[2, 3, 5, 24]
[1, 3, 7, 9, 17]
[2, 3, 6, 17, 18]
[1, 2, 6, 23]
[3, 4, 5, 16, 21]
[1, 4, 6, 24, 26]
[3, 4, 6, 8, 27]
[16, 17, 18, 19, 20, 21, 22, 23, 24, 25, 26, 27, 28]


