Results
15
0.64
0.641

5
process id 1
stats
5, 15, 7, 100, 1000
20220816-211704
loosing coalitions taken
[2, 3, 6, 14]
[2, 4, 5, 19]
[1, 4, 7, 11, 16]
[1, 3, 7, 12, 21]
[1, 2, 9, 11, 13]
[1, 2, 7, 15, 18]
[1, 2, 8, 12, 20]
[1, 4, 8, 9, 10]
[1, 4, 6, 27]
[2, 4, 6, 13, 21]
[2, 3, 5, 25]
[3, 4, 5, 15]
[1, 5, 6, 14, 20]
[3, 4, 6, 12, 17]
[16, 17, 18, 19, 20, 21, 22, 23, 24, 25, 26, 27, 28]


6
process id 3
stats
5, 15, 7, 100, 1000
20220816-211707
loosing coalitions taken
[1, 3, 8, 9, 19]
[1, 4, 8, 11, 13]
[1, 5, 6, 12, 24]
[1, 2, 7, 13, 25]
[2, 4, 6, 14, 19]
[1, 2, 8, 14, 18]
[1, 3, 7, 10, 22]
[2, 4, 5, 16]
[1, 4, 6, 26]
[3, 4, 5, 15, 26]
[2, 3, 6, 13]
[2, 3, 5, 19]
[3, 4, 6, 11, 21]
[1, 2, 9, 10, 12]
[16, 17, 18, 19, 20, 21, 22, 23, 24, 25, 26, 27, 28]


5
process id 6
stats
5, 15, 7, 100, 1000
20220816-211707
loosing coalitions taken
[1, 3, 8, 11, 18]
[1, 4, 8, 9, 15]
[1, 4, 7, 12, 16]
[1, 2, 7, 10, 28]
[1, 2, 9, 11, 13]
[2, 3, 5, 23]
[1, 3, 9, 10, 12]
[1, 2, 8, 12, 20]
[1, 5, 6, 15, 18]
[3, 4, 5, 11]
[2, 3, 6, 12]
[2, 4, 6, 16, 17]
[2, 4, 5, 15]
[1, 4, 6, 24]
[16, 17, 18, 19, 20, 21, 22, 23, 24, 25, 26, 27, 28]


5
process id 5
stats
5, 15, 7, 100, 1000
20220816-211708
loosing coalitions taken
[1, 4, 7, 10, 18]
[1, 2, 7, 14, 23]
[2, 3, 6, 12]
[1, 5, 6, 10, 24]
[1, 2, 10, 11, 13]
[1, 3, 7, 13, 22]
[3, 4, 5, 15]
[3, 4, 6, 8]
[2, 3, 5, 20]
[2, 4, 5, 16]
[1, 3, 8, 12, 18]
[1, 4, 6, 26]
[2, 4, 6, 13, 19]
[1, 2, 8, 15, 16]
[16, 17, 18, 19, 20, 21, 22, 23, 24, 25, 26, 27, 28]


6
process id 0
stats
5, 15, 7, 100, 1000
20220816-211708
loosing coalitions taken
[1, 2, 9, 12, 14]
[1, 3, 8, 10, 17]
[1, 2, 8, 13, 20]
[1, 2, 7, 17, 19]
[3, 4, 6, 12, 16]
[1, 3, 7, 13, 18]
[2, 5, 6, 7, 14]
[2, 3, 5, 21, 27]
[2, 4, 5, 22, 24]
[1, 4, 6, 23]
[2, 4, 6, 15, 19]
[2, 3, 6, 10]
[1, 5, 6, 13, 21]
[3, 4, 5, 11]
[16, 17, 18, 19, 20, 21, 22, 23, 24, 25, 26, 27, 28]


6
process id 3
stats
5, 15, 7, 100, 1000
20220816-211709
loosing coalitions taken
[1, 5, 6, 14, 22]
[1, 2, 8, 15, 17]
[1, 3, 9, 10, 11]
[2, 3, 6, 10]
[3, 4, 5, 11]
[1, 3, 7, 8]
[3, 4, 6, 8]
[2, 3, 5, 25]
[1, 4, 6, 23]
[2, 4, 6, 14, 18]
[2, 4, 5, 19]
[1, 4, 7, 12, 15]
[1, 2, 7, 11, 23]
[1, 2, 10, 12, 13]
[16, 17, 18, 19, 20, 21, 22, 23, 24, 25, 26, 27, 28]


6
process id 1
stats
5, 15, 7, 100, 1000
20220816-211710
loosing coalitions taken
[2, 4, 5, 21, 28]
[1, 5, 6, 13, 23]
[3, 4, 6, 14, 19]
[2, 3, 5, 24]
[1, 2, 8, 13, 18]
[1, 3, 7, 10, 23]
[1, 2, 7, 11, 26]
[1, 3, 8, 12, 17]
[1, 2, 9, 10, 12]
[1, 4, 6, 24]
[2, 3, 6, 9]
[1, 4, 7, 8, 22]
[2, 4, 6, 8]
[3, 4, 5, 11]
[16, 17, 18, 19, 20, 21, 22, 23, 24, 25, 26, 27, 28]


5
process id 4
stats
5, 15, 7, 100, 1000
20220816-211712
loosing coalitions taken
[1, 2, 7, 10, 24]
[1, 2, 9, 11, 14]
[3, 4, 5, 19, 23]
[1, 3, 8, 10, 19]
[2, 4, 5, 20]
[1, 4, 7, 8]
[1, 5, 6, 11, 22]
[1, 3, 7, 12, 18]
[1, 4, 6, 26]
[1, 2, 8, 13, 16]
[2, 4, 6, 11, 17]
[3, 4, 6, 10, 21]
[2, 3, 5, 22]
[2, 3, 6, 9]
[16, 17, 18, 19, 20, 21, 22, 23, 24, 25, 26, 27, 28]


6
process id 2
stats
5, 15, 7, 100, 1000
20220816-211713
loosing coalitions taken
[1, 2, 8, 14, 17]
[1, 3, 8, 12, 19]
[3, 4, 5, 19, 26]
[1, 4, 7, 8]
[1, 2, 10, 12, 13]
[2, 3, 6, 14, 27]
[2, 4, 6, 15, 20]
[2, 3, 5, 24]
[2, 4, 5, 17, 25]
[1, 5, 6, 9, 24]
[3, 5, 6, 7, 11]
[1, 2, 7, 9]
[1, 4, 6, 26]
[3, 4, 6, 8]
[16, 17, 18, 19, 20, 21, 22, 23, 24, 25, 26, 27, 28]


6
process id 1
stats
5, 15, 7, 100, 1000
20220816-211713
loosing coalitions taken
[1, 2, 7, 15, 22]
[3, 4, 5, 15]
[1, 3, 8, 10, 18]
[1, 5, 6, 12, 23]
[2, 3, 6, 9]
[2, 4, 5, 19]
[2, 3, 5, 21]
[1, 3, 7, 11, 20]
[3, 4, 6, 8]
[2, 4, 6, 15, 20]
[1, 2, 8, 12, 16]
[1, 4, 6, 26]
[1, 4, 7, 13, 16]
[1, 4, 8, 11, 14]
[16, 17, 18, 19, 20, 21, 22, 23, 24, 25, 26, 27, 28]


6
process id 7
stats
5, 15, 7, 100, 1000
20220816-211715
loosing coalitions taken
[1, 4, 7, 8]
[1, 2, 10, 11, 14]
[2, 3, 5, 23, 28]
[3, 4, 6, 9, 20]
[2, 3, 6, 14]
[1, 2, 7, 9]
[3, 4, 5, 16, 24]
[2, 4, 5, 17]
[2, 5, 6, 8, 9]
[1, 3, 7, 15, 16]
[1, 4, 6, 28]
[2, 4, 6, 10, 19]
[1, 2, 8, 12, 17]
[1, 5, 6, 10, 26]
[16, 17, 18, 19, 20, 21, 22, 23, 24, 25, 26, 27, 28]


6
process id 5
stats
5, 15, 7, 100, 1000
20220816-211715
loosing coalitions taken
[1, 4, 7, 8]
[1, 5, 6, 15, 21]
[1, 2, 9, 12, 13]
[1, 2, 10, 11, 14]
[2, 4, 5, 15, 28]
[2, 3, 5, 25]
[3, 4, 6, 13, 21]
[3, 4, 5, 11]
[1, 4, 6, 26]
[1, 3, 7, 16, 18]
[2, 4, 6, 8]
[1, 2, 7, 15, 22]
[2, 3, 6, 12, 24]
[1, 3, 8, 12, 14]
[16, 17, 18, 19, 20, 21, 22, 23, 24, 25, 26, 27, 28]


5
process id 6
stats
5, 15, 7, 100, 1000
20220816-211716
loosing coalitions taken
[1, 3, 8, 10, 17]
[1, 2, 7, 10, 27]
[2, 4, 5, 18]
[1, 4, 7, 8]
[1, 5, 6, 14, 22]
[2, 3, 6, 15, 25]
[3, 4, 6, 12, 17]
[2, 3, 5, 19]
[2, 4, 6, 14, 21]
[3, 4, 5, 16]
[1, 3, 7, 15, 20]
[1, 2, 8, 13, 16]
[1, 4, 6, 28]
[1, 2, 9, 12, 14]
[16, 17, 18, 19, 20, 21, 22, 23, 24, 25, 26, 27, 28]


6
process id 2
stats
5, 15, 7, 100, 1000
20220816-211716
loosing coalitions taken
[1, 4, 7, 14, 16]
[1, 5, 6, 13, 22]
[1, 2, 8, 9, 20]
[1, 2, 7, 10, 27]
[1, 3, 9, 10, 11]
[1, 4, 8, 10, 15]
[2, 3, 6, 11]
[1, 3, 7, 13, 20]
[2, 4, 5, 19]
[3, 4, 6, 12, 16]
[2, 3, 5, 25]
[1, 4, 6, 26]
[3, 4, 5, 13]
[2, 4, 6, 9, 18]
[16, 17, 18, 19, 20, 21, 22, 23, 24, 25, 26, 27, 28]


6
process id 4
stats
5, 15, 7, 100, 1000
20220816-211716
loosing coalitions taken
[2, 3, 6, 14]
[2, 4, 5, 20, 28]
[1, 2, 7, 17, 18]
[1, 3, 7, 9, 21]
[3, 4, 5, 15]
[1, 3, 8, 10, 17]
[1, 4, 7, 10, 16]
[1, 4, 8, 11, 13]
[1, 5, 6, 9, 20]
[1, 4, 6, 26]
[2, 3, 5, 22, 27]
[2, 4, 6, 8]
[3, 4, 6, 12, 18]
[1, 2, 9, 10, 13]
[16, 17, 18, 19, 20, 21, 22, 23, 24, 25, 26, 27, 28]


6
process id 0
stats
5, 15, 7, 100, 1000
20220816-211717
loosing coalitions taken
[2, 3, 6, 10]
[1, 5, 6, 13, 22]
[1, 4, 8, 9, 15]
[1, 2, 9, 12, 13]
[1, 3, 7, 14, 21]
[3, 4, 5, 20, 22]
[2, 4, 5, 16]
[1, 4, 6, 24]
[2, 3, 5, 21]
[1, 3, 8, 12, 19]
[1, 2, 7, 15, 19]
[2, 4, 6, 13, 18]
[1, 4, 7, 10, 17]
[1, 2, 8, 11, 17]
[16, 17, 18, 19, 20, 21, 22, 23, 24, 25, 26, 27, 28]


6
process id 5
stats
5, 15, 7, 100, 1000
20220816-211717
loosing coalitions taken
[1, 2, 7, 11, 24]
[1, 4, 7, 13, 16]
[2, 3, 5, 25]
[1, 3, 7, 15, 20]
[2, 4, 6, 13, 18]
[1, 3, 8, 11, 19]
[1, 2, 8, 12, 21]
[2, 3, 6, 9, 28]
[1, 4, 8, 10, 14]
[3, 4, 5, 12]
[1, 5, 6, 15, 19]
[2, 4, 5, 15]
[1, 4, 6, 23]
[3, 4, 6, 8]
[16, 17, 18, 19, 20, 21, 22, 23, 24, 25, 26, 27, 28]


5
process id 3
stats
5, 15, 7, 100, 1000
20220816-211717
loosing coalitions taken
[1, 3, 8, 10, 19]
[1, 2, 7, 15, 22]
[1, 5, 6, 16, 18]
[2, 3, 6, 19, 20]
[3, 4, 6, 14, 18]
[3, 4, 5, 15]
[2, 4, 5, 16]
[2, 3, 5, 23]
[1, 2, 8, 11, 21]
[1, 4, 6, 26]
[1, 2, 9, 10, 14]
[2, 4, 6, 10, 23]
[1, 4, 7, 9, 19]
[1, 3, 7, 11, 17]
[16, 17, 18, 19, 20, 21, 22, 23, 24, 25, 26, 27, 28]


5
process id 0
stats
5, 15, 7, 100, 1000
20220816-211718
loosing coalitions taken
[1, 4, 7, 10, 18]
[2, 3, 6, 13, 27]
[1, 2, 9, 10, 13]
[1, 2, 8, 14, 17]
[2, 3, 5, 23]
[2, 4, 6, 16, 18]
[1, 3, 7, 12, 22]
[1, 2, 7, 16, 20]
[1, 4, 6, 24]
[1, 5, 6, 12, 17]
[3, 4, 5, 11]
[2, 3, 7, 8, 9]
[3, 4, 6, 8]
[2, 4, 5, 20]
[16, 17, 18, 19, 20, 21, 22, 23, 24, 25, 26, 27, 28]


5
process id 7
stats
5, 15, 7, 100, 1000
20220816-211721
loosing coalitions taken
[1, 5, 6, 10, 25]
[3, 4, 5, 16]
[1, 3, 8, 9, 20]
[1, 2, 7, 11, 26]
[2, 3, 6, 14]
[1, 3, 7, 15, 19]
[1, 4, 7, 9, 17]
[1, 4, 8, 13, 14]
[2, 3, 5, 25]
[1, 2, 8, 12, 17]
[3, 4, 6, 11, 19]
[1, 4, 6, 24]
[2, 4, 6, 8]
[2, 4, 5, 17]
[16, 17, 18, 19, 20, 21, 22, 23, 24, 25, 26, 27, 28]


6
process id 1
stats
5, 15, 7, 100, 1000
20220816-211723
loosing coalitions taken
[1, 2, 7, 12, 26]
[1, 5, 6, 16, 20]
[1, 4, 8, 9, 15]
[1, 4, 7, 10, 16]
[1, 2, 9, 10, 14]
[1, 3, 7, 14, 22]
[1, 3, 8, 10, 18]
[2, 3, 5, 19]
[2, 3, 6, 12, 27]
[2, 4, 6, 11, 19]
[3, 4, 6, 14, 17]
[2, 4, 5, 18]
[1, 2, 8, 11, 17]
[3, 4, 5, 15]
[16, 17, 18, 19, 20, 21, 22, 23, 24, 25, 26, 27, 28]


6
process id 3
stats
5, 15, 7, 100, 1000
20220816-211724
loosing coalitions taken
[1, 2, 7, 9]
[2, 3, 6, 10]
[1, 5, 6, 13, 23]
[1, 3, 8, 13, 15]
[2, 4, 6, 12, 21]
[1, 2, 8, 14, 19]
[3, 4, 5, 16]
[1, 4, 6, 26]
[2, 4, 5, 15]
[2, 3, 5, 21]
[3, 4, 6, 11, 19]
[1, 4, 7, 11, 13]
[1, 3, 7, 14, 18]
[1, 3, 9, 10, 12]
[16, 17, 18, 19, 20, 21, 22, 23, 24, 25, 26, 27, 28]


6
process id 0
stats
5, 15, 7, 100, 1000
20220816-211724
loosing coalitions taken
[1, 2, 8, 9, 19]
[3, 4, 5, 17, 25]
[1, 2, 10, 11, 12]
[2, 4, 5, 20]
[1, 2, 7, 16, 21]
[2, 3, 6, 10]
[1, 5, 6, 15, 17]
[1, 3, 8, 12, 14]
[1, 3, 7, 13, 18]
[2, 4, 6, 8]
[2, 3, 5, 24]
[3, 4, 6, 13, 20]
[1, 4, 6, 25]
[1, 4, 7, 8]
[16, 17, 18, 19, 20, 21, 22, 23, 24, 25, 26, 27, 28]


6
process id 2
stats
5, 15, 7, 100, 1000
20220816-211725
loosing coalitions taken
[1, 2, 9, 11, 12]
[2, 3, 6, 13]
[1, 4, 7, 9, 19]
[1, 2, 8, 14, 19]
[1, 2, 7, 15, 21]
[1, 5, 6, 14, 22]
[1, 3, 7, 11, 20]
[2, 4, 5, 15]
[2, 3, 7, 8, 10]
[2, 4, 6, 8]
[3, 4, 5, 13]
[1, 4, 6, 26]
[2, 3, 5, 21]
[3, 4, 6, 9, 20]
[16, 17, 18, 19, 20, 21, 22, 23, 24, 25, 26, 27, 28]


5
process id 2
stats
5, 15, 7, 100, 1000
20220816-211727
loosing coalitions taken
[2, 4, 6, 9, 24]
[3, 4, 5, 21, 22]
[2, 4, 5, 17, 25]
[1, 4, 7, 10, 17]
[1, 3, 7, 12, 21]
[1, 4, 8, 11, 12]
[2, 3, 5, 24]
[1, 2, 8, 13, 18]
[1, 3, 8, 14, 15]
[3, 4, 6, 14, 19]
[1, 2, 7, 9, 27]
[1, 5, 6, 15, 18]
[1, 4, 6, 23]
[1, 2, 10, 12, 14]
[16, 17, 18, 19, 20, 21, 22, 23, 24, 25, 26, 27, 28]


6
process id 5
stats
5, 15, 7, 100, 1000
20220816-211727
loosing coalitions taken
[2, 3, 6, 12]
[1, 4, 6, 27]
[1, 2, 7, 9]
[2, 4, 5, 17, 23]
[1, 4, 7, 8, 25]
[2, 3, 5, 25]
[1, 2, 8, 11, 17]
[1, 3, 7, 10, 20]
[1, 5, 6, 14, 22]
[2, 4, 6, 15, 18]
[1, 3, 8, 9, 16]
[3, 4, 6, 11, 21]
[1, 2, 10, 12, 13]
[3, 4, 5, 12]
[16, 17, 18, 19, 20, 21, 22, 23, 24, 25, 26, 27, 28]


5
process id 7
stats
5, 15, 7, 100, 1000
20220816-211727
loosing coalitions taken
[2, 3, 6, 14]
[1, 3, 9, 10, 11]
[1, 2, 7, 9]
[1, 4, 6, 25]
[2, 3, 5, 18]
[1, 3, 7, 14, 17]
[2, 4, 6, 12, 21]
[3, 4, 5, 16]
[3, 4, 6, 10, 17]
[2, 4, 5, 20]
[1, 4, 8, 10, 15]
[1, 5, 6, 14, 21]
[1, 4, 7, 12, 13]
[1, 2, 8, 11, 19]
[16, 17, 18, 19, 20, 21, 22, 23, 24, 25, 26, 27, 28]


6
process id 5
stats
5, 15, 7, 100, 1000
20220816-211729
loosing coalitions taken
[1, 4, 8, 10, 15]
[2, 4, 5, 18]
[1, 3, 7, 15, 20]
[1, 4, 7, 9, 19]
[1, 3, 9, 10, 12]
[1, 5, 6, 13, 22]
[1, 3, 8, 11, 19]
[1, 2, 7, 14, 24]
[3, 4, 5, 14]
[2, 3, 5, 22]
[2, 3, 6, 13]
[2, 4, 6, 9, 17]
[1, 2, 8, 9, 16]
[1, 4, 6, 27]
[16, 17, 18, 19, 20, 21, 22, 23, 24, 25, 26, 27, 28]


5
process id 3
stats
5, 15, 7, 100, 1000
20220816-211729
loosing coalitions taken
[2, 3, 5, 22]
[1, 2, 8, 14, 19]
[1, 4, 8, 9, 15]
[1, 5, 6, 16, 18]
[2, 4, 6, 10, 23]
[1, 2, 9, 10, 12]
[1, 4, 7, 13, 16]
[3, 4, 6, 11, 17]
[2, 3, 6, 15, 25]
[3, 4, 5, 15]
[1, 2, 7, 11, 25]
[1, 4, 6, 28]
[2, 4, 5, 19]
[1, 3, 7, 10, 24]
[16, 17, 18, 19, 20, 21, 22, 23, 24, 25, 26, 27, 28]


6
process id 6
stats
5, 15, 7, 100, 1000
20220816-211729
loosing coalitions taken
[1, 4, 7, 8]
[2, 4, 5, 20]
[1, 5, 6, 15, 21]
[3, 5, 6, 7, 14]
[1, 2, 10, 12, 13]
[3, 4, 6, 9, 22]
[1, 3, 7, 15, 18]
[1, 2, 9, 11, 14]
[2, 3, 6, 13, 26]
[2, 3, 5, 23]
[2, 4, 6, 16, 17]
[1, 4, 6, 28]
[3, 4, 5, 18, 26]
[1, 3, 8, 9, 16]
[16, 17, 18, 19, 20, 21, 22, 23, 24, 25, 26, 27, 28]


6
process id 3
stats
5, 15, 7, 100, 1000
20220816-211731
loosing coalitions taken
[2, 4, 5, 16]
[1, 5, 6, 15, 21]
[1, 2, 10, 11, 13]
[2, 3, 6, 9]
[1, 2, 8, 12, 20]
[1, 2, 7, 17, 19]
[1, 4, 6, 26]
[3, 4, 5, 13]
[1, 3, 7, 8]
[2, 3, 5, 18]
[1, 4, 7, 14, 15]
[2, 4, 6, 13, 19]
[1, 4, 8, 9, 10]
[3, 4, 6, 12, 18]
[16, 17, 18, 19, 20, 21, 22, 23, 24, 25, 26, 27, 28]


6
process id 4
stats
5, 15, 7, 100, 1000
20220816-211732
loosing coalitions taken
[1, 5, 6, 12, 24]
[1, 3, 9, 10, 11]
[2, 4, 6, 13, 22]
[2, 4, 5, 17]
[2, 3, 6, 14]
[1, 4, 6, 27]
[3, 4, 5, 15]
[1, 3, 7, 8]
[2, 3, 5, 20]
[3, 4, 6, 8, 28]
[1, 2, 8, 11, 16]
[1, 2, 7, 15, 21]
[1, 4, 7, 9, 19]
[1, 2, 9, 12, 14]
[16, 17, 18, 19, 20, 21, 22, 23, 24, 25, 26, 27, 28]


6
process id 1
stats
5, 15, 7, 100, 1000
20220816-211732
loosing coalitions taken
[1, 4, 7, 8]
[1, 2, 9, 11, 13]
[2, 3, 6, 14]
[1, 5, 6, 11, 24]
[3, 4, 6, 8]
[2, 4, 6, 15, 18]
[1, 3, 7, 12, 17]
[3, 4, 5, 13]
[1, 4, 6, 27]
[1, 3, 8, 11, 18]
[1, 2, 8, 12, 16]
[2, 3, 5, 24, 28]
[1, 2, 7, 10, 21]
[2, 4, 5, 20]
[16, 17, 18, 19, 20, 21, 22, 23, 24, 25, 26, 27, 28]


6
process id 3
stats
5, 15, 7, 100, 1000
20220816-211734
loosing coalitions taken
[1, 4, 7, 11, 16]
[1, 5, 6, 15, 18]
[2, 4, 5, 19]
[2, 3, 6, 9]
[1, 2, 10, 12, 14]
[1, 2, 7, 15, 21]
[1, 3, 8, 13, 16]
[1, 4, 6, 26]
[2, 3, 5, 23]
[2, 4, 6, 12, 23]
[1, 3, 7, 9, 17]
[3, 4, 5, 14]
[3, 4, 6, 8]
[1, 2, 8, 11, 17]
[16, 17, 18, 19, 20, 21, 22, 23, 24, 25, 26, 27, 28]


6
process id 4
stats
5, 15, 7, 100, 1000
20220816-211735
loosing coalitions taken
[2, 4, 5, 16]
[1, 2, 8, 14, 17]
[1, 2, 7, 13, 22]
[1, 4, 7, 9, 19]
[1, 3, 7, 15, 21]
[2, 3, 6, 14]
[1, 3, 8, 9, 16]
[3, 4, 5, 19, 24]
[2, 4, 6, 11, 17]
[1, 4, 6, 23]
[1, 5, 6, 9, 21]
[2, 3, 5, 20]
[3, 4, 6, 8]
[1, 2, 10, 11, 12]
[16, 17, 18, 19, 20, 21, 22, 23, 24, 25, 26, 27, 28]


5
process id 5
stats
5, 15, 7, 100, 1000
20220816-211735
loosing coalitions taken
[1, 4, 8, 11, 14]
[1, 3, 8, 9, 18]
[2, 3, 6, 18, 19]
[1, 2, 7, 11, 26]
[1, 5, 6, 15, 19]
[1, 4, 7, 13, 16]
[1, 3, 7, 15, 21]
[2, 4, 5, 17]
[1, 2, 9, 10, 14]
[1, 4, 6, 25]
[2, 3, 5, 20]
[3, 4, 5, 13]
[3, 4, 6, 12, 20]
[2, 4, 6, 8]
[16, 17, 18, 19, 20, 21, 22, 23, 24, 25, 26, 27, 28]


6
process id 0
stats
5, 15, 7, 100, 1000
20220816-211735
loosing coalitions taken
[1, 2, 9, 12, 14]
[1, 3, 7, 15, 19]
[3, 4, 5, 16]
[1, 2, 7, 16, 18]
[1, 3, 8, 9, 18]
[1, 4, 7, 8]
[1, 5, 6, 9, 25]
[1, 2, 10, 11, 13]
[2, 3, 6, 9]
[2, 4, 5, 18]
[2, 3, 5, 22, 28]
[1, 4, 6, 24]
[3, 4, 6, 8]
[2, 4, 6, 15, 17]
[16, 17, 18, 19, 20, 21, 22, 23, 24, 25, 26, 27, 28]


6
process id 2
stats
5, 15, 7, 100, 1000
20220816-211735
loosing coalitions taken
[1, 2, 10, 12, 14]
[1, 2, 7, 11, 23]
[3, 4, 6, 13, 20]
[2, 3, 6, 12]
[1, 3, 8, 14, 16]
[1, 3, 7, 13, 22]
[1, 2, 8, 9, 21]
[2, 4, 5, 18, 22]
[1, 4, 6, 24]
[3, 4, 5, 15, 28]
[1, 5, 6, 9, 23]
[2, 3, 5, 24]
[1, 4, 7, 8, 25]
[2, 4, 6, 8]
[16, 17, 18, 19, 20, 21, 22, 23, 24, 25, 26, 27, 28]


6
process id 4
stats
5, 15, 7, 100, 1000
20220816-211737
loosing coalitions taken
[2, 4, 6, 11, 20]
[1, 5, 6, 10, 25]
[1, 2, 7, 13, 22]
[1, 3, 7, 16, 19]
[3, 4, 5, 18, 27]
[2, 4, 5, 19]
[1, 2, 8, 14, 17]
[2, 3, 6, 10]
[1, 4, 6, 28]
[3, 4, 6, 9, 17]
[1, 4, 8, 12, 13]
[2, 3, 5, 24]
[1, 3, 8, 9, 20]
[3, 5, 6, 7, 14]
[16, 17, 18, 19, 20, 21, 22, 23, 24, 25, 26, 27, 28]


6
process id 5
stats
5, 15, 7, 100, 1000
20220816-211739
loosing coalitions taken
[1, 2, 8, 12, 19]
[1, 3, 8, 11, 18]
[1, 2, 7, 9]
[2, 4, 5, 22, 24]
[1, 4, 7, 8]
[3, 4, 5, 18, 26]
[2, 3, 5, 25]
[3, 4, 6, 14, 16]
[2, 4, 6, 9, 25]
[1, 3, 7, 12, 21]
[2, 3, 6, 11]
[1, 5, 6, 15, 17]
[1, 4, 6, 28]
[1, 2, 10, 11, 14]
[16, 17, 18, 19, 20, 21, 22, 23, 24, 25, 26, 27, 28]


6
process id 6
stats
5, 15, 7, 100, 1000
20220816-211739
loosing coalitions taken
[3, 4, 5, 20, 23]
[1, 2, 9, 12, 14]
[1, 3, 7, 10, 22]
[1, 2, 8, 10, 20]
[1, 3, 8, 12, 18]
[1, 4, 6, 27]
[1, 2, 7, 17, 19]
[2, 3, 5, 24, 27]
[2, 3, 6, 12, 25]
[1, 5, 6, 13, 22]
[2, 4, 5, 17]
[3, 4, 6, 14, 16]
[2, 4, 6, 8]
[1, 4, 7, 8]
[16, 17, 18, 19, 20, 21, 22, 23, 24, 25, 26, 27, 28]


5
process id 1
stats
5, 15, 7, 100, 1000
20220816-211739
loosing coalitions taken
[1, 2, 8, 9, 19]
[1, 2, 7, 14, 23]
[2, 4, 5, 18]
[2, 3, 6, 11]
[1, 5, 6, 16, 17]
[1, 3, 9, 10, 12]
[2, 4, 6, 10, 19]
[1, 4, 6, 28]
[2, 3, 5, 23, 25]
[3, 4, 5, 11]
[1, 3, 7, 11, 17]
[3, 4, 6, 13, 16]
[1, 3, 8, 14, 15]
[1, 4, 7, 8, 26]
[16, 17, 18, 19, 20, 21, 22, 23, 24, 25, 26, 27, 28]


6
process id 4
stats
5, 15, 7, 100, 1000
20220816-211740
loosing coalitions taken
[1, 3, 9, 10, 12]
[3, 4, 5, 18, 26]
[2, 4, 5, 22, 23]
[2, 5, 6, 7, 14]
[1, 5, 6, 15, 17]
[3, 4, 6, 14, 19]
[2, 3, 5, 24]
[1, 2, 8, 9, 21]
[1, 3, 8, 11, 15]
[1, 4, 6, 25, 27]
[1, 4, 7, 13, 16]
[2, 4, 6, 15, 20]
[1, 2, 7, 17, 19]
[1, 4, 8, 12, 14]
[16, 17, 18, 19, 20, 21, 22, 23, 24, 25, 26, 27, 28]


5
process id 2
stats
5, 15, 7, 100, 1000
20220816-211740
loosing coalitions taken
[1, 5, 6, 11, 23]
[2, 3, 5, 24]
[1, 4, 8, 9, 12]
[1, 2, 7, 9]
[2, 4, 6, 15, 20]
[2, 4, 5, 17]
[1, 2, 10, 11, 13]
[1, 3, 8, 11, 16]
[3, 4, 5, 14]
[2, 3, 6, 12, 28]
[1, 4, 7, 10, 18]
[1, 4, 6, 27]
[3, 4, 6, 13, 19]
[1, 3, 7, 15, 19]
[16, 17, 18, 19, 20, 21, 22, 23, 24, 25, 26, 27, 28]


5
process id 6
stats
5, 15, 7, 100, 1000
20220816-211741
loosing coalitions taken
[1, 3, 8, 10, 18]
[2, 4, 5, 18]
[1, 2, 8, 13, 19]
[1, 4, 7, 8]
[1, 2, 10, 12, 14]
[3, 4, 6, 12, 21]
[1, 5, 6, 12, 22]
[3, 4, 5, 13, 27]
[1, 4, 6, 24]
[2, 3, 5, 23]
[1, 3, 7, 11, 22]
[2, 3, 6, 13, 24]
[2, 4, 6, 15, 17]
[1, 2, 7, 9, 28]
[16, 17, 18, 19, 20, 21, 22, 23, 24, 25, 26, 27, 28]


5
process id 3
stats
5, 15, 7, 100, 1000
20220816-211741
loosing coalitions taken
[1, 3, 7, 14, 22]
[1, 2, 9, 10, 14]
[1, 5, 6, 9, 26]
[3, 4, 5, 19, 23]
[2, 4, 5, 17]
[1, 4, 7, 8, 24]
[2, 3, 6, 13, 27]
[1, 2, 7, 16, 18]
[3, 4, 6, 10, 21]
[2, 3, 5, 24]
[1, 3, 8, 9, 17]
[1, 4, 6, 27]
[2, 4, 6, 12, 18]
[1, 2, 8, 13, 19]
[16, 17, 18, 19, 20, 21, 22, 23, 24, 25, 26, 27, 28]


5
process id 5
stats
5, 15, 7, 100, 1000
20220816-211742
loosing coalitions taken
[1, 3, 8, 11, 17]
[1, 5, 6, 13, 23]
[2, 4, 5, 19]
[1, 2, 9, 12, 14]
[1, 4, 8, 10, 12]
[3, 4, 6, 12, 20]
[2, 3, 6, 14]
[1, 3, 7, 9, 23]
[3, 4, 5, 16]
[1, 4, 6, 26, 28]
[1, 2, 7, 10, 28]
[2, 3, 5, 21]
[2, 4, 6, 13, 22]
[1, 4, 7, 11, 14]
[16, 17, 18, 19, 20, 21, 22, 23, 24, 25, 26, 27, 28]


6
process id 0
stats
5, 15, 7, 100, 1000
20220816-211743
loosing coalitions taken
[1, 2, 7, 9]
[1, 3, 8, 11, 19]
[2, 4, 5, 16]
[3, 4, 5, 15]
[2, 3, 6, 12]
[2, 3, 5, 23, 26]
[1, 4, 6, 27]
[2, 4, 6, 8]
[1, 4, 7, 8]
[1, 5, 6, 10, 24]
[3, 4, 6, 9, 18]
[1, 2, 8, 15, 17]
[1, 3, 7, 14, 20]
[1, 2, 10, 11, 14]
[16, 17, 18, 19, 20, 21, 22, 23, 24, 25, 26, 27, 28]


6
process id 7
stats
5, 15, 7, 100, 1000
20220816-211743
loosing coalitions taken
[2, 4, 5, 16, 28]
[1, 2, 7, 15, 18]
[1, 3, 7, 9, 20]
[2, 3, 6, 17, 19]
[1, 4, 7, 10, 16]
[1, 2, 8, 12, 20]
[1, 2, 9, 11, 14]
[2, 3, 5, 22]
[3, 4, 5, 14]
[1, 5, 6, 13, 18]
[1, 4, 6, 27]
[2, 4, 6, 9, 24]
[3, 4, 6, 13, 15]
[2, 3, 7, 8, 10]
[16, 17, 18, 19, 20, 21, 22, 23, 24, 25, 26, 27, 28]


6
process id 5
stats
5, 15, 7, 100, 1000
20220816-211744
loosing coalitions taken
[1, 3, 7, 15, 21]
[1, 3, 8, 9, 20]
[1, 2, 7, 10, 25]
[2, 3, 6, 15, 25]
[1, 2, 9, 12, 14]
[2, 3, 5, 24]
[3, 4, 6, 11, 18]
[1, 2, 8, 15, 16]
[2, 4, 5, 17]
[3, 4, 5, 12]
[2, 4, 6, 12, 22]
[1, 4, 6, 28]
[1, 4, 8, 13, 14]
[1, 5, 6, 9, 26]
[16, 17, 18, 19, 20, 21, 22, 23, 24, 25, 26, 27, 28]


6
process id 6
stats
5, 15, 7, 100, 1000
20220816-211745
loosing coalitions taken
[1, 3, 7, 16, 18]
[1, 3, 8, 10, 19]
[1, 2, 8, 15, 17]
[1, 2, 7, 13, 24]
[1, 2, 9, 10, 14]
[2, 3, 5, 24, 27]
[3, 4, 5, 15]
[2, 3, 6, 14]
[1, 4, 6, 28]
[2, 4, 5, 19]
[2, 4, 6, 12, 23]
[1, 5, 6, 14, 19]
[1, 4, 7, 8]
[3, 4, 6, 8]
[16, 17, 18, 19, 20, 21, 22, 23, 24, 25, 26, 27, 28]


5
process id 2
stats
5, 15, 7, 100, 1000
20220816-211745
loosing coalitions taken
[1, 3, 7, 10, 22]
[1, 2, 8, 9, 21]
[1, 3, 8, 12, 17]
[2, 3, 6, 12]
[1, 2, 7, 13, 24]
[3, 4, 5, 15]
[2, 4, 5, 20]
[1, 4, 7, 11, 15]
[2, 4, 6, 10, 19]
[1, 4, 6, 27]
[3, 4, 6, 13, 16]
[2, 3, 5, 21]
[1, 5, 6, 11, 21]
[1, 4, 8, 10, 14]
[16, 17, 18, 19, 20, 21, 22, 23, 24, 25, 26, 27, 28]


6
process id 7
stats
5, 15, 7, 100, 1000
20220816-211747
loosing coalitions taken
[3, 4, 5, 20, 22]
[1, 2, 7, 10, 27]
[2, 4, 5, 19]
[1, 4, 7, 8]
[1, 5, 6, 11, 23]
[1, 3, 9, 10, 12]
[2, 3, 5, 24]
[2, 3, 6, 15, 25]
[1, 3, 7, 15, 21]
[2, 4, 6, 8]
[1, 2, 9, 11, 14]
[3, 4, 6, 9, 16]
[1, 4, 6, 26]
[1, 3, 8, 13, 16]
[16, 17, 18, 19, 20, 21, 22, 23, 24, 25, 26, 27, 28]


6
process id 1
stats
5, 15, 7, 100, 1000
20220816-211748
loosing coalitions taken
[1, 5, 6, 13, 23]
[3, 4, 6, 14, 18]
[2, 4, 6, 15, 21]
[1, 2, 9, 12, 13]
[1, 4, 7, 11, 16]
[2, 3, 6, 11]
[1, 2, 7, 15, 18]
[2, 4, 5, 19]
[2, 3, 5, 24, 28]
[3, 4, 5, 15]
[1, 3, 7, 8]
[1, 4, 6, 25]
[1, 2, 8, 14, 16]
[2, 5, 6, 8, 10]
[16, 17, 18, 19, 20, 21, 22, 23, 24, 25, 26, 27, 28]


6
process id 0
stats
5, 15, 7, 100, 1000
20220816-211749
loosing coalitions taken
[1, 2, 10, 11, 12]
[1, 3, 8, 9, 18]
[1, 4, 7, 9, 16]
[2, 3, 6, 9]
[1, 3, 7, 10, 23]
[1, 2, 8, 14, 16]
[1, 4, 6, 24]
[2, 4, 5, 15]
[2, 3, 5, 25]
[3, 4, 5, 14]
[3, 4, 6, 13, 20]
[2, 4, 6, 11, 22]
[1, 5, 6, 13, 18]
[1, 2, 7, 15, 20]
[16, 17, 18, 19, 20, 21, 22, 23, 24, 25, 26, 27, 28]


6
process id 7
stats
5, 15, 7, 100, 1000
20220816-211750
loosing coalitions taken
[1, 3, 8, 14, 16]
[3, 4, 5, 16]
[1, 2, 7, 12, 23]
[1, 3, 9, 10, 12]
[2, 3, 6, 9]
[1, 3, 7, 15, 19]
[1, 4, 8, 10, 13]
[3, 4, 6, 8, 25]
[1, 4, 6, 24]
[2, 4, 5, 15]
[1, 4, 7, 9, 17]
[1, 2, 9, 11, 14]
[2, 3, 5, 21, 28]
[1, 5, 6, 16, 20]
[16, 17, 18, 19, 20, 21, 22, 23, 24, 25, 26, 27, 28]


5
process id 0
stats
5, 15, 7, 100, 1000
20220816-211750
loosing coalitions taken
[1, 3, 8, 15, 16]
[1, 2, 10, 12, 14]
[1, 4, 7, 8]
[2, 3, 6, 14, 26]
[1, 5, 6, 13, 19]
[2, 4, 5, 20, 22]
[3, 4, 5, 16]
[1, 3, 7, 10, 23]
[3, 4, 6, 10, 17]
[2, 4, 6, 15, 18]
[1, 4, 6, 27]
[1, 2, 8, 11, 20]
[2, 3, 5, 25]
[1, 2, 7, 16, 17]
[16, 17, 18, 19, 20, 21, 22, 23, 24, 25, 26, 27, 28]


6
process id 2
stats
5, 15, 7, 100, 1000
20220816-211751
loosing coalitions taken
[1, 2, 7, 14, 23]
[1, 5, 6, 15, 21]
[2, 3, 5, 22, 28]
[1, 2, 9, 10, 11]
[2, 3, 6, 11]
[3, 4, 5, 16]
[1, 2, 8, 13, 18]
[1, 3, 7, 13, 21]
[1, 3, 8, 10, 17]
[1, 4, 6, 28]
[2, 4, 5, 18]
[3, 4, 6, 9, 21]
[2, 4, 6, 12, 19]
[1, 4, 7, 10, 15]
[16, 17, 18, 19, 20, 21, 22, 23, 24, 25, 26, 27, 28]


5
process id 5
stats
5, 15, 7, 100, 1000
20220816-211751
loosing coalitions taken
[1, 2, 10, 12, 14]
[1, 4, 7, 13, 15]
[2, 4, 6, 14, 18]
[1, 3, 7, 14, 17]
[1, 3, 8, 12, 18]
[1, 2, 8, 9, 21]
[2, 4, 5, 19]
[1, 5, 6, 9, 24]
[2, 3, 5, 25]
[2, 3, 6, 12]
[1, 4, 6, 25]
[3, 4, 6, 8]
[1, 2, 7, 11, 20]
[3, 4, 5, 11]
[16, 17, 18, 19, 20, 21, 22, 23, 24, 25, 26, 27, 28]


6
process id 2
stats
5, 15, 7, 100, 1000
20220816-211753
loosing coalitions taken
[1, 5, 6, 16, 20]
[2, 3, 5, 24]
[1, 2, 7, 9]
[1, 3, 8, 13, 15]
[2, 4, 5, 15]
[2, 3, 6, 17, 21]
[2, 4, 6, 13, 22]
[3, 4, 5, 18, 23]
[1, 4, 7, 8]
[1, 4, 6, 23]
[3, 4, 6, 11, 19]
[1, 2, 8, 10, 19]
[1, 3, 9, 10, 11]
[1, 3, 7, 14, 20]
[16, 17, 18, 19, 20, 21, 22, 23, 24, 25, 26, 27, 28]


5
process id 6
stats
5, 15, 7, 100, 1000
20220816-211753
loosing coalitions taken
[2, 3, 6, 11, 28]
[1, 2, 9, 11, 13]
[1, 3, 8, 14, 16]
[1, 3, 9, 10, 12]
[2, 5, 6, 8, 12]
[1, 3, 7, 15, 19]
[2, 3, 5, 24, 25]
[1, 5, 6, 9, 23]
[1, 4, 6, 25, 27]
[2, 4, 6, 15, 17]
[1, 2, 7, 14, 22]
[3, 4, 6, 8]
[1, 4, 7, 10, 16]
[2, 4, 5, 19]
[16, 17, 18, 19, 20, 21, 22, 23, 24, 25, 26, 27, 28]


6
process id 3
stats
5, 15, 7, 100, 1000
20220816-211753
loosing coalitions taken
[2, 4, 6, 16, 18]
[2, 3, 6, 13]
[1, 2, 9, 10, 14]
[2, 4, 5, 20]
[1, 4, 8, 10, 12]
[1, 5, 6, 12, 23]
[1, 2, 7, 11, 24]
[1, 3, 7, 12, 21]
[3, 4, 5, 21, 22]
[1, 4, 7, 14, 15]
[1, 4, 6, 25]
[2, 3, 5, 19]
[3, 4, 6, 14, 17]
[1, 3, 8, 9, 15]
[16, 17, 18, 19, 20, 21, 22, 23, 24, 25, 26, 27, 28]


5
process id 4
stats
5, 15, 7, 100, 1000
20220816-211754
loosing coalitions taken
[1, 2, 7, 13, 22]
[2, 3, 6, 13]
[1, 2, 10, 11, 14]
[1, 3, 7, 14, 21]
[1, 3, 8, 12, 15]
[3, 4, 5, 18, 23]
[2, 4, 5, 16]
[2, 3, 5, 19]
[1, 4, 6, 28]
[2, 4, 6, 12, 21]
[1, 4, 8, 9, 11]
[3, 4, 6, 14, 20]
[1, 5, 6, 13, 24]
[1, 4, 7, 10, 16]
[16, 17, 18, 19, 20, 21, 22, 23, 24, 25, 26, 27, 28]


5
process id 2
stats
5, 15, 7, 100, 1000
20220816-211754
loosing coalitions taken
[2, 4, 6, 14, 22]
[3, 4, 5, 19, 24]
[1, 4, 7, 8]
[1, 2, 9, 11, 13]
[2, 4, 5, 20]
[1, 3, 9, 10, 12]
[1, 5, 6, 10, 23]
[3, 4, 6, 8]
[1, 2, 8, 10, 19]
[1, 4, 6, 25]
[2, 3, 5, 25]
[2, 3, 6, 11]
[1, 3, 7, 15, 17]
[1, 2, 7, 12, 21]
[16, 17, 18, 19, 20, 21, 22, 23, 24, 25, 26, 27, 28]


6
process id 7
stats
5, 15, 7, 100, 1000
20220816-211754
loosing coalitions taken
[3, 4, 6, 12, 21]
[3, 4, 5, 15]
[1, 4, 8, 10, 13]
[1, 2, 8, 11, 17]
[1, 2, 7, 14, 21]
[2, 3, 6, 14]
[1, 5, 6, 9, 23]
[2, 3, 5, 24]
[1, 4, 6, 24]
[2, 4, 6, 8]
[1, 3, 7, 13, 19]
[2, 4, 5, 21, 23]
[1, 2, 9, 10, 12]
[1, 3, 8, 14, 15]
[16, 17, 18, 19, 20, 21, 22, 23, 24, 25, 26, 27, 28]


6
process id 0
stats
5, 15, 7, 100, 1000
20220816-211755
loosing coalitions taken
[2, 3, 6, 13]
[1, 2, 9, 10, 14]
[1, 2, 8, 15, 17]
[1, 3, 8, 12, 18]
[1, 3, 7, 10, 23]
[3, 4, 5, 16]
[1, 5, 6, 15, 20]
[1, 4, 6, 24]
[2, 4, 5, 15]
[3, 4, 6, 8, 28]
[2, 3, 5, 25]
[2, 4, 6, 9, 17]
[1, 2, 7, 13, 25]
[1, 4, 7, 12, 14]
[16, 17, 18, 19, 20, 21, 22, 23, 24, 25, 26, 27, 28]


5
process id 5
stats
5, 15, 7, 100, 1000
20220816-211758
loosing coalitions taken
[1, 3, 8, 12, 19]
[1, 2, 8, 13, 18]
[2, 3, 5, 24]
[1, 2, 9, 11, 12]
[2, 4, 6, 14, 22]
[1, 3, 7, 13, 21]
[1, 4, 7, 8]
[1, 5, 6, 11, 22]
[3, 4, 5, 16]
[2, 4, 5, 20]
[2, 3, 6, 9]
[1, 4, 6, 28]
[3, 4, 6, 8]
[1, 2, 7, 16, 17]
[16, 17, 18, 19, 20, 21, 22, 23, 24, 25, 26, 27, 28]


6
process id 7
stats
5, 15, 7, 100, 1000
20220816-211758
loosing coalitions taken
[3, 4, 5, 19, 26]
[3, 4, 6, 11, 20]
[2, 3, 5, 22]
[1, 2, 7, 13, 24]
[1, 2, 9, 10, 14]
[1, 3, 8, 9, 19]
[2, 4, 6, 15, 19]
[1, 2, 8, 15, 16]
[1, 3, 7, 15, 21]
[2, 3, 6, 13]
[1, 4, 6, 26]
[1, 4, 7, 9, 18]
[1, 5, 6, 14, 22]
[2, 4, 5, 16]
[16, 17, 18, 19, 20, 21, 22, 23, 24, 25, 26, 27, 28]


6
process id 2
stats
5, 15, 7, 100, 1000
20220816-211800
loosing coalitions taken
[1, 4, 7, 8]
[3, 4, 6, 12, 20]
[2, 4, 6, 14, 21]
[2, 3, 6, 10]
[1, 2, 9, 11, 13]
[1, 4, 6, 28]
[2, 3, 5, 20]
[3, 4, 5, 15]
[1, 5, 6, 13, 19]
[1, 2, 7, 10, 28]
[2, 4, 5, 16]
[1, 3, 7, 14, 18]
[1, 2, 8, 12, 20]
[1, 3, 8, 10, 19]
[16, 17, 18, 19, 20, 21, 22, 23, 24, 25, 26, 27, 28]


6
process id 5
stats
5, 15, 7, 100, 1000
20220816-211801
loosing coalitions taken
[1, 3, 7, 16, 18]
[1, 4, 7, 9, 19]
[1, 5, 6, 11, 25]
[1, 2, 7, 15, 21]
[1, 3, 8, 14, 15]
[1, 2, 9, 12, 14]
[2, 3, 6, 11]
[1, 2, 8, 13, 17]
[3, 4, 5, 15, 27]
[2, 3, 5, 20]
[2, 4, 6, 16, 17]
[1, 4, 6, 26]
[2, 4, 5, 19]
[3, 4, 6, 8]
[16, 17, 18, 19, 20, 21, 22, 23, 24, 25, 26, 27, 28]


5
process id 4
stats
5, 15, 7, 100, 1000
20220816-211801
loosing coalitions taken
[2, 3, 6, 11]
[2, 4, 5, 18]
[1, 3, 8, 10, 17]
[1, 2, 8, 13, 19]
[1, 2, 7, 9]
[1, 4, 8, 9, 11]
[1, 5, 6, 14, 17]
[2, 3, 5, 22]
[3, 4, 5, 11]
[1, 4, 6, 23]
[3, 4, 6, 13, 20]
[2, 4, 6, 8]
[1, 4, 7, 10, 15]
[1, 3, 7, 14, 22]
[16, 17, 18, 19, 20, 21, 22, 23, 24, 25, 26, 27, 28]


5
process id 1
stats
5, 15, 7, 100, 1000
20220816-211802
loosing coalitions taken
[1, 3, 8, 12, 18]
[2, 4, 5, 16]
[1, 2, 7, 9]
[2, 3, 6, 12, 26]
[1, 4, 6, 25]
[3, 4, 6, 11, 17]
[1, 5, 6, 15, 16]
[2, 3, 5, 18]
[2, 4, 6, 13, 20]
[3, 4, 5, 15]
[1, 4, 8, 9, 15]
[1, 2, 10, 11, 13]
[1, 4, 7, 12, 14]
[1, 3, 7, 13, 21]
[16, 17, 18, 19, 20, 21, 22, 23, 24, 25, 26, 27, 28]


6
process id 7
stats
5, 15, 7, 100, 1000
20220816-211802
loosing coalitions taken
[1, 4, 8, 12, 14]
[2, 3, 6, 12]
[1, 2, 8, 9, 18]
[1, 2, 7, 16, 21]
[1, 5, 6, 16, 17]
[1, 3, 8, 10, 17]
[3, 4, 5, 15]
[1, 4, 6, 28]
[1, 3, 7, 14, 22]
[3, 4, 6, 10, 20]
[2, 4, 5, 18]
[2, 3, 5, 25, 26]
[2, 4, 6, 8]
[1, 4, 7, 9, 15]
[16, 17, 18, 19, 20, 21, 22, 23, 24, 25, 26, 27, 28]


6
process id 0
stats
5, 15, 7, 100, 1000
20220816-211802
loosing coalitions taken
[1, 4, 8, 11, 12]
[2, 3, 6, 10]
[1, 3, 8, 14, 16]
[1, 3, 7, 9, 21]
[1, 4, 6, 25]
[2, 4, 5, 15]
[3, 4, 5, 19, 22]
[1, 2, 10, 12, 14]
[2, 3, 5, 25]
[3, 4, 6, 8]
[2, 4, 6, 14, 20]
[1, 5, 6, 16, 20]
[1, 2, 7, 16, 18]
[1, 2, 8, 13, 15]
[16, 17, 18, 19, 20, 21, 22, 23, 24, 25, 26, 27, 28]


5
process id 0
stats
5, 15, 7, 100, 1000
20220816-211803
loosing coalitions taken
[1, 4, 7, 8]
[2, 4, 5, 19]
[3, 4, 6, 9, 21]
[1, 2, 10, 11, 12]
[2, 3, 6, 10]
[1, 2, 7, 15, 22]
[3, 4, 5, 15, 24]
[1, 3, 8, 9, 18]
[1, 3, 7, 10, 21]
[2, 3, 5, 18]
[1, 4, 6, 28]
[1, 5, 6, 13, 18]
[2, 4, 6, 15, 16]
[1, 2, 8, 14, 20]
[16, 17, 18, 19, 20, 21, 22, 23, 24, 25, 26, 27, 28]


6
process id 5
stats
5, 15, 7, 100, 1000
20220816-211804
loosing coalitions taken
[3, 4, 6, 13, 19]
[3, 4, 5, 15, 28]
[2, 3, 6, 10, 27]
[2, 4, 6, 11, 23]
[1, 3, 8, 9, 19]
[1, 2, 10, 11, 14]
[2, 3, 5, 23]
[1, 2, 8, 13, 17]
[1, 2, 7, 16, 18]
[1, 3, 7, 12, 22]
[1, 4, 8, 10, 15]
[1, 4, 7, 13, 14]
[1, 5, 6, 9, 25]
[1, 4, 6, 28]
[16, 17, 18, 19, 20, 21, 22, 23, 24, 25, 26, 27, 28]


6
process id 1
stats
5, 15, 7, 100, 1000
20220816-211805
loosing coalitions taken
[3, 4, 5, 20, 23]
[2, 4, 5, 17, 27]
[1, 2, 8, 11, 20]
[1, 3, 7, 10, 23]
[1, 2, 7, 12, 26]
[1, 3, 8, 13, 16]
[2, 3, 5, 21]
[3, 4, 6, 13, 17]
[1, 5, 6, 9, 25]
[1, 4, 7, 11, 13]
[1, 4, 6, 24]
[2, 4, 6, 9, 23]
[2, 3, 6, 15, 24]
[1, 4, 8, 12, 14]
[16, 17, 18, 19, 20, 21, 22, 23, 24, 25, 26, 27, 28]


6
process id 2
stats
5, 15, 7, 100, 1000
20220816-211805
loosing coalitions taken
[1, 2, 9, 10, 14]
[1, 2, 8, 11, 19]
[2, 3, 6, 10]
[1, 3, 8, 9, 20]
[1, 3, 7, 14, 22]
[1, 4, 7, 12, 15]
[3, 4, 5, 17, 22]
[1, 2, 7, 13, 25]
[2, 4, 6, 15, 20]
[1, 5, 6, 14, 19]
[2, 4, 5, 16, 25]
[2, 3, 5, 24]
[3, 4, 6, 13, 19]
[1, 4, 6, 24]
[16, 17, 18, 19, 20, 21, 22, 23, 24, 25, 26, 27, 28]


6
process id 6
stats
5, 15, 7, 100, 1000
20220816-211805
loosing coalitions taken
[1, 3, 7, 12, 22]
[1, 5, 6, 10, 23]
[1, 4, 8, 9, 13]
[3, 4, 6, 13, 17]
[2, 3, 5, 24]
[1, 2, 8, 11, 19]
[1, 4, 7, 11, 16]
[1, 3, 8, 14, 16]
[1, 4, 6, 27]
[2, 4, 6, 15, 18]
[3, 4, 5, 14]
[2, 3, 6, 12]
[2, 4, 5, 17]
[1, 2, 7, 14, 20]
[16, 17, 18, 19, 20, 21, 22, 23, 24, 25, 26, 27, 28]


6
process id 3
stats
5, 15, 7, 100, 1000
20220816-211805
loosing coalitions taken
[2, 3, 5, 23]
[1, 2, 10, 11, 14]
[2, 4, 6, 10, 24]
[1, 2, 7, 16, 17]
[1, 3, 8, 12, 17]
[1, 3, 7, 13, 21]
[1, 2, 8, 9, 21]
[1, 5, 6, 14, 18]
[3, 4, 6, 8]
[2, 3, 6, 12, 28]
[2, 4, 5, 18, 28]
[3, 4, 5, 15, 26]
[1, 4, 7, 10, 15]
[1, 4, 6, 26]
[16, 17, 18, 19, 20, 21, 22, 23, 24, 25, 26, 27, 28]


5
process id 5
stats
5, 15, 7, 100, 1000
20220816-211806
loosing coalitions taken
[1, 4, 7, 8]
[1, 5, 6, 15, 21]
[3, 4, 5, 20, 21]
[3, 4, 6, 15, 16]
[2, 3, 5, 23]
[1, 3, 7, 11, 20]
[1, 4, 6, 27]
[1, 2, 7, 16, 18]
[2, 4, 6, 9, 24]
[1, 2, 9, 10, 13]
[2, 4, 5, 19]
[2, 3, 6, 11]
[1, 2, 8, 15, 17]
[1, 3, 8, 9, 16]
[16, 17, 18, 19, 20, 21, 22, 23, 24, 25, 26, 27, 28]


5
process id 6
stats
5, 15, 7, 100, 1000
20220816-211806
loosing coalitions taken
[1, 5, 6, 9, 24]
[2, 3, 5, 24]
[1, 2, 7, 13, 25]
[1, 3, 7, 10, 22]
[1, 3, 8, 12, 19]
[3, 4, 6, 14, 19]
[1, 2, 8, 9, 21]
[2, 4, 5, 16]
[2, 3, 6, 9]
[2, 4, 6, 10, 22]
[1, 4, 6, 23]
[3, 4, 5, 15]
[1, 4, 7, 8]
[1, 2, 10, 12, 14]
[16, 17, 18, 19, 20, 21, 22, 23, 24, 25, 26, 27, 28]


6
process id 0
stats
5, 15, 7, 100, 1000
20220816-211807
loosing coalitions taken
[2, 3, 6, 12]
[2, 4, 5, 17]
[1, 2, 10, 11, 13]
[1, 3, 8, 10, 16]
[1, 3, 7, 13, 17]
[1, 4, 6, 27]
[3, 4, 6, 9, 21]
[3, 4, 5, 19, 24]
[1, 5, 6, 15, 20]
[2, 3, 5, 21]
[2, 4, 6, 13, 18]
[1, 2, 8, 9, 21]
[1, 4, 7, 8, 22]
[1, 2, 7, 12, 25]
[16, 17, 18, 19, 20, 21, 22, 23, 24, 25, 26, 27, 28]


6
process id 4
stats
5, 15, 7, 100, 1000
20220816-211807
loosing coalitions taken
[1, 2, 10, 11, 13]
[1, 3, 7, 10, 23]
[1, 4, 8, 13, 14]
[1, 3, 8, 9, 19]
[2, 3, 6, 12]
[1, 2, 7, 15, 21]
[2, 4, 5, 21, 25]
[3, 4, 5, 16]
[2, 3, 5, 20]
[1, 4, 6, 25]
[1, 5, 6, 15, 20]
[2, 4, 6, 10, 18]
[1, 4, 7, 9, 17]
[3, 4, 6, 13, 21]
[16, 17, 18, 19, 20, 21, 22, 23, 24, 25, 26, 27, 28]


5
process id 3
stats
5, 15, 7, 100, 1000
20220816-211808
loosing coalitions taken
[2, 4, 5, 17]
[1, 2, 7, 16, 20]
[1, 3, 7, 14, 22]
[1, 4, 7, 8]
[3, 4, 6, 13, 18]
[1, 5, 6, 12, 23]
[1, 4, 6, 25]
[2, 3, 5, 25]
[3, 4, 5, 14]
[1, 2, 8, 13, 19]
[1, 2, 9, 12, 14]
[2, 3, 6, 12]
[1, 3, 9, 10, 11]
[2, 4, 6, 8]
[16, 17, 18, 19, 20, 21, 22, 23, 24, 25, 26, 27, 28]


6
process id 1
stats
5, 15, 7, 100, 1000
20220816-211809
loosing coalitions taken
[3, 4, 5, 17, 23]
[1, 3, 7, 15, 20]
[1, 2, 8, 10, 17]
[1, 5, 6, 16, 20]
[2, 3, 5, 24]
[1, 3, 8, 11, 16]
[3, 4, 6, 13, 19]
[2, 3, 6, 14, 26]
[2, 4, 6, 10, 22]
[1, 4, 7, 8, 24]
[1, 4, 6, 28]
[2, 4, 5, 18, 25]
[1, 2, 9, 11, 13]
[1, 2, 7, 12, 22]
[16, 17, 18, 19, 20, 21, 22, 23, 24, 25, 26, 27, 28]


6
process id 6
stats
5, 15, 7, 100, 1000
20220816-211810
loosing coalitions taken
[1, 2, 9, 12, 14]
[1, 4, 7, 8]
[1, 5, 6, 11, 23]
[2, 3, 6, 13]
[2, 4, 5, 19]
[1, 3, 7, 13, 22]
[2, 4, 6, 9, 17]
[2, 3, 5, 22]
[3, 4, 5, 16, 25]
[1, 2, 7, 11, 27]
[3, 4, 6, 8]
[1, 2, 8, 10, 21]
[1, 4, 6, 26]
[1, 3, 8, 11, 18]
[16, 17, 18, 19, 20, 21, 22, 23, 24, 25, 26, 27, 28]


6
process id 5
stats
5, 15, 7, 100, 1000
20220816-211812
loosing coalitions taken
[1, 2, 9, 10, 14]
[1, 5, 6, 15, 21]
[3, 4, 6, 14, 20]
[3, 4, 5, 19, 26]
[2, 3, 6, 9]
[1, 2, 7, 11, 24]
[2, 4, 5, 18]
[2, 3, 5, 24]
[1, 3, 7, 9, 19]
[2, 4, 6, 11, 21]
[1, 3, 8, 12, 15]
[1, 4, 6, 28]
[1, 4, 7, 12, 14]
[2, 3, 7, 8, 10]
[16, 17, 18, 19, 20, 21, 22, 23, 24, 25, 26, 27, 28]


6
process id 0
stats
5, 15, 7, 100, 1000
20220816-211812
loosing coalitions taken
[1, 2, 7, 9]
[1, 3, 8, 11, 18]
[1, 5, 6, 10, 24]
[2, 4, 5, 19, 25]
[1, 4, 6, 26]
[2, 3, 6, 18, 20]
[2, 3, 5, 26, 27]
[2, 4, 6, 14, 17]
[1, 2, 8, 15, 16]
[3, 4, 6, 13, 16]
[2, 3, 7, 8, 10]
[3, 4, 5, 18, 21]
[1, 2, 10, 12, 13]
[1, 3, 7, 13, 17]
[16, 17, 18, 19, 20, 21, 22, 23, 24, 25, 26, 27, 28]


6
process id 4
stats
5, 15, 7, 100, 1000
20220816-211813
loosing coalitions taken
[2, 4, 5, 20]
[1, 2, 7, 11, 27]
[1, 2, 8, 9, 22]
[1, 4, 7, 13, 14]
[1, 4, 6, 27]
[1, 3, 8, 12, 18]
[1, 3, 7, 9, 19]
[3, 4, 6, 14, 18]
[2, 3, 5, 24]
[2, 3, 6, 13, 28]
[2, 4, 6, 10, 24]
[2, 3, 7, 8, 10]
[3, 4, 5, 16, 23]
[1, 5, 6, 11, 20]
[16, 17, 18, 19, 20, 21, 22, 23, 24, 25, 26, 27, 28]


6
process id 2
stats
5, 15, 7, 100, 1000
20220816-211813
loosing coalitions taken
[1, 3, 7, 11, 23]
[1, 3, 8, 13, 15]
[1, 2, 7, 16, 20]
[2, 4, 5, 16]
[1, 5, 6, 14, 21]
[1, 4, 7, 8, 26]
[1, 2, 10, 11, 13]
[3, 4, 5, 15, 27]
[2, 3, 5, 23, 28]
[2, 3, 6, 14]
[3, 4, 6, 9, 19]
[2, 4, 6, 13, 17]
[1, 4, 6, 23]
[1, 2, 8, 14, 19]
[16, 17, 18, 19, 20, 21, 22, 23, 24, 25, 26, 27, 28]


6
process id 7
stats
5, 15, 7, 100, 1000
20220816-211813
loosing coalitions taken
[2, 4, 5, 20]
[1, 4, 8, 10, 14]
[1, 2, 7, 13, 22]
[1, 2, 8, 11, 16]
[2, 3, 7, 8, 10]
[1, 3, 7, 14, 20]
[1, 3, 8, 12, 19]
[2, 3, 5, 22, 23]
[1, 4, 6, 27]
[2, 3, 6, 14, 25]
[3, 4, 5, 14]
[1, 2, 9, 10, 12]
[3, 4, 6, 9, 22]
[1, 5, 6, 16, 19]
[16, 17, 18, 19, 20, 21, 22, 23, 24, 25, 26, 27, 28]


6
process id 0
stats
5, 15, 7, 100, 1000
20220816-211814
loosing coalitions taken
[1, 2, 7, 9]
[3, 4, 5, 17, 27]
[1, 3, 8, 11, 18]
[2, 4, 5, 18]
[2, 3, 6, 11, 25]
[1, 4, 8, 10, 14]
[1, 4, 7, 11, 17]
[3, 4, 6, 13, 21]
[1, 4, 6, 28]
[1, 3, 7, 10, 21]
[1, 2, 8, 13, 15]
[2, 4, 6, 15, 17]
[2, 3, 5, 19]
[1, 5, 6, 10, 22]
[16, 17, 18, 19, 20, 21, 22, 23, 24, 25, 26, 27, 28]


6
process id 1
stats
5, 15, 7, 100, 1000
20220816-211815
loosing coalitions taken
[1, 4, 7, 9, 18]
[1, 2, 9, 10, 13]
[1, 3, 7, 13, 19]
[1, 3, 8, 9, 17]
[2, 4, 5, 18]
[1, 2, 7, 15, 22]
[1, 2, 8, 12, 19]
[2, 3, 6, 13, 23]
[1, 4, 6, 24]
[3, 4, 6, 10, 21]
[2, 3, 5, 24, 27]
[2, 4, 6, 8]
[3, 4, 5, 14, 26]
[1, 5, 6, 15, 21]
[16, 17, 18, 19, 20, 21, 22, 23, 24, 25, 26, 27, 28]


6
process id 6
stats
5, 15, 7, 100, 1000
20220816-211815
loosing coalitions taken
[1, 4, 8, 10, 15]
[1, 2, 7, 17, 19]
[1, 5, 6, 12, 23]
[1, 2, 9, 10, 14]
[1, 4, 7, 9, 16]
[2, 3, 6, 11]
[3, 4, 5, 17, 26]
[1, 3, 7, 13, 21]
[2, 4, 5, 20]
[1, 4, 6, 26]
[2, 3, 5, 22, 27]
[1, 3, 8, 12, 16]
[3, 4, 6, 9, 19]
[2, 4, 6, 10, 18]
[16, 17, 18, 19, 20, 21, 22, 23, 24, 25, 26, 27, 28]


5
process id 3
stats
5, 15, 7, 100, 1000
20220816-211815
loosing coalitions taken
[2, 3, 6, 9, 27]
[1, 3, 8, 11, 19]
[1, 4, 8, 10, 14]
[2, 4, 5, 20]
[1, 2, 8, 13, 16]
[1, 2, 7, 14, 23]
[1, 3, 7, 13, 20]
[2, 3, 5, 22]
[3, 4, 5, 13]
[2, 4, 6, 11, 22]
[1, 5, 6, 11, 18]
[1, 4, 6, 28]
[1, 4, 7, 9, 16]
[3, 4, 6, 12, 19]
[16, 17, 18, 19, 20, 21, 22, 23, 24, 25, 26, 27, 28]


5
process id 2
stats
5, 15, 7, 100, 1000
20220816-211817
loosing coalitions taken
[1, 3, 8, 9, 18]
[1, 2, 9, 11, 13]
[1, 4, 7, 8]
[3, 4, 5, 16]
[2, 4, 6, 15, 19]
[1, 2, 10, 12, 14]
[1, 3, 7, 13, 16]
[2, 3, 6, 9, 23]
[2, 3, 5, 24]
[2, 4, 5, 20, 21]
[3, 4, 6, 12, 21]
[1, 5, 6, 14, 17]
[1, 2, 7, 15, 17]
[1, 4, 6, 27]
[16, 17, 18, 19, 20, 21, 22, 23, 24, 25, 26, 27, 28]


5
process id 3
stats
5, 15, 7, 100, 1000
20220816-211818
loosing coalitions taken
[2, 3, 5, 23]
[1, 3, 9, 10, 12]
[1, 3, 8, 15, 16]
[1, 3, 7, 14, 18]
[1, 5, 6, 11, 24]
[1, 4, 7, 8]
[2, 4, 6, 12, 19]
[3, 4, 5, 18, 21]
[1, 2, 8, 14, 20]
[2, 3, 6, 9, 25]
[1, 2, 7, 12, 23]
[2, 4, 5, 15]
[1, 4, 6, 25]
[3, 4, 6, 8]
[16, 17, 18, 19, 20, 21, 22, 23, 24, 25, 26, 27, 28]


6
process id 0
stats
5, 15, 7, 100, 1000
20220816-211819
loosing coalitions taken
[2, 3, 6, 13]
[1, 3, 8, 11, 18]
[1, 2, 7, 16, 20]
[1, 2, 8, 15, 17]
[2, 4, 5, 18]
[1, 3, 7, 15, 21]
[1, 5, 6, 9, 23]
[1, 4, 8, 9, 10]
[1, 2, 9, 11, 14]
[3, 4, 5, 12]
[2, 4, 6, 14, 17]
[2, 3, 5, 25]
[1, 4, 6, 26]
[3, 4, 6, 8]
[16, 17, 18, 19, 20, 21, 22, 23, 24, 25, 26, 27, 28]


6
process id 6
stats
5, 15, 7, 100, 1000
20220816-211821
loosing coalitions taken
[1, 3, 7, 13, 22]
[2, 4, 5, 20]
[1, 5, 6, 11, 24]
[2, 3, 6, 14]
[1, 2, 8, 11, 21]
[1, 2, 7, 9, 27]
[2, 3, 5, 25, 27]
[2, 4, 6, 13, 22]
[1, 4, 7, 11, 15]
[3, 4, 5, 16]
[1, 3, 8, 9, 18]
[1, 4, 6, 25]
[3, 4, 6, 8]
[1, 2, 10, 12, 14]
[16, 17, 18, 19, 20, 21, 22, 23, 24, 25, 26, 27, 28]


6
process id 5
stats
5, 15, 7, 100, 1000
20220816-211822
loosing coalitions taken
[1, 2, 9, 12, 13]
[1, 3, 9, 10, 11]
[2, 4, 6, 13, 22]
[2, 3, 6, 14]
[1, 2, 8, 11, 18]
[1, 5, 6, 12, 23]
[1, 2, 7, 10, 23]
[2, 4, 5, 18]
[3, 4, 5, 15]
[1, 4, 6, 26]
[1, 3, 7, 15, 21]
[2, 3, 5, 22, 28]
[3, 4, 6, 10, 17]
[1, 4, 7, 8]
[16, 17, 18, 19, 20, 21, 22, 23, 24, 25, 26, 27, 28]


6
process id 3
stats
5, 15, 7, 100, 1000
20220816-211822
loosing coalitions taken
[1, 5, 6, 11, 23]
[1, 4, 7, 8]
[2, 3, 5, 23]
[3, 4, 6, 12, 21]
[2, 3, 6, 13]
[1, 3, 8, 14, 16]
[1, 4, 6, 25]
[1, 2, 7, 9]
[2, 4, 5, 15]
[1, 3, 7, 13, 19]
[3, 4, 5, 13]
[2, 4, 6, 8]
[1, 3, 9, 10, 12]
[1, 2, 8, 11, 18]
[16, 17, 18, 19, 20, 21, 22, 23, 24, 25, 26, 27, 28]


6
process id 7
stats
5, 15, 7, 100, 1000
20220816-211823
loosing coalitions taken
[1, 4, 7, 8]
[1, 5, 6, 10, 24]
[3, 4, 6, 14, 17]
[2, 3, 5, 24]
[2, 3, 6, 12]
[2, 4, 5, 19, 27]
[1, 4, 6, 26]
[1, 3, 7, 12, 17]
[1, 3, 8, 9, 19]
[1, 2, 9, 11, 12]
[3, 4, 5, 13]
[1, 2, 7, 16, 20]
[2, 4, 6, 8]
[1, 2, 8, 14, 18]
[16, 17, 18, 19, 20, 21, 22, 23, 24, 25, 26, 27, 28]


6
process id 2
stats
5, 15, 7, 100, 1000
20220816-211823
loosing coalitions taken
[1, 4, 8, 12, 14]
[1, 3, 8, 10, 18]
[2, 3, 6, 14]
[1, 3, 7, 11, 23]
[1, 4, 7, 10, 16]
[1, 2, 7, 13, 24]
[1, 2, 8, 11, 20]
[2, 3, 5, 18]
[1, 5, 6, 16, 17]
[1, 4, 6, 27, 28]
[3, 4, 5, 13]
[2, 4, 6, 11, 22]
[2, 4, 5, 16]
[3, 4, 6, 8]
[16, 17, 18, 19, 20, 21, 22, 23, 24, 25, 26, 27, 28]


6
process id 4
stats
5, 15, 7, 100, 1000
20220816-211823
loosing coalitions taken
[3, 4, 6, 12, 20]
[2, 4, 5, 18, 28]
[1, 2, 8, 10, 17]
[1, 5, 6, 15, 20]
[1, 3, 7, 10, 21]
[1, 2, 9, 12, 14]
[2, 3, 6, 14]
[1, 3, 8, 11, 19]
[2, 3, 5, 21]
[3, 4, 5, 11]
[1, 2, 7, 11, 26]
[1, 4, 6, 23]
[2, 4, 6, 9, 21]
[1, 4, 8, 13, 14]
[16, 17, 18, 19, 20, 21, 22, 23, 24, 25, 26, 27, 28]


5
process id 3
stats
5, 15, 7, 100, 1000
20220816-211824
loosing coalitions taken
[1, 5, 6, 9, 25]
[1, 4, 7, 9, 18]
[1, 2, 7, 11, 23]
[1, 3, 8, 14, 16]
[2, 4, 5, 19]
[1, 4, 8, 11, 13]
[2, 3, 6, 9]
[1, 2, 8, 10, 21]
[3, 4, 6, 8]
[3, 4, 5, 11]
[2, 3, 5, 23]
[1, 3, 7, 13, 21]
[2, 4, 6, 15, 17]
[1, 4, 6, 28]
[16, 17, 18, 19, 20, 21, 22, 23, 24, 25, 26, 27, 28]


6
process id 6
stats
5, 15, 7, 100, 1000
20220816-211826
loosing coalitions taken
[2, 3, 6, 17, 21]
[2, 3, 5, 24]
[1, 4, 8, 11, 13]
[1, 2, 7, 11, 25]
[1, 3, 7, 12, 20]
[1, 5, 6, 9, 22]
[1, 2, 9, 12, 13]
[2, 4, 6, 12, 23]
[1, 4, 6, 27, 28]
[2, 4, 5, 18, 26]
[1, 2, 8, 10, 21]
[3, 4, 5, 17, 27]
[3, 4, 6, 13, 16]
[1, 4, 7, 9, 16]
[16, 17, 18, 19, 20, 21, 22, 23, 24, 25, 26, 27, 28]


6
process id 0
stats
5, 15, 7, 100, 1000
20220816-211826
loosing coalitions taken
[2, 4, 6, 15, 20]
[2, 4, 5, 21, 28]
[1, 2, 8, 14, 19]
[2, 3, 5, 25]
[1, 2, 7, 16, 20]
[1, 3, 8, 12, 17]
[1, 5, 6, 9, 23]
[3, 4, 6, 10, 19]
[1, 3, 7, 13, 18]
[1, 2, 10, 12, 13]
[1, 4, 7, 9, 15]
[3, 4, 5, 18, 22]
[2, 3, 6, 18, 21]
[1, 4, 6, 26]
[16, 17, 18, 19, 20, 21, 22, 23, 24, 25, 26, 27, 28]


6
process id 1
stats
5, 15, 7, 100, 1000
20220816-211828
loosing coalitions taken
[2, 4, 5, 22, 24]
[1, 2, 8, 11, 18]
[1, 2, 7, 15, 22]
[1, 3, 7, 11, 23]
[2, 3, 6, 12]
[1, 4, 7, 9, 16]
[3, 4, 5, 12]
[2, 3, 5, 18]
[2, 4, 6, 15, 19]
[1, 4, 6, 26]
[1, 4, 8, 13, 14]
[1, 3, 8, 10, 17]
[1, 5, 6, 11, 20]
[1, 2, 9, 12, 14]
[16, 17, 18, 19, 20, 21, 22, 23, 24, 25, 26, 27, 28]


6
process id 0
stats
5, 15, 7, 100, 1000
20220816-211829
loosing coalitions taken
[2, 4, 6, 15, 21]
[1, 4, 8, 12, 14]
[3, 4, 6, 14, 19]
[1, 5, 6, 12, 21]
[1, 4, 7, 10, 18]
[1, 2, 8, 13, 17]
[1, 2, 7, 11, 22]
[1, 3, 8, 9, 16]
[1, 2, 9, 10, 14]
[3, 4, 5, 17, 21]
[2, 4, 5, 19]
[2, 3, 6, 16, 20]
[2, 3, 5, 24]
[1, 4, 6, 27]
[16, 17, 18, 19, 20, 21, 22, 23, 24, 25, 26, 27, 28]


6
process id 3
stats
5, 15, 7, 100, 1000
20220816-211829
loosing coalitions taken
[2, 4, 5, 21, 26]
[2, 4, 6, 13, 18]
[1, 2, 9, 11, 13]
[1, 3, 7, 10, 20]
[3, 4, 6, 9, 20]
[1, 2, 7, 15, 19]
[1, 4, 8, 10, 11]
[3, 4, 5, 15, 28]
[1, 5, 6, 10, 24]
[1, 4, 6, 26]
[2, 3, 5, 24, 27]
[1, 2, 8, 12, 16]
[1, 3, 8, 9, 17]
[2, 3, 6, 11]
[16, 17, 18, 19, 20, 21, 22, 23, 24, 25, 26, 27, 28]


6
process id 7
stats
5, 15, 7, 100, 1000
20220816-211830
loosing coalitions taken
[1, 3, 7, 14, 22]
[1, 2, 8, 12, 18]
[1, 2, 9, 11, 13]
[2, 4, 5, 18]
[1, 2, 7, 10, 28]
[3, 4, 6, 13, 19]
[2, 3, 6, 14, 23]
[1, 3, 8, 15, 16]
[1, 4, 7, 11, 15]
[1, 4, 6, 25]
[3, 4, 5, 11]
[2, 4, 6, 8]
[1, 5, 6, 9, 22]
[2, 3, 5, 21, 26]
[16, 17, 18, 19, 20, 21, 22, 23, 24, 25, 26, 27, 28]


6
process id 2
stats
5, 15, 7, 100, 1000
20220816-211832
loosing coalitions taken
[2, 4, 5, 20]
[2, 3, 6, 10]
[1, 2, 8, 15, 17]
[3, 4, 5, 19, 21]
[2, 3, 5, 18]
[2, 4, 6, 13, 19]
[1, 2, 7, 14, 19]
[1, 4, 6, 27]
[1, 4, 7, 8, 25]
[1, 5, 6, 14, 18]
[1, 3, 7, 15, 16]
[3, 4, 6, 9, 20]
[1, 2, 9, 12, 13]
[1, 3, 8, 12, 18]
[16, 17, 18, 19, 20, 21, 22, 23, 24, 25, 26, 27, 28]


6
process id 1
stats
5, 15, 7, 100, 1000
20220816-211832
loosing coalitions taken
[1, 2, 7, 9]
[3, 4, 5, 20, 23]
[2, 4, 5, 17]
[1, 3, 8, 10, 17]
[3, 4, 6, 12, 18]
[2, 3, 6, 10]
[1, 4, 7, 10, 15]
[1, 3, 7, 11, 21]
[1, 4, 6, 26]
[2, 3, 5, 24]
[1, 5, 6, 15, 17]
[2, 4, 6, 9, 25]
[1, 2, 10, 11, 12]
[1, 2, 8, 14, 16]
[16, 17, 18, 19, 20, 21, 22, 23, 24, 25, 26, 27, 28]


6
process id 4
stats
5, 15, 7, 100, 1000
20220816-211833
loosing coalitions taken
[1, 2, 7, 13, 22]
[2, 4, 5, 21, 25]
[1, 3, 7, 11, 21]
[1, 5, 6, 11, 25]
[2, 3, 6, 13]
[1, 2, 10, 11, 12]
[1, 3, 8, 9, 18]
[3, 4, 5, 16, 28]
[1, 2, 8, 15, 16]
[1, 4, 8, 10, 13]
[2, 4, 6, 8]
[1, 4, 6, 24]
[2, 3, 5, 19]
[1, 4, 7, 12, 15]
[16, 17, 18, 19, 20, 21, 22, 23, 24, 25, 26, 27, 28]


6
process id 6
stats
5, 15, 7, 100, 1000
20220816-211834
loosing coalitions taken
[3, 4, 5, 19, 26]
[1, 3, 8, 11, 17]
[1, 2, 7, 9, 24]
[2, 3, 6, 13]
[1, 4, 8, 9, 10]
[2, 4, 5, 15]
[1, 5, 6, 9, 26]
[1, 2, 8, 12, 20]
[1, 3, 7, 13, 22]
[3, 4, 6, 8]
[2, 4, 6, 9, 23]
[2, 3, 5, 22, 24]
[1, 2, 10, 11, 14]
[1, 4, 7, 14, 15]
[16, 17, 18, 19, 20, 21, 22, 23, 24, 25, 26, 27, 28]


6
process id 4
stats
5, 15, 7, 100, 1000
20220816-211836
loosing coalitions taken
[2, 3, 6, 12]
[1, 2, 7, 11, 25]
[1, 4, 7, 13, 16]
[1, 3, 7, 10, 23]
[1, 3, 8, 14, 16]
[1, 2, 9, 10, 14]
[2, 3, 5, 24]
[1, 5, 6, 12, 23]
[3, 4, 5, 12]
[3, 4, 6, 8]
[2, 4, 5, 17]
[2, 4, 6, 14, 20]
[1, 4, 6, 27]
[1, 2, 8, 13, 19]
[16, 17, 18, 19, 20, 21, 22, 23, 24, 25, 26, 27, 28]


6
process id 3
stats
5, 15, 7, 100, 1000
20220816-211837
loosing coalitions taken
[1, 3, 8, 12, 19]
[1, 4, 7, 8]
[1, 5, 6, 16, 18]
[1, 2, 10, 11, 13]
[2, 3, 6, 12]
[1, 3, 7, 11, 23]
[3, 4, 5, 17, 21]
[1, 4, 6, 23]
[2, 3, 5, 24]
[2, 4, 6, 8]
[3, 4, 6, 14, 20]
[1, 2, 7, 16, 21]
[2, 4, 5, 20]
[1, 2, 8, 9, 22]
[16, 17, 18, 19, 20, 21, 22, 23, 24, 25, 26, 27, 28]


6
process id 7
stats
5, 15, 7, 100, 1000
20220816-211837
loosing coalitions taken
[3, 4, 6, 14, 19]
[2, 4, 5, 17]
[1, 3, 8, 10, 16]
[1, 3, 7, 13, 20]
[1, 2, 7, 14, 22]
[1, 4, 7, 12, 15]
[1, 5, 6, 16, 18]
[1, 2, 9, 12, 13]
[1, 2, 8, 11, 19]
[2, 3, 6, 10, 24]
[2, 3, 5, 22]
[3, 4, 5, 12]
[1, 4, 6, 26]
[1, 4, 8, 13, 14]
[16, 17, 18, 19, 20, 21, 22, 23, 24, 25, 26, 27, 28]


6
process id 1
stats
5, 15, 7, 100, 1000
20220816-211838
loosing coalitions taken
[1, 3, 8, 13, 16]
[1, 5, 6, 15, 20]
[2, 3, 5, 25]
[2, 4, 6, 12, 22]
[3, 4, 6, 11, 20]
[2, 3, 6, 10]
[3, 4, 5, 14, 26]
[1, 2, 7, 13, 23]
[1, 4, 7, 9, 18]
[1, 4, 6, 27]
[1, 3, 7, 14, 19]
[1, 4, 8, 12, 14]
[2, 4, 5, 20]
[1, 2, 9, 11, 14]
[16, 17, 18, 19, 20, 21, 22, 23, 24, 25, 26, 27, 28]


6
process id 7
stats
5, 15, 7, 100, 1000
20220816-211839
loosing coalitions taken
[3, 4, 5, 17, 22]
[1, 3, 7, 10, 21]
[1, 2, 10, 11, 14]
[1, 4, 7, 14, 15]
[2, 4, 6, 13, 20]
[1, 3, 8, 14, 16]
[2, 3, 5, 24, 25]
[2, 4, 5, 16]
[1, 2, 7, 13, 24]
[2, 3, 6, 17, 18]
[1, 2, 8, 9, 19]
[1, 4, 8, 12, 13]
[1, 5, 6, 10, 20]
[1, 4, 6, 24]
[16, 17, 18, 19, 20, 21, 22, 23, 24, 25, 26, 27, 28]


6
process id 2
stats
5, 15, 7, 100, 1000
20220816-211840
loosing coalitions taken
[1, 3, 9, 10, 12]
[1, 2, 9, 11, 14]
[1, 3, 8, 15, 16]
[1, 2, 7, 16, 20]
[2, 4, 5, 20]
[1, 4, 7, 8]
[2, 3, 6, 11, 27]
[1, 5, 6, 15, 21]
[3, 4, 6, 14, 19]
[1, 4, 6, 23]
[2, 4, 6, 8]
[2, 3, 5, 21]
[1, 2, 8, 12, 18]
[1, 3, 7, 13, 17]
[16, 17, 18, 19, 20, 21, 22, 23, 24, 25, 26, 27, 28]


6
process id 4
stats
5, 15, 7, 100, 1000
20220816-211840
loosing coalitions taken
[1, 2, 9, 10, 13]
[1, 2, 8, 11, 20]
[1, 3, 7, 16, 19]
[1, 2, 7, 12, 25]
[1, 3, 8, 14, 15]
[2, 4, 5, 17]
[2, 3, 6, 11]
[3, 4, 5, 12]
[2, 3, 5, 18]
[1, 4, 7, 11, 14]
[1, 5, 6, 9, 22]
[1, 4, 6, 23]
[2, 4, 6, 13, 20]
[3, 4, 6, 8]
[16, 17, 18, 19, 20, 21, 22, 23, 24, 25, 26, 27, 28]


6
process id 5
stats
5, 15, 7, 100, 1000
20220816-211841
loosing coalitions taken
[3, 4, 5, 18, 26]
[1, 2, 7, 17, 19]
[1, 3, 9, 10, 11]
[1, 3, 7, 15, 21]
[1, 2, 8, 13, 18]
[2, 3, 6, 16, 23]
[1, 2, 9, 12, 14]
[3, 4, 6, 13, 20]
[2, 4, 6, 11, 24]
[1, 5, 6, 10, 22]
[1, 4, 6, 28]
[2, 3, 5, 24, 27]
[2, 5, 6, 7, 14]
[2, 4, 5, 19]
[16, 17, 18, 19, 20, 21, 22, 23, 24, 25, 26, 27, 28]


5
process id 7
stats
5, 15, 7, 100, 1000
20220816-211841
loosing coalitions taken
[1, 2, 8, 15, 16]
[1, 3, 8, 12, 17]
[1, 2, 7, 10, 22]
[1, 5, 6, 13, 20]
[1, 2, 9, 11, 14]
[2, 4, 5, 20]
[1, 3, 7, 11, 21]
[1, 4, 6, 23]
[2, 3, 5, 23, 25]
[3, 4, 6, 13, 18]
[1, 4, 7, 8]
[3, 4, 5, 14]
[2, 4, 6, 10, 19]
[2, 3, 6, 14, 22]
[16, 17, 18, 19, 20, 21, 22, 23, 24, 25, 26, 27, 28]


6
process id 1
stats
5, 15, 7, 100, 1000
20220816-211841
loosing coalitions taken
[1, 4, 7, 14, 15]
[2, 4, 6, 14, 20]
[2, 3, 7, 8, 9]
[1, 2, 7, 17, 18]
[1, 3, 8, 12, 16]
[1, 2, 9, 12, 13]
[1, 3, 7, 10, 21]
[2, 3, 6, 10]
[2, 3, 5, 24, 27]
[1, 4, 6, 24]
[3, 4, 5, 15]
[2, 4, 5, 19, 28]
[3, 4, 6, 9, 22]
[1, 5, 6, 10, 25]
[16, 17, 18, 19, 20, 21, 22, 23, 24, 25, 26, 27, 28]


5
process id 4
stats
5, 15, 7, 100, 1000
20220816-211843
loosing coalitions taken
[1, 2, 7, 11, 26]
[1, 3, 9, 10, 12]
[2, 4, 5, 17]
[1, 2, 8, 12, 21]
[1, 5, 6, 9, 24]
[1, 4, 6, 28]
[2, 4, 6, 13, 20]
[3, 4, 5, 15]
[1, 3, 7, 16, 18]
[2, 3, 6, 11]
[2, 3, 5, 23]
[3, 4, 6, 12, 17]
[1, 4, 7, 14, 15]
[1, 4, 8, 9, 11]
[16, 17, 18, 19, 20, 21, 22, 23, 24, 25, 26, 27, 28]


6
process id 6
stats
5, 15, 7, 100, 1000
20220816-211844
loosing coalitions taken
[1, 2, 8, 14, 17]
[1, 3, 7, 13, 22]
[2, 3, 5, 24]
[3, 4, 6, 10, 20]
[1, 5, 6, 10, 22]
[1, 2, 9, 10, 11]
[1, 4, 6, 24]
[3, 4, 5, 13]
[2, 3, 6, 12]
[2, 4, 5, 17, 27]
[2, 4, 6, 11, 18]
[3, 5, 6, 7, 15]
[1, 4, 7, 8]
[1, 3, 8, 9, 19]
[16, 17, 18, 19, 20, 21, 22, 23, 24, 25, 26, 27, 28]


5
process id 5
stats
5, 15, 7, 100, 1000
20220816-211847
loosing coalitions taken
[1, 2, 8, 14, 18]
[1, 2, 10, 11, 13]
[1, 2, 7, 12, 26]
[1, 3, 8, 10, 17]
[2, 3, 5, 25]
[2, 4, 6, 14, 21]
[1, 4, 6, 24]
[1, 4, 7, 8]
[2, 3, 6, 16, 19]
[3, 4, 5, 13]
[1, 3, 7, 13, 20]
[3, 4, 6, 8]
[2, 4, 5, 15]
[1, 5, 6, 12, 21]
[16, 17, 18, 19, 20, 21, 22, 23, 24, 25, 26, 27, 28]


5
process id 6
stats
5, 15, 7, 100, 1000
20220816-211848
loosing coalitions taken
[1, 5, 6, 15, 17]
[1, 2, 8, 11, 21]
[1, 3, 7, 9, 24]
[2, 3, 6, 14]
[1, 4, 7, 14, 16]
[3, 4, 5, 15]
[1, 2, 9, 12, 13]
[1, 2, 7, 10, 22]
[2, 3, 5, 21]
[1, 4, 6, 24]
[2, 4, 5, 18]
[2, 4, 6, 8]
[3, 4, 6, 10, 17]
[1, 3, 8, 12, 14]
[16, 17, 18, 19, 20, 21, 22, 23, 24, 25, 26, 27, 28]


6
process id 3
stats
5, 15, 7, 100, 1000
20220816-211848
loosing coalitions taken
[2, 3, 5, 27, 28]
[1, 2, 9, 12, 14]
[2, 4, 5, 19]
[1, 5, 6, 14, 22]
[2, 3, 6, 11]
[1, 4, 6, 28]
[1, 2, 7, 13, 21]
[3, 4, 6, 8]
[3, 4, 5, 18, 24]
[1, 4, 7, 8, 25]
[1, 2, 8, 11, 17]
[2, 4, 6, 14, 18]
[1, 3, 8, 9, 15]
[1, 3, 7, 12, 22]
[16, 17, 18, 19, 20, 21, 22, 23, 24, 25, 26, 27, 28]


6
process id 0
stats
5, 15, 7, 100, 1000
20220816-211848
loosing coalitions taken
[1, 2, 8, 15, 16]
[1, 2, 7, 9]
[2, 4, 6, 11, 23]
[1, 5, 6, 13, 22]
[3, 4, 6, 12, 17]
[2, 3, 5, 24]
[1, 3, 8, 12, 19]
[1, 3, 7, 10, 23]
[1, 4, 7, 11, 13]
[2, 4, 5, 16, 28]
[2, 3, 6, 9]
[1, 4, 6, 24]
[3, 4, 5, 15]
[1, 2, 10, 11, 12]
[16, 17, 18, 19, 20, 21, 22, 23, 24, 25, 26, 27, 28]


5
process id 5
stats
5, 15, 7, 100, 1000
20220816-211849
loosing coalitions taken
[3, 4, 6, 11, 21]
[1, 3, 8, 11, 18]
[1, 4, 8, 10, 13]
[1, 2, 7, 13, 23]
[1, 2, 10, 12, 14]
[2, 4, 6, 16, 18]
[1, 2, 8, 9, 19]
[2, 3, 5, 24]
[2, 4, 5, 20, 22]
[1, 5, 6, 12, 19]
[3, 4, 5, 15]
[1, 4, 6, 26]
[2, 3, 6, 12]
[1, 3, 7, 14, 16]
[16, 17, 18, 19, 20, 21, 22, 23, 24, 25, 26, 27, 28]


6
process id 4
stats
5, 15, 7, 100, 1000
20220816-211849
loosing coalitions taken
[2, 3, 6, 16, 24]
[1, 3, 7, 14, 22]
[1, 2, 7, 10, 26]
[1, 5, 6, 11, 25]
[1, 4, 7, 8]
[2, 4, 5, 19]
[3, 4, 5, 13, 27]
[2, 4, 6, 8]
[1, 4, 6, 28]
[1, 3, 8, 9, 18]
[2, 3, 5, 25]
[3, 4, 6, 10, 18]
[1, 2, 8, 13, 20]
[1, 2, 9, 11, 14]
[16, 17, 18, 19, 20, 21, 22, 23, 24, 25, 26, 27, 28]


6
process id 2
stats
5, 15, 7, 100, 1000
20220816-211850
loosing coalitions taken
[2, 4, 5, 18, 26]
[1, 5, 6, 10, 22]
[1, 2, 8, 12, 18]
[2, 3, 6, 14]
[3, 4, 5, 19, 24]
[1, 3, 7, 13, 18]
[1, 2, 7, 16, 21]
[1, 2, 9, 11, 13]
[2, 3, 5, 21]
[1, 4, 6, 27, 28]
[3, 4, 6, 10, 20]
[1, 3, 8, 9, 15]
[1, 4, 7, 8]
[2, 4, 6, 8]
[16, 17, 18, 19, 20, 21, 22, 23, 24, 25, 26, 27, 28]


5
process id 1
stats
5, 15, 7, 100, 1000
20220816-211850
loosing coalitions taken
[1, 3, 7, 15, 21]
[2, 3, 6, 13]
[1, 2, 8, 12, 20]
[1, 2, 7, 9, 26]
[1, 4, 7, 8]
[2, 4, 6, 9, 21]
[3, 4, 5, 15]
[2, 3, 5, 22]
[3, 4, 6, 11, 19]
[1, 4, 6, 27]
[1, 5, 6, 9, 22]
[2, 4, 5, 19]
[1, 3, 8, 10, 16]
[1, 2, 10, 11, 14]
[16, 17, 18, 19, 20, 21, 22, 23, 24, 25, 26, 27, 28]


5
process id 2
stats
5, 15, 7, 100, 1000
20220816-211852
loosing coalitions taken
[1, 2, 10, 11, 14]
[1, 2, 8, 9, 20]
[1, 2, 7, 16, 21]
[1, 4, 7, 9, 18]
[1, 3, 9, 10, 12]
[1, 3, 8, 11, 19]
[1, 3, 7, 13, 22]
[2, 3, 6, 11]
[1, 4, 8, 12, 13]
[2, 4, 6, 10, 19]
[2, 3, 5, 25, 26]
[1, 4, 6, 26, 27]
[3, 4, 5, 18, 21]
[1, 5, 6, 13, 17]
[16, 17, 18, 19, 20, 21, 22, 23, 24, 25, 26, 27, 28]


6
process id 5
stats
5, 15, 7, 100, 1000
20220816-211852
loosing coalitions taken
[3, 4, 5, 17, 26]
[1, 4, 8, 12, 14]
[1, 5, 6, 14, 20]
[1, 2, 10, 11, 12]
[2, 3, 6, 18, 21]
[2, 4, 5, 20, 25]
[2, 3, 5, 22]
[1, 3, 7, 12, 20]
[1, 2, 8, 9, 18]
[1, 2, 7, 16, 17]
[1, 4, 6, 27]
[1, 4, 7, 9, 19]
[2, 4, 6, 11, 23]
[3, 4, 6, 8, 28]
[16, 17, 18, 19, 20, 21, 22, 23, 24, 25, 26, 27, 28]


6
process id 3
stats
5, 15, 7, 100, 1000
20220816-211853
loosing coalitions taken
[1, 5, 6, 11, 22]
[1, 3, 8, 15, 16]
[2, 3, 6, 10]
[1, 3, 7, 14, 20]
[1, 2, 8, 12, 19]
[3, 4, 5, 16, 27]
[1, 4, 7, 9, 18]
[2, 4, 5, 20]
[1, 2, 7, 10, 27]
[3, 4, 6, 14, 19]
[2, 4, 6, 11, 21]
[1, 4, 6, 26]
[2, 3, 5, 24]
[1, 2, 9, 11, 13]
[16, 17, 18, 19, 20, 21, 22, 23, 24, 25, 26, 27, 28]


5
process id 7
stats
5, 15, 7, 100, 1000
20220816-211854
loosing coalitions taken
[1, 2, 7, 13, 23]
[1, 2, 8, 9, 20]
[1, 5, 6, 16, 19]
[1, 3, 7, 10, 21]
[1, 2, 10, 11, 14]
[1, 3, 8, 11, 17]
[2, 3, 6, 12]
[1, 4, 6, 25]
[3, 4, 5, 17, 21]
[2, 4, 5, 20, 24]
[2, 4, 6, 8]
[2, 3, 5, 19]
[1, 4, 7, 8]
[3, 4, 6, 9, 16]
[16, 17, 18, 19, 20, 21, 22, 23, 24, 25, 26, 27, 28]


6
process id 6
stats
5, 15, 7, 100, 1000
20220816-211854
loosing coalitions taken
[1, 3, 7, 14, 22]
[1, 2, 8, 11, 18]
[1, 4, 8, 10, 14]
[3, 4, 5, 18, 27]
[2, 4, 5, 20]
[1, 2, 7, 16, 21]
[2, 3, 6, 13]
[1, 3, 9, 10, 12]
[3, 4, 6, 9, 21]
[2, 3, 5, 22]
[1, 5, 6, 12, 18]
[1, 4, 6, 23]
[2, 4, 6, 8]
[2, 3, 7, 8, 10]
[16, 17, 18, 19, 20, 21, 22, 23, 24, 25, 26, 27, 28]


6
process id 4
stats
5, 15, 7, 100, 1000
20220816-211856
loosing coalitions taken
[1, 2, 9, 10, 11]
[1, 2, 7, 13, 23]
[2, 3, 6, 13]
[1, 2, 8, 14, 20]
[1, 5, 6, 14, 21]
[1, 4, 8, 10, 13]
[1, 3, 8, 9, 18]
[1, 3, 7, 14, 17]
[2, 4, 5, 20]
[3, 4, 6, 8, 25]
[3, 4, 5, 15, 27]
[2, 3, 5, 24]
[1, 4, 6, 28]
[2, 4, 6, 11, 24]
[16, 17, 18, 19, 20, 21, 22, 23, 24, 25, 26, 27, 28]


6
process id 0
stats
5, 15, 7, 100, 1000
20220816-211856
loosing coalitions taken
[2, 3, 6, 13]
[1, 2, 8, 9, 22]
[1, 3, 7, 10, 24]
[1, 4, 6, 26]
[1, 3, 8, 11, 16]
[2, 4, 5, 19, 27]
[1, 2, 7, 15, 17]
[1, 4, 7, 9, 18]
[2, 3, 5, 24]
[3, 4, 5, 17, 23]
[3, 4, 6, 12, 19]
[1, 5, 6, 9, 25]
[2, 4, 6, 10, 18]
[1, 2, 10, 11, 13]
[16, 17, 18, 19, 20, 21, 22, 23, 24, 25, 26, 27, 28]


5
process id 5
stats
5, 15, 7, 100, 1000
20220816-211857
loosing coalitions taken
[2, 3, 6, 11]
[1, 3, 8, 10, 17]
[2, 4, 5, 18]
[1, 3, 7, 15, 21]
[1, 5, 6, 10, 22]
[1, 2, 7, 14, 22]
[1, 4, 6, 27]
[2, 3, 5, 20]
[3, 4, 6, 10, 16]
[3, 4, 5, 13]
[2, 4, 6, 14, 19]
[1, 4, 8, 12, 14]
[1, 4, 7, 9, 17]
[1, 2, 8, 13, 16]
[16, 17, 18, 19, 20, 21, 22, 23, 24, 25, 26, 27, 28]


6
process id 4
stats
5, 15, 7, 100, 1000
20220816-211859
loosing coalitions taken
[1, 4, 7, 12, 15]
[1, 2, 7, 11, 23]
[2, 3, 6, 14]
[1, 3, 8, 13, 16]
[1, 3, 7, 9, 24]
[1, 2, 9, 12, 13]
[1, 2, 8, 10, 19]
[2, 4, 5, 20]
[2, 4, 6, 8]
[3, 4, 5, 16]
[2, 3, 5, 19]
[1, 5, 6, 10, 24]
[3, 4, 6, 10, 21]
[1, 4, 6, 25]
[16, 17, 18, 19, 20, 21, 22, 23, 24, 25, 26, 27, 28]


6
process id 0
stats
5, 15, 7, 100, 1000
20220816-211900
loosing coalitions taken
[1, 2, 8, 14, 18]
[3, 4, 5, 16]
[1, 5, 6, 11, 25]
[2, 3, 6, 13]
[1, 3, 7, 15, 21]
[1, 3, 8, 11, 19]
[2, 3, 5, 21]
[3, 5, 6, 7, 14]
[3, 4, 6, 10, 19]
[2, 4, 5, 17, 28]
[1, 2, 7, 9]
[1, 4, 6, 27]
[1, 2, 10, 11, 12]
[2, 4, 6, 8]
[16, 17, 18, 19, 20, 21, 22, 23, 24, 25, 26, 27, 28]


5
process id 2
stats
5, 15, 7, 100, 1000
20220816-211902
loosing coalitions taken
[1, 5, 6, 10, 24]
[1, 3, 8, 10, 18]
[1, 2, 8, 11, 21]
[2, 3, 5, 23]
[1, 3, 7, 9, 24]
[1, 2, 7, 15, 19]
[1, 4, 7, 8]
[2, 4, 6, 8]
[3, 4, 6, 13, 19]
[2, 3, 6, 12, 27]
[2, 4, 5, 19]
[3, 4, 5, 15, 27]
[1, 4, 6, 26]
[1, 2, 10, 12, 14]
[16, 17, 18, 19, 20, 21, 22, 23, 24, 25, 26, 27, 28]


6
process id 0
stats
5, 15, 7, 100, 1000
20220816-211903
loosing coalitions taken
[1, 3, 8, 12, 18]
[1, 2, 8, 15, 17]
[1, 2, 7, 13, 24]
[2, 3, 6, 13]
[1, 2, 9, 10, 14]
[3, 4, 5, 16]
[2, 4, 6, 12, 22]
[1, 5, 6, 11, 23]
[1, 4, 6, 24]
[1, 4, 7, 8]
[2, 4, 5, 15]
[3, 4, 6, 8]
[2, 3, 5, 19]
[1, 3, 7, 16, 19]
[16, 17, 18, 19, 20, 21, 22, 23, 24, 25, 26, 27, 28]


6
process id 7
stats
5, 15, 7, 100, 1000
20220816-211908
loosing coalitions taken
[2, 3, 6, 14]
[1, 5, 6, 13, 24]
[1, 2, 10, 11, 13]
[1, 4, 6, 26]
[3, 4, 5, 20, 22]
[1, 4, 7, 8, 23]
[1, 3, 7, 10, 19]
[2, 4, 5, 17]
[3, 4, 6, 9, 17]
[2, 4, 6, 15, 16]
[2, 3, 5, 23]
[1, 2, 8, 12, 17]
[1, 3, 8, 13, 15]
[1, 2, 7, 14, 24]
[16, 17, 18, 19, 20, 21, 22, 23, 24, 25, 26, 27, 28]


6
process id 4
stats
5, 15, 7, 100, 1000
20220816-211909
loosing coalitions taken
[1, 3, 7, 16, 19]
[1, 3, 9, 10, 11]
[2, 4, 5, 19]
[2, 3, 6, 12, 23]
[3, 4, 6, 8]
[1, 5, 6, 16, 20]
[1, 2, 8, 12, 17]
[1, 4, 7, 10, 15]
[2, 3, 5, 22, 26]
[1, 3, 8, 14, 15]
[3, 4, 5, 17, 25]
[2, 4, 6, 14, 16]
[1, 4, 6, 28]
[1, 2, 7, 11, 23]
[16, 17, 18, 19, 20, 21, 22, 23, 24, 25, 26, 27, 28]


6
process id 1
stats
5, 15, 7, 100, 1000
20220816-211911
loosing coalitions taken
[1, 3, 7, 10, 23]
[1, 4, 7, 8, 27]
[1, 2, 7, 16, 18]
[3, 4, 5, 16, 26]
[1, 3, 8, 11, 18]
[1, 2, 8, 15, 17]
[2, 4, 5, 19]
[2, 3, 6, 14]
[1, 2, 10, 11, 12]
[1, 4, 6, 25]
[1, 5, 6, 15, 21]
[2, 4, 6, 9, 18]
[2, 3, 5, 21]
[3, 4, 6, 12, 17]
[16, 17, 18, 19, 20, 21, 22, 23, 24, 25, 26, 27, 28]


6
process id 2
stats
5, 15, 7, 100, 1000
20220816-211912
loosing coalitions taken
[1, 2, 10, 11, 13]
[1, 4, 7, 14, 16]
[1, 3, 7, 13, 22]
[1, 4, 8, 9, 15]
[1, 3, 9, 10, 12]
[1, 2, 8, 12, 17]
[1, 2, 7, 9]
[2, 3, 5, 24]
[2, 4, 6, 11, 17]
[1, 5, 6, 15, 19]
[1, 4, 6, 25]
[2, 4, 5, 19]
[2, 3, 6, 14]
[3, 4, 5, 18, 22]
[16, 17, 18, 19, 20, 21, 22, 23, 24, 25, 26, 27, 28]


5
process id 2
stats
5, 15, 7, 100, 1000
20220816-211914
loosing coalitions taken
[1, 5, 6, 10, 26]
[2, 3, 5, 23]
[1, 3, 7, 9, 24]
[1, 2, 8, 9, 18]
[1, 4, 7, 10, 17]
[1, 2, 10, 12, 14]
[1, 2, 7, 11, 27]
[1, 4, 8, 11, 14]
[2, 4, 5, 17]
[2, 3, 6, 14]
[3, 4, 5, 11]
[3, 4, 6, 12, 19]
[1, 3, 8, 12, 15]
[1, 4, 6, 23]
[16, 17, 18, 19, 20, 21, 22, 23, 24, 25, 26, 27, 28]


6
process id 0
stats
5, 15, 7, 100, 1000
20220816-211915
loosing coalitions taken
[1, 3, 8, 11, 19]
[1, 5, 6, 15, 21]
[3, 4, 5, 18, 22]
[1, 4, 7, 9, 18]
[2, 3, 6, 12]
[2, 4, 5, 21, 27]
[1, 2, 8, 14, 18]
[2, 3, 5, 23]
[1, 4, 6, 27]
[1, 3, 7, 15, 20]
[3, 4, 6, 8]
[1, 2, 9, 10, 13]
[2, 3, 7, 8, 10]
[1, 2, 7, 11, 23]
[16, 17, 18, 19, 20, 21, 22, 23, 24, 25, 26, 27, 28]


5
process id 7
stats
5, 15, 7, 100, 1000
20220816-211916
loosing coalitions taken
[1, 5, 6, 9, 26]
[1, 2, 7, 15, 22]
[1, 4, 7, 8]
[3, 4, 5, 16]
[2, 3, 6, 14]
[1, 2, 9, 10, 12]
[2, 4, 5, 19, 22]
[3, 4, 6, 8, 26]
[2, 3, 5, 18]
[2, 4, 6, 15, 17]
[1, 2, 8, 13, 20]
[1, 3, 8, 9, 19]
[1, 4, 6, 25]
[1, 3, 7, 11, 21]
[16, 17, 18, 19, 20, 21, 22, 23, 24, 25, 26, 27, 28]


5
process id 0
stats
5, 15, 7, 100, 1000
20220816-211916
loosing coalitions taken
[3, 4, 5, 16]
[2, 4, 6, 13, 21]
[1, 2, 7, 9]
[2, 3, 6, 10]
[1, 4, 6, 28]
[1, 2, 8, 13, 17]
[2, 4, 5, 19]
[3, 4, 6, 8]
[1, 5, 6, 15, 16]
[2, 3, 5, 25]
[1, 3, 8, 11, 15]
[1, 4, 7, 8, 23]
[1, 3, 7, 13, 16]
[1, 2, 10, 11, 14]
[16, 17, 18, 19, 20, 21, 22, 23, 24, 25, 26, 27, 28]


6
process id 3
stats
5, 15, 7, 100, 1000
20220816-211918
loosing coalitions taken
[1, 2, 7, 11, 24]
[2, 3, 6, 14, 28]
[1, 2, 8, 15, 16]
[1, 5, 6, 12, 22]
[1, 2, 9, 10, 12]
[1, 3, 7, 15, 20]
[3, 4, 6, 9, 22]
[2, 4, 5, 19, 26]
[2, 3, 5, 22, 27]
[3, 4, 5, 15]
[2, 4, 6, 11, 17]
[1, 4, 7, 12, 14]
[1, 3, 8, 10, 17]
[2, 3, 7, 8, 9]
[16, 17, 18, 19, 20, 21, 22, 23, 24, 25, 26, 27, 28]


6
process id 1
stats
5, 15, 7, 100, 1000
20220816-211918
loosing coalitions taken
[2, 3, 6, 13]
[1, 3, 7, 14, 20]
[1, 2, 7, 11, 26]
[2, 4, 5, 20, 27]
[1, 3, 8, 11, 19]
[1, 4, 7, 10, 18]
[3, 4, 5, 15]
[1, 5, 6, 13, 18]
[1, 4, 6, 24]
[2, 3, 5, 22]
[3, 4, 6, 10, 21]
[1, 2, 8, 10, 20]
[2, 4, 6, 12, 23]
[2, 3, 7, 8, 9]
[16, 17, 18, 19, 20, 21, 22, 23, 24, 25, 26, 27, 28]


6
process id 5
stats
5, 15, 7, 100, 1000
20220816-211918
loosing coalitions taken
[3, 4, 6, 14, 18]
[1, 3, 8, 11, 16]
[1, 2, 8, 9, 18]
[1, 4, 6, 27]
[2, 3, 6, 9]
[1, 2, 10, 12, 13]
[1, 2, 7, 14, 24]
[2, 4, 5, 19, 25]
[2, 3, 5, 24, 26]
[2, 4, 6, 8]
[3, 4, 5, 16]
[1, 5, 6, 13, 19]
[1, 3, 7, 9, 23]
[1, 4, 7, 12, 16]
[16, 17, 18, 19, 20, 21, 22, 23, 24, 25, 26, 27, 28]


6
process id 0
stats
5, 15, 7, 100, 1000
20220816-211920
loosing coalitions taken
[1, 3, 8, 10, 19]
[1, 3, 7, 13, 20]
[1, 5, 6, 12, 24]
[1, 2, 8, 15, 16]
[1, 2, 10, 12, 14]
[2, 3, 5, 22]
[2, 4, 6, 16, 19]
[1, 4, 7, 12, 16]
[1, 4, 6, 28]
[3, 4, 5, 11]
[2, 4, 5, 17, 28]
[3, 4, 6, 8]
[2, 3, 6, 13]
[1, 2, 7, 9]
[16, 17, 18, 19, 20, 21, 22, 23, 24, 25, 26, 27, 28]


5
process id 5
stats
5, 15, 7, 100, 1000
20220816-211920
loosing coalitions taken
[1, 2, 8, 13, 17]
[3, 4, 5, 16, 27]
[1, 5, 6, 11, 22]
[1, 2, 10, 11, 12]
[1, 3, 7, 12, 22]
[2, 4, 6, 15, 17]
[3, 4, 6, 12, 18]
[1, 4, 8, 10, 14]
[1, 4, 7, 9, 18]
[2, 4, 5, 19]
[1, 3, 8, 11, 19]
[2, 3, 6, 11]
[1, 4, 6, 23]
[1, 2, 7, 16, 21]
[16, 17, 18, 19, 20, 21, 22, 23, 24, 25, 26, 27, 28]


6
process id 6
stats
5, 15, 7, 100, 1000
20220816-211927
loosing coalitions taken
[1, 4, 7, 8, 24]
[2, 4, 5, 22, 23]
[1, 2, 9, 11, 12]
[1, 5, 6, 15, 21]
[1, 2, 8, 10, 18]
[1, 2, 7, 15, 20]
[1, 3, 7, 9, 22]
[1, 3, 8, 13, 16]
[3, 4, 6, 8]
[2, 4, 6, 9, 18]
[2, 3, 5, 25]
[3, 4, 5, 14, 28]
[1, 4, 6, 25]
[2, 3, 6, 11]
[16, 17, 18, 19, 20, 21, 22, 23, 24, 25, 26, 27, 28]


6
process id 1
stats
5, 15, 7, 100, 1000
20220816-211927
loosing coalitions taken
[1, 5, 6, 11, 24]
[2, 4, 5, 19]
[1, 2, 8, 11, 17]
[1, 2, 9, 12, 14]
[1, 4, 7, 8]
[3, 4, 5, 16]
[1, 3, 7, 14, 20]
[2, 3, 6, 10, 26]
[1, 4, 6, 27]
[2, 3, 5, 21]
[3, 4, 6, 12, 19]
[1, 3, 8, 10, 18]
[2, 4, 6, 14, 17]
[1, 2, 7, 13, 21]
[16, 17, 18, 19, 20, 21, 22, 23, 24, 25, 26, 27, 28]


6
process id 2
stats
5, 15, 7, 100, 1000
20220816-211927
loosing coalitions taken
[2, 4, 6, 9, 23]
[1, 4, 8, 13, 14]
[1, 2, 8, 12, 18]
[1, 2, 9, 10, 14]
[2, 4, 5, 19]
[1, 5, 6, 12, 22]
[1, 3, 7, 10, 21]
[1, 2, 7, 15, 17]
[1, 3, 8, 9, 20]
[3, 4, 5, 13, 27]
[2, 3, 5, 23]
[2, 3, 6, 13]
[1, 4, 6, 25]
[3, 4, 6, 14, 17]
[16, 17, 18, 19, 20, 21, 22, 23, 24, 25, 26, 27, 28]


6
process id 0
stats
5, 15, 7, 100, 1000
20220816-211927
loosing coalitions taken
[2, 3, 6, 11]
[2, 4, 5, 19]
[1, 3, 7, 16, 18]
[1, 2, 8, 12, 18]
[1, 4, 7, 8]
[3, 4, 5, 14, 27]
[2, 3, 5, 20]
[1, 3, 8, 10, 19]
[1, 2, 7, 14, 23]
[1, 4, 6, 26]
[1, 5, 6, 10, 23]
[2, 4, 6, 8]
[3, 4, 6, 12, 17]
[1, 2, 9, 10, 11]
[16, 17, 18, 19, 20, 21, 22, 23, 24, 25, 26, 27, 28]


5
process id 3
stats
5, 15, 7, 100, 1000
20220816-211928
loosing coalitions taken
[2, 3, 6, 10]
[1, 2, 8, 14, 20]
[1, 3, 8, 15, 16]
[3, 4, 5, 15]
[1, 4, 7, 8]
[1, 4, 6, 27]
[2, 4, 5, 17]
[2, 4, 6, 12, 18]
[1, 5, 6, 16, 18]
[3, 4, 6, 8]
[2, 3, 5, 20]
[1, 3, 9, 10, 12]
[1, 3, 7, 13, 17]
[1, 2, 7, 9]
[16, 17, 18, 19, 20, 21, 22, 23, 24, 25, 26, 27, 28]


5
process id 4
stats
5, 15, 7, 100, 1000
20220816-211929
loosing coalitions taken
[1, 2, 8, 14, 16]
[2, 3, 7, 8, 9]
[1, 2, 7, 12, 23]
[3, 4, 5, 16]
[2, 3, 6, 10]
[1, 5, 6, 15, 21]
[1, 3, 8, 12, 17]
[1, 4, 7, 10, 17]
[2, 3, 5, 20]
[2, 4, 6, 9, 19]
[1, 3, 7, 13, 21]
[3, 4, 6, 8, 26]
[1, 4, 6, 27, 28]
[2, 4, 5, 17]
[16, 17, 18, 19, 20, 21, 22, 23, 24, 25, 26, 27, 28]


6
process id 1
stats
5, 15, 7, 100, 1000
20220816-211931
loosing coalitions taken
[2, 3, 6, 14]
[1, 4, 7, 11, 17]
[1, 2, 8, 15, 17]
[1, 3, 7, 15, 20]
[1, 4, 6, 26]
[1, 2, 7, 12, 25]
[1, 3, 8, 12, 18]
[1, 2, 9, 11, 13]
[3, 4, 6, 9, 18]
[3, 4, 5, 12]
[2, 4, 5, 17]
[2, 3, 5, 23]
[1, 5, 6, 14, 22]
[2, 4, 6, 15, 21]
[16, 17, 18, 19, 20, 21, 22, 23, 24, 25, 26, 27, 28]


5
process id 5
stats
5, 15, 7, 100, 1000
20220816-211932
loosing coalitions taken
[1, 2, 10, 11, 14]
[1, 3, 7, 16, 19]
[1, 5, 6, 12, 22]
[1, 3, 9, 10, 12]
[1, 2, 8, 9, 22]
[3, 4, 5, 17, 25]
[1, 2, 7, 17, 18]
[1, 3, 8, 14, 15]
[2, 4, 5, 22, 24]
[2, 4, 6, 9, 25]
[3, 4, 6, 11, 18]
[1, 4, 7, 12, 15]
[2, 3, 5, 20]
[1, 4, 6, 28]
[16, 17, 18, 19, 20, 21, 22, 23, 24, 25, 26, 27, 28]


6
process id 3
stats
5, 15, 7, 100, 1000
20220816-211933
loosing coalitions taken
[1, 2, 7, 9, 23]
[1, 5, 6, 13, 20]
[3, 4, 5, 19, 26]
[1, 4, 8, 9, 11]
[1, 2, 8, 12, 17]
[2, 4, 5, 16]
[1, 4, 7, 10, 18]
[2, 3, 5, 25]
[1, 3, 7, 8]
[2, 3, 6, 17, 21]
[2, 4, 6, 8]
[3, 4, 6, 13, 15]
[1, 4, 6, 26]
[1, 2, 10, 11, 13]
[16, 17, 18, 19, 20, 21, 22, 23, 24, 25, 26, 27, 28]


5
process id 5
stats
5, 15, 7, 100, 1000
20220816-211933
loosing coalitions taken
[1, 2, 7, 9]
[2, 4, 5, 20, 23]
[2, 3, 5, 25]
[1, 5, 6, 15, 19]
[1, 4, 6, 28]
[1, 4, 7, 11, 15]
[2, 3, 6, 13]
[3, 4, 5, 14]
[1, 3, 8, 9, 17]
[2, 4, 6, 8]
[1, 4, 8, 13, 14]
[1, 3, 7, 10, 20]
[1, 2, 8, 11, 19]
[1, 2, 10, 12, 13]
[16, 17, 18, 19, 20, 21, 22, 23, 24, 25, 26, 27, 28]


6
process id 2
stats
5, 15, 7, 100, 1000
20220816-211933
loosing coalitions taken
[2, 4, 6, 11, 21]
[1, 4, 6, 26]
[1, 2, 9, 11, 13]
[1, 2, 8, 12, 19]
[1, 3, 7, 9, 23]
[1, 2, 7, 14, 17]
[2, 4, 5, 19]
[2, 3, 5, 22, 26]
[2, 3, 6, 16, 23]
[1, 4, 7, 8]
[3, 4, 6, 8]
[3, 4, 5, 14]
[1, 5, 6, 13, 23]
[1, 3, 8, 15, 16]
[16, 17, 18, 19, 20, 21, 22, 23, 24, 25, 26, 27, 28]


6
process id 6
stats
5, 15, 7, 100, 1000
20220816-211934
loosing coalitions taken
[1, 3, 8, 11, 18]
[1, 2, 7, 13, 23]
[1, 2, 10, 11, 12]
[1, 5, 6, 16, 20]
[2, 3, 6, 14]
[1, 2, 8, 9, 17]
[2, 4, 5, 18]
[3, 4, 6, 8]
[2, 3, 5, 24]
[3, 4, 5, 15, 27]
[1, 4, 7, 8, 26]
[1, 3, 7, 10, 19]
[1, 4, 6, 24]
[2, 4, 6, 10, 20]
[16, 17, 18, 19, 20, 21, 22, 23, 24, 25, 26, 27, 28]


6
process id 5
stats
5, 15, 7, 100, 1000
20220816-211935
loosing coalitions taken
[2, 3, 5, 25]
[1, 2, 9, 11, 13]
[2, 4, 6, 15, 18]
[1, 2, 7, 16, 20]
[1, 5, 6, 12, 24]
[1, 4, 7, 9, 18]
[1, 3, 7, 14, 21]
[1, 3, 8, 11, 16]
[1, 2, 8, 12, 19]
[3, 4, 5, 16]
[2, 4, 5, 20]
[1, 4, 6, 26]
[3, 4, 6, 8]
[2, 3, 6, 11, 28]
[16, 17, 18, 19, 20, 21, 22, 23, 24, 25, 26, 27, 28]


6
process id 7
stats
5, 15, 7, 100, 1000
20220816-211935
loosing coalitions taken
[1, 4, 7, 9, 18]
[2, 3, 6, 13]
[1, 2, 8, 12, 19]
[1, 3, 7, 11, 21]
[2, 4, 5, 22, 24]
[1, 3, 8, 14, 15]
[3, 4, 5, 16, 28]
[1, 2, 9, 10, 14]
[2, 4, 6, 14, 16]
[1, 5, 6, 11, 25]
[1, 4, 6, 23]
[3, 4, 6, 10, 19]
[2, 3, 5, 19]
[1, 2, 7, 13, 17]
[16, 17, 18, 19, 20, 21, 22, 23, 24, 25, 26, 27, 28]


5
process id 3
stats
5, 15, 7, 100, 1000
20220816-211936
loosing coalitions taken
[1, 5, 6, 9, 22]
[2, 3, 6, 12]
[1, 2, 9, 10, 11]
[2, 4, 5, 20]
[1, 3, 7, 11, 22]
[1, 4, 6, 24]
[1, 4, 7, 8, 23]
[2, 3, 5, 25]
[2, 4, 6, 10, 19]
[1, 3, 8, 10, 15]
[3, 4, 5, 13]
[1, 2, 7, 13, 19]
[3, 4, 6, 8]
[1, 2, 8, 12, 20]
[16, 17, 18, 19, 20, 21, 22, 23, 24, 25, 26, 27, 28]


6
process id 0
stats
5, 15, 7, 100, 1000
20220816-211936
loosing coalitions taken
[1, 2, 10, 11, 14]
[1, 2, 7, 9]
[2, 3, 6, 13]
[2, 4, 5, 19]
[2, 3, 5, 18]
[1, 4, 6, 24]
[1, 4, 7, 11, 16]
[3, 4, 6, 8]
[2, 4, 6, 14, 18]
[3, 4, 5, 15]
[1, 2, 8, 15, 16]
[1, 3, 7, 10, 18]
[1, 4, 8, 10, 12]
[1, 3, 8, 11, 17]
[16, 17, 18, 19, 20, 21, 22, 23, 24, 25, 26, 27, 28]


6
process id 6
stats
5, 15, 7, 100, 1000
20220816-211937
loosing coalitions taken
[1, 2, 7, 13, 24]
[1, 5, 6, 15, 20]
[2, 3, 6, 12]
[1, 2, 8, 9, 22]
[1, 3, 7, 15, 17]
[1, 2, 10, 12, 14]
[2, 4, 6, 16, 17]
[3, 4, 5, 11]
[1, 4, 6, 25]
[2, 4, 5, 18, 26]
[1, 3, 8, 12, 19]
[2, 3, 5, 24]
[2, 5, 6, 7, 11]
[3, 4, 6, 8]
[16, 17, 18, 19, 20, 21, 22, 23, 24, 25, 26, 27, 28]


5
process id 5
stats
5, 15, 7, 100, 1000
20220816-211937
loosing coalitions taken
[2, 4, 5, 17]
[3, 4, 6, 9, 18]
[1, 2, 8, 13, 20]
[2, 3, 6, 13, 25]
[1, 2, 7, 9]
[1, 4, 6, 28]
[2, 3, 5, 20]
[2, 4, 6, 11, 20]
[1, 4, 7, 8]
[1, 3, 8, 9, 16]
[1, 2, 10, 11, 12]
[1, 5, 6, 12, 19]
[1, 3, 7, 11, 20]
[3, 4, 5, 15]
[16, 17, 18, 19, 20, 21, 22, 23, 24, 25, 26, 27, 28]


6
process id 4
stats
5, 15, 7, 100, 1000
20220816-211938
loosing coalitions taken
[1, 3, 8, 9, 20]
[3, 4, 5, 16]
[1, 5, 6, 9, 24]
[1, 3, 7, 15, 19]
[1, 2, 8, 10, 19]
[2, 3, 6, 10]
[1, 4, 8, 11, 13]
[1, 4, 6, 28]
[2, 3, 5, 21]
[1, 2, 7, 11, 23]
[3, 4, 6, 11, 20]
[2, 4, 6, 15, 17]
[2, 4, 5, 18, 28]
[1, 2, 9, 12, 14]
[16, 17, 18, 19, 20, 21, 22, 23, 24, 25, 26, 27, 28]


6
process id 7
stats
5, 15, 7, 100, 1000
20220816-211941
loosing coalitions taken
[1, 2, 7, 17, 18]
[2, 3, 5, 23]
[1, 2, 9, 11, 13]
[1, 5, 6, 14, 22]
[3, 4, 6, 12, 20]
[2, 4, 6, 9, 24]
[1, 3, 7, 15, 20]
[1, 4, 7, 12, 16]
[2, 4, 5, 18]
[1, 4, 6, 26]
[3, 4, 5, 14, 28]
[2, 3, 6, 11]
[1, 4, 8, 10, 15]
[1, 3, 9, 10, 12]
[16, 17, 18, 19, 20, 21, 22, 23, 24, 25, 26, 27, 28]


6
process id 5
stats
5, 15, 7, 100, 1000
20220816-211941
loosing coalitions taken
[1, 2, 9, 12, 14]
[1, 3, 7, 13, 21]
[1, 4, 7, 8, 26]
[2, 3, 6, 11]
[1, 5, 6, 14, 22]
[1, 3, 8, 9, 20]
[1, 4, 6, 28]
[3, 4, 5, 15]
[2, 3, 5, 22, 26]
[2, 4, 6, 12, 22]
[2, 4, 5, 17]
[1, 2, 7, 16, 19]
[3, 4, 6, 10, 20]
[1, 2, 8, 13, 17]
[16, 17, 18, 19, 20, 21, 22, 23, 24, 25, 26, 27, 28]


6
process id 4
stats
5, 15, 7, 100, 1000
20220816-211942
loosing coalitions taken
[1, 4, 8, 9, 14]
[1, 2, 7, 12, 23]
[3, 4, 5, 15]
[1, 3, 7, 11, 21]
[1, 5, 6, 11, 25]
[1, 2, 8, 15, 16]
[1, 3, 8, 12, 18]
[2, 3, 6, 12]
[2, 4, 6, 11, 22]
[2, 3, 5, 21, 26]
[2, 4, 5, 17]
[1, 4, 7, 13, 16]
[1, 4, 6, 28]
[3, 4, 6, 8, 27]
[16, 17, 18, 19, 20, 21, 22, 23, 24, 25, 26, 27, 28]


6
process id 0
stats
5, 15, 7, 100, 1000
20220816-211942
loosing coalitions taken
[1, 3, 8, 9, 20]
[1, 2, 7, 16, 20]
[1, 4, 8, 11, 13]
[1, 3, 7, 14, 18]
[2, 4, 5, 19]
[1, 2, 9, 10, 14]
[1, 5, 6, 9, 26]
[2, 3, 6, 9]
[3, 4, 6, 10, 18]
[1, 4, 6, 28]
[2, 4, 6, 8]
[2, 3, 5, 24, 26]
[3, 4, 5, 15]
[1, 4, 7, 10, 17]
[16, 17, 18, 19, 20, 21, 22, 23, 24, 25, 26, 27, 28]


5
process id 5
stats
5, 15, 7, 100, 1000
20220816-211944
loosing coalitions taken
[1, 3, 8, 12, 17]
[1, 4, 7, 8]
[3, 4, 6, 12, 18]
[1, 2, 10, 12, 13]
[1, 5, 6, 10, 24]
[2, 4, 6, 11, 19]
[1, 2, 8, 11, 20]
[2, 4, 5, 20, 21]
[2, 3, 5, 24]
[3, 4, 5, 13, 28]
[2, 3, 6, 14]
[1, 4, 6, 26]
[1, 3, 7, 10, 23]
[3, 5, 6, 7, 15]
[16, 17, 18, 19, 20, 21, 22, 23, 24, 25, 26, 27, 28]


6
process id 1
stats
5, 15, 7, 100, 1000
20220816-211947
loosing coalitions taken
[3, 4, 5, 18, 26]
[1, 4, 7, 9, 17]
[1, 5, 6, 9, 24]
[1, 3, 8, 11, 16]
[2, 3, 6, 12]
[1, 2, 7, 11, 27]
[2, 4, 5, 20]
[1, 2, 8, 14, 19]
[1, 4, 8, 12, 13]
[1, 4, 6, 23]
[3, 4, 6, 8]
[1, 3, 7, 15, 20]
[2, 3, 5, 22, 24]
[2, 4, 6, 10, 17]
[16, 17, 18, 19, 20, 21, 22, 23, 24, 25, 26, 27, 28]


6
process id 6
stats
5, 15, 7, 100, 1000
20220816-211947
loosing coalitions taken
[1, 2, 8, 10, 18]
[2, 3, 6, 14]
[1, 2, 9, 11, 13]
[1, 2, 7, 12, 25]
[1, 3, 7, 10, 21]
[2, 4, 5, 16]
[1, 5, 6, 9, 24]
[2, 3, 5, 23]
[3, 4, 6, 12, 16]
[2, 4, 6, 10, 22]
[1, 4, 6, 27]
[1, 3, 8, 15, 16]
[1, 4, 7, 8]
[3, 4, 5, 19, 24]
[16, 17, 18, 19, 20, 21, 22, 23, 24, 25, 26, 27, 28]


6
process id 5
stats
5, 15, 7, 100, 1000
20220816-211948
loosing coalitions taken
[3, 4, 6, 10, 19]
[2, 3, 6, 11]
[1, 5, 6, 10, 22]
[1, 2, 9, 10, 13]
[1, 3, 7, 12, 21]
[3, 4, 5, 16]
[1, 2, 7, 15, 22]
[1, 2, 8, 11, 20]
[2, 3, 5, 19]
[1, 4, 7, 8]
[2, 4, 5, 21, 28]
[1, 3, 8, 14, 15]
[2, 4, 6, 8]
[1, 4, 6, 25]
[16, 17, 18, 19, 20, 21, 22, 23, 24, 25, 26, 27, 28]


6
process id 0
stats
5, 15, 7, 100, 1000
20220816-211948
loosing coalitions taken
[1, 2, 8, 11, 17]
[1, 3, 7, 12, 22]
[1, 4, 8, 9, 13]
[2, 4, 5, 17]
[1, 2, 7, 15, 18]
[2, 3, 6, 10]
[1, 2, 9, 12, 14]
[1, 5, 6, 15, 21]
[2, 4, 6, 9, 25]
[2, 3, 5, 20]
[1, 4, 7, 10, 14]
[3, 4, 5, 16]
[1, 4, 6, 26]
[1, 3, 9, 10, 11]
[16, 17, 18, 19, 20, 21, 22, 23, 24, 25, 26, 27, 28]


6
process id 2
stats
5, 15, 7, 100, 1000
20220816-211949
loosing coalitions taken
[2, 4, 5, 19, 26]
[1, 2, 10, 11, 12]
[1, 2, 8, 13, 19]
[1, 2, 7, 9]
[2, 3, 6, 15, 25]
[3, 4, 5, 18, 24]
[1, 3, 8, 14, 16]
[2, 3, 5, 22]
[1, 3, 7, 15, 21]
[1, 4, 6, 23]
[2, 4, 6, 14, 20]
[1, 4, 7, 8]
[1, 5, 6, 16, 20]
[3, 4, 6, 8, 26]
[16, 17, 18, 19, 20, 21, 22, 23, 24, 25, 26, 27, 28]


5
process id 1
stats
5, 15, 7, 100, 1000
20220816-211951
loosing coalitions taken
[2, 3, 6, 9]
[1, 4, 7, 11, 15]
[1, 4, 8, 12, 14]
[1, 3, 8, 11, 18]
[2, 4, 5, 16]
[1, 5, 6, 14, 18]
[1, 2, 7, 10, 26]
[1, 3, 7, 12, 22]
[1, 2, 8, 15, 17]
[3, 4, 5, 20, 24]
[2, 4, 6, 11, 22]
[1, 4, 6, 28]
[1, 2, 9, 11, 14]
[2, 3, 5, 22]
[16, 17, 18, 19, 20, 21, 22, 23, 24, 25, 26, 27, 28]


6
process id 2
stats
5, 15, 7, 100, 1000
20220816-211952
loosing coalitions taken
[1, 3, 8, 14, 15]
[3, 4, 5, 16]
[2, 3, 6, 11]
[1, 2, 10, 12, 13]
[1, 5, 6, 15, 19]
[1, 2, 8, 9, 20]
[1, 4, 7, 8, 23]
[1, 2, 7, 16, 17]
[3, 4, 6, 8]
[2, 3, 5, 21]
[2, 4, 5, 20]
[1, 4, 6, 28]
[2, 4, 6, 9, 25]
[1, 3, 7, 12, 20]
[16, 17, 18, 19, 20, 21, 22, 23, 24, 25, 26, 27, 28]


6
process id 3
stats
5, 15, 7, 100, 1000
20220816-211952
loosing coalitions taken
[1, 3, 8, 9, 19]
[1, 2, 8, 14, 17]
[2, 3, 5, 25, 27]
[2, 4, 5, 18]
[2, 3, 6, 14]
[1, 2, 10, 12, 13]
[1, 2, 7, 9]
[1, 5, 6, 15, 21]
[1, 4, 6, 24]
[3, 4, 6, 12, 20]
[2, 4, 6, 10, 19]
[1, 3, 7, 13, 22]
[1, 4, 7, 8, 27]
[3, 4, 5, 15]
[16, 17, 18, 19, 20, 21, 22, 23, 24, 25, 26, 27, 28]


6
process id 5
stats
5, 15, 7, 100, 1000
20220816-211953
loosing coalitions taken
[1, 2, 7, 9]
[2, 3, 6, 10]
[2, 4, 5, 18, 27]
[1, 4, 6, 27]
[1, 4, 7, 10, 14]
[3, 4, 5, 11]
[2, 3, 5, 24]
[1, 5, 6, 13, 24]
[1, 2, 8, 13, 19]
[2, 4, 6, 8]
[1, 3, 8, 9, 16]
[1, 2, 10, 11, 12]
[1, 3, 7, 13, 20]
[3, 4, 6, 14, 16]
[16, 17, 18, 19, 20, 21, 22, 23, 24, 25, 26, 27, 28]


6
process id 4
stats
5, 15, 7, 100, 1000
20220816-211954
loosing coalitions taken
[1, 5, 6, 16, 19]
[2, 3, 6, 17, 21]
[1, 3, 7, 15, 20]
[1, 4, 7, 9, 19]
[1, 2, 9, 11, 14]
[1, 2, 8, 12, 20]
[1, 2, 7, 10, 25]
[1, 4, 6, 28]
[2, 3, 5, 23]
[3, 4, 5, 13]
[2, 4, 6, 8]
[2, 4, 5, 20, 27]
[1, 3, 8, 10, 16]
[3, 4, 6, 11, 18]
[16, 17, 18, 19, 20, 21, 22, 23, 24, 25, 26, 27, 28]


5
process id 3
stats
5, 15, 7, 100, 1000
20220816-211954
loosing coalitions taken
[2, 4, 5, 20]
[1, 2, 7, 9]
[1, 5, 6, 14, 22]
[2, 3, 6, 13, 26]
[1, 3, 8, 10, 18]
[3, 4, 5, 15]
[2, 4, 6, 8]
[1, 4, 6, 25]
[2, 3, 5, 21]
[3, 4, 6, 11, 21]
[1, 3, 7, 12, 19]
[1, 4, 7, 10, 17]
[1, 2, 8, 12, 17]
[1, 4, 8, 9, 14]
[16, 17, 18, 19, 20, 21, 22, 23, 24, 25, 26, 27, 28]


5
process id 1
stats
5, 15, 7, 100, 1000
20220816-211954
loosing coalitions taken
[1, 3, 7, 13, 22]
[1, 3, 8, 12, 18]
[1, 4, 7, 8]
[1, 5, 6, 9, 25]
[1, 2, 9, 10, 13]
[2, 4, 6, 13, 20]
[3, 4, 5, 15]
[1, 4, 6, 26]
[2, 3, 6, 9, 23]
[3, 4, 6, 10, 18]
[1, 2, 8, 14, 15]
[2, 3, 5, 18]
[1, 2, 7, 16, 19]
[2, 4, 5, 19, 23]
[16, 17, 18, 19, 20, 21, 22, 23, 24, 25, 26, 27, 28]


6
process id 7
stats
5, 15, 7, 100, 1000
20220816-211955
loosing coalitions taken
[2, 3, 6, 11, 26]
[3, 4, 5, 15]
[1, 2, 10, 11, 12]
[1, 3, 8, 12, 16]
[2, 4, 6, 14, 21]
[1, 4, 6, 27]
[1, 2, 8, 9, 17]
[1, 2, 7, 15, 18]
[1, 4, 7, 8, 25]
[2, 4, 5, 16, 27]
[3, 4, 6, 10, 16]
[2, 3, 5, 21]
[1, 3, 7, 13, 21]
[1, 5, 6, 13, 22]
[16, 17, 18, 19, 20, 21, 22, 23, 24, 25, 26, 27, 28]


6
process id 5
stats
5, 15, 7, 100, 1000
20220816-211956
loosing coalitions taken
[1, 3, 8, 10, 17]
[1, 2, 8, 12, 20]
[1, 5, 6, 15, 21]
[2, 4, 5, 18]
[2, 3, 6, 11]
[1, 4, 8, 9, 13]
[1, 4, 6, 25]
[3, 4, 6, 12, 19]
[2, 3, 5, 20]
[3, 4, 5, 13]
[1, 4, 7, 12, 14]
[1, 3, 7, 16, 18]
[1, 2, 7, 9]
[2, 4, 6, 10, 24]
[16, 17, 18, 19, 20, 21, 22, 23, 24, 25, 26, 27, 28]


6
process id 2
stats
5, 15, 7, 100, 1000
20220816-211956
loosing coalitions taken
[1, 3, 8, 10, 18]
[1, 2, 7, 12, 26]
[2, 3, 5, 24]
[1, 2, 10, 11, 13]
[3, 4, 6, 11, 20]
[2, 4, 6, 14, 22]
[1, 2, 8, 9, 22]
[1, 3, 7, 14, 21]
[2, 4, 5, 16, 28]
[3, 4, 5, 15, 26]
[1, 4, 7, 11, 15]
[1, 4, 6, 23]
[1, 5, 6, 13, 20]
[2, 3, 6, 9, 28]
[16, 17, 18, 19, 20, 21, 22, 23, 24, 25, 26, 27, 28]


6
process id 7
stats
5, 15, 7, 100, 1000
20220816-211957
loosing coalitions taken
[3, 4, 5, 18, 26]
[1, 2, 7, 9]
[1, 5, 6, 15, 21]
[2, 3, 6, 12]
[1, 4, 8, 11, 14]
[2, 4, 5, 17]
[1, 3, 8, 13, 16]
[2, 3, 5, 23]
[3, 4, 6, 10, 21]
[1, 4, 6, 26]
[1, 3, 7, 11, 18]
[2, 4, 6, 14, 19]
[1, 4, 7, 12, 16]
[1, 2, 8, 10, 20]
[16, 17, 18, 19, 20, 21, 22, 23, 24, 25, 26, 27, 28]


6
process id 6
stats
5, 15, 7, 100, 1000
20220816-211958
loosing coalitions taken
[1, 2, 7, 11, 24]
[1, 4, 7, 8]
[3, 4, 6, 13, 20]
[1, 3, 9, 10, 12]
[2, 3, 6, 14]
[1, 5, 6, 9, 25]
[2, 3, 5, 21, 26]
[3, 4, 5, 15]
[2, 4, 6, 11, 19]
[1, 3, 8, 11, 17]
[2, 4, 5, 18]
[1, 4, 6, 23]
[1, 3, 7, 14, 16]
[1, 2, 8, 14, 18]
[16, 17, 18, 19, 20, 21, 22, 23, 24, 25, 26, 27, 28]


6
process id 5
stats
5, 15, 7, 100, 1000
20220816-211958
loosing coalitions taken
[1, 2, 7, 9]
[1, 5, 6, 16, 20]
[3, 4, 6, 12, 21]
[1, 3, 8, 10, 15]
[2, 3, 6, 13]
[1, 4, 6, 28]
[1, 4, 7, 13, 14]
[2, 4, 5, 16]
[3, 4, 5, 17, 20]
[2, 3, 5, 23, 25]
[2, 4, 6, 11, 18]
[1, 2, 10, 12, 14]
[1, 2, 8, 13, 18]
[1, 3, 7, 12, 19]
[16, 17, 18, 19, 20, 21, 22, 23, 24, 25, 26, 27, 28]


5
process id 2
stats
5, 15, 7, 100, 1000
20220816-211958
loosing coalitions taken
[1, 2, 8, 10, 18]
[2, 4, 6, 10, 21]
[1, 4, 7, 12, 16]
[2, 3, 6, 11]
[1, 3, 8, 12, 17]
[1, 5, 6, 9, 22]
[2, 4, 5, 17]
[3, 4, 5, 20, 24]
[1, 3, 7, 10, 20]
[3, 4, 6, 8]
[1, 4, 6, 26]
[1, 4, 8, 9, 11]
[2, 3, 5, 25]
[1, 2, 7, 13, 25]
[16, 17, 18, 19, 20, 21, 22, 23, 24, 25, 26, 27, 28]


5
process id 0
stats
5, 15, 7, 100, 1000
20220816-211958
loosing coalitions taken
[1, 2, 7, 12, 24]
[1, 2, 8, 14, 17]
[1, 3, 8, 12, 18]
[1, 3, 7, 13, 20]
[2, 3, 6, 11]
[1, 5, 6, 15, 18]
[1, 2, 9, 10, 13]
[2, 4, 5, 18]
[1, 4, 7, 11, 15]
[2, 3, 5, 20]
[2, 3, 7, 8, 9]
[3, 4, 5, 12]
[1, 4, 6, 28]
[2, 4, 6, 8]
[16, 17, 18, 19, 20, 21, 22, 23, 24, 25, 26, 27, 28]


5
process id 3
stats
5, 15, 7, 100, 1000
20220816-212000
loosing coalitions taken
[1, 3, 8, 9, 20]
[1, 2, 8, 14, 19]
[1, 4, 7, 8]
[1, 5, 6, 15, 17]
[3, 4, 6, 14, 20]
[2, 4, 6, 9, 17]
[1, 2, 9, 10, 11]
[1, 2, 7, 15, 21]
[2, 4, 5, 16]
[1, 4, 6, 25]
[3, 4, 5, 11]
[2, 3, 5, 22]
[2, 3, 6, 15, 26]
[1, 3, 7, 13, 22]
[16, 17, 18, 19, 20, 21, 22, 23, 24, 25, 26, 27, 28]


5
process id 7
stats
5, 15, 7, 100, 1000
20220816-212000
loosing coalitions taken
[1, 2, 7, 16, 21]
[1, 3, 8, 11, 18]
[1, 5, 6, 13, 23]
[3, 4, 6, 9, 21]
[1, 2, 10, 12, 14]
[1, 2, 9, 11, 13]
[2, 4, 5, 21, 27]
[2, 3, 6, 13, 22]
[1, 4, 7, 8]
[3, 4, 5, 20, 23]
[1, 4, 6, 25]
[2, 3, 5, 19]
[2, 4, 6, 8]
[1, 3, 7, 13, 20]
[16, 17, 18, 19, 20, 21, 22, 23, 24, 25, 26, 27, 28]


6
process id 5
stats
5, 15, 7, 100, 1000
20220816-212001
loosing coalitions taken
[1, 2, 9, 10, 11]
[2, 3, 7, 8, 10]
[1, 5, 6, 13, 24]
[1, 2, 7, 12, 26]
[1, 2, 8, 14, 19]
[3, 4, 6, 14, 19]
[1, 3, 8, 11, 16]
[2, 3, 6, 9]
[3, 4, 5, 15, 25]
[2, 4, 5, 17]
[1, 3, 7, 9, 21]
[1, 4, 6, 28]
[2, 3, 5, 22]
[2, 4, 6, 8]
[16, 17, 18, 19, 20, 21, 22, 23, 24, 25, 26, 27, 28]


6
process id 6
stats
5, 15, 7, 100, 1000
20220816-212003
loosing coalitions taken
[1, 4, 8, 9, 15]
[2, 3, 6, 12]
[2, 4, 5, 17]
[1, 2, 7, 13, 25]
[1, 5, 6, 11, 25]
[1, 2, 8, 11, 18]
[1, 2, 9, 10, 14]
[3, 4, 5, 19, 20]
[2, 3, 5, 22]
[1, 4, 6, 23]
[1, 3, 7, 10, 20]
[1, 3, 8, 12, 16]
[2, 4, 6, 8]
[3, 4, 6, 11, 21]
[16, 17, 18, 19, 20, 21, 22, 23, 24, 25, 26, 27, 28]


6
process id 4
stats
5, 15, 7, 100, 1000
20220816-212003
loosing coalitions taken
[1, 2, 7, 11, 26]
[2, 4, 5, 17]
[1, 3, 7, 15, 19]
[2, 3, 6, 12]
[1, 2, 9, 10, 14]
[2, 3, 5, 25, 26]
[1, 4, 6, 24]
[3, 4, 5, 16]
[3, 4, 6, 14, 17]
[1, 5, 6, 11, 21]
[1, 2, 8, 12, 20]
[2, 3, 7, 8, 10]
[2, 4, 6, 11, 18]
[2, 5, 6, 7, 16]
[16, 17, 18, 19, 20, 21, 22, 23, 24, 25, 26, 27, 28]


6
process id 0
stats
5, 15, 7, 100, 1000
20220816-212004
loosing coalitions taken
[2, 3, 6, 9]
[1, 2, 7, 11, 22]
[1, 3, 8, 14, 15]
[1, 2, 8, 13, 17]
[1, 3, 7, 16, 17]
[2, 4, 5, 16]
[3, 4, 5, 17, 23]
[2, 3, 5, 22, 27]
[2, 4, 6, 11, 24]
[1, 4, 6, 28]
[1, 5, 6, 10, 24]
[3, 4, 6, 13, 18]
[1, 3, 9, 10, 12]
[1, 4, 7, 8]
[16, 17, 18, 19, 20, 21, 22, 23, 24, 25, 26, 27, 28]


6
process id 2
stats
5, 15, 7, 100, 1000
20220816-212005
loosing coalitions taken
[3, 4, 6, 9, 22]
[1, 3, 7, 15, 20]
[1, 3, 8, 10, 18]
[2, 3, 6, 11]
[1, 2, 7, 14, 24]
[1, 4, 7, 8, 23]
[1, 2, 8, 13, 20]
[2, 3, 5, 20, 27]
[1, 4, 6, 24]
[1, 5, 6, 11, 17]
[3, 4, 5, 13]
[2, 4, 5, 15]
[2, 4, 6, 8]
[1, 2, 10, 11, 12]
[16, 17, 18, 19, 20, 21, 22, 23, 24, 25, 26, 27, 28]


6
process id 1
stats
5, 15, 7, 100, 1000
20220816-212005
loosing coalitions taken
[1, 2, 9, 12, 13]
[1, 3, 9, 10, 11]
[3, 4, 6, 11, 20]
[2, 4, 6, 9, 22]
[1, 2, 7, 17, 19]
[1, 5, 6, 10, 23]
[1, 2, 8, 10, 18]
[1, 3, 8, 13, 16]
[2, 3, 6, 10]
[3, 4, 5, 15]
[1, 4, 8, 9, 14]
[1, 4, 7, 11, 16]
[1, 4, 6, 26]
[1, 3, 7, 12, 18]
[16, 17, 18, 19, 20, 21, 22, 23, 24, 25, 26, 27, 28]


6
process id 5
stats
5, 15, 7, 100, 1000
20220816-212006
loosing coalitions taken
[1, 3, 8, 9, 19]
[1, 2, 7, 15, 22]
[2, 3, 6, 12]
[3, 4, 5, 16, 28]
[2, 4, 5, 20]
[1, 4, 7, 8]
[3, 4, 6, 13, 17]
[2, 4, 6, 8]
[1, 2, 8, 14, 16]
[2, 3, 5, 19]
[1, 4, 6, 26]
[1, 3, 7, 12, 20]
[1, 5, 6, 11, 25]
[1, 2, 9, 10, 11]
[16, 17, 18, 19, 20, 21, 22, 23, 24, 25, 26, 27, 28]


6
process id 6
stats
5, 15, 7, 100, 1000
20220816-212006
loosing coalitions taken
[1, 2, 10, 11, 12]
[2, 4, 6, 15, 21]
[2, 4, 5, 18, 27]
[1, 5, 6, 13, 24]
[3, 4, 5, 16]
[1, 2, 7, 14, 24]
[1, 4, 8, 9, 14]
[1, 4, 6, 26]
[1, 3, 8, 11, 15]
[2, 3, 5, 22]
[1, 4, 7, 11, 16]
[2, 3, 6, 10]
[1, 3, 7, 12, 17]
[3, 4, 6, 13, 17]
[16, 17, 18, 19, 20, 21, 22, 23, 24, 25, 26, 27, 28]


