Results
15
0.64
0.642

5
process id 0
stats
5, 15, 7, 100, 1000
20220816-212011
loosing coalitions taken
[1, 3, 8, 10, 19]
[1, 2, 8, 9, 22]
[1, 4, 7, 8]
[3, 4, 6, 13, 19]
[1, 5, 6, 11, 24]
[3, 4, 5, 15]
[2, 3, 6, 11, 26]
[1, 2, 10, 11, 14]
[2, 3, 5, 25]
[2, 4, 5, 18]
[1, 2, 7, 12, 20]
[1, 4, 6, 26]
[2, 4, 6, 15, 21]
[1, 3, 7, 11, 17]
[16, 17, 18, 19, 20, 21, 22, 23, 24, 25, 26, 27, 28]


5
process id 4
stats
5, 15, 7, 100, 1000
20220816-212013
loosing coalitions taken
[2, 3, 6, 9]
[1, 5, 6, 13, 22]
[2, 4, 5, 20]
[1, 3, 7, 15, 18]
[1, 2, 8, 12, 19]
[1, 3, 8, 11, 17]
[3, 4, 5, 16, 24]
[2, 3, 5, 21]
[3, 4, 6, 13, 17]
[1, 2, 7, 9]
[1, 4, 6, 25]
[1, 4, 7, 8]
[2, 4, 6, 10, 24]
[1, 2, 10, 11, 13]
[16, 17, 18, 19, 20, 21, 22, 23, 24, 25, 26, 27, 28]


6
process id 1
stats
5, 15, 7, 100, 1000
20220816-212013
loosing coalitions taken
[3, 4, 5, 16]
[1, 3, 8, 11, 18]
[1, 2, 8, 12, 20]
[1, 4, 7, 8]
[1, 2, 9, 10, 13]
[2, 4, 6, 13, 21]
[2, 3, 6, 10]
[1, 4, 6, 25]
[2, 3, 5, 24]
[2, 4, 5, 17]
[1, 5, 6, 11, 22]
[1, 2, 7, 15, 18]
[1, 3, 7, 14, 21]
[3, 4, 6, 9, 18]
[16, 17, 18, 19, 20, 21, 22, 23, 24, 25, 26, 27, 28]


5
process id 3
stats
5, 15, 7, 100, 1000
20220816-212014
loosing coalitions taken
[1, 2, 10, 12, 13]
[1, 3, 7, 14, 18]
[1, 2, 7, 11, 22]
[1, 5, 6, 15, 19]
[2, 3, 6, 15, 27]
[2, 3, 5, 23]
[1, 4, 6, 26]
[1, 3, 8, 12, 15]
[2, 4, 5, 16]
[2, 4, 6, 12, 18]
[3, 4, 6, 10, 17]
[1, 4, 7, 8]
[1, 2, 8, 9, 21]
[3, 4, 5, 14]
[16, 17, 18, 19, 20, 21, 22, 23, 24, 25, 26, 27, 28]


6
process id 0
stats
5, 15, 7, 100, 1000
20220816-212015
loosing coalitions taken
[1, 3, 8, 11, 16]
[3, 4, 5, 17, 24]
[1, 2, 10, 11, 13]
[1, 2, 7, 12, 26]
[1, 3, 7, 14, 21]
[2, 4, 5, 18]
[1, 4, 8, 9, 10]
[1, 4, 6, 26]
[2, 3, 5, 23, 27]
[2, 4, 6, 14, 20]
[2, 3, 6, 12]
[1, 5, 6, 16, 20]
[3, 4, 6, 11, 19]
[2, 3, 7, 8, 10]
[16, 17, 18, 19, 20, 21, 22, 23, 24, 25, 26, 27, 28]


5
process id 5
stats
5, 15, 7, 100, 1000
20220816-212016
loosing coalitions taken
[1, 4, 7, 9, 18]
[1, 2, 7, 13, 24]
[1, 4, 8, 10, 15]
[1, 2, 9, 10, 11]
[1, 2, 8, 12, 19]
[1, 3, 7, 12, 21]
[2, 4, 5, 17]
[2, 3, 6, 18, 20]
[3, 4, 6, 8]
[3, 4, 5, 14]
[2, 3, 5, 24]
[1, 5, 6, 12, 23]
[1, 4, 6, 27]
[2, 4, 6, 11, 19]
[16, 17, 18, 19, 20, 21, 22, 23, 24, 25, 26, 27, 28]


5
process id 4
stats
5, 15, 7, 100, 1000
20220816-212016
loosing coalitions taken
[1, 5, 6, 9, 24]
[1, 2, 9, 12, 14]
[1, 3, 7, 10, 24]
[2, 4, 6, 9, 22]
[1, 2, 8, 10, 20]
[1, 4, 7, 8]
[2, 4, 5, 20, 25]
[2, 3, 5, 23]
[3, 4, 5, 17, 24]
[1, 4, 6, 28]
[2, 3, 6, 12]
[3, 4, 6, 10, 20]
[1, 2, 7, 15, 19]
[1, 3, 8, 13, 16]
[16, 17, 18, 19, 20, 21, 22, 23, 24, 25, 26, 27, 28]


5
process id 6
stats
5, 15, 7, 100, 1000
20220816-212016
loosing coalitions taken
[2, 3, 5, 25]
[1, 2, 8, 14, 20]
[1, 3, 9, 10, 11]
[2, 4, 6, 13, 22]
[3, 4, 6, 12, 21]
[1, 3, 8, 15, 16]
[1, 3, 7, 13, 19]
[1, 2, 7, 11, 27]
[2, 4, 5, 16]
[1, 5, 6, 14, 21]
[1, 4, 7, 8]
[1, 4, 6, 26]
[3, 4, 5, 14]
[2, 3, 6, 11, 28]
[16, 17, 18, 19, 20, 21, 22, 23, 24, 25, 26, 27, 28]


6
process id 2
stats
5, 15, 7, 100, 1000
20220816-212016
loosing coalitions taken
[2, 4, 5, 20]
[1, 4, 8, 12, 14]
[1, 3, 8, 11, 18]
[1, 2, 7, 11, 24]
[1, 5, 6, 16, 19]
[1, 3, 7, 10, 22]
[1, 2, 9, 12, 13]
[2, 3, 6, 13]
[1, 4, 6, 28]
[2, 3, 5, 22]
[2, 4, 6, 9, 23]
[3, 4, 5, 14]
[3, 4, 6, 8]
[1, 4, 7, 9, 18]
[16, 17, 18, 19, 20, 21, 22, 23, 24, 25, 26, 27, 28]


6
process id 3
stats
5, 15, 7, 100, 1000
20220816-212017
loosing coalitions taken
[2, 3, 5, 25]
[3, 4, 6, 14, 18]
[1, 3, 9, 10, 12]
[1, 3, 7, 13, 21]
[1, 4, 8, 9, 14]
[1, 4, 7, 10, 17]
[1, 4, 6, 26]
[1, 2, 10, 11, 13]
[1, 5, 6, 9, 24]
[2, 3, 6, 13]
[2, 4, 5, 18]
[3, 4, 5, 15, 26]
[2, 4, 6, 15, 19]
[1, 2, 7, 16, 19]
[16, 17, 18, 19, 20, 21, 22, 23, 24, 25, 26, 27, 28]


6
process id 7
stats
5, 15, 7, 100, 1000
20220816-212018
loosing coalitions taken
[3, 4, 5, 20, 23]
[1, 5, 6, 12, 23]
[2, 3, 5, 25, 28]
[1, 2, 8, 11, 21]
[1, 3, 8, 9, 20]
[1, 2, 9, 12, 14]
[2, 4, 6, 14, 22]
[2, 3, 6, 17, 21]
[3, 4, 6, 9, 18]
[1, 4, 6, 27]
[1, 4, 7, 10, 17]
[2, 4, 5, 15]
[3, 5, 6, 7, 13]
[1, 3, 7, 12, 19]
[16, 17, 18, 19, 20, 21, 22, 23, 24, 25, 26, 27, 28]


6
process id 6
stats
5, 15, 7, 100, 1000
20220816-212020
loosing coalitions taken
[1, 3, 8, 14, 16]
[1, 2, 9, 10, 13]
[2, 4, 6, 12, 21]
[1, 2, 7, 15, 22]
[3, 4, 6, 11, 17]
[1, 5, 6, 12, 24]
[2, 3, 5, 24]
[1, 2, 8, 12, 18]
[3, 4, 5, 19, 23]
[1, 3, 7, 13, 17]
[2, 4, 5, 15]
[1, 4, 6, 28]
[2, 3, 6, 13, 22]
[1, 4, 7, 10, 19]
[16, 17, 18, 19, 20, 21, 22, 23, 24, 25, 26, 27, 28]


5
process id 4
stats
5, 15, 7, 100, 1000
20220816-212021
loosing coalitions taken
[1, 5, 6, 15, 20]
[1, 3, 8, 9, 18]
[1, 4, 7, 8]
[2, 4, 5, 17]
[1, 2, 10, 11, 13]
[1, 2, 9, 12, 14]
[3, 4, 6, 9, 20]
[2, 3, 6, 10]
[3, 4, 5, 14]
[2, 3, 5, 24]
[1, 4, 6, 27]
[1, 3, 7, 13, 20]
[1, 2, 7, 16, 17]
[2, 4, 6, 13, 18]
[16, 17, 18, 19, 20, 21, 22, 23, 24, 25, 26, 27, 28]


6
process id 5
stats
5, 15, 7, 100, 1000
20220816-212021
loosing coalitions taken
[1, 4, 7, 10, 17]
[1, 5, 6, 15, 20]
[1, 3, 7, 14, 22]
[2, 3, 7, 8, 10]
[1, 3, 8, 9, 19]
[2, 3, 6, 9]
[3, 4, 5, 15]
[1, 2, 10, 11, 12]
[1, 2, 7, 16, 18]
[1, 4, 6, 28]
[2, 4, 6, 16, 17]
[2, 3, 5, 25]
[2, 4, 5, 19]
[3, 4, 6, 11, 18]
[16, 17, 18, 19, 20, 21, 22, 23, 24, 25, 26, 27, 28]


6
process id 0
stats
5, 15, 7, 100, 1000
20220816-212023
loosing coalitions taken
[2, 3, 5, 24]
[1, 4, 8, 10, 11]
[1, 3, 8, 14, 15]
[1, 3, 7, 9, 23]
[1, 5, 6, 14, 22]
[1, 2, 7, 16, 18]
[1, 4, 6, 28]
[2, 3, 6, 12]
[3, 4, 6, 15, 17]
[2, 4, 5, 16]
[3, 4, 5, 18, 27]
[2, 4, 6, 9, 24]
[1, 4, 7, 13, 14]
[1, 2, 8, 13, 20]
[16, 17, 18, 19, 20, 21, 22, 23, 24, 25, 26, 27, 28]


6
process id 6
stats
5, 15, 7, 100, 1000
20220816-212023
loosing coalitions taken
[1, 4, 7, 10, 17]
[2, 4, 6, 16, 19]
[1, 3, 9, 10, 11]
[2, 3, 6, 9]
[3, 4, 5, 15]
[1, 2, 7, 16, 21]
[1, 3, 8, 12, 17]
[1, 3, 7, 14, 22]
[1, 2, 8, 14, 18]
[2, 3, 5, 23]
[2, 4, 5, 20]
[1, 4, 6, 25]
[1, 5, 6, 13, 17]
[3, 4, 6, 8]
[16, 17, 18, 19, 20, 21, 22, 23, 24, 25, 26, 27, 28]


6
process id 3
stats
5, 15, 7, 100, 1000
20220816-212023
loosing coalitions taken
[1, 2, 7, 15, 22]
[2, 3, 6, 9]
[2, 4, 5, 18]
[1, 3, 8, 11, 19]
[1, 2, 10, 11, 13]
[1, 2, 8, 12, 16]
[2, 4, 6, 12, 22]
[1, 3, 7, 10, 20]
[3, 4, 5, 14]
[1, 5, 6, 10, 23]
[3, 4, 6, 8]
[2, 3, 5, 20]
[1, 4, 7, 11, 17]
[1, 4, 6, 28]
[16, 17, 18, 19, 20, 21, 22, 23, 24, 25, 26, 27, 28]


5
process id 0
stats
5, 15, 7, 100, 1000
20220816-212025
loosing coalitions taken
[1, 2, 7, 12, 24]
[1, 2, 8, 11, 19]
[1, 3, 8, 10, 18]
[2, 3, 6, 15, 25]
[3, 4, 5, 15]
[1, 3, 7, 9, 20]
[2, 3, 5, 23]
[1, 4, 7, 11, 16]
[1, 4, 6, 25]
[1, 5, 6, 10, 24]
[2, 4, 5, 16]
[1, 2, 9, 10, 14]
[1, 4, 8, 13, 14]
[3, 4, 6, 8]
[16, 17, 18, 19, 20, 21, 22, 23, 24, 25, 26, 27, 28]


6
process id 2
stats
5, 15, 7, 100, 1000
20220816-212025
loosing coalitions taken
[2, 3, 6, 12]
[1, 2, 7, 14, 21]
[1, 5, 6, 10, 23]
[1, 4, 7, 12, 15]
[2, 4, 5, 17]
[1, 3, 7, 13, 19]
[1, 3, 8, 9, 20]
[2, 4, 6, 9, 23]
[2, 3, 5, 25]
[3, 4, 6, 8]
[1, 2, 8, 12, 19]
[1, 4, 8, 10, 13]
[1, 4, 6, 26]
[3, 4, 5, 16, 26]
[16, 17, 18, 19, 20, 21, 22, 23, 24, 25, 26, 27, 28]


6
process id 5
stats
5, 15, 7, 100, 1000
20220816-212026
loosing coalitions taken
[1, 2, 7, 9]
[2, 3, 6, 13]
[1, 3, 8, 14, 16]
[1, 4, 6, 27]
[2, 4, 5, 15]
[2, 4, 6, 10, 23]
[3, 4, 5, 16]
[2, 3, 5, 23]
[1, 2, 10, 11, 12]
[1, 3, 7, 12, 22]
[1, 2, 8, 13, 18]
[3, 4, 6, 8, 26]
[1, 5, 6, 12, 23]
[1, 4, 7, 10, 16]
[16, 17, 18, 19, 20, 21, 22, 23, 24, 25, 26, 27, 28]


6
process id 4
stats
5, 15, 7, 100, 1000
20220816-212026
loosing coalitions taken
[2, 4, 6, 16, 18]
[1, 3, 7, 13, 22]
[1, 4, 7, 8, 26]
[2, 4, 5, 19, 27]
[1, 2, 7, 16, 20]
[3, 4, 5, 15]
[1, 2, 8, 14, 18]
[2, 3, 6, 10]
[1, 4, 6, 28]
[2, 3, 5, 20]
[1, 5, 6, 9, 20]
[3, 4, 6, 8]
[1, 2, 10, 11, 13]
[1, 3, 8, 12, 17]
[16, 17, 18, 19, 20, 21, 22, 23, 24, 25, 26, 27, 28]


6
process id 7
stats
5, 15, 7, 100, 1000
20220816-212026
loosing coalitions taken
[2, 4, 5, 20, 26]
[3, 4, 6, 14, 18]
[2, 3, 5, 24]
[1, 5, 6, 10, 25]
[1, 3, 7, 16, 18]
[1, 2, 10, 12, 13]
[1, 4, 7, 12, 15]
[1, 3, 9, 10, 11]
[2, 4, 6, 12, 22]
[1, 4, 6, 28]
[2, 3, 6, 10]
[3, 4, 5, 13]
[1, 3, 8, 14, 15]
[1, 2, 8, 11, 17]
[16, 17, 18, 19, 20, 21, 22, 23, 24, 25, 26, 27, 28]


6
process id 2
stats
5, 15, 7, 100, 1000
20220816-212028
loosing coalitions taken
[2, 4, 5, 20]
[3, 4, 6, 14, 17]
[1, 2, 8, 11, 21]
[1, 2, 7, 13, 24]
[1, 4, 7, 8]
[1, 2, 9, 10, 12]
[2, 3, 6, 12]
[2, 3, 5, 22]
[3, 4, 5, 16]
[1, 3, 8, 10, 18]
[2, 4, 6, 15, 19]
[1, 4, 6, 25]
[1, 5, 6, 16, 18]
[1, 3, 7, 14, 22]
[16, 17, 18, 19, 20, 21, 22, 23, 24, 25, 26, 27, 28]


5
process id 5
stats
5, 15, 7, 100, 1000
20220816-212028
loosing coalitions taken
[1, 2, 8, 15, 16]
[3, 4, 5, 15]
[1, 3, 7, 14, 20]
[1, 3, 8, 11, 18]
[1, 4, 8, 13, 14]
[1, 2, 7, 17, 19]
[2, 3, 6, 14]
[2, 3, 5, 20]
[1, 5, 6, 9, 24]
[3, 4, 6, 11, 20]
[1, 4, 6, 26]
[2, 4, 6, 10, 24]
[2, 4, 5, 18, 23]
[1, 2, 9, 10, 14]
[16, 17, 18, 19, 20, 21, 22, 23, 24, 25, 26, 27, 28]


6
process id 3
stats
5, 15, 7, 100, 1000
20220816-212029
loosing coalitions taken
[2, 3, 6, 14, 28]
[2, 4, 5, 18, 27]
[1, 2, 7, 16, 18]
[2, 4, 6, 9, 25]
[1, 5, 6, 15, 17]
[2, 5, 6, 8, 12]
[3, 4, 5, 15]
[1, 2, 10, 12, 14]
[1, 2, 8, 9, 21]
[1, 3, 7, 14, 17]
[1, 3, 8, 12, 18]
[1, 3, 9, 10, 11]
[1, 4, 7, 9, 19]
[1, 4, 6, 27]
[16, 17, 18, 19, 20, 21, 22, 23, 24, 25, 26, 27, 28]


5
process id 4
stats
5, 15, 7, 100, 1000
20220816-212030
loosing coalitions taken
[1, 2, 10, 11, 13]
[1, 5, 6, 10, 23]
[2, 4, 5, 20]
[2, 3, 6, 13]
[1, 3, 7, 15, 17]
[1, 3, 8, 11, 19]
[1, 2, 7, 9]
[3, 4, 5, 16]
[3, 4, 6, 10, 20]
[1, 4, 6, 25]
[1, 2, 8, 15, 16]
[1, 4, 7, 8]
[2, 3, 5, 25]
[2, 4, 6, 16, 18]
[16, 17, 18, 19, 20, 21, 22, 23, 24, 25, 26, 27, 28]


5
process id 7
stats
5, 15, 7, 100, 1000
20220816-212030
loosing coalitions taken
[1, 5, 6, 14, 22]
[3, 4, 6, 10, 20]
[1, 2, 9, 12, 13]
[2, 4, 6, 12, 22]
[2, 3, 6, 11, 28]
[3, 4, 5, 17, 28]
[2, 4, 5, 19]
[2, 3, 7, 8, 9]
[1, 4, 7, 12, 15]
[1, 4, 6, 25]
[1, 3, 7, 16, 19]
[1, 2, 8, 14, 20]
[1, 3, 8, 12, 17]
[1, 2, 7, 10, 23]
[16, 17, 18, 19, 20, 21, 22, 23, 24, 25, 26, 27, 28]


6
process id 1
stats
5, 15, 7, 100, 1000
20220816-212031
loosing coalitions taken
[1, 2, 7, 9]
[2, 3, 6, 14]
[1, 3, 8, 12, 18]
[2, 4, 6, 11, 24]
[2, 3, 5, 21]
[2, 4, 5, 17]
[3, 4, 5, 15]
[1, 3, 7, 11, 20]
[1, 4, 6, 28]
[1, 4, 7, 8, 24]
[3, 4, 6, 10, 21]
[1, 5, 6, 15, 19]
[1, 2, 8, 13, 19]
[1, 2, 10, 12, 14]
[16, 17, 18, 19, 20, 21, 22, 23, 24, 25, 26, 27, 28]


6
process id 4
stats
5, 15, 7, 100, 1000
20220816-212032
loosing coalitions taken
[1, 2, 7, 13, 23]
[2, 3, 6, 11]
[1, 5, 6, 14, 22]
[1, 2, 10, 12, 14]
[1, 4, 8, 10, 13]
[2, 4, 5, 20]
[1, 2, 8, 9, 22]
[3, 4, 5, 17, 25]
[2, 3, 5, 23]
[1, 4, 6, 28]
[1, 4, 7, 11, 16]
[2, 4, 6, 15, 17]
[1, 3, 8, 11, 19]
[1, 3, 7, 14, 20]
[16, 17, 18, 19, 20, 21, 22, 23, 24, 25, 26, 27, 28]


6
process id 0
stats
5, 15, 7, 100, 1000
20220816-212032
loosing coalitions taken
[1, 2, 7, 13, 25]
[1, 5, 6, 11, 25]
[2, 3, 6, 14]
[1, 3, 7, 12, 22]
[3, 4, 5, 17, 24]
[2, 4, 5, 19]
[1, 4, 7, 11, 17]
[1, 2, 8, 12, 20]
[3, 4, 6, 13, 16]
[2, 3, 5, 23, 26]
[2, 4, 6, 9, 21]
[1, 4, 6, 26]
[1, 2, 9, 10, 11]
[2, 3, 7, 8, 10]
[16, 17, 18, 19, 20, 21, 22, 23, 24, 25, 26, 27, 28]


6
process id 5
stats
5, 15, 7, 100, 1000
20220816-212033
loosing coalitions taken
[1, 3, 7, 9, 22]
[1, 2, 7, 11, 24]
[1, 4, 8, 10, 15]
[2, 3, 6, 12]
[2, 4, 5, 19]
[1, 2, 8, 14, 18]
[2, 3, 5, 27, 28]
[1, 5, 6, 12, 19]
[3, 4, 6, 11, 16]
[3, 4, 5, 21, 23]
[2, 4, 6, 10, 22]
[1, 4, 6, 25]
[1, 2, 10, 12, 13]
[1, 3, 8, 12, 17]
[16, 17, 18, 19, 20, 21, 22, 23, 24, 25, 26, 27, 28]


5
process id 1
stats
5, 15, 7, 100, 1000
20220816-212033
loosing coalitions taken
[1, 2, 9, 12, 14]
[1, 2, 10, 11, 13]
[1, 4, 7, 8]
[3, 4, 6, 12, 21]
[2, 4, 6, 10, 23]
[2, 3, 6, 14]
[2, 3, 5, 21]
[3, 4, 5, 16]
[1, 5, 6, 10, 20]
[2, 4, 5, 20]
[1, 3, 7, 15, 18]
[1, 4, 6, 28]
[1, 2, 7, 16, 19]
[1, 3, 8, 9, 19]
[16, 17, 18, 19, 20, 21, 22, 23, 24, 25, 26, 27, 28]


6
process id 2
stats
5, 15, 7, 100, 1000
20220816-212035
loosing coalitions taken
[1, 5, 6, 16, 19]
[3, 4, 5, 16]
[1, 2, 7, 12, 25]
[1, 2, 8, 15, 17]
[1, 3, 8, 9, 19]
[1, 3, 7, 11, 22]
[2, 3, 6, 10]
[2, 3, 5, 21]
[1, 4, 7, 13, 16]
[1, 4, 6, 26]
[2, 4, 5, 19]
[1, 4, 8, 10, 11]
[2, 4, 6, 14, 21]
[1, 2, 9, 11, 14]
[16, 17, 18, 19, 20, 21, 22, 23, 24, 25, 26, 27, 28]


6
process id 4
stats
5, 15, 7, 100, 1000
20220816-212035
loosing coalitions taken
[1, 5, 6, 14, 22]
[1, 4, 8, 9, 15]
[3, 4, 5, 18, 27]
[1, 3, 7, 13, 22]
[2, 4, 5, 20]
[2, 3, 6, 12]
[1, 3, 9, 10, 11]
[1, 2, 7, 14, 23]
[1, 4, 6, 28]
[2, 4, 6, 15, 21]
[2, 3, 7, 8, 9]
[3, 4, 6, 10, 20]
[2, 3, 5, 23, 24]
[1, 3, 8, 12, 17]
[16, 17, 18, 19, 20, 21, 22, 23, 24, 25, 26, 27, 28]


6
process id 5
stats
5, 15, 7, 100, 1000
20220816-212035
loosing coalitions taken
[1, 2, 8, 14, 18]
[1, 3, 8, 9, 19]
[1, 4, 7, 11, 15]
[1, 5, 6, 15, 18]
[2, 3, 6, 14, 26]
[1, 3, 7, 12, 22]
[2, 5, 6, 8, 9]
[2, 4, 5, 21, 28]
[2, 3, 5, 24]
[3, 4, 6, 11, 19]
[2, 4, 6, 12, 23]
[1, 4, 6, 26]
[1, 2, 10, 12, 13]
[1, 2, 7, 9]
[16, 17, 18, 19, 20, 21, 22, 23, 24, 25, 26, 27, 28]


6
process id 6
stats
5, 15, 7, 100, 1000
20220816-212036
loosing coalitions taken
[1, 3, 9, 10, 12]
[1, 2, 8, 9, 22]
[1, 4, 7, 8]
[1, 5, 6, 13, 23]
[3, 4, 5, 18, 22]
[2, 3, 6, 11, 27]
[2, 3, 5, 25]
[1, 2, 7, 17, 19]
[2, 4, 5, 17, 27]
[1, 4, 6, 26]
[3, 4, 6, 9, 21]
[2, 4, 6, 13, 18]
[1, 2, 10, 11, 14]
[1, 3, 7, 11, 21]
[16, 17, 18, 19, 20, 21, 22, 23, 24, 25, 26, 27, 28]


6
process id 3
stats
5, 15, 7, 100, 1000
20220816-212036
loosing coalitions taken
[2, 4, 5, 18]
[1, 3, 7, 15, 18]
[1, 2, 7, 16, 21]
[1, 4, 7, 9, 17]
[2, 3, 7, 8, 10]
[1, 2, 8, 13, 17]
[1, 3, 8, 9, 19]
[2, 3, 6, 13]
[1, 2, 9, 10, 11]
[1, 5, 6, 11, 22]
[1, 4, 6, 25]
[3, 4, 6, 14, 19]
[3, 4, 5, 21, 22]
[2, 3, 5, 20]
[16, 17, 18, 19, 20, 21, 22, 23, 24, 25, 26, 27, 28]


5
process id 4
stats
5, 15, 7, 100, 1000
20220816-212037
loosing coalitions taken
[1, 2, 7, 9]
[2, 4, 6, 15, 20]
[1, 3, 8, 12, 18]
[1, 5, 6, 16, 20]
[3, 4, 6, 8]
[1, 4, 7, 13, 16]
[2, 4, 5, 19]
[3, 4, 5, 15]
[1, 4, 6, 28]
[2, 3, 5, 21]
[1, 3, 7, 10, 19]
[2, 3, 6, 13]
[1, 2, 8, 13, 17]
[1, 4, 8, 10, 11]
[16, 17, 18, 19, 20, 21, 22, 23, 24, 25, 26, 27, 28]


6
process id 1
stats
5, 15, 7, 100, 1000
20220816-212038
loosing coalitions taken
[3, 4, 6, 13, 20]
[1, 2, 9, 11, 13]
[1, 3, 9, 10, 12]
[1, 3, 8, 13, 16]
[1, 4, 8, 11, 14]
[2, 4, 6, 10, 24]
[1, 3, 7, 14, 17]
[1, 2, 8, 12, 21]
[2, 3, 6, 11]
[2, 4, 5, 19, 22]
[3, 4, 5, 18, 25]
[1, 4, 6, 26, 27]
[1, 4, 7, 12, 15]
[1, 5, 6, 16, 19]
[16, 17, 18, 19, 20, 21, 22, 23, 24, 25, 26, 27, 28]


6
process id 7
stats
5, 15, 7, 100, 1000
20220816-212038
loosing coalitions taken
[2, 4, 6, 15, 21]
[1, 5, 6, 10, 24]
[1, 3, 7, 12, 21]
[2, 4, 5, 18]
[2, 3, 6, 9]
[1, 2, 8, 11, 17]
[1, 3, 8, 10, 19]
[1, 2, 7, 16, 20]
[3, 4, 5, 16]
[1, 4, 7, 9, 15]
[2, 3, 5, 20]
[1, 4, 6, 25]
[3, 4, 6, 13, 18]
[1, 2, 10, 12, 14]
[16, 17, 18, 19, 20, 21, 22, 23, 24, 25, 26, 27, 28]


6
process id 5
stats
5, 15, 7, 100, 1000
20220816-212038
loosing coalitions taken
[3, 4, 6, 13, 19]
[1, 3, 9, 10, 12]
[1, 5, 6, 11, 23]
[1, 2, 8, 12, 18]
[1, 4, 7, 10, 18]
[2, 3, 6, 12]
[1, 2, 10, 11, 13]
[2, 4, 5, 20]
[1, 3, 8, 13, 16]
[1, 3, 7, 15, 19]
[2, 3, 5, 25]
[3, 4, 5, 15]
[1, 4, 6, 27]
[1, 2, 7, 9]
[16, 17, 18, 19, 20, 21, 22, 23, 24, 25, 26, 27, 28]


6
process id 0
stats
5, 15, 7, 100, 1000
20220816-212039
loosing coalitions taken
[3, 4, 5, 16, 26]
[1, 3, 7, 15, 19]
[1, 2, 10, 11, 14]
[1, 3, 8, 12, 17]
[2, 3, 5, 24]
[1, 4, 7, 9, 17]
[1, 5, 6, 16, 19]
[1, 2, 8, 9, 21]
[2, 4, 6, 9, 23]
[1, 4, 6, 26]
[2, 4, 5, 15]
[2, 3, 6, 14]
[3, 4, 6, 11, 18]
[1, 2, 7, 12, 20]
[16, 17, 18, 19, 20, 21, 22, 23, 24, 25, 26, 27, 28]


6
process id 3
stats
5, 15, 7, 100, 1000
20220816-212041
loosing coalitions taken
[1, 2, 9, 12, 14]
[1, 5, 6, 12, 23]
[3, 4, 5, 18, 25]
[2, 4, 6, 16, 17]
[2, 4, 5, 20]
[2, 3, 5, 21]
[1, 3, 7, 14, 20]
[1, 2, 7, 10, 24]
[1, 4, 7, 8, 22]
[1, 4, 6, 28]
[2, 3, 6, 9]
[3, 4, 6, 11, 21]
[1, 2, 8, 11, 20]
[1, 3, 8, 9, 15]
[16, 17, 18, 19, 20, 21, 22, 23, 24, 25, 26, 27, 28]


5
process id 7
stats
5, 15, 7, 100, 1000
20220816-212041
loosing coalitions taken
[2, 3, 5, 24]
[1, 3, 7, 11, 22]
[1, 2, 7, 12, 26]
[1, 3, 8, 12, 17]
[1, 5, 6, 12, 23]
[2, 4, 6, 14, 19]
[1, 2, 8, 13, 19]
[1, 4, 7, 10, 17]
[3, 4, 6, 8, 27]
[2, 4, 5, 15]
[3, 4, 5, 13]
[2, 3, 6, 10, 28]
[1, 4, 6, 28]
[1, 2, 9, 11, 14]
[16, 17, 18, 19, 20, 21, 22, 23, 24, 25, 26, 27, 28]


6
process id 5
stats
5, 15, 7, 100, 1000
20220816-212042
loosing coalitions taken
[3, 4, 6, 14, 18]
[2, 3, 5, 22]
[1, 3, 9, 10, 11]
[1, 3, 7, 13, 21]
[1, 2, 7, 9, 24]
[1, 5, 6, 10, 23]
[1, 2, 10, 12, 13]
[1, 3, 8, 12, 19]
[1, 2, 8, 11, 20]
[2, 4, 6, 13, 21]
[2, 3, 6, 10]
[3, 4, 5, 16, 27]
[1, 4, 6, 28]
[2, 4, 5, 20]
[16, 17, 18, 19, 20, 21, 22, 23, 24, 25, 26, 27, 28]


6
process id 1
stats
5, 15, 7, 100, 1000
20220816-212043
loosing coalitions taken
[1, 4, 7, 8, 26]
[1, 2, 8, 13, 17]
[1, 2, 9, 11, 14]
[2, 4, 6, 12, 23]
[1, 2, 7, 12, 24]
[2, 4, 5, 20]
[2, 3, 6, 9]
[1, 3, 8, 10, 16]
[3, 4, 5, 16]
[1, 5, 6, 14, 22]
[2, 3, 5, 22]
[1, 3, 7, 15, 17]
[3, 4, 6, 13, 20]
[1, 4, 6, 25]
[16, 17, 18, 19, 20, 21, 22, 23, 24, 25, 26, 27, 28]


6
process id 7
stats
5, 15, 7, 100, 1000
20220816-212044
loosing coalitions taken
[1, 2, 10, 11, 14]
[2, 3, 6, 12]
[1, 3, 7, 10, 23]
[1, 3, 8, 13, 15]
[2, 4, 5, 17]
[1, 2, 8, 9, 22]
[3, 4, 5, 14]
[3, 4, 6, 8]
[1, 5, 6, 11, 21]
[2, 4, 6, 16, 18]
[1, 4, 7, 11, 16]
[2, 3, 5, 20]
[1, 4, 6, 27]
[1, 2, 7, 12, 25]
[16, 17, 18, 19, 20, 21, 22, 23, 24, 25, 26, 27, 28]


6
process id 3
stats
5, 15, 7, 100, 1000
20220816-212045
loosing coalitions taken
[1, 2, 7, 13, 23]
[1, 2, 8, 9, 21]
[1, 3, 7, 9, 22]
[1, 3, 8, 11, 17]
[1, 4, 7, 12, 16]
[1, 2, 10, 11, 12]
[3, 4, 6, 11, 18]
[2, 3, 6, 12]
[1, 4, 6, 27]
[2, 4, 5, 17]
[2, 4, 6, 15, 20]
[3, 4, 5, 13]
[2, 3, 5, 21]
[1, 5, 6, 10, 21]
[16, 17, 18, 19, 20, 21, 22, 23, 24, 25, 26, 27, 28]


6
process id 2
stats
5, 15, 7, 100, 1000
20220816-212045
loosing coalitions taken
[3, 4, 6, 13, 17]
[1, 3, 8, 15, 16]
[1, 4, 7, 12, 16]
[1, 2, 7, 9]
[2, 3, 6, 14]
[2, 4, 5, 17]
[2, 3, 5, 21]
[1, 4, 6, 26]
[3, 4, 5, 16]
[1, 4, 8, 10, 13]
[2, 4, 6, 16, 19]
[1, 3, 7, 10, 17]
[1, 5, 6, 10, 21]
[1, 2, 8, 12, 21]
[16, 17, 18, 19, 20, 21, 22, 23, 24, 25, 26, 27, 28]


6
process id 1
stats
5, 15, 7, 100, 1000
20220816-212046
loosing coalitions taken
[1, 3, 7, 10, 23]
[1, 2, 10, 11, 13]
[2, 3, 5, 24]
[1, 2, 7, 9]
[3, 4, 6, 14, 19]
[2, 4, 6, 15, 20]
[1, 4, 7, 8]
[2, 4, 5, 18, 27]
[2, 3, 6, 12]
[1, 5, 6, 13, 17]
[1, 4, 6, 28]
[1, 3, 8, 11, 18]
[3, 4, 5, 15]
[1, 2, 8, 12, 19]
[16, 17, 18, 19, 20, 21, 22, 23, 24, 25, 26, 27, 28]


5
process id 3
stats
5, 15, 7, 100, 1000
20220816-212048
loosing coalitions taken
[1, 4, 8, 9, 14]
[2, 3, 6, 13]
[2, 4, 5, 16]
[1, 3, 7, 14, 21]
[1, 2, 8, 12, 20]
[1, 3, 8, 11, 17]
[1, 5, 6, 11, 21]
[1, 4, 6, 27]
[1, 4, 7, 10, 18]
[1, 2, 7, 11, 25]
[2, 4, 6, 10, 24]
[2, 3, 5, 25]
[3, 4, 6, 8]
[3, 4, 5, 14]
[16, 17, 18, 19, 20, 21, 22, 23, 24, 25, 26, 27, 28]


6
process id 7
stats
5, 15, 7, 100, 1000
20220816-212048
loosing coalitions taken
[3, 4, 5, 16]
[1, 2, 10, 12, 14]
[2, 4, 6, 10, 22]
[1, 3, 8, 13, 15]
[1, 2, 7, 11, 26]
[1, 4, 6, 26]
[1, 3, 7, 14, 19]
[2, 3, 5, 23]
[2, 3, 6, 13]
[2, 4, 5, 18]
[1, 5, 6, 15, 20]
[3, 4, 6, 12, 17]
[1, 2, 8, 9, 18]
[1, 4, 7, 9, 16]
[16, 17, 18, 19, 20, 21, 22, 23, 24, 25, 26, 27, 28]


6
process id 4
stats
5, 15, 7, 100, 1000
20220816-212049
loosing coalitions taken
[1, 4, 7, 9, 19]
[1, 2, 8, 12, 19]
[1, 3, 7, 15, 20]
[1, 2, 7, 14, 22]
[2, 3, 6, 11, 25]
[1, 3, 8, 9, 16]
[2, 3, 7, 8, 10]
[1, 5, 6, 11, 23]
[1, 2, 9, 10, 13]
[2, 4, 5, 19, 26]
[2, 4, 6, 16, 17]
[1, 4, 6, 28]
[2, 3, 5, 21]
[3, 4, 5, 13]
[16, 17, 18, 19, 20, 21, 22, 23, 24, 25, 26, 27, 28]


5
process id 0
stats
5, 15, 7, 100, 1000
20220816-212049
loosing coalitions taken
[1, 5, 6, 16, 17]
[1, 2, 8, 12, 19]
[1, 2, 7, 15, 20]
[1, 4, 7, 8, 28]
[2, 4, 5, 18]
[1, 2, 9, 10, 11]
[1, 3, 7, 11, 22]
[3, 4, 6, 11, 21]
[2, 3, 6, 10]
[2, 3, 5, 21]
[3, 4, 5, 16]
[2, 4, 6, 13, 17]
[1, 4, 6, 26]
[1, 3, 8, 14, 15]
[16, 17, 18, 19, 20, 21, 22, 23, 24, 25, 26, 27, 28]


6
process id 5
stats
5, 15, 7, 100, 1000
20220816-212050
loosing coalitions taken
[1, 5, 6, 16, 20]
[1, 4, 7, 8]
[1, 2, 9, 10, 12]
[2, 3, 6, 12]
[1, 2, 8, 11, 21]
[1, 4, 6, 28]
[2, 4, 5, 21, 26]
[2, 4, 6, 16, 17]
[3, 4, 5, 19, 24]
[1, 3, 8, 12, 19]
[3, 4, 6, 8]
[2, 3, 5, 23]
[1, 2, 7, 16, 18]
[1, 3, 7, 9, 20]
[16, 17, 18, 19, 20, 21, 22, 23, 24, 25, 26, 27, 28]


6
process id 6
stats
5, 15, 7, 100, 1000
20220816-212050
loosing coalitions taken
[1, 3, 7, 15, 21]
[1, 2, 7, 12, 22]
[2, 3, 6, 9]
[2, 4, 5, 19]
[1, 5, 6, 13, 21]
[1, 4, 7, 8, 28]
[1, 2, 10, 11, 14]
[1, 2, 8, 13, 18]
[2, 3, 5, 25]
[3, 4, 5, 13]
[3, 4, 6, 8]
[1, 4, 6, 25]
[2, 4, 6, 10, 23]
[1, 3, 8, 14, 16]
[16, 17, 18, 19, 20, 21, 22, 23, 24, 25, 26, 27, 28]


6
process id 4
stats
5, 15, 7, 100, 1000
20220816-212052
loosing coalitions taken
[2, 4, 5, 20]
[1, 2, 7, 10, 27]
[1, 2, 9, 11, 14]
[1, 3, 8, 9, 18]
[1, 3, 7, 13, 22]
[1, 4, 8, 11, 13]
[2, 3, 6, 13]
[2, 3, 5, 22, 28]
[1, 4, 7, 9, 17]
[3, 4, 6, 8]
[1, 5, 6, 12, 22]
[3, 4, 5, 19, 21]
[2, 4, 6, 15, 21]
[1, 4, 6, 26]
[16, 17, 18, 19, 20, 21, 22, 23, 24, 25, 26, 27, 28]


6
process id 0
stats
5, 15, 7, 100, 1000
20220816-212053
loosing coalitions taken
[1, 5, 6, 12, 24]
[2, 4, 5, 21, 26]
[1, 2, 8, 14, 18]
[1, 3, 7, 13, 22]
[2, 3, 6, 12]
[1, 2, 10, 11, 13]
[1, 2, 7, 9, 26]
[3, 4, 5, 20, 23]
[1, 4, 6, 25]
[1, 4, 7, 11, 16]
[3, 4, 6, 8]
[2, 4, 6, 15, 20]
[1, 3, 8, 9, 19]
[2, 3, 5, 24]
[16, 17, 18, 19, 20, 21, 22, 23, 24, 25, 26, 27, 28]


5
process id 4
stats
5, 15, 7, 100, 1000
20220816-212053
loosing coalitions taken
[1, 2, 8, 14, 19]
[1, 3, 7, 11, 22]
[3, 4, 6, 11, 17]
[1, 3, 8, 10, 18]
[1, 2, 10, 11, 13]
[2, 4, 5, 17]
[1, 4, 7, 14, 15]
[2, 3, 6, 13]
[1, 4, 8, 12, 13]
[1, 4, 6, 26]
[3, 4, 5, 16, 26]
[2, 3, 5, 23]
[2, 4, 6, 15, 16]
[1, 2, 7, 9]
[16, 17, 18, 19, 20, 21, 22, 23, 24, 25, 26, 27, 28]


6
process id 1
stats
5, 15, 7, 100, 1000
20220816-212054
loosing coalitions taken
[1, 2, 8, 9, 22]
[1, 5, 6, 14, 22]
[1, 3, 9, 10, 12]
[2, 3, 5, 23]
[1, 2, 10, 11, 14]
[3, 4, 6, 12, 20]
[3, 4, 5, 13]
[2, 4, 5, 15]
[1, 4, 7, 8, 24]
[1, 3, 8, 14, 16]
[1, 4, 6, 28]
[2, 3, 6, 15, 26]
[1, 3, 7, 13, 19]
[1, 2, 7, 16, 18]
[16, 17, 18, 19, 20, 21, 22, 23, 24, 25, 26, 27, 28]


5
process id 7
stats
5, 15, 7, 100, 1000
20220816-212054
loosing coalitions taken
[1, 5, 6, 12, 23]
[1, 3, 8, 10, 17]
[1, 2, 7, 11, 26]
[1, 2, 10, 12, 13]
[2, 3, 6, 12]
[1, 3, 7, 16, 18]
[2, 4, 5, 17]
[1, 2, 8, 14, 16]
[1, 4, 7, 8]
[2, 3, 5, 21]
[3, 4, 5, 13]
[1, 4, 6, 26]
[3, 4, 6, 10, 20]
[2, 4, 6, 14, 18]
[16, 17, 18, 19, 20, 21, 22, 23, 24, 25, 26, 27, 28]


6
process id 3
stats
5, 15, 7, 100, 1000
20220816-212054
loosing coalitions taken
[1, 2, 7, 15, 22]
[1, 3, 9, 10, 11]
[1, 3, 7, 14, 21]
[1, 2, 9, 12, 13]
[2, 3, 6, 14]
[2, 4, 5, 20]
[1, 3, 8, 13, 16]
[1, 5, 6, 12, 22]
[2, 3, 5, 26, 28]
[2, 4, 6, 10, 19]
[3, 4, 5, 13]
[1, 4, 6, 25]
[1, 2, 8, 11, 18]
[3, 4, 6, 8]
[16, 17, 18, 19, 20, 21, 22, 23, 24, 25, 26, 27, 28]


6
process id 0
stats
5, 15, 7, 100, 1000
20220816-212055
loosing coalitions taken
[1, 4, 7, 8]
[3, 4, 6, 13, 17]
[1, 2, 9, 10, 14]
[3, 4, 5, 16]
[1, 3, 8, 10, 17]
[2, 3, 6, 14]
[2, 3, 5, 23]
[1, 4, 6, 26]
[1, 3, 7, 15, 19]
[1, 2, 7, 17, 18]
[1, 5, 6, 12, 20]
[2, 4, 5, 19]
[2, 4, 6, 11, 24]
[1, 2, 8, 11, 19]
[16, 17, 18, 19, 20, 21, 22, 23, 24, 25, 26, 27, 28]


6
process id 7
stats
5, 15, 7, 100, 1000
20220816-212056
loosing coalitions taken
[2, 3, 6, 14]
[1, 2, 8, 13, 17]
[1, 3, 7, 13, 19]
[1, 3, 8, 11, 18]
[1, 5, 6, 16, 19]
[2, 4, 5, 20, 25]
[3, 4, 5, 17, 23]
[1, 4, 6, 26, 27]
[1, 4, 7, 12, 16]
[1, 2, 7, 15, 18]
[2, 3, 5, 24]
[3, 4, 6, 13, 20]
[2, 4, 6, 10, 18]
[1, 2, 9, 10, 12]
[16, 17, 18, 19, 20, 21, 22, 23, 24, 25, 26, 27, 28]


6
process id 4
stats
5, 15, 7, 100, 1000
20220816-212056
loosing coalitions taken
[1, 2, 10, 11, 13]
[1, 2, 7, 9]
[1, 3, 8, 12, 16]
[2, 4, 6, 13, 21]
[2, 3, 6, 12, 26]
[2, 3, 5, 21]
[3, 4, 5, 15]
[1, 4, 6, 25]
[2, 4, 5, 17]
[1, 3, 7, 15, 21]
[1, 5, 6, 15, 19]
[1, 4, 7, 8, 26]
[3, 4, 6, 9, 20]
[1, 2, 8, 14, 17]
[16, 17, 18, 19, 20, 21, 22, 23, 24, 25, 26, 27, 28]


5
process id 0
stats
5, 15, 7, 100, 1000
20220816-212057
loosing coalitions taken
[1, 2, 8, 12, 20]
[2, 3, 6, 9]
[1, 4, 8, 11, 13]
[2, 4, 5, 18]
[1, 2, 7, 14, 22]
[1, 3, 8, 15, 16]
[3, 4, 5, 13]
[2, 4, 6, 14, 20]
[1, 4, 7, 9, 15]
[1, 3, 7, 13, 19]
[1, 5, 6, 11, 25]
[2, 3, 5, 25]
[1, 4, 6, 28]
[3, 4, 6, 8]
[16, 17, 18, 19, 20, 21, 22, 23, 24, 25, 26, 27, 28]


6
process id 6
stats
5, 15, 7, 100, 1000
20220816-212059
loosing coalitions taken
[1, 2, 7, 9]
[3, 4, 5, 16]
[2, 3, 6, 11]
[2, 4, 5, 21, 22]
[1, 4, 8, 9, 10]
[1, 4, 6, 27]
[2, 3, 5, 23]
[1, 3, 7, 13, 17]
[1, 2, 8, 13, 19]
[1, 5, 6, 15, 17]
[3, 4, 6, 12, 20]
[2, 4, 6, 10, 18]
[1, 3, 8, 12, 16]
[2, 3, 7, 8, 10]
[16, 17, 18, 19, 20, 21, 22, 23, 24, 25, 26, 27, 28]


6
process id 7
stats
5, 15, 7, 100, 1000
20220816-212059
loosing coalitions taken
[1, 3, 8, 11, 18]
[1, 2, 9, 11, 12]
[1, 2, 8, 15, 16]
[1, 4, 7, 9, 19]
[2, 4, 6, 10, 24]
[3, 4, 6, 9, 20]
[1, 2, 7, 10, 28]
[1, 3, 7, 14, 20]
[1, 4, 6, 25]
[3, 4, 5, 14]
[1, 4, 8, 10, 14]
[2, 3, 6, 13]
[2, 4, 5, 19]
[2, 3, 5, 24]
[16, 17, 18, 19, 20, 21, 22, 23, 24, 25, 26, 27, 28]


5
process id 0
stats
5, 15, 7, 100, 1000
20220816-212059
loosing coalitions taken
[2, 3, 6, 16, 23]
[1, 2, 8, 10, 20]
[1, 2, 7, 14, 23]
[1, 3, 9, 10, 11]
[1, 3, 8, 12, 18]
[1, 3, 7, 13, 21]
[1, 5, 6, 11, 24]
[1, 4, 7, 8]
[3, 4, 5, 16]
[2, 4, 5, 19, 24]
[1, 4, 6, 28]
[3, 4, 6, 8]
[1, 2, 9, 12, 13]
[2, 3, 5, 21]
[16, 17, 18, 19, 20, 21, 22, 23, 24, 25, 26, 27, 28]


5
process id 1
stats
5, 15, 7, 100, 1000
20220816-212102
loosing coalitions taken
[1, 3, 8, 11, 19]
[1, 2, 9, 11, 14]
[2, 3, 6, 9]
[1, 5, 6, 16, 20]
[1, 2, 7, 15, 21]
[1, 4, 7, 9, 17]
[1, 2, 8, 10, 17]
[2, 4, 5, 20, 23]
[3, 4, 5, 16]
[2, 3, 5, 24]
[1, 3, 7, 10, 24]
[2, 4, 6, 14, 18]
[1, 4, 6, 27]
[3, 4, 6, 8]
[16, 17, 18, 19, 20, 21, 22, 23, 24, 25, 26, 27, 28]


5
process id 2
stats
5, 15, 7, 100, 1000
20220816-212102
loosing coalitions taken
[1, 4, 7, 11, 16]
[1, 5, 6, 9, 25]
[3, 4, 6, 14, 19]
[2, 3, 6, 12]
[1, 2, 7, 9, 23]
[1, 2, 10, 11, 14]
[3, 4, 5, 15]
[1, 3, 7, 10, 21]
[1, 2, 8, 12, 20]
[1, 4, 6, 28]
[2, 3, 5, 24]
[2, 4, 5, 18]
[1, 4, 8, 9, 13]
[2, 4, 6, 13, 17]
[16, 17, 18, 19, 20, 21, 22, 23, 24, 25, 26, 27, 28]


6
process id 4
stats
5, 15, 7, 100, 1000
20220816-212103
loosing coalitions taken
[1, 2, 8, 14, 20]
[1, 2, 9, 12, 13]
[2, 4, 5, 20]
[1, 5, 6, 10, 25]
[2, 4, 6, 16, 17]
[1, 2, 7, 15, 22]
[3, 4, 5, 16, 24]
[1, 4, 6, 26]
[2, 3, 6, 14]
[1, 4, 8, 10, 11]
[1, 3, 7, 10, 19]
[2, 3, 5, 23, 28]
[3, 4, 6, 11, 18]
[1, 3, 8, 9, 18]
[16, 17, 18, 19, 20, 21, 22, 23, 24, 25, 26, 27, 28]


6
process id 6
stats
5, 15, 7, 100, 1000
20220816-212105
loosing coalitions taken
[2, 4, 6, 13, 22]
[3, 4, 5, 17, 27]
[1, 2, 10, 11, 14]
[1, 5, 6, 16, 20]
[3, 4, 6, 11, 21]
[2, 4, 5, 16]
[3, 5, 6, 7, 12]
[2, 3, 6, 10, 26]
[1, 2, 8, 12, 17]
[1, 3, 8, 9, 20]
[1, 4, 7, 11, 15]
[1, 4, 8, 13, 14]
[1, 4, 6, 26]
[1, 2, 7, 9]
[16, 17, 18, 19, 20, 21, 22, 23, 24, 25, 26, 27, 28]


6
process id 3
stats
5, 15, 7, 100, 1000
20220816-212105
loosing coalitions taken
[1, 3, 8, 14, 16]
[2, 4, 5, 18, 28]
[2, 3, 6, 12]
[1, 2, 8, 9, 20]
[3, 4, 5, 21, 23]
[1, 4, 7, 8, 26]
[1, 3, 9, 10, 11]
[1, 3, 7, 13, 20]
[1, 2, 7, 16, 17]
[2, 3, 5, 20]
[3, 4, 6, 13, 16]
[1, 5, 6, 10, 26]
[2, 4, 6, 14, 20]
[1, 4, 6, 25]
[16, 17, 18, 19, 20, 21, 22, 23, 24, 25, 26, 27, 28]


6
process id 2
stats
5, 15, 7, 100, 1000
20220816-212106
loosing coalitions taken
[2, 3, 5, 23]
[1, 5, 6, 9, 26]
[1, 2, 9, 11, 12]
[2, 4, 6, 13, 22]
[1, 4, 7, 13, 16]
[1, 3, 7, 10, 21]
[1, 2, 7, 14, 22]
[1, 2, 8, 10, 19]
[3, 4, 5, 13]
[2, 3, 6, 10]
[2, 4, 5, 20]
[1, 4, 6, 25]
[1, 3, 8, 13, 14]
[3, 4, 6, 8]
[16, 17, 18, 19, 20, 21, 22, 23, 24, 25, 26, 27, 28]


6
process id 4
stats
5, 15, 7, 100, 1000
20220816-212107
loosing coalitions taken
[1, 5, 6, 16, 20]
[1, 3, 8, 11, 19]
[3, 4, 5, 16]
[2, 3, 7, 8, 10]
[1, 2, 10, 12, 14]
[2, 3, 6, 12]
[1, 2, 8, 13, 18]
[1, 3, 7, 13, 21]
[1, 4, 6, 25]
[2, 4, 5, 21, 28]
[2, 4, 6, 15, 18]
[2, 3, 5, 24, 27]
[3, 4, 6, 9, 21]
[1, 4, 8, 9, 10]
[16, 17, 18, 19, 20, 21, 22, 23, 24, 25, 26, 27, 28]


6
process id 0
stats
5, 15, 7, 100, 1000
20220816-212107
loosing coalitions taken
[1, 2, 7, 12, 25]
[1, 3, 7, 9, 24]
[3, 4, 5, 16]
[1, 2, 8, 11, 19]
[2, 3, 6, 10]
[2, 3, 5, 21]
[1, 4, 6, 28]
[2, 4, 5, 17]
[1, 4, 7, 8, 23]
[3, 4, 6, 8]
[1, 2, 9, 10, 13]
[1, 5, 6, 12, 22]
[2, 4, 6, 11, 20]
[1, 3, 8, 14, 16]
[16, 17, 18, 19, 20, 21, 22, 23, 24, 25, 26, 27, 28]


5
process id 6
stats
5, 15, 7, 100, 1000
20220816-212108
loosing coalitions taken
[2, 4, 5, 18]
[1, 3, 8, 10, 19]
[1, 5, 6, 14, 22]
[1, 2, 8, 13, 17]
[1, 4, 8, 11, 14]
[3, 4, 5, 20, 22]
[3, 4, 6, 8]
[2, 3, 6, 16, 22]
[2, 4, 6, 10, 19]
[1, 4, 6, 28]
[2, 3, 5, 21]
[1, 3, 7, 13, 18]
[1, 2, 7, 9]
[1, 2, 10, 12, 14]
[16, 17, 18, 19, 20, 21, 22, 23, 24, 25, 26, 27, 28]


5
process id 5
stats
5, 15, 7, 100, 1000
20220816-212109
loosing coalitions taken
[2, 4, 5, 20]
[1, 2, 10, 12, 13]
[2, 3, 6, 10]
[1, 3, 8, 9, 20]
[1, 4, 7, 8]
[3, 4, 6, 13, 16]
[3, 4, 5, 19, 22]
[1, 2, 8, 14, 17]
[2, 3, 5, 25]
[1, 4, 6, 28]
[1, 3, 7, 16, 18]
[1, 5, 6, 14, 20]
[2, 4, 6, 14, 19]
[1, 2, 7, 11, 27]
[16, 17, 18, 19, 20, 21, 22, 23, 24, 25, 26, 27, 28]


6
process id 7
stats
5, 15, 7, 100, 1000
20220816-212109
loosing coalitions taken
[2, 4, 5, 18]
[1, 2, 10, 12, 13]
[1, 3, 7, 12, 22]
[1, 3, 8, 13, 15]
[1, 2, 8, 9, 19]
[1, 2, 7, 11, 23]
[2, 3, 6, 9]
[2, 3, 5, 25]
[3, 4, 5, 19, 22]
[3, 4, 6, 12, 21]
[1, 3, 9, 10, 11]
[2, 3, 7, 8, 10]
[1, 4, 6, 28]
[1, 5, 6, 15, 17]
[16, 17, 18, 19, 20, 21, 22, 23, 24, 25, 26, 27, 28]


6
process id 0
stats
5, 15, 7, 100, 1000
20220816-212111
loosing coalitions taken
[1, 5, 6, 9, 26]
[1, 4, 7, 8]
[1, 2, 10, 11, 13]
[2, 3, 6, 14, 27]
[1, 3, 9, 10, 12]
[3, 4, 5, 16]
[1, 2, 7, 15, 18]
[2, 3, 5, 22, 25]
[1, 4, 6, 28]
[2, 4, 5, 19]
[3, 4, 6, 8]
[1, 3, 7, 11, 22]
[1, 3, 8, 14, 15]
[2, 4, 6, 15, 16]
[16, 17, 18, 19, 20, 21, 22, 23, 24, 25, 26, 27, 28]


5
process id 2
stats
5, 15, 7, 100, 1000
20220816-212111
loosing coalitions taken
[1, 4, 7, 9, 18]
[1, 5, 6, 15, 20]
[2, 3, 5, 25]
[1, 2, 8, 11, 18]
[1, 3, 7, 11, 21]
[1, 3, 8, 13, 15]
[2, 4, 6, 11, 20]
[1, 3, 9, 10, 12]
[2, 4, 5, 17]
[1, 2, 7, 10, 26]
[2, 3, 6, 10]
[1, 4, 6, 25]
[3, 4, 6, 8, 26]
[3, 4, 5, 16]
[16, 17, 18, 19, 20, 21, 22, 23, 24, 25, 26, 27, 28]


6
process id 6
stats
5, 15, 7, 100, 1000
20220816-212111
loosing coalitions taken
[1, 4, 7, 8]
[2, 4, 6, 15, 21]
[3, 4, 5, 18, 27]
[2, 3, 6, 13]
[1, 2, 9, 11, 14]
[2, 3, 5, 22, 28]
[1, 2, 8, 10, 17]
[1, 3, 8, 11, 18]
[1, 4, 6, 25]
[2, 4, 5, 17]
[1, 5, 6, 14, 21]
[3, 4, 6, 8]
[1, 2, 7, 12, 26]
[1, 3, 7, 13, 21]
[16, 17, 18, 19, 20, 21, 22, 23, 24, 25, 26, 27, 28]


5
process id 4
stats
5, 15, 7, 100, 1000
20220816-212112
loosing coalitions taken
[1, 2, 8, 10, 18]
[1, 2, 7, 9, 27]
[1, 3, 7, 15, 18]
[1, 4, 8, 11, 13]
[1, 5, 6, 13, 24]
[2, 3, 6, 13]
[3, 4, 5, 18, 25]
[2, 4, 5, 16]
[3, 4, 6, 8]
[2, 4, 6, 9, 21]
[1, 4, 6, 27]
[2, 3, 5, 23]
[1, 3, 8, 9, 16]
[1, 4, 7, 10, 17]
[16, 17, 18, 19, 20, 21, 22, 23, 24, 25, 26, 27, 28]


5
process id 0
stats
5, 15, 7, 100, 1000
20220816-212114
loosing coalitions taken
[1, 2, 8, 15, 17]
[1, 2, 9, 11, 13]
[2, 4, 5, 20]
[1, 4, 7, 14, 16]
[1, 5, 6, 11, 22]
[1, 3, 7, 15, 19]
[3, 4, 5, 16, 25]
[2, 4, 6, 14, 17]
[3, 4, 6, 8]
[2, 3, 5, 22]
[1, 3, 8, 9, 20]
[1, 4, 8, 11, 12]
[1, 4, 6, 28]
[2, 3, 6, 9]
[16, 17, 18, 19, 20, 21, 22, 23, 24, 25, 26, 27, 28]


6
process id 5
stats
5, 15, 7, 100, 1000
20220816-212114
loosing coalitions taken
[3, 4, 5, 16]
[2, 3, 6, 14]
[1, 5, 6, 11, 23]
[1, 4, 7, 10, 18]
[1, 2, 7, 9, 23]
[1, 3, 8, 9, 19]
[1, 2, 10, 12, 13]
[2, 4, 5, 15]
[3, 4, 6, 8]
[2, 4, 6, 12, 17]
[1, 4, 6, 25]
[2, 3, 5, 24]
[1, 2, 8, 11, 16]
[1, 3, 7, 12, 20]
[16, 17, 18, 19, 20, 21, 22, 23, 24, 25, 26, 27, 28]


6
process id 2
stats
5, 15, 7, 100, 1000
20220816-212116
loosing coalitions taken
[1, 3, 7, 15, 19]
[2, 3, 6, 14]
[3, 4, 5, 15]
[1, 2, 8, 13, 19]
[1, 4, 6, 28]
[1, 2, 10, 11, 12]
[1, 2, 7, 9]
[2, 4, 5, 18]
[2, 3, 5, 25]
[1, 5, 6, 13, 17]
[1, 4, 7, 12, 14]
[1, 3, 8, 9, 16]
[2, 4, 6, 9, 25]
[3, 4, 6, 13, 19]
[16, 17, 18, 19, 20, 21, 22, 23, 24, 25, 26, 27, 28]


6
process id 1
stats
5, 15, 7, 100, 1000
20220816-212118
loosing coalitions taken
[2, 4, 5, 20]
[1, 5, 6, 9, 26]
[3, 4, 6, 14, 18]
[1, 2, 8, 14, 19]
[1, 2, 7, 16, 21]
[1, 3, 8, 10, 18]
[2, 3, 6, 17, 21]
[1, 3, 7, 11, 20]
[3, 4, 5, 13]
[1, 4, 8, 9, 13]
[1, 4, 6, 25]
[2, 3, 5, 22]
[2, 4, 6, 12, 23]
[1, 4, 7, 10, 15]
[16, 17, 18, 19, 20, 21, 22, 23, 24, 25, 26, 27, 28]


6
process id 6
stats
5, 15, 7, 100, 1000
20220816-212118
loosing coalitions taken
[2, 3, 6, 11]
[1, 5, 6, 15, 19]
[1, 4, 8, 10, 14]
[1, 2, 7, 9]
[1, 3, 8, 12, 16]
[2, 4, 5, 17]
[3, 4, 6, 10, 21]
[2, 3, 5, 22]
[1, 4, 6, 26]
[3, 4, 5, 14]
[1, 3, 7, 15, 18]
[2, 4, 6, 12, 22]
[1, 3, 9, 10, 11]
[1, 2, 10, 12, 13]
[16, 17, 18, 19, 20, 21, 22, 23, 24, 25, 26, 27, 28]


5
process id 0
stats
5, 15, 7, 100, 1000
20220816-212120
loosing coalitions taken
[1, 3, 8, 11, 18]
[1, 4, 8, 10, 13]
[2, 4, 6, 12, 20]
[3, 4, 6, 13, 18]
[1, 5, 6, 10, 23]
[1, 2, 9, 11, 12]
[1, 2, 8, 15, 16]
[2, 4, 5, 17]
[2, 3, 6, 14, 25]
[2, 3, 7, 8, 9]
[1, 2, 7, 13, 23]
[1, 4, 6, 27]
[1, 3, 7, 15, 20]
[3, 5, 6, 7, 11]
[16, 17, 18, 19, 20, 21, 22, 23, 24, 25, 26, 27, 28]


5
process id 1
stats
5, 15, 7, 100, 1000
20220816-212121
loosing coalitions taken
[1, 3, 7, 13, 22]
[1, 2, 8, 13, 20]
[1, 3, 8, 15, 16]
[1, 5, 6, 12, 23]
[1, 4, 7, 8]
[1, 2, 9, 11, 14]
[2, 4, 5, 20]
[2, 3, 6, 14]
[3, 4, 5, 19, 25]
[3, 4, 6, 13, 18]
[1, 4, 6, 27]
[2, 3, 5, 21]
[2, 4, 6, 11, 22]
[1, 2, 7, 16, 18]
[16, 17, 18, 19, 20, 21, 22, 23, 24, 25, 26, 27, 28]


6
process id 4
stats
5, 15, 7, 100, 1000
20220816-212121
loosing coalitions taken
[1, 3, 7, 11, 22]
[1, 5, 6, 12, 23]
[1, 2, 8, 10, 18]
[1, 2, 7, 9, 23]
[1, 4, 7, 13, 15]
[1, 4, 8, 9, 14]
[2, 3, 6, 14]
[2, 4, 5, 20, 22]
[3, 4, 5, 18, 25]
[3, 4, 6, 13, 21]
[2, 4, 6, 16, 18]
[2, 3, 5, 23]
[1, 4, 6, 26]
[1, 3, 9, 10, 12]
[16, 17, 18, 19, 20, 21, 22, 23, 24, 25, 26, 27, 28]


5
process id 6
stats
5, 15, 7, 100, 1000
20220816-212121
loosing coalitions taken
[2, 3, 6, 12]
[2, 4, 5, 21, 22]
[1, 3, 8, 10, 16]
[1, 3, 7, 15, 19]
[1, 2, 9, 10, 13]
[1, 2, 8, 11, 18]
[1, 4, 6, 26]
[1, 4, 7, 8]
[3, 4, 5, 16]
[2, 3, 5, 23]
[1, 5, 6, 12, 21]
[3, 4, 6, 14, 19]
[1, 2, 7, 16, 17]
[2, 4, 6, 9, 23]
[16, 17, 18, 19, 20, 21, 22, 23, 24, 25, 26, 27, 28]


5
process id 3
stats
5, 15, 7, 100, 1000
20220816-212122
loosing coalitions taken
[1, 2, 8, 11, 21]
[1, 3, 7, 11, 23]
[1, 3, 8, 13, 15]
[2, 4, 5, 20]
[1, 2, 7, 9]
[1, 5, 6, 14, 19]
[3, 4, 5, 15]
[2, 3, 6, 13, 22]
[1, 4, 6, 25]
[2, 3, 5, 25]
[3, 4, 6, 12, 16]
[2, 4, 6, 15, 18]
[1, 4, 7, 8]
[1, 2, 10, 12, 13]
[16, 17, 18, 19, 20, 21, 22, 23, 24, 25, 26, 27, 28]


5
process id 7
stats
5, 15, 7, 100, 1000
20220816-212122
loosing coalitions taken
[1, 4, 8, 12, 13]
[1, 2, 8, 11, 17]
[1, 2, 9, 10, 14]
[2, 3, 5, 24]
[1, 3, 7, 11, 22]
[1, 4, 7, 14, 16]
[1, 3, 8, 10, 16]
[1, 5, 6, 10, 26]
[1, 4, 6, 27]
[3, 4, 6, 14, 18]
[2, 3, 6, 10]
[3, 4, 5, 16]
[2, 4, 6, 13, 20]
[2, 4, 5, 18]
[16, 17, 18, 19, 20, 21, 22, 23, 24, 25, 26, 27, 28]


6
process id 0
stats
5, 15, 7, 100, 1000
20220816-212124
loosing coalitions taken
[1, 4, 8, 11, 13]
[1, 2, 10, 12, 13]
[1, 2, 7, 9]
[2, 3, 6, 14, 25]
[1, 3, 8, 15, 16]
[1, 4, 6, 27]
[2, 4, 5, 19]
[1, 3, 7, 14, 17]
[2, 3, 5, 20]
[1, 5, 6, 10, 24]
[3, 4, 5, 13]
[3, 4, 6, 8]
[2, 4, 6, 9, 21]
[1, 4, 7, 10, 18]
[16, 17, 18, 19, 20, 21, 22, 23, 24, 25, 26, 27, 28]


6
process id 5
stats
5, 15, 7, 100, 1000
20220816-212127
loosing coalitions taken
[1, 2, 8, 12, 20]
[1, 4, 7, 8]
[1, 2, 9, 11, 14]
[2, 4, 5, 19]
[2, 3, 6, 10]
[1, 2, 7, 17, 19]
[2, 3, 5, 23]
[1, 5, 6, 11, 23]
[3, 4, 5, 20, 24]
[1, 4, 6, 27]
[1, 3, 8, 13, 16]
[3, 4, 6, 8]
[2, 4, 6, 15, 18]
[1, 3, 7, 10, 22]
[16, 17, 18, 19, 20, 21, 22, 23, 24, 25, 26, 27, 28]


6
process id 1
stats
5, 15, 7, 100, 1000
20220816-212127
loosing coalitions taken
[2, 4, 6, 10, 24]
[2, 3, 5, 24]
[1, 4, 8, 12, 14]
[1, 2, 7, 15, 20]
[1, 3, 8, 10, 18]
[1, 3, 7, 12, 22]
[2, 3, 6, 13]
[3, 4, 6, 11, 19]
[2, 4, 5, 17]
[1, 4, 7, 9, 17]
[3, 4, 5, 15]
[1, 2, 9, 10, 11]
[1, 5, 6, 9, 26]
[1, 4, 6, 28]
[16, 17, 18, 19, 20, 21, 22, 23, 24, 25, 26, 27, 28]


6
process id 2
stats
5, 15, 7, 100, 1000
20220816-212128
loosing coalitions taken
[1, 3, 8, 12, 18]
[1, 2, 7, 11, 23]
[1, 3, 7, 9, 22]
[1, 5, 6, 11, 22]
[1, 2, 9, 12, 13]
[2, 4, 5, 20]
[1, 2, 8, 10, 17]
[2, 3, 6, 14]
[1, 4, 6, 27]
[1, 4, 7, 8]
[2, 3, 5, 24, 26]
[3, 4, 5, 17, 27]
[3, 4, 6, 8]
[2, 4, 6, 12, 18]
[16, 17, 18, 19, 20, 21, 22, 23, 24, 25, 26, 27, 28]


6
process id 0
stats
5, 15, 7, 100, 1000
20220816-212130
loosing coalitions taken
[1, 5, 6, 13, 24]
[1, 2, 8, 13, 19]
[2, 3, 5, 25, 28]
[2, 3, 6, 14]
[1, 3, 8, 9, 17]
[1, 3, 7, 11, 23]
[1, 4, 7, 8]
[3, 4, 5, 14]
[1, 4, 6, 28]
[2, 4, 5, 16]
[3, 4, 6, 12, 21]
[2, 4, 6, 11, 23]
[1, 2, 7, 15, 20]
[1, 2, 10, 11, 12]
[16, 17, 18, 19, 20, 21, 22, 23, 24, 25, 26, 27, 28]


5
process id 6
stats
5, 15, 7, 100, 1000
20220816-212130
loosing coalitions taken
[1, 3, 9, 10, 12]
[1, 2, 10, 11, 13]
[3, 4, 5, 20, 24]
[2, 4, 5, 17]
[1, 3, 7, 11, 22]
[1, 2, 8, 12, 21]
[2, 3, 6, 11]
[1, 3, 8, 13, 14]
[2, 4, 6, 9, 21]
[3, 4, 6, 8]
[1, 4, 6, 26]
[1, 4, 7, 8]
[1, 5, 6, 11, 20]
[1, 2, 7, 9]
[16, 17, 18, 19, 20, 21, 22, 23, 24, 25, 26, 27, 28]


6
process id 3
stats
5, 15, 7, 100, 1000
20220816-212130
loosing coalitions taken
[1, 2, 7, 10, 25]
[3, 4, 6, 13, 20]
[1, 3, 8, 12, 18]
[1, 4, 8, 13, 14]
[2, 3, 6, 9]
[2, 4, 5, 16]
[1, 3, 7, 15, 19]
[2, 5, 6, 7, 13]
[2, 3, 5, 25]
[3, 4, 5, 19, 26]
[1, 2, 8, 11, 19]
[1, 5, 6, 12, 21]
[1, 4, 6, 26]
[2, 4, 6, 11, 18]
[16, 17, 18, 19, 20, 21, 22, 23, 24, 25, 26, 27, 28]


6
process id 7
stats
5, 15, 7, 100, 1000
20220816-212130
loosing coalitions taken
[3, 4, 5, 16]
[1, 2, 8, 9, 21]
[1, 2, 7, 15, 20]
[1, 3, 8, 11, 18]
[2, 3, 6, 9]
[1, 3, 7, 13, 19]
[1, 4, 7, 11, 17]
[1, 5, 6, 15, 19]
[1, 2, 10, 12, 13]
[1, 4, 6, 26]
[3, 4, 6, 8]
[2, 4, 6, 11, 22]
[2, 3, 5, 26, 27]
[2, 3, 7, 8, 10]
[16, 17, 18, 19, 20, 21, 22, 23, 24, 25, 26, 27, 28]


6
process id 1
stats
5, 15, 7, 100, 1000
20220816-212134
loosing coalitions taken
[2, 3, 6, 14]
[1, 3, 8, 15, 16]
[1, 2, 7, 17, 18]
[1, 2, 10, 11, 12]
[2, 4, 5, 20]
[1, 5, 6, 16, 17]
[1, 4, 8, 11, 14]
[1, 4, 6, 27]
[2, 3, 5, 26, 28]
[2, 4, 6, 16, 19]
[3, 4, 5, 13]
[1, 3, 7, 10, 24]
[1, 2, 8, 9, 20]
[1, 4, 7, 13, 15]
[16, 17, 18, 19, 20, 21, 22, 23, 24, 25, 26, 27, 28]


6
process id 4
stats
5, 15, 7, 100, 1000
20220816-212134
loosing coalitions taken
[1, 3, 7, 10, 24]
[2, 3, 6, 15, 24]
[1, 4, 8, 11, 13]
[1, 2, 9, 10, 13]
[3, 5, 6, 7, 14]
[3, 4, 6, 9, 18]
[1, 2, 8, 14, 19]
[1, 3, 8, 12, 17]
[1, 5, 6, 12, 23]
[1, 4, 6, 26, 28]
[2, 4, 6, 14, 20]
[3, 4, 5, 19, 26]
[2, 3, 5, 21]
[1, 2, 7, 11, 22]
[16, 17, 18, 19, 20, 21, 22, 23, 24, 25, 26, 27, 28]


6
process id 2
stats
5, 15, 7, 100, 1000
20220816-212135
loosing coalitions taken
[1, 3, 8, 14, 16]
[1, 2, 9, 10, 11]
[2, 4, 5, 19, 28]
[3, 4, 5, 18, 22]
[2, 3, 5, 24]
[1, 5, 6, 9, 23]
[1, 3, 7, 15, 21]
[1, 4, 7, 9, 18]
[1, 4, 8, 10, 15]
[1, 2, 7, 17, 19]
[2, 4, 6, 15, 18]
[3, 4, 6, 12, 16]
[1, 4, 6, 26]
[1, 2, 8, 12, 21]
[16, 17, 18, 19, 20, 21, 22, 23, 24, 25, 26, 27, 28]


5
process id 1
stats
5, 15, 7, 100, 1000
20220816-212136
loosing coalitions taken
[1, 3, 7, 15, 20]
[1, 2, 7, 9]
[2, 3, 5, 23]
[1, 3, 8, 10, 17]
[1, 5, 6, 12, 21]
[2, 4, 5, 17]
[1, 4, 7, 8]
[1, 2, 10, 12, 13]
[3, 4, 5, 15]
[2, 4, 6, 14, 21]
[2, 3, 6, 10]
[1, 2, 8, 11, 21]
[1, 4, 6, 25]
[3, 4, 6, 8]
[16, 17, 18, 19, 20, 21, 22, 23, 24, 25, 26, 27, 28]


6
process id 6
stats
5, 15, 7, 100, 1000
20220816-212137
loosing coalitions taken
[1, 5, 6, 16, 18]
[2, 4, 5, 21, 26]
[3, 4, 5, 15]
[1, 3, 8, 11, 17]
[2, 3, 6, 9]
[1, 2, 8, 15, 16]
[1, 4, 7, 10, 17]
[2, 3, 5, 25]
[1, 2, 7, 9, 26]
[1, 4, 6, 28]
[2, 4, 6, 11, 19]
[1, 3, 9, 10, 12]
[3, 4, 6, 8]
[2, 5, 6, 7, 13]
[16, 17, 18, 19, 20, 21, 22, 23, 24, 25, 26, 27, 28]


6
process id 3
stats
5, 15, 7, 100, 1000
20220816-212138
loosing coalitions taken
[1, 4, 7, 11, 17]
[1, 3, 8, 14, 15]
[3, 4, 6, 14, 20]
[1, 4, 6, 27]
[2, 3, 5, 24]
[3, 4, 5, 15]
[2, 4, 5, 16]
[1, 5, 6, 10, 25]
[2, 4, 6, 11, 18]
[1, 2, 7, 14, 22]
[2, 3, 6, 13]
[1, 2, 10, 11, 13]
[1, 3, 7, 10, 20]
[1, 2, 8, 12, 16]
[16, 17, 18, 19, 20, 21, 22, 23, 24, 25, 26, 27, 28]


5
process id 6
stats
5, 15, 7, 100, 1000
20220816-212139
loosing coalitions taken
[1, 3, 8, 10, 18]
[2, 3, 5, 25]
[1, 5, 6, 13, 22]
[1, 2, 7, 9]
[1, 4, 8, 11, 13]
[2, 4, 5, 16]
[2, 4, 6, 10, 23]
[1, 4, 6, 26]
[2, 3, 6, 12, 24]
[3, 4, 5, 20, 21]
[3, 4, 6, 8]
[1, 3, 7, 12, 21]
[1, 4, 7, 14, 15]
[1, 2, 8, 14, 16]
[16, 17, 18, 19, 20, 21, 22, 23, 24, 25, 26, 27, 28]


6
process id 5
stats
5, 15, 7, 100, 1000
20220816-212140
loosing coalitions taken
[1, 5, 6, 16, 17]
[1, 2, 9, 11, 12]
[2, 3, 6, 10]
[1, 2, 8, 13, 18]
[1, 3, 8, 12, 16]
[1, 4, 6, 28]
[1, 4, 7, 8, 24]
[2, 4, 5, 19]
[1, 2, 7, 10, 23]
[2, 3, 5, 21, 27]
[3, 4, 5, 14]
[2, 4, 6, 11, 21]
[3, 5, 6, 7, 12]
[3, 4, 6, 8]
[16, 17, 18, 19, 20, 21, 22, 23, 24, 25, 26, 27, 28]


6
process id 1
stats
5, 15, 7, 100, 1000
20220816-212141
loosing coalitions taken
[1, 5, 6, 13, 23]
[3, 4, 5, 16]
[1, 2, 7, 9]
[2, 3, 6, 11]
[3, 4, 6, 8, 27]
[2, 3, 5, 20]
[2, 4, 6, 15, 17]
[2, 4, 5, 18]
[1, 4, 8, 10, 12]
[1, 3, 8, 9, 16]
[1, 4, 6, 28]
[1, 3, 7, 12, 20]
[1, 4, 7, 14, 15]
[1, 2, 8, 13, 18]
[16, 17, 18, 19, 20, 21, 22, 23, 24, 25, 26, 27, 28]


6
process id 4
stats
5, 15, 7, 100, 1000
20220816-212142
loosing coalitions taken
[1, 4, 8, 10, 15]
[2, 4, 5, 21, 22]
[1, 2, 7, 10, 23]
[1, 5, 6, 9, 23]
[1, 3, 7, 15, 20]
[1, 2, 9, 12, 14]
[1, 2, 8, 11, 18]
[2, 3, 6, 13, 23]
[3, 4, 5, 15]
[3, 4, 6, 12, 16]
[1, 3, 8, 13, 14]
[2, 3, 5, 20]
[1, 4, 6, 25]
[2, 4, 6, 10, 18]
[16, 17, 18, 19, 20, 21, 22, 23, 24, 25, 26, 27, 28]


5
process id 5
stats
5, 15, 7, 100, 1000
20220816-212142
loosing coalitions taken
[3, 4, 5, 21, 23]
[1, 2, 7, 16, 20]
[1, 3, 7, 14, 22]
[2, 3, 6, 13]
[1, 2, 9, 12, 14]
[1, 3, 8, 12, 17]
[1, 2, 8, 11, 19]
[2, 4, 5, 16]
[2, 3, 5, 22]
[3, 4, 6, 12, 16]
[1, 4, 8, 13, 14]
[1, 5, 6, 13, 21]
[1, 4, 6, 25]
[2, 3, 7, 8, 9]
[16, 17, 18, 19, 20, 21, 22, 23, 24, 25, 26, 27, 28]


5
process id 7
stats
5, 15, 7, 100, 1000
20220816-212142
loosing coalitions taken
[2, 3, 6, 10]
[1, 3, 7, 9, 24]
[1, 2, 7, 17, 19]
[1, 3, 8, 11, 15]
[1, 4, 6, 28]
[2, 4, 5, 15]
[3, 4, 5, 16, 25]
[1, 4, 7, 13, 16]
[1, 2, 8, 9, 18]
[3, 4, 6, 8]
[1, 5, 6, 14, 19]
[2, 3, 5, 23]
[2, 4, 6, 11, 17]
[1, 2, 10, 11, 12]
[16, 17, 18, 19, 20, 21, 22, 23, 24, 25, 26, 27, 28]


6
process id 4
stats
5, 15, 7, 100, 1000
20220816-212144
loosing coalitions taken
[2, 3, 6, 15, 26]
[1, 2, 10, 12, 14]
[1, 4, 7, 9, 16]
[1, 5, 6, 15, 21]
[1, 3, 7, 11, 22]
[3, 4, 6, 10, 21]
[1, 3, 8, 10, 16]
[1, 4, 6, 28]
[1, 2, 8, 9, 19]
[2, 4, 5, 16]
[2, 3, 5, 20]
[3, 4, 5, 17, 25]
[1, 2, 7, 17, 18]
[2, 4, 6, 13, 22]
[16, 17, 18, 19, 20, 21, 22, 23, 24, 25, 26, 27, 28]


6
process id 7
stats
5, 15, 7, 100, 1000
20220816-212145
loosing coalitions taken
[2, 4, 5, 17]
[1, 2, 9, 10, 13]
[1, 3, 8, 14, 15]
[2, 3, 6, 15, 23]
[1, 4, 7, 13, 15]
[3, 4, 6, 10, 20]
[1, 2, 7, 16, 21]
[1, 5, 6, 14, 19]
[1, 4, 6, 26]
[2, 3, 5, 25]
[3, 4, 5, 13]
[1, 4, 8, 9, 11]
[2, 4, 6, 16, 18]
[1, 3, 7, 12, 19]
[16, 17, 18, 19, 20, 21, 22, 23, 24, 25, 26, 27, 28]


6
process id 3
stats
5, 15, 7, 100, 1000
20220816-212145
loosing coalitions taken
[2, 3, 6, 11]
[2, 4, 5, 19]
[1, 5, 6, 13, 22]
[1, 2, 7, 9]
[1, 3, 8, 10, 18]
[1, 3, 7, 14, 20]
[1, 4, 6, 26]
[2, 3, 5, 21]
[3, 4, 5, 16, 27]
[2, 4, 6, 15, 18]
[1, 2, 8, 14, 16]
[3, 4, 6, 8]
[1, 4, 7, 8]
[1, 2, 10, 12, 13]
[16, 17, 18, 19, 20, 21, 22, 23, 24, 25, 26, 27, 28]


6
process id 2
stats
5, 15, 7, 100, 1000
20220816-212147
loosing coalitions taken
[1, 2, 7, 11, 26]
[1, 3, 8, 12, 18]
[1, 5, 6, 10, 23]
[1, 4, 7, 8]
[3, 4, 5, 16]
[1, 3, 7, 14, 22]
[3, 4, 6, 8]
[2, 4, 6, 16, 17]
[1, 2, 9, 10, 13]
[2, 4, 5, 19]
[1, 4, 6, 26]
[2, 3, 6, 12]
[2, 3, 5, 21]
[1, 2, 8, 15, 16]
[16, 17, 18, 19, 20, 21, 22, 23, 24, 25, 26, 27, 28]


6
process id 7
stats
5, 15, 7, 100, 1000
20220816-212147
loosing coalitions taken
[1, 3, 8, 15, 16]
[1, 5, 6, 13, 22]
[2, 4, 5, 20, 27]
[1, 4, 8, 13, 14]
[3, 4, 5, 15]
[2, 3, 6, 10]
[1, 4, 6, 28]
[1, 2, 8, 12, 21]
[2, 3, 5, 21]
[1, 2, 7, 16, 17]
[1, 3, 7, 9, 24]
[2, 5, 6, 7, 11]
[3, 4, 6, 14, 16]
[1, 2, 9, 10, 14]
[16, 17, 18, 19, 20, 21, 22, 23, 24, 25, 26, 27, 28]


6
process id 5
stats
5, 15, 7, 100, 1000
20220816-212148
loosing coalitions taken
[1, 2, 8, 12, 21]
[1, 3, 7, 16, 19]
[3, 4, 5, 17, 26]
[1, 2, 9, 11, 13]
[2, 4, 6, 12, 22]
[2, 4, 5, 20]
[2, 3, 6, 11]
[1, 5, 6, 15, 18]
[1, 4, 7, 8, 23]
[2, 3, 5, 25]
[3, 4, 6, 14, 20]
[1, 4, 6, 25]
[2, 5, 6, 7, 13]
[1, 3, 8, 10, 18]
[16, 17, 18, 19, 20, 21, 22, 23, 24, 25, 26, 27, 28]


6
process id 1
stats
5, 15, 7, 100, 1000
20220816-212149
loosing coalitions taken
[1, 3, 7, 9, 24]
[1, 2, 7, 13, 23]
[1, 2, 8, 9, 22]
[2, 4, 5, 19]
[3, 4, 6, 12, 20]
[2, 3, 6, 14]
[1, 3, 8, 11, 18]
[1, 2, 10, 11, 12]
[1, 4, 6, 27]
[2, 3, 5, 20]
[2, 4, 6, 13, 22]
[1, 5, 6, 10, 23]
[3, 4, 5, 16]
[1, 4, 7, 11, 15]
[16, 17, 18, 19, 20, 21, 22, 23, 24, 25, 26, 27, 28]


5
process id 3
stats
5, 15, 7, 100, 1000
20220816-212149
loosing coalitions taken
[1, 4, 8, 10, 12]
[3, 4, 5, 16]
[1, 2, 7, 9]
[2, 3, 6, 12]
[1, 3, 8, 13, 15]
[3, 4, 6, 13, 18]
[2, 4, 5, 19, 23]
[2, 3, 5, 21]
[1, 4, 6, 28]
[2, 4, 6, 10, 21]
[1, 5, 6, 9, 21]
[1, 3, 7, 12, 22]
[1, 2, 8, 14, 20]
[1, 4, 7, 13, 16]
[16, 17, 18, 19, 20, 21, 22, 23, 24, 25, 26, 27, 28]


5
process id 0
stats
5, 15, 7, 100, 1000
20220816-212151
loosing coalitions taken
[3, 4, 5, 15]
[1, 5, 6, 14, 21]
[1, 2, 8, 14, 18]
[1, 2, 9, 12, 13]
[1, 3, 8, 9, 19]
[1, 4, 6, 28]
[2, 3, 6, 14]
[2, 4, 5, 18, 24]
[1, 4, 7, 8]
[1, 2, 7, 10, 26]
[3, 4, 6, 11, 18]
[2, 3, 5, 22]
[1, 3, 7, 11, 21]
[2, 4, 6, 15, 21]
[16, 17, 18, 19, 20, 21, 22, 23, 24, 25, 26, 27, 28]


6
process id 1
stats
5, 15, 7, 100, 1000
20220816-212151
loosing coalitions taken
[1, 3, 7, 14, 22]
[1, 4, 7, 9, 18]
[1, 3, 8, 12, 18]
[1, 2, 10, 12, 14]
[2, 3, 6, 11]
[1, 4, 8, 10, 15]
[1, 2, 7, 16, 21]
[1, 5, 6, 12, 24]
[2, 3, 5, 24]
[2, 4, 5, 16]
[3, 4, 5, 21, 22]
[3, 4, 6, 10, 17]
[1, 4, 6, 25]
[1, 2, 8, 13, 19]
[16, 17, 18, 19, 20, 21, 22, 23, 24, 25, 26, 27, 28]


6
process id 4
stats
5, 15, 7, 100, 1000
20220816-212152
loosing coalitions taken
[2, 4, 6, 12, 23]
[2, 4, 5, 21, 26]
[3, 4, 5, 16]
[2, 3, 6, 13]
[1, 5, 6, 10, 25]
[2, 3, 5, 24]
[1, 4, 7, 8, 23]
[1, 3, 7, 13, 20]
[1, 3, 8, 14, 15]
[1, 4, 6, 26]
[1, 2, 7, 14, 21]
[3, 4, 6, 11, 20]
[1, 2, 10, 11, 13]
[1, 3, 9, 10, 12]
[16, 17, 18, 19, 20, 21, 22, 23, 24, 25, 26, 27, 28]


6
process id 6
stats
5, 15, 7, 100, 1000
20220816-212152
loosing coalitions taken
[1, 3, 8, 12, 19]
[1, 4, 7, 8, 25]
[3, 4, 5, 16, 27]
[1, 3, 7, 14, 22]
[1, 2, 10, 12, 14]
[2, 4, 5, 20]
[2, 3, 6, 9]
[2, 3, 5, 24, 28]
[3, 4, 6, 8]
[1, 2, 7, 9]
[1, 4, 6, 27]
[2, 4, 6, 14, 18]
[1, 2, 8, 11, 18]
[1, 5, 6, 10, 24]
[16, 17, 18, 19, 20, 21, 22, 23, 24, 25, 26, 27, 28]


5
process id 7
stats
5, 15, 7, 100, 1000
20220816-212153
loosing coalitions taken
[1, 3, 8, 11, 17]
[2, 4, 5, 20]
[2, 3, 6, 10]
[1, 2, 7, 15, 21]
[1, 2, 8, 12, 19]
[3, 4, 5, 14]
[1, 4, 7, 13, 14]
[1, 4, 6, 27]
[1, 3, 7, 9, 22]
[2, 3, 5, 22]
[3, 4, 6, 12, 17]
[1, 5, 6, 10, 24]
[1, 4, 8, 9, 15]
[2, 4, 6, 9, 24]
[16, 17, 18, 19, 20, 21, 22, 23, 24, 25, 26, 27, 28]


5
process id 6
stats
5, 15, 7, 100, 1000
20220816-212155
loosing coalitions taken
[2, 3, 6, 14]
[1, 3, 9, 10, 11]
[3, 4, 5, 16]
[1, 2, 7, 11, 23]
[1, 2, 10, 12, 13]
[1, 3, 8, 12, 19]
[3, 4, 6, 8]
[2, 3, 5, 22]
[2, 4, 5, 19]
[2, 4, 6, 12, 18]
[1, 3, 7, 15, 18]
[1, 5, 6, 14, 22]
[1, 2, 8, 14, 15]
[1, 4, 6, 27]
[16, 17, 18, 19, 20, 21, 22, 23, 24, 25, 26, 27, 28]


6
process id 5
stats
5, 15, 7, 100, 1000
20220816-212156
loosing coalitions taken
[1, 5, 6, 12, 24]
[1, 3, 7, 15, 19]
[2, 3, 6, 10, 27]
[1, 3, 8, 10, 18]
[1, 2, 7, 9]
[2, 3, 5, 24]
[1, 4, 8, 9, 14]
[1, 4, 6, 26]
[1, 2, 10, 12, 13]
[2, 4, 5, 16]
[2, 4, 6, 13, 22]
[3, 4, 6, 8]
[3, 4, 5, 13]
[1, 2, 8, 11, 16]
[16, 17, 18, 19, 20, 21, 22, 23, 24, 25, 26, 27, 28]


6
process id 4
stats
5, 15, 7, 100, 1000
20220816-212158
loosing coalitions taken
[2, 3, 6, 13]
[1, 3, 8, 15, 16]
[1, 2, 7, 17, 18]
[1, 2, 10, 11, 12]
[2, 4, 5, 17]
[1, 3, 7, 9, 22]
[3, 4, 5, 15]
[2, 3, 5, 20]
[2, 4, 6, 9, 23]
[1, 2, 8, 9, 19]
[3, 4, 6, 8]
[1, 4, 7, 10, 19]
[1, 4, 6, 28]
[1, 4, 8, 11, 13]
[16, 17, 18, 19, 20, 21, 22, 23, 24, 25, 26, 27, 28]


6
process id 0
stats
5, 15, 7, 100, 1000
20220816-212159
loosing coalitions taken
[1, 4, 7, 8]
[1, 2, 10, 12, 13]
[2, 3, 6, 13]
[3, 4, 5, 18, 27]
[1, 5, 6, 14, 22]
[2, 4, 6, 10, 23]
[2, 3, 5, 24]
[1, 3, 7, 13, 22]
[2, 4, 5, 17]
[1, 4, 6, 27, 28]
[1, 3, 8, 9, 18]
[1, 2, 8, 11, 17]
[1, 2, 7, 9, 27]
[3, 4, 6, 12, 21]
[16, 17, 18, 19, 20, 21, 22, 23, 24, 25, 26, 27, 28]


6
process id 1
stats
5, 15, 7, 100, 1000
20220816-212200
loosing coalitions taken
[2, 3, 6, 10]
[1, 5, 6, 12, 23]
[1, 3, 7, 11, 21]
[1, 3, 8, 13, 16]
[1, 4, 8, 10, 14]
[1, 2, 7, 9]
[3, 4, 5, 18, 25]
[2, 4, 5, 21, 22]
[1, 4, 6, 25]
[3, 4, 6, 11, 17]
[2, 3, 5, 20]
[2, 4, 6, 15, 20]
[1, 3, 9, 10, 12]
[1, 2, 8, 11, 17]
[16, 17, 18, 19, 20, 21, 22, 23, 24, 25, 26, 27, 28]


6
process id 2
stats
5, 15, 7, 100, 1000
20220816-212202
loosing coalitions taken
[2, 3, 6, 16, 23]
[1, 5, 6, 9, 24]
[1, 2, 8, 14, 20]
[1, 4, 8, 10, 13]
[1, 3, 7, 15, 19]
[1, 4, 7, 11, 16]
[1, 2, 7, 9]
[2, 4, 5, 18]
[3, 4, 6, 14, 20]
[1, 4, 6, 28]
[2, 3, 5, 25]
[2, 4, 6, 10, 24]
[3, 4, 5, 15, 26]
[1, 3, 9, 10, 12]
[16, 17, 18, 19, 20, 21, 22, 23, 24, 25, 26, 27, 28]


6
process id 1
stats
5, 15, 7, 100, 1000
20220816-212204
loosing coalitions taken
[1, 3, 8, 9, 19]
[1, 2, 7, 9]
[1, 5, 6, 13, 23]
[3, 4, 6, 11, 20]
[2, 3, 6, 13]
[2, 4, 5, 17]
[1, 4, 7, 12, 14]
[2, 3, 5, 24]
[1, 4, 6, 27]
[3, 4, 5, 14]
[1, 3, 7, 15, 21]
[2, 3, 7, 8, 10]
[2, 4, 6, 14, 18]
[1, 2, 8, 14, 20]
[16, 17, 18, 19, 20, 21, 22, 23, 24, 25, 26, 27, 28]


6
process id 7
stats
5, 15, 7, 100, 1000
20220816-212204
loosing coalitions taken
[1, 2, 7, 16, 20]
[3, 4, 6, 13, 21]
[1, 3, 7, 11, 22]
[1, 3, 8, 12, 18]
[1, 2, 8, 14, 19]
[1, 2, 9, 11, 13]
[3, 4, 5, 16]
[1, 4, 7, 8]
[1, 5, 6, 9, 24]
[2, 3, 5, 23]
[2, 4, 5, 17]
[2, 4, 6, 15, 20]
[1, 4, 6, 26]
[2, 3, 6, 11, 25]
[16, 17, 18, 19, 20, 21, 22, 23, 24, 25, 26, 27, 28]


6
process id 4
stats
5, 15, 7, 100, 1000
20220816-212205
loosing coalitions taken
[1, 2, 7, 9]
[1, 3, 8, 15, 16]
[2, 3, 5, 22]
[3, 4, 6, 14, 16]
[2, 4, 5, 17]
[2, 3, 6, 11]
[1, 4, 6, 25]
[1, 5, 6, 13, 20]
[2, 4, 6, 12, 19]
[1, 4, 7, 8]
[1, 2, 8, 12, 17]
[3, 4, 5, 19, 21]
[1, 2, 10, 11, 13]
[1, 3, 7, 11, 18]
[16, 17, 18, 19, 20, 21, 22, 23, 24, 25, 26, 27, 28]


6
process id 0
stats
5, 15, 7, 100, 1000
20220816-212206
loosing coalitions taken
[1, 5, 6, 13, 24]
[1, 2, 7, 14, 22]
[2, 3, 6, 9]
[2, 4, 5, 18]
[3, 4, 5, 13]
[1, 2, 10, 11, 13]
[1, 4, 7, 8]
[1, 3, 7, 10, 24]
[1, 2, 8, 12, 20]
[1, 4, 6, 25]
[2, 3, 5, 25]
[3, 4, 6, 8]
[1, 3, 8, 11, 16]
[2, 4, 6, 15, 17]
[16, 17, 18, 19, 20, 21, 22, 23, 24, 25, 26, 27, 28]


5
process id 6
stats
5, 15, 7, 100, 1000
20220816-212206
loosing coalitions taken
[2, 4, 5, 16]
[1, 2, 7, 9, 26]
[1, 4, 7, 10, 17]
[1, 3, 7, 12, 22]
[2, 3, 6, 13]
[1, 2, 8, 11, 21]
[3, 4, 6, 8]
[3, 4, 5, 14]
[2, 3, 5, 20]
[1, 5, 6, 12, 20]
[2, 4, 6, 14, 22]
[1, 4, 6, 26]
[1, 4, 8, 9, 13]
[1, 3, 8, 15, 16]
[16, 17, 18, 19, 20, 21, 22, 23, 24, 25, 26, 27, 28]


5
process id 2
stats
5, 15, 7, 100, 1000
20220816-212207
loosing coalitions taken
[2, 4, 5, 20]
[1, 2, 7, 11, 22]
[1, 2, 9, 10, 14]
[1, 3, 8, 9, 18]
[1, 2, 8, 12, 21]
[1, 3, 7, 14, 17]
[1, 5, 6, 16, 18]
[2, 3, 6, 14]
[3, 4, 5, 15]
[2, 3, 5, 24]
[2, 4, 6, 12, 17]
[1, 4, 6, 25]
[1, 4, 7, 10, 16]
[3, 4, 6, 8]
[16, 17, 18, 19, 20, 21, 22, 23, 24, 25, 26, 27, 28]


6
process id 5
stats
5, 15, 7, 100, 1000
20220816-212207
loosing coalitions taken
[2, 3, 5, 24]
[1, 2, 7, 11, 27]
[1, 2, 10, 12, 13]
[3, 4, 6, 13, 17]
[2, 4, 6, 15, 19]
[1, 3, 7, 14, 20]
[2, 4, 5, 20]
[3, 4, 5, 14]
[1, 4, 6, 27]
[1, 5, 6, 10, 22]
[2, 3, 6, 14]
[1, 3, 8, 12, 15]
[1, 4, 7, 8]
[1, 2, 8, 14, 17]
[16, 17, 18, 19, 20, 21, 22, 23, 24, 25, 26, 27, 28]


5
process id 6
stats
5, 15, 7, 100, 1000
20220816-212209
loosing coalitions taken
[1, 2, 7, 16, 17]
[3, 4, 5, 16]
[1, 2, 9, 12, 13]
[1, 2, 8, 10, 21]
[1, 3, 8, 11, 18]
[1, 5, 6, 10, 23]
[1, 4, 7, 8]
[2, 4, 5, 22, 24]
[2, 3, 5, 25]
[2, 4, 6, 16, 18]
[1, 4, 6, 26]
[3, 4, 6, 15, 17]
[2, 3, 6, 10]
[1, 3, 7, 12, 21]
[16, 17, 18, 19, 20, 21, 22, 23, 24, 25, 26, 27, 28]


5
process id 2
stats
5, 15, 7, 100, 1000
20220816-212209
loosing coalitions taken
[1, 3, 8, 10, 18]
[1, 2, 8, 13, 19]
[1, 2, 7, 12, 23]
[3, 4, 6, 14, 19]
[2, 4, 5, 20]
[1, 4, 7, 8]
[1, 5, 6, 12, 22]
[3, 4, 5, 13]
[2, 4, 6, 12, 18]
[1, 3, 7, 15, 16]
[2, 3, 6, 10]
[1, 2, 9, 11, 14]
[2, 3, 5, 22]
[1, 4, 6, 27]
[16, 17, 18, 19, 20, 21, 22, 23, 24, 25, 26, 27, 28]


6
process id 3
stats
5, 15, 7, 100, 1000
20220816-212209
loosing coalitions taken
[1, 2, 9, 11, 14]
[1, 2, 7, 12, 22]
[1, 3, 8, 11, 19]
[1, 2, 8, 13, 20]
[1, 4, 7, 9, 19]
[2, 3, 6, 15, 26]
[2, 3, 5, 23]
[1, 3, 7, 13, 17]
[2, 4, 5, 16, 28]
[1, 4, 6, 28]
[1, 5, 6, 14, 19]
[3, 4, 5, 13]
[2, 4, 6, 9, 23]
[3, 4, 6, 11, 20]
[16, 17, 18, 19, 20, 21, 22, 23, 24, 25, 26, 27, 28]


6
process id 1
stats
5, 15, 7, 100, 1000
20220816-212209
loosing coalitions taken
[1, 4, 8, 10, 15]
[1, 2, 9, 10, 13]
[1, 5, 6, 10, 23]
[3, 4, 5, 15]
[1, 3, 7, 13, 18]
[1, 3, 8, 9, 16]
[2, 4, 6, 9, 20]
[2, 3, 6, 14, 22]
[1, 2, 8, 14, 20]
[2, 4, 5, 17]
[1, 4, 6, 27]
[1, 2, 7, 11, 26]
[2, 3, 5, 26, 28]
[1, 4, 7, 14, 16]
[16, 17, 18, 19, 20, 21, 22, 23, 24, 25, 26, 27, 28]


5
process id 4
stats
5, 15, 7, 100, 1000
20220816-212211
loosing coalitions taken
[1, 3, 8, 11, 17]
[1, 5, 6, 9, 24]
[1, 4, 7, 8]
[2, 4, 5, 18]
[2, 3, 6, 12]
[3, 4, 5, 15]
[2, 4, 6, 9, 20]
[1, 2, 7, 9]
[1, 3, 7, 14, 19]
[2, 3, 5, 25]
[3, 4, 6, 8]
[1, 4, 6, 28]
[1, 2, 8, 12, 20]
[1, 2, 10, 11, 14]
[16, 17, 18, 19, 20, 21, 22, 23, 24, 25, 26, 27, 28]


6
process id 6
stats
5, 15, 7, 100, 1000
20220816-212211
loosing coalitions taken
[3, 4, 6, 11, 21]
[1, 3, 7, 15, 17]
[1, 2, 9, 10, 12]
[1, 2, 8, 13, 17]
[1, 2, 7, 14, 24]
[2, 3, 6, 10]
[1, 3, 8, 9, 19]
[1, 4, 7, 8]
[1, 4, 6, 25]
[2, 4, 5, 16]
[2, 3, 5, 26, 27]
[1, 5, 6, 15, 18]
[2, 4, 6, 12, 22]
[3, 4, 5, 15]
[16, 17, 18, 19, 20, 21, 22, 23, 24, 25, 26, 27, 28]


6
process id 0
stats
5, 15, 7, 100, 1000
20220816-212212
loosing coalitions taken
[3, 4, 5, 16]
[1, 2, 7, 9]
[1, 4, 8, 12, 13]
[1, 3, 8, 11, 18]
[2, 3, 6, 10]
[2, 3, 5, 20]
[1, 5, 6, 11, 21]
[2, 4, 5, 17, 27]
[3, 4, 6, 12, 17]
[1, 2, 8, 14, 16]
[1, 4, 6, 25]
[1, 3, 7, 14, 17]
[1, 3, 9, 10, 12]
[2, 4, 6, 11, 19]
[16, 17, 18, 19, 20, 21, 22, 23, 24, 25, 26, 27, 28]


6
process id 5
stats
5, 15, 7, 100, 1000
20220816-212213
loosing coalitions taken
[2, 4, 5, 18]
[1, 5, 6, 11, 25]
[2, 3, 6, 13]
[1, 2, 7, 11, 26]
[1, 2, 10, 12, 14]
[1, 2, 8, 9, 20]
[1, 3, 7, 10, 23]
[3, 4, 5, 16]
[1, 4, 6, 26]
[3, 4, 6, 15, 17]
[2, 3, 5, 27, 28]
[1, 3, 8, 11, 15]
[1, 4, 7, 8]
[2, 4, 6, 10, 19]
[16, 17, 18, 19, 20, 21, 22, 23, 24, 25, 26, 27, 28]


6
process id 1
stats
5, 15, 7, 100, 1000
20220816-212213
loosing coalitions taken
[3, 4, 5, 17, 26]
[1, 5, 6, 11, 24]
[1, 2, 7, 14, 22]
[1, 3, 8, 14, 16]
[1, 3, 7, 15, 17]
[1, 4, 7, 8]
[3, 4, 6, 12, 21]
[2, 3, 6, 10]
[2, 3, 5, 22]
[1, 4, 6, 28]
[2, 4, 5, 20, 27]
[2, 4, 6, 13, 18]
[1, 2, 8, 12, 17]
[1, 3, 9, 10, 11]
[16, 17, 18, 19, 20, 21, 22, 23, 24, 25, 26, 27, 28]


5
process id 0
stats
5, 15, 7, 100, 1000
20220816-212214
loosing coalitions taken
[2, 4, 6, 14, 22]
[1, 5, 6, 13, 23]
[1, 2, 8, 10, 20]
[1, 3, 7, 10, 21]
[2, 4, 5, 19]
[2, 3, 6, 10]
[1, 2, 7, 13, 25]
[1, 2, 9, 11, 14]
[1, 4, 7, 11, 15]
[2, 3, 5, 23]
[1, 4, 8, 12, 13]
[3, 4, 5, 15]
[1, 3, 8, 14, 16]
[1, 4, 6, 28]
[16, 17, 18, 19, 20, 21, 22, 23, 24, 25, 26, 27, 28]


6
process id 3
stats
5, 15, 7, 100, 1000
20220816-212215
loosing coalitions taken
[1, 2, 7, 9, 28]
[1, 4, 7, 8]
[2, 4, 5, 17, 27]
[1, 3, 9, 10, 11]
[3, 4, 5, 18, 26]
[2, 3, 6, 17, 19]
[1, 3, 7, 12, 18]
[1, 5, 6, 13, 17]
[1, 2, 10, 12, 13]
[1, 4, 6, 25]
[2, 4, 6, 11, 21]
[3, 4, 6, 9, 20]
[2, 3, 5, 20]
[1, 2, 8, 14, 19]
[16, 17, 18, 19, 20, 21, 22, 23, 24, 25, 26, 27, 28]


6
process id 7
stats
5, 15, 7, 100, 1000
20220816-212215
loosing coalitions taken
[1, 2, 7, 13, 23]
[2, 3, 6, 14]
[2, 4, 5, 18]
[1, 2, 9, 11, 12]
[1, 3, 8, 13, 16]
[1, 2, 8, 10, 17]
[3, 4, 5, 16, 24]
[2, 4, 6, 13, 21]
[1, 4, 7, 8, 24]
[2, 3, 5, 22]
[1, 4, 6, 26]
[3, 4, 6, 12, 17]
[1, 5, 6, 11, 22]
[1, 3, 7, 14, 20]
[16, 17, 18, 19, 20, 21, 22, 23, 24, 25, 26, 27, 28]


6
process id 2
stats
5, 15, 7, 100, 1000
20220816-212215
loosing coalitions taken
[1, 4, 7, 12, 16]
[1, 2, 9, 10, 12]
[1, 2, 7, 14, 21]
[1, 3, 7, 10, 22]
[2, 3, 6, 9]
[1, 4, 6, 28]
[3, 4, 5, 15]
[1, 2, 8, 13, 17]
[2, 3, 5, 22, 27]
[1, 5, 6, 13, 18]
[3, 4, 6, 14, 19]
[2, 4, 5, 18]
[1, 3, 8, 9, 19]
[2, 4, 6, 12, 22]
[16, 17, 18, 19, 20, 21, 22, 23, 24, 25, 26, 27, 28]


5
process id 0
stats
5, 15, 7, 100, 1000
20220816-212216
loosing coalitions taken
[1, 5, 6, 10, 25]
[3, 4, 6, 12, 20]
[2, 4, 5, 20]
[2, 3, 6, 17, 21]
[1, 4, 6, 27]
[1, 2, 9, 10, 13]
[1, 3, 7, 16, 17]
[1, 3, 8, 10, 19]
[2, 3, 5, 24]
[3, 4, 5, 13]
[1, 2, 8, 14, 18]
[1, 2, 7, 12, 21]
[2, 4, 6, 9, 24]
[1, 4, 7, 8, 26]
[16, 17, 18, 19, 20, 21, 22, 23, 24, 25, 26, 27, 28]


6
process id 5
stats
5, 15, 7, 100, 1000
20220816-212218
loosing coalitions taken
[1, 2, 8, 11, 21]
[1, 2, 9, 10, 14]
[3, 4, 5, 16, 28]
[2, 3, 5, 24]
[1, 4, 7, 14, 16]
[1, 3, 8, 12, 16]
[1, 3, 7, 15, 18]
[1, 2, 7, 17, 19]
[2, 4, 5, 17]
[1, 4, 6, 25]
[2, 3, 6, 9]
[3, 4, 6, 8]
[1, 5, 6, 13, 22]
[2, 4, 6, 16, 19]
[16, 17, 18, 19, 20, 21, 22, 23, 24, 25, 26, 27, 28]


5
process id 3
stats
5, 15, 7, 100, 1000
20220816-212218
loosing coalitions taken
[1, 2, 8, 10, 19]
[1, 3, 8, 15, 16]
[1, 3, 7, 9, 21]
[2, 4, 5, 20]
[1, 2, 9, 12, 13]
[1, 2, 7, 11, 27]
[3, 5, 6, 7, 10]
[1, 4, 8, 11, 14]
[1, 4, 6, 27]
[3, 4, 6, 8]
[2, 3, 6, 14, 25]
[2, 4, 6, 15, 21]
[3, 4, 5, 16, 23]
[1, 5, 6, 9, 20]
[16, 17, 18, 19, 20, 21, 22, 23, 24, 25, 26, 27, 28]


6
process id 4
stats
5, 15, 7, 100, 1000
20220816-212219
loosing coalitions taken
[2, 4, 5, 18]
[1, 2, 7, 14, 23]
[1, 4, 7, 10, 19]
[1, 2, 8, 12, 19]
[1, 3, 7, 15, 21]
[1, 3, 8, 13, 16]
[2, 3, 6, 10]
[2, 3, 5, 22]
[3, 4, 5, 17, 23]
[3, 4, 6, 13, 19]
[1, 4, 8, 9, 15]
[1, 5, 6, 12, 22]
[1, 2, 9, 10, 13]
[2, 4, 6, 9, 24]
[16, 17, 18, 19, 20, 21, 22, 23, 24, 25, 26, 27, 28]


6
process id 2
stats
5, 15, 7, 100, 1000
20220816-212220
loosing coalitions taken
[1, 3, 8, 9, 19]
[1, 2, 8, 12, 17]
[1, 2, 7, 9]
[2, 4, 5, 20]
[1, 5, 6, 16, 18]
[1, 4, 8, 10, 15]
[2, 3, 6, 13]
[3, 4, 6, 8]
[2, 3, 5, 23]
[1, 4, 7, 14, 16]
[1, 3, 7, 11, 23]
[3, 4, 5, 16, 27]
[1, 4, 6, 28]
[2, 4, 6, 9, 24]
[16, 17, 18, 19, 20, 21, 22, 23, 24, 25, 26, 27, 28]


5
process id 4
stats
5, 15, 7, 100, 1000
20220816-212223
loosing coalitions taken
[1, 2, 9, 11, 13]
[2, 4, 6, 9, 25]
[2, 3, 6, 13]
[1, 5, 6, 10, 24]
[3, 4, 5, 17, 21]
[3, 4, 6, 8]
[1, 4, 7, 14, 15]
[2, 3, 5, 25]
[2, 4, 5, 16]
[1, 3, 8, 10, 16]
[1, 3, 7, 11, 23]
[1, 2, 8, 14, 17]
[1, 4, 6, 26]
[1, 2, 7, 10, 26]
[16, 17, 18, 19, 20, 21, 22, 23, 24, 25, 26, 27, 28]


6
process id 0
stats
5, 15, 7, 100, 1000
20220816-212223
loosing coalitions taken
[1, 3, 7, 9, 22]
[1, 2, 8, 12, 19]
[2, 4, 5, 19]
[3, 5, 6, 7, 15]
[1, 5, 6, 9, 26]
[1, 2, 7, 17, 18]
[1, 3, 8, 11, 18]
[3, 4, 5, 18, 26]
[2, 3, 5, 21]
[2, 3, 6, 10]
[1, 4, 6, 25]
[2, 4, 6, 14, 20]
[1, 2, 10, 11, 13]
[3, 4, 6, 8, 28]
[16, 17, 18, 19, 20, 21, 22, 23, 24, 25, 26, 27, 28]


6
process id 2
stats
5, 15, 7, 100, 1000
20220816-212223
loosing coalitions taken
[1, 3, 8, 10, 18]
[2, 3, 6, 14]
[2, 4, 5, 21, 23]
[3, 4, 5, 16]
[1, 5, 6, 13, 23]
[1, 4, 6, 26]
[2, 4, 6, 10, 20]
[1, 2, 9, 12, 13]
[1, 3, 7, 13, 19]
[1, 4, 7, 12, 16]
[3, 4, 6, 8]
[2, 3, 5, 22]
[1, 2, 8, 11, 21]
[1, 2, 7, 10, 23]
[16, 17, 18, 19, 20, 21, 22, 23, 24, 25, 26, 27, 28]


6
process id 7
stats
5, 15, 7, 100, 1000
20220816-212224
loosing coalitions taken
[1, 5, 6, 15, 21]
[1, 3, 8, 10, 18]
[1, 2, 9, 10, 11]
[2, 4, 6, 9, 23]
[2, 3, 6, 11]
[3, 4, 5, 16]
[1, 2, 7, 14, 22]
[1, 2, 8, 13, 19]
[1, 3, 7, 15, 17]
[1, 4, 7, 8]
[2, 4, 5, 18]
[1, 4, 6, 27]
[2, 3, 5, 22]
[3, 4, 6, 13, 18]
[16, 17, 18, 19, 20, 21, 22, 23, 24, 25, 26, 27, 28]


6
process id 1
stats
5, 15, 7, 100, 1000
20220816-212224
loosing coalitions taken
[2, 4, 5, 17]
[1, 4, 7, 12, 16]
[1, 5, 6, 16, 19]
[2, 3, 7, 8, 10]
[1, 3, 8, 15, 16]
[3, 4, 6, 10, 21]
[2, 3, 6, 12]
[1, 2, 8, 11, 19]
[1, 2, 7, 9]
[2, 3, 5, 20]
[1, 4, 6, 25]
[2, 4, 6, 15, 18]
[3, 4, 5, 16, 27]
[1, 3, 7, 11, 22]
[16, 17, 18, 19, 20, 21, 22, 23, 24, 25, 26, 27, 28]


6
process id 4
stats
5, 15, 7, 100, 1000
20220816-212224
loosing coalitions taken
[2, 3, 6, 13]
[1, 2, 7, 9]
[1, 4, 6, 26]
[3, 4, 5, 16]
[2, 4, 5, 19]
[3, 4, 6, 12, 21]
[2, 4, 6, 9, 25]
[1, 4, 8, 11, 14]
[1, 4, 7, 13, 16]
[2, 3, 5, 24]
[1, 2, 8, 10, 17]
[1, 3, 9, 10, 11]
[1, 3, 8, 12, 19]
[1, 3, 7, 15, 18]
[16, 17, 18, 19, 20, 21, 22, 23, 24, 25, 26, 27, 28]


5
process id 2
stats
5, 15, 7, 100, 1000
20220816-212226
loosing coalitions taken
[1, 2, 8, 11, 20]
[1, 3, 8, 10, 18]
[2, 3, 6, 13]
[1, 2, 10, 12, 14]
[2, 4, 5, 19]
[3, 4, 5, 16]
[2, 3, 5, 23]
[2, 4, 6, 16, 18]
[1, 5, 6, 15, 16]
[1, 4, 6, 26]
[1, 3, 7, 12, 21]
[1, 2, 7, 13, 24]
[3, 4, 6, 11, 21]
[1, 4, 7, 8]
[16, 17, 18, 19, 20, 21, 22, 23, 24, 25, 26, 27, 28]


5
process id 3
stats
5, 15, 7, 100, 1000
20220816-212226
loosing coalitions taken
[1, 4, 7, 10, 19]
[1, 5, 6, 15, 21]
[1, 2, 7, 16, 20]
[1, 3, 7, 9, 23]
[1, 2, 10, 11, 14]
[2, 3, 6, 11]
[2, 4, 5, 19]
[1, 3, 8, 15, 16]
[3, 4, 6, 10, 21]
[3, 4, 5, 14]
[1, 4, 6, 25]
[2, 4, 6, 16, 18]
[1, 4, 8, 9, 11]
[2, 3, 5, 25]
[16, 17, 18, 19, 20, 21, 22, 23, 24, 25, 26, 27, 28]


6
process id 0
stats
5, 15, 7, 100, 1000
20220816-212231
loosing coalitions taken
[1, 3, 8, 10, 17]
[1, 5, 6, 9, 25]
[2, 4, 5, 19, 26]
[1, 4, 7, 11, 17]
[1, 2, 7, 10, 24]
[1, 3, 7, 13, 22]
[2, 3, 6, 9]
[1, 2, 8, 11, 18]
[2, 3, 5, 20]
[1, 4, 8, 12, 13]
[1, 4, 6, 28]
[3, 4, 5, 17, 22]
[2, 4, 6, 15, 21]
[3, 4, 6, 8]
[16, 17, 18, 19, 20, 21, 22, 23, 24, 25, 26, 27, 28]


5
process id 3
stats
5, 15, 7, 100, 1000
20220816-212231
loosing coalitions taken
[1, 5, 6, 10, 25]
[1, 4, 7, 8]
[2, 4, 6, 16, 17]
[1, 2, 9, 11, 14]
[1, 3, 9, 10, 12]
[2, 3, 5, 25]
[1, 2, 8, 10, 21]
[3, 4, 6, 13, 19]
[2, 4, 5, 22, 24]
[3, 4, 5, 15]
[1, 2, 7, 15, 18]
[1, 3, 7, 14, 17]
[1, 4, 6, 28]
[2, 3, 6, 14]
[16, 17, 18, 19, 20, 21, 22, 23, 24, 25, 26, 27, 28]


6
process id 5
stats
5, 15, 7, 100, 1000
20220816-212231
loosing coalitions taken
[2, 3, 6, 14]
[1, 3, 8, 12, 17]
[1, 3, 9, 10, 11]
[1, 2, 7, 12, 26]
[1, 2, 8, 9, 19]
[1, 3, 7, 13, 18]
[2, 4, 5, 20]
[1, 4, 6, 26]
[2, 3, 5, 22, 24]
[1, 4, 7, 8]
[3, 4, 5, 13]
[3, 4, 6, 8]
[1, 5, 6, 16, 19]
[2, 4, 6, 9, 24]
[16, 17, 18, 19, 20, 21, 22, 23, 24, 25, 26, 27, 28]


6
process id 2
stats
5, 15, 7, 100, 1000
20220816-212232
loosing coalitions taken
[1, 2, 10, 11, 14]
[3, 4, 6, 14, 18]
[1, 5, 6, 10, 26]
[1, 3, 7, 15, 17]
[1, 2, 7, 16, 21]
[1, 3, 8, 11, 19]
[1, 4, 6, 28]
[1, 2, 8, 9, 18]
[2, 3, 6, 12, 26]
[1, 4, 7, 9, 19]
[2, 3, 5, 23, 27]
[3, 4, 5, 17, 22]
[2, 4, 5, 19]
[2, 4, 6, 16, 17]
[16, 17, 18, 19, 20, 21, 22, 23, 24, 25, 26, 27, 28]


6
process id 7
stats
5, 15, 7, 100, 1000
20220816-212233
loosing coalitions taken
[1, 5, 6, 12, 23]
[1, 4, 8, 10, 14]
[3, 4, 6, 9, 18]
[2, 4, 5, 17]
[2, 3, 6, 10]
[2, 3, 5, 22, 26]
[1, 3, 7, 11, 19]
[1, 2, 8, 15, 16]
[3, 4, 5, 15]
[2, 4, 6, 14, 21]
[1, 2, 7, 12, 22]
[1, 4, 6, 27]
[1, 4, 7, 13, 16]
[1, 2, 9, 11, 13]
[16, 17, 18, 19, 20, 21, 22, 23, 24, 25, 26, 27, 28]


6
process id 6
stats
5, 15, 7, 100, 1000
20220816-212233
loosing coalitions taken
[1, 3, 7, 10, 23]
[2, 4, 5, 18]
[1, 2, 9, 11, 12]
[1, 2, 8, 15, 17]
[1, 5, 6, 11, 22]
[2, 3, 6, 15, 26]
[3, 4, 6, 8]
[2, 3, 5, 24]
[1, 4, 8, 10, 13]
[3, 4, 5, 19, 25]
[1, 4, 6, 25]
[2, 4, 6, 12, 19]
[1, 2, 7, 13, 21]
[1, 4, 7, 9, 16]
[16, 17, 18, 19, 20, 21, 22, 23, 24, 25, 26, 27, 28]


5
process id 1
stats
5, 15, 7, 100, 1000
20220816-212233
loosing coalitions taken
[2, 3, 6, 14]
[1, 4, 7, 9, 16]
[1, 3, 9, 10, 12]
[1, 5, 6, 16, 20]
[1, 2, 7, 10, 28]
[2, 4, 5, 20]
[1, 4, 8, 10, 14]
[1, 3, 7, 13, 17]
[1, 4, 6, 25]
[2, 3, 5, 22]
[3, 4, 6, 11, 17]
[2, 4, 6, 13, 22]
[3, 4, 5, 15, 28]
[2, 5, 6, 8, 9]
[16, 17, 18, 19, 20, 21, 22, 23, 24, 25, 26, 27, 28]


6
process id 4
stats
5, 15, 7, 100, 1000
20220816-212235
loosing coalitions taken
[1, 3, 7, 15, 21]
[1, 2, 7, 9, 25]
[1, 4, 8, 9, 12]
[3, 4, 5, 15]
[1, 4, 7, 13, 16]
[1, 2, 10, 12, 14]
[1, 2, 8, 11, 17]
[1, 5, 6, 11, 25]
[2, 3, 6, 12, 25]
[2, 4, 6, 11, 22]
[2, 3, 5, 22]
[2, 4, 5, 19, 27]
[3, 4, 6, 8, 27]
[1, 4, 6, 28]
[16, 17, 18, 19, 20, 21, 22, 23, 24, 25, 26, 27, 28]


6
process id 5
stats
5, 15, 7, 100, 1000
20220816-212235
loosing coalitions taken
[1, 2, 8, 13, 19]
[2, 4, 5, 17, 27]
[1, 2, 7, 15, 22]
[1, 5, 6, 13, 22]
[3, 4, 5, 16]
[1, 3, 7, 9, 20]
[1, 2, 9, 10, 12]
[2, 3, 6, 9]
[2, 3, 5, 20]
[1, 4, 6, 27]
[2, 4, 6, 11, 18]
[1, 4, 7, 12, 14]
[3, 4, 6, 10, 19]
[1, 3, 8, 11, 16]
[16, 17, 18, 19, 20, 21, 22, 23, 24, 25, 26, 27, 28]


5
process id 1
stats
5, 15, 7, 100, 1000
20220816-212236
loosing coalitions taken
[1, 2, 9, 10, 14]
[1, 2, 7, 11, 25]
[1, 5, 6, 10, 26]
[2, 4, 5, 17]
[1, 3, 7, 15, 19]
[2, 3, 6, 12]
[1, 3, 8, 10, 17]
[2, 3, 5, 24]
[3, 4, 5, 14]
[3, 4, 6, 9, 17]
[2, 4, 6, 13, 18]
[1, 4, 6, 27]
[1, 2, 8, 12, 18]
[1, 4, 8, 9, 15]
[16, 17, 18, 19, 20, 21, 22, 23, 24, 25, 26, 27, 28]


6
process id 7
stats
5, 15, 7, 100, 1000
20220816-212237
loosing coalitions taken
[2, 3, 6, 13]
[1, 2, 7, 9, 26]
[1, 5, 6, 14, 21]
[1, 3, 8, 9, 16]
[3, 4, 5, 15]
[1, 2, 8, 12, 18]
[1, 4, 8, 13, 14]
[2, 4, 5, 17, 26]
[3, 4, 6, 10, 17]
[2, 3, 5, 25]
[2, 4, 6, 9, 22]
[1, 4, 7, 10, 16]
[1, 4, 6, 28]
[1, 3, 7, 12, 22]
[16, 17, 18, 19, 20, 21, 22, 23, 24, 25, 26, 27, 28]


6
process id 6
stats
5, 15, 7, 100, 1000
20220816-212238
loosing coalitions taken
[1, 5, 6, 11, 24]
[1, 2, 7, 16, 20]
[1, 2, 10, 12, 13]
[2, 4, 5, 17]
[1, 4, 6, 26]
[2, 3, 5, 22]
[2, 3, 6, 14]
[1, 3, 8, 12, 19]
[1, 4, 7, 10, 18]
[3, 4, 5, 14]
[2, 4, 6, 9, 21]
[1, 2, 8, 9, 17]
[3, 4, 6, 8]
[1, 3, 7, 14, 21]
[16, 17, 18, 19, 20, 21, 22, 23, 24, 25, 26, 27, 28]


5
process id 1
stats
5, 15, 7, 100, 1000
20220816-212241
loosing coalitions taken
[1, 3, 8, 12, 19]
[2, 3, 6, 12, 26]
[3, 4, 5, 15]
[1, 2, 8, 13, 17]
[1, 2, 9, 10, 14]
[1, 2, 7, 11, 22]
[2, 5, 6, 7, 16]
[1, 4, 7, 8]
[2, 3, 5, 23, 28]
[2, 4, 5, 21, 26]
[1, 4, 6, 28]
[1, 5, 6, 10, 20]
[3, 4, 6, 8]
[2, 4, 6, 11, 24]
[16, 17, 18, 19, 20, 21, 22, 23, 24, 25, 26, 27, 28]


6
process id 7
stats
5, 15, 7, 100, 1000
20220816-212242
loosing coalitions taken
[1, 4, 7, 9, 16]
[1, 3, 7, 12, 22]
[1, 2, 8, 11, 21]
[2, 3, 6, 14]
[1, 2, 9, 10, 13]
[1, 5, 6, 16, 17]
[1, 4, 6, 28]
[2, 4, 5, 15]
[3, 4, 5, 19, 24]
[2, 3, 5, 25]
[2, 4, 6, 9, 21]
[3, 4, 6, 8]
[1, 4, 8, 13, 14]
[1, 2, 7, 15, 19]
[16, 17, 18, 19, 20, 21, 22, 23, 24, 25, 26, 27, 28]


5
process id 1
stats
5, 15, 7, 100, 1000
20220816-212244
loosing coalitions taken
[1, 2, 9, 10, 13]
[1, 5, 6, 15, 17]
[1, 2, 8, 11, 18]
[2, 4, 5, 19]
[3, 4, 6, 12, 21]
[2, 3, 6, 14]
[1, 3, 7, 15, 18]
[1, 2, 7, 12, 26]
[2, 3, 5, 23]
[1, 4, 6, 26, 27]
[3, 4, 5, 15]
[1, 3, 8, 10, 17]
[1, 4, 7, 8, 28]
[2, 4, 6, 16, 17]
[16, 17, 18, 19, 20, 21, 22, 23, 24, 25, 26, 27, 28]


6
process id 7
stats
5, 15, 7, 100, 1000
20220816-212245
loosing coalitions taken
[2, 3, 6, 14]
[1, 2, 9, 11, 12]
[1, 3, 7, 13, 20]
[1, 2, 8, 15, 17]
[1, 3, 8, 11, 16]
[2, 4, 5, 20]
[1, 4, 7, 9, 16]
[1, 2, 7, 10, 28]
[3, 4, 5, 16]
[2, 3, 5, 21]
[1, 4, 6, 26]
[2, 4, 6, 11, 24]
[1, 5, 6, 12, 20]
[3, 4, 6, 10, 19]
[16, 17, 18, 19, 20, 21, 22, 23, 24, 25, 26, 27, 28]


6
process id 0
stats
5, 15, 7, 100, 1000
20220816-212245
loosing coalitions taken
[1, 2, 9, 12, 13]
[3, 4, 5, 20, 23]
[1, 4, 7, 8]
[2, 4, 5, 17, 28]
[2, 3, 5, 24]
[2, 3, 6, 12]
[1, 4, 6, 28]
[3, 5, 6, 7, 15]
[1, 3, 7, 11, 17]
[1, 3, 8, 14, 16]
[1, 2, 8, 10, 17]
[2, 4, 6, 14, 18]
[1, 5, 6, 10, 25]
[3, 4, 6, 8]
[16, 17, 18, 19, 20, 21, 22, 23, 24, 25, 26, 27, 28]


6
process id 2
stats
5, 15, 7, 100, 1000
20220816-212246
loosing coalitions taken
[1, 3, 7, 12, 22]
[1, 2, 7, 10, 26]
[2, 4, 6, 15, 20]
[1, 2, 8, 13, 20]
[1, 5, 6, 12, 23]
[1, 2, 9, 12, 14]
[3, 4, 6, 14, 18]
[1, 3, 8, 10, 18]
[2, 3, 5, 25]
[3, 4, 5, 15]
[1, 4, 7, 11, 16]
[2, 3, 6, 10]
[2, 4, 5, 19, 24]
[1, 4, 6, 27]
[16, 17, 18, 19, 20, 21, 22, 23, 24, 25, 26, 27, 28]


6
process id 2
stats
5, 15, 7, 100, 1000
20220816-212249
loosing coalitions taken
[1, 3, 8, 11, 17]
[2, 4, 6, 9, 24]
[1, 4, 8, 10, 14]
[1, 2, 7, 16, 19]
[2, 3, 6, 12]
[1, 2, 9, 10, 13]
[1, 3, 7, 10, 24]
[3, 4, 5, 19, 22]
[2, 4, 5, 18, 25]
[2, 3, 5, 23]
[1, 4, 6, 26, 27]
[1, 5, 6, 16, 17]
[3, 4, 6, 11, 20]
[1, 4, 7, 13, 15]
[16, 17, 18, 19, 20, 21, 22, 23, 24, 25, 26, 27, 28]


5
process id 7
stats
5, 15, 7, 100, 1000
20220816-212249
loosing coalitions taken
[1, 5, 6, 16, 20]
[2, 4, 5, 21, 27]
[3, 4, 6, 13, 17]
[1, 3, 7, 12, 21]
[1, 2, 7, 10, 27]
[1, 3, 8, 9, 19]
[1, 4, 7, 13, 16]
[2, 3, 6, 14, 26]
[3, 4, 5, 19, 26]
[2, 4, 6, 9, 20]
[2, 3, 5, 20]
[1, 4, 6, 27]
[1, 2, 9, 11, 12]
[1, 2, 8, 14, 18]
[16, 17, 18, 19, 20, 21, 22, 23, 24, 25, 26, 27, 28]


6
process id 0
stats
5, 15, 7, 100, 1000
20220816-212250
loosing coalitions taken
[1, 3, 7, 16, 19]
[1, 2, 8, 15, 16]
[1, 4, 7, 9, 17]
[1, 2, 7, 13, 22]
[1, 5, 6, 10, 23]
[1, 3, 8, 10, 18]
[1, 2, 10, 12, 14]
[2, 3, 6, 14]
[3, 4, 5, 15]
[2, 4, 5, 18, 27]
[2, 4, 6, 9, 23]
[2, 3, 5, 23]
[1, 4, 6, 27]
[3, 4, 6, 13, 21]
[16, 17, 18, 19, 20, 21, 22, 23, 24, 25, 26, 27, 28]


6
process id 6
stats
5, 15, 7, 100, 1000
20220816-212250
loosing coalitions taken
[1, 3, 7, 15, 17]
[1, 4, 7, 8]
[2, 4, 5, 20]
[1, 3, 9, 10, 11]
[1, 5, 6, 13, 23]
[1, 4, 6, 28]
[3, 4, 5, 15, 28]
[2, 4, 6, 10, 24]
[2, 3, 5, 25]
[1, 2, 7, 11, 27]
[2, 3, 6, 12]
[1, 2, 8, 13, 17]
[3, 4, 6, 11, 21]
[1, 2, 10, 12, 14]
[16, 17, 18, 19, 20, 21, 22, 23, 24, 25, 26, 27, 28]


6
process id 5
stats
5, 15, 7, 100, 1000
20220816-212250
loosing coalitions taken
[1, 3, 8, 10, 17]
[2, 4, 6, 13, 19]
[2, 3, 6, 12]
[1, 2, 7, 9]
[1, 5, 6, 15, 21]
[3, 4, 6, 8]
[2, 4, 5, 16]
[1, 3, 7, 14, 18]
[1, 2, 10, 11, 13]
[2, 3, 5, 22]
[1, 4, 6, 27]
[3, 4, 5, 15]
[1, 2, 8, 14, 16]
[1, 4, 7, 8, 28]
[16, 17, 18, 19, 20, 21, 22, 23, 24, 25, 26, 27, 28]


6
process id 1
stats
5, 15, 7, 100, 1000
20220816-212250
loosing coalitions taken
[2, 4, 5, 19]
[1, 4, 8, 10, 11]
[1, 2, 7, 10, 27]
[1, 5, 6, 13, 24]
[2, 3, 6, 10]
[1, 3, 7, 11, 23]
[1, 3, 8, 14, 15]
[1, 2, 9, 11, 13]
[1, 4, 7, 14, 16]
[2, 4, 6, 14, 17]
[1, 4, 6, 28]
[3, 4, 6, 9, 20]
[2, 3, 5, 25]
[3, 4, 5, 16]
[16, 17, 18, 19, 20, 21, 22, 23, 24, 25, 26, 27, 28]


6
process id 4
stats
5, 15, 7, 100, 1000
20220816-212251
loosing coalitions taken
[1, 3, 8, 9, 20]
[1, 2, 8, 10, 21]
[1, 2, 7, 17, 19]
[2, 3, 5, 23, 28]
[2, 3, 6, 13]
[2, 4, 5, 21, 27]
[1, 4, 7, 8]
[1, 2, 9, 11, 12]
[3, 4, 5, 15]
[2, 4, 6, 11, 23]
[1, 4, 6, 26, 27]
[1, 3, 7, 12, 21]
[3, 4, 6, 8]
[1, 5, 6, 15, 16]
[16, 17, 18, 19, 20, 21, 22, 23, 24, 25, 26, 27, 28]


6
process id 1
stats
5, 15, 7, 100, 1000
20220816-212253
loosing coalitions taken
[3, 4, 5, 19, 25]
[2, 4, 6, 16, 19]
[2, 3, 6, 9]
[1, 2, 8, 14, 16]
[1, 4, 7, 10, 18]
[2, 4, 5, 20]
[1, 3, 8, 11, 18]
[1, 3, 7, 14, 21]
[1, 5, 6, 12, 24]
[2, 3, 5, 23, 24]
[1, 4, 6, 26]
[3, 4, 6, 10, 17]
[1, 3, 9, 10, 12]
[1, 2, 7, 12, 20]
[16, 17, 18, 19, 20, 21, 22, 23, 24, 25, 26, 27, 28]


6
process id 2
stats
5, 15, 7, 100, 1000
20220816-212253
loosing coalitions taken
[2, 4, 6, 11, 22]
[1, 5, 6, 9, 26]
[2, 4, 5, 17]
[1, 3, 8, 10, 16]
[1, 2, 7, 9]
[2, 3, 5, 22, 26]
[3, 4, 6, 10, 20]
[3, 4, 5, 16]
[1, 2, 8, 12, 20]
[1, 3, 7, 11, 21]
[1, 4, 8, 9, 15]
[1, 4, 6, 28]
[2, 3, 6, 13]
[1, 2, 10, 11, 13]
[16, 17, 18, 19, 20, 21, 22, 23, 24, 25, 26, 27, 28]


6
process id 4
stats
5, 15, 7, 100, 1000
20220816-212255
loosing coalitions taken
[1, 3, 8, 10, 19]
[2, 3, 5, 24]
[1, 5, 6, 13, 23]
[3, 4, 6, 14, 17]
[1, 2, 9, 12, 13]
[1, 4, 6, 25]
[2, 3, 6, 12]
[1, 2, 7, 15, 18]
[2, 4, 5, 21, 27]
[3, 4, 5, 15]
[1, 4, 7, 8]
[1, 3, 7, 9, 23]
[2, 5, 6, 8, 10]
[2, 4, 6, 11, 23]
[16, 17, 18, 19, 20, 21, 22, 23, 24, 25, 26, 27, 28]


5
process id 3
stats
5, 15, 7, 100, 1000
20220816-212256
loosing coalitions taken
[1, 3, 8, 12, 17]
[1, 5, 6, 15, 21]
[1, 2, 8, 13, 18]
[2, 4, 5, 20]
[1, 4, 7, 8]
[3, 4, 6, 12, 21]
[2, 3, 6, 15, 26]
[2, 4, 6, 16, 18]
[2, 3, 5, 22, 25]
[3, 4, 5, 13]
[1, 2, 7, 12, 22]
[1, 3, 7, 10, 21]
[1, 4, 6, 25]
[1, 2, 9, 11, 14]
[16, 17, 18, 19, 20, 21, 22, 23, 24, 25, 26, 27, 28]


6
process id 5
stats
5, 15, 7, 100, 1000
20220816-212256
loosing coalitions taken
[1, 2, 8, 12, 20]
[1, 5, 6, 10, 25]
[1, 4, 7, 9, 19]
[1, 3, 8, 15, 16]
[3, 4, 5, 18, 25]
[3, 4, 6, 13, 21]
[1, 2, 9, 11, 13]
[2, 5, 6, 7, 15]
[1, 3, 7, 14, 21]
[2, 3, 6, 19, 20]
[2, 3, 5, 27, 28]
[2, 4, 6, 11, 22]
[2, 4, 5, 16, 26]
[1, 4, 6, 28]
[16, 17, 18, 19, 20, 21, 22, 23, 24, 25, 26, 27, 28]


5
process id 7
stats
5, 15, 7, 100, 1000
20220816-212257
loosing coalitions taken
[1, 2, 7, 14, 22]
[1, 3, 8, 14, 15]
[1, 4, 7, 13, 15]
[1, 2, 9, 12, 13]
[1, 3, 7, 12, 20]
[2, 3, 6, 15, 23]
[1, 5, 6, 13, 21]
[1, 2, 8, 11, 20]
[2, 3, 7, 8, 9]
[3, 4, 5, 15]
[1, 4, 6, 26]
[2, 4, 6, 12, 18]
[2, 4, 5, 19]
[2, 3, 5, 20]
[16, 17, 18, 19, 20, 21, 22, 23, 24, 25, 26, 27, 28]


6
process id 6
stats
5, 15, 7, 100, 1000
20220816-212258
loosing coalitions taken
[2, 3, 6, 14]
[1, 5, 6, 9, 25]
[1, 2, 9, 12, 13]
[2, 3, 5, 24]
[1, 4, 6, 28]
[3, 4, 6, 8]
[2, 4, 5, 20]
[3, 4, 5, 16]
[1, 3, 7, 12, 18]
[1, 4, 7, 8]
[2, 4, 6, 10, 24]
[1, 2, 8, 11, 17]
[1, 2, 7, 10, 23]
[1, 3, 8, 10, 15]
[16, 17, 18, 19, 20, 21, 22, 23, 24, 25, 26, 27, 28]


6
process id 5
stats
5, 15, 7, 100, 1000
20220816-212259
loosing coalitions taken
[1, 2, 7, 9]
[2, 3, 6, 11]
[1, 4, 6, 25]
[2, 4, 5, 20, 22]
[2, 3, 5, 27, 28]
[3, 4, 5, 19, 24]
[1, 3, 8, 9, 18]
[1, 4, 7, 8]
[3, 4, 6, 12, 16]
[2, 4, 6, 9, 24]
[1, 3, 7, 12, 17]
[1, 2, 10, 11, 14]
[1, 5, 6, 12, 20]
[1, 2, 8, 13, 20]
[16, 17, 18, 19, 20, 21, 22, 23, 24, 25, 26, 27, 28]


6
process id 0
stats
5, 15, 7, 100, 1000
20220816-212259
loosing coalitions taken
[1, 4, 7, 8]
[2, 4, 5, 16]
[2, 3, 6, 9]
[1, 4, 6, 27]
[2, 3, 5, 20]
[1, 2, 8, 10, 18]
[1, 5, 6, 16, 19]
[2, 4, 6, 11, 20]
[1, 2, 7, 12, 26]
[1, 3, 7, 10, 24]
[3, 4, 6, 14, 18]
[3, 4, 5, 13]
[1, 3, 8, 11, 15]
[1, 2, 9, 11, 13]
[16, 17, 18, 19, 20, 21, 22, 23, 24, 25, 26, 27, 28]


6
process id 2
stats
5, 15, 7, 100, 1000
20220816-212259
loosing coalitions taken
[1, 2, 8, 14, 17]
[1, 2, 10, 11, 12]
[1, 3, 8, 12, 19]
[1, 3, 7, 15, 20]
[3, 4, 6, 10, 20]
[1, 4, 7, 10, 19]
[1, 2, 7, 16, 21]
[2, 3, 6, 14]
[1, 5, 6, 16, 19]
[1, 4, 8, 9, 15]
[3, 4, 5, 15]
[2, 3, 5, 21]
[2, 4, 5, 17]
[1, 4, 6, 26]
[16, 17, 18, 19, 20, 21, 22, 23, 24, 25, 26, 27, 28]


6
process id 6
stats
5, 15, 7, 100, 1000
20220816-212300
loosing coalitions taken
[1, 3, 7, 11, 22]
[1, 3, 8, 10, 19]
[1, 2, 8, 13, 20]
[2, 3, 6, 11]
[1, 2, 7, 9]
[1, 4, 6, 26]
[3, 5, 6, 7, 15]
[2, 3, 5, 25]
[3, 4, 6, 13, 19]
[2, 4, 6, 14, 18]
[2, 4, 5, 17]
[1, 5, 6, 9, 23]
[3, 4, 5, 16, 28]
[1, 4, 8, 12, 14]
[16, 17, 18, 19, 20, 21, 22, 23, 24, 25, 26, 27, 28]


5
process id 2
stats
5, 15, 7, 100, 1000
20220816-212301
loosing coalitions taken
[1, 4, 7, 8]
[2, 3, 6, 13]
[1, 2, 9, 12, 14]
[1, 5, 6, 9, 20]
[3, 4, 5, 18, 24]
[3, 4, 6, 12, 16]
[1, 4, 6, 27]
[2, 4, 5, 15]
[2, 3, 5, 23]
[1, 2, 8, 10, 21]
[2, 4, 6, 11, 22]
[1, 3, 7, 11, 20]
[1, 3, 8, 9, 18]
[1, 2, 7, 16, 17]
[16, 17, 18, 19, 20, 21, 22, 23, 24, 25, 26, 27, 28]


6
process id 5
stats
5, 15, 7, 100, 1000
20220816-212301
loosing coalitions taken
[2, 4, 5, 19]
[1, 2, 7, 11, 25]
[1, 2, 9, 10, 12]
[1, 4, 8, 10, 14]
[1, 4, 6, 28]
[1, 3, 8, 11, 15]
[1, 2, 8, 13, 20]
[2, 3, 5, 21]
[3, 4, 6, 12, 19]
[2, 3, 6, 13]
[1, 5, 6, 12, 22]
[3, 4, 5, 16]
[1, 3, 7, 16, 17]
[2, 4, 6, 14, 17]
[16, 17, 18, 19, 20, 21, 22, 23, 24, 25, 26, 27, 28]


6
process id 3
stats
5, 15, 7, 100, 1000
20220816-212302
loosing coalitions taken
[1, 2, 7, 9]
[1, 3, 8, 15, 16]
[1, 5, 6, 10, 22]
[1, 4, 6, 27]
[3, 4, 5, 15, 25]
[2, 3, 5, 26, 27]
[2, 4, 5, 17]
[1, 3, 7, 11, 21]
[2, 3, 6, 10]
[2, 5, 6, 7, 14]
[3, 4, 6, 14, 17]
[1, 4, 8, 10, 13]
[1, 2, 8, 11, 18]
[2, 4, 6, 11, 23]
[16, 17, 18, 19, 20, 21, 22, 23, 24, 25, 26, 27, 28]


5
process id 7
stats
5, 15, 7, 100, 1000
20220816-212303
loosing coalitions taken
[1, 2, 8, 14, 20]
[1, 4, 7, 8]
[1, 5, 6, 16, 20]
[2, 4, 6, 16, 19]
[3, 4, 6, 11, 21]
[1, 3, 9, 10, 12]
[1, 2, 10, 11, 13]
[2, 4, 5, 20]
[2, 3, 6, 10, 27]
[3, 4, 5, 15]
[1, 4, 6, 27]
[2, 3, 5, 22]
[1, 2, 7, 9]
[1, 3, 7, 11, 17]
[16, 17, 18, 19, 20, 21, 22, 23, 24, 25, 26, 27, 28]


5
process id 6
stats
5, 15, 7, 100, 1000
20220816-212304
loosing coalitions taken
[2, 4, 5, 20]
[1, 2, 7, 14, 23]
[1, 4, 7, 8]
[1, 2, 10, 12, 13]
[3, 4, 5, 14]
[2, 3, 6, 18, 21]
[2, 4, 6, 13, 19]
[3, 4, 6, 8]
[1, 5, 6, 10, 20]
[1, 4, 6, 27]
[1, 3, 8, 12, 15]
[1, 3, 7, 11, 21]
[2, 3, 5, 22, 25]
[1, 2, 8, 9, 18]
[16, 17, 18, 19, 20, 21, 22, 23, 24, 25, 26, 27, 28]


6
process id 3
stats
5, 15, 7, 100, 1000
20220816-212306
loosing coalitions taken
[1, 2, 8, 13, 17]
[2, 3, 6, 10]
[1, 3, 8, 12, 19]
[1, 5, 6, 13, 20]
[2, 4, 5, 21, 22]
[1, 3, 7, 9, 21]
[3, 4, 5, 15]
[1, 4, 6, 26, 27]
[2, 3, 5, 24]
[2, 4, 6, 15, 17]
[3, 4, 6, 12, 18]
[1, 4, 7, 11, 17]
[1, 2, 7, 12, 24]
[1, 2, 10, 11, 14]
[16, 17, 18, 19, 20, 21, 22, 23, 24, 25, 26, 27, 28]


6
process id 2
stats
5, 15, 7, 100, 1000
20220816-212307
loosing coalitions taken
[2, 4, 6, 15, 21]
[2, 3, 6, 14, 24]
[1, 4, 8, 9, 15]
[1, 2, 7, 10, 23]
[1, 3, 7, 14, 17]
[1, 3, 9, 10, 11]
[3, 4, 6, 11, 20]
[1, 5, 6, 9, 23]
[3, 5, 6, 7, 10]
[2, 3, 5, 22, 28]
[3, 4, 5, 15]
[1, 4, 6, 28]
[1, 2, 8, 11, 17]
[1, 3, 8, 13, 16]
[16, 17, 18, 19, 20, 21, 22, 23, 24, 25, 26, 27, 28]


5
process id 4
stats
5, 15, 7, 100, 1000
20220816-212310
loosing coalitions taken
[2, 3, 5, 23]
[1, 2, 7, 16, 18]
[1, 3, 7, 12, 21]
[1, 4, 8, 13, 14]
[1, 3, 8, 9, 20]
[1, 2, 10, 11, 12]
[3, 4, 6, 9, 18]
[2, 4, 6, 14, 17]
[3, 4, 5, 16]
[2, 4, 5, 21, 24]
[2, 3, 6, 11]
[1, 4, 6, 26]
[1, 4, 7, 11, 15]
[1, 5, 6, 15, 18]
[16, 17, 18, 19, 20, 21, 22, 23, 24, 25, 26, 27, 28]


6
process id 5
stats
5, 15, 7, 100, 1000
20220816-212310
loosing coalitions taken
[1, 2, 10, 11, 14]
[1, 2, 8, 9, 18]
[1, 3, 7, 10, 21]
[1, 2, 7, 15, 20]
[2, 4, 5, 20]
[2, 3, 6, 11]
[1, 3, 8, 14, 15]
[3, 4, 6, 12, 20]
[3, 4, 5, 16]
[1, 4, 6, 28]
[1, 4, 7, 8]
[1, 5, 6, 13, 19]
[2, 4, 6, 10, 23]
[2, 3, 5, 25]
[16, 17, 18, 19, 20, 21, 22, 23, 24, 25, 26, 27, 28]


5
process id 6
stats
5, 15, 7, 100, 1000
20220816-212311
loosing coalitions taken
[1, 2, 10, 11, 14]
[2, 3, 6, 13]
[3, 4, 5, 16]
[1, 3, 8, 11, 19]
[1, 3, 7, 14, 21]
[1, 2, 7, 9]
[1, 4, 8, 12, 14]
[2, 4, 5, 17]
[1, 5, 6, 12, 19]
[2, 3, 5, 22]
[1, 4, 7, 13, 15]
[3, 4, 6, 8]
[2, 3, 7, 8, 10]
[2, 4, 6, 10, 23]
[16, 17, 18, 19, 20, 21, 22, 23, 24, 25, 26, 27, 28]


6
process id 6
stats
5, 15, 7, 100, 1000
20220816-212315
loosing coalitions taken
[1, 5, 6, 12, 22]
[1, 2, 8, 11, 17]
[1, 4, 8, 13, 14]
[1, 3, 7, 14, 17]
[2, 3, 6, 13]
[1, 3, 8, 12, 19]
[1, 2, 7, 16, 21]
[3, 4, 5, 16, 26]
[2, 4, 5, 19]
[1, 2, 9, 10, 14]
[2, 3, 5, 24]
[2, 4, 6, 14, 21]
[2, 3, 7, 8, 10]
[3, 4, 6, 11, 19]
[16, 17, 18, 19, 20, 21, 22, 23, 24, 25, 26, 27, 28]


