Results
15
0.64
0.644

5
process id 4
stats
5, 15, 7, 100, 1000
20220816-212630
loosing coalitions taken
[1, 2, 7, 9]
[1, 5, 6, 13, 21]
[2, 4, 5, 16]
[1, 3, 7, 15, 19]
[3, 4, 5, 15]
[2, 3, 5, 23]
[1, 4, 7, 8, 25]
[1, 2, 8, 10, 20]
[2, 4, 6, 10, 21]
[3, 4, 6, 14, 19]
[1, 3, 8, 14, 16]
[2, 3, 6, 11]
[1, 3, 9, 10, 12]
[1, 4, 6, 27]
[16, 17, 18, 19, 20, 21, 22, 23, 24, 25, 26, 27, 28]


6
process id 3
stats
5, 15, 7, 100, 1000
20220816-212630
loosing coalitions taken
[2, 3, 6, 11]
[1, 3, 8, 12, 17]
[1, 2, 10, 12, 14]
[1, 5, 6, 14, 21]
[3, 4, 5, 17, 25]
[2, 4, 5, 16]
[1, 3, 7, 16, 18]
[1, 2, 8, 9, 21]
[1, 4, 8, 10, 13]
[1, 2, 7, 13, 22]
[2, 3, 5, 23]
[3, 4, 6, 8]
[1, 4, 6, 28]
[2, 4, 6, 15, 20]
[16, 17, 18, 19, 20, 21, 22, 23, 24, 25, 26, 27, 28]


5
process id 7
stats
5, 15, 7, 100, 1000
20220816-212632
loosing coalitions taken
[1, 3, 7, 11, 22]
[1, 2, 7, 17, 18]
[2, 3, 5, 25]
[2, 4, 6, 9, 23]
[1, 5, 6, 12, 23]
[1, 2, 9, 12, 13]
[1, 2, 8, 11, 20]
[1, 3, 8, 9, 18]
[1, 4, 6, 28]
[2, 3, 6, 15, 27]
[2, 4, 5, 20]
[3, 4, 6, 8]
[3, 4, 5, 15]
[1, 4, 7, 8]
[16, 17, 18, 19, 20, 21, 22, 23, 24, 25, 26, 27, 28]


6
process id 6
stats
5, 15, 7, 100, 1000
20220816-212632
loosing coalitions taken
[1, 3, 7, 16, 18]
[1, 2, 9, 10, 14]
[2, 4, 5, 20]
[1, 3, 8, 9, 20]
[1, 5, 6, 12, 24]
[1, 2, 8, 15, 17]
[3, 4, 6, 14, 19]
[1, 4, 8, 10, 11]
[2, 3, 6, 16, 22]
[3, 4, 5, 17, 24]
[2, 3, 5, 25]
[1, 4, 7, 9, 17]
[1, 2, 7, 12, 23]
[1, 4, 6, 27]
[16, 17, 18, 19, 20, 21, 22, 23, 24, 25, 26, 27, 28]


6
process id 3
stats
5, 15, 7, 100, 1000
20220816-212634
loosing coalitions taken
[1, 4, 8, 10, 14]
[2, 3, 5, 22]
[1, 4, 7, 12, 16]
[1, 2, 9, 12, 13]
[1, 2, 8, 15, 16]
[1, 3, 8, 12, 18]
[1, 3, 7, 15, 20]
[2, 4, 6, 9, 25]
[1, 3, 9, 10, 11]
[1, 5, 6, 10, 23]
[1, 4, 6, 28]
[2, 4, 5, 19, 26]
[3, 4, 5, 16]
[2, 3, 6, 11]
[16, 17, 18, 19, 20, 21, 22, 23, 24, 25, 26, 27, 28]


6
process id 0
stats
5, 15, 7, 100, 1000
20220816-212634
loosing coalitions taken
[1, 2, 8, 15, 17]
[1, 3, 8, 10, 19]
[1, 3, 7, 9, 24]
[2, 3, 6, 12]
[1, 5, 6, 9, 22]
[2, 4, 5, 19]
[1, 2, 9, 10, 14]
[3, 4, 5, 16]
[2, 3, 5, 25, 27]
[1, 2, 7, 11, 23]
[3, 4, 6, 8]
[1, 4, 8, 11, 12]
[3, 5, 6, 7, 14]
[2, 4, 6, 14, 17]
[16, 17, 18, 19, 20, 21, 22, 23, 24, 25, 26, 27, 28]


6
process id 4
stats
5, 15, 7, 100, 1000
20220816-212635
loosing coalitions taken
[1, 2, 8, 14, 19]
[2, 4, 5, 17]
[1, 2, 7, 13, 24]
[1, 3, 7, 15, 17]
[1, 3, 8, 12, 18]
[2, 3, 6, 13]
[1, 5, 6, 10, 23]
[1, 2, 9, 11, 12]
[3, 4, 5, 15]
[1, 4, 6, 27]
[1, 4, 7, 8]
[3, 4, 6, 8]
[2, 3, 5, 23]
[2, 4, 6, 11, 24]
[16, 17, 18, 19, 20, 21, 22, 23, 24, 25, 26, 27, 28]


5
process id 7
stats
5, 15, 7, 100, 1000
20220816-212636
loosing coalitions taken
[1, 4, 8, 10, 15]
[1, 2, 8, 13, 20]
[2, 3, 5, 22]
[1, 3, 7, 15, 21]
[1, 3, 8, 11, 16]
[1, 2, 9, 10, 11]
[2, 4, 6, 11, 21]
[1, 5, 6, 9, 23]
[1, 2, 7, 14, 24]
[2, 4, 5, 20]
[2, 3, 6, 9]
[3, 4, 5, 15]
[3, 4, 6, 8]
[1, 4, 6, 27]
[16, 17, 18, 19, 20, 21, 22, 23, 24, 25, 26, 27, 28]


6
process id 1
stats
5, 15, 7, 100, 1000
20220816-212637
loosing coalitions taken
[1, 2, 9, 10, 14]
[1, 2, 8, 15, 17]
[3, 5, 6, 7, 15]
[1, 4, 8, 12, 13]
[3, 4, 5, 16]
[1, 3, 8, 11, 19]
[2, 3, 6, 9]
[1, 5, 6, 14, 20]
[1, 3, 7, 14, 17]
[3, 4, 6, 10, 20]
[2, 4, 5, 19]
[2, 3, 5, 22, 28]
[1, 4, 6, 27]
[1, 2, 7, 11, 24]
[16, 17, 18, 19, 20, 21, 22, 23, 24, 25, 26, 27, 28]


6
process id 2
stats
5, 15, 7, 100, 1000
20220816-212637
loosing coalitions taken
[2, 4, 6, 15, 21]
[1, 4, 8, 9, 15]
[1, 3, 8, 12, 19]
[1, 5, 6, 9, 26]
[1, 2, 7, 15, 20]
[1, 4, 7, 10, 16]
[1, 3, 7, 13, 22]
[3, 4, 6, 10, 18]
[1, 2, 8, 11, 21]
[1, 3, 9, 10, 11]
[2, 4, 5, 19]
[1, 4, 6, 27]
[2, 3, 6, 14]
[1, 2, 10, 12, 13]
[16, 17, 18, 19, 20, 21, 22, 23, 24, 25, 26, 27, 28]


6
process id 7
stats
5, 15, 7, 100, 1000
20220816-212638
loosing coalitions taken
[1, 4, 7, 8]
[2, 4, 5, 21, 28]
[2, 3, 5, 25]
[3, 4, 6, 11, 21]
[2, 4, 6, 9, 24]
[1, 3, 7, 13, 18]
[1, 2, 7, 11, 24]
[2, 3, 6, 14]
[3, 4, 5, 16]
[1, 3, 8, 9, 20]
[1, 5, 6, 12, 21]
[1, 4, 6, 27]
[1, 2, 9, 10, 14]
[1, 2, 8, 13, 19]
[16, 17, 18, 19, 20, 21, 22, 23, 24, 25, 26, 27, 28]


6
process id 3
stats
5, 15, 7, 100, 1000
20220816-212638
loosing coalitions taken
[1, 3, 8, 9, 19]
[2, 4, 5, 21, 25]
[1, 2, 9, 11, 12]
[1, 3, 7, 11, 22]
[1, 2, 7, 10, 26]
[3, 4, 5, 16]
[1, 4, 7, 8, 27]
[1, 5, 6, 14, 22]
[2, 3, 6, 10, 27]
[2, 3, 5, 22, 28]
[3, 4, 6, 9, 20]
[1, 4, 6, 28]
[1, 2, 8, 13, 18]
[2, 4, 6, 11, 23]
[16, 17, 18, 19, 20, 21, 22, 23, 24, 25, 26, 27, 28]


6
process id 2
stats
5, 15, 7, 100, 1000
20220816-212640
loosing coalitions taken
[1, 4, 8, 10, 15]
[1, 2, 7, 12, 26]
[3, 4, 6, 14, 18]
[1, 4, 7, 9, 16]
[1, 3, 7, 14, 22]
[1, 2, 8, 14, 18]
[1, 3, 8, 11, 17]
[1, 2, 9, 10, 13]
[2, 4, 6, 16, 19]
[1, 5, 6, 15, 21]
[3, 4, 5, 21, 24]
[1, 4, 6, 28]
[2, 3, 6, 11]
[2, 4, 5, 20]
[16, 17, 18, 19, 20, 21, 22, 23, 24, 25, 26, 27, 28]


5
process id 6
stats
5, 15, 7, 100, 1000
20220816-212641
loosing coalitions taken
[1, 3, 8, 15, 16]
[1, 2, 7, 9]
[1, 5, 6, 10, 23]
[2, 3, 5, 25]
[2, 3, 6, 16, 21]
[2, 4, 5, 18]
[1, 4, 8, 9, 10]
[2, 4, 6, 13, 20]
[1, 2, 8, 11, 19]
[3, 4, 5, 15]
[1, 3, 7, 14, 18]
[3, 4, 6, 8]
[1, 4, 7, 13, 16]
[1, 4, 6, 27]
[16, 17, 18, 19, 20, 21, 22, 23, 24, 25, 26, 27, 28]


6
process id 7
stats
5, 15, 7, 100, 1000
20220816-212642
loosing coalitions taken
[1, 2, 7, 15, 21]
[1, 3, 8, 9, 17]
[1, 4, 8, 10, 11]
[2, 3, 6, 9, 27]
[1, 2, 8, 12, 20]
[1, 3, 7, 13, 18]
[2, 4, 5, 21, 28]
[3, 4, 5, 17, 22]
[2, 3, 5, 23]
[1, 5, 6, 16, 20]
[2, 4, 6, 13, 22]
[3, 4, 6, 12, 21]
[1, 4, 6, 27]
[1, 2, 9, 10, 13]
[16, 17, 18, 19, 20, 21, 22, 23, 24, 25, 26, 27, 28]


6
process id 1
stats
5, 15, 7, 100, 1000
20220816-212644
loosing coalitions taken
[2, 4, 6, 10, 24]
[2, 3, 6, 14]
[2, 4, 5, 20]
[1, 3, 8, 11, 17]
[1, 5, 6, 12, 22]
[1, 4, 6, 28]
[1, 2, 10, 12, 14]
[3, 4, 5, 17, 22]
[3, 4, 6, 8]
[1, 4, 8, 13, 14]
[2, 3, 5, 23]
[1, 2, 8, 9, 21]
[1, 3, 7, 13, 19]
[1, 2, 7, 11, 23]
[16, 17, 18, 19, 20, 21, 22, 23, 24, 25, 26, 27, 28]


5
process id 6
stats
5, 15, 7, 100, 1000
20220816-212644
loosing coalitions taken
[1, 2, 9, 12, 13]
[1, 2, 7, 17, 18]
[1, 3, 8, 10, 17]
[1, 5, 6, 13, 24]
[2, 3, 6, 15, 24]
[2, 4, 5, 18]
[1, 4, 7, 8]
[2, 3, 5, 22]
[3, 4, 6, 11, 19]
[1, 4, 6, 28]
[1, 3, 7, 11, 20]
[3, 4, 5, 17, 24]
[1, 2, 8, 14, 16]
[2, 4, 6, 10, 21]
[16, 17, 18, 19, 20, 21, 22, 23, 24, 25, 26, 27, 28]


6
process id 3
stats
5, 15, 7, 100, 1000
20220816-212644
loosing coalitions taken
[2, 3, 5, 25]
[2, 4, 6, 16, 17]
[1, 2, 9, 11, 12]
[1, 5, 6, 13, 24]
[3, 4, 6, 13, 19]
[3, 4, 5, 15]
[2, 4, 5, 21, 28]
[1, 3, 8, 9, 18]
[2, 5, 6, 8, 12]
[1, 4, 6, 28]
[1, 4, 7, 11, 15]
[2, 3, 6, 14, 27]
[1, 2, 8, 14, 20]
[1, 2, 7, 13, 25]
[16, 17, 18, 19, 20, 21, 22, 23, 24, 25, 26, 27, 28]


5
process id 1
stats
5, 15, 7, 100, 1000
20220816-212645
loosing coalitions taken
[1, 3, 7, 14, 22]
[1, 4, 7, 8]
[1, 3, 9, 10, 12]
[1, 5, 6, 12, 23]
[1, 2, 9, 11, 14]
[2, 4, 6, 15, 21]
[3, 4, 6, 9, 18]
[2, 3, 5, 23]
[3, 4, 5, 16]
[2, 3, 6, 12]
[1, 4, 6, 28]
[1, 2, 8, 12, 17]
[2, 4, 5, 18]
[1, 2, 7, 15, 19]
[16, 17, 18, 19, 20, 21, 22, 23, 24, 25, 26, 27, 28]


6
process id 2
stats
5, 15, 7, 100, 1000
20220816-212645
loosing coalitions taken
[1, 2, 7, 9]
[2, 3, 5, 23]
[2, 4, 6, 10, 22]
[3, 4, 6, 11, 21]
[1, 4, 8, 12, 13]
[2, 4, 5, 16]
[1, 4, 6, 28]
[2, 3, 6, 12]
[1, 3, 8, 10, 19]
[1, 4, 7, 14, 15]
[1, 5, 6, 13, 24]
[3, 4, 5, 19, 25]
[1, 3, 7, 13, 18]
[1, 2, 8, 14, 20]
[16, 17, 18, 19, 20, 21, 22, 23, 24, 25, 26, 27, 28]


5
process id 5
stats
5, 15, 7, 100, 1000
20220816-212645
loosing coalitions taken
[2, 4, 5, 20]
[1, 2, 7, 12, 24]
[1, 5, 6, 11, 23]
[1, 2, 9, 11, 14]
[2, 3, 6, 11]
[1, 2, 8, 13, 16]
[1, 3, 7, 15, 21]
[2, 3, 5, 25]
[3, 4, 5, 15]
[1, 3, 8, 12, 19]
[1, 4, 6, 28]
[1, 4, 7, 8]
[3, 4, 6, 8]
[2, 4, 6, 9, 22]
[16, 17, 18, 19, 20, 21, 22, 23, 24, 25, 26, 27, 28]


6
process id 3
stats
5, 15, 7, 100, 1000
20220816-212647
loosing coalitions taken
[2, 4, 5, 21, 28]
[1, 4, 8, 11, 14]
[1, 2, 10, 12, 14]
[2, 4, 6, 15, 18]
[1, 4, 7, 12, 16]
[1, 3, 8, 12, 18]
[1, 5, 6, 16, 19]
[1, 2, 8, 9, 17]
[1, 2, 7, 13, 25]
[3, 4, 6, 12, 17]
[1, 3, 7, 9, 24]
[2, 3, 5, 24, 27]
[2, 3, 6, 9]
[3, 4, 5, 16]
[16, 17, 18, 19, 20, 21, 22, 23, 24, 25, 26, 27, 28]


6
process id 5
stats
5, 15, 7, 100, 1000
20220816-212647
loosing coalitions taken
[1, 2, 8, 15, 17]
[1, 2, 10, 11, 12]
[2, 4, 5, 20]
[1, 4, 7, 11, 17]
[1, 4, 8, 12, 14]
[1, 2, 7, 14, 24]
[1, 3, 8, 13, 16]
[1, 5, 6, 10, 26]
[1, 3, 7, 9, 21]
[2, 3, 6, 12]
[1, 4, 6, 27]
[3, 4, 5, 16]
[2, 4, 6, 9, 25]
[2, 3, 5, 22]
[16, 17, 18, 19, 20, 21, 22, 23, 24, 25, 26, 27, 28]


6
process id 2
stats
5, 15, 7, 100, 1000
20220816-212648
loosing coalitions taken
[1, 3, 7, 14, 22]
[1, 3, 9, 10, 11]
[1, 3, 8, 15, 16]
[2, 3, 5, 24]
[1, 2, 7, 9]
[2, 4, 6, 14, 17]
[1, 5, 6, 12, 22]
[3, 4, 5, 16]
[3, 4, 6, 8]
[1, 2, 8, 11, 17]
[2, 3, 6, 13]
[2, 4, 5, 20]
[1, 4, 6, 28]
[1, 4, 8, 9, 13]
[16, 17, 18, 19, 20, 21, 22, 23, 24, 25, 26, 27, 28]


6
process id 4
stats
5, 15, 7, 100, 1000
20220816-212650
loosing coalitions taken
[1, 3, 7, 10, 21]
[1, 2, 9, 10, 14]
[1, 5, 6, 15, 19]
[1, 2, 7, 15, 22]
[2, 3, 6, 12]
[1, 4, 8, 12, 14]
[1, 2, 8, 13, 18]
[2, 4, 5, 18]
[1, 3, 8, 15, 16]
[2, 3, 5, 25]
[1, 4, 6, 27]
[3, 4, 5, 16]
[1, 4, 7, 9, 17]
[3, 4, 6, 8]
[16, 17, 18, 19, 20, 21, 22, 23, 24, 25, 26, 27, 28]


5
process id 2
stats
5, 15, 7, 100, 1000
20220816-212650
loosing coalitions taken
[2, 3, 6, 14]
[1, 5, 6, 10, 26]
[1, 4, 8, 10, 14]
[3, 4, 5, 15]
[1, 4, 6, 28]
[1, 2, 7, 11, 25]
[1, 3, 7, 13, 22]
[3, 4, 6, 8]
[2, 4, 5, 16]
[2, 3, 5, 25]
[2, 4, 6, 12, 20]
[1, 2, 8, 13, 19]
[1, 2, 9, 12, 14]
[1, 3, 8, 9, 17]
[16, 17, 18, 19, 20, 21, 22, 23, 24, 25, 26, 27, 28]


6
process id 6
stats
5, 15, 7, 100, 1000
20220816-212651
loosing coalitions taken
[1, 3, 8, 11, 16]
[1, 2, 10, 11, 14]
[1, 5, 6, 12, 24]
[1, 2, 8, 9, 21]
[3, 4, 5, 19, 23]
[1, 3, 7, 10, 23]
[2, 4, 5, 17, 27]
[2, 3, 5, 24]
[2, 4, 6, 15, 19]
[1, 4, 7, 13, 15]
[3, 4, 6, 10, 18]
[1, 4, 8, 10, 12]
[1, 2, 7, 16, 20]
[1, 4, 6, 28]
[16, 17, 18, 19, 20, 21, 22, 23, 24, 25, 26, 27, 28]


6
process id 2
stats
5, 15, 7, 100, 1000
20220816-212652
loosing coalitions taken
[1, 3, 7, 14, 20]
[2, 4, 5, 17, 27]
[1, 5, 6, 16, 18]
[3, 4, 5, 21, 24]
[1, 3, 8, 15, 16]
[1, 2, 7, 17, 18]
[1, 2, 8, 9, 20]
[2, 3, 6, 13, 23]
[1, 4, 6, 28]
[2, 4, 6, 14, 19]
[1, 4, 8, 10, 13]
[3, 4, 6, 10, 17]
[1, 2, 10, 11, 12]
[2, 3, 5, 25]
[16, 17, 18, 19, 20, 21, 22, 23, 24, 25, 26, 27, 28]


6
process id 3
stats
5, 15, 7, 100, 1000
20220816-212653
loosing coalitions taken
[1, 2, 10, 12, 14]
[1, 2, 7, 9]
[2, 3, 6, 10]
[2, 4, 5, 19]
[1, 3, 8, 11, 19]
[1, 3, 7, 14, 21]
[3, 4, 5, 18, 27]
[2, 3, 5, 24]
[1, 4, 7, 8]
[2, 4, 6, 15, 17]
[1, 5, 6, 13, 22]
[1, 4, 6, 28]
[3, 4, 6, 14, 19]
[1, 2, 8, 13, 18]
[16, 17, 18, 19, 20, 21, 22, 23, 24, 25, 26, 27, 28]


6
process id 7
stats
5, 15, 7, 100, 1000
20220816-212653
loosing coalitions taken
[2, 3, 6, 11]
[1, 4, 8, 11, 12]
[1, 5, 6, 9, 26]
[1, 2, 10, 12, 14]
[2, 4, 5, 20]
[1, 2, 7, 9]
[1, 3, 8, 15, 16]
[3, 4, 6, 8]
[1, 4, 7, 10, 19]
[3, 4, 5, 19, 23]
[2, 3, 5, 24]
[1, 3, 7, 14, 18]
[1, 4, 6, 27]
[1, 2, 8, 13, 20]
[16, 17, 18, 19, 20, 21, 22, 23, 24, 25, 26, 27, 28]


6
process id 5
stats
5, 15, 7, 100, 1000
20220816-212655
loosing coalitions taken
[1, 5, 6, 11, 23]
[2, 4, 5, 20, 26]
[1, 3, 7, 10, 24]
[3, 4, 6, 13, 20]
[2, 3, 5, 25]
[2, 4, 6, 9, 23]
[1, 2, 7, 16, 18]
[1, 4, 8, 11, 14]
[1, 3, 8, 13, 16]
[1, 2, 10, 12, 14]
[3, 4, 5, 16, 28]
[2, 3, 6, 18, 21]
[1, 4, 6, 27]
[3, 5, 6, 7, 15]
[16, 17, 18, 19, 20, 21, 22, 23, 24, 25, 26, 27, 28]


6
process id 4
stats
5, 15, 7, 100, 1000
20220816-212655
loosing coalitions taken
[1, 5, 6, 15, 21]
[3, 4, 5, 16, 28]
[2, 4, 5, 18]
[1, 2, 7, 12, 24]
[1, 4, 7, 10, 16]
[3, 4, 6, 9, 22]
[1, 3, 7, 14, 18]
[1, 2, 10, 11, 13]
[2, 3, 6, 13]
[1, 3, 9, 10, 12]
[1, 2, 8, 9, 22]
[2, 3, 5, 22]
[2, 4, 6, 11, 21]
[1, 4, 6, 27]
[16, 17, 18, 19, 20, 21, 22, 23, 24, 25, 26, 27, 28]


6
process id 6
stats
5, 15, 7, 100, 1000
20220816-212655
loosing coalitions taken
[1, 4, 8, 10, 15]
[1, 3, 8, 11, 18]
[1, 2, 7, 9]
[3, 4, 5, 21, 22]
[2, 4, 5, 17]
[2, 3, 6, 10]
[2, 3, 5, 25]
[3, 4, 6, 11, 20]
[1, 3, 7, 10, 23]
[1, 5, 6, 9, 25]
[1, 4, 6, 27]
[1, 2, 8, 13, 19]
[2, 4, 6, 12, 21]
[1, 2, 10, 11, 12]
[16, 17, 18, 19, 20, 21, 22, 23, 24, 25, 26, 27, 28]


6
process id 0
stats
5, 15, 7, 100, 1000
20220816-212656
loosing coalitions taken
[1, 3, 8, 11, 17]
[1, 2, 7, 11, 24]
[1, 3, 7, 15, 20]
[2, 4, 5, 17]
[1, 2, 8, 14, 18]
[3, 4, 6, 13, 21]
[1, 4, 8, 10, 13]
[1, 3, 9, 10, 12]
[1, 4, 7, 12, 16]
[2, 3, 7, 8, 9]
[3, 4, 5, 18, 24]
[2, 3, 6, 11, 27]
[2, 3, 5, 25, 26]
[1, 4, 6, 28]
[16, 17, 18, 19, 20, 21, 22, 23, 24, 25, 26, 27, 28]


6
process id 1
stats
5, 15, 7, 100, 1000
20220816-212657
loosing coalitions taken
[1, 3, 8, 12, 17]
[1, 2, 7, 10, 28]
[1, 2, 9, 11, 12]
[2, 3, 6, 13]
[2, 4, 5, 20]
[1, 4, 8, 9, 15]
[1, 3, 7, 11, 21]
[1, 2, 8, 14, 16]
[1, 4, 6, 28]
[2, 3, 5, 24]
[3, 4, 6, 15, 17]
[1, 5, 6, 9, 25]
[3, 4, 5, 16]
[2, 4, 6, 10, 24]
[16, 17, 18, 19, 20, 21, 22, 23, 24, 25, 26, 27, 28]


6
process id 6
stats
5, 15, 7, 100, 1000
20220816-212657
loosing coalitions taken
[1, 2, 7, 15, 22]
[1, 4, 7, 8]
[2, 3, 6, 19, 21]
[3, 4, 6, 13, 20]
[1, 2, 10, 11, 13]
[2, 4, 5, 20]
[1, 3, 8, 10, 19]
[1, 3, 7, 12, 20]
[2, 3, 5, 23]
[3, 4, 5, 16]
[1, 5, 6, 11, 24]
[1, 2, 9, 12, 14]
[1, 4, 6, 27]
[2, 4, 6, 14, 17]
[16, 17, 18, 19, 20, 21, 22, 23, 24, 25, 26, 27, 28]


6
process id 5
stats
5, 15, 7, 100, 1000
20220816-212657
loosing coalitions taken
[2, 3, 6, 14]
[3, 4, 5, 17, 28]
[1, 3, 8, 9, 18]
[1, 2, 7, 11, 23]
[1, 5, 6, 15, 19]
[2, 4, 5, 20]
[1, 2, 9, 12, 13]
[1, 2, 8, 10, 17]
[1, 3, 7, 14, 19]
[2, 4, 6, 13, 18]
[1, 4, 6, 27]
[3, 4, 6, 8]
[2, 3, 5, 24]
[3, 5, 6, 7, 11]
[16, 17, 18, 19, 20, 21, 22, 23, 24, 25, 26, 27, 28]


6
process id 2
stats
5, 15, 7, 100, 1000
20220816-212659
loosing coalitions taken
[1, 3, 9, 10, 11]
[3, 4, 5, 18, 27]
[1, 3, 7, 15, 19]
[2, 4, 5, 19]
[2, 3, 6, 13]
[1, 5, 6, 9, 26]
[1, 4, 7, 8]
[1, 2, 10, 12, 14]
[3, 4, 6, 8]
[2, 3, 5, 24]
[1, 4, 6, 28]
[1, 2, 7, 9]
[1, 2, 8, 13, 19]
[2, 4, 6, 15, 20]
[16, 17, 18, 19, 20, 21, 22, 23, 24, 25, 26, 27, 28]


6
process id 5
stats
5, 15, 7, 100, 1000
20220816-212659
loosing coalitions taken
[1, 3, 7, 10, 22]
[1, 2, 7, 11, 26]
[2, 3, 6, 18, 21]
[1, 5, 6, 10, 24]
[1, 2, 10, 12, 14]
[1, 3, 8, 9, 19]
[2, 4, 5, 20, 26]
[3, 4, 5, 16]
[1, 2, 8, 13, 20]
[2, 4, 6, 16, 19]
[1, 4, 6, 28]
[3, 4, 6, 11, 17]
[2, 3, 5, 25]
[1, 4, 7, 8]
[16, 17, 18, 19, 20, 21, 22, 23, 24, 25, 26, 27, 28]


6
process id 0
stats
5, 15, 7, 100, 1000
20220816-212700
loosing coalitions taken
[1, 3, 8, 11, 19]
[2, 3, 6, 14]
[1, 5, 6, 15, 21]
[1, 2, 7, 9]
[2, 4, 5, 21, 23]
[1, 4, 8, 9, 13]
[3, 4, 5, 17, 26]
[1, 2, 10, 12, 14]
[1, 4, 6, 27]
[3, 4, 6, 9, 19]
[2, 4, 6, 12, 22]
[1, 3, 7, 12, 20]
[2, 3, 5, 22]
[2, 5, 6, 8, 11]
[16, 17, 18, 19, 20, 21, 22, 23, 24, 25, 26, 27, 28]


6
process id 4
stats
5, 15, 7, 100, 1000
20220816-212701
loosing coalitions taken
[1, 2, 10, 12, 14]
[2, 3, 6, 14]
[1, 5, 6, 10, 24]
[1, 2, 9, 11, 13]
[2, 4, 5, 18]
[3, 4, 5, 15]
[1, 4, 6, 28]
[1, 3, 7, 10, 23]
[2, 3, 5, 23]
[1, 4, 7, 12, 15]
[2, 4, 6, 9, 22]
[1, 4, 8, 11, 14]
[3, 4, 6, 8]
[1, 3, 8, 12, 18]
[16, 17, 18, 19, 20, 21, 22, 23, 24, 25, 26, 27, 28]


5
process id 1
stats
5, 15, 7, 100, 1000
20220816-212701
loosing coalitions taken
[1, 2, 10, 11, 13]
[1, 5, 6, 12, 23]
[2, 3, 6, 15, 24]
[3, 5, 6, 7, 14]
[1, 4, 8, 10, 14]
[3, 4, 6, 10, 19]
[2, 4, 6, 11, 20]
[1, 2, 8, 9, 20]
[1, 2, 7, 16, 17]
[1, 3, 7, 15, 18]
[2, 3, 5, 23]
[1, 3, 8, 13, 16]
[1, 4, 6, 27]
[1, 3, 9, 10, 12]
[16, 17, 18, 19, 20, 21, 22, 23, 24, 25, 26, 27, 28]


5
process id 0
stats
5, 15, 7, 100, 1000
20220816-212701
loosing coalitions taken
[1, 3, 7, 11, 23]
[1, 5, 6, 10, 24]
[3, 4, 5, 16]
[1, 2, 8, 10, 20]
[1, 3, 8, 13, 15]
[1, 4, 7, 8, 26]
[1, 2, 7, 16, 17]
[3, 4, 6, 14, 17]
[2, 3, 6, 10]
[2, 3, 5, 24]
[2, 4, 5, 19]
[2, 4, 6, 9, 22]
[1, 4, 6, 28]
[1, 2, 9, 12, 13]
[16, 17, 18, 19, 20, 21, 22, 23, 24, 25, 26, 27, 28]


6
process id 3
stats
5, 15, 7, 100, 1000
20220816-212702
loosing coalitions taken
[2, 3, 6, 14]
[1, 3, 8, 10, 17]
[1, 5, 6, 9, 26]
[1, 4, 8, 9, 15]
[2, 4, 5, 19]
[1, 2, 7, 9]
[2, 3, 5, 24, 27]
[1, 4, 6, 28]
[3, 4, 5, 16]
[3, 4, 6, 11, 19]
[3, 5, 6, 7, 13]
[1, 4, 7, 14, 16]
[2, 4, 6, 10, 24]
[1, 2, 8, 14, 19]
[16, 17, 18, 19, 20, 21, 22, 23, 24, 25, 26, 27, 28]


6
process id 6
stats
5, 15, 7, 100, 1000
20220816-212703
loosing coalitions taken
[2, 3, 6, 14]
[1, 2, 10, 11, 13]
[1, 3, 8, 9, 19]
[2, 4, 5, 21, 25]
[3, 4, 5, 15]
[1, 2, 8, 12, 18]
[1, 5, 6, 16, 17]
[3, 4, 6, 11, 20]
[1, 4, 7, 8]
[1, 4, 6, 28]
[2, 4, 6, 12, 22]
[1, 2, 7, 9, 24]
[1, 3, 7, 11, 21]
[2, 3, 5, 24]
[16, 17, 18, 19, 20, 21, 22, 23, 24, 25, 26, 27, 28]


6
process id 5
stats
5, 15, 7, 100, 1000
20220816-212704
loosing coalitions taken
[2, 3, 6, 14]
[1, 5, 6, 12, 23]
[2, 4, 5, 19, 26]
[1, 2, 9, 11, 13]
[1, 3, 7, 10, 22]
[1, 3, 8, 11, 17]
[1, 4, 7, 8]
[2, 4, 6, 12, 20]
[2, 5, 6, 8, 11]
[1, 4, 6, 27]
[3, 4, 5, 15, 28]
[2, 3, 5, 25]
[1, 2, 10, 12, 14]
[3, 4, 6, 8]
[16, 17, 18, 19, 20, 21, 22, 23, 24, 25, 26, 27, 28]


6
process id 7
stats
5, 15, 7, 100, 1000
20220816-212704
loosing coalitions taken
[1, 5, 6, 11, 23]
[1, 3, 7, 11, 22]
[1, 2, 7, 10, 26]
[1, 3, 9, 10, 12]
[1, 2, 8, 12, 17]
[2, 3, 6, 13, 23]
[2, 5, 6, 7, 15]
[2, 4, 6, 9, 21]
[2, 4, 5, 19, 28]
[3, 4, 5, 16, 25]
[1, 4, 8, 9, 11]
[1, 4, 6, 28]
[2, 3, 5, 22]
[1, 3, 8, 13, 16]
[16, 17, 18, 19, 20, 21, 22, 23, 24, 25, 26, 27, 28]


6
process id 0
stats
5, 15, 7, 100, 1000
20220816-212706
loosing coalitions taken
[2, 3, 5, 25]
[1, 2, 7, 9]
[1, 5, 6, 13, 22]
[3, 4, 6, 15, 17]
[2, 3, 6, 11]
[1, 3, 8, 9, 19]
[1, 4, 7, 14, 16]
[2, 4, 5, 19, 26]
[1, 2, 10, 11, 13]
[3, 4, 5, 21, 23]
[1, 4, 6, 27]
[2, 4, 6, 9, 24]
[2, 5, 6, 8, 12]
[1, 3, 7, 11, 23]
[16, 17, 18, 19, 20, 21, 22, 23, 24, 25, 26, 27, 28]


5
process id 5
stats
5, 15, 7, 100, 1000
20220816-212706
loosing coalitions taken
[1, 2, 8, 9, 22]
[1, 5, 6, 13, 24]
[1, 4, 8, 10, 14]
[1, 4, 7, 11, 16]
[1, 2, 7, 13, 25]
[1, 3, 8, 11, 19]
[1, 3, 7, 15, 17]
[2, 3, 6, 14]
[2, 4, 5, 17]
[3, 4, 5, 16]
[2, 3, 5, 23]
[1, 4, 6, 27]
[2, 4, 6, 13, 20]
[3, 4, 6, 9, 19]
[16, 17, 18, 19, 20, 21, 22, 23, 24, 25, 26, 27, 28]


6
process id 6
stats
5, 15, 7, 100, 1000
20220816-212708
loosing coalitions taken
[1, 5, 6, 10, 25]
[1, 2, 8, 13, 20]
[1, 2, 9, 11, 12]
[1, 3, 8, 12, 19]
[3, 4, 5, 16]
[1, 2, 7, 10, 23]
[2, 4, 6, 15, 21]
[2, 3, 6, 9]
[1, 4, 7, 8]
[2, 3, 5, 25]
[2, 4, 5, 18]
[3, 4, 6, 8]
[1, 4, 6, 27]
[1, 3, 7, 15, 21]
[16, 17, 18, 19, 20, 21, 22, 23, 24, 25, 26, 27, 28]


6
process id 5
stats
5, 15, 7, 100, 1000
20220816-212709
loosing coalitions taken
[3, 4, 5, 20, 24]
[1, 5, 6, 12, 23]
[1, 4, 7, 8]
[1, 2, 9, 11, 14]
[3, 4, 6, 11, 18]
[1, 3, 7, 10, 21]
[2, 3, 5, 22]
[2, 4, 5, 17, 26]
[1, 4, 6, 27]
[1, 2, 8, 15, 17]
[2, 3, 6, 9]
[1, 3, 8, 11, 16]
[2, 5, 6, 7, 15]
[2, 4, 6, 13, 19]
[16, 17, 18, 19, 20, 21, 22, 23, 24, 25, 26, 27, 28]


5
process id 0
stats
5, 15, 7, 100, 1000
20220816-212709
loosing coalitions taken
[1, 3, 7, 9, 22]
[2, 3, 6, 13]
[1, 3, 8, 10, 19]
[3, 4, 5, 16]
[1, 2, 7, 14, 23]
[1, 4, 7, 8]
[2, 3, 5, 23]
[1, 2, 9, 12, 13]
[2, 4, 5, 17]
[1, 4, 6, 27]
[1, 5, 6, 16, 20]
[3, 4, 6, 9, 20]
[2, 4, 6, 15, 19]
[1, 2, 8, 15, 17]
[16, 17, 18, 19, 20, 21, 22, 23, 24, 25, 26, 27, 28]


6
process id 3
stats
5, 15, 7, 100, 1000
20220816-212709
loosing coalitions taken
[3, 4, 6, 14, 20]
[2, 4, 6, 15, 18]
[1, 4, 8, 9, 12]
[1, 2, 10, 11, 12]
[1, 5, 6, 11, 22]
[1, 3, 7, 9, 24]
[1, 2, 7, 14, 23]
[1, 2, 8, 13, 17]
[2, 3, 6, 13, 28]
[2, 3, 5, 24, 27]
[1, 3, 8, 11, 16]
[3, 5, 6, 7, 15]
[2, 4, 5, 16]
[1, 4, 6, 27]
[16, 17, 18, 19, 20, 21, 22, 23, 24, 25, 26, 27, 28]


5
process id 0
stats
5, 15, 7, 100, 1000
20220816-212711
loosing coalitions taken
[1, 4, 7, 14, 16]
[1, 5, 6, 11, 25]
[1, 3, 7, 11, 23]
[1, 2, 7, 9]
[2, 3, 6, 10]
[2, 3, 5, 23]
[3, 4, 5, 15]
[3, 4, 6, 11, 17]
[2, 4, 6, 15, 21]
[2, 4, 5, 18]
[1, 4, 6, 27]
[1, 4, 8, 9, 10]
[1, 3, 8, 12, 16]
[1, 2, 8, 15, 17]
[16, 17, 18, 19, 20, 21, 22, 23, 24, 25, 26, 27, 28]


6
process id 5
stats
5, 15, 7, 100, 1000
20220816-212711
loosing coalitions taken
[1, 2, 8, 13, 20]
[1, 4, 7, 8]
[1, 2, 10, 12, 14]
[1, 5, 6, 13, 23]
[2, 3, 6, 16, 24]
[1, 3, 7, 16, 17]
[1, 2, 7, 11, 22]
[2, 4, 5, 20, 26]
[2, 3, 5, 23]
[1, 4, 6, 27]
[3, 4, 6, 8]
[1, 3, 8, 9, 19]
[3, 4, 5, 15]
[2, 4, 6, 15, 17]
[16, 17, 18, 19, 20, 21, 22, 23, 24, 25, 26, 27, 28]


6
process id 7
stats
5, 15, 7, 100, 1000
20220816-212712
loosing coalitions taken
[1, 3, 7, 9, 24]
[1, 5, 6, 9, 26]
[3, 4, 5, 18, 26]
[2, 4, 6, 15, 20]
[1, 4, 7, 12, 16]
[2, 3, 6, 18, 21]
[1, 3, 8, 14, 15]
[1, 2, 8, 9, 22]
[1, 4, 8, 10, 13]
[3, 4, 6, 13, 17]
[1, 2, 7, 10, 25]
[2, 3, 5, 23]
[2, 4, 5, 16]
[1, 4, 6, 28]
[16, 17, 18, 19, 20, 21, 22, 23, 24, 25, 26, 27, 28]


6
process id 0
stats
5, 15, 7, 100, 1000
20220816-212713
loosing coalitions taken
[1, 2, 8, 13, 17]
[1, 3, 8, 12, 19]
[1, 2, 7, 9]
[2, 4, 5, 17]
[2, 3, 6, 10, 28]
[3, 4, 6, 9, 19]
[3, 4, 5, 16]
[2, 3, 5, 23]
[1, 3, 7, 15, 17]
[1, 4, 7, 8, 25]
[1, 5, 6, 11, 23]
[1, 4, 6, 27]
[2, 4, 6, 14, 21]
[1, 3, 9, 10, 11]
[16, 17, 18, 19, 20, 21, 22, 23, 24, 25, 26, 27, 28]


6
process id 7
stats
5, 15, 7, 100, 1000
20220816-212714
loosing coalitions taken
[1, 5, 6, 9, 26]
[1, 3, 8, 12, 19]
[1, 4, 7, 8]
[1, 2, 10, 12, 13]
[1, 2, 9, 11, 14]
[3, 4, 6, 9, 21]
[2, 3, 6, 12]
[2, 4, 5, 17]
[2, 3, 5, 22]
[3, 4, 5, 18, 26]
[1, 3, 7, 13, 17]
[1, 4, 6, 28]
[1, 2, 8, 15, 17]
[2, 4, 6, 13, 19]
[16, 17, 18, 19, 20, 21, 22, 23, 24, 25, 26, 27, 28]


5
process id 6
stats
5, 15, 7, 100, 1000
20220816-212715
loosing coalitions taken
[2, 4, 5, 19]
[1, 2, 10, 11, 14]
[1, 5, 6, 13, 22]
[2, 3, 6, 11, 26]
[3, 4, 6, 14, 17]
[1, 4, 7, 8]
[3, 4, 5, 16]
[2, 4, 6, 15, 18]
[1, 2, 9, 12, 13]
[2, 3, 5, 25]
[1, 3, 7, 15, 21]
[1, 4, 6, 28]
[1, 3, 8, 13, 16]
[1, 2, 8, 15, 17]
[16, 17, 18, 19, 20, 21, 22, 23, 24, 25, 26, 27, 28]


6
process id 1
stats
5, 15, 7, 100, 1000
20220816-212715
loosing coalitions taken
[2, 3, 6, 14]
[1, 2, 7, 15, 22]
[2, 4, 5, 19]
[1, 4, 7, 12, 16]
[1, 2, 8, 12, 18]
[1, 3, 7, 13, 17]
[3, 4, 5, 18, 27]
[1, 4, 6, 28]
[2, 4, 6, 15, 21]
[1, 5, 6, 13, 22]
[2, 3, 5, 24]
[3, 4, 6, 8]
[1, 4, 8, 10, 11]
[1, 3, 8, 14, 16]
[16, 17, 18, 19, 20, 21, 22, 23, 24, 25, 26, 27, 28]


6
process id 5
stats
5, 15, 7, 100, 1000
20220816-212715
loosing coalitions taken
[2, 3, 6, 12]
[2, 4, 5, 18]
[1, 2, 8, 15, 16]
[1, 4, 8, 9, 13]
[1, 3, 9, 10, 11]
[1, 3, 7, 16, 19]
[1, 2, 7, 13, 22]
[2, 3, 5, 22]
[2, 4, 6, 15, 21]
[3, 4, 6, 8]
[1, 5, 6, 11, 22]
[3, 4, 5, 15]
[1, 4, 6, 27]
[1, 4, 7, 10, 18]
[16, 17, 18, 19, 20, 21, 22, 23, 24, 25, 26, 27, 28]


6
process id 7
stats
5, 15, 7, 100, 1000
20220816-212717
loosing coalitions taken
[2, 4, 5, 20]
[1, 4, 7, 8]
[1, 2, 9, 10, 12]
[3, 4, 6, 12, 18]
[2, 3, 6, 14]
[1, 5, 6, 10, 26]
[2, 3, 5, 22]
[1, 2, 7, 14, 21]
[1, 4, 6, 27]
[2, 4, 6, 9, 22]
[1, 3, 7, 15, 18]
[3, 4, 5, 16]
[1, 2, 8, 13, 16]
[1, 3, 8, 12, 19]
[16, 17, 18, 19, 20, 21, 22, 23, 24, 25, 26, 27, 28]


5
process id 3
stats
5, 15, 7, 100, 1000
20220816-212717
loosing coalitions taken
[1, 5, 6, 12, 24]
[1, 2, 10, 11, 14]
[1, 3, 8, 11, 19]
[1, 2, 8, 12, 20]
[3, 4, 5, 15]
[1, 3, 7, 14, 20]
[2, 3, 6, 16, 24]
[2, 4, 6, 9, 25]
[1, 4, 8, 9, 14]
[1, 2, 7, 9]
[2, 4, 5, 18]
[3, 4, 6, 8]
[2, 3, 5, 25]
[1, 3, 9, 10, 12]
[16, 17, 18, 19, 20, 21, 22, 23, 24, 25, 26, 27, 28]


5
process id 0
stats
5, 15, 7, 100, 1000
20220816-212717
loosing coalitions taken
[1, 3, 8, 15, 16]
[1, 3, 9, 10, 12]
[1, 5, 6, 11, 25]
[1, 2, 9, 11, 13]
[2, 3, 6, 13]
[3, 4, 5, 16]
[1, 2, 7, 15, 21]
[1, 4, 7, 8]
[2, 3, 5, 24]
[1, 4, 6, 27]
[2, 4, 5, 20]
[3, 4, 6, 9, 21]
[1, 2, 8, 10, 17]
[1, 3, 7, 14, 17]
[16, 17, 18, 19, 20, 21, 22, 23, 24, 25, 26, 27, 28]


6
process id 2
stats
5, 15, 7, 100, 1000
20220816-212719
loosing coalitions taken
[1, 4, 8, 10, 15]
[1, 3, 8, 12, 17]
[3, 4, 6, 13, 20]
[1, 3, 7, 14, 20]
[1, 3, 9, 10, 11]
[1, 2, 8, 9, 22]
[1, 5, 6, 9, 24]
[1, 2, 7, 11, 23]
[2, 3, 7, 8, 10]
[3, 5, 6, 7, 15]
[2, 3, 6, 12, 27]
[3, 4, 5, 16]
[1, 2, 10, 12, 14]
[1, 4, 6, 27]
[16, 17, 18, 19, 20, 21, 22, 23, 24, 25, 26, 27, 28]


6
process id 1
stats
5, 15, 7, 100, 1000
20220816-212719
loosing coalitions taken
[1, 2, 8, 11, 21]
[1, 2, 7, 17, 19]
[2, 4, 6, 10, 24]
[1, 2, 9, 12, 14]
[1, 5, 6, 14, 22]
[1, 4, 8, 9, 13]
[1, 3, 7, 15, 18]
[1, 4, 6, 28]
[2, 3, 5, 24]
[3, 4, 5, 15]
[2, 3, 6, 9]
[2, 4, 5, 18]
[3, 4, 6, 8]
[1, 3, 8, 12, 19]
[16, 17, 18, 19, 20, 21, 22, 23, 24, 25, 26, 27, 28]


5
process id 6
stats
5, 15, 7, 100, 1000
20220816-212720
loosing coalitions taken
[1, 4, 7, 8, 28]
[3, 4, 5, 16]
[1, 5, 6, 13, 21]
[1, 2, 7, 9]
[1, 3, 8, 10, 18]
[2, 4, 5, 18]
[1, 2, 8, 15, 16]
[1, 3, 7, 14, 17]
[2, 3, 5, 24]
[2, 3, 6, 9]
[2, 4, 6, 12, 21]
[1, 2, 10, 12, 14]
[3, 4, 6, 8]
[1, 4, 6, 27]
[16, 17, 18, 19, 20, 21, 22, 23, 24, 25, 26, 27, 28]


6
process id 4
stats
5, 15, 7, 100, 1000
20220816-212721
loosing coalitions taken
[1, 3, 8, 11, 17]
[1, 2, 9, 12, 14]
[1, 5, 6, 15, 18]
[2, 3, 6, 12]
[1, 3, 7, 9, 22]
[2, 4, 5, 20, 25]
[3, 4, 5, 16]
[1, 2, 8, 15, 16]
[1, 4, 8, 9, 10]
[3, 4, 6, 8]
[1, 4, 6, 27]
[2, 4, 6, 16, 17]
[2, 3, 5, 22, 27]
[1, 4, 7, 13, 16]
[16, 17, 18, 19, 20, 21, 22, 23, 24, 25, 26, 27, 28]


6
process id 5
stats
5, 15, 7, 100, 1000
20220816-212722
loosing coalitions taken
[1, 4, 7, 8]
[1, 5, 6, 15, 21]
[1, 2, 10, 12, 13]
[3, 4, 5, 16]
[2, 3, 5, 23]
[2, 4, 6, 11, 20]
[1, 2, 7, 9]
[2, 3, 6, 12]
[2, 4, 5, 19, 26]
[1, 4, 6, 28]
[3, 4, 6, 9, 18]
[1, 3, 7, 11, 20]
[1, 2, 8, 11, 17]
[2, 5, 6, 8, 9]
[16, 17, 18, 19, 20, 21, 22, 23, 24, 25, 26, 27, 28]


5
process id 0
stats
5, 15, 7, 100, 1000
20220816-212723
loosing coalitions taken
[1, 5, 6, 13, 24]
[1, 3, 8, 12, 19]
[2, 3, 5, 23]
[1, 2, 9, 10, 14]
[2, 4, 6, 13, 22]
[1, 4, 7, 8]
[3, 4, 6, 15, 17]
[2, 4, 5, 17]
[1, 4, 6, 27]
[2, 3, 6, 12]
[1, 3, 7, 11, 21]
[3, 4, 5, 16]
[1, 2, 8, 13, 17]
[1, 2, 7, 12, 26]
[16, 17, 18, 19, 20, 21, 22, 23, 24, 25, 26, 27, 28]


6
process id 7
stats
5, 15, 7, 100, 1000
20220816-212724
loosing coalitions taken
[1, 5, 6, 16, 20]
[1, 2, 7, 13, 23]
[1, 4, 8, 9, 13]
[1, 3, 7, 12, 22]
[1, 2, 8, 10, 17]
[2, 3, 6, 12]
[1, 3, 8, 11, 19]
[2, 4, 5, 18]
[2, 3, 5, 23]
[3, 4, 5, 21, 24]
[2, 4, 6, 10, 24]
[1, 4, 6, 27]
[3, 4, 6, 9, 19]
[1, 4, 7, 10, 16]
[16, 17, 18, 19, 20, 21, 22, 23, 24, 25, 26, 27, 28]


6
process id 2
stats
5, 15, 7, 100, 1000
20220816-212724
loosing coalitions taken
[1, 4, 7, 12, 16]
[1, 2, 8, 9, 21]
[1, 3, 8, 14, 16]
[2, 3, 6, 12]
[1, 3, 7, 13, 20]
[1, 4, 8, 11, 13]
[1, 2, 7, 10, 28]
[2, 3, 5, 26, 27]
[1, 5, 6, 11, 25]
[3, 4, 6, 8]
[3, 4, 5, 15]
[2, 4, 6, 14, 22]
[1, 4, 6, 28]
[2, 4, 5, 16]
[16, 17, 18, 19, 20, 21, 22, 23, 24, 25, 26, 27, 28]


6
process id 5
stats
5, 15, 7, 100, 1000
20220816-212726
loosing coalitions taken
[1, 2, 7, 9]
[2, 4, 6, 16, 18]
[2, 4, 5, 20]
[1, 5, 6, 10, 24]
[2, 3, 6, 11]
[2, 3, 5, 23]
[1, 4, 7, 8, 26]
[1, 3, 7, 15, 19]
[1, 3, 8, 11, 17]
[3, 4, 5, 19, 24]
[1, 2, 10, 11, 13]
[1, 4, 6, 28]
[3, 4, 6, 9, 20]
[1, 2, 8, 12, 18]
[16, 17, 18, 19, 20, 21, 22, 23, 24, 25, 26, 27, 28]


6
process id 2
stats
5, 15, 7, 100, 1000
20220816-212727
loosing coalitions taken
[3, 4, 6, 11, 21]
[1, 4, 7, 8]
[1, 2, 10, 12, 13]
[1, 2, 9, 11, 14]
[3, 4, 5, 17, 26]
[3, 5, 6, 7, 10]
[2, 4, 5, 18]
[2, 3, 5, 25]
[2, 3, 6, 14]
[1, 4, 6, 27]
[1, 5, 6, 11, 23]
[1, 3, 7, 16, 17]
[2, 4, 6, 13, 20]
[1, 3, 8, 12, 19]
[16, 17, 18, 19, 20, 21, 22, 23, 24, 25, 26, 27, 28]


6
process id 0
stats
5, 15, 7, 100, 1000
20220816-212727
loosing coalitions taken
[1, 3, 7, 9, 24]
[1, 3, 8, 11, 17]
[1, 2, 8, 10, 20]
[2, 4, 5, 19]
[2, 3, 6, 12]
[1, 4, 8, 12, 13]
[1, 2, 7, 16, 21]
[1, 2, 9, 11, 13]
[2, 3, 5, 25]
[1, 4, 6, 27]
[3, 4, 5, 15]
[1, 5, 6, 11, 23]
[2, 4, 6, 15, 17]
[3, 4, 6, 10, 21]
[16, 17, 18, 19, 20, 21, 22, 23, 24, 25, 26, 27, 28]


6
process id 6
stats
5, 15, 7, 100, 1000
20220816-212728
loosing coalitions taken
[1, 2, 8, 13, 20]
[1, 3, 7, 15, 21]
[1, 5, 6, 13, 24]
[2, 4, 5, 19]
[2, 3, 6, 14]
[1, 2, 7, 9]
[1, 3, 8, 11, 18]
[2, 4, 6, 9, 25]
[1, 4, 6, 27]
[3, 4, 6, 12, 19]
[3, 4, 5, 17, 25]
[1, 4, 7, 11, 17]
[2, 3, 5, 22]
[2, 3, 7, 8, 10]
[16, 17, 18, 19, 20, 21, 22, 23, 24, 25, 26, 27, 28]


6
process id 5
stats
5, 15, 7, 100, 1000
20220816-212729
loosing coalitions taken
[1, 2, 7, 9, 28]
[1, 2, 10, 12, 14]
[1, 4, 7, 10, 18]
[1, 4, 8, 11, 13]
[2, 3, 5, 22]
[2, 4, 6, 16, 17]
[1, 3, 8, 9, 18]
[1, 5, 6, 13, 23]
[3, 4, 5, 16]
[2, 4, 5, 20]
[3, 4, 6, 10, 21]
[1, 4, 6, 27]
[1, 3, 7, 16, 17]
[2, 3, 6, 13]
[16, 17, 18, 19, 20, 21, 22, 23, 24, 25, 26, 27, 28]


6
process id 1
stats
5, 15, 7, 100, 1000
20220816-212729
loosing coalitions taken
[1, 5, 6, 9, 25]
[2, 3, 6, 10]
[1, 2, 7, 11, 27]
[1, 3, 8, 12, 17]
[1, 4, 8, 11, 13]
[1, 2, 8, 14, 20]
[1, 3, 7, 14, 22]
[2, 4, 5, 16]
[3, 4, 6, 11, 21]
[2, 3, 5, 22]
[3, 4, 5, 15]
[1, 4, 6, 27]
[2, 4, 6, 15, 17]
[1, 2, 10, 12, 13]
[16, 17, 18, 19, 20, 21, 22, 23, 24, 25, 26, 27, 28]


6
process id 3
stats
5, 15, 7, 100, 1000
20220816-212730
loosing coalitions taken
[1, 4, 8, 9, 12]
[1, 4, 7, 10, 16]
[1, 2, 9, 10, 13]
[1, 5, 6, 16, 18]
[1, 3, 7, 13, 22]
[1, 3, 8, 10, 19]
[2, 3, 6, 14, 28]
[3, 4, 6, 11, 20]
[1, 2, 8, 11, 17]
[2, 3, 7, 8, 9]
[1, 2, 7, 15, 21]
[2, 4, 5, 18, 27]
[2, 3, 5, 22]
[1, 4, 6, 27]
[16, 17, 18, 19, 20, 21, 22, 23, 24, 25, 26, 27, 28]


6
process id 0
stats
5, 15, 7, 100, 1000
20220816-212730
loosing coalitions taken
[1, 5, 6, 10, 26]
[1, 2, 7, 17, 19]
[1, 3, 8, 14, 16]
[1, 2, 8, 11, 20]
[2, 4, 5, 19]
[1, 2, 9, 12, 14]
[2, 3, 6, 13]
[1, 3, 7, 11, 22]
[2, 3, 5, 23]
[1, 4, 7, 8]
[3, 4, 5, 15]
[3, 4, 6, 8]
[1, 4, 6, 28]
[2, 4, 6, 15, 17]
[16, 17, 18, 19, 20, 21, 22, 23, 24, 25, 26, 27, 28]


6
process id 6
stats
5, 15, 7, 100, 1000
20220816-212731
loosing coalitions taken
[2, 4, 6, 10, 21]
[1, 3, 8, 14, 15]
[1, 2, 7, 11, 22]
[1, 3, 7, 10, 21]
[2, 4, 5, 20, 24]
[1, 5, 6, 16, 20]
[2, 3, 5, 25]
[3, 4, 5, 15]
[2, 3, 6, 11]
[1, 4, 7, 8]
[1, 2, 9, 10, 13]
[1, 4, 6, 27]
[3, 4, 6, 8]
[1, 2, 8, 12, 20]
[16, 17, 18, 19, 20, 21, 22, 23, 24, 25, 26, 27, 28]


5
process id 2
stats
5, 15, 7, 100, 1000
20220816-212731
loosing coalitions taken
[1, 5, 6, 13, 22]
[1, 4, 8, 11, 14]
[2, 4, 5, 18]
[1, 2, 9, 12, 13]
[1, 2, 7, 11, 23]
[1, 3, 8, 9, 20]
[2, 3, 6, 13]
[1, 2, 8, 10, 19]
[1, 4, 6, 27]
[1, 3, 7, 13, 17]
[2, 3, 5, 22]
[3, 4, 6, 10, 19]
[3, 4, 5, 16, 25]
[2, 4, 6, 9, 25]
[16, 17, 18, 19, 20, 21, 22, 23, 24, 25, 26, 27, 28]


6
process id 5
stats
5, 15, 7, 100, 1000
20220816-212731
loosing coalitions taken
[2, 4, 6, 16, 18]
[3, 4, 6, 11, 21]
[1, 3, 8, 12, 16]
[1, 2, 7, 11, 26]
[1, 5, 6, 15, 18]
[1, 4, 8, 11, 14]
[1, 2, 8, 10, 18]
[2, 3, 6, 10]
[1, 3, 7, 15, 19]
[1, 4, 6, 27]
[2, 4, 5, 19, 24]
[3, 4, 5, 15, 28]
[2, 3, 5, 22]
[1, 2, 9, 12, 14]
[16, 17, 18, 19, 20, 21, 22, 23, 24, 25, 26, 27, 28]


6
process id 4
stats
5, 15, 7, 100, 1000
20220816-212732
loosing coalitions taken
[1, 2, 8, 9, 17]
[1, 2, 10, 11, 13]
[1, 3, 7, 9, 22]
[3, 4, 6, 15, 17]
[2, 3, 6, 14]
[2, 4, 5, 20]
[1, 2, 7, 12, 25]
[1, 3, 8, 12, 19]
[1, 5, 6, 13, 22]
[2, 3, 5, 23]
[1, 4, 8, 10, 15]
[1, 4, 6, 28]
[3, 4, 5, 16]
[2, 4, 6, 11, 22]
[16, 17, 18, 19, 20, 21, 22, 23, 24, 25, 26, 27, 28]


6
process id 0
stats
5, 15, 7, 100, 1000
20220816-212734
loosing coalitions taken
[1, 3, 8, 12, 17]
[2, 4, 5, 20]
[3, 4, 6, 13, 19]
[2, 3, 6, 11]
[1, 3, 7, 14, 22]
[1, 4, 8, 10, 13]
[1, 4, 7, 9, 16]
[1, 2, 8, 14, 16]
[2, 3, 5, 23]
[1, 4, 6, 27]
[3, 4, 5, 15]
[1, 5, 6, 12, 22]
[1, 2, 9, 10, 11]
[2, 4, 6, 15, 18]
[16, 17, 18, 19, 20, 21, 22, 23, 24, 25, 26, 27, 28]


6
process id 7
stats
5, 15, 7, 100, 1000
20220816-212734
loosing coalitions taken
[1, 3, 7, 13, 22]
[1, 2, 7, 17, 18]
[1, 2, 8, 9, 22]
[1, 5, 6, 15, 21]
[1, 4, 8, 10, 13]
[1, 4, 7, 11, 16]
[1, 3, 8, 14, 16]
[2, 4, 6, 13, 19]
[2, 3, 6, 18, 21]
[2, 3, 7, 8, 10]
[3, 4, 5, 17, 27]
[2, 4, 5, 20]
[1, 4, 6, 28]
[1, 2, 10, 12, 14]
[16, 17, 18, 19, 20, 21, 22, 23, 24, 25, 26, 27, 28]


6
process id 2
stats
5, 15, 7, 100, 1000
20220816-212735
loosing coalitions taken
[2, 3, 6, 13]
[1, 3, 8, 10, 19]
[2, 4, 5, 17]
[1, 2, 7, 9]
[1, 5, 6, 16, 20]
[3, 4, 6, 11, 18]
[2, 3, 5, 25]
[1, 2, 8, 12, 20]
[1, 3, 7, 13, 22]
[2, 4, 6, 10, 22]
[1, 4, 7, 14, 15]
[3, 4, 5, 16]
[1, 4, 6, 28]
[1, 4, 8, 11, 13]
[16, 17, 18, 19, 20, 21, 22, 23, 24, 25, 26, 27, 28]


6
process id 6
stats
5, 15, 7, 100, 1000
20220816-212736
loosing coalitions taken
[2, 4, 5, 20]
[1, 5, 6, 13, 23]
[1, 3, 8, 12, 18]
[1, 4, 7, 13, 16]
[2, 3, 6, 14]
[1, 2, 10, 11, 12]
[1, 2, 7, 17, 19]
[3, 4, 5, 15]
[1, 4, 6, 28]
[2, 3, 5, 24, 28]
[2, 4, 6, 9, 22]
[3, 4, 6, 10, 19]
[1, 4, 8, 9, 11]
[1, 3, 7, 11, 20]
[16, 17, 18, 19, 20, 21, 22, 23, 24, 25, 26, 27, 28]


6
process id 4
stats
5, 15, 7, 100, 1000
20220816-212736
loosing coalitions taken
[1, 4, 8, 10, 15]
[3, 4, 6, 12, 20]
[1, 2, 7, 16, 17]
[1, 2, 8, 14, 19]
[2, 3, 6, 9]
[3, 4, 5, 15]
[2, 4, 5, 21, 28]
[1, 3, 8, 13, 16]
[1, 5, 6, 15, 20]
[2, 3, 5, 24]
[1, 4, 6, 28]
[1, 3, 7, 14, 20]
[1, 2, 9, 10, 13]
[3, 5, 6, 7, 13]
[16, 17, 18, 19, 20, 21, 22, 23, 24, 25, 26, 27, 28]


6
process id 5
stats
5, 15, 7, 100, 1000
20220816-212736
loosing coalitions taken
[1, 2, 7, 9]
[2, 4, 5, 20]
[1, 3, 8, 12, 16]
[2, 3, 6, 12]
[2, 3, 5, 24]
[3, 4, 5, 16, 26]
[1, 5, 6, 14, 22]
[1, 4, 6, 27]
[3, 4, 6, 8]
[1, 3, 7, 10, 24]
[2, 4, 6, 11, 24]
[1, 2, 10, 12, 14]
[1, 4, 8, 9, 10]
[1, 2, 8, 13, 20]
[16, 17, 18, 19, 20, 21, 22, 23, 24, 25, 26, 27, 28]


5
process id 0
stats
5, 15, 7, 100, 1000
20220816-212737
loosing coalitions taken
[2, 3, 6, 14]
[1, 3, 8, 11, 19]
[1, 3, 7, 12, 22]
[1, 2, 7, 9]
[2, 4, 5, 19, 24]
[1, 4, 6, 28]
[2, 3, 5, 22]
[1, 4, 7, 13, 16]
[1, 5, 6, 16, 17]
[1, 4, 8, 12, 14]
[3, 4, 5, 16]
[3, 4, 6, 9, 22]
[1, 2, 8, 10, 20]
[2, 4, 6, 10, 23]
[16, 17, 18, 19, 20, 21, 22, 23, 24, 25, 26, 27, 28]


6
process id 3
stats
5, 15, 7, 100, 1000
20220816-212738
loosing coalitions taken
[1, 2, 7, 17, 18]
[2, 4, 5, 21, 28]
[3, 4, 5, 18, 26]
[1, 3, 8, 14, 16]
[1, 4, 8, 11, 13]
[1, 2, 9, 11, 14]
[1, 4, 7, 14, 15]
[1, 3, 7, 13, 19]
[3, 4, 6, 8]
[2, 4, 6, 14, 19]
[1, 4, 6, 27]
[2, 3, 5, 24]
[1, 2, 10, 12, 13]
[2, 3, 6, 15, 26]
[16, 17, 18, 19, 20, 21, 22, 23, 24, 25, 26, 27, 28]


5
process id 2
stats
5, 15, 7, 100, 1000
20220816-212739
loosing coalitions taken
[1, 3, 7, 11, 20]
[1, 4, 7, 9, 19]
[2, 3, 5, 24]
[3, 4, 6, 13, 18]
[1, 4, 8, 12, 13]
[1, 2, 7, 10, 26]
[2, 4, 6, 9, 23]
[1, 2, 9, 11, 13]
[1, 3, 8, 10, 17]
[2, 3, 6, 12]
[2, 4, 5, 20]
[1, 4, 6, 28]
[1, 5, 6, 10, 23]
[3, 4, 5, 15]
[16, 17, 18, 19, 20, 21, 22, 23, 24, 25, 26, 27, 28]


6
process id 6
stats
5, 15, 7, 100, 1000
20220816-212739
loosing coalitions taken
[1, 2, 7, 9]
[1, 4, 8, 12, 14]
[3, 4, 5, 19, 25]
[2, 3, 5, 24]
[1, 5, 6, 10, 26]
[2, 3, 7, 8, 10]
[2, 4, 6, 16, 17]
[3, 4, 6, 14, 20]
[1, 2, 8, 11, 18]
[2, 4, 5, 20]
[1, 4, 6, 27]
[1, 3, 7, 16, 18]
[2, 3, 6, 9]
[1, 2, 10, 12, 13]
[16, 17, 18, 19, 20, 21, 22, 23, 24, 25, 26, 27, 28]


6
process id 0
stats
5, 15, 7, 100, 1000
20220816-212741
loosing coalitions taken
[1, 3, 7, 16, 19]
[1, 4, 8, 13, 14]
[1, 2, 7, 14, 24]
[3, 4, 5, 16]
[1, 5, 6, 12, 24]
[1, 2, 8, 11, 19]
[1, 3, 8, 12, 17]
[2, 4, 6, 9, 23]
[2, 3, 6, 14]
[2, 3, 5, 22]
[2, 4, 5, 20, 27]
[3, 4, 6, 8]
[1, 4, 6, 28]
[1, 2, 9, 10, 12]
[16, 17, 18, 19, 20, 21, 22, 23, 24, 25, 26, 27, 28]


5
process id 1
stats
5, 15, 7, 100, 1000
20220816-212741
loosing coalitions taken
[1, 2, 10, 12, 13]
[1, 2, 8, 9, 22]
[1, 2, 7, 16, 19]
[1, 3, 8, 12, 17]
[1, 3, 7, 11, 22]
[3, 4, 5, 16]
[1, 4, 6, 28]
[3, 4, 6, 11, 19]
[1, 4, 7, 8]
[2, 4, 5, 20]
[2, 3, 6, 13]
[2, 4, 6, 12, 22]
[1, 5, 6, 10, 24]
[2, 3, 5, 23]
[16, 17, 18, 19, 20, 21, 22, 23, 24, 25, 26, 27, 28]


6
process id 5
stats
5, 15, 7, 100, 1000
20220816-212742
loosing coalitions taken
[1, 3, 9, 10, 12]
[2, 4, 5, 17]
[2, 3, 6, 14]
[1, 5, 6, 9, 26]
[1, 4, 8, 11, 13]
[1, 3, 7, 11, 23]
[1, 2, 8, 12, 21]
[1, 2, 7, 9]
[1, 4, 6, 28]
[2, 3, 5, 25]
[2, 4, 6, 10, 24]
[3, 4, 5, 15]
[3, 4, 6, 8]
[1, 4, 7, 12, 16]
[16, 17, 18, 19, 20, 21, 22, 23, 24, 25, 26, 27, 28]


6
process id 4
stats
5, 15, 7, 100, 1000
20220816-212743
loosing coalitions taken
[1, 3, 7, 15, 20]
[1, 5, 6, 13, 24]
[1, 2, 8, 10, 17]
[1, 3, 8, 9, 18]
[2, 4, 5, 21, 28]
[3, 4, 5, 16]
[1, 2, 7, 14, 21]
[1, 2, 9, 12, 13]
[1, 4, 7, 8]
[2, 3, 6, 9]
[1, 4, 6, 27]
[3, 4, 6, 8]
[2, 4, 6, 15, 17]
[2, 3, 5, 23]
[16, 17, 18, 19, 20, 21, 22, 23, 24, 25, 26, 27, 28]


6
process id 6
stats
5, 15, 7, 100, 1000
20220816-212743
loosing coalitions taken
[1, 2, 7, 10, 28]
[1, 2, 9, 12, 13]
[1, 4, 7, 8]
[2, 3, 6, 14]
[1, 3, 9, 10, 11]
[1, 5, 6, 9, 25]
[3, 4, 5, 18, 24]
[2, 4, 6, 11, 21]
[2, 4, 5, 20]
[1, 3, 8, 12, 17]
[2, 3, 5, 23]
[3, 4, 6, 8]
[1, 4, 6, 28]
[1, 3, 7, 13, 22]
[16, 17, 18, 19, 20, 21, 22, 23, 24, 25, 26, 27, 28]


6
process id 1
stats
5, 15, 7, 100, 1000
20220816-212743
loosing coalitions taken
[1, 2, 7, 13, 24]
[2, 3, 6, 18, 21]
[1, 4, 7, 10, 18]
[1, 2, 9, 12, 14]
[2, 3, 5, 23]
[1, 3, 8, 13, 16]
[1, 5, 6, 11, 25]
[1, 2, 8, 10, 17]
[3, 4, 5, 16]
[3, 4, 6, 8]
[2, 4, 6, 14, 19]
[2, 4, 5, 17]
[1, 3, 7, 15, 19]
[1, 4, 6, 27]
[16, 17, 18, 19, 20, 21, 22, 23, 24, 25, 26, 27, 28]


6
process id 5
stats
5, 15, 7, 100, 1000
20220816-212744
loosing coalitions taken
[1, 5, 6, 16, 20]
[2, 4, 5, 17]
[1, 2, 7, 10, 24]
[1, 2, 9, 12, 13]
[1, 3, 9, 10, 11]
[1, 3, 7, 16, 19]
[2, 3, 6, 14]
[2, 3, 5, 22]
[1, 4, 8, 9, 14]
[1, 4, 6, 28]
[3, 4, 5, 16]
[2, 4, 6, 11, 21]
[3, 4, 6, 8]
[1, 4, 7, 11, 15]
[16, 17, 18, 19, 20, 21, 22, 23, 24, 25, 26, 27, 28]


6
process id 3
stats
5, 15, 7, 100, 1000
20220816-212744
loosing coalitions taken
[1, 4, 7, 8]
[1, 5, 6, 11, 25]
[2, 3, 6, 14]
[3, 4, 6, 8]
[1, 2, 10, 11, 14]
[1, 2, 7, 15, 21]
[2, 4, 5, 16]
[2, 3, 5, 25]
[1, 3, 8, 13, 16]
[1, 4, 6, 27]
[1, 3, 7, 10, 20]
[2, 4, 6, 10, 21]
[3, 4, 5, 15]
[1, 2, 9, 12, 13]
[16, 17, 18, 19, 20, 21, 22, 23, 24, 25, 26, 27, 28]


5
process id 4
stats
5, 15, 7, 100, 1000
20220816-212745
loosing coalitions taken
[1, 5, 6, 13, 24]
[2, 4, 5, 20]
[1, 4, 7, 11, 17]
[3, 4, 6, 9, 22]
[1, 2, 7, 13, 23]
[2, 3, 7, 8, 9]
[2, 3, 6, 18, 19]
[1, 2, 8, 14, 18]
[1, 3, 7, 15, 21]
[2, 3, 5, 24]
[3, 4, 5, 15]
[1, 4, 6, 28]
[2, 4, 6, 11, 24]
[1, 3, 8, 11, 16]
[16, 17, 18, 19, 20, 21, 22, 23, 24, 25, 26, 27, 28]


6
process id 7
stats
5, 15, 7, 100, 1000
20220816-212745
loosing coalitions taken
[1, 4, 7, 8]
[2, 3, 6, 13]
[1, 5, 6, 11, 24]
[1, 3, 9, 10, 11]
[2, 4, 6, 10, 22]
[1, 4, 6, 28]
[1, 2, 9, 12, 13]
[2, 3, 5, 22, 26]
[1, 2, 7, 16, 19]
[3, 4, 6, 8]
[2, 4, 5, 20]
[1, 2, 8, 11, 20]
[1, 3, 7, 13, 20]
[3, 4, 5, 16]
[16, 17, 18, 19, 20, 21, 22, 23, 24, 25, 26, 27, 28]


6
process id 2
stats
5, 15, 7, 100, 1000
20220816-212747
loosing coalitions taken
[1, 2, 7, 11, 27]
[3, 4, 5, 20, 24]
[1, 5, 6, 15, 20]
[1, 3, 9, 10, 11]
[1, 3, 8, 12, 18]
[1, 2, 9, 12, 14]
[1, 4, 7, 8]
[2, 3, 6, 10]
[2, 4, 5, 19]
[1, 4, 6, 27]
[2, 4, 6, 11, 23]
[1, 3, 7, 15, 17]
[2, 3, 5, 25, 28]
[3, 4, 6, 9, 19]
[16, 17, 18, 19, 20, 21, 22, 23, 24, 25, 26, 27, 28]


6
process id 3
stats
5, 15, 7, 100, 1000
20220816-212747
loosing coalitions taken
[1, 4, 8, 12, 13]
[2, 4, 5, 18, 27]
[1, 5, 6, 16, 18]
[2, 3, 5, 23]
[3, 4, 6, 14, 20]
[1, 3, 7, 14, 22]
[1, 2, 7, 9]
[2, 4, 6, 10, 24]
[2, 3, 6, 9]
[1, 4, 6, 28]
[3, 4, 5, 15]
[1, 2, 10, 11, 12]
[1, 3, 8, 10, 19]
[1, 2, 8, 14, 20]
[16, 17, 18, 19, 20, 21, 22, 23, 24, 25, 26, 27, 28]


6
process id 3
stats
5, 15, 7, 100, 1000
20220816-212749
loosing coalitions taken
[2, 4, 5, 20, 28]
[1, 2, 9, 11, 13]
[1, 3, 9, 10, 12]
[2, 3, 5, 25]
[1, 5, 6, 13, 24]
[3, 4, 6, 14, 20]
[1, 3, 7, 15, 17]
[1, 2, 8, 10, 18]
[1, 3, 8, 11, 16]
[1, 4, 8, 9, 14]
[2, 4, 6, 15, 18]
[1, 4, 7, 10, 19]
[1, 4, 6, 27]
[1, 2, 7, 14, 22]
[16, 17, 18, 19, 20, 21, 22, 23, 24, 25, 26, 27, 28]


5
process id 1
stats
5, 15, 7, 100, 1000
20220816-212749
loosing coalitions taken
[1, 5, 6, 10, 26]
[2, 4, 5, 17]
[2, 3, 6, 10]
[1, 4, 8, 11, 12]
[1, 2, 7, 12, 23]
[1, 2, 9, 11, 13]
[1, 2, 8, 14, 20]
[3, 4, 5, 15]
[2, 3, 5, 22]
[1, 4, 6, 28]
[1, 4, 7, 14, 16]
[1, 3, 8, 15, 16]
[3, 4, 6, 8]
[1, 3, 7, 10, 20]
[16, 17, 18, 19, 20, 21, 22, 23, 24, 25, 26, 27, 28]


6
process id 4
stats
5, 15, 7, 100, 1000
20220816-212750
loosing coalitions taken
[1, 5, 6, 11, 24]
[2, 3, 6, 13]
[1, 4, 8, 13, 14]
[1, 3, 7, 14, 20]
[3, 4, 5, 16]
[1, 3, 8, 12, 17]
[1, 4, 7, 9, 17]
[1, 2, 7, 12, 24]
[2, 3, 5, 22]
[2, 4, 5, 21, 27]
[1, 4, 6, 27]
[3, 4, 6, 8]
[1, 3, 9, 10, 11]
[2, 4, 6, 12, 22]
[16, 17, 18, 19, 20, 21, 22, 23, 24, 25, 26, 27, 28]


6
process id 7
stats
5, 15, 7, 100, 1000
20220816-212750
loosing coalitions taken
[1, 3, 7, 11, 22]
[1, 2, 10, 11, 14]
[1, 3, 8, 10, 16]
[1, 5, 6, 14, 20]
[1, 2, 7, 9]
[2, 4, 6, 16, 17]
[2, 4, 5, 21, 26]
[2, 3, 6, 14]
[2, 3, 5, 25]
[3, 4, 5, 16]
[1, 2, 8, 12, 19]
[1, 4, 6, 27]
[1, 4, 7, 8]
[3, 4, 6, 8]
[16, 17, 18, 19, 20, 21, 22, 23, 24, 25, 26, 27, 28]


5
process id 2
stats
5, 15, 7, 100, 1000
20220816-212751
loosing coalitions taken
[1, 2, 8, 12, 21]
[1, 2, 7, 9, 26]
[1, 3, 9, 10, 12]
[2, 4, 5, 21, 27]
[1, 5, 6, 9, 25]
[3, 4, 5, 18, 26]
[2, 3, 5, 24]
[3, 4, 6, 15, 16]
[1, 3, 7, 13, 21]
[1, 3, 8, 11, 19]
[1, 2, 10, 11, 14]
[2, 4, 6, 12, 20]
[1, 4, 8, 13, 14]
[1, 4, 6, 27]
[16, 17, 18, 19, 20, 21, 22, 23, 24, 25, 26, 27, 28]


6
process id 0
stats
5, 15, 7, 100, 1000
20220816-212751
loosing coalitions taken
[1, 4, 8, 11, 12]
[2, 3, 6, 11]
[1, 3, 8, 9, 16]
[1, 2, 7, 10, 26]
[1, 3, 7, 13, 20]
[1, 2, 8, 13, 19]
[1, 4, 7, 9, 17]
[2, 3, 5, 22]
[3, 4, 5, 16]
[1, 4, 6, 27]
[3, 4, 6, 12, 20]
[2, 4, 5, 20, 25]
[1, 5, 6, 15, 19]
[1, 2, 9, 11, 14]
[16, 17, 18, 19, 20, 21, 22, 23, 24, 25, 26, 27, 28]


5
process id 3
stats
5, 15, 7, 100, 1000
20220816-212752
loosing coalitions taken
[1, 3, 8, 12, 17]
[1, 3, 7, 9, 24]
[1, 4, 7, 8]
[2, 4, 6, 15, 21]
[1, 5, 6, 15, 20]
[1, 2, 10, 11, 12]
[2, 3, 5, 25]
[2, 4, 5, 20]
[3, 4, 6, 8]
[2, 3, 6, 9]
[1, 4, 6, 27]
[1, 2, 7, 16, 20]
[3, 4, 5, 15]
[1, 2, 8, 13, 19]
[16, 17, 18, 19, 20, 21, 22, 23, 24, 25, 26, 27, 28]


5
process id 7
stats
5, 15, 7, 100, 1000
20220816-212753
loosing coalitions taken
[1, 4, 7, 11, 17]
[1, 2, 7, 16, 20]
[1, 3, 7, 15, 21]
[2, 4, 5, 20]
[1, 5, 6, 9, 24]
[1, 3, 8, 11, 18]
[1, 2, 9, 11, 12]
[1, 4, 6, 28]
[2, 3, 6, 9]
[3, 4, 5, 15]
[2, 3, 5, 22]
[3, 4, 6, 10, 20]
[2, 4, 6, 11, 23]
[1, 2, 8, 13, 17]
[16, 17, 18, 19, 20, 21, 22, 23, 24, 25, 26, 27, 28]


5
process id 4
stats
5, 15, 7, 100, 1000
20220816-212753
loosing coalitions taken
[2, 3, 6, 10]
[1, 2, 7, 14, 24]
[2, 4, 5, 18]
[1, 4, 8, 10, 11]
[1, 3, 7, 13, 20]
[1, 2, 9, 11, 12]
[1, 5, 6, 12, 24]
[2, 3, 5, 22]
[1, 4, 7, 9, 16]
[1, 3, 8, 12, 18]
[3, 4, 6, 14, 20]
[2, 4, 6, 11, 22]
[1, 4, 6, 28]
[3, 4, 5, 16]
[16, 17, 18, 19, 20, 21, 22, 23, 24, 25, 26, 27, 28]


5
process id 1
stats
5, 15, 7, 100, 1000
20220816-212755
loosing coalitions taken
[1, 3, 8, 11, 19]
[2, 3, 6, 13]
[1, 4, 7, 8]
[1, 2, 9, 10, 14]
[2, 4, 5, 20]
[3, 4, 5, 17, 27]
[1, 4, 6, 28]
[2, 3, 5, 22]
[1, 3, 7, 10, 20]
[1, 2, 7, 15, 22]
[3, 4, 6, 11, 20]
[1, 5, 6, 11, 22]
[2, 4, 6, 14, 17]
[1, 2, 8, 12, 17]
[16, 17, 18, 19, 20, 21, 22, 23, 24, 25, 26, 27, 28]


6
process id 6
stats
5, 15, 7, 100, 1000
20220816-212755
loosing coalitions taken
[1, 2, 9, 11, 14]
[3, 4, 5, 20, 24]
[2, 3, 6, 18, 21]
[1, 3, 7, 15, 21]
[1, 5, 6, 10, 23]
[1, 3, 8, 11, 18]
[1, 3, 9, 10, 12]
[1, 2, 8, 13, 17]
[1, 2, 7, 10, 26]
[2, 3, 7, 8, 9]
[2, 3, 5, 27, 28]
[1, 4, 7, 11, 16]
[3, 4, 6, 8]
[2, 4, 5, 18]
[16, 17, 18, 19, 20, 21, 22, 23, 24, 25, 26, 27, 28]


6
process id 5
stats
5, 15, 7, 100, 1000
20220816-212755
loosing coalitions taken
[1, 4, 7, 8]
[2, 4, 6, 12, 22]
[1, 5, 6, 16, 18]
[3, 4, 6, 15, 17]
[2, 4, 5, 18]
[1, 3, 9, 10, 11]
[1, 2, 9, 12, 14]
[1, 3, 8, 14, 16]
[2, 3, 6, 14]
[2, 3, 5, 25]
[1, 4, 6, 27]
[1, 2, 7, 15, 18]
[3, 4, 5, 16]
[1, 2, 8, 10, 17]
[16, 17, 18, 19, 20, 21, 22, 23, 24, 25, 26, 27, 28]


5
process id 2
stats
5, 15, 7, 100, 1000
20220816-212756
loosing coalitions taken
[1, 3, 8, 10, 19]
[1, 4, 7, 8]
[3, 4, 6, 13, 20]
[2, 4, 6, 15, 21]
[2, 4, 5, 19]
[1, 2, 9, 10, 14]
[2, 3, 5, 22]
[1, 5, 6, 13, 22]
[3, 4, 5, 15, 28]
[2, 5, 6, 8, 12]
[2, 3, 6, 14]
[1, 2, 7, 16, 20]
[1, 3, 7, 11, 23]
[1, 4, 6, 28]
[16, 17, 18, 19, 20, 21, 22, 23, 24, 25, 26, 27, 28]


6
process id 7
stats
5, 15, 7, 100, 1000
20220816-212756
loosing coalitions taken
[1, 4, 8, 10, 15]
[1, 2, 8, 14, 18]
[1, 5, 6, 12, 23]
[2, 3, 5, 24]
[1, 3, 7, 10, 23]
[1, 2, 7, 13, 25]
[1, 2, 10, 11, 12]
[1, 4, 7, 14, 16]
[3, 4, 6, 10, 17]
[1, 3, 8, 12, 16]
[2, 4, 6, 13, 18]
[1, 4, 6, 28]
[2, 3, 6, 9]
[3, 4, 5, 15]
[16, 17, 18, 19, 20, 21, 22, 23, 24, 25, 26, 27, 28]


6
process id 3
stats
5, 15, 7, 100, 1000
20220816-212757
loosing coalitions taken
[1, 5, 6, 12, 24]
[1, 4, 7, 8, 28]
[1, 2, 7, 15, 22]
[1, 3, 8, 12, 19]
[2, 4, 5, 19]
[1, 2, 8, 14, 17]
[2, 3, 6, 17, 21]
[2, 3, 5, 23, 28]
[3, 4, 6, 8]
[3, 4, 5, 16]
[1, 4, 6, 27]
[1, 2, 10, 12, 13]
[1, 3, 7, 11, 20]
[2, 4, 6, 13, 20]
[16, 17, 18, 19, 20, 21, 22, 23, 24, 25, 26, 27, 28]


6
process id 1
stats
5, 15, 7, 100, 1000
20220816-212758
loosing coalitions taken
[1, 3, 8, 15, 16]
[1, 3, 9, 10, 11]
[1, 5, 6, 9, 26]
[2, 4, 5, 20, 27]
[1, 2, 10, 12, 14]
[2, 3, 6, 15, 24]
[3, 4, 5, 21, 24]
[2, 3, 5, 22]
[2, 4, 6, 14, 21]
[1, 4, 7, 13, 15]
[1, 4, 6, 27]
[1, 2, 7, 17, 18]
[1, 2, 8, 9, 19]
[1, 3, 7, 14, 21]
[16, 17, 18, 19, 20, 21, 22, 23, 24, 25, 26, 27, 28]


6
process id 7
stats
5, 15, 7, 100, 1000
20220816-212801
loosing coalitions taken
[1, 2, 7, 17, 19]
[1, 5, 6, 16, 20]
[1, 3, 9, 10, 12]
[1, 2, 9, 11, 13]
[1, 3, 8, 11, 19]
[2, 3, 6, 13]
[1, 2, 8, 10, 18]
[2, 4, 5, 19, 26]
[3, 4, 5, 16]
[1, 3, 7, 15, 21]
[2, 4, 6, 12, 23]
[1, 4, 7, 8]
[2, 3, 5, 22]
[3, 4, 6, 11, 21]
[16, 17, 18, 19, 20, 21, 22, 23, 24, 25, 26, 27, 28]


6
process id 4
stats
5, 15, 7, 100, 1000
20220816-212804
loosing coalitions taken
[1, 3, 8, 10, 18]
[1, 2, 7, 9]
[2, 4, 5, 19]
[1, 4, 8, 9, 12]
[3, 4, 5, 17, 25]
[2, 3, 6, 9, 28]
[1, 4, 6, 27]
[1, 5, 6, 10, 25]
[1, 2, 8, 11, 17]
[3, 4, 6, 8]
[2, 4, 6, 11, 21]
[2, 3, 5, 23]
[1, 4, 7, 13, 16]
[1, 3, 7, 11, 23]
[16, 17, 18, 19, 20, 21, 22, 23, 24, 25, 26, 27, 28]


6
process id 3
stats
5, 15, 7, 100, 1000
20220816-212805
loosing coalitions taken
[1, 5, 6, 10, 26]
[2, 4, 5, 18]
[1, 3, 9, 10, 11]
[2, 3, 6, 10]
[1, 2, 8, 9, 21]
[1, 3, 7, 15, 18]
[1, 4, 7, 12, 16]
[3, 4, 6, 11, 21]
[1, 4, 6, 27]
[3, 4, 5, 20, 22]
[2, 3, 5, 23, 28]
[2, 4, 6, 14, 17]
[3, 5, 6, 7, 13]
[1, 3, 8, 14, 16]
[16, 17, 18, 19, 20, 21, 22, 23, 24, 25, 26, 27, 28]


6
process id 6
stats
5, 15, 7, 100, 1000
20220816-212805
loosing coalitions taken
[1, 2, 8, 12, 20]
[1, 3, 9, 10, 12]
[2, 3, 6, 14]
[1, 3, 8, 11, 19]
[1, 4, 7, 8]
[1, 5, 6, 11, 23]
[1, 3, 7, 14, 18]
[1, 2, 7, 10, 23]
[2, 4, 5, 19, 24]
[3, 4, 6, 8]
[3, 4, 5, 16, 27]
[1, 2, 9, 11, 14]
[1, 4, 6, 28]
[2, 3, 5, 22]
[16, 17, 18, 19, 20, 21, 22, 23, 24, 25, 26, 27, 28]


6
process id 0
stats
5, 15, 7, 100, 1000
20220816-212806
loosing coalitions taken
[2, 3, 6, 12]
[1, 3, 7, 15, 19]
[1, 3, 8, 10, 16]
[1, 2, 7, 9]
[2, 3, 5, 23]
[3, 4, 5, 16]
[1, 4, 6, 27]
[1, 5, 6, 11, 25]
[2, 4, 6, 14, 18]
[1, 4, 7, 12, 16]
[2, 4, 5, 19]
[3, 4, 6, 13, 21]
[1, 2, 8, 11, 20]
[1, 4, 8, 9, 13]
[16, 17, 18, 19, 20, 21, 22, 23, 24, 25, 26, 27, 28]


6
process id 2
stats
5, 15, 7, 100, 1000
20220816-212807
loosing coalitions taken
[1, 3, 9, 10, 11]
[2, 4, 6, 9, 23]
[1, 2, 8, 12, 21]
[2, 4, 5, 18]
[1, 4, 7, 12, 15]
[2, 3, 6, 19, 21]
[1, 2, 7, 10, 24]
[1, 3, 8, 14, 16]
[1, 5, 6, 11, 24]
[3, 4, 6, 13, 17]
[1, 4, 8, 11, 13]
[1, 4, 6, 27]
[1, 3, 7, 13, 22]
[2, 3, 7, 8, 9]
[16, 17, 18, 19, 20, 21, 22, 23, 24, 25, 26, 27, 28]


6
process id 1
stats
5, 15, 7, 100, 1000
20220816-212808
loosing coalitions taken
[2, 4, 6, 15, 17]
[1, 4, 8, 11, 12]
[1, 2, 8, 10, 18]
[1, 5, 6, 14, 20]
[1, 3, 8, 14, 16]
[2, 3, 6, 13]
[1, 2, 7, 11, 25]
[1, 3, 9, 10, 12]
[1, 3, 7, 15, 20]
[3, 4, 5, 16]
[1, 4, 6, 28]
[1, 4, 7, 13, 16]
[3, 4, 6, 8]
[2, 3, 5, 25]
[16, 17, 18, 19, 20, 21, 22, 23, 24, 25, 26, 27, 28]


6
process id 6
stats
5, 15, 7, 100, 1000
20220816-212808
loosing coalitions taken
[1, 3, 8, 12, 19]
[1, 4, 8, 10, 11]
[2, 3, 6, 11]
[1, 5, 6, 14, 22]
[2, 4, 5, 16]
[1, 4, 6, 28]
[1, 3, 7, 13, 21]
[3, 4, 6, 13, 20]
[2, 3, 5, 24]
[1, 2, 8, 14, 17]
[3, 4, 5, 15]
[2, 4, 6, 10, 24]
[1, 2, 7, 9]
[1, 4, 7, 12, 16]
[16, 17, 18, 19, 20, 21, 22, 23, 24, 25, 26, 27, 28]


6
process id 0
stats
5, 15, 7, 100, 1000
20220816-212810
loosing coalitions taken
[1, 4, 7, 9, 17]
[1, 3, 9, 10, 12]
[2, 4, 5, 20]
[2, 3, 6, 10]
[1, 3, 7, 13, 22]
[1, 4, 8, 11, 13]
[1, 2, 7, 14, 24]
[1, 2, 8, 12, 19]
[1, 3, 8, 15, 16]
[3, 4, 6, 13, 21]
[2, 3, 5, 25]
[1, 5, 6, 15, 20]
[1, 4, 6, 28]
[2, 4, 6, 9, 25]
[16, 17, 18, 19, 20, 21, 22, 23, 24, 25, 26, 27, 28]


6
process id 7
stats
5, 15, 7, 100, 1000
20220816-212810
loosing coalitions taken
[1, 3, 9, 10, 11]
[2, 4, 6, 10, 22]
[3, 4, 5, 16]
[1, 2, 7, 9]
[2, 3, 6, 13]
[1, 3, 8, 14, 15]
[3, 4, 6, 8]
[2, 3, 5, 22]
[2, 4, 5, 17]
[1, 4, 6, 28]
[1, 3, 7, 13, 17]
[1, 4, 8, 12, 13]
[1, 2, 8, 10, 19]
[1, 5, 6, 14, 21]
[16, 17, 18, 19, 20, 21, 22, 23, 24, 25, 26, 27, 28]


6
process id 5
stats
5, 15, 7, 100, 1000
20220816-212810
loosing coalitions taken
[2, 3, 6, 14]
[1, 2, 9, 11, 13]
[1, 4, 8, 11, 14]
[1, 4, 7, 9, 19]
[3, 4, 5, 16]
[1, 2, 7, 12, 26]
[1, 3, 7, 11, 21]
[1, 3, 8, 9, 20]
[2, 4, 5, 19]
[1, 2, 8, 10, 19]
[2, 3, 5, 24]
[2, 4, 6, 11, 21]
[3, 4, 6, 13, 20]
[1, 4, 6, 27]
[16, 17, 18, 19, 20, 21, 22, 23, 24, 25, 26, 27, 28]


5
process id 1
stats
5, 15, 7, 100, 1000
20220816-212811
loosing coalitions taken
[1, 5, 6, 12, 24]
[1, 3, 8, 11, 19]
[1, 2, 10, 11, 12]
[1, 4, 7, 8]
[2, 4, 5, 19, 24]
[1, 2, 8, 9, 17]
[1, 3, 7, 14, 17]
[3, 4, 5, 20, 23]
[2, 3, 5, 22]
[3, 4, 6, 13, 21]
[1, 2, 7, 13, 24]
[1, 4, 6, 27]
[2, 4, 6, 10, 23]
[2, 3, 6, 11]
[16, 17, 18, 19, 20, 21, 22, 23, 24, 25, 26, 27, 28]


6
process id 2
stats
5, 15, 7, 100, 1000
20220816-212812
loosing coalitions taken
[1, 2, 8, 9, 20]
[1, 4, 7, 9, 18]
[1, 3, 8, 10, 18]
[2, 4, 6, 13, 21]
[1, 3, 7, 16, 17]
[1, 2, 10, 11, 14]
[2, 3, 5, 25]
[1, 2, 7, 13, 23]
[2, 3, 6, 17, 19]
[2, 4, 5, 19]
[3, 4, 5, 16]
[1, 5, 6, 14, 20]
[1, 4, 6, 27]
[3, 4, 6, 8]
[16, 17, 18, 19, 20, 21, 22, 23, 24, 25, 26, 27, 28]


5
process id 5
stats
5, 15, 7, 100, 1000
20220816-212812
loosing coalitions taken
[1, 3, 7, 14, 22]
[2, 4, 5, 18]
[2, 3, 6, 11]
[1, 2, 9, 10, 14]
[1, 2, 8, 15, 17]
[1, 2, 7, 16, 19]
[1, 5, 6, 16, 17]
[1, 3, 8, 9, 16]
[3, 4, 6, 13, 17]
[2, 3, 5, 23]
[1, 4, 7, 8]
[1, 4, 6, 27]
[2, 4, 6, 14, 20]
[3, 4, 5, 15]
[16, 17, 18, 19, 20, 21, 22, 23, 24, 25, 26, 27, 28]


6
process id 4
stats
5, 15, 7, 100, 1000
20220816-212814
loosing coalitions taken
[2, 3, 6, 12]
[1, 3, 8, 15, 16]
[1, 5, 6, 11, 22]
[1, 2, 7, 9]
[2, 4, 5, 20, 23]
[3, 4, 5, 15]
[3, 4, 6, 8]
[1, 3, 7, 12, 22]
[1, 4, 6, 28]
[1, 4, 7, 13, 15]
[2, 3, 5, 24]
[1, 2, 8, 11, 18]
[1, 3, 9, 10, 11]
[2, 4, 6, 9, 22]
[16, 17, 18, 19, 20, 21, 22, 23, 24, 25, 26, 27, 28]


5
process id 0
stats
5, 15, 7, 100, 1000
20220816-212814
loosing coalitions taken
[1, 2, 7, 15, 22]
[2, 4, 5, 20]
[1, 5, 6, 9, 22]
[2, 3, 6, 9]
[1, 2, 10, 11, 14]
[1, 3, 8, 11, 16]
[2, 4, 6, 14, 21]
[1, 3, 7, 10, 24]
[2, 3, 5, 25]
[3, 4, 5, 17, 24]
[1, 2, 8, 13, 18]
[1, 4, 6, 27]
[3, 4, 6, 10, 19]
[1, 4, 8, 9, 14]
[16, 17, 18, 19, 20, 21, 22, 23, 24, 25, 26, 27, 28]


5
process id 3
stats
5, 15, 7, 100, 1000
20220816-212814
loosing coalitions taken
[1, 2, 7, 9]
[2, 4, 5, 20, 23]
[1, 4, 8, 12, 13]
[2, 3, 5, 24, 27]
[2, 5, 6, 8, 10]
[1, 5, 6, 12, 24]
[2, 3, 6, 14, 25]
[3, 4, 6, 8]
[3, 4, 5, 15]
[1, 3, 8, 9, 20]
[2, 4, 6, 15, 17]
[1, 3, 7, 16, 17]
[1, 4, 6, 27]
[1, 4, 7, 10, 19]
[16, 17, 18, 19, 20, 21, 22, 23, 24, 25, 26, 27, 28]


6
process id 2
stats
5, 15, 7, 100, 1000
20220816-212815
loosing coalitions taken
[1, 3, 8, 15, 16]
[1, 4, 8, 13, 14]
[2, 3, 5, 25]
[3, 4, 6, 11, 20]
[1, 2, 10, 11, 12]
[1, 2, 7, 9]
[2, 4, 5, 18, 26]
[3, 4, 5, 16]
[2, 3, 6, 9]
[1, 3, 7, 13, 18]
[1, 4, 6, 28]
[2, 4, 6, 13, 19]
[1, 4, 7, 11, 17]
[1, 5, 6, 16, 19]
[16, 17, 18, 19, 20, 21, 22, 23, 24, 25, 26, 27, 28]


6
process id 6
stats
5, 15, 7, 100, 1000
20220816-212816
loosing coalitions taken
[1, 5, 6, 13, 22]
[1, 4, 7, 9, 16]
[1, 2, 7, 10, 24]
[1, 3, 7, 15, 21]
[1, 3, 8, 9, 20]
[1, 4, 8, 10, 14]
[1, 2, 9, 12, 14]
[2, 3, 6, 13]
[1, 2, 8, 11, 19]
[2, 4, 5, 19]
[2, 3, 5, 25]
[3, 4, 6, 8]
[3, 4, 5, 16]
[1, 4, 6, 28]
[16, 17, 18, 19, 20, 21, 22, 23, 24, 25, 26, 27, 28]


6
process id 1
stats
5, 15, 7, 100, 1000
20220816-212817
loosing coalitions taken
[1, 4, 8, 12, 14]
[2, 4, 5, 19, 26]
[2, 3, 5, 25]
[1, 3, 8, 9, 18]
[1, 2, 7, 15, 21]
[1, 2, 9, 11, 14]
[2, 4, 6, 10, 22]
[1, 2, 8, 13, 19]
[1, 5, 6, 13, 20]
[3, 4, 6, 13, 17]
[1, 3, 7, 11, 22]
[2, 3, 6, 14]
[1, 4, 6, 28]
[3, 4, 5, 16]
[16, 17, 18, 19, 20, 21, 22, 23, 24, 25, 26, 27, 28]


5
process id 5
stats
5, 15, 7, 100, 1000
20220816-212817
loosing coalitions taken
[1, 5, 6, 16, 17]
[1, 2, 9, 11, 12]
[2, 3, 7, 8, 10]
[3, 4, 5, 17, 24]
[2, 3, 6, 14]
[2, 4, 5, 19]
[1, 4, 7, 11, 16]
[1, 2, 7, 14, 21]
[3, 4, 6, 12, 20]
[2, 3, 5, 23]
[1, 4, 6, 28]
[1, 4, 8, 13, 14]
[2, 4, 6, 10, 23]
[1, 3, 7, 13, 22]
[16, 17, 18, 19, 20, 21, 22, 23, 24, 25, 26, 27, 28]


5
process id 6
stats
5, 15, 7, 100, 1000
20220816-212818
loosing coalitions taken
[1, 3, 8, 12, 19]
[1, 2, 7, 15, 22]
[1, 4, 7, 8]
[3, 4, 5, 16]
[2, 3, 6, 11]
[1, 5, 6, 15, 21]
[3, 4, 6, 8]
[1, 4, 6, 28]
[1, 3, 7, 16, 18]
[2, 4, 5, 18]
[2, 3, 5, 25]
[2, 4, 6, 9, 23]
[1, 3, 9, 10, 11]
[1, 2, 8, 11, 21]
[16, 17, 18, 19, 20, 21, 22, 23, 24, 25, 26, 27, 28]


6
process id 2
stats
5, 15, 7, 100, 1000
20220816-212819
loosing coalitions taken
[1, 2, 7, 11, 26]
[1, 2, 9, 12, 14]
[1, 3, 8, 15, 16]
[1, 3, 7, 12, 22]
[1, 4, 7, 8]
[2, 3, 6, 17, 18]
[1, 5, 6, 11, 24]
[2, 4, 6, 10, 22]
[2, 3, 5, 25]
[2, 4, 5, 17]
[3, 4, 6, 8]
[3, 4, 5, 16]
[1, 4, 6, 27]
[1, 2, 8, 10, 17]
[16, 17, 18, 19, 20, 21, 22, 23, 24, 25, 26, 27, 28]


5
process id 4
stats
5, 15, 7, 100, 1000
20220816-212819
loosing coalitions taken
[1, 5, 6, 14, 21]
[2, 3, 6, 17, 19]
[1, 3, 7, 9, 22]
[1, 4, 7, 8, 23]
[3, 4, 6, 12, 21]
[2, 4, 6, 11, 22]
[1, 2, 8, 14, 17]
[1, 2, 9, 11, 13]
[1, 2, 7, 16, 18]
[1, 3, 8, 10, 19]
[2, 3, 5, 25]
[2, 4, 5, 16]
[1, 4, 6, 27]
[3, 4, 5, 15]
[16, 17, 18, 19, 20, 21, 22, 23, 24, 25, 26, 27, 28]


6
process id 3
stats
5, 15, 7, 100, 1000
20220816-212820
loosing coalitions taken
[1, 2, 7, 10, 26]
[1, 2, 9, 12, 14]
[1, 3, 8, 10, 19]
[1, 3, 7, 14, 20]
[2, 3, 6, 9]
[1, 2, 8, 11, 18]
[2, 4, 5, 17, 26]
[1, 5, 6, 12, 24]
[1, 4, 7, 8]
[3, 4, 6, 11, 21]
[3, 4, 5, 15]
[2, 3, 5, 25]
[2, 4, 6, 16, 19]
[1, 4, 6, 28]
[16, 17, 18, 19, 20, 21, 22, 23, 24, 25, 26, 27, 28]


6
process id 1
stats
5, 15, 7, 100, 1000
20220816-212820
loosing coalitions taken
[1, 2, 7, 9]
[3, 4, 5, 15]
[1, 3, 8, 10, 16]
[2, 3, 6, 11]
[2, 4, 5, 17, 26]
[3, 4, 6, 12, 20]
[1, 3, 7, 13, 21]
[1, 4, 8, 9, 13]
[1, 5, 6, 16, 19]
[2, 3, 5, 23]
[1, 4, 6, 28]
[1, 4, 7, 12, 16]
[2, 4, 6, 9, 23]
[1, 2, 10, 11, 13]
[16, 17, 18, 19, 20, 21, 22, 23, 24, 25, 26, 27, 28]


6
process id 0
stats
5, 15, 7, 100, 1000
20220816-212821
loosing coalitions taken
[1, 5, 6, 9, 26]
[2, 3, 6, 14]
[1, 4, 7, 11, 16]
[1, 3, 8, 9, 19]
[1, 2, 9, 11, 12]
[1, 3, 7, 13, 21]
[1, 2, 8, 13, 17]
[2, 4, 5, 17]
[3, 4, 6, 8]
[3, 4, 5, 16]
[1, 4, 6, 27]
[2, 3, 5, 22, 27]
[2, 4, 6, 15, 18]
[1, 4, 8, 10, 14]
[16, 17, 18, 19, 20, 21, 22, 23, 24, 25, 26, 27, 28]


5
process id 5
stats
5, 15, 7, 100, 1000
20220816-212821
loosing coalitions taken
[1, 2, 8, 11, 20]
[3, 4, 6, 12, 20]
[2, 3, 6, 10]
[1, 2, 7, 9, 27]
[1, 3, 7, 16, 18]
[1, 4, 7, 8]
[2, 3, 5, 25]
[2, 4, 5, 16]
[1, 4, 6, 28]
[1, 2, 10, 12, 13]
[1, 5, 6, 15, 21]
[3, 4, 5, 15]
[1, 3, 8, 14, 15]
[2, 4, 6, 11, 21]
[16, 17, 18, 19, 20, 21, 22, 23, 24, 25, 26, 27, 28]


5
process id 3
stats
5, 15, 7, 100, 1000
20220816-212822
loosing coalitions taken
[1, 4, 8, 13, 14]
[1, 3, 7, 15, 21]
[1, 5, 6, 12, 22]
[1, 2, 7, 16, 19]
[1, 2, 9, 11, 13]
[2, 4, 5, 17]
[1, 2, 8, 12, 21]
[2, 3, 6, 12, 27]
[1, 4, 6, 27]
[2, 4, 6, 16, 18]
[3, 4, 6, 8]
[3, 4, 5, 15]
[2, 3, 5, 22]
[1, 4, 7, 10, 18]
[16, 17, 18, 19, 20, 21, 22, 23, 24, 25, 26, 27, 28]


6
process id 4
stats
5, 15, 7, 100, 1000
20220816-212823
loosing coalitions taken
[1, 4, 8, 11, 14]
[1, 4, 7, 9, 17]
[2, 3, 6, 9]
[1, 3, 7, 10, 22]
[1, 2, 10, 11, 13]
[1, 2, 8, 15, 17]
[1, 2, 7, 12, 25]
[1, 4, 6, 28]
[2, 4, 6, 16, 18]
[2, 4, 5, 22, 24]
[3, 4, 6, 8]
[2, 3, 5, 23, 28]
[3, 4, 5, 16]
[1, 3, 8, 12, 19]
[16, 17, 18, 19, 20, 21, 22, 23, 24, 25, 26, 27, 28]


6
process id 6
stats
5, 15, 7, 100, 1000
20220816-212824
loosing coalitions taken
[2, 3, 6, 15, 27]
[1, 5, 6, 9, 26]
[1, 2, 7, 17, 18]
[1, 3, 7, 13, 22]
[1, 4, 7, 8]
[1, 2, 9, 10, 13]
[2, 3, 5, 23, 28]
[2, 4, 5, 17]
[1, 4, 6, 28]
[2, 4, 6, 13, 21]
[1, 2, 8, 11, 21]
[3, 4, 6, 8]
[3, 4, 5, 16]
[1, 3, 8, 12, 18]
[16, 17, 18, 19, 20, 21, 22, 23, 24, 25, 26, 27, 28]


6
process id 2
stats
5, 15, 7, 100, 1000
20220816-212824
loosing coalitions taken
[1, 5, 6, 11, 24]
[1, 2, 9, 12, 13]
[1, 4, 7, 8, 26]
[1, 2, 7, 17, 18]
[3, 4, 5, 15]
[2, 3, 6, 14]
[1, 3, 8, 12, 17]
[1, 2, 8, 10, 20]
[2, 4, 5, 16]
[2, 3, 5, 26, 28]
[1, 4, 6, 27]
[3, 4, 6, 8]
[1, 3, 7, 11, 20]
[2, 4, 6, 11, 21]
[16, 17, 18, 19, 20, 21, 22, 23, 24, 25, 26, 27, 28]


6
process id 0
stats
5, 15, 7, 100, 1000
20220816-212824
loosing coalitions taken
[1, 4, 8, 13, 14]
[1, 2, 7, 16, 19]
[1, 5, 6, 15, 18]
[2, 3, 6, 13]
[1, 3, 8, 11, 19]
[1, 2, 9, 10, 12]
[1, 3, 7, 12, 20]
[1, 2, 8, 15, 17]
[3, 4, 5, 15]
[2, 4, 5, 16]
[1, 4, 6, 27]
[2, 3, 5, 25, 26]
[2, 4, 6, 11, 22]
[3, 4, 6, 8]
[16, 17, 18, 19, 20, 21, 22, 23, 24, 25, 26, 27, 28]


6
process id 3
stats
5, 15, 7, 100, 1000
20220816-212825
loosing coalitions taken
[2, 3, 5, 23]
[1, 2, 10, 12, 13]
[1, 5, 6, 9, 26]
[2, 4, 6, 13, 22]
[1, 2, 9, 11, 14]
[3, 4, 5, 16]
[1, 3, 7, 10, 20]
[1, 3, 8, 14, 16]
[2, 3, 6, 11, 27]
[2, 4, 5, 19]
[1, 2, 7, 16, 19]
[1, 4, 6, 28]
[3, 4, 6, 8]
[1, 4, 7, 8]
[16, 17, 18, 19, 20, 21, 22, 23, 24, 25, 26, 27, 28]


5
process id 2
stats
5, 15, 7, 100, 1000
20220816-212827
loosing coalitions taken
[1, 3, 8, 11, 19]
[1, 4, 8, 10, 13]
[1, 3, 7, 10, 24]
[2, 3, 6, 11]
[1, 2, 7, 13, 23]
[1, 2, 8, 12, 20]
[3, 4, 5, 18, 23]
[1, 5, 6, 9, 26]
[2, 4, 5, 16]
[1, 4, 7, 11, 17]
[3, 4, 6, 8]
[1, 4, 6, 27]
[2, 3, 5, 25]
[2, 4, 6, 9, 21]
[16, 17, 18, 19, 20, 21, 22, 23, 24, 25, 26, 27, 28]


6
process id 2
stats
5, 15, 7, 100, 1000
20220816-212830
loosing coalitions taken
[1, 2, 7, 9]
[1, 5, 6, 13, 23]
[2, 3, 6, 12]
[1, 4, 8, 11, 13]
[2, 4, 5, 20]
[2, 4, 6, 15, 21]
[2, 3, 5, 24]
[1, 4, 6, 27]
[3, 4, 5, 18, 27]
[1, 3, 8, 12, 18]
[3, 4, 6, 10, 19]
[1, 3, 7, 14, 20]
[2, 5, 6, 7, 14]
[1, 2, 8, 14, 19]
[16, 17, 18, 19, 20, 21, 22, 23, 24, 25, 26, 27, 28]


5
process id 6
stats
5, 15, 7, 100, 1000
20220816-212830
loosing coalitions taken
[1, 5, 6, 16, 18]
[1, 3, 7, 14, 22]
[1, 4, 7, 8]
[2, 4, 5, 20]
[1, 3, 9, 10, 12]
[2, 3, 6, 16, 20]
[1, 2, 7, 9]
[3, 4, 5, 15]
[1, 2, 8, 15, 16]
[2, 3, 5, 22]
[1, 4, 6, 28]
[1, 2, 10, 11, 13]
[3, 4, 6, 8]
[2, 4, 6, 14, 18]
[16, 17, 18, 19, 20, 21, 22, 23, 24, 25, 26, 27, 28]


6
process id 1
stats
5, 15, 7, 100, 1000
20220816-212831
loosing coalitions taken
[2, 4, 5, 17]
[1, 4, 7, 8]
[1, 2, 9, 11, 14]
[1, 5, 6, 13, 24]
[2, 3, 6, 9]
[2, 3, 5, 24, 26]
[1, 2, 8, 13, 20]
[3, 4, 5, 18, 25]
[1, 2, 7, 10, 26]
[1, 3, 8, 9, 18]
[1, 4, 6, 27]
[3, 4, 6, 8]
[1, 3, 7, 11, 20]
[2, 4, 6, 12, 21]
[16, 17, 18, 19, 20, 21, 22, 23, 24, 25, 26, 27, 28]


5
process id 7
stats
5, 15, 7, 100, 1000
20220816-212832
loosing coalitions taken
[1, 2, 7, 9, 28]
[1, 4, 8, 12, 14]
[2, 4, 5, 18]
[1, 2, 8, 15, 17]
[1, 3, 7, 14, 22]
[1, 4, 7, 10, 19]
[1, 3, 9, 10, 11]
[1, 5, 6, 10, 24]
[3, 4, 5, 16]
[2, 3, 6, 11, 28]
[3, 4, 6, 12, 18]
[2, 3, 5, 24]
[2, 4, 6, 9, 22]
[1, 4, 6, 28]
[16, 17, 18, 19, 20, 21, 22, 23, 24, 25, 26, 27, 28]


5
process id 2
stats
5, 15, 7, 100, 1000
20220816-212834
loosing coalitions taken
[1, 2, 7, 17, 19]
[2, 4, 5, 19]
[1, 2, 8, 12, 18]
[1, 2, 9, 11, 14]
[1, 3, 8, 11, 17]
[2, 3, 6, 11]
[1, 3, 7, 9, 22]
[1, 5, 6, 12, 24]
[2, 3, 5, 22]
[3, 4, 6, 10, 17]
[1, 4, 6, 27]
[3, 4, 5, 16]
[1, 4, 7, 8]
[2, 4, 6, 9, 21]
[16, 17, 18, 19, 20, 21, 22, 23, 24, 25, 26, 27, 28]


6
process id 7
stats
5, 15, 7, 100, 1000
20220816-212834
loosing coalitions taken
[3, 4, 5, 20, 23]
[1, 2, 10, 11, 14]
[2, 3, 6, 14]
[2, 4, 5, 19, 25]
[1, 2, 8, 12, 19]
[1, 3, 7, 9, 21]
[1, 3, 8, 13, 16]
[1, 5, 6, 15, 19]
[2, 3, 5, 22]
[1, 4, 6, 27]
[1, 2, 7, 16, 18]
[3, 4, 6, 13, 21]
[1, 4, 7, 11, 15]
[2, 4, 6, 11, 20]
[16, 17, 18, 19, 20, 21, 22, 23, 24, 25, 26, 27, 28]


6
process id 3
stats
5, 15, 7, 100, 1000
20220816-212834
loosing coalitions taken
[3, 4, 6, 13, 17]
[1, 2, 7, 13, 24]
[1, 2, 8, 10, 21]
[2, 4, 5, 18]
[1, 4, 7, 8]
[1, 5, 6, 12, 24]
[1, 4, 6, 28]
[2, 3, 5, 22, 26]
[2, 3, 6, 14, 25]
[2, 4, 6, 11, 24]
[1, 3, 8, 11, 16]
[1, 3, 7, 15, 21]
[3, 4, 5, 15]
[1, 2, 9, 11, 12]
[16, 17, 18, 19, 20, 21, 22, 23, 24, 25, 26, 27, 28]


5
process id 1
stats
5, 15, 7, 100, 1000
20220816-212835
loosing coalitions taken
[1, 2, 7, 10, 27]
[2, 3, 5, 25]
[1, 3, 8, 12, 17]
[1, 2, 8, 13, 20]
[1, 3, 7, 14, 21]
[2, 4, 6, 9, 24]
[1, 2, 9, 12, 14]
[3, 4, 6, 11, 21]
[1, 4, 8, 9, 10]
[1, 5, 6, 14, 22]
[1, 4, 6, 28]
[2, 4, 5, 18]
[2, 3, 6, 10]
[3, 4, 5, 20, 24]
[16, 17, 18, 19, 20, 21, 22, 23, 24, 25, 26, 27, 28]


6
process id 4
stats
5, 15, 7, 100, 1000
20220816-212835
loosing coalitions taken
[3, 4, 5, 19, 26]
[1, 2, 7, 16, 19]
[1, 2, 8, 14, 20]
[1, 2, 9, 11, 13]
[3, 4, 6, 14, 18]
[2, 4, 6, 11, 23]
[2, 4, 5, 18]
[2, 3, 6, 17, 21]
[1, 5, 6, 13, 22]
[1, 4, 6, 27]
[1, 3, 7, 15, 21]
[2, 3, 7, 8, 10]
[1, 3, 8, 11, 16]
[3, 5, 6, 7, 9]
[16, 17, 18, 19, 20, 21, 22, 23, 24, 25, 26, 27, 28]


6
process id 2
stats
5, 15, 7, 100, 1000
20220816-212836
loosing coalitions taken
[1, 4, 8, 11, 14]
[1, 2, 7, 9]
[2, 4, 5, 17, 27]
[1, 5, 6, 10, 24]
[3, 4, 5, 15]
[1, 3, 8, 10, 17]
[2, 3, 6, 11]
[2, 3, 5, 22]
[1, 2, 8, 12, 21]
[1, 3, 7, 15, 21]
[3, 4, 6, 14, 19]
[1, 4, 6, 27]
[2, 4, 6, 15, 18]
[1, 4, 7, 10, 19]
[16, 17, 18, 19, 20, 21, 22, 23, 24, 25, 26, 27, 28]


5
process id 3
stats
5, 15, 7, 100, 1000
20220816-212836
loosing coalitions taken
[1, 2, 7, 13, 24]
[1, 3, 7, 11, 22]
[1, 3, 8, 10, 19]
[1, 2, 8, 14, 17]
[2, 4, 5, 18]
[1, 5, 6, 10, 24]
[3, 4, 5, 16]
[1, 4, 7, 8]
[2, 3, 6, 14, 27]
[2, 3, 5, 25]
[1, 2, 9, 10, 11]
[1, 4, 6, 27]
[3, 4, 6, 8]
[2, 4, 6, 11, 24]
[16, 17, 18, 19, 20, 21, 22, 23, 24, 25, 26, 27, 28]


6
process id 6
stats
5, 15, 7, 100, 1000
20220816-212837
loosing coalitions taken
[1, 2, 8, 15, 17]
[1, 2, 7, 10, 23]
[1, 3, 8, 13, 16]
[1, 4, 7, 11, 17]
[3, 4, 5, 17, 27]
[1, 5, 6, 16, 20]
[1, 3, 7, 15, 20]
[2, 3, 6, 13]
[2, 4, 5, 18]
[1, 2, 9, 11, 12]
[1, 4, 6, 28]
[2, 3, 5, 23]
[2, 4, 6, 11, 21]
[3, 4, 6, 12, 18]
[16, 17, 18, 19, 20, 21, 22, 23, 24, 25, 26, 27, 28]


6
process id 7
stats
5, 15, 7, 100, 1000
20220816-212837
loosing coalitions taken
[1, 3, 7, 16, 17]
[1, 2, 7, 14, 24]
[1, 3, 8, 9, 19]
[1, 4, 7, 8]
[2, 3, 5, 22]
[2, 4, 6, 15, 20]
[1, 2, 10, 12, 13]
[2, 4, 5, 17]
[2, 3, 6, 11]
[3, 4, 6, 8]
[3, 4, 5, 16]
[1, 4, 6, 28]
[1, 5, 6, 9, 26]
[1, 2, 8, 11, 18]
[16, 17, 18, 19, 20, 21, 22, 23, 24, 25, 26, 27, 28]


6
process id 0
stats
5, 15, 7, 100, 1000
20220816-212837
loosing coalitions taken
[2, 4, 5, 20]
[2, 3, 6, 12]
[1, 4, 7, 11, 16]
[1, 2, 9, 10, 14]
[1, 3, 7, 15, 17]
[1, 4, 8, 10, 12]
[1, 3, 8, 11, 18]
[2, 3, 5, 24]
[1, 5, 6, 13, 20]
[3, 4, 6, 8]
[3, 4, 5, 16]
[2, 4, 6, 11, 23]
[2, 3, 7, 8, 10]
[1, 4, 6, 27]
[16, 17, 18, 19, 20, 21, 22, 23, 24, 25, 26, 27, 28]


5
process id 7
stats
5, 15, 7, 100, 1000
20220816-212839
loosing coalitions taken
[1, 2, 7, 9]
[3, 4, 5, 17, 24]
[2, 3, 5, 22]
[2, 4, 6, 10, 24]
[1, 5, 6, 13, 24]
[2, 4, 5, 16]
[1, 3, 7, 15, 17]
[2, 3, 6, 12]
[1, 4, 6, 27]
[1, 4, 8, 9, 12]
[3, 4, 6, 9, 20]
[1, 2, 8, 13, 19]
[1, 4, 7, 10, 18]
[1, 3, 8, 11, 16]
[16, 17, 18, 19, 20, 21, 22, 23, 24, 25, 26, 27, 28]


6
process id 2
stats
5, 15, 7, 100, 1000
20220816-212840
loosing coalitions taken
[2, 3, 5, 25]
[1, 2, 7, 17, 19]
[3, 4, 6, 13, 20]
[2, 4, 6, 10, 24]
[1, 2, 9, 11, 13]
[1, 2, 8, 14, 20]
[1, 3, 7, 14, 21]
[1, 3, 8, 13, 16]
[1, 5, 6, 15, 21]
[2, 3, 6, 12]
[2, 4, 5, 18]
[1, 4, 6, 27]
[3, 4, 5, 15]
[1, 4, 7, 8]
[16, 17, 18, 19, 20, 21, 22, 23, 24, 25, 26, 27, 28]


6
process id 4
stats
5, 15, 7, 100, 1000
20220816-212841
loosing coalitions taken
[1, 5, 6, 13, 24]
[1, 3, 7, 16, 19]
[3, 4, 5, 18, 22]
[1, 4, 7, 9, 18]
[2, 3, 6, 12]
[1, 2, 10, 11, 13]
[1, 2, 8, 9, 19]
[1, 2, 7, 15, 21]
[2, 3, 5, 25]
[2, 4, 5, 21, 24]
[1, 4, 8, 12, 13]
[1, 3, 8, 11, 18]
[2, 4, 6, 11, 20]
[3, 4, 6, 14, 19]
[16, 17, 18, 19, 20, 21, 22, 23, 24, 25, 26, 27, 28]


6
process id 5
stats
5, 15, 7, 100, 1000
20220816-212842
loosing coalitions taken
[1, 4, 7, 8]
[2, 3, 5, 25]
[1, 2, 10, 11, 13]
[1, 5, 6, 12, 24]
[1, 2, 9, 12, 14]
[2, 3, 6, 10, 26]
[3, 4, 5, 16]
[1, 4, 6, 28]
[1, 3, 7, 15, 19]
[1, 2, 8, 15, 17]
[2, 4, 5, 20, 28]
[2, 5, 6, 7, 16]
[2, 4, 6, 9, 21]
[3, 4, 6, 15, 17]
[16, 17, 18, 19, 20, 21, 22, 23, 24, 25, 26, 27, 28]


6
process id 6
stats
5, 15, 7, 100, 1000
20220816-212842
loosing coalitions taken
[1, 3, 9, 10, 11]
[1, 3, 8, 12, 16]
[3, 4, 6, 14, 19]
[2, 3, 6, 9]
[1, 2, 8, 11, 17]
[1, 5, 6, 12, 22]
[1, 2, 7, 16, 19]
[1, 4, 7, 8]
[3, 4, 5, 15]
[2, 3, 5, 23]
[1, 4, 6, 27]
[2, 4, 5, 19]
[2, 4, 6, 13, 21]
[1, 3, 7, 13, 17]
[16, 17, 18, 19, 20, 21, 22, 23, 24, 25, 26, 27, 28]


6
process id 2
stats
5, 15, 7, 100, 1000
20220816-212842
loosing coalitions taken
[1, 3, 9, 10, 11]
[1, 2, 10, 12, 13]
[1, 5, 6, 15, 21]
[2, 3, 6, 13]
[1, 4, 7, 8]
[3, 4, 5, 16]
[1, 4, 6, 28]
[2, 4, 5, 19]
[2, 4, 6, 10, 23]
[2, 3, 5, 25]
[3, 4, 6, 14, 18]
[1, 2, 7, 9]
[1, 3, 8, 14, 16]
[1, 2, 8, 11, 18]
[16, 17, 18, 19, 20, 21, 22, 23, 24, 25, 26, 27, 28]


5
process id 5
stats
5, 15, 7, 100, 1000
20220816-212843
loosing coalitions taken
[1, 4, 7, 8]
[1, 2, 9, 11, 13]
[1, 3, 9, 10, 12]
[2, 4, 6, 16, 19]
[3, 4, 6, 12, 20]
[1, 4, 6, 27]
[2, 4, 5, 18]
[2, 3, 5, 22]
[2, 3, 6, 10]
[1, 3, 7, 16, 17]
[1, 2, 7, 15, 20]
[1, 5, 6, 10, 25]
[1, 2, 8, 14, 16]
[3, 4, 5, 15]
[16, 17, 18, 19, 20, 21, 22, 23, 24, 25, 26, 27, 28]


6
process id 7
stats
5, 15, 7, 100, 1000
20220816-212843
loosing coalitions taken
[1, 3, 8, 11, 19]
[1, 2, 7, 13, 23]
[1, 4, 7, 8]
[2, 3, 6, 16, 24]
[1, 2, 9, 12, 14]
[2, 4, 6, 11, 23]
[3, 4, 5, 21, 22]
[3, 4, 6, 8]
[2, 4, 5, 16]
[1, 3, 7, 12, 21]
[1, 4, 6, 28]
[2, 3, 5, 23, 27]
[1, 5, 6, 14, 20]
[1, 2, 8, 15, 17]
[16, 17, 18, 19, 20, 21, 22, 23, 24, 25, 26, 27, 28]


5
process id 2
stats
5, 15, 7, 100, 1000
20220816-212844
loosing coalitions taken
[1, 3, 8, 11, 18]
[2, 4, 5, 20]
[1, 2, 9, 12, 14]
[1, 2, 7, 10, 26]
[1, 4, 7, 9, 19]
[1, 5, 6, 12, 24]
[1, 3, 7, 15, 17]
[2, 4, 6, 15, 21]
[2, 3, 6, 12]
[2, 3, 5, 25]
[3, 4, 6, 11, 19]
[3, 4, 5, 18, 24]
[1, 2, 8, 15, 16]
[1, 4, 6, 28]
[16, 17, 18, 19, 20, 21, 22, 23, 24, 25, 26, 27, 28]


5
process id 1
stats
5, 15, 7, 100, 1000
20220816-212844
loosing coalitions taken
[1, 5, 6, 10, 25]
[2, 4, 5, 17]
[1, 3, 8, 13, 16]
[2, 3, 6, 10]
[1, 2, 7, 16, 21]
[3, 4, 6, 13, 20]
[3, 4, 5, 15]
[1, 2, 8, 12, 18]
[1, 3, 7, 9, 22]
[2, 3, 5, 22]
[2, 4, 6, 15, 18]
[1, 4, 7, 8]
[1, 4, 6, 28]
[1, 2, 9, 11, 14]
[16, 17, 18, 19, 20, 21, 22, 23, 24, 25, 26, 27, 28]


6
process id 3
stats
5, 15, 7, 100, 1000
20220816-212846
loosing coalitions taken
[1, 2, 7, 9]
[1, 3, 8, 10, 17]
[2, 3, 6, 10]
[1, 5, 6, 13, 24]
[2, 4, 5, 19, 23]
[1, 4, 6, 27]
[3, 4, 5, 17, 22]
[1, 4, 7, 8, 24]
[3, 4, 6, 12, 20]
[1, 2, 8, 11, 21]
[2, 3, 5, 25]
[1, 2, 10, 12, 13]
[2, 4, 6, 16, 18]
[1, 3, 7, 14, 20]
[16, 17, 18, 19, 20, 21, 22, 23, 24, 25, 26, 27, 28]


6
process id 6
stats
5, 15, 7, 100, 1000
20220816-212846
loosing coalitions taken
[1, 5, 6, 11, 25]
[3, 4, 6, 12, 19]
[1, 2, 7, 16, 17]
[1, 3, 7, 12, 22]
[1, 2, 9, 11, 13]
[1, 2, 8, 14, 19]
[1, 4, 8, 11, 12]
[1, 3, 8, 15, 16]
[2, 4, 5, 20]
[2, 3, 6, 9, 27]
[2, 3, 5, 22]
[1, 4, 6, 28]
[2, 4, 6, 15, 17]
[3, 4, 5, 16]
[16, 17, 18, 19, 20, 21, 22, 23, 24, 25, 26, 27, 28]


6
process id 4
stats
5, 15, 7, 100, 1000
20220816-212846
loosing coalitions taken
[1, 4, 8, 9, 13]
[1, 2, 8, 12, 17]
[3, 4, 6, 14, 20]
[3, 4, 5, 16]
[2, 3, 7, 8, 9]
[1, 3, 7, 12, 22]
[1, 2, 7, 16, 20]
[1, 5, 6, 10, 23]
[1, 4, 7, 10, 19]
[2, 3, 6, 11]
[1, 3, 8, 14, 15]
[2, 3, 5, 25]
[1, 4, 6, 28]
[2, 4, 5, 20, 27]
[16, 17, 18, 19, 20, 21, 22, 23, 24, 25, 26, 27, 28]


5
process id 0
stats
5, 15, 7, 100, 1000
20220816-212847
loosing coalitions taken
[2, 4, 5, 17]
[1, 2, 9, 10, 14]
[3, 4, 6, 11, 21]
[2, 3, 7, 8, 9]
[1, 3, 8, 12, 18]
[1, 2, 7, 16, 21]
[1, 3, 7, 15, 17]
[1, 4, 7, 10, 18]
[1, 2, 8, 11, 19]
[2, 3, 6, 14]
[2, 4, 6, 10, 24]
[1, 5, 6, 16, 18]
[3, 4, 5, 15]
[2, 3, 5, 26, 28]
[16, 17, 18, 19, 20, 21, 22, 23, 24, 25, 26, 27, 28]


6
process id 5
stats
5, 15, 7, 100, 1000
20220816-212848
loosing coalitions taken
[2, 3, 6, 14]
[1, 3, 7, 11, 23]
[2, 4, 5, 19, 28]
[1, 4, 8, 12, 14]
[1, 2, 8, 13, 20]
[1, 5, 6, 10, 25]
[1, 2, 7, 15, 21]
[3, 4, 5, 15]
[2, 3, 5, 25]
[1, 4, 7, 9, 18]
[1, 2, 9, 11, 12]
[3, 4, 6, 9, 22]
[1, 4, 6, 27]
[2, 4, 6, 15, 20]
[16, 17, 18, 19, 20, 21, 22, 23, 24, 25, 26, 27, 28]


6
process id 7
stats
5, 15, 7, 100, 1000
20220816-212849
loosing coalitions taken
[1, 2, 9, 11, 14]
[1, 5, 6, 12, 24]
[1, 3, 8, 9, 19]
[1, 4, 7, 8]
[2, 3, 6, 13]
[1, 3, 7, 16, 17]
[2, 4, 5, 17]
[3, 4, 6, 14, 19]
[1, 4, 6, 27]
[2, 3, 5, 22, 26]
[3, 4, 5, 20, 21]
[1, 2, 10, 12, 13]
[2, 4, 6, 11, 22]
[1, 2, 7, 15, 21]
[16, 17, 18, 19, 20, 21, 22, 23, 24, 25, 26, 27, 28]


5
process id 4
stats
5, 15, 7, 100, 1000
20220816-212850
loosing coalitions taken
[1, 5, 6, 10, 23]
[1, 4, 8, 10, 14]
[1, 2, 7, 12, 25]
[1, 3, 9, 10, 11]
[1, 4, 7, 13, 15]
[1, 2, 8, 9, 19]
[1, 3, 8, 13, 16]
[3, 4, 5, 17, 25]
[2, 3, 6, 13]
[2, 4, 5, 18]
[2, 3, 5, 24]
[3, 4, 6, 8]
[1, 4, 6, 28]
[1, 3, 7, 14, 22]
[16, 17, 18, 19, 20, 21, 22, 23, 24, 25, 26, 27, 28]


5
process id 6
stats
5, 15, 7, 100, 1000
20220816-212850
loosing coalitions taken
[1, 5, 6, 13, 24]
[1, 2, 7, 15, 20]
[1, 3, 7, 9, 21]
[2, 4, 5, 19]
[2, 3, 6, 13]
[1, 2, 10, 11, 12]
[1, 4, 8, 12, 14]
[1, 3, 8, 10, 18]
[3, 4, 6, 15, 16]
[2, 3, 5, 24]
[2, 4, 6, 9, 25]
[1, 2, 8, 13, 17]
[1, 4, 6, 28]
[3, 4, 5, 20, 23]
[16, 17, 18, 19, 20, 21, 22, 23, 24, 25, 26, 27, 28]


6
process id 2
stats
5, 15, 7, 100, 1000
20220816-212850
loosing coalitions taken
[1, 3, 8, 14, 16]
[1, 2, 7, 13, 25]
[1, 3, 7, 10, 22]
[3, 4, 5, 16]
[1, 4, 8, 10, 13]
[1, 2, 8, 11, 17]
[1, 5, 6, 11, 23]
[2, 3, 6, 13]
[3, 4, 6, 14, 19]
[1, 4, 6, 27]
[2, 3, 5, 23, 26]
[2, 4, 5, 19]
[2, 4, 6, 11, 20]
[1, 4, 7, 9, 16]
[16, 17, 18, 19, 20, 21, 22, 23, 24, 25, 26, 27, 28]


6
process id 1
stats
5, 15, 7, 100, 1000
20220816-212851
loosing coalitions taken
[1, 4, 8, 13, 14]
[1, 2, 7, 10, 23]
[1, 2, 9, 11, 13]
[1, 5, 6, 14, 22]
[1, 3, 8, 12, 18]
[1, 2, 8, 15, 16]
[3, 4, 5, 15]
[2, 3, 6, 9]
[2, 3, 5, 25]
[2, 4, 5, 20, 24]
[3, 4, 6, 8]
[1, 4, 6, 28]
[1, 3, 7, 16, 19]
[2, 4, 6, 16, 18]
[16, 17, 18, 19, 20, 21, 22, 23, 24, 25, 26, 27, 28]


6
process id 4
stats
5, 15, 7, 100, 1000
20220816-212852
loosing coalitions taken
[1, 2, 8, 9, 21]
[2, 3, 6, 14]
[1, 2, 10, 12, 13]
[1, 5, 6, 15, 20]
[2, 4, 5, 19]
[1, 4, 7, 14, 16]
[1, 3, 8, 11, 18]
[3, 4, 5, 15]
[2, 3, 5, 24, 25]
[3, 4, 6, 8]
[1, 4, 6, 28]
[1, 2, 7, 11, 23]
[1, 3, 7, 13, 17]
[2, 4, 6, 16, 17]
[16, 17, 18, 19, 20, 21, 22, 23, 24, 25, 26, 27, 28]


6
process id 3
stats
5, 15, 7, 100, 1000
20220816-212853
loosing coalitions taken
[2, 3, 6, 14]
[1, 2, 7, 10, 25]
[1, 5, 6, 11, 22]
[1, 2, 8, 15, 16]
[1, 3, 8, 12, 19]
[1, 2, 9, 12, 13]
[1, 3, 7, 13, 20]
[1, 4, 8, 10, 14]
[2, 4, 5, 20, 25]
[2, 3, 5, 24]
[1, 4, 6, 28]
[1, 4, 7, 11, 16]
[3, 4, 5, 17, 27]
[3, 4, 6, 10, 21]
[16, 17, 18, 19, 20, 21, 22, 23, 24, 25, 26, 27, 28]


6
process id 5
stats
5, 15, 7, 100, 1000
20220816-212854
loosing coalitions taken
[1, 5, 6, 16, 18]
[2, 3, 6, 19, 21]
[1, 3, 8, 9, 20]
[1, 2, 10, 12, 14]
[2, 3, 5, 25]
[3, 4, 6, 11, 20]
[1, 2, 9, 11, 13]
[1, 3, 7, 12, 22]
[1, 4, 7, 13, 16]
[3, 4, 5, 17, 28]
[1, 4, 8, 10, 15]
[2, 4, 5, 22, 23]
[1, 4, 6, 27]
[1, 2, 7, 15, 18]
[16, 17, 18, 19, 20, 21, 22, 23, 24, 25, 26, 27, 28]


6
process id 1
stats
5, 15, 7, 100, 1000
20220816-212855
loosing coalitions taken
[1, 3, 7, 10, 22]
[1, 2, 9, 11, 14]
[2, 4, 5, 20]
[1, 5, 6, 10, 25]
[3, 5, 6, 7, 15]
[2, 3, 6, 13]
[1, 3, 8, 14, 15]
[2, 4, 6, 11, 23]
[1, 4, 6, 27]
[2, 3, 5, 22, 26]
[3, 4, 6, 8]
[1, 2, 8, 10, 18]
[3, 4, 5, 16]
[1, 2, 7, 15, 20]
[16, 17, 18, 19, 20, 21, 22, 23, 24, 25, 26, 27, 28]


6
process id 1
stats
5, 15, 7, 100, 1000
20220816-212857
loosing coalitions taken
[2, 4, 5, 19, 27]
[1, 4, 7, 14, 15]
[3, 4, 5, 18, 23]
[1, 2, 7, 10, 25]
[1, 3, 7, 9, 21]
[1, 5, 6, 16, 19]
[1, 2, 8, 14, 20]
[1, 3, 8, 11, 18]
[2, 3, 5, 25]
[2, 4, 6, 12, 22]
[2, 3, 6, 13]
[3, 4, 6, 8]
[1, 4, 6, 28]
[1, 2, 9, 12, 13]
[16, 17, 18, 19, 20, 21, 22, 23, 24, 25, 26, 27, 28]


5
process id 7
stats
5, 15, 7, 100, 1000
20220816-212857
loosing coalitions taken
[2, 3, 5, 25]
[1, 4, 8, 12, 13]
[1, 3, 7, 15, 18]
[1, 2, 7, 10, 28]
[1, 2, 8, 9, 17]
[1, 3, 8, 10, 19]
[2, 3, 6, 14, 27]
[2, 4, 5, 17]
[1, 4, 6, 28]
[2, 4, 6, 9, 24]
[3, 4, 6, 11, 18]
[3, 4, 5, 16]
[1, 5, 6, 16, 17]
[1, 4, 7, 11, 17]
[16, 17, 18, 19, 20, 21, 22, 23, 24, 25, 26, 27, 28]


6
process id 0
stats
5, 15, 7, 100, 1000
20220816-212859
loosing coalitions taken
[1, 3, 8, 10, 18]
[1, 3, 7, 15, 20]
[1, 4, 7, 8, 25]
[1, 2, 7, 9]
[2, 3, 6, 12]
[2, 4, 5, 19]
[2, 3, 5, 25]
[3, 4, 6, 8]
[1, 5, 6, 9, 22]
[1, 2, 8, 13, 16]
[2, 4, 6, 13, 20]
[1, 4, 6, 27]
[3, 4, 5, 15]
[1, 2, 10, 12, 14]
[16, 17, 18, 19, 20, 21, 22, 23, 24, 25, 26, 27, 28]


6
process id 3
stats
5, 15, 7, 100, 1000
20220816-212859
loosing coalitions taken
[2, 3, 5, 24, 28]
[1, 3, 8, 15, 16]
[1, 4, 7, 14, 15]
[1, 2, 8, 11, 21]
[2, 3, 6, 14]
[1, 2, 7, 16, 18]
[2, 4, 5, 20]
[1, 5, 6, 9, 23]
[1, 4, 8, 9, 12]
[1, 4, 6, 27]
[3, 4, 5, 16]
[2, 4, 6, 13, 19]
[1, 3, 7, 10, 21]
[3, 4, 6, 8]
[16, 17, 18, 19, 20, 21, 22, 23, 24, 25, 26, 27, 28]


5
process id 7
stats
5, 15, 7, 100, 1000
20220816-212859
loosing coalitions taken
[1, 3, 7, 13, 20]
[1, 5, 6, 15, 19]
[2, 4, 5, 19]
[1, 4, 8, 9, 13]
[1, 2, 8, 11, 20]
[2, 3, 6, 12, 28]
[3, 4, 6, 14, 20]
[1, 3, 8, 10, 19]
[2, 3, 5, 23]
[1, 2, 7, 10, 28]
[2, 4, 6, 9, 23]
[1, 4, 6, 28]
[3, 4, 5, 16]
[1, 2, 9, 12, 14]
[16, 17, 18, 19, 20, 21, 22, 23, 24, 25, 26, 27, 28]


6
process id 4
stats
5, 15, 7, 100, 1000
20220816-212900
loosing coalitions taken
[3, 4, 5, 18, 26]
[1, 4, 7, 14, 15]
[1, 3, 8, 10, 17]
[2, 3, 6, 15, 26]
[2, 3, 5, 23]
[2, 4, 6, 10, 22]
[3, 4, 6, 13, 20]
[1, 2, 7, 11, 22]
[1, 3, 7, 13, 18]
[1, 2, 9, 12, 14]
[1, 2, 8, 13, 16]
[1, 5, 6, 14, 21]
[1, 4, 8, 11, 12]
[1, 4, 6, 27]
[16, 17, 18, 19, 20, 21, 22, 23, 24, 25, 26, 27, 28]


6
process id 5
stats
5, 15, 7, 100, 1000
20220816-212901
loosing coalitions taken
[1, 3, 7, 11, 23]
[3, 4, 5, 18, 27]
[2, 3, 5, 25]
[1, 5, 6, 12, 23]
[1, 2, 9, 10, 14]
[3, 4, 6, 11, 19]
[1, 2, 8, 13, 18]
[1, 2, 7, 15, 20]
[2, 4, 6, 13, 20]
[2, 3, 6, 15, 24]
[1, 4, 7, 8, 28]
[2, 4, 5, 19]
[1, 4, 6, 27]
[2, 5, 6, 8, 9]
[16, 17, 18, 19, 20, 21, 22, 23, 24, 25, 26, 27, 28]


5
process id 7
stats
5, 15, 7, 100, 1000
20220816-212901
loosing coalitions taken
[1, 2, 8, 11, 21]
[1, 4, 8, 13, 14]
[2, 3, 6, 14]
[1, 5, 6, 11, 25]
[1, 3, 7, 9, 22]
[1, 2, 7, 12, 24]
[3, 4, 5, 16]
[3, 4, 6, 13, 20]
[2, 3, 5, 24]
[1, 3, 8, 10, 18]
[2, 4, 5, 19]
[1, 4, 6, 28]
[1, 4, 7, 10, 17]
[2, 4, 6, 10, 21]
[16, 17, 18, 19, 20, 21, 22, 23, 24, 25, 26, 27, 28]


6
process id 4
stats
5, 15, 7, 100, 1000
20220816-212903
loosing coalitions taken
[1, 3, 8, 9, 20]
[1, 5, 6, 16, 17]
[1, 2, 7, 9]
[2, 4, 5, 17]
[3, 4, 5, 18, 25]
[2, 3, 6, 14]
[2, 3, 5, 23]
[1, 4, 7, 11, 16]
[2, 4, 6, 11, 21]
[1, 4, 8, 10, 13]
[1, 4, 6, 28]
[3, 4, 6, 8]
[1, 3, 7, 14, 18]
[1, 2, 8, 15, 16]
[16, 17, 18, 19, 20, 21, 22, 23, 24, 25, 26, 27, 28]


6
process id 6
stats
5, 15, 7, 100, 1000
20220816-212904
loosing coalitions taken
[1, 4, 7, 8]
[2, 4, 6, 11, 24]
[2, 3, 6, 13]
[1, 2, 10, 12, 14]
[3, 4, 6, 15, 16]
[1, 5, 6, 9, 24]
[1, 2, 7, 9]
[2, 4, 5, 19]
[2, 3, 5, 24]
[1, 3, 9, 10, 11]
[1, 3, 7, 13, 17]
[1, 4, 6, 28]
[1, 2, 8, 15, 16]
[3, 4, 5, 17, 26]
[16, 17, 18, 19, 20, 21, 22, 23, 24, 25, 26, 27, 28]


5
process id 6
stats
5, 15, 7, 100, 1000
20220816-212906
loosing coalitions taken
[1, 3, 8, 12, 17]
[1, 3, 7, 11, 23]
[1, 2, 8, 13, 20]
[1, 4, 7, 9, 19]
[2, 3, 5, 22]
[1, 2, 9, 10, 12]
[3, 4, 6, 8]
[1, 5, 6, 14, 20]
[2, 4, 5, 16]
[2, 3, 6, 13]
[2, 4, 6, 14, 19]
[3, 4, 5, 15]
[1, 2, 7, 16, 18]
[1, 4, 6, 27]
[16, 17, 18, 19, 20, 21, 22, 23, 24, 25, 26, 27, 28]


6
process id 5
stats
5, 15, 7, 100, 1000
20220816-212907
loosing coalitions taken
[1, 5, 6, 11, 24]
[2, 3, 6, 15, 27]
[1, 4, 8, 10, 15]
[1, 4, 7, 9, 16]
[1, 2, 7, 17, 18]
[1, 2, 10, 12, 14]
[2, 4, 6, 9, 23]
[3, 4, 6, 12, 19]
[1, 2, 8, 11, 19]
[1, 3, 8, 9, 17]
[1, 3, 7, 11, 22]
[2, 4, 5, 21, 22]
[2, 3, 5, 24, 28]
[3, 4, 5, 17, 23]
[16, 17, 18, 19, 20, 21, 22, 23, 24, 25, 26, 27, 28]


6
process id 3
stats
5, 15, 7, 100, 1000
20220816-212908
loosing coalitions taken
[1, 2, 10, 12, 14]
[2, 3, 6, 16, 24]
[1, 3, 8, 12, 17]
[1, 2, 8, 9, 22]
[1, 5, 6, 13, 20]
[1, 3, 9, 10, 11]
[2, 3, 5, 25]
[2, 4, 6, 10, 22]
[1, 4, 7, 11, 15]
[1, 3, 7, 16, 18]
[3, 4, 5, 16]
[1, 4, 6, 28]
[1, 2, 7, 13, 23]
[2, 4, 5, 18]
[16, 17, 18, 19, 20, 21, 22, 23, 24, 25, 26, 27, 28]


5
process id 4
stats
5, 15, 7, 100, 1000
20220816-212909
loosing coalitions taken
[1, 5, 6, 13, 24]
[1, 3, 8, 11, 18]
[2, 3, 6, 13]
[2, 4, 5, 20]
[1, 4, 8, 13, 14]
[1, 2, 9, 10, 11]
[1, 3, 7, 14, 20]
[3, 4, 5, 18, 22]
[1, 4, 6, 27]
[2, 3, 5, 24]
[3, 4, 6, 8]
[1, 2, 7, 15, 22]
[1, 4, 7, 9, 18]
[1, 2, 8, 12, 20]
[16, 17, 18, 19, 20, 21, 22, 23, 24, 25, 26, 27, 28]


6
process id 1
stats
5, 15, 7, 100, 1000
20220816-212910
loosing coalitions taken
[2, 3, 6, 10]
[1, 3, 8, 15, 16]
[1, 4, 8, 11, 14]
[1, 2, 7, 11, 24]
[1, 2, 8, 9, 21]
[1, 3, 7, 13, 21]
[2, 4, 5, 18]
[2, 3, 5, 25]
[2, 4, 6, 12, 23]
[3, 4, 6, 14, 17]
[1, 5, 6, 11, 21]
[3, 4, 5, 16]
[1, 4, 6, 28]
[1, 4, 7, 9, 19]
[16, 17, 18, 19, 20, 21, 22, 23, 24, 25, 26, 27, 28]


6
process id 7
stats
5, 15, 7, 100, 1000
20220816-212911
loosing coalitions taken
[1, 5, 6, 12, 23]
[1, 3, 8, 9, 20]
[1, 2, 7, 13, 23]
[1, 2, 8, 11, 18]
[1, 4, 7, 8, 24]
[1, 3, 7, 11, 22]
[2, 4, 5, 19]
[2, 4, 6, 15, 17]
[2, 3, 6, 13]
[2, 3, 5, 25]
[3, 4, 5, 18, 26]
[1, 4, 6, 28]
[3, 4, 6, 9, 22]
[1, 2, 10, 12, 14]
[16, 17, 18, 19, 20, 21, 22, 23, 24, 25, 26, 27, 28]


6
process id 6
stats
5, 15, 7, 100, 1000
20220816-212912
loosing coalitions taken
[1, 5, 6, 16, 20]
[2, 3, 6, 12]
[1, 2, 7, 11, 25]
[1, 3, 8, 11, 17]
[1, 4, 8, 10, 12]
[1, 3, 7, 10, 22]
[1, 4, 7, 13, 15]
[2, 4, 5, 18, 26]
[3, 4, 5, 16]
[1, 4, 6, 27]
[2, 3, 5, 24]
[3, 4, 6, 13, 20]
[2, 4, 6, 9, 23]
[1, 2, 8, 14, 19]
[16, 17, 18, 19, 20, 21, 22, 23, 24, 25, 26, 27, 28]


6
process id 3
stats
5, 15, 7, 100, 1000
20220816-212912
loosing coalitions taken
[1, 4, 7, 8]
[1, 2, 10, 11, 14]
[2, 3, 6, 14]
[1, 5, 6, 9, 23]
[2, 3, 5, 23]
[2, 4, 5, 20]
[1, 3, 8, 15, 16]
[1, 4, 6, 28]
[1, 2, 7, 13, 25]
[2, 4, 6, 13, 22]
[3, 4, 6, 8]
[1, 2, 8, 12, 19]
[3, 4, 5, 16]
[1, 3, 7, 9, 21]
[16, 17, 18, 19, 20, 21, 22, 23, 24, 25, 26, 27, 28]


5
process id 2
stats
5, 15, 7, 100, 1000
20220816-212914
loosing coalitions taken
[1, 3, 7, 16, 18]
[2, 4, 5, 17]
[1, 3, 8, 11, 17]
[1, 2, 8, 10, 21]
[1, 4, 7, 8]
[1, 3, 9, 10, 12]
[1, 2, 7, 9]
[3, 4, 6, 14, 20]
[1, 5, 6, 10, 22]
[2, 3, 5, 24]
[3, 4, 5, 15]
[2, 3, 6, 11]
[1, 4, 6, 28]
[2, 4, 6, 15, 21]
[16, 17, 18, 19, 20, 21, 22, 23, 24, 25, 26, 27, 28]


6
process id 3
stats
5, 15, 7, 100, 1000
20220816-212915
loosing coalitions taken
[1, 2, 7, 9]
[1, 5, 6, 11, 23]
[3, 4, 6, 9, 20]
[2, 3, 5, 25, 27]
[2, 3, 6, 14]
[1, 4, 8, 10, 13]
[2, 4, 5, 18]
[1, 3, 8, 12, 16]
[1, 3, 7, 15, 17]
[3, 4, 5, 16]
[1, 4, 6, 28]
[1, 2, 8, 14, 20]
[2, 4, 6, 11, 24]
[3, 5, 6, 7, 10]
[16, 17, 18, 19, 20, 21, 22, 23, 24, 25, 26, 27, 28]


6
process id 0
stats
5, 15, 7, 100, 1000
20220816-212915
loosing coalitions taken
[1, 3, 9, 10, 11]
[1, 2, 9, 12, 13]
[1, 3, 7, 13, 22]
[1, 2, 8, 11, 20]
[2, 3, 6, 13]
[1, 5, 6, 15, 21]
[2, 3, 5, 25]
[2, 4, 6, 14, 22]
[1, 4, 6, 27]
[1, 4, 7, 8]
[2, 4, 5, 20, 24]
[3, 4, 6, 15, 17]
[3, 4, 5, 16, 28]
[1, 3, 8, 14, 16]
[16, 17, 18, 19, 20, 21, 22, 23, 24, 25, 26, 27, 28]


6
process id 4
stats
5, 15, 7, 100, 1000
20220816-212917
loosing coalitions taken
[3, 4, 6, 11, 21]
[1, 4, 7, 14, 15]
[2, 4, 6, 16, 19]
[1, 3, 7, 12, 22]
[1, 3, 8, 14, 16]
[2, 4, 5, 18]
[2, 3, 6, 12]
[1, 2, 7, 9]
[1, 5, 6, 14, 21]
[2, 3, 5, 23, 26]
[1, 4, 6, 28]
[3, 4, 5, 16, 28]
[1, 4, 8, 10, 11]
[1, 2, 10, 12, 13]
[16, 17, 18, 19, 20, 21, 22, 23, 24, 25, 26, 27, 28]


6
process id 5
stats
5, 15, 7, 100, 1000
20220816-212918
loosing coalitions taken
[2, 3, 6, 14]
[1, 5, 6, 15, 21]
[1, 2, 10, 12, 13]
[1, 3, 8, 11, 18]
[3, 4, 5, 19, 25]
[2, 4, 5, 20, 28]
[1, 2, 8, 9, 21]
[2, 3, 5, 23]
[1, 3, 7, 10, 24]
[1, 4, 6, 27]
[3, 4, 6, 8]
[1, 4, 7, 8]
[2, 4, 6, 10, 21]
[1, 2, 7, 15, 18]
[16, 17, 18, 19, 20, 21, 22, 23, 24, 25, 26, 27, 28]


6
process id 1
stats
5, 15, 7, 100, 1000
20220816-212918
loosing coalitions taken
[2, 3, 5, 23]
[1, 4, 7, 10, 18]
[1, 5, 6, 16, 19]
[1, 2, 8, 10, 21]
[1, 3, 7, 11, 21]
[1, 2, 9, 12, 14]
[2, 4, 6, 13, 22]
[1, 2, 7, 15, 22]
[3, 4, 6, 14, 20]
[2, 4, 5, 18, 26]
[2, 3, 6, 11]
[3, 4, 5, 16]
[1, 3, 8, 9, 20]
[1, 4, 6, 27]
[16, 17, 18, 19, 20, 21, 22, 23, 24, 25, 26, 27, 28]


6
process id 6
stats
5, 15, 7, 100, 1000
20220816-212919
loosing coalitions taken
[1, 2, 10, 12, 14]
[1, 3, 9, 10, 11]
[1, 2, 7, 13, 24]
[2, 4, 5, 18]
[1, 5, 6, 13, 23]
[1, 2, 8, 11, 20]
[1, 3, 7, 15, 20]
[2, 3, 6, 10]
[1, 4, 7, 8, 26]
[3, 4, 5, 17, 28]
[2, 3, 5, 23]
[1, 4, 6, 28]
[2, 5, 6, 8, 9]
[2, 4, 6, 12, 22]
[16, 17, 18, 19, 20, 21, 22, 23, 24, 25, 26, 27, 28]


6
process id 4
stats
5, 15, 7, 100, 1000
20220816-212920
loosing coalitions taken
[1, 2, 8, 12, 18]
[1, 3, 8, 14, 15]
[2, 4, 5, 18]
[1, 5, 6, 9, 26]
[1, 4, 8, 10, 11]
[1, 2, 7, 16, 20]
[1, 2, 9, 11, 14]
[1, 3, 7, 12, 21]
[2, 3, 6, 13, 28]
[3, 4, 6, 10, 20]
[1, 4, 6, 27]
[2, 3, 5, 25]
[3, 4, 5, 16]
[2, 3, 7, 8, 9]
[16, 17, 18, 19, 20, 21, 22, 23, 24, 25, 26, 27, 28]


5
process id 6
stats
5, 15, 7, 100, 1000
20220816-212922
loosing coalitions taken
[1, 4, 7, 8]
[1, 5, 6, 10, 25]
[2, 4, 5, 19]
[1, 4, 6, 27]
[2, 3, 5, 22]
[2, 3, 6, 10]
[3, 4, 5, 15]
[1, 2, 8, 11, 19]
[1, 2, 7, 12, 25]
[2, 4, 6, 15, 20]
[3, 4, 6, 12, 19]
[1, 3, 7, 14, 22]
[1, 3, 8, 13, 15]
[1, 2, 9, 10, 14]
[16, 17, 18, 19, 20, 21, 22, 23, 24, 25, 26, 27, 28]


6
process id 2
stats
5, 15, 7, 100, 1000
20220816-212923
loosing coalitions taken
[1, 5, 6, 13, 24]
[1, 2, 7, 13, 22]
[2, 3, 6, 11]
[1, 3, 7, 10, 24]
[1, 3, 8, 15, 16]
[2, 4, 5, 18]
[1, 2, 8, 9, 17]
[2, 3, 5, 25, 28]
[3, 4, 5, 16]
[3, 4, 6, 13, 19]
[1, 4, 6, 28]
[1, 4, 7, 12, 16]
[2, 4, 6, 9, 25]
[1, 2, 10, 11, 12]
[16, 17, 18, 19, 20, 21, 22, 23, 24, 25, 26, 27, 28]


6
process id 0
stats
5, 15, 7, 100, 1000
20220816-212923
loosing coalitions taken
[1, 2, 7, 11, 25]
[3, 4, 5, 18, 27]
[1, 4, 7, 8]
[1, 5, 6, 10, 23]
[1, 2, 9, 10, 13]
[2, 3, 5, 22]
[2, 3, 6, 13]
[1, 3, 7, 14, 19]
[3, 4, 6, 11, 20]
[2, 4, 6, 16, 18]
[1, 3, 8, 11, 17]
[1, 4, 6, 27]
[2, 4, 5, 17]
[1, 2, 8, 14, 16]
[16, 17, 18, 19, 20, 21, 22, 23, 24, 25, 26, 27, 28]


6
process id 7
stats
5, 15, 7, 100, 1000
20220816-212924
loosing coalitions taken
[2, 4, 5, 20, 25]
[1, 4, 8, 11, 13]
[1, 2, 10, 12, 13]
[1, 3, 8, 10, 18]
[2, 3, 6, 11]
[1, 2, 8, 9, 17]
[1, 2, 7, 14, 23]
[1, 4, 7, 12, 16]
[1, 5, 6, 13, 24]
[3, 4, 5, 17, 23]
[2, 4, 6, 14, 21]
[2, 3, 5, 22]
[3, 4, 6, 8]
[1, 4, 6, 28]
[16, 17, 18, 19, 20, 21, 22, 23, 24, 25, 26, 27, 28]


6
process id 3
stats
5, 15, 7, 100, 1000
20220816-212924
loosing coalitions taken
[1, 3, 7, 13, 21]
[1, 5, 6, 11, 24]
[3, 4, 6, 14, 18]
[1, 2, 8, 9, 20]
[1, 4, 7, 8]
[2, 3, 6, 12]
[3, 4, 5, 20, 24]
[1, 2, 7, 12, 22]
[2, 3, 5, 26, 27]
[1, 4, 6, 27]
[2, 4, 5, 19]
[1, 3, 8, 12, 19]
[2, 4, 6, 9, 25]
[1, 2, 10, 11, 14]
[16, 17, 18, 19, 20, 21, 22, 23, 24, 25, 26, 27, 28]


6
process id 5
stats
5, 15, 7, 100, 1000
20220816-212925
loosing coalitions taken
[1, 2, 7, 14, 24]
[2, 3, 6, 14]
[1, 2, 8, 15, 17]
[1, 2, 10, 11, 13]
[1, 4, 8, 11, 14]
[1, 4, 7, 10, 18]
[1, 3, 7, 11, 23]
[3, 4, 5, 16]
[1, 3, 8, 12, 18]
[2, 3, 5, 22]
[3, 4, 6, 8]
[1, 5, 6, 9, 26]
[2, 4, 6, 13, 18]
[2, 4, 5, 20, 26]
[16, 17, 18, 19, 20, 21, 22, 23, 24, 25, 26, 27, 28]


6
process id 1
stats
5, 15, 7, 100, 1000
20220816-212926
loosing coalitions taken
[1, 3, 7, 12, 22]
[1, 5, 6, 16, 18]
[1, 3, 8, 9, 19]
[3, 4, 5, 16]
[1, 2, 9, 11, 12]
[1, 4, 8, 12, 14]
[1, 4, 7, 9, 17]
[2, 3, 6, 13]
[1, 2, 7, 14, 23]
[2, 3, 5, 24, 27]
[1, 4, 6, 27]
[2, 4, 5, 19]
[3, 4, 6, 8]
[2, 4, 6, 10, 24]
[16, 17, 18, 19, 20, 21, 22, 23, 24, 25, 26, 27, 28]


6
process id 0
stats
5, 15, 7, 100, 1000
20220816-212926
loosing coalitions taken
[2, 3, 6, 14]
[1, 2, 9, 12, 13]
[1, 3, 7, 15, 19]
[1, 3, 8, 12, 17]
[1, 5, 6, 9, 22]
[3, 4, 5, 20, 23]
[2, 4, 5, 18, 25]
[1, 2, 7, 10, 25]
[1, 2, 8, 15, 16]
[2, 3, 5, 22]
[1, 4, 8, 13, 14]
[3, 4, 6, 10, 18]
[1, 4, 6, 28]
[2, 4, 6, 16, 19]
[16, 17, 18, 19, 20, 21, 22, 23, 24, 25, 26, 27, 28]


6
process id 7
stats
5, 15, 7, 100, 1000
20220816-212926
loosing coalitions taken
[1, 5, 6, 12, 23]
[1, 2, 7, 16, 19]
[1, 4, 7, 8, 26]
[1, 3, 8, 9, 20]
[2, 4, 5, 20]
[2, 3, 6, 9]
[1, 2, 8, 15, 17]
[1, 3, 7, 14, 21]
[2, 3, 5, 23]
[3, 4, 5, 16]
[3, 4, 6, 8]
[1, 4, 6, 28]
[2, 4, 6, 11, 24]
[1, 2, 10, 11, 13]
[16, 17, 18, 19, 20, 21, 22, 23, 24, 25, 26, 27, 28]


6
process id 3
stats
5, 15, 7, 100, 1000
20220816-212927
loosing coalitions taken
[1, 2, 7, 13, 25]
[3, 4, 6, 11, 20]
[1, 3, 7, 14, 21]
[1, 4, 7, 8, 23]
[1, 2, 8, 11, 20]
[1, 3, 8, 10, 18]
[2, 4, 5, 18]
[1, 5, 6, 12, 24]
[1, 2, 9, 10, 12]
[1, 4, 6, 27]
[2, 3, 6, 14]
[2, 3, 5, 22]
[2, 4, 6, 9, 25]
[3, 4, 5, 15]
[16, 17, 18, 19, 20, 21, 22, 23, 24, 25, 26, 27, 28]


5
process id 4
stats
5, 15, 7, 100, 1000
20220816-212928
loosing coalitions taken
[3, 4, 6, 13, 19]
[1, 5, 6, 13, 24]
[2, 4, 6, 15, 17]
[1, 2, 9, 10, 12]
[1, 4, 8, 9, 15]
[1, 2, 8, 11, 20]
[1, 2, 7, 17, 18]
[1, 3, 7, 9, 22]
[1, 3, 8, 13, 16]
[2, 3, 5, 25]
[3, 4, 5, 15]
[2, 3, 6, 10]
[1, 4, 6, 28]
[2, 4, 5, 16]
[16, 17, 18, 19, 20, 21, 22, 23, 24, 25, 26, 27, 28]


6
process id 5
stats
5, 15, 7, 100, 1000
20220816-212929
loosing coalitions taken
[3, 4, 6, 12, 20]
[1, 4, 7, 8]
[1, 5, 6, 14, 22]
[1, 3, 9, 10, 11]
[2, 4, 5, 22, 24]
[2, 4, 6, 14, 21]
[2, 3, 5, 23, 27]
[3, 4, 5, 16]
[2, 3, 6, 13]
[1, 2, 7, 15, 22]
[1, 2, 8, 9, 17]
[1, 3, 8, 15, 16]
[1, 4, 6, 28]
[1, 3, 7, 14, 19]
[16, 17, 18, 19, 20, 21, 22, 23, 24, 25, 26, 27, 28]


5
process id 6
stats
5, 15, 7, 100, 1000
20220816-212929
loosing coalitions taken
[1, 4, 7, 9, 18]
[2, 3, 6, 11]
[1, 2, 8, 15, 16]
[2, 4, 5, 19]
[1, 2, 7, 13, 22]
[1, 4, 8, 11, 13]
[1, 5, 6, 15, 20]
[1, 3, 7, 15, 21]
[1, 4, 6, 27]
[2, 3, 5, 25]
[1, 2, 9, 10, 14]
[2, 4, 6, 12, 21]
[3, 4, 6, 14, 18]
[3, 4, 5, 16]
[16, 17, 18, 19, 20, 21, 22, 23, 24, 25, 26, 27, 28]


6
process id 7
stats
5, 15, 7, 100, 1000
20220816-212929
loosing coalitions taken
[1, 2, 8, 12, 18]
[1, 4, 8, 13, 14]
[1, 5, 6, 11, 23]
[3, 4, 5, 15]
[1, 3, 7, 14, 18]
[2, 3, 6, 13]
[1, 3, 8, 9, 19]
[1, 2, 9, 11, 14]
[2, 4, 5, 16]
[2, 3, 5, 24]
[1, 4, 7, 10, 19]
[3, 4, 6, 12, 17]
[2, 4, 6, 14, 19]
[1, 4, 6, 27]
[16, 17, 18, 19, 20, 21, 22, 23, 24, 25, 26, 27, 28]


