Results
15
0.64
0.645

6
process id 4
stats
5, 15, 7, 100, 1000
20220816-212941
loosing coalitions taken
[1, 3, 9, 10, 12]
[1, 3, 7, 15, 20]
[2, 4, 6, 14, 22]
[1, 4, 7, 9, 17]
[3, 4, 6, 12, 21]
[1, 3, 8, 11, 18]
[1, 5, 6, 10, 26]
[1, 2, 9, 11, 14]
[1, 2, 8, 13, 17]
[2, 4, 5, 20]
[2, 3, 6, 15, 24]
[3, 4, 5, 15]
[2, 3, 5, 25]
[1, 2, 7, 16, 21]
[16, 17, 18, 19, 20, 21, 22, 23, 24, 25, 26, 27, 28]


6
process id 1
stats
5, 15, 7, 100, 1000
20220816-212942
loosing coalitions taken
[3, 4, 5, 17, 28]
[2, 3, 6, 14]
[1, 5, 6, 11, 24]
[1, 4, 7, 9, 19]
[1, 3, 7, 15, 20]
[1, 3, 8, 13, 16]
[3, 4, 6, 12, 18]
[1, 2, 7, 14, 22]
[1, 2, 8, 12, 18]
[2, 3, 5, 24]
[2, 4, 6, 11, 23]
[2, 4, 5, 19]
[2, 5, 6, 8, 10]
[1, 2, 9, 10, 13]
[16, 17, 18, 19, 20, 21, 22, 23, 24, 25, 26, 27, 28]


6
process id 6
stats
5, 15, 7, 100, 1000
20220816-212944
loosing coalitions taken
[1, 2, 10, 12, 14]
[1, 2, 9, 11, 13]
[1, 4, 8, 9, 15]
[1, 3, 8, 12, 19]
[1, 2, 7, 17, 18]
[2, 4, 5, 20]
[2, 3, 7, 8, 10]
[1, 4, 7, 14, 16]
[1, 3, 7, 9, 24]
[3, 4, 5, 18, 27]
[2, 3, 6, 13]
[2, 3, 5, 23]
[3, 4, 6, 15, 17]
[1, 5, 6, 10, 25]
[16, 17, 18, 19, 20, 21, 22, 23, 24, 25, 26, 27, 28]


6
process id 5
stats
5, 15, 7, 100, 1000
20220816-212946
loosing coalitions taken
[1, 2, 7, 9]
[2, 4, 5, 17]
[1, 5, 6, 10, 23]
[1, 3, 7, 14, 22]
[2, 3, 6, 14]
[1, 4, 8, 9, 15]
[2, 3, 5, 24]
[3, 4, 6, 11, 20]
[1, 2, 8, 12, 18]
[3, 4, 5, 16]
[2, 4, 6, 12, 21]
[1, 3, 9, 10, 12]
[1, 2, 10, 11, 13]
[1, 4, 7, 11, 17]
[16, 17, 18, 19, 20, 21, 22, 23, 24, 25, 26, 27, 28]


6
process id 7
stats
5, 15, 7, 100, 1000
20220816-212951
loosing coalitions taken
[1, 2, 9, 11, 13]
[1, 3, 7, 13, 22]
[1, 3, 8, 11, 18]
[2, 3, 5, 25]
[1, 4, 7, 9, 19]
[3, 4, 6, 14, 20]
[1, 2, 8, 12, 21]
[1, 4, 8, 13, 14]
[1, 2, 7, 10, 28]
[2, 3, 6, 13]
[3, 4, 5, 15]
[2, 4, 5, 22, 24]
[1, 5, 6, 9, 22]
[2, 4, 6, 15, 17]
[16, 17, 18, 19, 20, 21, 22, 23, 24, 25, 26, 27, 28]


6
process id 4
stats
5, 15, 7, 100, 1000
20220816-212952
loosing coalitions taken
[1, 3, 8, 10, 18]
[1, 2, 10, 11, 13]
[1, 2, 7, 14, 24]
[1, 4, 7, 10, 19]
[1, 5, 6, 12, 24]
[1, 2, 8, 9, 22]
[1, 3, 7, 11, 23]
[2, 3, 6, 14]
[2, 4, 5, 18]
[3, 4, 5, 16]
[2, 4, 6, 13, 22]
[2, 3, 5, 25]
[3, 4, 6, 11, 18]
[1, 4, 8, 11, 12]
[16, 17, 18, 19, 20, 21, 22, 23, 24, 25, 26, 27, 28]


6
process id 2
stats
5, 15, 7, 100, 1000
20220816-212953
loosing coalitions taken
[2, 4, 5, 20]
[1, 2, 8, 11, 21]
[1, 5, 6, 13, 24]
[2, 3, 6, 13]
[3, 4, 5, 15]
[2, 3, 5, 22]
[1, 4, 8, 9, 12]
[2, 4, 6, 15, 21]
[1, 3, 7, 16, 18]
[1, 2, 7, 9, 23]
[3, 4, 6, 12, 19]
[2, 3, 7, 8, 10]
[1, 4, 7, 13, 15]
[1, 3, 9, 10, 11]
[16, 17, 18, 19, 20, 21, 22, 23, 24, 25, 26, 27, 28]


5
process id 5
stats
5, 15, 7, 100, 1000
20220816-212957
loosing coalitions taken
[2, 4, 5, 20]
[2, 3, 7, 8, 10]
[1, 2, 8, 14, 19]
[1, 5, 6, 12, 23]
[1, 2, 7, 11, 27]
[1, 3, 7, 14, 22]
[3, 4, 6, 12, 21]
[1, 3, 9, 10, 12]
[1, 4, 7, 10, 19]
[2, 3, 6, 14]
[2, 3, 5, 25]
[3, 4, 5, 15]
[2, 4, 6, 9, 25]
[1, 4, 8, 9, 15]
[16, 17, 18, 19, 20, 21, 22, 23, 24, 25, 26, 27, 28]


6
process id 1
stats
5, 15, 7, 100, 1000
20220816-212958
loosing coalitions taken
[1, 3, 8, 11, 17]
[3, 4, 5, 18, 26]
[2, 4, 5, 20]
[1, 2, 7, 9]
[1, 4, 8, 12, 14]
[2, 3, 5, 25]
[2, 4, 6, 9, 24]
[1, 3, 7, 14, 21]
[1, 5, 6, 13, 23]
[1, 2, 8, 13, 18]
[2, 3, 6, 14, 27]
[3, 4, 6, 10, 19]
[3, 5, 6, 7, 15]
[1, 2, 10, 11, 12]
[16, 17, 18, 19, 20, 21, 22, 23, 24, 25, 26, 27, 28]


6
process id 7
stats
5, 15, 7, 100, 1000
20220816-213000
loosing coalitions taken
[1, 5, 6, 11, 25]
[1, 4, 7, 10, 17]
[1, 2, 7, 9]
[1, 3, 8, 12, 18]
[3, 4, 6, 10, 21]
[2, 3, 6, 13]
[2, 3, 5, 24, 25]
[3, 4, 5, 15]
[2, 4, 5, 19, 28]
[1, 2, 8, 11, 20]
[1, 3, 7, 11, 22]
[2, 5, 6, 8, 9]
[2, 4, 6, 14, 20]
[1, 2, 10, 12, 14]
[16, 17, 18, 19, 20, 21, 22, 23, 24, 25, 26, 27, 28]


6
process id 0
stats
5, 15, 7, 100, 1000
20220816-213001
loosing coalitions taken
[1, 4, 8, 10, 15]
[3, 4, 5, 20, 23]
[1, 3, 8, 12, 18]
[1, 5, 6, 16, 19]
[3, 4, 6, 11, 21]
[2, 3, 6, 15, 25]
[1, 4, 7, 11, 17]
[1, 2, 7, 13, 24]
[1, 3, 7, 15, 21]
[1, 3, 9, 10, 11]
[2, 3, 7, 8, 9]
[2, 3, 5, 22]
[1, 2, 8, 11, 21]
[2, 4, 6, 13, 20]
[16, 17, 18, 19, 20, 21, 22, 23, 24, 25, 26, 27, 28]


6
process id 2
stats
5, 15, 7, 100, 1000
20220816-213003
loosing coalitions taken
[1, 3, 8, 11, 19]
[2, 4, 5, 21, 28]
[3, 4, 6, 11, 21]
[2, 5, 6, 8, 12]
[1, 2, 7, 9]
[2, 3, 5, 24]
[1, 5, 6, 10, 25]
[1, 4, 8, 12, 14]
[3, 4, 5, 16]
[2, 3, 6, 14]
[1, 2, 10, 12, 13]
[2, 4, 6, 10, 24]
[1, 3, 7, 15, 21]
[1, 4, 7, 10, 18]
[16, 17, 18, 19, 20, 21, 22, 23, 24, 25, 26, 27, 28]


6
process id 4
stats
5, 15, 7, 100, 1000
20220816-213006
loosing coalitions taken
[1, 2, 7, 11, 26]
[2, 4, 6, 12, 23]
[1, 3, 8, 10, 18]
[3, 4, 5, 20, 24]
[1, 4, 8, 11, 13]
[1, 4, 7, 9, 18]
[1, 2, 9, 12, 13]
[3, 4, 6, 10, 21]
[1, 3, 7, 15, 21]
[2, 4, 5, 21, 27]
[2, 3, 6, 15, 22]
[1, 5, 6, 15, 20]
[2, 3, 5, 23, 26]
[2, 5, 6, 8, 11]
[16, 17, 18, 19, 20, 21, 22, 23, 24, 25, 26, 27, 28]


6
process id 5
stats
5, 15, 7, 100, 1000
20220816-213007
loosing coalitions taken
[1, 2, 7, 9]
[2, 4, 5, 20]
[1, 4, 8, 10, 15]
[1, 3, 8, 13, 16]
[2, 3, 6, 11]
[1, 5, 6, 10, 24]
[2, 4, 6, 13, 21]
[3, 4, 5, 16, 28]
[1, 2, 10, 12, 13]
[3, 5, 6, 7, 15]
[1, 2, 8, 14, 17]
[2, 3, 5, 24]
[1, 4, 7, 11, 17]
[3, 4, 6, 12, 18]
[16, 17, 18, 19, 20, 21, 22, 23, 24, 25, 26, 27, 28]


6
process id 3
stats
5, 15, 7, 100, 1000
20220816-213008
loosing coalitions taken
[1, 5, 6, 11, 24]
[1, 3, 7, 14, 21]
[1, 4, 7, 9, 19]
[3, 4, 6, 14, 20]
[2, 4, 5, 19]
[1, 2, 8, 10, 21]
[1, 4, 8, 13, 14]
[1, 3, 8, 11, 17]
[2, 3, 5, 23]
[2, 3, 6, 12]
[2, 4, 6, 16, 18]
[3, 4, 5, 16]
[2, 3, 7, 8, 9]
[1, 2, 9, 11, 12]
[16, 17, 18, 19, 20, 21, 22, 23, 24, 25, 26, 27, 28]


6
process id 2
stats
5, 15, 7, 100, 1000
20220816-213009
loosing coalitions taken
[2, 3, 5, 25]
[1, 5, 6, 12, 23]
[1, 2, 7, 13, 23]
[1, 4, 7, 11, 17]
[1, 3, 7, 16, 19]
[1, 3, 8, 12, 17]
[1, 2, 10, 11, 14]
[2, 3, 6, 11]
[3, 4, 5, 20, 22]
[3, 4, 6, 13, 19]
[2, 4, 5, 19, 28]
[2, 4, 6, 15, 21]
[1, 2, 8, 9, 22]
[1, 4, 8, 10, 13]
[16, 17, 18, 19, 20, 21, 22, 23, 24, 25, 26, 27, 28]


6
process id 7
stats
5, 15, 7, 100, 1000
20220816-213009
loosing coalitions taken
[1, 4, 8, 10, 15]
[3, 4, 5, 17, 26]
[2, 3, 6, 15, 25]
[1, 3, 7, 13, 22]
[2, 4, 6, 16, 18]
[3, 4, 6, 12, 21]
[1, 3, 8, 11, 17]
[1, 5, 6, 16, 20]
[2, 4, 5, 22, 24]
[1, 2, 7, 11, 25]
[1, 2, 8, 13, 20]
[2, 3, 5, 23]
[2, 3, 7, 8, 10]
[1, 4, 7, 14, 16]
[16, 17, 18, 19, 20, 21, 22, 23, 24, 25, 26, 27, 28]


6
process id 0
stats
5, 15, 7, 100, 1000
20220816-213010
loosing coalitions taken
[1, 5, 6, 13, 24]
[1, 2, 8, 15, 17]
[1, 2, 7, 10, 26]
[2, 3, 6, 13]
[3, 4, 5, 21, 23]
[1, 4, 7, 9, 17]
[1, 3, 8, 9, 20]
[1, 4, 8, 11, 14]
[1, 2, 9, 12, 14]
[2, 3, 5, 24]
[2, 4, 5, 19]
[2, 4, 6, 16, 17]
[3, 4, 6, 10, 18]
[1, 3, 7, 14, 22]
[16, 17, 18, 19, 20, 21, 22, 23, 24, 25, 26, 27, 28]


6
process id 6
stats
5, 15, 7, 100, 1000
20220816-213012
loosing coalitions taken
[2, 3, 5, 25]
[1, 2, 7, 10, 28]
[3, 4, 6, 15, 17]
[1, 5, 6, 12, 24]
[1, 2, 9, 12, 14]
[1, 3, 7, 9, 24]
[1, 2, 8, 13, 19]
[2, 4, 5, 17]
[2, 3, 6, 11]
[3, 4, 5, 16]
[1, 3, 8, 10, 18]
[1, 4, 7, 14, 15]
[2, 4, 6, 10, 23]
[1, 4, 8, 11, 12]
[16, 17, 18, 19, 20, 21, 22, 23, 24, 25, 26, 27, 28]


6
process id 4
stats
5, 15, 7, 100, 1000
20220816-213014
loosing coalitions taken
[2, 4, 6, 16, 18]
[1, 2, 10, 11, 14]
[1, 4, 8, 13, 14]
[1, 3, 8, 15, 16]
[2, 3, 5, 23]
[3, 4, 6, 12, 21]
[1, 5, 6, 14, 22]
[1, 3, 7, 9, 22]
[1, 2, 8, 12, 21]
[3, 4, 5, 15]
[2, 4, 5, 19, 26]
[2, 3, 6, 11]
[1, 2, 7, 15, 20]
[2, 3, 7, 8, 10]
[16, 17, 18, 19, 20, 21, 22, 23, 24, 25, 26, 27, 28]


6
process id 1
stats
5, 15, 7, 100, 1000
20220816-213015
loosing coalitions taken
[3, 4, 5, 18, 26]
[1, 4, 8, 13, 14]
[1, 4, 7, 10, 19]
[1, 2, 9, 11, 13]
[2, 4, 6, 15, 21]
[1, 2, 7, 17, 18]
[2, 4, 5, 20]
[1, 5, 6, 10, 25]
[1, 3, 7, 9, 23]
[3, 4, 6, 11, 17]
[2, 3, 5, 22, 28]
[2, 3, 6, 10]
[2, 5, 6, 8, 9]
[1, 2, 8, 15, 16]
[16, 17, 18, 19, 20, 21, 22, 23, 24, 25, 26, 27, 28]


6
process id 7
stats
5, 15, 7, 100, 1000
20220816-213017
loosing coalitions taken
[2, 3, 6, 14]
[1, 3, 8, 10, 18]
[2, 4, 5, 19]
[1, 4, 8, 12, 14]
[1, 2, 8, 15, 17]
[1, 2, 7, 16, 20]
[1, 4, 7, 9, 17]
[1, 5, 6, 9, 26]
[1, 2, 10, 11, 13]
[3, 4, 5, 18, 25]
[2, 4, 6, 9, 24]
[1, 3, 7, 14, 19]
[3, 4, 6, 12, 21]
[2, 3, 5, 23, 27]
[16, 17, 18, 19, 20, 21, 22, 23, 24, 25, 26, 27, 28]


6
process id 2
stats
5, 15, 7, 100, 1000
20220816-213018
loosing coalitions taken
[2, 4, 5, 20]
[2, 3, 6, 14]
[1, 3, 7, 10, 24]
[1, 2, 8, 11, 21]
[1, 2, 7, 15, 22]
[1, 5, 6, 12, 24]
[1, 3, 8, 15, 16]
[2, 3, 5, 22]
[1, 4, 7, 14, 16]
[3, 4, 5, 17, 27]
[2, 4, 6, 12, 23]
[3, 4, 6, 11, 18]
[2, 3, 7, 8, 9]
[1, 4, 8, 12, 13]
[16, 17, 18, 19, 20, 21, 22, 23, 24, 25, 26, 27, 28]


6
process id 7
stats
5, 15, 7, 100, 1000
20220816-213023
loosing coalitions taken
[2, 4, 5, 20]
[1, 2, 8, 11, 21]
[1, 3, 9, 10, 11]
[1, 2, 7, 9]
[1, 3, 8, 15, 16]
[1, 5, 6, 14, 22]
[2, 3, 5, 25]
[3, 4, 5, 15]
[2, 3, 6, 16, 24]
[2, 4, 6, 9, 22]
[1, 4, 7, 8]
[3, 4, 6, 11, 17]
[1, 3, 7, 14, 18]
[1, 2, 10, 12, 13]
[16, 17, 18, 19, 20, 21, 22, 23, 24, 25, 26, 27, 28]


5
process id 4
stats
5, 15, 7, 100, 1000
20220816-213024
loosing coalitions taken
[2, 4, 6, 11, 22]
[1, 3, 7, 14, 22]
[1, 4, 7, 9, 19]
[1, 5, 6, 13, 22]
[1, 3, 8, 10, 18]
[1, 2, 7, 13, 24]
[1, 2, 9, 10, 14]
[2, 3, 5, 23]
[2, 3, 6, 12]
[1, 2, 8, 12, 17]
[2, 4, 5, 18]
[1, 4, 8, 11, 14]
[3, 4, 5, 16]
[3, 4, 6, 14, 18]
[16, 17, 18, 19, 20, 21, 22, 23, 24, 25, 26, 27, 28]


6
process id 2
stats
5, 15, 7, 100, 1000
20220816-213024
loosing coalitions taken
[2, 3, 6, 14]
[1, 2, 7, 16, 21]
[1, 4, 7, 9, 17]
[1, 2, 10, 11, 13]
[1, 5, 6, 9, 25]
[1, 3, 8, 9, 19]
[2, 4, 6, 11, 22]
[2, 4, 5, 19]
[3, 4, 5, 15]
[1, 3, 7, 10, 22]
[2, 3, 5, 25]
[1, 4, 8, 11, 12]
[1, 2, 8, 14, 20]
[3, 4, 6, 12, 17]
[16, 17, 18, 19, 20, 21, 22, 23, 24, 25, 26, 27, 28]


6
process id 5
stats
5, 15, 7, 100, 1000
20220816-213029
loosing coalitions taken
[1, 3, 7, 10, 24]
[3, 4, 5, 16]
[2, 3, 6, 13]
[1, 4, 7, 9, 17]
[1, 2, 8, 15, 17]
[1, 5, 6, 10, 25]
[1, 2, 7, 11, 27]
[1, 4, 8, 11, 14]
[2, 4, 5, 19]
[3, 4, 6, 12, 21]
[2, 3, 5, 25]
[1, 3, 8, 12, 16]
[2, 4, 6, 15, 18]
[2, 3, 7, 8, 9]
[16, 17, 18, 19, 20, 21, 22, 23, 24, 25, 26, 27, 28]


6
process id 7
stats
5, 15, 7, 100, 1000
20220816-213030
loosing coalitions taken
[1, 3, 9, 10, 12]
[3, 4, 6, 15, 17]
[2, 4, 6, 16, 18]
[2, 3, 5, 25]
[1, 2, 10, 11, 13]
[1, 2, 8, 9, 22]
[2, 4, 5, 22, 23]
[2, 3, 6, 10]
[1, 2, 7, 16, 21]
[1, 5, 6, 9, 23]
[1, 4, 7, 8]
[3, 4, 5, 16, 27]
[1, 3, 8, 11, 19]
[1, 3, 7, 15, 18]
[16, 17, 18, 19, 20, 21, 22, 23, 24, 25, 26, 27, 28]


6
process id 6
stats
5, 15, 7, 100, 1000
20220816-213030
loosing coalitions taken
[1, 2, 7, 10, 25]
[1, 3, 9, 10, 11]
[3, 4, 5, 19, 25]
[1, 2, 9, 12, 14]
[3, 4, 6, 14, 20]
[2, 4, 6, 16, 18]
[1, 5, 6, 11, 24]
[2, 4, 5, 17]
[2, 3, 6, 10]
[1, 3, 8, 13, 16]
[1, 4, 7, 12, 16]
[1, 2, 8, 11, 20]
[1, 3, 7, 15, 21]
[1, 4, 8, 10, 15]
[16, 17, 18, 19, 20, 21, 22, 23, 24, 25, 26, 27, 28]


6
process id 1
stats
5, 15, 7, 100, 1000
20220816-213032
loosing coalitions taken
[1, 4, 8, 10, 15]
[1, 3, 9, 10, 12]
[1, 5, 6, 15, 21]
[2, 3, 5, 25]
[3, 4, 6, 12, 19]
[1, 2, 8, 11, 17]
[2, 3, 6, 10]
[2, 4, 5, 18]
[1, 3, 7, 15, 19]
[1, 4, 7, 12, 16]
[1, 2, 7, 9, 24]
[3, 4, 5, 21, 23]
[1, 3, 8, 13, 16]
[2, 4, 6, 9, 22]
[16, 17, 18, 19, 20, 21, 22, 23, 24, 25, 26, 27, 28]


6
process id 2
stats
5, 15, 7, 100, 1000
20220816-213034
loosing coalitions taken
[1, 2, 8, 13, 20]
[1, 2, 7, 17, 18]
[1, 4, 7, 9, 19]
[1, 5, 6, 12, 24]
[1, 3, 7, 12, 22]
[1, 3, 8, 15, 16]
[1, 3, 9, 10, 11]
[2, 4, 5, 17]
[2, 3, 6, 14]
[1, 4, 8, 12, 14]
[3, 4, 6, 10, 18]
[3, 4, 5, 15]
[2, 3, 5, 22]
[2, 4, 6, 11, 22]
[16, 17, 18, 19, 20, 21, 22, 23, 24, 25, 26, 27, 28]


6
process id 7
stats
5, 15, 7, 100, 1000
20220816-213036
loosing coalitions taken
[1, 5, 6, 16, 19]
[1, 3, 8, 15, 16]
[1, 4, 7, 10, 19]
[2, 3, 6, 14]
[3, 4, 5, 19, 25]
[1, 2, 7, 15, 22]
[1, 4, 8, 9, 14]
[1, 3, 7, 13, 20]
[1, 2, 9, 10, 13]
[2, 4, 5, 17]
[2, 3, 5, 23, 26]
[2, 4, 6, 9, 25]
[3, 4, 6, 12, 20]
[1, 2, 8, 11, 18]
[16, 17, 18, 19, 20, 21, 22, 23, 24, 25, 26, 27, 28]


6
process id 2
stats
5, 15, 7, 100, 1000
20220816-213038
loosing coalitions taken
[1, 4, 8, 13, 14]
[1, 2, 9, 11, 14]
[1, 3, 8, 15, 16]
[1, 2, 7, 12, 26]
[1, 3, 7, 13, 22]
[1, 5, 6, 9, 23]
[2, 3, 6, 10]
[3, 4, 6, 14, 17]
[2, 4, 5, 21, 24]
[3, 4, 5, 16]
[2, 3, 5, 22]
[1, 4, 7, 10, 17]
[2, 3, 7, 8, 9]
[2, 4, 6, 11, 22]
[16, 17, 18, 19, 20, 21, 22, 23, 24, 25, 26, 27, 28]


6
process id 1
stats
5, 15, 7, 100, 1000
20220816-213040
loosing coalitions taken
[1, 4, 8, 10, 15]
[2, 4, 5, 20]
[1, 5, 6, 13, 24]
[1, 3, 8, 13, 16]
[2, 3, 6, 9]
[2, 3, 5, 22]
[3, 4, 5, 16]
[1, 2, 9, 11, 12]
[1, 3, 7, 10, 22]
[2, 4, 6, 15, 18]
[3, 4, 6, 13, 20]
[1, 2, 7, 16, 18]
[1, 2, 8, 14, 17]
[1, 4, 7, 9, 17]
[16, 17, 18, 19, 20, 21, 22, 23, 24, 25, 26, 27, 28]


5
process id 7
stats
5, 15, 7, 100, 1000
20220816-213043
loosing coalitions taken
[1, 3, 8, 11, 18]
[1, 2, 8, 15, 17]
[2, 3, 7, 8, 10]
[1, 4, 8, 12, 14]
[2, 4, 6, 9, 23]
[1, 2, 7, 11, 26]
[3, 4, 6, 13, 21]
[1, 2, 9, 12, 13]
[2, 4, 5, 21, 28]
[1, 3, 7, 14, 21]
[1, 4, 7, 9, 19]
[2, 3, 6, 14]
[3, 4, 5, 16]
[1, 5, 6, 9, 25]
[16, 17, 18, 19, 20, 21, 22, 23, 24, 25, 26, 27, 28]


6
process id 2
stats
5, 15, 7, 100, 1000
20220816-213044
loosing coalitions taken
[1, 3, 8, 11, 17]
[1, 5, 6, 10, 25]
[2, 4, 5, 20]
[1, 2, 9, 11, 13]
[1, 3, 9, 10, 12]
[2, 3, 6, 16, 23]
[1, 3, 7, 15, 20]
[2, 3, 5, 22]
[3, 4, 5, 17, 28]
[1, 2, 7, 10, 27]
[1, 4, 7, 11, 16]
[1, 2, 8, 12, 18]
[1, 4, 8, 9, 15]
[2, 4, 6, 9, 25]
[16, 17, 18, 19, 20, 21, 22, 23, 24, 25, 26, 27, 28]


6
process id 7
stats
5, 15, 7, 100, 1000
20220816-213047
loosing coalitions taken
[1, 2, 9, 10, 14]
[3, 4, 6, 14, 19]
[1, 4, 8, 13, 14]
[2, 3, 6, 13]
[1, 3, 8, 9, 19]
[2, 4, 5, 20]
[1, 2, 7, 15, 22]
[1, 4, 7, 9, 18]
[1, 3, 7, 11, 23]
[1, 5, 6, 16, 19]
[3, 4, 5, 16]
[2, 3, 5, 22]
[2, 4, 6, 12, 22]
[1, 2, 8, 11, 17]
[16, 17, 18, 19, 20, 21, 22, 23, 24, 25, 26, 27, 28]


5
process id 2
stats
5, 15, 7, 100, 1000
20220816-213049
loosing coalitions taken
[1, 5, 6, 13, 23]
[1, 4, 7, 9, 18]
[1, 2, 7, 11, 26]
[1, 3, 7, 12, 22]
[2, 4, 5, 20, 25]
[2, 3, 6, 13]
[1, 4, 8, 10, 14]
[1, 2, 8, 9, 21]
[3, 4, 5, 15]
[1, 2, 10, 12, 13]
[2, 3, 5, 23]
[1, 3, 8, 15, 16]
[2, 4, 6, 15, 18]
[3, 4, 6, 12, 20]
[16, 17, 18, 19, 20, 21, 22, 23, 24, 25, 26, 27, 28]


6
process id 1
stats
5, 15, 7, 100, 1000
20220816-213049
loosing coalitions taken
[2, 3, 5, 24]
[1, 2, 9, 10, 13]
[1, 3, 8, 10, 17]
[2, 4, 6, 11, 23]
[1, 4, 8, 9, 15]
[1, 4, 7, 14, 16]
[1, 5, 6, 16, 17]
[1, 2, 8, 14, 20]
[2, 3, 6, 13]
[3, 4, 5, 18, 22]
[2, 4, 5, 17]
[1, 2, 7, 11, 25]
[1, 3, 7, 15, 21]
[3, 4, 6, 12, 21]
[16, 17, 18, 19, 20, 21, 22, 23, 24, 25, 26, 27, 28]


6
process id 6
stats
5, 15, 7, 100, 1000
20220816-213051
loosing coalitions taken
[1, 2, 7, 9]
[1, 4, 8, 13, 14]
[2, 3, 6, 14]
[1, 3, 8, 12, 18]
[1, 5, 6, 16, 20]
[2, 4, 5, 18, 27]
[2, 3, 5, 25]
[3, 4, 5, 15]
[1, 4, 7, 10, 19]
[3, 4, 6, 10, 18]
[2, 4, 6, 13, 22]
[1, 3, 7, 13, 20]
[1, 2, 10, 12, 14]
[1, 2, 8, 15, 17]
[16, 17, 18, 19, 20, 21, 22, 23, 24, 25, 26, 27, 28]


5
process id 6
stats
5, 15, 7, 100, 1000
20220816-213053
loosing coalitions taken
[1, 2, 7, 17, 18]
[1, 2, 8, 12, 21]
[2, 3, 6, 14]
[1, 3, 8, 11, 17]
[1, 2, 9, 11, 13]
[2, 4, 5, 22, 24]
[3, 4, 5, 16]
[1, 4, 8, 9, 15]
[3, 4, 6, 12, 21]
[2, 3, 5, 25]
[2, 4, 6, 10, 23]
[1, 4, 7, 10, 19]
[1, 5, 6, 10, 26]
[1, 3, 7, 9, 23]
[16, 17, 18, 19, 20, 21, 22, 23, 24, 25, 26, 27, 28]


6
process id 3
stats
5, 15, 7, 100, 1000
20220816-213054
loosing coalitions taken
[1, 4, 8, 12, 14]
[1, 4, 7, 10, 19]
[1, 3, 7, 16, 17]
[2, 3, 6, 19, 20]
[3, 4, 6, 14, 18]
[1, 3, 8, 11, 19]
[2, 4, 6, 11, 24]
[1, 3, 9, 10, 12]
[1, 5, 6, 9, 26]
[2, 3, 5, 24, 27]
[2, 4, 5, 18]
[1, 2, 7, 12, 26]
[2, 3, 7, 8, 10]
[1, 2, 10, 11, 14]
[16, 17, 18, 19, 20, 21, 22, 23, 24, 25, 26, 27, 28]


6
process id 5
stats
5, 15, 7, 100, 1000
20220816-213055
loosing coalitions taken
[1, 4, 7, 10, 19]
[1, 3, 7, 15, 21]
[1, 2, 7, 9]
[2, 4, 5, 22, 23]
[1, 4, 8, 13, 14]
[3, 4, 5, 16]
[2, 3, 5, 26, 28]
[2, 3, 6, 12]
[1, 2, 8, 11, 17]
[2, 4, 6, 15, 21]
[1, 5, 6, 14, 21]
[2, 5, 6, 8, 10]
[1, 3, 9, 10, 12]
[3, 4, 6, 11, 20]
[16, 17, 18, 19, 20, 21, 22, 23, 24, 25, 26, 27, 28]


6
process id 1
stats
5, 15, 7, 100, 1000
20220816-213056
loosing coalitions taken
[1, 2, 9, 12, 14]
[1, 3, 8, 15, 16]
[1, 3, 9, 10, 11]
[1, 5, 6, 15, 20]
[1, 2, 7, 10, 28]
[3, 4, 5, 21, 22]
[1, 4, 7, 9, 19]
[1, 2, 8, 11, 20]
[1, 3, 7, 14, 21]
[2, 4, 5, 20, 26]
[3, 4, 6, 13, 18]
[2, 4, 6, 9, 23]
[1, 4, 8, 10, 12]
[2, 3, 5, 25]
[16, 17, 18, 19, 20, 21, 22, 23, 24, 25, 26, 27, 28]


6
process id 4
stats
5, 15, 7, 100, 1000
20220816-213059
loosing coalitions taken
[2, 4, 5, 21, 26]
[1, 4, 7, 11, 17]
[2, 3, 6, 14]
[1, 3, 8, 12, 18]
[1, 5, 6, 16, 17]
[3, 4, 5, 16, 28]
[2, 3, 5, 22]
[1, 2, 9, 10, 13]
[3, 4, 6, 9, 21]
[1, 3, 7, 14, 21]
[2, 4, 6, 15, 18]
[1, 2, 7, 12, 25]
[1, 2, 8, 11, 19]
[1, 4, 8, 10, 15]
[16, 17, 18, 19, 20, 21, 22, 23, 24, 25, 26, 27, 28]


6
process id 3
stats
5, 15, 7, 100, 1000
20220816-213059
loosing coalitions taken
[1, 2, 7, 9]
[1, 4, 8, 11, 14]
[2, 4, 5, 17]
[2, 3, 6, 12]
[1, 3, 8, 9, 17]
[3, 4, 6, 13, 21]
[1, 3, 7, 14, 20]
[2, 4, 6, 11, 23]
[1, 4, 7, 13, 16]
[1, 5, 6, 11, 22]
[2, 3, 5, 22]
[3, 4, 5, 16]
[1, 2, 8, 13, 20]
[1, 2, 10, 12, 14]
[16, 17, 18, 19, 20, 21, 22, 23, 24, 25, 26, 27, 28]


6
process id 7
stats
5, 15, 7, 100, 1000
20220816-213102
loosing coalitions taken
[1, 2, 7, 9]
[1, 3, 8, 11, 19]
[1, 4, 8, 10, 15]
[3, 4, 6, 14, 20]
[2, 3, 6, 13]
[2, 4, 5, 18]
[2, 4, 6, 12, 23]
[1, 3, 7, 10, 22]
[1, 5, 6, 16, 20]
[1, 2, 8, 13, 20]
[1, 2, 10, 11, 12]
[2, 3, 5, 23]
[3, 5, 6, 7, 15]
[3, 4, 5, 19, 26]
[16, 17, 18, 19, 20, 21, 22, 23, 24, 25, 26, 27, 28]


6
process id 0
stats
5, 15, 7, 100, 1000
20220816-213103
loosing coalitions taken
[1, 3, 7, 10, 23]
[2, 4, 5, 18]
[1, 5, 6, 13, 24]
[1, 2, 7, 16, 20]
[1, 4, 7, 9, 19]
[1, 3, 8, 11, 18]
[1, 4, 8, 12, 14]
[2, 4, 6, 12, 21]
[1, 2, 10, 11, 12]
[2, 3, 5, 23]
[3, 4, 6, 11, 20]
[2, 3, 6, 9]
[3, 4, 5, 15]
[1, 2, 8, 13, 19]
[16, 17, 18, 19, 20, 21, 22, 23, 24, 25, 26, 27, 28]


6
process id 2
stats
5, 15, 7, 100, 1000
20220816-213104
loosing coalitions taken
[2, 3, 6, 14]
[1, 5, 6, 12, 23]
[1, 4, 7, 13, 16]
[1, 2, 7, 10, 24]
[1, 3, 7, 15, 20]
[2, 3, 5, 23]
[3, 4, 6, 13, 18]
[2, 4, 5, 18]
[2, 4, 6, 9, 25]
[1, 2, 8, 13, 19]
[1, 3, 8, 12, 18]
[3, 4, 5, 16]
[1, 3, 9, 10, 11]
[1, 4, 8, 11, 14]
[16, 17, 18, 19, 20, 21, 22, 23, 24, 25, 26, 27, 28]


6
process id 5
stats
5, 15, 7, 100, 1000
20220816-213106
loosing coalitions taken
[1, 5, 6, 16, 18]
[2, 3, 6, 14]
[3, 4, 5, 16]
[1, 2, 7, 13, 24]
[1, 4, 7, 8, 28]
[1, 3, 9, 10, 11]
[2, 4, 5, 17]
[2, 3, 5, 22]
[1, 2, 8, 11, 18]
[2, 4, 6, 12, 23]
[1, 3, 7, 14, 21]
[3, 4, 6, 9, 20]
[1, 3, 8, 12, 17]
[1, 2, 10, 12, 14]
[16, 17, 18, 19, 20, 21, 22, 23, 24, 25, 26, 27, 28]


6
process id 4
stats
5, 15, 7, 100, 1000
20220816-213112
loosing coalitions taken
[1, 3, 8, 15, 16]
[1, 3, 9, 10, 11]
[2, 3, 6, 14]
[1, 2, 7, 10, 27]
[1, 4, 8, 10, 13]
[1, 5, 6, 9, 26]
[1, 3, 7, 13, 22]
[2, 4, 5, 17]
[1, 2, 8, 11, 19]
[2, 3, 5, 25, 28]
[1, 4, 7, 14, 16]
[3, 4, 5, 15]
[2, 4, 6, 10, 23]
[3, 4, 6, 9, 22]
[16, 17, 18, 19, 20, 21, 22, 23, 24, 25, 26, 27, 28]


6
process id 0
stats
5, 15, 7, 100, 1000
20220816-213112
loosing coalitions taken
[2, 3, 6, 14]
[1, 4, 7, 10, 19]
[1, 2, 9, 10, 13]
[1, 3, 8, 11, 19]
[2, 4, 5, 19, 27]
[3, 4, 5, 16]
[1, 3, 7, 13, 21]
[1, 5, 6, 12, 22]
[1, 2, 7, 14, 23]
[3, 4, 6, 9, 21]
[2, 3, 5, 25]
[2, 4, 6, 15, 18]
[1, 2, 8, 12, 18]
[2, 5, 6, 8, 9]
[16, 17, 18, 19, 20, 21, 22, 23, 24, 25, 26, 27, 28]


5
process id 7
stats
5, 15, 7, 100, 1000
20220816-213116
loosing coalitions taken
[1, 3, 8, 12, 17]
[1, 3, 7, 15, 21]
[2, 3, 6, 14]
[1, 5, 6, 13, 24]
[1, 2, 7, 13, 25]
[1, 4, 7, 11, 17]
[1, 2, 8, 11, 18]
[2, 3, 5, 25]
[3, 4, 5, 17, 24]
[2, 4, 5, 18]
[2, 4, 6, 13, 21]
[3, 4, 6, 9, 22]
[1, 4, 8, 10, 13]
[1, 2, 9, 10, 14]
[16, 17, 18, 19, 20, 21, 22, 23, 24, 25, 26, 27, 28]


6
process id 1
stats
5, 15, 7, 100, 1000
20220816-213117
loosing coalitions taken
[1, 2, 8, 9, 22]
[1, 3, 7, 13, 22]
[1, 2, 7, 16, 21]
[1, 5, 6, 10, 25]
[1, 2, 10, 12, 14]
[2, 4, 5, 17]
[3, 4, 6, 14, 18]
[1, 4, 8, 11, 13]
[2, 3, 5, 22]
[2, 3, 6, 11, 28]
[3, 4, 5, 16]
[1, 3, 8, 12, 19]
[2, 4, 6, 13, 21]
[1, 4, 7, 9, 18]
[16, 17, 18, 19, 20, 21, 22, 23, 24, 25, 26, 27, 28]


6
process id 2
stats
5, 15, 7, 100, 1000
20220816-213118
loosing coalitions taken
[1, 3, 9, 10, 12]
[2, 4, 5, 20]
[1, 5, 6, 9, 25]
[2, 3, 6, 14]
[1, 2, 9, 11, 13]
[2, 3, 5, 25]
[3, 4, 5, 15]
[1, 4, 8, 10, 13]
[1, 2, 7, 16, 20]
[1, 3, 7, 14, 19]
[1, 2, 8, 12, 21]
[2, 4, 6, 10, 22]
[1, 3, 8, 11, 16]
[3, 4, 6, 11, 19]
[16, 17, 18, 19, 20, 21, 22, 23, 24, 25, 26, 27, 28]


6
process id 5
stats
5, 15, 7, 100, 1000
20220816-213119
loosing coalitions taken
[1, 2, 8, 11, 20]
[1, 2, 10, 12, 14]
[1, 4, 7, 9, 19]
[2, 4, 6, 15, 21]
[1, 3, 8, 9, 17]
[1, 5, 6, 14, 22]
[1, 3, 7, 15, 21]
[1, 2, 7, 16, 18]
[2, 3, 6, 9]
[2, 4, 5, 18, 28]
[2, 3, 5, 25]
[3, 4, 5, 19, 22]
[3, 4, 6, 12, 20]
[2, 5, 6, 8, 10]
[16, 17, 18, 19, 20, 21, 22, 23, 24, 25, 26, 27, 28]


6
process id 3
stats
5, 15, 7, 100, 1000
20220816-213122
loosing coalitions taken
[1, 5, 6, 14, 22]
[1, 2, 10, 12, 14]
[1, 4, 7, 8]
[3, 4, 5, 16]
[1, 2, 7, 9]
[2, 4, 5, 20, 27]
[1, 3, 7, 15, 20]
[3, 4, 6, 15, 17]
[2, 3, 6, 12]
[2, 3, 5, 24]
[2, 5, 6, 8, 9]
[1, 2, 8, 13, 17]
[1, 3, 9, 10, 11]
[2, 4, 6, 11, 24]
[16, 17, 18, 19, 20, 21, 22, 23, 24, 25, 26, 27, 28]


6
process id 2
stats
5, 15, 7, 100, 1000
20220816-213125
loosing coalitions taken
[1, 5, 6, 11, 25]
[2, 4, 5, 20]
[1, 2, 10, 12, 14]
[1, 2, 7, 13, 23]
[1, 3, 7, 16, 17]
[1, 4, 7, 10, 18]
[3, 4, 6, 13, 19]
[2, 3, 7, 8, 9]
[2, 3, 5, 23, 28]
[3, 4, 5, 16]
[2, 3, 6, 10]
[2, 4, 6, 12, 21]
[1, 4, 8, 9, 13]
[1, 3, 9, 10, 11]
[16, 17, 18, 19, 20, 21, 22, 23, 24, 25, 26, 27, 28]


6
process id 1
stats
5, 15, 7, 100, 1000
20220816-213125
loosing coalitions taken
[1, 5, 6, 9, 26]
[1, 2, 8, 15, 17]
[1, 4, 8, 11, 14]
[1, 2, 7, 11, 27]
[3, 4, 5, 17, 26]
[2, 4, 5, 20]
[1, 4, 7, 10, 17]
[2, 3, 6, 13]
[1, 3, 9, 10, 11]
[3, 4, 6, 14, 19]
[2, 3, 5, 24]
[1, 3, 7, 12, 20]
[1, 2, 9, 12, 14]
[2, 4, 6, 12, 22]
[16, 17, 18, 19, 20, 21, 22, 23, 24, 25, 26, 27, 28]


6
process id 5
stats
5, 15, 7, 100, 1000
20220816-213128
loosing coalitions taken
[1, 5, 6, 14, 22]
[3, 4, 5, 17, 28]
[1, 4, 7, 10, 19]
[1, 3, 9, 10, 11]
[2, 4, 5, 20]
[2, 3, 6, 13]
[1, 3, 7, 15, 21]
[1, 2, 8, 15, 17]
[1, 4, 8, 13, 14]
[2, 3, 5, 23]
[1, 2, 7, 14, 23]
[1, 3, 8, 12, 19]
[2, 4, 6, 16, 19]
[1, 2, 9, 12, 13]
[16, 17, 18, 19, 20, 21, 22, 23, 24, 25, 26, 27, 28]


6
process id 0
stats
5, 15, 7, 100, 1000
20220816-213129
loosing coalitions taken
[1, 4, 7, 9, 18]
[1, 3, 9, 10, 12]
[1, 2, 7, 15, 22]
[1, 4, 8, 12, 13]
[2, 4, 5, 20, 26]
[1, 2, 10, 11, 14]
[1, 3, 8, 11, 19]
[1, 5, 6, 14, 22]
[2, 3, 5, 25, 28]
[3, 4, 6, 14, 17]
[3, 4, 5, 21, 23]
[2, 4, 6, 13, 21]
[3, 5, 6, 7, 13]
[2, 3, 6, 9]
[16, 17, 18, 19, 20, 21, 22, 23, 24, 25, 26, 27, 28]


6
process id 4
stats
5, 15, 7, 100, 1000
20220816-213130
loosing coalitions taken
[1, 2, 8, 12, 21]
[1, 3, 9, 10, 12]
[1, 5, 6, 16, 18]
[1, 3, 7, 13, 22]
[1, 2, 7, 10, 27]
[1, 4, 7, 9, 18]
[1, 4, 8, 13, 14]
[2, 4, 6, 10, 23]
[2, 3, 5, 24]
[3, 4, 6, 14, 19]
[2, 4, 5, 17]
[3, 4, 5, 15]
[1, 3, 8, 15, 16]
[2, 3, 6, 9]
[16, 17, 18, 19, 20, 21, 22, 23, 24, 25, 26, 27, 28]


7
process id 7
stats
5, 15, 7, 100, 1000
20220816-213130
loosing coalitions taken
[1, 2, 7, 17, 19]
[1, 4, 8, 9, 15]
[1, 4, 7, 10, 18]
[3, 4, 6, 11, 21]
[1, 3, 8, 10, 19]
[1, 2, 10, 12, 14]
[2, 4, 6, 16, 17]
[1, 3, 7, 12, 22]
[1, 5, 6, 13, 22]
[3, 4, 5, 16]
[2, 3, 5, 24, 28]
[2, 3, 6, 12]
[2, 4, 5, 20, 23]
[1, 2, 8, 13, 18]
[16, 17, 18, 19, 20, 21, 22, 23, 24, 25, 26, 27, 28]


5
process id 3
stats
5, 15, 7, 100, 1000
20220816-213131
loosing coalitions taken
[1, 3, 8, 11, 19]
[1, 2, 9, 11, 14]
[2, 4, 5, 19]
[1, 3, 7, 13, 22]
[1, 5, 6, 12, 24]
[2, 3, 6, 13]
[3, 4, 6, 10, 18]
[2, 3, 5, 22]
[3, 4, 5, 15]
[1, 4, 8, 13, 14]
[2, 3, 7, 8, 10]
[1, 4, 7, 9, 18]
[1, 2, 8, 12, 21]
[1, 2, 7, 17, 19]
[16, 17, 18, 19, 20, 21, 22, 23, 24, 25, 26, 27, 28]


5
process id 6
stats
5, 15, 7, 100, 1000
20220816-213131
loosing coalitions taken
[1, 3, 8, 12, 17]
[1, 4, 7, 10, 17]
[1, 4, 8, 11, 14]
[2, 3, 7, 8, 9]
[1, 2, 9, 12, 14]
[2, 4, 6, 16, 18]
[1, 2, 8, 10, 21]
[2, 3, 6, 17, 21]
[2, 3, 5, 24]
[1, 2, 7, 11, 26]
[1, 3, 9, 10, 11]
[1, 3, 7, 15, 20]
[1, 5, 6, 9, 22]
[3, 4, 6, 12, 19]
[16, 17, 18, 19, 20, 21, 22, 23, 24, 25, 26, 27, 28]


6
process id 7
stats
5, 15, 7, 100, 1000
20220816-213134
loosing coalitions taken
[1, 2, 9, 10, 14]
[1, 2, 8, 11, 21]
[1, 5, 6, 14, 22]
[2, 4, 5, 20]
[1, 4, 7, 10, 18]
[1, 4, 8, 13, 14]
[1, 2, 7, 12, 23]
[1, 3, 8, 15, 16]
[3, 4, 5, 16, 26]
[2, 3, 6, 11]
[2, 3, 5, 25]
[2, 4, 6, 13, 22]
[1, 3, 7, 13, 20]
[3, 4, 6, 10, 19]
[16, 17, 18, 19, 20, 21, 22, 23, 24, 25, 26, 27, 28]


6
process id 3
stats
5, 15, 7, 100, 1000
20220816-213134
loosing coalitions taken
[1, 3, 7, 10, 22]
[1, 2, 10, 11, 13]
[2, 4, 5, 20]
[1, 4, 7, 9, 18]
[1, 5, 6, 16, 17]
[1, 2, 7, 12, 25]
[2, 3, 6, 14]
[3, 4, 5, 16]
[2, 3, 5, 22]
[1, 2, 8, 14, 17]
[3, 4, 6, 9, 21]
[1, 3, 8, 15, 16]
[1, 4, 8, 12, 13]
[2, 4, 6, 11, 24]
[16, 17, 18, 19, 20, 21, 22, 23, 24, 25, 26, 27, 28]


6
process id 5
stats
5, 15, 7, 100, 1000
20220816-213135
loosing coalitions taken
[2, 4, 5, 20, 27]
[1, 3, 8, 9, 20]
[1, 2, 8, 14, 19]
[1, 2, 7, 10, 27]
[2, 4, 6, 12, 23]
[3, 4, 6, 15, 17]
[1, 3, 7, 14, 22]
[1, 5, 6, 13, 23]
[2, 3, 5, 25]
[2, 3, 6, 13]
[1, 4, 7, 9, 19]
[1, 2, 9, 11, 12]
[1, 4, 8, 10, 12]
[3, 4, 5, 21, 22]
[16, 17, 18, 19, 20, 21, 22, 23, 24, 25, 26, 27, 28]


6
process id 2
stats
5, 15, 7, 100, 1000
20220816-213137
loosing coalitions taken
[1, 3, 8, 10, 17]
[1, 5, 6, 11, 25]
[1, 4, 7, 10, 19]
[1, 4, 8, 9, 15]
[3, 4, 5, 17, 25]
[1, 2, 8, 13, 20]
[1, 2, 7, 9]
[2, 3, 6, 13]
[1, 3, 7, 12, 20]
[2, 3, 5, 22]
[2, 4, 6, 12, 21]
[2, 4, 5, 20, 23]
[1, 2, 10, 11, 14]
[3, 4, 6, 14, 19]
[16, 17, 18, 19, 20, 21, 22, 23, 24, 25, 26, 27, 28]


6
process id 7
stats
5, 15, 7, 100, 1000
20220816-213140
loosing coalitions taken
[3, 4, 6, 12, 21]
[1, 2, 10, 12, 13]
[3, 5, 6, 7, 15]
[1, 5, 6, 11, 24]
[3, 4, 5, 18, 26]
[1, 3, 9, 10, 11]
[2, 3, 6, 14]
[1, 2, 8, 14, 17]
[1, 3, 8, 12, 19]
[1, 3, 7, 13, 20]
[2, 3, 5, 25]
[2, 4, 6, 10, 24]
[2, 4, 5, 19]
[1, 2, 7, 9]
[16, 17, 18, 19, 20, 21, 22, 23, 24, 25, 26, 27, 28]


6
process id 6
stats
5, 15, 7, 100, 1000
20220816-213140
loosing coalitions taken
[1, 5, 6, 16, 20]
[1, 2, 8, 9, 22]
[1, 4, 7, 10, 17]
[1, 4, 8, 12, 14]
[2, 4, 5, 18]
[1, 3, 8, 11, 18]
[1, 3, 9, 10, 12]
[1, 2, 7, 13, 23]
[3, 4, 6, 13, 17]
[2, 3, 5, 23]
[3, 4, 5, 16]
[2, 3, 6, 14, 26]
[1, 3, 7, 16, 19]
[2, 4, 6, 9, 25]
[16, 17, 18, 19, 20, 21, 22, 23, 24, 25, 26, 27, 28]


6
process id 2
stats
5, 15, 7, 100, 1000
20220816-213141
loosing coalitions taken
[2, 4, 6, 14, 22]
[1, 3, 7, 15, 21]
[1, 3, 9, 10, 12]
[1, 2, 7, 14, 23]
[2, 3, 5, 25]
[1, 2, 8, 13, 20]
[1, 4, 8, 9, 15]
[1, 5, 6, 13, 23]
[1, 3, 8, 11, 17]
[3, 4, 5, 20, 23]
[2, 4, 5, 18]
[2, 3, 6, 15, 26]
[3, 4, 6, 13, 21]
[1, 4, 7, 10, 18]
[16, 17, 18, 19, 20, 21, 22, 23, 24, 25, 26, 27, 28]


6
process id 3
stats
5, 15, 7, 100, 1000
20220816-213142
loosing coalitions taken
[2, 3, 5, 25]
[1, 2, 7, 12, 26]
[2, 4, 6, 16, 18]
[3, 4, 6, 15, 17]
[1, 3, 8, 11, 18]
[1, 3, 7, 14, 22]
[1, 2, 9, 11, 14]
[2, 3, 6, 12]
[2, 4, 5, 19, 28]
[3, 4, 5, 16]
[1, 5, 6, 11, 22]
[1, 4, 8, 12, 13]
[2, 5, 6, 7, 15]
[1, 2, 8, 10, 21]
[16, 17, 18, 19, 20, 21, 22, 23, 24, 25, 26, 27, 28]


6
process id 1
stats
5, 15, 7, 100, 1000
20220816-213143
loosing coalitions taken
[1, 5, 6, 16, 19]
[1, 4, 7, 8]
[1, 3, 9, 10, 12]
[2, 4, 6, 15, 18]
[2, 4, 5, 17]
[1, 2, 9, 11, 13]
[3, 4, 6, 11, 20]
[2, 3, 6, 12]
[1, 2, 7, 14, 24]
[2, 3, 5, 27, 28]
[3, 5, 6, 7, 15]
[3, 4, 5, 16]
[1, 3, 8, 11, 19]
[1, 2, 8, 12, 17]
[16, 17, 18, 19, 20, 21, 22, 23, 24, 25, 26, 27, 28]


5
process id 2
stats
5, 15, 7, 100, 1000
20220816-213146
loosing coalitions taken
[2, 4, 5, 20]
[1, 4, 8, 10, 15]
[1, 3, 8, 11, 19]
[1, 4, 7, 14, 16]
[1, 5, 6, 11, 25]
[1, 3, 9, 10, 12]
[1, 2, 7, 10, 25]
[2, 3, 5, 22]
[3, 4, 6, 12, 18]
[3, 4, 5, 21, 24]
[2, 3, 6, 15, 25]
[1, 2, 8, 14, 20]
[1, 3, 7, 15, 17]
[2, 4, 6, 10, 24]
[16, 17, 18, 19, 20, 21, 22, 23, 24, 25, 26, 27, 28]


6
process id 6
stats
5, 15, 7, 100, 1000
20220816-213146
loosing coalitions taken
[1, 3, 7, 13, 22]
[1, 3, 8, 10, 18]
[1, 5, 6, 12, 24]
[2, 3, 6, 13]
[1, 4, 8, 12, 13]
[2, 4, 5, 20, 25]
[1, 4, 7, 9, 17]
[1, 2, 8, 9, 22]
[1, 2, 7, 15, 21]
[3, 4, 6, 9, 21]
[2, 4, 6, 16, 18]
[3, 4, 5, 15]
[2, 3, 5, 24, 28]
[1, 2, 10, 12, 14]
[16, 17, 18, 19, 20, 21, 22, 23, 24, 25, 26, 27, 28]


6
process id 4
stats
5, 15, 7, 100, 1000
20220816-213147
loosing coalitions taken
[1, 2, 7, 9]
[2, 4, 5, 18]
[1, 3, 8, 12, 19]
[1, 5, 6, 12, 23]
[3, 4, 5, 19, 26]
[2, 3, 6, 11, 27]
[2, 3, 5, 22]
[2, 4, 6, 9, 22]
[2, 3, 7, 8, 10]
[1, 4, 7, 11, 16]
[1, 2, 8, 11, 20]
[3, 4, 6, 13, 17]
[1, 4, 8, 10, 15]
[1, 3, 7, 14, 21]
[16, 17, 18, 19, 20, 21, 22, 23, 24, 25, 26, 27, 28]


6
process id 0
stats
5, 15, 7, 100, 1000
20220816-213148
loosing coalitions taken
[1, 4, 8, 10, 15]
[1, 5, 6, 9, 25]
[1, 2, 10, 11, 13]
[1, 2, 7, 9]
[2, 4, 5, 19]
[2, 3, 5, 25]
[3, 4, 5, 17, 24]
[1, 3, 7, 10, 24]
[2, 3, 6, 9]
[1, 2, 8, 12, 18]
[3, 4, 6, 11, 20]
[1, 3, 8, 9, 17]
[1, 4, 7, 12, 16]
[2, 4, 6, 12, 22]
[16, 17, 18, 19, 20, 21, 22, 23, 24, 25, 26, 27, 28]


6
process id 5
stats
5, 15, 7, 100, 1000
20220816-213150
loosing coalitions taken
[1, 4, 7, 9, 19]
[1, 4, 8, 13, 14]
[1, 3, 8, 15, 16]
[1, 3, 7, 10, 23]
[1, 2, 7, 11, 27]
[1, 5, 6, 9, 23]
[2, 3, 6, 18, 21]
[1, 2, 10, 12, 13]
[3, 4, 5, 16]
[2, 3, 5, 24, 28]
[2, 4, 5, 20]
[2, 4, 6, 9, 24]
[3, 4, 6, 14, 19]
[2, 5, 6, 8, 10]
[16, 17, 18, 19, 20, 21, 22, 23, 24, 25, 26, 27, 28]


5
process id 4
stats
5, 15, 7, 100, 1000
20220816-213151
loosing coalitions taken
[1, 5, 6, 12, 24]
[1, 3, 8, 11, 17]
[1, 4, 8, 9, 15]
[2, 3, 7, 8, 9]
[3, 4, 6, 12, 21]
[1, 2, 7, 16, 20]
[1, 4, 7, 10, 18]
[2, 4, 6, 10, 24]
[1, 2, 10, 11, 13]
[1, 3, 7, 14, 21]
[3, 4, 5, 16]
[2, 3, 6, 13]
[2, 4, 5, 20]
[1, 2, 8, 14, 18]
[16, 17, 18, 19, 20, 21, 22, 23, 24, 25, 26, 27, 28]


6
process id 7
stats
5, 15, 7, 100, 1000
20220816-213152
loosing coalitions taken
[1, 3, 7, 15, 20]
[1, 4, 8, 11, 14]
[3, 4, 5, 17, 28]
[2, 4, 6, 10, 23]
[1, 2, 7, 14, 23]
[1, 2, 8, 9, 22]
[1, 3, 8, 12, 19]
[1, 4, 7, 10, 18]
[2, 3, 6, 13]
[1, 5, 6, 11, 24]
[2, 3, 5, 24]
[2, 4, 5, 19]
[1, 2, 10, 11, 13]
[3, 4, 6, 14, 18]
[16, 17, 18, 19, 20, 21, 22, 23, 24, 25, 26, 27, 28]


6
process id 2
stats
5, 15, 7, 100, 1000
20220816-213153
loosing coalitions taken
[1, 3, 7, 9, 23]
[3, 4, 6, 13, 21]
[1, 2, 8, 15, 17]
[2, 4, 6, 16, 19]
[2, 3, 6, 14]
[1, 3, 8, 12, 19]
[2, 4, 5, 18]
[1, 5, 6, 10, 26]
[1, 2, 7, 12, 25]
[1, 4, 8, 11, 14]
[2, 3, 5, 22]
[3, 4, 5, 15]
[1, 2, 9, 10, 13]
[1, 4, 7, 10, 17]
[16, 17, 18, 19, 20, 21, 22, 23, 24, 25, 26, 27, 28]


6
process id 5
stats
5, 15, 7, 100, 1000
20220816-213154
loosing coalitions taken
[2, 3, 5, 25]
[1, 3, 8, 15, 16]
[1, 3, 9, 10, 12]
[1, 2, 7, 16, 21]
[2, 4, 6, 15, 19]
[1, 5, 6, 16, 18]
[1, 3, 7, 11, 22]
[1, 4, 8, 11, 14]
[1, 2, 8, 12, 20]
[3, 4, 5, 15]
[2, 4, 5, 18]
[1, 4, 7, 9, 19]
[2, 3, 6, 13]
[3, 4, 6, 10, 21]
[16, 17, 18, 19, 20, 21, 22, 23, 24, 25, 26, 27, 28]


6
process id 1
stats
5, 15, 7, 100, 1000
20220816-213154
loosing coalitions taken
[1, 3, 7, 11, 22]
[1, 2, 7, 9]
[1, 5, 6, 16, 18]
[3, 4, 5, 20, 23]
[2, 4, 5, 18]
[2, 3, 6, 9]
[1, 4, 8, 11, 12]
[2, 3, 5, 24]
[1, 3, 8, 13, 16]
[1, 3, 9, 10, 12]
[2, 4, 6, 14, 22]
[3, 4, 6, 11, 18]
[1, 2, 8, 14, 20]
[1, 4, 7, 10, 17]
[16, 17, 18, 19, 20, 21, 22, 23, 24, 25, 26, 27, 28]


6
process id 4
stats
5, 15, 7, 100, 1000
20220816-213157
loosing coalitions taken
[1, 2, 7, 9]
[2, 3, 6, 13]
[1, 3, 8, 15, 16]
[2, 4, 6, 15, 20]
[1, 2, 8, 13, 20]
[3, 4, 5, 19, 25]
[2, 3, 5, 23]
[1, 4, 8, 12, 14]
[1, 3, 9, 10, 11]
[1, 5, 6, 13, 22]
[3, 4, 6, 12, 18]
[2, 4, 5, 18]
[1, 4, 7, 10, 16]
[1, 3, 7, 12, 22]
[16, 17, 18, 19, 20, 21, 22, 23, 24, 25, 26, 27, 28]


6
process id 1
stats
5, 15, 7, 100, 1000
20220816-213157
loosing coalitions taken
[1, 2, 9, 12, 13]
[3, 4, 6, 14, 17]
[2, 4, 6, 11, 23]
[3, 4, 5, 16]
[2, 3, 7, 8, 9]
[1, 3, 7, 15, 18]
[1, 4, 8, 9, 15]
[1, 3, 8, 11, 17]
[2, 3, 6, 12]
[1, 2, 7, 16, 19]
[2, 3, 5, 24]
[2, 4, 5, 20]
[1, 5, 6, 13, 24]
[1, 2, 10, 11, 14]
[16, 17, 18, 19, 20, 21, 22, 23, 24, 25, 26, 27, 28]


6
process id 0
stats
5, 15, 7, 100, 1000
20220816-213201
loosing coalitions taken
[2, 3, 6, 13]
[1, 4, 8, 12, 14]
[2, 4, 5, 18]
[1, 3, 9, 10, 12]
[1, 5, 6, 11, 24]
[1, 3, 8, 11, 19]
[1, 4, 7, 11, 17]
[3, 4, 5, 16]
[1, 2, 7, 9]
[2, 3, 5, 25]
[1, 3, 7, 14, 20]
[1, 2, 8, 13, 18]
[2, 4, 6, 15, 21]
[3, 4, 6, 10, 19]
[16, 17, 18, 19, 20, 21, 22, 23, 24, 25, 26, 27, 28]


6
process id 5
stats
5, 15, 7, 100, 1000
20220816-213202
loosing coalitions taken
[3, 4, 5, 17, 27]
[1, 2, 9, 11, 13]
[2, 3, 6, 16, 24]
[3, 4, 6, 9, 22]
[1, 2, 10, 12, 14]
[1, 5, 6, 13, 23]
[1, 4, 7, 8]
[2, 3, 5, 22]
[2, 4, 5, 18]
[1, 3, 8, 11, 18]
[1, 3, 7, 13, 21]
[2, 5, 6, 8, 9]
[1, 2, 7, 16, 18]
[2, 4, 6, 14, 20]
[16, 17, 18, 19, 20, 21, 22, 23, 24, 25, 26, 27, 28]


5
process id 6
stats
5, 15, 7, 100, 1000
20220816-213203
loosing coalitions taken
[1, 5, 6, 11, 24]
[1, 3, 8, 12, 18]
[2, 3, 6, 14]
[2, 4, 5, 19]
[1, 2, 8, 15, 16]
[2, 4, 6, 13, 21]
[1, 4, 7, 12, 16]
[3, 4, 5, 18, 24]
[2, 3, 5, 22]
[1, 2, 7, 14, 23]
[1, 3, 7, 10, 22]
[3, 4, 6, 11, 20]
[1, 2, 10, 11, 12]
[1, 4, 8, 9, 14]
[16, 17, 18, 19, 20, 21, 22, 23, 24, 25, 26, 27, 28]


6
process id 0
stats
5, 15, 7, 100, 1000
20220816-213204
loosing coalitions taken
[1, 5, 6, 10, 26]
[2, 3, 6, 14]
[1, 2, 7, 9, 27]
[1, 2, 8, 11, 21]
[1, 2, 10, 12, 13]
[3, 4, 5, 17, 27]
[2, 3, 5, 25]
[2, 4, 6, 15, 20]
[2, 4, 5, 19]
[1, 3, 8, 10, 19]
[1, 4, 8, 9, 13]
[3, 4, 6, 11, 19]
[1, 3, 7, 14, 20]
[1, 4, 7, 11, 16]
[16, 17, 18, 19, 20, 21, 22, 23, 24, 25, 26, 27, 28]


6
process id 1
stats
5, 15, 7, 100, 1000
20220816-213207
loosing coalitions taken
[1, 3, 7, 16, 19]
[1, 2, 8, 15, 17]
[3, 4, 5, 17, 27]
[2, 4, 6, 11, 23]
[1, 2, 9, 12, 14]
[1, 2, 10, 11, 13]
[3, 4, 6, 13, 21]
[1, 3, 8, 9, 18]
[1, 4, 7, 11, 17]
[2, 4, 5, 18]
[2, 3, 6, 10]
[2, 3, 5, 25]
[1, 5, 6, 9, 22]
[3, 5, 6, 7, 14]
[16, 17, 18, 19, 20, 21, 22, 23, 24, 25, 26, 27, 28]


6
process id 7
stats
5, 15, 7, 100, 1000
20220816-213207
loosing coalitions taken
[1, 3, 8, 15, 16]
[1, 2, 9, 11, 14]
[2, 4, 6, 13, 22]
[3, 4, 6, 15, 17]
[3, 4, 5, 18, 25]
[2, 3, 7, 8, 10]
[2, 3, 6, 11]
[2, 4, 5, 19, 27]
[1, 2, 8, 13, 18]
[1, 4, 8, 12, 14]
[1, 3, 9, 10, 12]
[1, 4, 7, 9, 16]
[1, 5, 6, 12, 23]
[1, 2, 7, 15, 22]
[16, 17, 18, 19, 20, 21, 22, 23, 24, 25, 26, 27, 28]


6
process id 4
stats
5, 15, 7, 100, 1000
20220816-213210
loosing coalitions taken
[1, 2, 7, 16, 21]
[1, 3, 7, 14, 22]
[1, 4, 8, 9, 15]
[1, 2, 10, 11, 13]
[1, 2, 8, 12, 19]
[3, 4, 6, 12, 21]
[2, 3, 6, 13]
[2, 4, 6, 15, 20]
[2, 4, 5, 21, 28]
[3, 4, 5, 18, 24]
[2, 3, 5, 23]
[1, 5, 6, 16, 19]
[1, 4, 7, 11, 17]
[2, 5, 6, 8, 11]
[16, 17, 18, 19, 20, 21, 22, 23, 24, 25, 26, 27, 28]


6
process id 6
stats
5, 15, 7, 100, 1000
20220816-213211
loosing coalitions taken
[1, 4, 7, 10, 18]
[1, 3, 8, 11, 18]
[1, 2, 8, 14, 20]
[3, 4, 6, 11, 20]
[1, 2, 9, 10, 13]
[1, 5, 6, 16, 17]
[1, 3, 7, 15, 20]
[2, 4, 6, 12, 23]
[1, 2, 7, 11, 27]
[2, 3, 7, 8, 9]
[2, 4, 5, 18, 26]
[3, 4, 5, 19, 23]
[2, 3, 6, 13]
[2, 3, 5, 24]
[16, 17, 18, 19, 20, 21, 22, 23, 24, 25, 26, 27, 28]


6
process id 5
stats
5, 15, 7, 100, 1000
20220816-213213
loosing coalitions taken
[1, 5, 6, 10, 26]
[1, 4, 7, 9, 17]
[1, 2, 8, 13, 20]
[1, 3, 8, 11, 17]
[2, 3, 6, 14]
[1, 3, 7, 13, 22]
[3, 4, 6, 13, 19]
[2, 4, 5, 19]
[2, 3, 5, 26, 28]
[3, 4, 5, 15]
[2, 4, 6, 11, 24]
[1, 2, 10, 12, 14]
[1, 2, 7, 11, 26]
[1, 4, 8, 10, 15]
[16, 17, 18, 19, 20, 21, 22, 23, 24, 25, 26, 27, 28]


6
process id 1
stats
5, 15, 7, 100, 1000
20220816-213214
loosing coalitions taken
[2, 3, 6, 13]
[1, 3, 7, 9, 23]
[1, 4, 7, 14, 16]
[1, 2, 7, 12, 26]
[1, 5, 6, 15, 21]
[1, 3, 8, 15, 16]
[2, 4, 5, 21, 24]
[1, 2, 9, 10, 14]
[3, 4, 5, 16]
[2, 3, 5, 23]
[2, 4, 6, 9, 25]
[1, 2, 8, 13, 20]
[1, 4, 8, 9, 11]
[3, 4, 6, 10, 19]
[16, 17, 18, 19, 20, 21, 22, 23, 24, 25, 26, 27, 28]


6
process id 3
stats
5, 15, 7, 100, 1000
20220816-213214
loosing coalitions taken
[1, 5, 6, 13, 23]
[1, 2, 8, 14, 17]
[1, 3, 7, 15, 20]
[2, 3, 7, 8, 10]
[1, 3, 9, 10, 12]
[1, 4, 7, 14, 16]
[1, 3, 8, 11, 16]
[3, 4, 6, 10, 21]
[1, 4, 8, 9, 13]
[1, 2, 7, 12, 26]
[2, 3, 6, 9]
[2, 4, 5, 20, 28]
[1, 2, 10, 11, 13]
[3, 4, 5, 16]
[16, 17, 18, 19, 20, 21, 22, 23, 24, 25, 26, 27, 28]


6
process id 7
stats
5, 15, 7, 100, 1000
20220816-213215
loosing coalitions taken
[1, 3, 7, 11, 23]
[2, 3, 6, 15, 26]
[3, 4, 6, 13, 21]
[2, 3, 7, 8, 9]
[1, 5, 6, 13, 23]
[3, 4, 5, 17, 28]
[2, 3, 5, 25]
[1, 2, 10, 12, 13]
[2, 4, 5, 18]
[1, 4, 7, 9, 16]
[1, 2, 8, 11, 18]
[2, 4, 6, 9, 23]
[1, 3, 8, 10, 19]
[1, 2, 7, 17, 19]
[16, 17, 18, 19, 20, 21, 22, 23, 24, 25, 26, 27, 28]


6
process id 6
stats
5, 15, 7, 100, 1000
20220816-213216
loosing coalitions taken
[2, 4, 5, 20]
[1, 4, 7, 11, 17]
[1, 3, 8, 10, 17]
[1, 5, 6, 9, 25]
[1, 3, 7, 12, 22]
[1, 2, 9, 12, 13]
[1, 2, 8, 11, 19]
[2, 3, 6, 11]
[2, 3, 5, 22, 28]
[3, 4, 6, 13, 19]
[2, 4, 6, 9, 23]
[3, 4, 5, 16]
[1, 4, 8, 9, 15]
[1, 2, 7, 10, 28]
[16, 17, 18, 19, 20, 21, 22, 23, 24, 25, 26, 27, 28]


6
process id 1
stats
5, 15, 7, 100, 1000
20220816-213216
loosing coalitions taken
[1, 4, 8, 10, 15]
[2, 4, 6, 14, 22]
[1, 4, 7, 13, 16]
[1, 3, 7, 14, 22]
[1, 2, 10, 12, 13]
[1, 5, 6, 11, 25]
[3, 4, 6, 13, 21]
[1, 2, 7, 9, 27]
[1, 2, 8, 11, 20]
[2, 3, 6, 10]
[1, 3, 8, 9, 19]
[2, 3, 5, 24]
[2, 4, 5, 20]
[3, 4, 5, 16]
[16, 17, 18, 19, 20, 21, 22, 23, 24, 25, 26, 27, 28]


6
process id 5
stats
5, 15, 7, 100, 1000
20220816-213218
loosing coalitions taken
[2, 3, 6, 14]
[1, 4, 8, 12, 14]
[1, 2, 7, 16, 20]
[3, 4, 5, 19, 26]
[1, 2, 8, 9, 22]
[2, 4, 5, 21, 28]
[1, 3, 7, 9, 24]
[1, 2, 10, 11, 13]
[3, 4, 6, 11, 17]
[2, 3, 5, 23]
[2, 4, 6, 12, 22]
[1, 5, 6, 14, 21]
[1, 4, 7, 10, 18]
[1, 3, 8, 10, 17]
[16, 17, 18, 19, 20, 21, 22, 23, 24, 25, 26, 27, 28]


5
process id 4
stats
5, 15, 7, 100, 1000
20220816-213218
loosing coalitions taken
[1, 5, 6, 11, 24]
[1, 4, 8, 10, 15]
[1, 4, 7, 11, 17]
[1, 3, 7, 9, 24]
[1, 3, 8, 11, 18]
[2, 3, 6, 14]
[2, 4, 5, 18]
[1, 2, 7, 13, 22]
[3, 4, 5, 15]
[3, 4, 6, 11, 20]
[2, 3, 5, 24]
[2, 4, 6, 15, 19]
[1, 2, 8, 14, 17]
[1, 2, 9, 10, 12]
[16, 17, 18, 19, 20, 21, 22, 23, 24, 25, 26, 27, 28]


6
process id 6
stats
5, 15, 7, 100, 1000
20220816-213219
loosing coalitions taken
[1, 2, 8, 11, 21]
[1, 2, 7, 10, 26]
[1, 5, 6, 12, 24]
[1, 3, 8, 15, 16]
[2, 3, 6, 14]
[2, 4, 5, 18]
[1, 4, 8, 10, 14]
[1, 3, 9, 10, 11]
[3, 4, 5, 16]
[2, 3, 5, 25]
[1, 2, 9, 12, 14]
[3, 4, 6, 12, 18]
[1, 3, 7, 14, 20]
[2, 4, 6, 16, 17]
[16, 17, 18, 19, 20, 21, 22, 23, 24, 25, 26, 27, 28]


6
process id 3
stats
5, 15, 7, 100, 1000
20220816-213219
loosing coalitions taken
[2, 3, 6, 15, 27]
[1, 3, 7, 16, 19]
[1, 2, 8, 14, 18]
[1, 4, 7, 8]
[1, 3, 9, 10, 11]
[3, 4, 6, 13, 21]
[1, 2, 10, 12, 13]
[2, 3, 5, 22]
[1, 2, 7, 11, 24]
[1, 5, 6, 16, 18]
[2, 4, 5, 17]
[3, 4, 5, 18, 26]
[2, 4, 6, 9, 24]
[1, 3, 8, 12, 17]
[16, 17, 18, 19, 20, 21, 22, 23, 24, 25, 26, 27, 28]


5
process id 1
stats
5, 15, 7, 100, 1000
20220816-213220
loosing coalitions taken
[1, 4, 7, 10, 18]
[2, 4, 6, 13, 22]
[1, 3, 9, 10, 11]
[1, 2, 7, 13, 23]
[1, 3, 7, 12, 22]
[1, 2, 8, 11, 20]
[3, 4, 5, 16]
[1, 5, 6, 13, 24]
[2, 3, 6, 10]
[2, 4, 5, 20]
[3, 4, 6, 14, 18]
[2, 3, 5, 22]
[1, 4, 8, 13, 14]
[1, 2, 10, 12, 14]
[16, 17, 18, 19, 20, 21, 22, 23, 24, 25, 26, 27, 28]


6
process id 0
stats
5, 15, 7, 100, 1000
20220816-213223
loosing coalitions taken
[1, 5, 6, 10, 26]
[1, 2, 7, 17, 19]
[2, 4, 6, 11, 24]
[2, 4, 5, 21, 25]
[2, 3, 6, 12]
[1, 4, 7, 14, 16]
[1, 3, 8, 11, 17]
[1, 3, 7, 9, 22]
[3, 4, 5, 16]
[1, 2, 10, 12, 14]
[2, 3, 7, 8, 10]
[2, 3, 5, 27, 28]
[3, 4, 6, 14, 18]
[1, 2, 8, 13, 18]
[16, 17, 18, 19, 20, 21, 22, 23, 24, 25, 26, 27, 28]


6
process id 4
stats
5, 15, 7, 100, 1000
20220816-213224
loosing coalitions taken
[1, 3, 8, 11, 19]
[1, 4, 7, 9, 19]
[2, 3, 6, 13]
[1, 5, 6, 10, 26]
[1, 4, 8, 13, 14]
[2, 4, 5, 19]
[1, 3, 7, 15, 20]
[1, 3, 9, 10, 12]
[3, 4, 5, 16]
[3, 4, 6, 14, 17]
[1, 2, 7, 11, 24]
[2, 3, 5, 25]
[2, 4, 6, 15, 18]
[1, 2, 8, 9, 20]
[16, 17, 18, 19, 20, 21, 22, 23, 24, 25, 26, 27, 28]


5
process id 6
stats
5, 15, 7, 100, 1000
20220816-213224
loosing coalitions taken
[1, 5, 6, 11, 25]
[1, 4, 8, 13, 14]
[2, 4, 5, 18]
[1, 3, 7, 15, 20]
[1, 2, 7, 14, 23]
[2, 3, 6, 11]
[1, 4, 7, 10, 19]
[2, 3, 5, 22]
[1, 2, 8, 12, 17]
[3, 4, 6, 14, 19]
[2, 4, 6, 13, 20]
[1, 2, 10, 11, 13]
[3, 4, 5, 17, 25]
[1, 3, 8, 11, 16]
[16, 17, 18, 19, 20, 21, 22, 23, 24, 25, 26, 27, 28]


6
process id 7
stats
5, 15, 7, 100, 1000
20220816-213224
loosing coalitions taken
[1, 5, 6, 15, 21]
[1, 2, 7, 11, 26]
[2, 3, 6, 14]
[1, 3, 8, 15, 16]
[3, 4, 5, 21, 24]
[2, 4, 5, 19]
[1, 2, 8, 12, 20]
[1, 3, 9, 10, 11]
[2, 4, 6, 11, 22]
[1, 3, 7, 13, 22]
[3, 4, 6, 12, 17]
[2, 3, 5, 23]
[1, 4, 7, 9, 19]
[1, 4, 8, 11, 14]
[16, 17, 18, 19, 20, 21, 22, 23, 24, 25, 26, 27, 28]


6
process id 2
stats
5, 15, 7, 100, 1000
20220816-213225
loosing coalitions taken
[1, 5, 6, 12, 24]
[1, 2, 10, 12, 13]
[2, 4, 5, 18]
[3, 4, 6, 14, 20]
[1, 4, 7, 10, 17]
[1, 3, 8, 11, 17]
[1, 2, 7, 15, 20]
[2, 3, 5, 22]
[1, 4, 8, 9, 14]
[3, 4, 5, 16]
[1, 3, 7, 14, 22]
[2, 3, 6, 11]
[2, 4, 6, 9, 24]
[2, 3, 7, 8, 10]
[16, 17, 18, 19, 20, 21, 22, 23, 24, 25, 26, 27, 28]


6
process id 3
stats
5, 15, 7, 100, 1000
20220816-213225
loosing coalitions taken
[2, 4, 6, 15, 20]
[3, 4, 5, 17, 26]
[1, 3, 9, 10, 11]
[1, 4, 8, 13, 14]
[1, 2, 7, 13, 25]
[1, 2, 9, 12, 14]
[1, 5, 6, 10, 24]
[1, 3, 7, 16, 18]
[1, 4, 7, 9, 19]
[1, 2, 8, 10, 21]
[3, 4, 6, 9, 21]
[2, 3, 6, 10]
[2, 4, 5, 18]
[1, 3, 8, 12, 19]
[16, 17, 18, 19, 20, 21, 22, 23, 24, 25, 26, 27, 28]


6
process id 6
stats
5, 15, 7, 100, 1000
20220816-213227
loosing coalitions taken
[2, 3, 6, 16, 22]
[2, 4, 5, 21, 27]
[3, 4, 5, 20, 24]
[1, 2, 9, 11, 14]
[3, 5, 6, 7, 15]
[2, 4, 6, 11, 23]
[1, 5, 6, 16, 17]
[2, 3, 5, 23]
[1, 3, 8, 11, 17]
[3, 4, 6, 14, 19]
[1, 2, 7, 13, 25]
[1, 4, 7, 10, 17]
[1, 2, 8, 10, 20]
[1, 4, 8, 9, 12]
[16, 17, 18, 19, 20, 21, 22, 23, 24, 25, 26, 27, 28]


6
process id 1
stats
5, 15, 7, 100, 1000
20220816-213227
loosing coalitions taken
[1, 3, 8, 11, 17]
[1, 2, 10, 11, 13]
[2, 4, 5, 19]
[1, 4, 8, 9, 15]
[1, 2, 7, 9]
[2, 3, 6, 13]
[2, 4, 6, 15, 21]
[3, 4, 5, 17, 23]
[1, 3, 7, 14, 22]
[1, 4, 7, 10, 19]
[3, 4, 6, 11, 18]
[1, 2, 8, 14, 20]
[2, 3, 5, 25]
[1, 5, 6, 9, 23]
[16, 17, 18, 19, 20, 21, 22, 23, 24, 25, 26, 27, 28]


6
process id 3
stats
5, 15, 7, 100, 1000
20220816-213230
loosing coalitions taken
[2, 4, 5, 21, 27]
[1, 3, 8, 15, 16]
[1, 2, 7, 9]
[1, 5, 6, 13, 22]
[1, 4, 8, 13, 14]
[2, 3, 5, 25]
[2, 4, 6, 16, 19]
[2, 3, 6, 11]
[3, 4, 5, 16, 26]
[1, 4, 7, 11, 17]
[3, 4, 6, 13, 21]
[1, 2, 10, 11, 14]
[1, 2, 8, 12, 21]
[1, 3, 7, 14, 19]
[16, 17, 18, 19, 20, 21, 22, 23, 24, 25, 26, 27, 28]


5
process id 0
stats
5, 15, 7, 100, 1000
20220816-213231
loosing coalitions taken
[1, 3, 7, 13, 22]
[1, 4, 8, 10, 15]
[2, 3, 5, 25]
[3, 4, 6, 14, 20]
[1, 2, 10, 11, 14]
[2, 4, 6, 15, 21]
[1, 2, 7, 9]
[2, 4, 5, 17]
[1, 3, 8, 14, 16]
[1, 2, 8, 12, 20]
[3, 4, 5, 15]
[2, 3, 6, 12]
[1, 3, 9, 10, 12]
[2, 3, 7, 8, 10]
[16, 17, 18, 19, 20, 21, 22, 23, 24, 25, 26, 27, 28]


6
process id 7
stats
5, 15, 7, 100, 1000
20220816-213231
loosing coalitions taken
[1, 4, 8, 9, 15]
[1, 3, 7, 15, 21]
[2, 4, 5, 20]
[3, 4, 6, 13, 17]
[2, 3, 6, 12]
[1, 4, 7, 12, 16]
[1, 2, 9, 10, 13]
[1, 3, 8, 11, 16]
[3, 4, 5, 16]
[3, 5, 6, 7, 14]
[1, 2, 8, 12, 19]
[2, 4, 6, 11, 24]
[2, 3, 5, 23, 28]
[1, 5, 6, 9, 22]
[16, 17, 18, 19, 20, 21, 22, 23, 24, 25, 26, 27, 28]


6
process id 5
stats
5, 15, 7, 100, 1000
20220816-213233
loosing coalitions taken
[1, 2, 8, 9, 22]
[1, 5, 6, 10, 25]
[2, 4, 5, 21, 25]
[2, 3, 6, 16, 23]
[3, 4, 6, 12, 21]
[2, 4, 6, 10, 22]
[3, 4, 5, 17, 26]
[1, 4, 7, 9, 19]
[1, 2, 7, 11, 24]
[2, 3, 5, 22]
[1, 3, 8, 14, 16]
[1, 4, 8, 12, 13]
[1, 3, 7, 12, 20]
[1, 3, 9, 10, 11]
[16, 17, 18, 19, 20, 21, 22, 23, 24, 25, 26, 27, 28]


6
process id 3
stats
5, 15, 7, 100, 1000
20220816-213234
loosing coalitions taken
[1, 2, 10, 11, 13]
[1, 4, 8, 13, 14]
[1, 3, 8, 11, 17]
[2, 3, 6, 14]
[1, 3, 7, 9, 23]
[1, 2, 8, 12, 21]
[2, 4, 5, 17]
[3, 4, 6, 10, 20]
[3, 4, 5, 16]
[2, 4, 6, 12, 23]
[2, 3, 5, 25]
[1, 5, 6, 9, 25]
[1, 4, 7, 12, 16]
[1, 2, 7, 15, 22]
[16, 17, 18, 19, 20, 21, 22, 23, 24, 25, 26, 27, 28]


5
process id 4
stats
5, 15, 7, 100, 1000
20220816-213234
loosing coalitions taken
[1, 3, 7, 9, 23]
[2, 4, 5, 20]
[2, 3, 6, 13]
[1, 2, 8, 10, 21]
[1, 4, 7, 10, 17]
[1, 5, 6, 12, 23]
[1, 4, 8, 11, 14]
[2, 3, 5, 23]
[1, 2, 7, 16, 20]
[3, 4, 5, 16]
[3, 4, 6, 11, 19]
[1, 3, 8, 12, 17]
[2, 4, 6, 12, 21]
[1, 2, 9, 11, 13]
[16, 17, 18, 19, 20, 21, 22, 23, 24, 25, 26, 27, 28]


5
process id 5
stats
5, 15, 7, 100, 1000
20220816-213235
loosing coalitions taken
[2, 3, 6, 15, 27]
[2, 4, 5, 22, 24]
[1, 5, 6, 15, 21]
[3, 4, 6, 14, 18]
[2, 4, 6, 13, 21]
[1, 4, 8, 10, 15]
[1, 2, 10, 12, 13]
[1, 3, 9, 10, 11]
[1, 3, 8, 12, 18]
[1, 4, 7, 11, 16]
[1, 2, 8, 14, 19]
[3, 4, 5, 16]
[1, 3, 7, 14, 21]
[1, 2, 7, 9]
[16, 17, 18, 19, 20, 21, 22, 23, 24, 25, 26, 27, 28]


6
process id 0
stats
5, 15, 7, 100, 1000
20220816-213235
loosing coalitions taken
[1, 4, 7, 9, 19]
[1, 2, 9, 12, 14]
[1, 3, 8, 10, 18]
[3, 4, 5, 16]
[1, 4, 8, 12, 13]
[1, 3, 7, 12, 22]
[1, 2, 7, 16, 18]
[2, 3, 6, 11]
[2, 3, 5, 25, 28]
[2, 4, 6, 15, 21]
[2, 4, 5, 19]
[3, 4, 6, 12, 20]
[1, 5, 6, 13, 24]
[1, 2, 8, 11, 21]
[16, 17, 18, 19, 20, 21, 22, 23, 24, 25, 26, 27, 28]


6
process id 7
stats
5, 15, 7, 100, 1000
20220816-213235
loosing coalitions taken
[1, 2, 7, 11, 27]
[1, 2, 8, 13, 20]
[1, 4, 8, 10, 15]
[1, 3, 8, 12, 19]
[1, 3, 7, 15, 20]
[2, 4, 6, 9, 23]
[3, 4, 5, 16]
[1, 2, 9, 10, 14]
[2, 3, 5, 24]
[2, 3, 6, 13]
[1, 5, 6, 11, 23]
[2, 4, 5, 19]
[3, 4, 6, 12, 18]
[1, 4, 7, 14, 16]
[16, 17, 18, 19, 20, 21, 22, 23, 24, 25, 26, 27, 28]


6
process id 3
stats
5, 15, 7, 100, 1000
20220816-213236
loosing coalitions taken
[2, 3, 5, 25]
[1, 2, 7, 9]
[1, 3, 8, 12, 18]
[1, 4, 8, 10, 15]
[1, 5, 6, 11, 22]
[1, 3, 7, 13, 22]
[3, 4, 5, 17, 23]
[3, 4, 6, 10, 21]
[2, 3, 6, 12]
[2, 4, 5, 19, 28]
[1, 2, 10, 11, 12]
[2, 4, 6, 16, 18]
[1, 4, 7, 14, 16]
[1, 2, 8, 14, 20]
[16, 17, 18, 19, 20, 21, 22, 23, 24, 25, 26, 27, 28]


6
process id 5
stats
5, 15, 7, 100, 1000
20220816-213238
loosing coalitions taken
[1, 5, 6, 12, 23]
[2, 4, 5, 20]
[1, 2, 7, 9]
[2, 3, 5, 24]
[1, 2, 8, 10, 21]
[2, 3, 6, 14]
[3, 4, 5, 16]
[1, 3, 8, 14, 16]
[2, 4, 6, 9, 24]
[1, 3, 7, 15, 21]
[3, 4, 6, 11, 20]
[1, 4, 7, 10, 17]
[1, 4, 8, 9, 11]
[1, 3, 9, 10, 12]
[16, 17, 18, 19, 20, 21, 22, 23, 24, 25, 26, 27, 28]


6
process id 7
stats
5, 15, 7, 100, 1000
20220816-213239
loosing coalitions taken
[1, 4, 7, 11, 17]
[1, 3, 9, 10, 11]
[1, 2, 7, 9, 28]
[1, 2, 8, 11, 21]
[1, 3, 8, 12, 19]
[1, 4, 8, 13, 14]
[2, 4, 6, 16, 18]
[3, 4, 6, 9, 22]
[1, 5, 6, 12, 22]
[1, 2, 10, 12, 13]
[2, 3, 6, 12]
[1, 3, 7, 14, 22]
[2, 4, 5, 20, 25]
[3, 4, 5, 17, 27]
[16, 17, 18, 19, 20, 21, 22, 23, 24, 25, 26, 27, 28]


