Results
15
0.64
0.632

6
process id 3
stats
5, 15, 7, 100, 1000
20220816-204910
loosing coalitions taken
[3, 4, 5, 19, 24]
[2, 3, 6, 10]
[1, 5, 6, 9, 23]
[1, 4, 6, 27]
[1, 2, 7, 15, 17]
[1, 3, 7, 11, 20]
[2, 3, 5, 23, 26]
[2, 4, 5, 18]
[1, 2, 9, 12, 14]
[3, 4, 6, 8]
[1, 3, 8, 12, 15]
[1, 2, 8, 11, 19]
[1, 3, 6, 24]
[1, 4, 7, 8, 22]
[16, 17, 18, 19, 20, 21, 22, 23, 24, 25, 26, 27, 28]


6
process id 1
stats
5, 15, 7, 100, 1000
20220816-204912
loosing coalitions taken
[2, 4, 6, 16, 18]
[2, 3, 6, 13, 23]
[1, 3, 8, 9, 14]
[1, 4, 7, 8]
[1, 5, 6, 12, 24]
[3, 4, 5, 9, 24]
[2, 4, 5, 14, 26]
[2, 3, 5, 25]
[1, 2, 8, 15, 16]
[3, 4, 6, 11, 17]
[1, 2, 7, 9]
[1, 4, 6, 26]
[1, 3, 6, 28]
[1, 2, 10, 11, 14]
[16, 17, 18, 19, 20, 21, 22, 23, 24, 25, 26, 27, 28]


5
process id 3
stats
5, 15, 7, 100, 1000
20220816-204914
loosing coalitions taken
[1, 2, 9, 10, 14]
[1, 4, 7, 8, 25]
[2, 3, 6, 12]
[1, 2, 7, 13, 22]
[1, 5, 6, 15, 21]
[1, 3, 7, 11, 21]
[1, 2, 8, 11, 15]
[1, 3, 8, 10, 16]
[2, 4, 5, 10]
[2, 3, 5, 16]
[3, 4, 5, 14, 24]
[1, 3, 6, 27]
[2, 4, 6, 15, 20]
[1, 4, 6, 26]
[16, 17, 18, 19, 20, 21, 22, 23, 24, 25, 26, 27, 28]


5
process id 7
stats
5, 15, 7, 100, 1000
20220816-204928
loosing coalitions taken
[3, 4, 6, 13, 20]
[1, 5, 6, 9, 26]
[2, 3, 7, 8, 10]
[1, 4, 7, 13, 15]
[1, 2, 8, 14, 19]
[1, 3, 7, 11, 22]
[1, 3, 8, 9, 18]
[1, 2, 7, 9, 28]
[2, 3, 5, 20]
[1, 4, 6, 25, 27]
[2, 4, 6, 16, 19]
[1, 3, 6, 28]
[1, 4, 8, 11, 12]
[1, 2, 10, 11, 13]
[16, 17, 18, 19, 20, 21, 22, 23, 24, 25, 26, 27, 28]


6
process id 5
stats
5, 15, 7, 100, 1000
20220816-204931
loosing coalitions taken
[1, 4, 8, 9, 13]
[1, 4, 7, 14, 15]
[1, 2, 7, 9, 28]
[2, 3, 6, 12]
[1, 2, 10, 11, 13]
[1, 4, 6, 28]
[2, 4, 5, 16, 23]
[3, 4, 6, 8]
[1, 3, 7, 10, 19]
[1, 5, 6, 11, 20]
[3, 4, 5, 21, 22]
[1, 3, 8, 11, 16]
[2, 4, 6, 15, 18]
[2, 3, 5, 25, 26]
[16, 17, 18, 19, 20, 21, 22, 23, 24, 25, 26, 27, 28]


5
process id 6
stats
5, 15, 7, 100, 1000
20220816-204954
loosing coalitions taken
[1, 3, 9, 10, 11]
[1, 2, 7, 13, 23]
[1, 2, 8, 10, 18]
[3, 4, 5, 16, 27]
[2, 4, 5, 19, 26]
[1, 3, 7, 14, 18]
[2, 3, 6, 11, 27]
[1, 4, 7, 10, 17]
[2, 4, 6, 12, 22]
[1, 4, 8, 11, 13]
[1, 5, 6, 9, 22]
[1, 2, 6, 28]
[2, 3, 5, 14]
[3, 4, 6, 13, 18]
[16, 17, 18, 19, 20, 21, 22, 23, 24, 25, 26, 27, 28]


6
process id 0
stats
5, 15, 7, 100, 1000
20220816-205008
loosing coalitions taken
[1, 4, 7, 10, 15]
[1, 2, 7, 11, 22]
[1, 2, 8, 12, 18]
[1, 3, 7, 12, 20]
[2, 4, 6, 14, 18]
[2, 3, 6, 10]
[2, 4, 5, 21, 27]
[3, 4, 5, 16]
[1, 3, 8, 14, 15]
[1, 4, 6, 22]
[2, 3, 5, 20]
[1, 3, 6, 24]
[1, 4, 8, 9, 13]
[1, 5, 6, 11, 21]
[16, 17, 18, 19, 20, 21, 22, 23, 24, 25, 26, 27, 28]


5
process id 5
stats
5, 15, 7, 100, 1000
20220816-205011
loosing coalitions taken
[1, 5, 6, 9, 25]
[1, 3, 8, 13, 16]
[1, 2, 9, 11, 12]
[1, 3, 7, 10, 22]
[1, 2, 7, 16, 21]
[2, 3, 6, 9]
[1, 4, 7, 8, 24]
[3, 4, 5, 10]
[1, 2, 8, 15, 17]
[3, 4, 6, 8, 26]
[2, 4, 6, 14, 19]
[2, 3, 5, 23, 24]
[2, 4, 5, 13]
[1, 4, 6, 21]
[16, 17, 18, 19, 20, 21, 22, 23, 24, 25, 26, 27, 28]


5
process id 3
stats
5, 15, 7, 100, 1000
20220816-205015
loosing coalitions taken
[3, 4, 6, 10, 21]
[1, 3, 7, 11, 23]
[2, 4, 5, 20]
[1, 2, 9, 10, 14]
[1, 5, 6, 16, 17]
[1, 2, 7, 17, 18]
[1, 3, 8, 9, 16]
[1, 2, 8, 13, 19]
[3, 4, 5, 11]
[2, 3, 6, 9, 20]
[1, 4, 6, 26]
[1, 4, 7, 9, 13]
[1, 4, 8, 10, 11]
[2, 3, 5, 17]
[16, 17, 18, 19, 20, 21, 22, 23, 24, 25, 26, 27, 28]


6
process id 5
stats
5, 15, 7, 100, 1000
20220816-205032
loosing coalitions taken
[1, 2, 7, 11, 24]
[1, 3, 8, 11, 18]
[1, 5, 6, 9, 23]
[1, 3, 7, 16, 19]
[1, 2, 8, 14, 17]
[2, 3, 7, 8, 9]
[2, 3, 6, 13]
[1, 4, 7, 9, 17]
[1, 4, 6, 28]
[2, 3, 5, 15, 26]
[3, 4, 5, 21, 23]
[2, 4, 5, 19]
[2, 4, 6, 15, 17]
[3, 4, 6, 8]
[16, 17, 18, 19, 20, 21, 22, 23, 24, 25, 26, 27, 28]


5
process id 6
stats
5, 15, 7, 100, 1000
20220816-205038
loosing coalitions taken
[1, 4, 8, 12, 13]
[1, 3, 7, 12, 19]
[3, 4, 6, 9, 20]
[1, 4, 7, 9, 15]
[1, 2, 9, 12, 14]
[2, 4, 6, 10, 22]
[1, 2, 8, 11, 21]
[1, 3, 9, 10, 11]
[1, 2, 7, 16, 20]
[2, 3, 6, 13]
[1, 5, 6, 11, 22]
[2, 4, 5, 14, 26]
[1, 4, 6, 21]
[3, 4, 5, 12]
[16, 17, 18, 19, 20, 21, 22, 23, 24, 25, 26, 27, 28]


5
process id 1
stats
5, 15, 7, 100, 1000
20220816-205105
loosing coalitions taken
[3, 4, 5, 12]
[2, 3, 6, 13]
[1, 3, 8, 9, 18]
[1, 5, 6, 11, 22]
[1, 4, 6, 24]
[1, 2, 7, 9, 23]
[2, 4, 5, 18]
[1, 3, 6, 26]
[2, 4, 6, 16, 17]
[1, 3, 7, 11, 17]
[2, 3, 5, 19]
[1, 2, 8, 13, 16]
[1, 4, 7, 10, 15]
[3, 4, 6, 9, 21]
[16, 17, 18, 19, 20, 21, 22, 23, 24, 25, 26, 27, 28]


5
process id 6
stats
5, 15, 7, 100, 1000
20220816-205109
loosing coalitions taken
[2, 4, 5, 18]
[1, 2, 10, 11, 13]
[2, 3, 6, 11]
[1, 2, 7, 8]
[1, 4, 6, 23]
[1, 4, 8, 9, 14]
[1, 2, 6, 26]
[2, 4, 6, 15, 17]
[2, 3, 5, 21]
[1, 4, 7, 10, 19]
[1, 5, 6, 9, 25]
[1, 3, 8, 10, 16]
[3, 4, 5, 9]
[1, 3, 7, 14, 21]
[16, 17, 18, 19, 20, 21, 22, 23, 24, 25, 26, 27, 28]


5
process id 7
stats
5, 15, 7, 100, 1000
20220816-205143
loosing coalitions taken
[1, 5, 6, 10, 23]
[1, 3, 8, 9, 19]
[1, 2, 8, 14, 20]
[1, 2, 9, 10, 12]
[2, 4, 6, 12, 21]
[1, 2, 7, 11, 21]
[1, 4, 7, 8, 23]
[2, 3, 6, 9, 25]
[1, 3, 6, 27]
[3, 4, 5, 12, 26]
[2, 3, 5, 19, 28]
[2, 4, 5, 20]
[1, 4, 6, 28]
[1, 3, 7, 13, 18]
[16, 17, 18, 19, 20, 21, 22, 23, 24, 25, 26, 27, 28]


5
process id 1
stats
5, 15, 7, 100, 1000
20220816-205148
loosing coalitions taken
[3, 4, 5, 15]
[1, 3, 7, 11, 20]
[1, 4, 7, 10, 16]
[2, 4, 6, 12, 17]
[1, 2, 10, 12, 14]
[2, 3, 6, 13]
[1, 5, 6, 11, 22]
[1, 4, 6, 23]
[2, 3, 5, 22]
[2, 4, 5, 16]
[1, 2, 7, 15, 17]
[1, 3, 6, 25]
[1, 2, 8, 9, 16]
[1, 4, 8, 12, 13]
[16, 17, 18, 19, 20, 21, 22, 23, 24, 25, 26, 27, 28]


5
process id 7
stats
5, 15, 7, 100, 1000
20220816-205148
loosing coalitions taken
[1, 2, 8, 14, 16]
[1, 2, 7, 15, 17]
[1, 2, 9, 12, 13]
[1, 5, 6, 15, 18]
[1, 4, 7, 13, 14]
[1, 4, 6, 26]
[2, 3, 6, 11]
[1, 3, 8, 13, 15]
[1, 3, 7, 12, 16]
[2, 3, 5, 20, 27]
[2, 4, 5, 11]
[3, 4, 5, 14]
[1, 3, 6, 22]
[2, 4, 6, 12, 19]
[16, 17, 18, 19, 20, 21, 22, 23, 24, 25, 26, 27, 28]


