Results
15
0.64
0.633

6
process id 5
stats
5, 15, 7, 100, 1000
20220816-205218
loosing coalitions taken
[1, 2, 8, 10, 15]
[2, 4, 6, 8]
[1, 2, 7, 9]
[1, 3, 8, 12, 13]
[2, 3, 5, 18]
[3, 4, 5, 11]
[2, 3, 6, 14, 28]
[3, 4, 6, 12, 21]
[1, 4, 6, 23]
[2, 4, 5, 17, 27]
[1, 4, 7, 13, 16]
[1, 4, 8, 11, 14]
[1, 5, 6, 12, 24]
[2, 5, 6, 7, 16]
[16, 17, 18, 19, 20, 21, 22, 23, 24, 25, 26, 27, 28]


6
process id 3
stats
5, 15, 7, 100, 1000
20220816-205218
loosing coalitions taken
[2, 4, 5, 18]
[2, 3, 7, 8, 9]
[1, 4, 8, 9, 13]
[1, 2, 8, 11, 20]
[1, 4, 7, 10, 17]
[1, 3, 7, 15, 18]
[1, 5, 6, 14, 21]
[1, 3, 9, 10, 11]
[1, 2, 7, 13, 16]
[2, 4, 6, 8]
[2, 3, 5, 20, 27]
[3, 4, 5, 16]
[1, 4, 6, 18]
[1, 3, 6, 26]
[16, 17, 18, 19, 20, 21, 22, 23, 24, 25, 26, 27, 28]


6
process id 4
stats
5, 15, 7, 100, 1000
20220816-205234
loosing coalitions taken
[3, 4, 5, 16, 26]
[2, 4, 5, 22, 24]
[1, 3, 7, 13, 22]
[1, 4, 7, 9, 19]
[2, 3, 6, 14]
[1, 2, 8, 11, 16]
[1, 3, 8, 9, 18]
[1, 2, 7, 15, 20]
[1, 2, 10, 12, 13]
[1, 4, 6, 24, 26]
[1, 5, 6, 16, 19]
[2, 3, 5, 17]
[3, 4, 6, 8]
[1, 3, 6, 23]
[16, 17, 18, 19, 20, 21, 22, 23, 24, 25, 26, 27, 28]


6
process id 4
stats
5, 15, 7, 100, 1000
20220816-205240
loosing coalitions taken
[1, 4, 7, 8, 27]
[2, 4, 5, 18]
[1, 3, 7, 10, 22]
[1, 5, 6, 16, 20]
[1, 2, 8, 12, 19]
[1, 2, 9, 10, 13]
[1, 3, 8, 14, 16]
[1, 3, 6, 25]
[2, 3, 6, 10, 23]
[3, 4, 6, 9, 21]
[2, 3, 5, 16, 28]
[1, 4, 6, 26]
[1, 2, 7, 11, 16]
[3, 4, 5, 12]
[16, 17, 18, 19, 20, 21, 22, 23, 24, 25, 26, 27, 28]


6
process id 0
stats
5, 15, 7, 100, 1000
20220816-205244
loosing coalitions taken
[2, 4, 6, 9, 24]
[3, 4, 6, 13, 16]
[1, 2, 8, 11, 20]
[3, 4, 5, 15]
[1, 4, 6, 28]
[1, 3, 7, 16, 18]
[2, 3, 6, 10]
[1, 3, 8, 9, 13]
[2, 4, 5, 20]
[1, 5, 6, 11, 23]
[1, 3, 6, 27]
[2, 3, 5, 23]
[1, 2, 7, 12, 26]
[1, 4, 7, 10, 15]
[16, 17, 18, 19, 20, 21, 22, 23, 24, 25, 26, 27, 28]


6
process id 3
stats
5, 15, 7, 100, 1000
20220816-205246
loosing coalitions taken
[2, 3, 6, 13]
[1, 5, 6, 10, 25]
[1, 4, 6, 27]
[2, 4, 5, 19, 28]
[3, 4, 5, 18, 24]
[1, 2, 8, 9, 18]
[2, 3, 5, 20]
[1, 3, 8, 14, 16]
[1, 4, 7, 8]
[2, 4, 6, 8]
[1, 2, 7, 16, 17]
[1, 3, 7, 12, 13]
[1, 2, 10, 11, 13]
[1, 3, 6, 24]
[16, 17, 18, 19, 20, 21, 22, 23, 24, 25, 26, 27, 28]


6
process id 4
stats
5, 15, 7, 100, 1000
20220816-205306
loosing coalitions taken
[1, 4, 6, 28]
[1, 3, 8, 10, 16]
[2, 3, 6, 9]
[1, 3, 7, 11, 21]
[1, 2, 8, 11, 15]
[3, 4, 5, 16, 27]
[1, 2, 7, 14, 19]
[2, 4, 6, 10, 24]
[2, 4, 5, 12]
[1, 4, 7, 9, 12]
[2, 3, 5, 18]
[3, 4, 6, 8]
[1, 5, 6, 13, 23]
[1, 3, 6, 26]
[16, 17, 18, 19, 20, 21, 22, 23, 24, 25, 26, 27, 28]


6
process id 4
stats
5, 15, 7, 100, 1000
20220816-205320
loosing coalitions taken
[1, 2, 8, 13, 20]
[1, 5, 6, 10, 22]
[1, 3, 8, 11, 18]
[1, 2, 7, 9]
[2, 3, 6, 14]
[2, 4, 5, 16, 28]
[2, 3, 5, 19, 25]
[1, 4, 6, 27]
[3, 4, 5, 15, 26]
[1, 4, 8, 9, 14]
[2, 4, 6, 15, 20]
[3, 4, 6, 12, 16]
[1, 3, 6, 26]
[1, 4, 7, 12, 13]
[16, 17, 18, 19, 20, 21, 22, 23, 24, 25, 26, 27, 28]


5
process id 1
stats
5, 15, 7, 100, 1000
20220816-205321
loosing coalitions taken
[1, 5, 6, 11, 24]
[1, 4, 8, 12, 13]
[2, 3, 6, 10]
[1, 2, 7, 16, 20]
[1, 2, 9, 11, 13]
[3, 4, 5, 17, 22]
[1, 3, 8, 15, 16]
[2, 4, 5, 16]
[1, 2, 8, 14, 19]
[1, 4, 6, 27]
[2, 3, 5, 19]
[2, 4, 6, 8, 26]
[1, 3, 7, 9, 14]
[1, 3, 6, 23]
[16, 17, 18, 19, 20, 21, 22, 23, 24, 25, 26, 27, 28]


5
process id 2
stats
5, 15, 7, 100, 1000
20220816-205321
loosing coalitions taken
[1, 3, 8, 9, 18]
[2, 4, 6, 9, 25]
[1, 4, 8, 12, 13]
[2, 4, 5, 17]
[1, 3, 7, 15, 17]
[1, 2, 7, 13, 24]
[2, 3, 6, 16, 20]
[1, 2, 9, 11, 12]
[3, 4, 5, 14]
[1, 4, 6, 26]
[1, 5, 6, 7]
[2, 3, 5, 19]
[1, 2, 8, 10, 21]
[1, 3, 6, 27]
[16, 17, 18, 19, 20, 21, 22, 23, 24, 25, 26, 27, 28]


5
process id 0
stats
5, 15, 7, 100, 1000
20220816-205323
loosing coalitions taken
[1, 3, 8, 12, 18]
[2, 3, 6, 17, 19]
[1, 2, 9, 11, 12]
[1, 3, 7, 9, 23]
[1, 4, 7, 10, 18]
[1, 5, 6, 11, 22]
[1, 4, 6, 28]
[2, 4, 5, 16, 19]
[2, 3, 5, 18]
[2, 4, 6, 9, 21]
[3, 4, 5, 14, 28]
[1, 4, 8, 9, 15]
[1, 2, 6, 27]
[1, 2, 8, 13, 19]
[16, 17, 18, 19, 20, 21, 22, 23, 24, 25, 26, 27, 28]


5
process id 1
stats
5, 15, 7, 100, 1000
20220816-205335
loosing coalitions taken
[1, 2, 7, 10, 28]
[3, 4, 5, 19, 23]
[1, 3, 8, 14, 15]
[2, 3, 6, 11]
[1, 3, 7, 16, 18]
[1, 3, 9, 10, 12]
[1, 2, 8, 12, 21]
[1, 4, 7, 8]
[2, 4, 6, 13, 19]
[1, 5, 6, 10, 21]
[2, 4, 5, 16, 27]
[3, 4, 6, 7]
[1, 4, 6, 22]
[2, 3, 5, 24, 25]
[16, 17, 18, 19, 20, 21, 22, 23, 24, 25, 26, 27, 28]


5
process id 2
stats
5, 15, 7, 100, 1000
20220816-205338
loosing coalitions taken
[1, 2, 7, 10, 28]
[1, 4, 8, 13, 14]
[1, 3, 8, 15, 16]
[1, 2, 9, 12, 13]
[2, 3, 6, 10]
[1, 4, 6, 27, 28]
[1, 5, 6, 13, 20]
[2, 4, 5, 17, 23]
[1, 2, 8, 11, 18]
[1, 4, 7, 12, 15]
[3, 4, 5, 11, 22]
[2, 3, 5, 20]
[2, 4, 6, 8]
[3, 4, 6, 7]
[16, 17, 18, 19, 20, 21, 22, 23, 24, 25, 26, 27, 28]


5
process id 6
stats
5, 15, 7, 100, 1000
20220816-205354
loosing coalitions taken
[1, 2, 10, 12, 14]
[1, 3, 9, 10, 11]
[2, 4, 6, 15, 20]
[1, 3, 7, 15, 21]
[1, 2, 8, 13, 18]
[1, 2, 7, 9]
[2, 4, 5, 11]
[1, 3, 6, 27]
[1, 5, 6, 8, 23]
[2, 3, 6, 10]
[2, 3, 5, 25]
[1, 4, 7, 8, 17]
[1, 4, 6, 22]
[3, 4, 5, 16, 24]
[16, 17, 18, 19, 20, 21, 22, 23, 24, 25, 26, 27, 28]


5
process id 3
stats
5, 15, 7, 100, 1000
20220816-205409
loosing coalitions taken
[3, 4, 6, 11, 19]
[1, 3, 8, 9, 18]
[1, 4, 7, 12, 15]
[1, 2, 7, 16, 18]
[1, 4, 8, 10, 14]
[1, 3, 7, 14, 19]
[1, 2, 9, 10, 11]
[1, 2, 8, 13, 20]
[1, 4, 6, 24, 27]
[1, 5, 6, 12, 21]
[2, 3, 6, 13, 22]
[2, 3, 5, 18, 28]
[3, 4, 5, 20, 22]
[2, 4, 6, 8, 25]
[16, 17, 18, 19, 20, 21, 22, 23, 24, 25, 26, 27, 28]


5
process id 6
stats
5, 15, 7, 100, 1000
20220816-205429
loosing coalitions taken
[2, 4, 6, 14, 21]
[1, 2, 7, 14, 24]
[2, 4, 5, 20]
[1, 3, 8, 10, 16]
[1, 3, 7, 11, 23]
[2, 3, 6, 12]
[1, 2, 8, 13, 18]
[1, 4, 8, 9, 11]
[1, 4, 6, 24, 27]
[2, 3, 5, 23]
[1, 4, 7, 10, 12]
[1, 2, 6, 26]
[3, 4, 5, 11]
[1, 5, 6, 12, 23]
[16, 17, 18, 19, 20, 21, 22, 23, 24, 25, 26, 27, 28]


6
process id 1
stats
5, 15, 7, 100, 1000
20220816-205431
loosing coalitions taken
[1, 2, 8, 14, 17]
[2, 3, 6, 14]
[2, 4, 5, 16]
[1, 2, 10, 12, 13]
[2, 4, 6, 8]
[1, 4, 6, 24, 28]
[3, 4, 5, 9]
[2, 3, 5, 23]
[1, 3, 7, 9, 23]
[1, 4, 7, 11, 15]
[1, 2, 7, 16, 21]
[1, 3, 6, 27]
[1, 3, 8, 11, 19]
[1, 5, 6, 10, 23]
[16, 17, 18, 19, 20, 21, 22, 23, 24, 25, 26, 27, 28]


5
process id 1
stats
5, 15, 7, 100, 1000
20220816-205439
loosing coalitions taken
[1, 2, 10, 12, 13]
[1, 3, 7, 12, 22]
[2, 4, 5, 19]
[2, 3, 6, 14]
[1, 3, 8, 11, 18]
[1, 4, 6, 22]
[1, 2, 8, 9, 14]
[3, 4, 5, 11]
[2, 3, 5, 25]
[1, 3, 6, 28]
[1, 2, 7, 11, 20]
[1, 4, 7, 8]
[1, 5, 6, 13, 21]
[3, 4, 6, 8]
[16, 17, 18, 19, 20, 21, 22, 23, 24, 25, 26, 27, 28]


6
process id 4
stats
5, 15, 7, 100, 1000
20220816-205443
loosing coalitions taken
[2, 4, 6, 10, 24]
[2, 3, 5, 16]
[1, 2, 9, 11, 14]
[1, 3, 8, 10, 18]
[1, 4, 7, 11, 12]
[1, 4, 6, 27]
[1, 3, 7, 9, 23]
[1, 2, 7, 15, 18]
[1, 5, 6, 13, 24]
[2, 4, 5, 13]
[3, 4, 6, 14, 19]
[2, 3, 6, 13]
[3, 4, 5, 17, 27]
[1, 3, 6, 26]
[16, 17, 18, 19, 20, 21, 22, 23, 24, 25, 26, 27, 28]


6
process id 6
stats
5, 15, 7, 100, 1000
20220816-205443
loosing coalitions taken
[2, 3, 5, 25]
[1, 3, 8, 10, 16]
[1, 5, 6, 15, 18]
[2, 4, 6, 15, 21]
[1, 2, 7, 15, 22]
[1, 4, 7, 10, 18]
[1, 2, 8, 11, 17]
[1, 3, 7, 12, 21]
[2, 4, 5, 16, 28]
[3, 4, 5, 19, 22]
[3, 4, 6, 8]
[1, 4, 6, 26]
[2, 3, 6, 10]
[1, 4, 8, 13, 14]
[16, 17, 18, 19, 20, 21, 22, 23, 24, 25, 26, 27, 28]


5
process id 3
stats
5, 15, 7, 100, 1000
20220816-205448
loosing coalitions taken
[1, 2, 7, 15, 17]
[1, 2, 8, 13, 19]
[1, 2, 9, 10, 14]
[1, 3, 8, 14, 16]
[1, 4, 7, 8, 22]
[2, 3, 5, 24]
[1, 3, 7, 9, 21]
[1, 3, 6, 27]
[1, 5, 6, 12, 24]
[2, 3, 6, 13]
[2, 4, 5, 12]
[3, 4, 6, 12, 21]
[2, 4, 6, 8, 25]
[3, 4, 5, 11]
[16, 17, 18, 19, 20, 21, 22, 23, 24, 25, 26, 27, 28]


5
process id 3
stats
5, 15, 7, 100, 1000
20220816-205506
loosing coalitions taken
[2, 4, 5, 16]
[1, 2, 9, 10, 14]
[3, 4, 6, 10, 21]
[1, 2, 7, 13, 22]
[1, 4, 7, 12, 14]
[1, 3, 7, 11, 23]
[1, 5, 6, 14, 21]
[2, 3, 7, 8, 10]
[2, 3, 6, 9]
[2, 4, 6, 8, 27]
[1, 2, 8, 11, 20]
[3, 4, 5, 15, 23]
[1, 3, 8, 9, 19]
[2, 3, 5, 24]
[16, 17, 18, 19, 20, 21, 22, 23, 24, 25, 26, 27, 28]


5
process id 1
stats
5, 15, 7, 100, 1000
20220816-205508
loosing coalitions taken
[1, 5, 6, 15, 19]
[1, 4, 7, 8]
[2, 3, 6, 17, 18]
[2, 4, 6, 13, 22]
[3, 4, 5, 15]
[1, 4, 6, 25]
[1, 2, 8, 14, 20]
[2, 3, 5, 24]
[1, 3, 6, 27]
[1, 3, 7, 13, 16]
[1, 2, 7, 11, 25]
[2, 4, 5, 18]
[3, 4, 6, 8]
[1, 3, 9, 10, 11]
[16, 17, 18, 19, 20, 21, 22, 23, 24, 25, 26, 27, 28]


