Results
15
0.64
0.639

6
process id 1
stats
5, 15, 7, 100, 1000
20220816-211052
loosing coalitions taken
[1, 4, 7, 12, 16]
[1, 2, 8, 14, 17]
[1, 3, 9, 10, 11]
[1, 2, 9, 12, 13]
[1, 3, 8, 12, 18]
[1, 5, 6, 16, 20]
[1, 4, 6, 24]
[1, 3, 7, 15, 19]
[2, 3, 6, 10]
[1, 2, 7, 11, 26]
[2, 4, 5, 20]
[2, 3, 5, 17]
[2, 4, 6, 13, 19]
[3, 4, 6, 14, 15]
[16, 17, 18, 19, 20, 21, 22, 23, 24, 25, 26, 27, 28]


5
process id 0
stats
5, 15, 7, 100, 1000
20220816-211053
loosing coalitions taken
[1, 3, 7, 11, 22]
[1, 2, 10, 11, 12]
[1, 4, 7, 12, 16]
[2, 3, 6, 9]
[1, 3, 8, 10, 17]
[1, 5, 6, 13, 17]
[2, 3, 5, 17]
[1, 2, 8, 15, 16]
[2, 4, 5, 15]
[3, 4, 5, 11]
[1, 4, 6, 22]
[2, 4, 6, 14, 16]
[1, 2, 7, 9]
[1, 4, 8, 9, 11]
[16, 17, 18, 19, 20, 21, 22, 23, 24, 25, 26, 27, 28]


6
process id 2
stats
5, 15, 7, 100, 1000
20220816-211054
loosing coalitions taken
[1, 2, 7, 12, 26]
[1, 4, 7, 8]
[1, 5, 6, 15, 20]
[1, 3, 9, 10, 12]
[2, 4, 6, 13, 22]
[3, 4, 6, 12, 15]
[2, 3, 6, 14, 24]
[3, 4, 5, 19, 26]
[2, 4, 5, 20]
[1, 4, 6, 26]
[2, 3, 5, 23]
[1, 3, 7, 15, 18]
[1, 3, 8, 13, 14]
[1, 2, 8, 11, 18]
[16, 17, 18, 19, 20, 21, 22, 23, 24, 25, 26, 27, 28]


5
process id 4
stats
5, 15, 7, 100, 1000
20220816-211055
loosing coalitions taken
[1, 2, 7, 13, 25]
[1, 5, 6, 9, 26]
[1, 3, 7, 11, 20]
[1, 4, 7, 9, 19]
[1, 3, 9, 10, 12]
[2, 3, 6, 11]
[3, 4, 5, 16]
[1, 4, 6, 27]
[2, 4, 6, 13, 17]
[1, 2, 8, 15, 17]
[2, 3, 5, 21]
[2, 4, 5, 18, 24]
[3, 4, 6, 12, 18]
[1, 4, 8, 11, 13]
[16, 17, 18, 19, 20, 21, 22, 23, 24, 25, 26, 27, 28]


6
process id 1
stats
5, 15, 7, 100, 1000
20220816-211057
loosing coalitions taken
[1, 3, 7, 12, 20]
[3, 4, 5, 15]
[2, 3, 6, 16, 22]
[1, 3, 8, 11, 19]
[1, 4, 8, 9, 14]
[1, 4, 7, 11, 13]
[2, 4, 6, 10, 19]
[2, 3, 5, 19]
[1, 5, 6, 13, 23]
[2, 4, 5, 17]
[1, 4, 6, 24]
[3, 4, 6, 14, 18]
[1, 2, 7, 14, 19]
[1, 2, 8, 10, 15]
[16, 17, 18, 19, 20, 21, 22, 23, 24, 25, 26, 27, 28]


6
process id 3
stats
5, 15, 7, 100, 1000
20220816-211059
loosing coalitions taken
[1, 3, 8, 11, 17]
[2, 3, 6, 13]
[1, 4, 8, 13, 14]
[1, 4, 6, 27]
[2, 3, 5, 17]
[2, 4, 5, 20]
[1, 3, 7, 12, 16]
[1, 5, 6, 15, 20]
[3, 4, 6, 10, 17]
[3, 4, 5, 12]
[1, 4, 7, 10, 18]
[1, 2, 8, 9, 16]
[1, 2, 7, 13, 17]
[2, 4, 6, 8]
[16, 17, 18, 19, 20, 21, 22, 23, 24, 25, 26, 27, 28]


6
process id 2
stats
5, 15, 7, 100, 1000
20220816-211100
loosing coalitions taken
[2, 3, 5, 23]
[1, 5, 6, 13, 24]
[2, 4, 6, 15, 20]
[1, 2, 10, 12, 14]
[1, 2, 9, 11, 13]
[3, 4, 5, 12]
[2, 3, 6, 16, 17]
[1, 3, 8, 11, 15]
[1, 3, 7, 14, 20]
[1, 4, 6, 22]
[1, 2, 7, 16, 18]
[2, 4, 5, 17]
[1, 4, 7, 8]
[3, 4, 6, 8]
[16, 17, 18, 19, 20, 21, 22, 23, 24, 25, 26, 27, 28]


6
process id 3
stats
5, 15, 7, 100, 1000
20220816-211101
loosing coalitions taken
[2, 4, 5, 22, 24]
[3, 4, 5, 18, 27]
[1, 3, 8, 9, 17]
[1, 2, 8, 13, 20]
[1, 3, 7, 16, 19]
[1, 2, 7, 12, 23]
[2, 4, 6, 15, 18]
[1, 4, 7, 10, 18]
[3, 4, 6, 11, 20]
[2, 3, 5, 23, 28]
[1, 5, 6, 14, 21]
[2, 3, 6, 12]
[1, 4, 6, 28]
[1, 2, 9, 11, 14]
[16, 17, 18, 19, 20, 21, 22, 23, 24, 25, 26, 27, 28]


5
process id 7
stats
5, 15, 7, 100, 1000
20220816-211101
loosing coalitions taken
[1, 5, 6, 13, 22]
[2, 3, 6, 9, 28]
[1, 2, 8, 9, 19]
[3, 4, 6, 10, 20]
[1, 3, 8, 14, 15]
[1, 2, 7, 11, 26]
[1, 3, 7, 13, 19]
[1, 4, 7, 12, 16]
[2, 4, 5, 15]
[3, 4, 5, 14]
[2, 3, 5, 23]
[1, 4, 6, 25]
[2, 4, 6, 8]
[1, 4, 8, 11, 13]
[16, 17, 18, 19, 20, 21, 22, 23, 24, 25, 26, 27, 28]


6
process id 1
stats
5, 15, 7, 100, 1000
20220816-211101
loosing coalitions taken
[1, 5, 6, 9, 22]
[1, 3, 7, 10, 22]
[1, 2, 7, 14, 23]
[1, 2, 10, 11, 13]
[1, 4, 6, 28]
[1, 2, 8, 12, 16]
[2, 3, 5, 18, 27]
[2, 3, 6, 13]
[1, 4, 8, 10, 14]
[2, 4, 6, 11, 20]
[3, 4, 6, 14, 19]
[2, 4, 5, 19, 22]
[3, 4, 5, 16, 21]
[1, 3, 8, 9, 17]
[16, 17, 18, 19, 20, 21, 22, 23, 24, 25, 26, 27, 28]


6
process id 2
stats
5, 15, 7, 100, 1000
20220816-211102
loosing coalitions taken
[1, 3, 8, 14, 15]
[1, 5, 6, 9, 23]
[2, 3, 6, 10]
[1, 2, 8, 12, 18]
[1, 4, 6, 28]
[1, 2, 7, 14, 21]
[1, 3, 7, 16, 19]
[3, 4, 5, 21, 24]
[2, 4, 6, 11, 20]
[2, 4, 5, 15]
[1, 4, 7, 9, 12]
[2, 3, 5, 25]
[1, 4, 8, 11, 13]
[3, 4, 6, 15, 17]
[16, 17, 18, 19, 20, 21, 22, 23, 24, 25, 26, 27, 28]


6
process id 0
stats
5, 15, 7, 100, 1000
20220816-211103
loosing coalitions taken
[2, 3, 6, 13]
[1, 2, 8, 10, 21]
[2, 4, 5, 21, 26]
[1, 5, 6, 11, 22]
[1, 4, 7, 10, 19]
[3, 4, 5, 15]
[1, 2, 9, 11, 14]
[1, 2, 7, 15, 18]
[1, 4, 6, 23]
[3, 4, 6, 8]
[2, 3, 5, 23]
[1, 4, 8, 12, 13]
[1, 3, 7, 14, 21]
[2, 4, 6, 16, 18]
[16, 17, 18, 19, 20, 21, 22, 23, 24, 25, 26, 27, 28]


5
process id 2
stats
5, 15, 7, 100, 1000
20220816-211104
loosing coalitions taken
[1, 5, 6, 16, 17]
[1, 4, 7, 8]
[1, 2, 9, 10, 13]
[2, 4, 6, 11, 22]
[2, 3, 6, 10]
[3, 4, 5, 17, 28]
[2, 4, 5, 16]
[2, 3, 5, 18, 26]
[1, 4, 6, 24, 28]
[1, 3, 8, 9, 16]
[3, 4, 6, 13, 18]
[1, 2, 7, 14, 21]
[1, 3, 7, 13, 19]
[1, 2, 8, 11, 19]
[16, 17, 18, 19, 20, 21, 22, 23, 24, 25, 26, 27, 28]


6
process id 1
stats
5, 15, 7, 100, 1000
20220816-211104
loosing coalitions taken
[1, 5, 6, 10, 26]
[1, 4, 8, 9, 15]
[3, 4, 5, 15]
[1, 2, 7, 9]
[1, 3, 8, 11, 18]
[3, 4, 6, 8]
[1, 4, 6, 25]
[2, 3, 5, 21, 25]
[2, 4, 6, 13, 18]
[2, 3, 6, 12]
[1, 3, 7, 12, 17]
[2, 4, 5, 14]
[1, 2, 8, 12, 16]
[1, 4, 7, 10, 13]
[16, 17, 18, 19, 20, 21, 22, 23, 24, 25, 26, 27, 28]


6
process id 5
stats
5, 15, 7, 100, 1000
20220816-211104
loosing coalitions taken
[1, 3, 8, 12, 19]
[2, 3, 6, 13]
[1, 3, 7, 16, 17]
[1, 2, 7, 9, 28]
[1, 2, 8, 14, 18]
[2, 3, 5, 20]
[3, 4, 5, 17, 22]
[1, 5, 6, 13, 20]
[1, 4, 6, 24]
[2, 4, 6, 12, 22]
[1, 4, 7, 10, 18]
[2, 4, 5, 14]
[3, 4, 6, 10, 16]
[2, 3, 7, 8, 10]
[16, 17, 18, 19, 20, 21, 22, 23, 24, 25, 26, 27, 28]


5
process id 2
stats
5, 15, 7, 100, 1000
20220816-211105
loosing coalitions taken
[1, 3, 9, 10, 11]
[1, 2, 7, 9]
[2, 3, 6, 10]
[1, 3, 8, 13, 16]
[1, 4, 6, 24]
[2, 3, 5, 19]
[1, 4, 7, 10, 12]
[2, 4, 5, 15]
[2, 4, 6, 14, 16]
[3, 4, 5, 14]
[1, 3, 7, 15, 20]
[1, 5, 6, 15, 16]
[3, 4, 6, 12, 17]
[1, 2, 8, 14, 20]
[16, 17, 18, 19, 20, 21, 22, 23, 24, 25, 26, 27, 28]


6
process id 1
stats
5, 15, 7, 100, 1000
20220816-211107
loosing coalitions taken
[2, 3, 6, 14]
[1, 3, 9, 10, 12]
[1, 2, 7, 10, 27]
[1, 4, 7, 8]
[1, 3, 8, 11, 14]
[2, 3, 5, 23]
[1, 5, 6, 15, 21]
[3, 4, 5, 14]
[2, 4, 6, 11, 22]
[1, 2, 8, 13, 17]
[2, 4, 5, 13]
[3, 4, 6, 8, 27]
[1, 4, 6, 24]
[1, 3, 7, 16, 17]
[16, 17, 18, 19, 20, 21, 22, 23, 24, 25, 26, 27, 28]


6
process id 5
stats
5, 15, 7, 100, 1000
20220816-211107
loosing coalitions taken
[1, 2, 8, 11, 21]
[2, 3, 6, 13]
[1, 2, 7, 17, 18]
[1, 3, 7, 9, 24]
[1, 5, 6, 12, 24]
[1, 2, 9, 12, 14]
[1, 3, 8, 12, 17]
[1, 4, 6, 28]
[3, 4, 6, 14, 16]
[1, 4, 7, 8]
[2, 4, 5, 15]
[2, 3, 5, 25]
[2, 4, 6, 11, 22]
[3, 4, 5, 10]
[16, 17, 18, 19, 20, 21, 22, 23, 24, 25, 26, 27, 28]


5
process id 7
stats
5, 15, 7, 100, 1000
20220816-211108
loosing coalitions taken
[1, 2, 7, 17, 18]
[1, 3, 8, 9, 17]
[1, 4, 7, 9, 19]
[1, 2, 9, 11, 13]
[2, 3, 6, 17, 20]
[1, 3, 7, 10, 22]
[1, 2, 8, 14, 20]
[3, 4, 6, 12, 21]
[1, 4, 6, 23, 28]
[2, 4, 5, 18]
[3, 4, 5, 15]
[2, 3, 5, 22]
[2, 4, 6, 9, 24]
[1, 5, 6, 16, 20]
[16, 17, 18, 19, 20, 21, 22, 23, 24, 25, 26, 27, 28]


5
process id 4
stats
5, 15, 7, 100, 1000
20220816-211108
loosing coalitions taken
[1, 2, 7, 12, 22]
[1, 3, 8, 9, 18]
[2, 3, 6, 13]
[1, 2, 8, 14, 20]
[2, 4, 5, 17]
[1, 3, 7, 10, 23]
[1, 4, 7, 8]
[1, 4, 6, 28]
[3, 4, 5, 9]
[1, 2, 10, 11, 13]
[3, 4, 6, 14, 17]
[1, 5, 6, 9, 23]
[2, 4, 6, 8]
[2, 3, 5, 23]
[16, 17, 18, 19, 20, 21, 22, 23, 24, 25, 26, 27, 28]


6
process id 6
stats
5, 15, 7, 100, 1000
20220816-211109
loosing coalitions taken
[1, 5, 6, 11, 23]
[1, 2, 8, 15, 17]
[1, 2, 9, 12, 14]
[2, 4, 5, 20]
[2, 3, 6, 9]
[1, 4, 7, 9, 16]
[3, 4, 5, 16, 21]
[1, 4, 6, 27]
[2, 3, 5, 19]
[3, 4, 6, 8]
[1, 3, 7, 13, 17]
[1, 4, 8, 10, 14]
[2, 4, 6, 15, 19]
[1, 3, 9, 10, 11]
[16, 17, 18, 19, 20, 21, 22, 23, 24, 25, 26, 27, 28]


6
process id 0
stats
5, 15, 7, 100, 1000
20220816-211110
loosing coalitions taken
[2, 3, 5, 21]
[2, 4, 6, 14, 20]
[1, 3, 8, 11, 18]
[2, 3, 6, 11]
[2, 4, 5, 18, 23]
[1, 4, 7, 8]
[3, 4, 6, 9, 19]
[1, 3, 7, 14, 19]
[3, 4, 5, 12]
[1, 2, 10, 12, 14]
[1, 5, 6, 15, 21]
[1, 4, 6, 22]
[1, 2, 8, 15, 17]
[1, 2, 7, 9, 21]
[16, 17, 18, 19, 20, 21, 22, 23, 24, 25, 26, 27, 28]


6
process id 1
stats
5, 15, 7, 100, 1000
20220816-211110
loosing coalitions taken
[1, 3, 7, 10, 21]
[1, 2, 8, 9, 18]
[3, 4, 6, 10, 18]
[2, 3, 6, 11]
[1, 5, 6, 13, 21]
[1, 3, 8, 12, 19]
[2, 4, 5, 14]
[1, 2, 10, 12, 13]
[1, 2, 7, 14, 22]
[2, 3, 5, 24]
[3, 4, 5, 16]
[2, 4, 6, 9, 20]
[1, 4, 6, 24]
[1, 4, 7, 8]
[16, 17, 18, 19, 20, 21, 22, 23, 24, 25, 26, 27, 28]


6
process id 2
stats
5, 15, 7, 100, 1000
20220816-211112
loosing coalitions taken
[1, 5, 6, 10, 25]
[1, 2, 9, 12, 14]
[2, 4, 5, 20]
[1, 3, 8, 10, 19]
[1, 3, 7, 11, 23]
[1, 4, 7, 8]
[3, 4, 5, 15]
[3, 4, 6, 8]
[2, 3, 5, 24]
[1, 2, 8, 13, 18]
[2, 3, 6, 17, 20]
[2, 4, 6, 15, 21]
[1, 4, 6, 28]
[1, 2, 7, 16, 19]
[16, 17, 18, 19, 20, 21, 22, 23, 24, 25, 26, 27, 28]


5
process id 7
stats
5, 15, 7, 100, 1000
20220816-211112
loosing coalitions taken
[1, 2, 7, 9, 27]
[1, 3, 7, 15, 20]
[2, 4, 6, 15, 21]
[1, 2, 8, 12, 20]
[1, 5, 6, 14, 21]
[1, 3, 8, 11, 17]
[2, 3, 6, 11]
[3, 4, 5, 13]
[1, 4, 7, 13, 16]
[2, 3, 5, 18]
[1, 4, 6, 22]
[3, 4, 6, 12, 17]
[1, 4, 8, 10, 15]
[2, 4, 5, 20]
[16, 17, 18, 19, 20, 21, 22, 23, 24, 25, 26, 27, 28]


6
process id 5
stats
5, 15, 7, 100, 1000
20220816-211112
loosing coalitions taken
[1, 3, 7, 16, 18]
[3, 4, 5, 15]
[1, 4, 8, 9, 13]
[1, 2, 8, 12, 17]
[1, 2, 7, 9]
[1, 5, 6, 14, 22]
[2, 3, 6, 13, 28]
[2, 3, 5, 21]
[2, 4, 5, 14]
[3, 4, 6, 12, 21]
[1, 4, 6, 24]
[2, 4, 6, 8]
[1, 2, 10, 11, 14]
[1, 3, 8, 11, 15]
[16, 17, 18, 19, 20, 21, 22, 23, 24, 25, 26, 27, 28]


6
process id 6
stats
5, 15, 7, 100, 1000
20220816-211113
loosing coalitions taken
[1, 3, 8, 9, 17]
[1, 5, 6, 13, 24]
[1, 2, 7, 15, 21]
[3, 4, 5, 17, 27]
[2, 4, 5, 22, 24]
[2, 3, 6, 10, 25]
[1, 4, 6, 23, 28]
[1, 2, 8, 12, 19]
[2, 3, 5, 19]
[2, 4, 6, 11, 18]
[3, 4, 6, 12, 15]
[1, 2, 9, 11, 14]
[1, 3, 7, 12, 16]
[1, 4, 7, 8]
[16, 17, 18, 19, 20, 21, 22, 23, 24, 25, 26, 27, 28]


5
process id 4
stats
5, 15, 7, 100, 1000
20220816-211114
loosing coalitions taken
[1, 4, 7, 10, 19]
[1, 2, 7, 12, 26]
[1, 2, 8, 15, 17]
[1, 2, 9, 11, 13]
[2, 4, 6, 9, 25]
[1, 3, 7, 13, 18]
[1, 5, 6, 12, 22]
[2, 3, 5, 24]
[2, 3, 6, 11]
[1, 4, 6, 23]
[3, 4, 6, 12, 21]
[3, 4, 5, 16]
[2, 4, 5, 19, 20]
[2, 3, 7, 8, 10]
[16, 17, 18, 19, 20, 21, 22, 23, 24, 25, 26, 27, 28]


6
process id 3
stats
5, 15, 7, 100, 1000
20220816-211114
loosing coalitions taken
[2, 3, 6, 11]
[1, 3, 9, 10, 12]
[2, 4, 5, 20]
[1, 2, 7, 9]
[1, 5, 6, 14, 22]
[2, 3, 5, 22, 25]
[2, 4, 6, 15, 19]
[1, 4, 8, 11, 13]
[3, 4, 5, 14]
[2, 3, 7, 8, 10]
[1, 2, 8, 15, 16]
[1, 3, 7, 13, 16]
[1, 4, 6, 23]
[3, 4, 6, 12, 18]
[16, 17, 18, 19, 20, 21, 22, 23, 24, 25, 26, 27, 28]


6
process id 0
stats
5, 15, 7, 100, 1000
20220816-211118
loosing coalitions taken
[1, 3, 7, 9, 22]
[1, 5, 6, 10, 26]
[2, 4, 5, 18]
[2, 3, 6, 14]
[2, 3, 5, 22, 27]
[3, 4, 5, 12]
[1, 2, 8, 11, 19]
[1, 4, 6, 27]
[1, 4, 7, 8, 24]
[1, 3, 8, 12, 18]
[2, 4, 6, 15, 20]
[3, 4, 6, 9, 18]
[1, 2, 9, 12, 14]
[1, 2, 7, 15, 17]
[16, 17, 18, 19, 20, 21, 22, 23, 24, 25, 26, 27, 28]


6
process id 7
stats
5, 15, 7, 100, 1000
20220816-211118
loosing coalitions taken
[2, 4, 6, 9, 25]
[1, 3, 8, 11, 19]
[1, 2, 8, 13, 17]
[2, 3, 6, 10]
[1, 2, 9, 11, 12]
[2, 4, 5, 16]
[1, 4, 8, 12, 14]
[1, 3, 7, 12, 21]
[3, 4, 6, 14, 18]
[2, 3, 5, 17, 28]
[3, 4, 5, 9]
[1, 5, 6, 10, 25]
[1, 4, 7, 11, 17]
[1, 4, 6, 24]
[16, 17, 18, 19, 20, 21, 22, 23, 24, 25, 26, 27, 28]


6
process id 4
stats
5, 15, 7, 100, 1000
20220816-211118
loosing coalitions taken
[2, 4, 6, 13, 22]
[1, 3, 8, 9, 18]
[2, 4, 5, 16]
[1, 2, 9, 11, 13]
[1, 3, 7, 11, 20]
[1, 5, 6, 9, 24]
[1, 2, 7, 12, 24]
[2, 3, 6, 12]
[2, 3, 5, 26, 27]
[3, 4, 5, 15]
[3, 4, 6, 11, 18]
[1, 4, 6, 28]
[1, 4, 7, 8]
[1, 2, 8, 14, 17]
[16, 17, 18, 19, 20, 21, 22, 23, 24, 25, 26, 27, 28]


6
process id 1
stats
5, 15, 7, 100, 1000
20220816-211119
loosing coalitions taken
[1, 4, 7, 9, 18]
[2, 4, 5, 19]
[1, 2, 10, 11, 14]
[2, 3, 7, 8, 10]
[1, 3, 9, 10, 12]
[1, 5, 6, 15, 18]
[1, 3, 8, 11, 18]
[1, 3, 7, 13, 22]
[2, 3, 6, 9]
[2, 4, 6, 11, 16]
[1, 4, 6, 25]
[3, 4, 5, 14]
[2, 3, 5, 17]
[1, 2, 8, 9, 17]
[16, 17, 18, 19, 20, 21, 22, 23, 24, 25, 26, 27, 28]


6
process id 7
stats
5, 15, 7, 100, 1000
20220816-211119
loosing coalitions taken
[1, 5, 6, 13, 23]
[2, 4, 5, 20]
[1, 3, 8, 11, 18]
[1, 4, 7, 8]
[1, 2, 9, 10, 13]
[2, 3, 5, 21]
[1, 2, 8, 12, 16]
[2, 4, 6, 16, 19]
[3, 4, 5, 14]
[2, 3, 6, 12]
[1, 4, 6, 28]
[1, 2, 7, 17, 19]
[3, 4, 6, 9, 20]
[1, 3, 7, 13, 22]
[16, 17, 18, 19, 20, 21, 22, 23, 24, 25, 26, 27, 28]


5
process id 5
stats
5, 15, 7, 100, 1000
20220816-211120
loosing coalitions taken
[1, 3, 8, 10, 18]
[2, 3, 6, 10]
[1, 5, 6, 9, 23]
[2, 4, 5, 17, 24]
[1, 2, 7, 9, 27]
[1, 3, 7, 11, 23]
[3, 4, 5, 15, 23]
[1, 4, 6, 22]
[3, 4, 6, 8]
[2, 3, 5, 22]
[1, 2, 10, 11, 13]
[2, 4, 6, 13, 21]
[1, 2, 8, 14, 19]
[1, 4, 7, 10, 19]
[16, 17, 18, 19, 20, 21, 22, 23, 24, 25, 26, 27, 28]


6
process id 3
stats
5, 15, 7, 100, 1000
20220816-211121
loosing coalitions taken
[1, 4, 7, 11, 16]
[2, 3, 6, 14]
[1, 2, 8, 9, 18]
[1, 2, 7, 12, 23]
[1, 3, 9, 10, 11]
[1, 4, 6, 26]
[2, 3, 5, 21]
[2, 4, 6, 10, 20]
[1, 3, 7, 15, 21]
[3, 4, 6, 8]
[1, 5, 6, 15, 19]
[3, 4, 5, 14]
[2, 4, 5, 15, 26]
[1, 3, 8, 12, 14]
[16, 17, 18, 19, 20, 21, 22, 23, 24, 25, 26, 27, 28]


5
process id 4
stats
5, 15, 7, 100, 1000
20220816-211121
loosing coalitions taken
[1, 4, 7, 9, 19]
[1, 2, 7, 12, 23]
[1, 3, 7, 14, 20]
[1, 5, 6, 11, 25]
[1, 2, 9, 11, 13]
[2, 4, 5, 19]
[1, 2, 8, 14, 17]
[2, 3, 6, 14]
[1, 3, 9, 10, 12]
[3, 4, 6, 11, 16]
[3, 4, 5, 12]
[1, 4, 6, 28]
[2, 3, 5, 25]
[2, 4, 6, 8]
[16, 17, 18, 19, 20, 21, 22, 23, 24, 25, 26, 27, 28]


5
process id 2
stats
5, 15, 7, 100, 1000
20220816-211122
loosing coalitions taken
[1, 3, 7, 11, 23]
[2, 4, 5, 18, 28]
[1, 2, 7, 9]
[1, 4, 6, 27]
[3, 4, 5, 12]
[2, 3, 6, 9, 28]
[2, 3, 5, 19]
[2, 4, 6, 14, 20]
[1, 2, 8, 12, 21]
[3, 4, 6, 13, 18]
[1, 4, 8, 9, 10]
[1, 5, 6, 15, 18]
[1, 4, 7, 13, 16]
[1, 3, 8, 13, 14]
[16, 17, 18, 19, 20, 21, 22, 23, 24, 25, 26, 27, 28]


5
process id 7
stats
5, 15, 7, 100, 1000
20220816-211124
loosing coalitions taken
[2, 4, 5, 19]
[3, 4, 6, 9, 22]
[2, 3, 6, 14, 27]
[1, 3, 9, 10, 11]
[1, 3, 7, 14, 17]
[1, 2, 8, 14, 16]
[1, 4, 6, 28]
[1, 3, 8, 13, 15]
[2, 3, 5, 23, 25]
[3, 4, 5, 15]
[1, 4, 7, 11, 16]
[2, 4, 6, 11, 24]
[1, 2, 7, 15, 22]
[1, 2, 10, 12, 13]
[16, 17, 18, 19, 20, 21, 22, 23, 24, 25, 26, 27, 28]


6
process id 3
stats
5, 15, 7, 100, 1000
20220816-211125
loosing coalitions taken
[1, 2, 7, 12, 26]
[2, 4, 5, 17]
[1, 3, 7, 15, 19]
[3, 4, 6, 13, 21]
[1, 5, 6, 11, 23]
[2, 3, 6, 10]
[1, 4, 6, 26]
[3, 4, 5, 19, 26]
[1, 4, 7, 13, 14]
[2, 4, 6, 9, 20]
[1, 2, 9, 10, 14]
[1, 4, 8, 9, 12]
[2, 3, 5, 22]
[1, 3, 8, 11, 16]
[16, 17, 18, 19, 20, 21, 22, 23, 24, 25, 26, 27, 28]


6
process id 1
stats
5, 15, 7, 100, 1000
20220816-211126
loosing coalitions taken
[1, 2, 10, 11, 12]
[1, 2, 7, 9]
[1, 3, 8, 12, 18]
[2, 3, 6, 18, 21]
[2, 3, 5, 24]
[2, 4, 5, 16, 28]
[1, 5, 6, 9, 26]
[2, 4, 6, 8]
[3, 4, 5, 15]
[3, 4, 6, 12, 20]
[1, 4, 6, 25]
[1, 4, 8, 9, 10]
[1, 3, 7, 13, 17]
[1, 4, 7, 12, 16]
[16, 17, 18, 19, 20, 21, 22, 23, 24, 25, 26, 27, 28]


5
process id 0
stats
5, 15, 7, 100, 1000
20220816-211126
loosing coalitions taken
[2, 3, 5, 25]
[1, 4, 7, 11, 17]
[1, 2, 8, 9, 17]
[2, 4, 6, 13, 20]
[1, 3, 7, 12, 20]
[1, 2, 7, 16, 18]
[1, 5, 6, 11, 22]
[1, 2, 10, 11, 13]
[3, 4, 5, 17, 18]
[2, 3, 6, 10]
[2, 4, 5, 19]
[1, 4, 6, 24]
[1, 3, 8, 10, 16]
[3, 4, 6, 8]
[16, 17, 18, 19, 20, 21, 22, 23, 24, 25, 26, 27, 28]


5
process id 7
stats
5, 15, 7, 100, 1000
20220816-211126
loosing coalitions taken
[1, 2, 8, 9, 19]
[1, 3, 7, 10, 21]
[1, 2, 10, 11, 13]
[2, 3, 5, 25]
[3, 4, 6, 11, 20]
[2, 4, 6, 15, 21]
[1, 5, 6, 10, 26]
[1, 2, 7, 15, 22]
[1, 4, 7, 8, 26]
[2, 4, 5, 16]
[2, 3, 6, 14]
[3, 4, 5, 13]
[1, 4, 6, 24]
[1, 3, 8, 13, 16]
[16, 17, 18, 19, 20, 21, 22, 23, 24, 25, 26, 27, 28]


6
process id 4
stats
5, 15, 7, 100, 1000
20220816-211127
loosing coalitions taken
[1, 2, 10, 11, 13]
[1, 5, 6, 12, 24]
[1, 2, 8, 12, 21]
[2, 4, 5, 18]
[1, 3, 7, 16, 17]
[1, 4, 6, 28]
[1, 3, 8, 10, 19]
[2, 3, 6, 19, 20]
[3, 4, 5, 15]
[2, 3, 5, 22]
[3, 4, 6, 13, 16]
[1, 4, 7, 8, 23]
[1, 2, 7, 15, 20]
[2, 4, 6, 8]
[16, 17, 18, 19, 20, 21, 22, 23, 24, 25, 26, 27, 28]


5
process id 3
stats
5, 15, 7, 100, 1000
20220816-211127
loosing coalitions taken
[1, 2, 8, 12, 19]
[1, 2, 7, 10, 25]
[1, 3, 7, 15, 20]
[3, 4, 6, 8]
[1, 3, 9, 10, 11]
[1, 5, 6, 9, 21]
[3, 4, 5, 15, 24]
[2, 3, 5, 21]
[2, 3, 6, 13, 25]
[2, 4, 5, 17, 28]
[1, 4, 7, 8]
[1, 4, 6, 24]
[1, 3, 8, 13, 16]
[2, 4, 6, 15, 20]
[16, 17, 18, 19, 20, 21, 22, 23, 24, 25, 26, 27, 28]


5
process id 5
stats
5, 15, 7, 100, 1000
20220816-211130
loosing coalitions taken
[1, 3, 7, 10, 23]
[2, 4, 5, 18]
[1, 2, 9, 12, 14]
[2, 3, 6, 14]
[1, 2, 7, 13, 19]
[1, 3, 8, 15, 16]
[2, 4, 6, 13, 16]
[3, 4, 5, 15, 22]
[2, 3, 5, 25]
[1, 4, 6, 27]
[1, 4, 7, 11, 16]
[1, 5, 6, 13, 24]
[1, 2, 8, 10, 20]
[3, 4, 6, 12, 21]
[16, 17, 18, 19, 20, 21, 22, 23, 24, 25, 26, 27, 28]


6
process id 2
stats
5, 15, 7, 100, 1000
20220816-211132
loosing coalitions taken
[1, 5, 6, 11, 23]
[1, 2, 7, 11, 24]
[2, 4, 5, 19]
[2, 3, 6, 18, 21]
[1, 2, 8, 15, 16]
[1, 4, 8, 9, 10]
[1, 2, 9, 12, 14]
[1, 4, 6, 26]
[3, 4, 5, 10]
[2, 3, 5, 17]
[1, 3, 7, 8]
[3, 4, 6, 12, 17]
[2, 4, 6, 8]
[1, 4, 7, 14, 15]
[16, 17, 18, 19, 20, 21, 22, 23, 24, 25, 26, 27, 28]


6
process id 0
stats
5, 15, 7, 100, 1000
20220816-211132
loosing coalitions taken
[1, 3, 8, 11, 19]
[1, 2, 7, 10, 27]
[2, 3, 5, 22]
[1, 2, 9, 11, 13]
[1, 4, 7, 9, 16]
[1, 5, 6, 16, 19]
[3, 4, 6, 9, 17]
[1, 4, 6, 25]
[2, 4, 6, 11, 18]
[2, 4, 5, 13]
[2, 3, 6, 15, 21]
[1, 4, 8, 10, 12]
[3, 4, 5, 14, 26]
[1, 3, 7, 14, 20]
[16, 17, 18, 19, 20, 21, 22, 23, 24, 25, 26, 27, 28]


6
process id 0
stats
5, 15, 7, 100, 1000
20220816-211135
loosing coalitions taken
[1, 2, 8, 9, 21]
[1, 2, 7, 14, 24]
[1, 2, 10, 11, 13]
[3, 4, 5, 21, 23]
[2, 4, 5, 17, 24]
[2, 3, 5, 22]
[1, 3, 9, 10, 12]
[2, 4, 6, 11, 21]
[1, 3, 7, 16, 18]
[1, 3, 8, 13, 15]
[1, 4, 6, 25, 26]
[3, 4, 6, 14, 20]
[1, 5, 6, 15, 17]
[1, 4, 7, 9, 19]
[16, 17, 18, 19, 20, 21, 22, 23, 24, 25, 26, 27, 28]


5
process id 1
stats
5, 15, 7, 100, 1000
20220816-211136
loosing coalitions taken
[1, 2, 10, 11, 13]
[2, 3, 5, 25]
[1, 2, 7, 14, 24]
[1, 5, 6, 16, 18]
[1, 4, 7, 9, 17]
[1, 3, 7, 15, 18]
[3, 4, 6, 10, 20]
[2, 4, 6, 13, 17]
[1, 4, 6, 27]
[2, 4, 5, 16]
[2, 3, 6, 14, 27]
[3, 4, 5, 13]
[1, 4, 8, 11, 14]
[1, 2, 8, 9, 19]
[16, 17, 18, 19, 20, 21, 22, 23, 24, 25, 26, 27, 28]


6
process id 4
stats
5, 15, 7, 100, 1000
20220816-211137
loosing coalitions taken
[1, 3, 9, 10, 12]
[1, 3, 8, 11, 19]
[1, 5, 6, 16, 18]
[3, 4, 6, 15, 17]
[2, 3, 6, 11]
[1, 4, 6, 25]
[1, 2, 8, 9, 16]
[1, 3, 7, 15, 18]
[2, 4, 5, 14]
[3, 4, 5, 19, 24]
[2, 4, 6, 9, 18]
[2, 3, 5, 20, 28]
[1, 4, 7, 13, 16]
[1, 2, 7, 12, 22]
[16, 17, 18, 19, 20, 21, 22, 23, 24, 25, 26, 27, 28]


6
process id 0
stats
5, 15, 7, 100, 1000
20220816-211138
loosing coalitions taken
[1, 2, 8, 10, 18]
[1, 5, 6, 14, 22]
[1, 2, 7, 13, 25]
[1, 3, 8, 9, 19]
[1, 3, 7, 12, 17]
[2, 4, 6, 13, 19]
[1, 4, 7, 10, 15]
[3, 4, 6, 9, 20]
[1, 4, 6, 25]
[2, 3, 6, 11]
[2, 3, 5, 23]
[3, 4, 5, 12]
[2, 4, 5, 15]
[1, 4, 8, 11, 12]
[16, 17, 18, 19, 20, 21, 22, 23, 24, 25, 26, 27, 28]


6
process id 5
stats
5, 15, 7, 100, 1000
20220816-211139
loosing coalitions taken
[1, 2, 8, 12, 20]
[1, 2, 9, 10, 11]
[1, 3, 7, 14, 21]
[3, 4, 6, 14, 17]
[1, 4, 7, 10, 19]
[1, 2, 7, 13, 23]
[1, 3, 8, 9, 19]
[2, 3, 5, 24]
[3, 4, 5, 20, 23]
[2, 3, 6, 13]
[2, 4, 5, 19, 26]
[1, 4, 6, 23, 28]
[1, 5, 6, 16, 20]
[2, 4, 6, 8, 27]
[16, 17, 18, 19, 20, 21, 22, 23, 24, 25, 26, 27, 28]


6
process id 7
stats
5, 15, 7, 100, 1000
20220816-211141
loosing coalitions taken
[2, 3, 6, 9]
[1, 3, 7, 15, 18]
[1, 2, 7, 16, 20]
[1, 4, 6, 25]
[3, 4, 5, 13]
[2, 4, 5, 19]
[3, 4, 6, 10, 17]
[1, 3, 8, 14, 16]
[1, 2, 8, 15, 17]
[2, 4, 6, 14, 16]
[1, 4, 8, 9, 10]
[1, 5, 6, 11, 21]
[2, 3, 5, 25, 28]
[1, 2, 10, 11, 12]
[16, 17, 18, 19, 20, 21, 22, 23, 24, 25, 26, 27, 28]


5
process id 6
stats
5, 15, 7, 100, 1000
20220816-211141
loosing coalitions taken
[1, 2, 7, 9, 28]
[1, 4, 8, 9, 10]
[2, 3, 7, 8, 10]
[2, 3, 6, 16, 21]
[1, 2, 10, 11, 12]
[3, 4, 6, 9, 22]
[1, 3, 8, 12, 15]
[1, 4, 7, 12, 14]
[1, 5, 6, 15, 18]
[1, 3, 7, 11, 17]
[3, 4, 5, 16]
[2, 4, 6, 12, 17]
[1, 2, 8, 13, 16]
[1, 4, 6, 26]
[16, 17, 18, 19, 20, 21, 22, 23, 24, 25, 26, 27, 28]


5
process id 5
stats
5, 15, 7, 100, 1000
20220816-211142
loosing coalitions taken
[3, 4, 5, 19, 24]
[1, 4, 7, 8, 26]
[2, 4, 6, 12, 23]
[1, 2, 9, 10, 14]
[2, 3, 5, 23]
[1, 5, 6, 12, 24]
[1, 3, 7, 9, 20]
[1, 3, 8, 15, 16]
[1, 2, 7, 15, 19]
[3, 4, 6, 9, 22]
[2, 3, 6, 15, 25]
[2, 4, 5, 15, 26]
[1, 4, 6, 25]
[1, 2, 8, 12, 20]
[16, 17, 18, 19, 20, 21, 22, 23, 24, 25, 26, 27, 28]


6
process id 1
stats
5, 15, 7, 100, 1000
20220816-211143
loosing coalitions taken
[1, 3, 7, 16, 18]
[1, 4, 7, 10, 19]
[1, 2, 8, 11, 17]
[1, 3, 8, 12, 19]
[2, 3, 6, 11]
[1, 5, 6, 13, 22]
[1, 2, 7, 12, 26]
[2, 4, 5, 18, 25]
[2, 3, 5, 22, 26]
[3, 4, 6, 12, 17]
[3, 4, 5, 14, 27]
[2, 4, 6, 9, 20]
[1, 4, 6, 27]
[1, 3, 9, 10, 11]
[16, 17, 18, 19, 20, 21, 22, 23, 24, 25, 26, 27, 28]


6
process id 2
stats
5, 15, 7, 100, 1000
20220816-211144
loosing coalitions taken
[2, 4, 5, 18]
[1, 3, 8, 14, 15]
[1, 2, 7, 11, 23]
[1, 5, 6, 10, 21]
[1, 2, 10, 12, 13]
[1, 3, 7, 12, 21]
[1, 3, 9, 10, 11]
[2, 3, 6, 15, 24]
[2, 3, 5, 23]
[2, 4, 6, 8]
[3, 4, 5, 16, 26]
[1, 4, 7, 8]
[3, 4, 6, 13, 18]
[1, 4, 6, 25]
[16, 17, 18, 19, 20, 21, 22, 23, 24, 25, 26, 27, 28]


5
process id 5
stats
5, 15, 7, 100, 1000
20220816-211146
loosing coalitions taken
[1, 2, 8, 14, 20]
[2, 3, 6, 14]
[1, 2, 9, 10, 13]
[1, 3, 8, 9, 18]
[1, 4, 6, 27]
[2, 4, 5, 16, 28]
[1, 3, 7, 16, 17]
[3, 4, 5, 12]
[3, 4, 6, 8]
[2, 3, 5, 20, 25]
[2, 4, 6, 9, 21]
[1, 5, 6, 16, 19]
[1, 4, 7, 8]
[1, 2, 7, 11, 19]
[16, 17, 18, 19, 20, 21, 22, 23, 24, 25, 26, 27, 28]


6
process id 1
stats
5, 15, 7, 100, 1000
20220816-211147
loosing coalitions taken
[2, 4, 5, 19]
[1, 2, 8, 13, 20]
[1, 3, 8, 10, 17]
[3, 4, 6, 9, 17]
[2, 3, 6, 16, 23]
[1, 2, 9, 10, 11]
[1, 5, 6, 15, 20]
[1, 2, 7, 15, 21]
[2, 3, 5, 21]
[3, 4, 5, 20, 24]
[1, 4, 6, 22]
[1, 4, 7, 10, 16]
[1, 4, 8, 11, 12]
[1, 3, 7, 9, 19]
[16, 17, 18, 19, 20, 21, 22, 23, 24, 25, 26, 27, 28]


6
process id 7
stats
5, 15, 7, 100, 1000
20220816-211147
loosing coalitions taken
[3, 4, 6, 15, 16]
[3, 4, 5, 17, 22]
[1, 2, 8, 14, 19]
[1, 3, 7, 16, 18]
[1, 3, 8, 11, 15]
[1, 5, 6, 14, 17]
[1, 2, 10, 11, 13]
[1, 2, 7, 12, 21]
[2, 4, 5, 16]
[2, 3, 6, 13]
[1, 4, 8, 9, 10]
[2, 3, 5, 23]
[1, 4, 6, 28]
[2, 4, 6, 11, 24]
[16, 17, 18, 19, 20, 21, 22, 23, 24, 25, 26, 27, 28]


6
process id 4
stats
5, 15, 7, 100, 1000
20220816-211148
loosing coalitions taken
[1, 2, 8, 10, 19]
[3, 4, 6, 11, 18]
[1, 5, 6, 12, 23]
[1, 3, 8, 9, 18]
[1, 3, 7, 15, 21]
[2, 4, 5, 20]
[1, 4, 7, 10, 18]
[1, 2, 9, 11, 13]
[2, 3, 6, 13]
[2, 3, 5, 23]
[3, 4, 5, 15]
[1, 4, 6, 27]
[2, 4, 6, 16, 19]
[1, 2, 7, 12, 22]
[16, 17, 18, 19, 20, 21, 22, 23, 24, 25, 26, 27, 28]


6
process id 3
stats
5, 15, 7, 100, 1000
20220816-211148
loosing coalitions taken
[2, 3, 6, 14]
[1, 5, 6, 13, 24]
[1, 3, 8, 11, 17]
[1, 3, 7, 9, 24]
[2, 4, 5, 18]
[1, 4, 8, 9, 12]
[1, 2, 7, 11, 27]
[3, 4, 5, 16]
[2, 3, 5, 25]
[2, 4, 6, 11, 21]
[2, 3, 7, 8, 10]
[1, 2, 8, 14, 20]
[1, 4, 6, 22]
[1, 2, 9, 10, 13]
[16, 17, 18, 19, 20, 21, 22, 23, 24, 25, 26, 27, 28]


6
process id 5
stats
5, 15, 7, 100, 1000
20220816-211150
loosing coalitions taken
[2, 3, 6, 12]
[1, 3, 8, 15, 16]
[1, 2, 7, 14, 21]
[1, 3, 7, 13, 17]
[2, 4, 5, 20, 23]
[3, 4, 5, 16]
[1, 4, 6, 27]
[2, 3, 5, 18, 28]
[2, 4, 6, 11, 21]
[1, 5, 6, 10, 26]
[1, 2, 8, 9, 18]
[3, 4, 6, 8]
[1, 4, 8, 10, 12]
[1, 4, 7, 11, 16]
[16, 17, 18, 19, 20, 21, 22, 23, 24, 25, 26, 27, 28]


6
process id 6
stats
5, 15, 7, 100, 1000
20220816-211151
loosing coalitions taken
[2, 4, 5, 19]
[1, 4, 7, 8]
[1, 5, 6, 9, 24]
[1, 2, 8, 12, 17]
[2, 3, 5, 24]
[1, 4, 6, 27]
[3, 4, 5, 16, 22]
[2, 3, 6, 13]
[2, 4, 6, 10, 21]
[1, 2, 7, 13, 18]
[1, 3, 7, 12, 21]
[1, 3, 8, 10, 15]
[3, 4, 6, 8]
[1, 2, 9, 10, 11]
[16, 17, 18, 19, 20, 21, 22, 23, 24, 25, 26, 27, 28]


6
process id 7
stats
5, 15, 7, 100, 1000
20220816-211151
loosing coalitions taken
[1, 5, 6, 10, 26]
[1, 4, 8, 9, 11]
[1, 2, 10, 11, 14]
[1, 2, 7, 9, 22]
[1, 2, 8, 13, 16]
[1, 3, 7, 14, 19]
[1, 3, 8, 12, 18]
[2, 3, 5, 26, 27]
[3, 4, 5, 15]
[1, 4, 7, 12, 16]
[2, 4, 5, 19]
[3, 4, 6, 9, 16]
[1, 4, 6, 23]
[2, 3, 6, 11, 28]
[16, 17, 18, 19, 20, 21, 22, 23, 24, 25, 26, 27, 28]


6
process id 3
stats
5, 15, 7, 100, 1000
20220816-211152
loosing coalitions taken
[2, 3, 6, 12]
[3, 4, 5, 17, 26]
[1, 2, 7, 11, 22]
[1, 2, 8, 10, 19]
[1, 3, 7, 16, 17]
[1, 5, 6, 10, 26]
[2, 4, 5, 19]
[1, 4, 6, 28]
[2, 3, 5, 24]
[1, 4, 7, 9, 18]
[2, 4, 6, 9, 25]
[1, 4, 8, 11, 12]
[3, 4, 6, 13, 16]
[1, 3, 8, 14, 15]
[16, 17, 18, 19, 20, 21, 22, 23, 24, 25, 26, 27, 28]


6
process id 2
stats
5, 15, 7, 100, 1000
20220816-211154
loosing coalitions taken
[2, 4, 5, 17, 26]
[1, 3, 8, 14, 15]
[3, 4, 5, 19, 24]
[1, 3, 7, 16, 19]
[1, 2, 8, 10, 17]
[1, 4, 7, 8]
[2, 3, 5, 25]
[1, 2, 7, 14, 21]
[2, 3, 6, 14]
[1, 4, 6, 24]
[1, 3, 9, 10, 11]
[3, 4, 6, 12, 20]
[2, 4, 6, 8]
[1, 5, 6, 16, 17]
[16, 17, 18, 19, 20, 21, 22, 23, 24, 25, 26, 27, 28]


6
process id 5
stats
5, 15, 7, 100, 1000
20220816-211156
loosing coalitions taken
[1, 3, 7, 16, 18]
[3, 4, 5, 16]
[1, 3, 8, 9, 17]
[2, 3, 6, 14]
[1, 4, 6, 27]
[1, 4, 7, 11, 14]
[2, 3, 5, 25, 28]
[2, 4, 5, 20, 27]
[1, 5, 6, 13, 17]
[1, 2, 8, 14, 18]
[2, 4, 6, 12, 18]
[3, 4, 6, 11, 21]
[1, 2, 7, 15, 19]
[1, 4, 8, 10, 12]
[16, 17, 18, 19, 20, 21, 22, 23, 24, 25, 26, 27, 28]


6
process id 4
stats
5, 15, 7, 100, 1000
20220816-211157
loosing coalitions taken
[1, 4, 7, 8]
[2, 4, 5, 19, 23]
[1, 2, 9, 10, 12]
[2, 3, 6, 9]
[1, 2, 7, 14, 20]
[3, 4, 5, 14, 28]
[1, 4, 6, 23, 26]
[3, 4, 6, 8]
[1, 5, 6, 10, 24]
[2, 4, 6, 11, 22]
[2, 3, 5, 20]
[1, 2, 8, 11, 17]
[1, 3, 7, 12, 22]
[1, 3, 8, 10, 18]
[16, 17, 18, 19, 20, 21, 22, 23, 24, 25, 26, 27, 28]


6
process id 2
stats
5, 15, 7, 100, 1000
20220816-211201
loosing coalitions taken
[1, 3, 9, 10, 11]
[2, 3, 6, 14, 28]
[1, 2, 10, 12, 14]
[1, 4, 7, 10, 19]
[1, 2, 8, 11, 19]
[1, 3, 7, 12, 20]
[2, 4, 5, 20, 26]
[2, 3, 5, 22]
[1, 5, 6, 15, 20]
[3, 4, 6, 8, 26]
[1, 4, 6, 24]
[3, 4, 5, 13]
[2, 4, 6, 11, 23]
[1, 2, 7, 13, 22]
[16, 17, 18, 19, 20, 21, 22, 23, 24, 25, 26, 27, 28]


6
process id 0
stats
5, 15, 7, 100, 1000
20220816-211201
loosing coalitions taken
[1, 2, 10, 11, 13]
[1, 2, 7, 12, 26]
[2, 4, 5, 18]
[1, 3, 8, 14, 15]
[1, 2, 8, 9, 22]
[1, 3, 7, 10, 22]
[2, 3, 5, 19]
[1, 4, 6, 25, 28]
[2, 3, 6, 15, 26]
[3, 4, 5, 16]
[1, 4, 7, 9, 16]
[1, 5, 6, 8]
[2, 4, 6, 13, 21]
[3, 4, 6, 10, 20]
[16, 17, 18, 19, 20, 21, 22, 23, 24, 25, 26, 27, 28]


6
process id 6
stats
5, 15, 7, 100, 1000
20220816-211201
loosing coalitions taken
[1, 2, 7, 9]
[2, 4, 5, 21, 24]
[3, 4, 5, 16]
[1, 5, 6, 11, 23]
[2, 4, 6, 8, 27]
[1, 4, 8, 10, 13]
[1, 3, 8, 11, 15]
[1, 4, 6, 25]
[2, 3, 5, 19, 28]
[2, 3, 6, 13, 23]
[1, 3, 9, 10, 12]
[1, 3, 7, 13, 18]
[3, 4, 6, 14, 20]
[3, 5, 6, 7, 15]
[16, 17, 18, 19, 20, 21, 22, 23, 24, 25, 26, 27, 28]


6
process id 1
stats
5, 15, 7, 100, 1000
20220816-211202
loosing coalitions taken
[1, 2, 8, 12, 18]
[1, 2, 9, 10, 11]
[2, 4, 5, 18, 24]
[2, 4, 6, 14, 20]
[2, 3, 5, 20]
[1, 3, 7, 13, 19]
[1, 4, 6, 25, 28]
[3, 4, 5, 15]
[1, 5, 6, 8]
[2, 3, 6, 12, 26]
[3, 4, 6, 9, 21]
[1, 4, 7, 12, 16]
[1, 4, 8, 10, 13]
[1, 2, 7, 15, 21]
[16, 17, 18, 19, 20, 21, 22, 23, 24, 25, 26, 27, 28]


6
process id 7
stats
5, 15, 7, 100, 1000
20220816-211202
loosing coalitions taken
[3, 4, 5, 16]
[1, 2, 9, 10, 13]
[1, 2, 7, 16, 20]
[1, 3, 8, 11, 18]
[1, 5, 6, 12, 24]
[1, 4, 8, 10, 15]
[2, 3, 6, 14, 24]
[1, 3, 7, 9, 23]
[2, 3, 5, 17, 27]
[2, 4, 5, 18]
[2, 4, 6, 15, 21]
[3, 4, 6, 12, 17]
[1, 4, 6, 25]
[1, 2, 8, 12, 21]
[16, 17, 18, 19, 20, 21, 22, 23, 24, 25, 26, 27, 28]


5
process id 2
stats
5, 15, 7, 100, 1000
20220816-211202
loosing coalitions taken
[1, 3, 8, 10, 17]
[1, 5, 6, 13, 22]
[1, 3, 7, 13, 18]
[2, 4, 5, 17]
[1, 2, 7, 14, 22]
[1, 4, 6, 28]
[2, 3, 7, 8, 9]
[2, 4, 6, 10, 24]
[1, 2, 8, 11, 15]
[2, 3, 5, 24, 28]
[2, 3, 6, 19, 21]
[3, 4, 5, 15]
[3, 4, 6, 11, 16]
[1, 4, 7, 9, 19]
[16, 17, 18, 19, 20, 21, 22, 23, 24, 25, 26, 27, 28]


6
process id 0
stats
5, 15, 7, 100, 1000
20220816-211204
loosing coalitions taken
[1, 3, 7, 13, 22]
[1, 3, 8, 11, 19]
[2, 3, 5, 22]
[1, 5, 6, 11, 24]
[2, 4, 6, 15, 17]
[1, 2, 9, 11, 14]
[1, 2, 7, 16, 18]
[2, 4, 5, 16]
[3, 4, 5, 18, 23]
[3, 4, 6, 12, 19]
[1, 4, 7, 8]
[1, 4, 6, 26]
[2, 3, 6, 18, 21]
[1, 2, 8, 12, 20]
[16, 17, 18, 19, 20, 21, 22, 23, 24, 25, 26, 27, 28]


6
process id 4
stats
5, 15, 7, 100, 1000
20220816-211205
loosing coalitions taken
[1, 2, 10, 12, 13]
[2, 3, 6, 9]
[1, 3, 8, 10, 17]
[3, 4, 5, 17, 26]
[1, 3, 7, 12, 20]
[1, 2, 8, 11, 20]
[1, 2, 7, 16, 17]
[1, 4, 6, 27]
[2, 3, 5, 25]
[2, 4, 5, 21, 22]
[2, 4, 6, 14, 20]
[1, 5, 6, 15, 21]
[3, 4, 6, 12, 18]
[1, 4, 7, 8]
[16, 17, 18, 19, 20, 21, 22, 23, 24, 25, 26, 27, 28]


6
process id 2
stats
5, 15, 7, 100, 1000
20220816-211205
loosing coalitions taken
[1, 2, 8, 11, 19]
[2, 3, 6, 11, 26]
[1, 5, 6, 9, 23]
[1, 2, 7, 9, 28]
[1, 3, 8, 13, 16]
[1, 3, 9, 10, 12]
[2, 3, 5, 20, 27]
[1, 4, 6, 25]
[3, 4, 5, 12, 26]
[2, 4, 5, 15, 28]
[3, 4, 6, 10, 16]
[1, 3, 7, 14, 22]
[1, 4, 7, 8]
[2, 4, 6, 8]
[16, 17, 18, 19, 20, 21, 22, 23, 24, 25, 26, 27, 28]


5
process id 1
stats
5, 15, 7, 100, 1000
20220816-211205
loosing coalitions taken
[2, 3, 7, 8, 9]
[1, 4, 7, 10, 18]
[1, 5, 6, 13, 22]
[1, 2, 8, 12, 20]
[1, 2, 7, 11, 26]
[2, 3, 5, 22]
[1, 3, 7, 14, 20]
[1, 3, 8, 10, 19]
[3, 4, 5, 12]
[3, 4, 6, 13, 17]
[2, 3, 6, 15, 25]
[1, 4, 6, 25]
[2, 4, 6, 8, 28]
[2, 4, 5, 17]
[16, 17, 18, 19, 20, 21, 22, 23, 24, 25, 26, 27, 28]


5
process id 2
stats
5, 15, 7, 100, 1000
20220816-211206
loosing coalitions taken
[3, 4, 5, 16]
[1, 2, 8, 11, 20]
[2, 3, 6, 13]
[1, 3, 9, 10, 11]
[1, 4, 8, 9, 15]
[1, 3, 7, 12, 20]
[1, 2, 7, 9]
[1, 4, 6, 28]
[2, 4, 5, 14]
[2, 3, 5, 21]
[2, 4, 6, 10, 23]
[1, 5, 6, 15, 20]
[3, 4, 6, 11, 19]
[1, 4, 7, 10, 17]
[16, 17, 18, 19, 20, 21, 22, 23, 24, 25, 26, 27, 28]


6
process id 0
stats
5, 15, 7, 100, 1000
20220816-211207
loosing coalitions taken
[1, 2, 7, 17, 18]
[1, 4, 7, 13, 15]
[1, 4, 8, 9, 11]
[1, 3, 7, 11, 23]
[1, 3, 8, 12, 19]
[2, 3, 6, 15, 27]
[1, 5, 6, 12, 22]
[2, 4, 5, 17]
[2, 4, 6, 8]
[3, 4, 5, 13]
[1, 2, 8, 13, 16]
[2, 3, 5, 22]
[1, 4, 6, 26]
[1, 2, 10, 11, 14]
[16, 17, 18, 19, 20, 21, 22, 23, 24, 25, 26, 27, 28]


5
process id 4
stats
5, 15, 7, 100, 1000
20220816-211209
loosing coalitions taken
[3, 4, 5, 16]
[1, 4, 7, 9, 18]
[1, 3, 9, 10, 11]
[1, 2, 8, 15, 16]
[2, 3, 6, 9]
[1, 5, 6, 14, 21]
[1, 2, 7, 11, 23]
[1, 3, 7, 13, 22]
[2, 3, 5, 21]
[1, 4, 6, 25]
[3, 4, 6, 8]
[2, 4, 5, 14]
[2, 4, 6, 11, 18]
[1, 4, 8, 10, 14]
[16, 17, 18, 19, 20, 21, 22, 23, 24, 25, 26, 27, 28]


5
process id 2
stats
5, 15, 7, 100, 1000
20220816-211209
loosing coalitions taken
[2, 4, 6, 10, 23]
[1, 2, 7, 11, 23]
[1, 4, 8, 10, 12]
[2, 3, 6, 11]
[1, 4, 6, 26]
[1, 2, 9, 10, 13]
[3, 4, 5, 15]
[1, 3, 8, 9, 17]
[1, 2, 8, 14, 18]
[2, 3, 5, 21, 25]
[3, 4, 6, 9, 20]
[2, 4, 5, 14]
[1, 5, 6, 11, 18]
[1, 3, 7, 10, 22]
[16, 17, 18, 19, 20, 21, 22, 23, 24, 25, 26, 27, 28]


5
process id 5
stats
5, 15, 7, 100, 1000
20220816-211211
loosing coalitions taken
[2, 3, 6, 10]
[1, 4, 7, 14, 15]
[1, 3, 7, 9, 22]
[1, 2, 8, 11, 20]
[1, 3, 8, 12, 18]
[1, 4, 6, 25]
[1, 2, 7, 12, 23]
[2, 3, 5, 20]
[3, 4, 5, 10]
[1, 5, 6, 12, 22]
[2, 4, 5, 14]
[3, 4, 6, 8]
[2, 4, 6, 15, 16]
[1, 2, 9, 10, 13]
[16, 17, 18, 19, 20, 21, 22, 23, 24, 25, 26, 27, 28]


5
process id 4
stats
5, 15, 7, 100, 1000
20220816-211212
loosing coalitions taken
[2, 4, 6, 15, 20]
[3, 4, 6, 12, 18]
[1, 3, 8, 13, 15]
[1, 2, 10, 11, 14]
[1, 3, 7, 11, 21]
[1, 2, 8, 12, 19]
[2, 4, 5, 18]
[2, 3, 6, 13, 28]
[1, 5, 6, 15, 19]
[1, 4, 6, 28]
[3, 4, 5, 13]
[1, 2, 7, 13, 18]
[2, 3, 5, 20]
[1, 4, 7, 9, 14]
[16, 17, 18, 19, 20, 21, 22, 23, 24, 25, 26, 27, 28]


6
process id 5
stats
5, 15, 7, 100, 1000
20220816-211213
loosing coalitions taken
[3, 4, 6, 10, 21]
[2, 3, 6, 16, 23]
[2, 3, 5, 26, 28]
[1, 2, 9, 10, 12]
[1, 5, 6, 9, 24]
[3, 4, 5, 13]
[1, 4, 7, 11, 15]
[2, 4, 5, 17]
[1, 3, 8, 14, 16]
[1, 4, 6, 23]
[2, 4, 6, 13, 18]
[1, 2, 8, 13, 19]
[1, 3, 7, 10, 24]
[1, 2, 7, 14, 23]
[16, 17, 18, 19, 20, 21, 22, 23, 24, 25, 26, 27, 28]


5
process id 6
stats
5, 15, 7, 100, 1000
20220816-211213
loosing coalitions taken
[2, 5, 6, 8, 11]
[3, 4, 5, 17, 28]
[2, 4, 6, 15, 21]
[3, 4, 6, 14, 20]
[1, 3, 9, 10, 12]
[1, 2, 8, 10, 18]
[1, 4, 7, 10, 17]
[1, 3, 7, 14, 21]
[1, 2, 9, 11, 13]
[1, 4, 6, 23]
[1, 3, 8, 11, 15]
[1, 2, 7, 15, 22]
[2, 3, 6, 18, 19]
[2, 3, 5, 22]
[16, 17, 18, 19, 20, 21, 22, 23, 24, 25, 26, 27, 28]


6
process id 6
stats
5, 15, 7, 100, 1000
20220816-211215
loosing coalitions taken
[1, 5, 6, 13, 22]
[2, 4, 6, 11, 23]
[2, 3, 5, 24]
[1, 2, 10, 11, 12]
[2, 3, 6, 10]
[3, 4, 5, 18, 20]
[1, 4, 8, 12, 14]
[1, 3, 7, 14, 16]
[1, 4, 7, 9, 13]
[2, 4, 5, 19]
[3, 4, 6, 9, 21]
[1, 2, 8, 9, 17]
[1, 4, 6, 27]
[1, 2, 7, 15, 19]
[16, 17, 18, 19, 20, 21, 22, 23, 24, 25, 26, 27, 28]


6
process id 2
stats
5, 15, 7, 100, 1000
20220816-211215
loosing coalitions taken
[1, 2, 7, 11, 27]
[2, 3, 6, 14]
[1, 3, 8, 10, 17]
[1, 3, 7, 9, 24]
[1, 5, 6, 10, 23]
[1, 2, 9, 10, 13]
[1, 4, 7, 8]
[1, 4, 6, 27]
[2, 3, 5, 17]
[2, 4, 6, 8]
[2, 4, 5, 19, 20]
[3, 4, 5, 11, 26]
[3, 4, 6, 15, 17]
[1, 2, 8, 14, 18]
[16, 17, 18, 19, 20, 21, 22, 23, 24, 25, 26, 27, 28]


6
process id 0
stats
5, 15, 7, 100, 1000
20220816-211216
loosing coalitions taken
[1, 2, 7, 16, 19]
[1, 3, 8, 11, 18]
[1, 2, 10, 11, 14]
[1, 4, 8, 10, 15]
[2, 3, 6, 15, 23]
[2, 3, 7, 8, 9]
[1, 4, 6, 28]
[3, 4, 5, 14]
[2, 4, 5, 17]
[3, 4, 6, 8]
[1, 4, 7, 9, 13]
[1, 5, 6, 12, 20]
[2, 3, 5, 20, 26]
[2, 4, 6, 11, 24]
[16, 17, 18, 19, 20, 21, 22, 23, 24, 25, 26, 27, 28]


6
process id 7
stats
5, 15, 7, 100, 1000
20220816-211216
loosing coalitions taken
[1, 5, 6, 10, 25]
[3, 4, 6, 9, 21]
[1, 2, 8, 10, 20]
[1, 3, 7, 14, 20]
[2, 4, 6, 16, 18]
[1, 3, 8, 9, 16]
[3, 4, 5, 17, 25]
[2, 3, 6, 14, 24]
[1, 2, 9, 12, 13]
[1, 2, 7, 11, 24]
[2, 3, 5, 23]
[1, 4, 6, 23]
[2, 4, 5, 20]
[1, 4, 7, 8]
[16, 17, 18, 19, 20, 21, 22, 23, 24, 25, 26, 27, 28]


6
process id 5
stats
5, 15, 7, 100, 1000
20220816-211216
loosing coalitions taken
[1, 2, 8, 14, 17]
[1, 5, 6, 12, 22]
[1, 3, 7, 10, 23]
[2, 3, 6, 15, 25]
[1, 2, 7, 9]
[2, 4, 6, 14, 18]
[1, 3, 8, 11, 19]
[3, 4, 6, 8]
[2, 3, 5, 19]
[1, 4, 6, 27]
[2, 4, 5, 13]
[1, 4, 7, 11, 12]
[3, 4, 5, 21, 24]
[1, 2, 10, 11, 13]
[16, 17, 18, 19, 20, 21, 22, 23, 24, 25, 26, 27, 28]


6
process id 2
stats
5, 15, 7, 100, 1000
20220816-211218
loosing coalitions taken
[1, 2, 9, 12, 13]
[1, 4, 8, 10, 13]
[1, 4, 6, 25]
[1, 2, 8, 14, 16]
[2, 4, 6, 14, 22]
[2, 3, 5, 24, 27]
[3, 4, 5, 17, 25]
[2, 3, 6, 10]
[2, 4, 5, 16]
[3, 4, 6, 12, 20]
[1, 3, 8, 9, 19]
[1, 5, 6, 11, 19]
[1, 2, 7, 10, 26]
[1, 4, 7, 12, 15]
[16, 17, 18, 19, 20, 21, 22, 23, 24, 25, 26, 27, 28]


6
process id 5
stats
5, 15, 7, 100, 1000
20220816-211218
loosing coalitions taken
[1, 3, 8, 9, 19]
[1, 3, 7, 14, 22]
[1, 2, 7, 16, 20]
[2, 3, 6, 12]
[2, 4, 5, 20]
[1, 5, 6, 9, 24]
[1, 2, 9, 11, 13]
[3, 4, 5, 13, 28]
[2, 3, 5, 25]
[1, 4, 6, 22]
[2, 4, 6, 8]
[1, 4, 8, 12, 14]
[1, 4, 7, 13, 15]
[3, 4, 6, 11, 20]
[16, 17, 18, 19, 20, 21, 22, 23, 24, 25, 26, 27, 28]


5
process id 1
stats
5, 15, 7, 100, 1000
20220816-211219
loosing coalitions taken
[1, 3, 8, 10, 19]
[1, 3, 7, 15, 20]
[1, 4, 7, 8]
[1, 2, 9, 10, 13]
[2, 3, 6, 12]
[1, 4, 6, 27]
[1, 2, 8, 15, 16]
[2, 4, 5, 20]
[3, 4, 5, 9]
[2, 3, 5, 22]
[1, 5, 6, 13, 22]
[1, 2, 7, 17, 19]
[2, 4, 6, 9, 22]
[3, 4, 6, 8, 26]
[16, 17, 18, 19, 20, 21, 22, 23, 24, 25, 26, 27, 28]


5
process id 6
stats
5, 15, 7, 100, 1000
20220816-211219
loosing coalitions taken
[2, 4, 5, 18]
[2, 3, 6, 11]
[1, 2, 8, 15, 17]
[1, 4, 7, 8, 26]
[1, 2, 7, 12, 25]
[1, 3, 7, 9, 21]
[1, 2, 9, 10, 13]
[1, 5, 6, 16, 20]
[2, 4, 6, 8]
[1, 3, 8, 12, 14]
[3, 4, 5, 15]
[2, 3, 5, 24]
[1, 4, 6, 27]
[3, 4, 6, 10, 16]
[16, 17, 18, 19, 20, 21, 22, 23, 24, 25, 26, 27, 28]


6
process id 3
stats
5, 15, 7, 100, 1000
20220816-211220
loosing coalitions taken
[1, 3, 7, 11, 23]
[1, 5, 6, 15, 17]
[3, 4, 5, 16]
[1, 3, 9, 10, 12]
[1, 2, 7, 9]
[1, 4, 8, 12, 14]
[2, 4, 5, 20]
[3, 4, 6, 9, 22]
[2, 4, 6, 12, 21]
[2, 3, 5, 23]
[1, 4, 6, 28]
[2, 3, 6, 11]
[1, 2, 8, 11, 21]
[1, 4, 7, 10, 17]
[16, 17, 18, 19, 20, 21, 22, 23, 24, 25, 26, 27, 28]


6
process id 7
stats
5, 15, 7, 100, 1000
20220816-211221
loosing coalitions taken
[2, 3, 6, 18, 19]
[1, 3, 7, 10, 21]
[1, 3, 8, 11, 17]
[1, 2, 7, 13, 25]
[2, 3, 5, 25]
[3, 4, 6, 8]
[1, 5, 6, 10, 22]
[1, 4, 7, 9, 16]
[2, 4, 6, 9, 20]
[2, 4, 5, 18]
[3, 4, 5, 14]
[1, 4, 6, 25, 28]
[1, 2, 9, 12, 14]
[1, 4, 8, 10, 14]
[16, 17, 18, 19, 20, 21, 22, 23, 24, 25, 26, 27, 28]


6
process id 4
stats
5, 15, 7, 100, 1000
20220816-211221
loosing coalitions taken
[1, 2, 8, 11, 20]
[1, 5, 6, 10, 26]
[2, 3, 6, 11]
[2, 4, 5, 16, 28]
[1, 3, 8, 10, 19]
[1, 4, 6, 27]
[1, 3, 7, 15, 20]
[2, 3, 5, 22]
[2, 4, 6, 8]
[1, 2, 7, 10, 24]
[1, 4, 8, 13, 14]
[3, 4, 5, 19, 21]
[3, 4, 6, 15, 17]
[2, 5, 6, 7, 12]
[16, 17, 18, 19, 20, 21, 22, 23, 24, 25, 26, 27, 28]


6
process id 6
stats
5, 15, 7, 100, 1000
20220816-211222
loosing coalitions taken
[1, 2, 9, 10, 14]
[1, 3, 8, 9, 19]
[1, 3, 7, 13, 22]
[1, 5, 6, 15, 21]
[1, 2, 8, 12, 21]
[1, 4, 6, 24]
[1, 2, 7, 16, 17]
[3, 4, 5, 11]
[2, 3, 6, 10]
[3, 4, 6, 14, 18]
[2, 3, 5, 25]
[2, 4, 5, 16, 28]
[2, 4, 6, 9, 19]
[1, 4, 7, 8]
[16, 17, 18, 19, 20, 21, 22, 23, 24, 25, 26, 27, 28]


6
process id 2
stats
5, 15, 7, 100, 1000
20220816-211226
loosing coalitions taken
[2, 3, 6, 12, 26]
[1, 4, 7, 12, 16]
[2, 4, 6, 15, 21]
[1, 5, 6, 11, 25]
[1, 3, 8, 15, 16]
[1, 2, 7, 9]
[3, 4, 6, 9, 18]
[3, 4, 5, 19, 25]
[2, 4, 5, 17, 28]
[1, 2, 8, 14, 19]
[1, 4, 8, 9, 11]
[2, 3, 5, 24]
[1, 3, 7, 10, 23]
[1, 4, 6, 23]
[16, 17, 18, 19, 20, 21, 22, 23, 24, 25, 26, 27, 28]


6
process id 1
stats
5, 15, 7, 100, 1000
20220816-211226
loosing coalitions taken
[2, 3, 6, 13]
[2, 4, 5, 21, 26]
[1, 2, 7, 16, 17]
[1, 5, 6, 15, 21]
[1, 4, 7, 8]
[1, 2, 10, 12, 14]
[2, 3, 5, 22]
[3, 4, 5, 16]
[2, 4, 6, 16, 19]
[1, 3, 7, 13, 18]
[3, 4, 6, 8, 25]
[1, 4, 6, 22]
[2, 5, 6, 8, 11]
[1, 3, 8, 9, 20]
[16, 17, 18, 19, 20, 21, 22, 23, 24, 25, 26, 27, 28]


6
process id 7
stats
5, 15, 7, 100, 1000
20220816-211226
loosing coalitions taken
[1, 4, 8, 10, 15]
[1, 2, 9, 11, 13]
[2, 4, 6, 14, 18]
[1, 5, 6, 9, 19]
[2, 3, 5, 21, 23]
[3, 4, 6, 8, 26]
[3, 4, 5, 14]
[2, 3, 6, 13]
[1, 3, 7, 15, 21]
[1, 4, 6, 25, 27]
[1, 2, 7, 14, 17]
[1, 2, 8, 12, 19]
[1, 3, 8, 11, 17]
[1, 4, 7, 11, 12]
[16, 17, 18, 19, 20, 21, 22, 23, 24, 25, 26, 27, 28]


6
process id 5
stats
5, 15, 7, 100, 1000
20220816-211228
loosing coalitions taken
[1, 5, 6, 15, 21]
[1, 2, 9, 10, 14]
[2, 4, 5, 18, 25]
[3, 4, 5, 15]
[1, 2, 8, 11, 17]
[2, 3, 6, 11]
[1, 3, 8, 14, 16]
[1, 4, 6, 28]
[3, 4, 6, 13, 18]
[2, 3, 5, 19]
[1, 4, 7, 8, 26]
[2, 4, 6, 8]
[1, 3, 7, 10, 20]
[1, 2, 7, 15, 19]
[16, 17, 18, 19, 20, 21, 22, 23, 24, 25, 26, 27, 28]


5
process id 7
stats
5, 15, 7, 100, 1000
20220816-211228
loosing coalitions taken
[1, 2, 7, 9]
[2, 4, 6, 12, 23]
[2, 3, 6, 11]
[2, 4, 5, 19]
[3, 4, 6, 13, 15]
[1, 2, 8, 10, 17]
[3, 4, 5, 17, 21]
[1, 5, 6, 14, 17]
[2, 3, 5, 25]
[1, 4, 7, 11, 12]
[1, 3, 7, 14, 19]
[1, 4, 8, 9, 14]
[1, 3, 8, 11, 18]
[1, 4, 6, 25, 27]
[16, 17, 18, 19, 20, 21, 22, 23, 24, 25, 26, 27, 28]


6
process id 4
stats
5, 15, 7, 100, 1000
20220816-211233
loosing coalitions taken
[1, 4, 7, 10, 17]
[1, 4, 8, 12, 13]
[1, 3, 8, 11, 17]
[1, 5, 6, 15, 20]
[1, 3, 7, 16, 18]
[1, 2, 7, 11, 24]
[3, 4, 5, 16]
[1, 2, 8, 10, 21]
[2, 3, 6, 13]
[1, 4, 6, 23]
[3, 4, 6, 8]
[2, 4, 5, 15, 28]
[2, 3, 5, 20, 26]
[1, 3, 9, 10, 12]
[16, 17, 18, 19, 20, 21, 22, 23, 24, 25, 26, 27, 28]


5
process id 6
stats
5, 15, 7, 100, 1000
20220816-211235
loosing coalitions taken
[1, 3, 8, 15, 16]
[1, 4, 7, 10, 16]
[1, 2, 7, 12, 23]
[1, 2, 8, 14, 20]
[2, 3, 6, 14]
[1, 5, 6, 9, 26]
[2, 4, 5, 15]
[3, 4, 6, 9, 16]
[1, 4, 6, 24]
[2, 3, 5, 20]
[1, 3, 9, 10, 12]
[2, 4, 6, 8]
[1, 4, 8, 11, 12]
[3, 4, 5, 12, 26]
[16, 17, 18, 19, 20, 21, 22, 23, 24, 25, 26, 27, 28]


5
process id 1
stats
5, 15, 7, 100, 1000
20220816-211235
loosing coalitions taken
[1, 5, 6, 14, 21]
[1, 2, 7, 13, 25]
[2, 4, 5, 20]
[2, 3, 6, 12]
[1, 3, 8, 13, 16]
[1, 4, 7, 8]
[3, 4, 5, 17, 22]
[2, 3, 5, 25]
[1, 4, 6, 23]
[2, 4, 6, 8]
[3, 4, 6, 13, 15]
[1, 3, 7, 11, 20]
[1, 2, 9, 10, 11]
[1, 2, 8, 14, 19]
[16, 17, 18, 19, 20, 21, 22, 23, 24, 25, 26, 27, 28]


5
process id 2
stats
5, 15, 7, 100, 1000
20220816-211235
loosing coalitions taken
[1, 3, 8, 9, 20]
[3, 4, 5, 21, 23]
[1, 2, 7, 9, 24]
[2, 3, 6, 18, 21]
[1, 2, 10, 11, 13]
[1, 3, 7, 10, 21]
[2, 3, 5, 24]
[1, 4, 7, 14, 16]
[1, 2, 8, 14, 18]
[1, 5, 6, 9, 19]
[2, 4, 6, 10, 23]
[1, 4, 6, 25, 26]
[3, 4, 6, 12, 15]
[1, 4, 8, 12, 13]
[16, 17, 18, 19, 20, 21, 22, 23, 24, 25, 26, 27, 28]


5
process id 0
stats
5, 15, 7, 100, 1000
20220816-211236
loosing coalitions taken
[1, 3, 7, 9, 23]
[1, 3, 8, 10, 17]
[1, 2, 7, 17, 18]
[1, 4, 7, 8]
[1, 2, 9, 12, 13]
[1, 5, 6, 10, 25]
[1, 2, 8, 11, 21]
[2, 3, 5, 17, 26]
[1, 4, 6, 27]
[2, 3, 6, 14]
[2, 4, 5, 14]
[3, 4, 5, 10]
[3, 4, 6, 8, 28]
[2, 4, 6, 15, 21]
[16, 17, 18, 19, 20, 21, 22, 23, 24, 25, 26, 27, 28]


6
process id 3
stats
5, 15, 7, 100, 1000
20220816-211236
loosing coalitions taken
[1, 2, 7, 9]
[2, 3, 6, 12, 26]
[1, 5, 6, 11, 25]
[2, 3, 5, 24]
[1, 3, 8, 14, 16]
[1, 4, 8, 10, 15]
[1, 4, 7, 12, 16]
[3, 4, 5, 14]
[2, 4, 6, 15, 19]
[1, 4, 6, 24]
[2, 4, 5, 16]
[1, 2, 8, 12, 17]
[3, 4, 6, 13, 20]
[1, 3, 7, 10, 22]
[16, 17, 18, 19, 20, 21, 22, 23, 24, 25, 26, 27, 28]


6
process id 6
stats
5, 15, 7, 100, 1000
20220816-211238
loosing coalitions taken
[1, 5, 6, 9, 22]
[1, 2, 8, 13, 20]
[1, 4, 8, 11, 14]
[1, 2, 7, 11, 26]
[1, 2, 9, 12, 14]
[1, 3, 8, 9, 19]
[1, 3, 7, 15, 17]
[2, 3, 6, 10]
[1, 4, 7, 10, 19]
[3, 4, 5, 10]
[2, 3, 5, 25, 26]
[3, 4, 6, 13, 20]
[2, 4, 5, 18]
[1, 4, 6, 26, 28]
[16, 17, 18, 19, 20, 21, 22, 23, 24, 25, 26, 27, 28]


6
process id 0
stats
5, 15, 7, 100, 1000
20220816-211240
loosing coalitions taken
[1, 5, 6, 12, 24]
[1, 2, 9, 11, 13]
[3, 4, 5, 17, 27]
[2, 3, 6, 13, 26]
[2, 4, 5, 18, 28]
[3, 4, 6, 9, 22]
[1, 3, 7, 14, 20]
[2, 3, 5, 23]
[1, 4, 6, 25, 28]
[1, 4, 7, 12, 16]
[1, 3, 8, 9, 17]
[1, 4, 8, 13, 14]
[2, 4, 6, 8]
[1, 2, 7, 10, 22]
[16, 17, 18, 19, 20, 21, 22, 23, 24, 25, 26, 27, 28]


5
process id 1
stats
5, 15, 7, 100, 1000
20220816-211240
loosing coalitions taken
[2, 3, 6, 13]
[1, 2, 9, 12, 14]
[1, 3, 8, 14, 16]
[1, 3, 7, 15, 21]
[1, 2, 7, 10, 26]
[2, 3, 5, 27, 28]
[1, 4, 6, 24]
[1, 5, 6, 12, 19]
[2, 4, 5, 19, 23]
[3, 4, 6, 10, 19]
[3, 4, 5, 12]
[1, 4, 8, 9, 11]
[1, 4, 7, 13, 14]
[2, 4, 6, 15, 20]
[16, 17, 18, 19, 20, 21, 22, 23, 24, 25, 26, 27, 28]


5
process id 5
stats
5, 15, 7, 100, 1000
20220816-211241
loosing coalitions taken
[1, 2, 8, 9, 18]
[1, 3, 7, 15, 21]
[1, 3, 9, 10, 11]
[1, 3, 8, 13, 16]
[2, 3, 5, 22]
[1, 2, 10, 12, 13]
[1, 2, 7, 16, 17]
[1, 4, 7, 8]
[1, 5, 6, 15, 18]
[2, 4, 6, 10, 21]
[3, 4, 5, 14, 25]
[2, 4, 5, 16]
[1, 4, 6, 28]
[2, 3, 6, 9]
[16, 17, 18, 19, 20, 21, 22, 23, 24, 25, 26, 27, 28]


6
process id 3
stats
5, 15, 7, 100, 1000
20220816-211244
loosing coalitions taken
[1, 4, 7, 10, 16]
[1, 3, 8, 9, 17]
[1, 2, 9, 11, 14]
[1, 2, 8, 13, 19]
[1, 2, 7, 12, 25]
[1, 5, 6, 12, 24]
[1, 3, 7, 15, 19]
[2, 4, 5, 19, 26]
[1, 4, 6, 26]
[3, 4, 5, 16]
[2, 3, 6, 13]
[3, 4, 6, 14, 20]
[2, 3, 5, 17]
[2, 4, 6, 9, 25]
[16, 17, 18, 19, 20, 21, 22, 23, 24, 25, 26, 27, 28]


5
process id 0
stats
5, 15, 7, 100, 1000
20220816-211244
loosing coalitions taken
[1, 2, 8, 10, 20]
[3, 4, 6, 15, 17]
[2, 3, 7, 8, 9]
[1, 3, 7, 12, 20]
[2, 4, 5, 17]
[1, 3, 8, 11, 19]
[1, 2, 7, 14, 24]
[1, 4, 7, 10, 16]
[1, 5, 6, 13, 20]
[1, 2, 9, 12, 13]
[2, 3, 5, 21]
[1, 4, 6, 22]
[2, 3, 6, 16, 18]
[3, 4, 5, 10]
[16, 17, 18, 19, 20, 21, 22, 23, 24, 25, 26, 27, 28]


6
process id 6
stats
5, 15, 7, 100, 1000
20220816-211245
loosing coalitions taken
[1, 3, 9, 10, 11]
[1, 3, 7, 12, 22]
[2, 4, 6, 16, 19]
[1, 4, 7, 8]
[3, 4, 6, 15, 17]
[2, 3, 5, 23]
[2, 4, 5, 14]
[2, 3, 6, 9]
[3, 4, 5, 11]
[1, 4, 6, 26]
[1, 2, 7, 15, 21]
[1, 5, 6, 13, 18]
[1, 2, 9, 12, 13]
[1, 2, 8, 10, 17]
[16, 17, 18, 19, 20, 21, 22, 23, 24, 25, 26, 27, 28]


6
process id 5
stats
5, 15, 7, 100, 1000
20220816-211246
loosing coalitions taken
[3, 4, 5, 17, 26]
[1, 3, 9, 10, 12]
[1, 2, 8, 13, 19]
[1, 4, 7, 14, 16]
[1, 2, 9, 11, 14]
[2, 3, 6, 14]
[1, 2, 7, 12, 23]
[2, 4, 5, 20]
[2, 3, 5, 19]
[1, 5, 6, 11, 17]
[3, 4, 6, 12, 16]
[1, 3, 7, 11, 19]
[2, 4, 6, 10, 24]
[1, 4, 6, 22]
[16, 17, 18, 19, 20, 21, 22, 23, 24, 25, 26, 27, 28]


6
process id 7
stats
5, 15, 7, 100, 1000
20220816-211246
loosing coalitions taken
[1, 5, 6, 16, 20]
[1, 3, 8, 9, 20]
[2, 3, 5, 25]
[1, 2, 9, 10, 14]
[1, 3, 7, 15, 18]
[1, 2, 8, 11, 17]
[1, 4, 7, 8]
[3, 4, 6, 8, 25]
[2, 3, 6, 12]
[2, 4, 5, 19]
[3, 4, 5, 18, 23]
[1, 4, 6, 27]
[1, 2, 7, 16, 21]
[2, 4, 6, 11, 21]
[16, 17, 18, 19, 20, 21, 22, 23, 24, 25, 26, 27, 28]


6
process id 1
stats
5, 15, 7, 100, 1000
20220816-211247
loosing coalitions taken
[1, 3, 9, 10, 12]
[1, 2, 8, 13, 20]
[1, 5, 6, 11, 24]
[1, 2, 10, 11, 14]
[1, 3, 7, 15, 20]
[2, 3, 6, 10]
[2, 4, 5, 16]
[1, 3, 8, 14, 16]
[1, 4, 6, 25]
[2, 3, 5, 21, 27]
[3, 4, 5, 9]
[1, 2, 7, 12, 19]
[3, 4, 6, 8]
[2, 5, 6, 7, 14]
[16, 17, 18, 19, 20, 21, 22, 23, 24, 25, 26, 27, 28]


5
process id 5
stats
5, 15, 7, 100, 1000
20220816-211247
loosing coalitions taken
[2, 3, 5, 25]
[1, 2, 8, 14, 18]
[1, 2, 9, 11, 12]
[1, 3, 8, 9, 15]
[2, 4, 5, 16]
[2, 3, 6, 12]
[1, 4, 7, 9, 19]
[1, 4, 6, 24]
[1, 5, 6, 14, 22]
[3, 4, 6, 14, 17]
[2, 4, 6, 8]
[3, 4, 5, 11]
[1, 2, 7, 10, 25]
[1, 3, 7, 11, 22]
[16, 17, 18, 19, 20, 21, 22, 23, 24, 25, 26, 27, 28]


6
process id 3
stats
5, 15, 7, 100, 1000
20220816-211249
loosing coalitions taken
[2, 3, 6, 12]
[1, 5, 6, 14, 19]
[1, 4, 8, 12, 13]
[1, 2, 7, 16, 17]
[2, 4, 5, 17, 27]
[3, 4, 5, 15]
[1, 2, 10, 11, 14]
[1, 4, 6, 27]
[2, 3, 5, 23]
[1, 3, 7, 13, 19]
[1, 2, 8, 9, 20]
[2, 4, 6, 9, 19]
[3, 4, 6, 10, 21]
[1, 4, 7, 10, 18]
[16, 17, 18, 19, 20, 21, 22, 23, 24, 25, 26, 27, 28]


6
process id 0
stats
5, 15, 7, 100, 1000
20220816-211249
loosing coalitions taken
[1, 3, 8, 12, 19]
[1, 4, 7, 10, 18]
[2, 4, 5, 18]
[1, 2, 7, 11, 26]
[1, 2, 8, 15, 16]
[2, 3, 6, 9]
[3, 4, 5, 15]
[1, 4, 6, 22]
[3, 4, 6, 11, 16]
[1, 3, 7, 13, 16]
[2, 3, 5, 24]
[1, 5, 6, 15, 21]
[2, 4, 6, 12, 23]
[1, 2, 9, 10, 13]
[16, 17, 18, 19, 20, 21, 22, 23, 24, 25, 26, 27, 28]


6
process id 1
stats
5, 15, 7, 100, 1000
20220816-211250
loosing coalitions taken
[1, 3, 8, 12, 19]
[1, 4, 7, 8]
[2, 3, 6, 13]
[2, 4, 5, 21, 27]
[1, 2, 9, 11, 12]
[2, 3, 5, 23]
[3, 4, 5, 15]
[1, 5, 6, 11, 22]
[2, 4, 6, 11, 23]
[1, 3, 7, 10, 18]
[1, 4, 6, 25]
[3, 4, 6, 10, 16]
[1, 2, 8, 14, 17]
[1, 2, 7, 13, 19]
[16, 17, 18, 19, 20, 21, 22, 23, 24, 25, 26, 27, 28]


6
process id 7
stats
5, 15, 7, 100, 1000
20220816-211251
loosing coalitions taken
[1, 2, 8, 12, 20]
[1, 4, 7, 8]
[2, 3, 5, 24]
[2, 4, 6, 11, 22]
[1, 2, 10, 11, 13]
[3, 4, 6, 10, 19]
[2, 3, 6, 14]
[2, 4, 5, 19]
[1, 4, 6, 28]
[3, 4, 5, 12, 26]
[1, 5, 6, 13, 20]
[1, 3, 7, 12, 18]
[1, 2, 7, 9]
[1, 3, 8, 9, 19]
[16, 17, 18, 19, 20, 21, 22, 23, 24, 25, 26, 27, 28]


6
process id 0
stats
5, 15, 7, 100, 1000
20220816-211252
loosing coalitions taken
[2, 3, 6, 13]
[1, 3, 8, 12, 18]
[1, 4, 6, 28]
[1, 2, 7, 11, 24]
[2, 4, 5, 16]
[1, 2, 8, 15, 17]
[2, 3, 5, 17]
[3, 4, 6, 8]
[3, 4, 5, 9]
[1, 3, 7, 10, 22]
[1, 2, 10, 12, 14]
[1, 5, 6, 15, 19]
[1, 4, 7, 8]
[2, 4, 6, 10, 22]
[16, 17, 18, 19, 20, 21, 22, 23, 24, 25, 26, 27, 28]


6
process id 4
stats
5, 15, 7, 100, 1000
20220816-211253
loosing coalitions taken
[1, 4, 7, 8, 25]
[1, 5, 6, 12, 22]
[1, 3, 8, 12, 18]
[1, 2, 7, 13, 19]
[3, 4, 6, 11, 19]
[1, 2, 9, 11, 14]
[1, 4, 6, 27, 28]
[2, 4, 6, 10, 23]
[2, 3, 6, 9]
[2, 4, 5, 18]
[2, 3, 5, 21]
[3, 4, 5, 16]
[1, 3, 7, 14, 21]
[1, 2, 8, 15, 17]
[16, 17, 18, 19, 20, 21, 22, 23, 24, 25, 26, 27, 28]


6
process id 7
stats
5, 15, 7, 100, 1000
20220816-211253
loosing coalitions taken
[1, 2, 7, 16, 21]
[1, 2, 8, 9, 20]
[2, 4, 5, 19]
[1, 2, 10, 11, 12]
[2, 3, 6, 11]
[1, 5, 6, 9, 24]
[1, 4, 8, 13, 14]
[1, 3, 7, 15, 18]
[2, 4, 6, 13, 22]
[1, 3, 8, 10, 16]
[2, 3, 5, 17, 28]
[3, 4, 6, 12, 19]
[1, 4, 6, 26]
[3, 4, 5, 13, 25]
[16, 17, 18, 19, 20, 21, 22, 23, 24, 25, 26, 27, 28]


6
process id 3
stats
5, 15, 7, 100, 1000
20220816-211255
loosing coalitions taken
[1, 2, 8, 11, 21]
[2, 3, 6, 9]
[1, 2, 10, 12, 13]
[2, 4, 5, 18]
[1, 3, 7, 15, 20]
[1, 4, 7, 12, 16]
[1, 2, 7, 14, 24]
[3, 4, 5, 14, 26]
[1, 4, 6, 25]
[3, 4, 6, 8]
[2, 3, 5, 20]
[1, 5, 6, 9, 23]
[1, 3, 8, 13, 16]
[2, 4, 6, 10, 21]
[16, 17, 18, 19, 20, 21, 22, 23, 24, 25, 26, 27, 28]


5
process id 2
stats
5, 15, 7, 100, 1000
20220816-211256
loosing coalitions taken
[1, 2, 7, 13, 25]
[1, 5, 6, 11, 20]
[1, 2, 8, 9, 21]
[1, 4, 6, 25]
[1, 3, 8, 15, 16]
[1, 3, 7, 10, 22]
[2, 3, 5, 22]
[2, 4, 5, 15]
[3, 4, 5, 12]
[2, 4, 6, 12, 21]
[2, 3, 6, 11]
[3, 4, 6, 13, 17]
[1, 2, 10, 11, 14]
[1, 4, 7, 8]
[16, 17, 18, 19, 20, 21, 22, 23, 24, 25, 26, 27, 28]


5
process id 0
stats
5, 15, 7, 100, 1000
20220816-211257
loosing coalitions taken
[3, 4, 5, 20, 22]
[1, 2, 8, 10, 20]
[2, 4, 5, 16]
[1, 2, 7, 12, 23]
[1, 4, 7, 8]
[2, 3, 6, 9]
[1, 5, 6, 13, 20]
[1, 3, 8, 9, 19]
[3, 4, 6, 11, 21]
[1, 4, 6, 24]
[2, 3, 5, 23]
[1, 3, 7, 10, 17]
[2, 4, 6, 14, 18]
[1, 2, 9, 11, 13]
[16, 17, 18, 19, 20, 21, 22, 23, 24, 25, 26, 27, 28]


6
process id 3
stats
5, 15, 7, 100, 1000
20220816-211257
loosing coalitions taken
[1, 2, 7, 16, 17]
[1, 5, 6, 15, 18]
[1, 3, 7, 11, 21]
[2, 3, 6, 12]
[1, 2, 10, 11, 13]
[1, 2, 8, 14, 20]
[1, 4, 8, 10, 15]
[1, 4, 6, 28]
[3, 4, 6, 8]
[3, 4, 5, 13]
[2, 4, 5, 20, 27]
[2, 3, 5, 22]
[1, 3, 8, 12, 17]
[1, 4, 7, 9, 19]
[16, 17, 18, 19, 20, 21, 22, 23, 24, 25, 26, 27, 28]


6
process id 1
stats
5, 15, 7, 100, 1000
20220816-211258
loosing coalitions taken
[2, 3, 6, 13]
[2, 4, 5, 17]
[1, 3, 7, 12, 18]
[1, 4, 8, 11, 14]
[1, 2, 7, 15, 19]
[1, 3, 8, 9, 19]
[1, 2, 9, 11, 12]
[2, 3, 5, 21]
[3, 4, 5, 18, 20]
[1, 4, 6, 25]
[2, 4, 6, 9, 18]
[3, 4, 6, 8]
[1, 2, 8, 13, 20]
[1, 5, 6, 15, 20]
[16, 17, 18, 19, 20, 21, 22, 23, 24, 25, 26, 27, 28]


6
process id 4
stats
5, 15, 7, 100, 1000
20220816-211300
loosing coalitions taken
[2, 3, 6, 14]
[1, 2, 8, 12, 17]
[1, 2, 9, 10, 13]
[1, 4, 8, 10, 14]
[1, 2, 7, 15, 21]
[3, 4, 5, 17, 26]
[2, 4, 5, 21, 24]
[1, 3, 7, 13, 20]
[1, 4, 6, 26]
[3, 4, 6, 13, 18]
[2, 3, 5, 25]
[1, 5, 6, 8]
[2, 4, 6, 11, 23]
[1, 4, 7, 12, 16]
[16, 17, 18, 19, 20, 21, 22, 23, 24, 25, 26, 27, 28]


6
process id 6
stats
5, 15, 7, 100, 1000
20220816-211300
loosing coalitions taken
[1, 2, 7, 13, 24]
[1, 4, 7, 8]
[1, 5, 6, 14, 22]
[1, 2, 9, 10, 14]
[2, 3, 6, 13]
[3, 4, 5, 15]
[1, 3, 7, 15, 21]
[2, 3, 5, 20, 28]
[2, 4, 5, 16]
[1, 4, 6, 26]
[3, 4, 6, 12, 19]
[1, 2, 8, 12, 21]
[1, 3, 8, 9, 16]
[2, 4, 6, 11, 21]
[16, 17, 18, 19, 20, 21, 22, 23, 24, 25, 26, 27, 28]


6
process id 0
stats
5, 15, 7, 100, 1000
20220816-211303
loosing coalitions taken
[1, 4, 7, 14, 15]
[1, 3, 7, 12, 21]
[2, 3, 6, 10]
[1, 2, 7, 9]
[1, 3, 8, 11, 19]
[2, 4, 5, 16]
[3, 4, 6, 11, 15]
[2, 3, 5, 24]
[1, 4, 6, 28]
[3, 4, 5, 18, 27]
[1, 2, 8, 14, 18]
[2, 4, 6, 8]
[1, 5, 6, 9, 23]
[1, 4, 8, 10, 12]
[16, 17, 18, 19, 20, 21, 22, 23, 24, 25, 26, 27, 28]


6
process id 6
stats
5, 15, 7, 100, 1000
20220816-211303
loosing coalitions taken
[1, 3, 8, 15, 16]
[1, 2, 9, 12, 14]
[2, 4, 5, 17, 25]
[2, 4, 6, 10, 24]
[2, 3, 6, 11, 25]
[3, 4, 6, 12, 18]
[3, 4, 5, 14, 27]
[1, 3, 7, 9, 17]
[1, 4, 6, 26]
[1, 2, 7, 11, 21]
[1, 5, 6, 12, 19]
[2, 3, 5, 22]
[1, 4, 7, 13, 14]
[1, 2, 8, 10, 20]
[16, 17, 18, 19, 20, 21, 22, 23, 24, 25, 26, 27, 28]


6
process id 5
stats
5, 15, 7, 100, 1000
20220816-211304
loosing coalitions taken
[1, 2, 7, 9]
[2, 4, 5, 20, 25]
[3, 4, 6, 12, 18]
[2, 4, 6, 14, 17]
[1, 3, 8, 9, 16]
[2, 3, 6, 9]
[1, 4, 7, 10, 13]
[1, 3, 7, 14, 17]
[2, 3, 5, 18, 28]
[3, 4, 5, 16]
[1, 2, 10, 12, 14]
[1, 4, 6, 26]
[1, 2, 8, 13, 18]
[1, 5, 6, 15, 21]
[16, 17, 18, 19, 20, 21, 22, 23, 24, 25, 26, 27, 28]


6
process id 3
stats
5, 15, 7, 100, 1000
20220816-211305
loosing coalitions taken
[1, 3, 8, 9, 20]
[1, 2, 7, 11, 25]
[3, 4, 5, 19, 26]
[2, 3, 6, 13, 27]
[1, 2, 8, 12, 18]
[2, 4, 6, 10, 21]
[1, 3, 7, 10, 22]
[3, 4, 6, 11, 18]
[2, 3, 5, 23, 25]
[1, 5, 6, 15, 21]
[2, 4, 5, 18]
[1, 4, 6, 25]
[1, 2, 9, 10, 13]
[3, 5, 6, 7, 14]
[16, 17, 18, 19, 20, 21, 22, 23, 24, 25, 26, 27, 28]


6
process id 1
stats
5, 15, 7, 100, 1000
20220816-211305
loosing coalitions taken
[1, 2, 7, 11, 24]
[1, 2, 9, 10, 12]
[2, 4, 6, 9, 24]
[1, 3, 7, 13, 20]
[2, 4, 5, 18, 28]
[1, 2, 8, 15, 16]
[2, 3, 5, 22]
[3, 4, 5, 12]
[1, 4, 6, 23]
[1, 4, 8, 11, 12]
[2, 3, 6, 19, 20]
[1, 5, 6, 15, 17]
[3, 4, 6, 11, 15]
[1, 4, 7, 14, 16]
[16, 17, 18, 19, 20, 21, 22, 23, 24, 25, 26, 27, 28]


5
process id 7
stats
5, 15, 7, 100, 1000
20220816-211306
loosing coalitions taken
[1, 3, 8, 9, 19]
[1, 2, 7, 10, 27]
[1, 3, 7, 14, 17]
[1, 2, 9, 11, 13]
[2, 3, 6, 14, 24]
[1, 5, 6, 13, 22]
[1, 2, 8, 12, 21]
[3, 4, 6, 10, 17]
[1, 4, 7, 8]
[3, 4, 5, 14]
[2, 3, 5, 22]
[2, 4, 5, 19]
[1, 4, 6, 28]
[2, 4, 6, 8, 27]
[16, 17, 18, 19, 20, 21, 22, 23, 24, 25, 26, 27, 28]


5
process id 2
stats
5, 15, 7, 100, 1000
20220816-211306
loosing coalitions taken
[2, 3, 6, 15, 23]
[2, 3, 5, 25]
[1, 3, 8, 12, 18]
[2, 4, 6, 14, 20]
[1, 5, 6, 12, 21]
[1, 4, 8, 10, 13]
[1, 4, 6, 25]
[3, 4, 5, 18, 21]
[3, 4, 6, 8]
[1, 3, 7, 15, 16]
[1, 2, 8, 11, 16]
[2, 4, 5, 15]
[1, 2, 7, 10, 18]
[1, 4, 7, 9, 14]
[16, 17, 18, 19, 20, 21, 22, 23, 24, 25, 26, 27, 28]


6
process id 0
stats
5, 15, 7, 100, 1000
20220816-211306
loosing coalitions taken
[2, 4, 5, 18]
[1, 2, 9, 11, 14]
[1, 2, 7, 10, 27]
[1, 3, 7, 14, 21]
[1, 4, 7, 12, 15]
[1, 3, 8, 9, 20]
[1, 5, 6, 14, 19]
[2, 3, 6, 9]
[3, 4, 5, 10]
[1, 4, 6, 28]
[2, 3, 5, 17]
[2, 4, 6, 12, 21]
[3, 4, 6, 11, 18]
[1, 2, 8, 13, 15]
[16, 17, 18, 19, 20, 21, 22, 23, 24, 25, 26, 27, 28]


6
process id 7
stats
5, 15, 7, 100, 1000
20220816-211308
loosing coalitions taken
[2, 4, 5, 16]
[1, 2, 8, 13, 18]
[1, 3, 7, 16, 18]
[1, 4, 7, 14, 15]
[1, 2, 7, 10, 25]
[1, 5, 6, 9, 26]
[2, 4, 6, 11, 24]
[3, 4, 5, 15, 24]
[2, 3, 6, 12]
[3, 4, 6, 14, 18]
[1, 4, 6, 23]
[1, 2, 9, 11, 14]
[1, 3, 8, 11, 19]
[2, 3, 5, 19]
[16, 17, 18, 19, 20, 21, 22, 23, 24, 25, 26, 27, 28]


6
process id 4
stats
5, 15, 7, 100, 1000
20220816-211309
loosing coalitions taken
[1, 4, 7, 8]
[2, 4, 6, 10, 23]
[2, 4, 5, 17]
[2, 3, 6, 16, 22]
[3, 5, 6, 7, 13]
[1, 2, 9, 12, 14]
[2, 3, 5, 23]
[1, 5, 6, 10, 24]
[1, 4, 6, 27]
[3, 4, 5, 19, 26]
[1, 2, 7, 11, 19]
[1, 2, 8, 10, 18]
[3, 4, 6, 12, 18]
[1, 3, 8, 14, 15]
[16, 17, 18, 19, 20, 21, 22, 23, 24, 25, 26, 27, 28]


5
process id 3
stats
5, 15, 7, 100, 1000
20220816-211311
loosing coalitions taken
[3, 4, 5, 19, 24]
[1, 3, 7, 13, 21]
[3, 4, 6, 12, 21]
[1, 5, 6, 12, 24]
[1, 4, 7, 8]
[1, 2, 9, 12, 14]
[1, 4, 6, 23]
[2, 3, 5, 22]
[2, 4, 5, 15]
[2, 3, 6, 10]
[2, 4, 6, 8]
[1, 2, 7, 10, 23]
[1, 2, 8, 13, 19]
[1, 3, 8, 11, 16]
[16, 17, 18, 19, 20, 21, 22, 23, 24, 25, 26, 27, 28]


6
process id 6
stats
5, 15, 7, 100, 1000
20220816-211311
loosing coalitions taken
[2, 3, 6, 14]
[1, 2, 9, 12, 13]
[2, 4, 5, 20]
[1, 3, 9, 10, 11]
[1, 4, 7, 8]
[2, 4, 6, 13, 19]
[2, 3, 5, 25, 27]
[1, 3, 8, 14, 16]
[3, 4, 5, 16]
[1, 3, 7, 15, 21]
[1, 2, 8, 11, 17]
[1, 4, 6, 25, 26]
[1, 5, 6, 9, 17]
[1, 2, 7, 10, 26]
[16, 17, 18, 19, 20, 21, 22, 23, 24, 25, 26, 27, 28]


6
process id 0
stats
5, 15, 7, 100, 1000
20220816-211312
loosing coalitions taken
[1, 4, 7, 11, 17]
[1, 2, 9, 12, 13]
[2, 3, 5, 24, 28]
[1, 5, 6, 15, 19]
[1, 3, 8, 9, 19]
[1, 2, 7, 10, 26]
[1, 3, 7, 13, 22]
[1, 2, 8, 14, 20]
[3, 4, 5, 15]
[3, 4, 6, 8]
[1, 4, 6, 28]
[2, 4, 6, 16, 19]
[2, 3, 6, 14]
[2, 4, 5, 17]
[16, 17, 18, 19, 20, 21, 22, 23, 24, 25, 26, 27, 28]


6
process id 2
stats
5, 15, 7, 100, 1000
20220816-211312
loosing coalitions taken
[2, 3, 5, 25, 27]
[1, 3, 7, 14, 21]
[2, 4, 5, 16]
[1, 2, 7, 9]
[1, 3, 8, 11, 16]
[2, 3, 6, 10]
[1, 4, 6, 22]
[1, 4, 8, 9, 12]
[1, 5, 6, 16, 20]
[3, 4, 5, 12]
[3, 4, 6, 13, 17]
[2, 4, 6, 12, 18]
[1, 2, 8, 14, 18]
[1, 4, 7, 10, 15]
[16, 17, 18, 19, 20, 21, 22, 23, 24, 25, 26, 27, 28]


5
process id 4
stats
5, 15, 7, 100, 1000
20220816-211312
loosing coalitions taken
[1, 4, 7, 9, 19]
[1, 3, 9, 10, 12]
[2, 3, 6, 9]
[3, 4, 5, 20, 24]
[1, 2, 8, 11, 17]
[1, 5, 6, 15, 20]
[2, 4, 5, 16]
[1, 4, 8, 10, 13]
[2, 3, 5, 19]
[2, 4, 6, 14, 21]
[1, 3, 7, 14, 18]
[1, 4, 6, 24]
[1, 2, 7, 16, 21]
[1, 3, 8, 15, 16]
[16, 17, 18, 19, 20, 21, 22, 23, 24, 25, 26, 27, 28]


6
process id 3
stats
5, 15, 7, 100, 1000
20220816-211314
loosing coalitions taken
[1, 4, 7, 8]
[2, 4, 5, 18]
[1, 2, 10, 11, 13]
[1, 5, 6, 11, 22]
[1, 2, 7, 16, 21]
[3, 4, 5, 11, 28]
[2, 3, 5, 25]
[2, 3, 6, 9]
[1, 4, 6, 26]
[1, 3, 8, 12, 13]
[3, 4, 6, 12, 17]
[2, 4, 6, 15, 19]
[1, 3, 7, 15, 20]
[1, 2, 9, 12, 14]
[16, 17, 18, 19, 20, 21, 22, 23, 24, 25, 26, 27, 28]


5
process id 7
stats
5, 15, 7, 100, 1000
20220816-211315
loosing coalitions taken
[1, 3, 8, 9, 18]
[1, 2, 9, 12, 13]
[1, 2, 7, 16, 18]
[1, 2, 8, 11, 20]
[1, 3, 7, 11, 21]
[2, 3, 6, 13]
[1, 4, 7, 8]
[2, 3, 5, 18]
[1, 4, 6, 27]
[2, 4, 5, 17]
[3, 4, 5, 10]
[2, 4, 6, 10, 23]
[3, 4, 6, 8]
[1, 5, 6, 14, 19]
[16, 17, 18, 19, 20, 21, 22, 23, 24, 25, 26, 27, 28]


5
process id 2
stats
5, 15, 7, 100, 1000
20220816-211316
loosing coalitions taken
[1, 2, 7, 16, 20]
[1, 3, 7, 12, 21]
[2, 4, 5, 17]
[1, 2, 9, 10, 13]
[2, 3, 6, 12]
[1, 4, 7, 8, 26]
[1, 3, 8, 9, 17]
[1, 5, 6, 13, 24]
[1, 4, 6, 23]
[3, 4, 5, 20, 21]
[2, 4, 6, 13, 16]
[2, 3, 5, 18]
[1, 2, 8, 12, 18]
[3, 4, 6, 8]
[16, 17, 18, 19, 20, 21, 22, 23, 24, 25, 26, 27, 28]


5
process id 0
stats
5, 15, 7, 100, 1000
20220816-211316
loosing coalitions taken
[3, 4, 5, 16]
[1, 3, 7, 13, 17]
[1, 4, 7, 8]
[2, 4, 6, 11, 20]
[1, 5, 6, 13, 20]
[1, 2, 10, 12, 13]
[2, 4, 5, 18]
[2, 3, 5, 24, 27]
[1, 2, 7, 11, 27]
[1, 4, 6, 25]
[2, 3, 6, 9, 25]
[1, 2, 8, 15, 17]
[3, 4, 6, 8]
[1, 3, 8, 9, 16]
[16, 17, 18, 19, 20, 21, 22, 23, 24, 25, 26, 27, 28]


6
process id 1
stats
5, 15, 7, 100, 1000
20220816-211316
loosing coalitions taken
[1, 5, 6, 16, 18]
[1, 2, 9, 12, 13]
[1, 2, 7, 11, 25]
[3, 4, 5, 16]
[1, 2, 8, 14, 20]
[1, 4, 7, 8]
[2, 3, 5, 21, 23]
[2, 4, 5, 13]
[1, 4, 6, 24]
[2, 3, 6, 9]
[3, 4, 6, 8]
[2, 4, 6, 14, 17]
[1, 3, 7, 15, 17]
[1, 3, 8, 11, 19]
[16, 17, 18, 19, 20, 21, 22, 23, 24, 25, 26, 27, 28]


6
process id 4
stats
5, 15, 7, 100, 1000
20220816-211317
loosing coalitions taken
[1, 3, 7, 9, 24]
[1, 2, 10, 11, 13]
[1, 3, 8, 10, 18]
[2, 3, 6, 11]
[1, 5, 6, 16, 20]
[1, 2, 7, 14, 23]
[1, 2, 8, 12, 21]
[2, 4, 5, 21, 27]
[3, 4, 5, 14]
[3, 4, 6, 15, 16]
[1, 4, 7, 10, 19]
[1, 4, 6, 23]
[2, 3, 5, 24]
[2, 4, 6, 12, 17]
[16, 17, 18, 19, 20, 21, 22, 23, 24, 25, 26, 27, 28]


6
process id 2
stats
5, 15, 7, 100, 1000
20220816-211318
loosing coalitions taken
[2, 4, 5, 17, 27]
[1, 2, 8, 12, 19]
[2, 3, 5, 24]
[1, 5, 6, 14, 21]
[2, 4, 6, 11, 22]
[1, 3, 8, 9, 17]
[1, 2, 9, 10, 13]
[1, 2, 7, 11, 25]
[3, 4, 6, 9, 19]
[1, 4, 7, 12, 16]
[1, 4, 6, 26]
[3, 4, 5, 21, 22]
[1, 3, 7, 15, 20]
[2, 3, 6, 10]
[16, 17, 18, 19, 20, 21, 22, 23, 24, 25, 26, 27, 28]


5
process id 6
stats
5, 15, 7, 100, 1000
20220816-211319
loosing coalitions taken
[2, 3, 6, 12]
[1, 2, 8, 11, 21]
[1, 2, 7, 14, 24]
[1, 4, 6, 27]
[3, 4, 5, 16, 25]
[1, 3, 8, 14, 15]
[2, 4, 5, 20]
[1, 4, 7, 9, 15]
[1, 3, 7, 10, 20]
[1, 5, 6, 12, 20]
[2, 3, 5, 19]
[3, 4, 6, 9, 19]
[1, 2, 9, 12, 13]
[2, 4, 6, 11, 18]
[16, 17, 18, 19, 20, 21, 22, 23, 24, 25, 26, 27, 28]


6
process id 4
stats
5, 15, 7, 100, 1000
20220816-211320
loosing coalitions taken
[1, 2, 7, 17, 19]
[1, 4, 7, 8]
[1, 5, 6, 14, 22]
[2, 3, 6, 12, 27]
[1, 2, 9, 10, 11]
[1, 3, 8, 12, 17]
[2, 4, 6, 14, 16]
[3, 4, 6, 13, 20]
[2, 3, 5, 23]
[2, 4, 5, 20, 26]
[3, 4, 5, 9]
[1, 4, 6, 26]
[1, 3, 7, 10, 21]
[1, 2, 8, 13, 15]
[16, 17, 18, 19, 20, 21, 22, 23, 24, 25, 26, 27, 28]


5
process id 5
stats
5, 15, 7, 100, 1000
20220816-211321
loosing coalitions taken
[1, 3, 7, 9, 23]
[1, 2, 8, 14, 20]
[2, 3, 5, 23]
[3, 4, 6, 15, 16]
[1, 5, 6, 9, 24]
[3, 4, 5, 17, 21]
[2, 4, 5, 18]
[1, 2, 7, 15, 18]
[1, 4, 7, 12, 16]
[2, 3, 6, 12]
[1, 3, 8, 11, 17]
[2, 4, 6, 8]
[1, 4, 6, 27]
[1, 2, 9, 10, 12]
[16, 17, 18, 19, 20, 21, 22, 23, 24, 25, 26, 27, 28]


5
process id 3
stats
5, 15, 7, 100, 1000
20220816-211322
loosing coalitions taken
[2, 4, 5, 17]
[1, 3, 8, 11, 18]
[2, 3, 7, 8, 9]
[1, 2, 8, 12, 19]
[1, 3, 7, 15, 16]
[1, 4, 7, 10, 18]
[1, 4, 6, 28]
[1, 2, 7, 11, 25]
[2, 3, 5, 25]
[2, 4, 6, 11, 21]
[1, 2, 9, 10, 14]
[3, 4, 6, 13, 14]
[1, 5, 6, 12, 17]
[3, 4, 5, 18, 20]
[16, 17, 18, 19, 20, 21, 22, 23, 24, 25, 26, 27, 28]


6
process id 1
stats
5, 15, 7, 100, 1000
20220816-211324
loosing coalitions taken
[1, 5, 6, 10, 25]
[2, 3, 6, 13]
[1, 4, 8, 11, 14]
[1, 2, 7, 16, 21]
[1, 4, 7, 13, 15]
[1, 2, 10, 12, 14]
[1, 4, 6, 28]
[3, 4, 5, 16]
[1, 3, 7, 14, 18]
[1, 2, 8, 9, 20]
[3, 4, 6, 10, 17]
[2, 4, 5, 18, 26]
[2, 3, 5, 27, 28]
[2, 4, 6, 8]
[16, 17, 18, 19, 20, 21, 22, 23, 24, 25, 26, 27, 28]


6
process id 2
stats
5, 15, 7, 100, 1000
20220816-211325
loosing coalitions taken
[2, 3, 5, 25]
[1, 4, 7, 12, 16]
[3, 4, 6, 12, 21]
[1, 2, 9, 10, 11]
[1, 2, 8, 15, 16]
[1, 3, 8, 11, 18]
[1, 4, 6, 25]
[1, 5, 6, 9, 20]
[2, 4, 5, 18]
[2, 4, 6, 10, 24]
[1, 3, 7, 14, 22]
[3, 4, 5, 19, 24]
[2, 3, 6, 17, 20]
[2, 3, 7, 8, 9]
[16, 17, 18, 19, 20, 21, 22, 23, 24, 25, 26, 27, 28]


6
process id 0
stats
5, 15, 7, 100, 1000
20220816-211329
loosing coalitions taken
[1, 3, 7, 14, 18]
[1, 3, 8, 9, 20]
[1, 5, 6, 10, 22]
[1, 2, 8, 11, 21]
[1, 2, 9, 10, 12]
[2, 3, 5, 22]
[1, 4, 6, 23]
[2, 4, 5, 19, 23]
[2, 3, 6, 14]
[1, 4, 7, 9, 13]
[3, 4, 5, 10]
[3, 4, 6, 8]
[2, 4, 6, 13, 16]
[1, 2, 7, 15, 20]
[16, 17, 18, 19, 20, 21, 22, 23, 24, 25, 26, 27, 28]


6
process id 5
stats
5, 15, 7, 100, 1000
20220816-211329
loosing coalitions taken
[1, 3, 7, 9, 22]
[2, 4, 5, 18]
[1, 5, 6, 15, 20]
[1, 2, 7, 12, 26]
[1, 3, 8, 12, 19]
[1, 4, 8, 10, 15]
[2, 3, 6, 9]
[1, 4, 6, 24, 28]
[2, 3, 5, 24]
[3, 4, 5, 15, 28]
[1, 2, 8, 9, 18]
[2, 4, 6, 11, 19]
[1, 4, 7, 13, 16]
[3, 4, 6, 8]
[16, 17, 18, 19, 20, 21, 22, 23, 24, 25, 26, 27, 28]


6
process id 2
stats
5, 15, 7, 100, 1000
20220816-211330
loosing coalitions taken
[1, 3, 8, 11, 18]
[2, 3, 6, 14]
[1, 2, 9, 11, 12]
[1, 4, 6, 28]
[2, 4, 5, 20, 25]
[1, 2, 8, 13, 20]
[1, 3, 7, 10, 24]
[2, 3, 5, 17]
[2, 4, 6, 11, 23]
[1, 2, 7, 16, 21]
[1, 5, 6, 12, 19]
[1, 4, 8, 10, 15]
[3, 4, 6, 9, 18]
[1, 4, 7, 13, 14]
[16, 17, 18, 19, 20, 21, 22, 23, 24, 25, 26, 27, 28]


6
process id 3
stats
5, 15, 7, 100, 1000
20220816-211330
loosing coalitions taken
[1, 3, 7, 9, 23]
[1, 4, 7, 8]
[1, 5, 6, 12, 24]
[1, 2, 10, 11, 13]
[2, 3, 5, 24, 28]
[2, 3, 6, 14]
[3, 4, 5, 15]
[2, 4, 5, 18]
[2, 4, 6, 9, 25]
[1, 2, 7, 15, 21]
[1, 3, 8, 11, 16]
[1, 4, 6, 27]
[1, 2, 8, 12, 17]
[3, 4, 6, 12, 17]
[16, 17, 18, 19, 20, 21, 22, 23, 24, 25, 26, 27, 28]


6
process id 6
stats
5, 15, 7, 100, 1000
20220816-211331
loosing coalitions taken
[2, 3, 6, 14, 28]
[1, 2, 8, 12, 18]
[1, 3, 8, 11, 17]
[3, 4, 5, 15]
[1, 2, 9, 10, 11]
[1, 4, 7, 10, 16]
[2, 4, 6, 9, 20]
[1, 3, 7, 12, 19]
[1, 5, 6, 13, 17]
[3, 4, 6, 10, 21]
[2, 3, 5, 21, 25]
[1, 4, 6, 23]
[2, 4, 5, 19]
[1, 4, 8, 9, 14]
[16, 17, 18, 19, 20, 21, 22, 23, 24, 25, 26, 27, 28]


6
process id 2
stats
5, 15, 7, 100, 1000
20220816-211331
loosing coalitions taken
[1, 2, 8, 14, 18]
[1, 4, 7, 13, 16]
[3, 4, 6, 11, 18]
[1, 3, 7, 15, 21]
[2, 4, 5, 20]
[1, 5, 6, 11, 23]
[1, 2, 7, 11, 24]
[1, 3, 8, 9, 17]
[2, 3, 5, 19]
[3, 4, 5, 14, 28]
[1, 4, 6, 22]
[2, 3, 6, 10, 26]
[2, 4, 6, 8]
[1, 2, 9, 12, 13]
[16, 17, 18, 19, 20, 21, 22, 23, 24, 25, 26, 27, 28]


6
process id 3
stats
5, 15, 7, 100, 1000
20220816-211335
loosing coalitions taken
[2, 3, 5, 22]
[1, 2, 8, 13, 18]
[1, 2, 10, 12, 14]
[1, 4, 7, 8]
[2, 4, 6, 12, 21]
[1, 5, 6, 11, 23]
[3, 4, 5, 15]
[2, 3, 6, 14, 26]
[1, 2, 7, 9, 23]
[3, 4, 6, 9, 22]
[2, 4, 5, 13]
[1, 3, 7, 13, 21]
[1, 4, 6, 24]
[1, 3, 8, 15, 16]
[16, 17, 18, 19, 20, 21, 22, 23, 24, 25, 26, 27, 28]


5
process id 2
stats
5, 15, 7, 100, 1000
20220816-211335
loosing coalitions taken
[1, 3, 7, 15, 19]
[1, 2, 8, 11, 20]
[1, 3, 8, 13, 16]
[1, 5, 6, 12, 23]
[2, 4, 5, 17]
[2, 3, 6, 10]
[1, 2, 7, 14, 24]
[2, 3, 5, 19]
[3, 4, 5, 15]
[1, 4, 6, 26]
[2, 4, 6, 9, 25]
[1, 4, 7, 9, 13]
[3, 4, 6, 8]
[1, 4, 8, 10, 12]
[16, 17, 18, 19, 20, 21, 22, 23, 24, 25, 26, 27, 28]


6
process id 6
stats
5, 15, 7, 100, 1000
20220816-211336
loosing coalitions taken
[3, 4, 5, 16]
[2, 3, 6, 13]
[1, 4, 8, 12, 13]
[1, 2, 8, 10, 19]
[1, 3, 7, 11, 20]
[1, 2, 7, 12, 23]
[1, 4, 6, 27]
[2, 3, 5, 24, 28]
[2, 4, 5, 20, 27]
[1, 5, 6, 10, 20]
[2, 4, 6, 8]
[1, 2, 9, 11, 14]
[1, 3, 8, 15, 16]
[3, 4, 6, 11, 19]
[16, 17, 18, 19, 20, 21, 22, 23, 24, 25, 26, 27, 28]


5
process id 2
stats
5, 15, 7, 100, 1000
20220816-211337
loosing coalitions taken
[1, 3, 8, 12, 18]
[2, 4, 5, 19]
[1, 5, 6, 14, 22]
[1, 2, 7, 9, 28]
[3, 4, 6, 14, 18]
[3, 4, 5, 17, 24]
[2, 3, 6, 13]
[1, 2, 10, 12, 13]
[2, 3, 5, 20]
[1, 3, 7, 11, 21]
[1, 2, 8, 11, 16]
[1, 4, 6, 27]
[2, 4, 6, 8, 26]
[1, 4, 7, 13, 15]
[16, 17, 18, 19, 20, 21, 22, 23, 24, 25, 26, 27, 28]


6
process id 1
stats
5, 15, 7, 100, 1000
20220816-211337
loosing coalitions taken
[1, 5, 6, 13, 23]
[1, 3, 9, 10, 11]
[1, 4, 7, 8]
[3, 4, 6, 14, 19]
[1, 2, 10, 12, 14]
[2, 4, 6, 8]
[2, 3, 5, 19]
[3, 4, 5, 18, 27]
[2, 3, 6, 11]
[2, 4, 5, 17, 21]
[1, 3, 8, 13, 14]
[1, 2, 7, 15, 17]
[1, 4, 6, 25, 27]
[1, 3, 7, 16, 18]
[16, 17, 18, 19, 20, 21, 22, 23, 24, 25, 26, 27, 28]


6
process id 5
stats
5, 15, 7, 100, 1000
20220816-211338
loosing coalitions taken
[2, 4, 6, 16, 19]
[1, 2, 10, 11, 13]
[2, 3, 6, 15, 26]
[1, 3, 8, 14, 15]
[1, 2, 8, 9, 21]
[1, 4, 6, 26]
[1, 3, 7, 12, 22]
[1, 5, 6, 10, 24]
[2, 4, 5, 14]
[3, 4, 5, 11, 28]
[1, 2, 7, 15, 17]
[3, 4, 6, 13, 20]
[2, 3, 5, 23]
[1, 4, 7, 11, 16]
[16, 17, 18, 19, 20, 21, 22, 23, 24, 25, 26, 27, 28]


6
process id 7
stats
5, 15, 7, 100, 1000
20220816-211338
loosing coalitions taken
[1, 2, 7, 11, 25]
[2, 3, 6, 10]
[1, 3, 7, 14, 20]
[3, 4, 5, 17, 23]
[1, 3, 8, 12, 17]
[2, 4, 5, 18, 24]
[1, 4, 6, 28]
[2, 3, 5, 25]
[3, 4, 6, 9, 21]
[1, 4, 7, 8]
[1, 2, 8, 13, 18]
[1, 2, 10, 12, 14]
[2, 4, 6, 14, 16]
[1, 5, 6, 15, 17]
[16, 17, 18, 19, 20, 21, 22, 23, 24, 25, 26, 27, 28]


5
process id 4
stats
5, 15, 7, 100, 1000
20220816-211338
loosing coalitions taken
[2, 4, 5, 19]
[1, 3, 7, 15, 21]
[1, 2, 7, 13, 25]
[1, 5, 6, 16, 20]
[2, 3, 6, 10]
[3, 4, 5, 13]
[1, 3, 8, 12, 16]
[2, 4, 6, 14, 18]
[1, 4, 7, 9, 18]
[2, 3, 5, 23]
[1, 4, 6, 23]
[3, 4, 6, 12, 20]
[1, 2, 8, 9, 20]
[1, 2, 10, 12, 14]
[16, 17, 18, 19, 20, 21, 22, 23, 24, 25, 26, 27, 28]


5
process id 4
stats
5, 15, 7, 100, 1000
20220816-211341
loosing coalitions taken
[1, 2, 8, 9, 21]
[1, 3, 8, 11, 17]
[2, 3, 6, 9]
[1, 3, 7, 12, 19]
[1, 2, 7, 14, 24]
[1, 2, 10, 11, 12]
[2, 3, 5, 24]
[1, 4, 6, 24]
[1, 5, 6, 8]
[3, 4, 6, 14, 17]
[2, 4, 6, 12, 23]
[2, 4, 5, 20]
[3, 4, 5, 13]
[1, 4, 7, 10, 16]
[16, 17, 18, 19, 20, 21, 22, 23, 24, 25, 26, 27, 28]


5
process id 4
stats
5, 15, 7, 100, 1000
20220816-211343
loosing coalitions taken
[1, 2, 7, 9]
[2, 3, 6, 10]
[1, 3, 8, 11, 15]
[2, 4, 5, 17]
[1, 4, 8, 13, 14]
[3, 4, 5, 13]
[1, 3, 7, 10, 17]
[2, 3, 5, 24]
[2, 4, 6, 8]
[1, 5, 6, 14, 20]
[3, 4, 6, 12, 17]
[1, 4, 6, 26]
[1, 4, 7, 11, 12]
[1, 2, 8, 12, 21]
[16, 17, 18, 19, 20, 21, 22, 23, 24, 25, 26, 27, 28]


6
process id 5
stats
5, 15, 7, 100, 1000
20220816-211344
loosing coalitions taken
[1, 3, 8, 12, 18]
[2, 3, 6, 14, 23]
[1, 2, 7, 11, 25]
[1, 4, 7, 9, 19]
[1, 2, 8, 15, 17]
[3, 4, 5, 16]
[1, 3, 7, 14, 17]
[2, 3, 7, 8, 9]
[1, 5, 6, 10, 24]
[2, 4, 6, 15, 18]
[1, 4, 6, 23, 26]
[1, 2, 10, 12, 13]
[2, 5, 6, 8, 12]
[1, 3, 9, 10, 11]
[16, 17, 18, 19, 20, 21, 22, 23, 24, 25, 26, 27, 28]


6
process id 6
stats
5, 15, 7, 100, 1000
20220816-211344
loosing coalitions taken
[3, 4, 6, 13, 20]
[1, 3, 7, 11, 22]
[1, 3, 8, 10, 19]
[1, 2, 10, 11, 13]
[2, 3, 6, 11]
[1, 2, 7, 16, 20]
[1, 2, 8, 9, 21]
[1, 4, 7, 9, 18]
[2, 4, 5, 16]
[1, 4, 6, 26]
[3, 4, 5, 11, 27]
[2, 3, 5, 24]
[2, 4, 6, 15, 17]
[1, 5, 6, 12, 24]
[16, 17, 18, 19, 20, 21, 22, 23, 24, 25, 26, 27, 28]


5
process id 4
stats
5, 15, 7, 100, 1000
20220816-211345
loosing coalitions taken
[2, 4, 5, 19]
[1, 3, 8, 11, 17]
[1, 2, 8, 14, 16]
[1, 5, 6, 16, 18]
[1, 2, 9, 10, 11]
[1, 2, 7, 13, 24]
[1, 4, 7, 12, 14]
[3, 4, 5, 11]
[2, 3, 6, 9]
[1, 4, 6, 25]
[1, 3, 7, 15, 19]
[2, 4, 6, 8, 27]
[3, 4, 6, 14, 18]
[2, 3, 5, 25]
[16, 17, 18, 19, 20, 21, 22, 23, 24, 25, 26, 27, 28]


5
process id 0
stats
5, 15, 7, 100, 1000
20220816-211345
loosing coalitions taken
[2, 3, 6, 14]
[1, 5, 6, 10, 25]
[1, 2, 9, 10, 13]
[1, 4, 7, 8]
[2, 3, 5, 24]
[2, 4, 5, 13]
[3, 4, 6, 8, 28]
[3, 4, 5, 14]
[1, 2, 7, 15, 21]
[1, 2, 8, 14, 20]
[2, 4, 6, 15, 18]
[1, 4, 6, 24]
[1, 3, 7, 13, 20]
[1, 3, 8, 9, 18]
[16, 17, 18, 19, 20, 21, 22, 23, 24, 25, 26, 27, 28]


5
process id 6
stats
5, 15, 7, 100, 1000
20220816-211346
loosing coalitions taken
[1, 2, 7, 16, 17]
[1, 2, 10, 11, 14]
[1, 2, 8, 9, 20]
[1, 3, 7, 10, 22]
[1, 3, 8, 12, 17]
[2, 3, 5, 24]
[1, 5, 6, 12, 23]
[2, 3, 6, 10]
[1, 4, 6, 22]
[3, 4, 5, 12]
[1, 4, 7, 11, 12]
[2, 4, 5, 19]
[2, 4, 6, 9, 18]
[3, 4, 6, 14, 16]
[16, 17, 18, 19, 20, 21, 22, 23, 24, 25, 26, 27, 28]


6
process id 1
stats
5, 15, 7, 100, 1000
20220816-211347
loosing coalitions taken
[2, 3, 6, 10]
[1, 3, 7, 9, 24]
[1, 3, 8, 15, 16]
[1, 2, 7, 15, 17]
[1, 4, 7, 8]
[1, 5, 6, 11, 24]
[2, 4, 5, 22, 24]
[3, 4, 5, 16]
[2, 4, 6, 15, 21]
[1, 4, 6, 26, 27]
[2, 3, 5, 23]
[3, 4, 6, 12, 18]
[1, 2, 9, 12, 13]
[1, 2, 8, 14, 20]
[16, 17, 18, 19, 20, 21, 22, 23, 24, 25, 26, 27, 28]


5
process id 2
stats
5, 15, 7, 100, 1000
20220816-211347
loosing coalitions taken
[1, 2, 7, 14, 21]
[1, 2, 9, 12, 13]
[1, 4, 7, 8, 23]
[1, 3, 8, 9, 17]
[1, 2, 8, 11, 20]
[1, 5, 6, 10, 23]
[3, 4, 5, 18, 24]
[2, 4, 5, 16]
[2, 3, 5, 25]
[2, 3, 6, 10]
[2, 4, 6, 9, 22]
[3, 4, 6, 8]
[1, 4, 6, 27]
[1, 3, 7, 13, 20]
[16, 17, 18, 19, 20, 21, 22, 23, 24, 25, 26, 27, 28]


6
process id 7
stats
5, 15, 7, 100, 1000
20220816-211347
loosing coalitions taken
[1, 2, 7, 13, 25]
[3, 4, 6, 10, 20]
[1, 5, 6, 11, 25]
[1, 3, 8, 10, 17]
[2, 4, 6, 15, 18]
[1, 2, 8, 14, 16]
[2, 3, 5, 25, 27]
[3, 4, 5, 16, 24]
[1, 3, 7, 12, 19]
[2, 4, 5, 20]
[1, 2, 9, 10, 12]
[1, 4, 7, 9, 14]
[2, 3, 6, 12]
[1, 4, 6, 22]
[16, 17, 18, 19, 20, 21, 22, 23, 24, 25, 26, 27, 28]


6
process id 0
stats
5, 15, 7, 100, 1000
20220816-211349
loosing coalitions taken
[2, 3, 6, 10]
[1, 3, 7, 16, 17]
[1, 2, 7, 15, 22]
[1, 4, 6, 25]
[1, 2, 8, 13, 18]
[2, 3, 5, 18]
[2, 4, 5, 17]
[1, 5, 6, 14, 21]
[3, 4, 5, 15]
[1, 4, 7, 11, 13]
[1, 3, 8, 10, 19]
[2, 4, 6, 8]
[3, 4, 6, 13, 18]
[1, 2, 9, 10, 11]
[16, 17, 18, 19, 20, 21, 22, 23, 24, 25, 26, 27, 28]


6
process id 3
stats
5, 15, 7, 100, 1000
20220816-211349
loosing coalitions taken
[2, 4, 5, 17, 28]
[1, 2, 7, 9]
[2, 3, 5, 25, 26]
[2, 3, 6, 11]
[1, 3, 8, 10, 19]
[1, 4, 6, 23]
[3, 4, 6, 8]
[1, 4, 7, 8, 27]
[3, 4, 5, 12]
[1, 2, 10, 11, 12]
[1, 5, 6, 12, 21]
[1, 3, 7, 11, 18]
[2, 4, 6, 9, 21]
[1, 2, 8, 15, 17]
[16, 17, 18, 19, 20, 21, 22, 23, 24, 25, 26, 27, 28]


6
process id 1
stats
5, 15, 7, 100, 1000
20220816-211351
loosing coalitions taken
[1, 2, 8, 11, 21]
[1, 3, 7, 15, 19]
[2, 3, 6, 14]
[3, 4, 5, 16]
[1, 5, 6, 15, 18]
[1, 2, 7, 9]
[2, 3, 5, 17, 26]
[1, 4, 6, 22]
[2, 4, 5, 18]
[3, 4, 6, 13, 17]
[2, 4, 6, 8]
[1, 3, 9, 10, 11]
[1, 4, 7, 8, 25]
[1, 3, 8, 12, 18]
[16, 17, 18, 19, 20, 21, 22, 23, 24, 25, 26, 27, 28]


6
process id 7
stats
5, 15, 7, 100, 1000
20220816-211351
loosing coalitions taken
[1, 2, 8, 9, 20]
[2, 3, 6, 14]
[1, 4, 7, 8]
[1, 2, 7, 13, 24]
[2, 4, 6, 13, 16]
[1, 4, 6, 22]
[1, 5, 6, 11, 21]
[1, 3, 7, 14, 16]
[3, 4, 5, 16, 26]
[2, 3, 5, 25]
[1, 3, 8, 11, 13]
[2, 4, 5, 15, 27]
[3, 4, 6, 12, 18]
[1, 2, 10, 11, 12]
[16, 17, 18, 19, 20, 21, 22, 23, 24, 25, 26, 27, 28]


6
process id 5
stats
5, 15, 7, 100, 1000
20220816-211352
loosing coalitions taken
[2, 4, 6, 16, 18]
[1, 2, 7, 12, 26]
[2, 3, 6, 11, 23]
[1, 2, 8, 10, 20]
[1, 4, 7, 8]
[2, 3, 5, 21, 28]
[1, 5, 6, 9, 24]
[1, 3, 8, 11, 13]
[3, 4, 5, 13]
[2, 4, 5, 17]
[3, 4, 6, 14, 20]
[1, 3, 7, 15, 16]
[1, 4, 6, 26]
[1, 3, 9, 10, 12]
[16, 17, 18, 19, 20, 21, 22, 23, 24, 25, 26, 27, 28]


