Results
15
0.64
0.63

5
process id 1
stats
5, 15, 7, 100, 1000
20220730-125951
loosing coalitions taken
[1, 2, 7, 12, 26]
[2, 4, 5, 18, 24]
[1, 2, 8, 15, 16]
[1, 5, 6, 10, 23]
[1, 2, 9, 11, 13]
[1, 3, 9, 10, 12]
[2, 4, 6, 8, 26]
[1, 3, 7, 15, 21]
[3, 4, 6, 12, 15]
[1, 4, 6, 28]
[1, 3, 8, 11, 14]
[2, 3, 5, 23, 27]
[3, 4, 5, 16]
[2, 3, 6, 9, 24]
[16, 17, 18, 19, 20, 21, 22, 23, 24, 25, 26, 27, 28]


6
process id 0
stats
5, 15, 7, 100, 1000
20220730-125955
loosing coalitions taken
[1, 5, 6, 16, 17]
[1, 2, 8, 11, 19]
[1, 3, 8, 12, 18]
[1, 3, 9, 10, 11]
[1, 2, 9, 12, 13]
[1, 4, 7, 10, 18]
[2, 3, 7, 8, 10]
[2, 3, 6, 13]
[1, 4, 8, 13, 14]
[1, 4, 6, 23]
[1, 2, 7, 15, 17]
[2, 4, 5, 20, 24]
[3, 4, 5, 12]
[1, 3, 7, 14, 21]
[16, 17, 18, 19, 20, 21, 22, 23, 24, 25, 26, 27, 28]


6
process id 3
stats
5, 15, 7, 100, 1000
20220730-130003
loosing coalitions taken
[2, 3, 5, 24]
[1, 2, 9, 11, 12]
[1, 2, 7, 15, 17]
[1, 3, 7, 12, 21]
[1, 3, 8, 11, 16]
[1, 5, 6, 14, 22]
[2, 4, 6, 8, 25]
[1, 4, 7, 8]
[2, 4, 5, 20]
[2, 3, 6, 15, 27]
[3, 4, 5, 13, 26]
[1, 3, 6, 25]
[1, 4, 6, 20]
[1, 2, 8, 13, 14]
[16, 17, 18, 19, 20, 21, 22, 23, 24, 25, 26, 27, 28]


5
process id 1
stats
5, 15, 7, 100, 1000
20220730-130014
loosing coalitions taken
[1, 3, 7, 10, 24]
[3, 4, 5, 16]
[2, 3, 6, 19, 21]
[1, 4, 8, 10, 15]
[1, 4, 6, 27, 28]
[2, 4, 6, 15, 18]
[1, 2, 7, 13, 25]
[1, 5, 6, 10, 26]
[1, 2, 8, 11, 20]
[1, 4, 7, 9, 17]
[2, 3, 5, 22]
[1, 3, 8, 12, 17]
[2, 4, 5, 14]
[1, 2, 6, 24]
[16, 17, 18, 19, 20, 21, 22, 23, 24, 25, 26, 27, 28]


6
process id 6
stats
5, 15, 7, 100, 1000
20220730-130120
loosing coalitions taken
[1, 4, 8, 12, 13]
[1, 3, 7, 11, 19]
[2, 3, 6, 10, 28]
[2, 3, 5, 19]
[1, 5, 6, 14, 21]
[2, 4, 6, 12, 20]
[1, 2, 8, 14, 17]
[1, 2, 10, 11, 13]
[3, 4, 6, 7]
[1, 3, 8, 9, 15]
[3, 4, 5, 12]
[1, 4, 6, 25]
[2, 4, 5, 11]
[1, 2, 7, 15, 20]
[16, 17, 18, 19, 20, 21, 22, 23, 24, 25, 26, 27, 28]


