Results
15
0.64
0.631

6
process id 6
stats
5, 15, 7, 100, 1000
20220730-130138
loosing coalitions taken
[1, 3, 7, 15, 19]
[1, 2, 7, 13, 20]
[2, 3, 5, 24, 27]
[2, 4, 5, 16]
[1, 3, 8, 13, 16]
[1, 4, 6, 24, 25]
[2, 3, 6, 14, 26]
[1, 4, 7, 8]
[3, 4, 6, 11, 21]
[3, 4, 5, 19, 22]
[2, 4, 6, 10, 23]
[1, 5, 6, 12, 20]
[1, 2, 8, 12, 19]
[1, 3, 6, 28]
[16, 17, 18, 19, 20, 21, 22, 23, 24, 25, 26, 27, 28]


5
process id 1
stats
5, 15, 7, 100, 1000
20220730-130145
loosing coalitions taken
[1, 3, 8, 12, 17]
[1, 2, 8, 9, 19]
[1, 2, 10, 11, 12]
[1, 2, 7, 16, 17]
[1, 3, 7, 13, 22]
[2, 3, 6, 11]
[1, 4, 6, 22, 28]
[1, 5, 6, 16, 20]
[2, 3, 5, 19]
[3, 4, 5, 10, 24]
[2, 4, 6, 9, 23]
[1, 4, 7, 8]
[2, 4, 5, 12, 22]
[1, 3, 6, 24]
[16, 17, 18, 19, 20, 21, 22, 23, 24, 25, 26, 27, 28]


5
process id 0
stats
5, 15, 7, 100, 1000
20220730-130218
loosing coalitions taken
[2, 3, 6, 14, 27]
[1, 3, 7, 13, 17]
[1, 2, 7, 12, 23]
[2, 3, 5, 21]
[1, 2, 8, 13, 16]
[1, 4, 7, 8, 26]
[1, 5, 6, 14, 19]
[1, 3, 8, 9, 12]
[3, 4, 5, 12]
[1, 2, 9, 10, 11]
[1, 4, 6, 28]
[2, 4, 5, 18]
[1, 3, 6, 26]
[3, 4, 6, 11, 21]
[16, 17, 18, 19, 20, 21, 22, 23, 24, 25, 26, 27, 28]


5
process id 0
stats
5, 15, 7, 100, 1000
20220730-130227
loosing coalitions taken
[1, 5, 6, 10, 24]
[1, 2, 7, 13, 25]
[1, 4, 7, 9, 16]
[2, 3, 6, 12]
[1, 3, 8, 9, 17]
[1, 4, 8, 10, 14]
[1, 3, 7, 14, 18]
[1, 2, 8, 11, 21]
[1, 4, 6, 27]
[2, 3, 5, 21]
[3, 4, 5, 13]
[2, 4, 5, 10, 22]
[1, 3, 6, 23]
[2, 4, 6, 8]
[16, 17, 18, 19, 20, 21, 22, 23, 24, 25, 26, 27, 28]


6
process id 5
stats
5, 15, 7, 100, 1000
20220730-130233
loosing coalitions taken
[3, 4, 6, 14, 18]
[1, 4, 8, 9, 15]
[1, 3, 7, 14, 19]
[1, 5, 6, 11, 24]
[2, 3, 6, 11]
[1, 3, 8, 13, 16]
[1, 2, 8, 10, 21]
[1, 4, 7, 11, 17]
[1, 2, 7, 9]
[2, 4, 6, 12, 13]
[1, 4, 6, 25]
[2, 4, 5, 16, 28]
[2, 3, 5, 19]
[3, 4, 5, 21, 24]
[16, 17, 18, 19, 20, 21, 22, 23, 24, 25, 26, 27, 28]


5
process id 7
stats
5, 15, 7, 100, 1000
20220730-130241
loosing coalitions taken
[1, 3, 8, 11, 19]
[1, 2, 8, 10, 17]
[1, 2, 9, 12, 14]
[1, 4, 8, 13, 14]
[1, 4, 7, 10, 19]
[1, 2, 7, 11, 26]
[1, 3, 7, 12, 17]
[2, 3, 6, 16, 20]
[1, 5, 6, 10, 22]
[2, 3, 5, 22, 23]
[3, 4, 6, 8, 26]
[3, 4, 5, 12]
[2, 4, 6, 7]
[1, 3, 6, 25, 27]
[16, 17, 18, 19, 20, 21, 22, 23, 24, 25, 26, 27, 28]


5
process id 1
stats
5, 15, 7, 100, 1000
20220730-130242
loosing coalitions taken
[1, 3, 8, 10, 18]
[1, 2, 8, 15, 17]
[2, 3, 5, 21]
[1, 2, 7, 13, 20]
[1, 4, 7, 10, 16]
[1, 2, 9, 10, 14]
[1, 3, 7, 11, 15]
[1, 5, 6, 11, 25]
[2, 4, 6, 8]
[1, 4, 6, 17]
[2, 4, 5, 18]
[3, 4, 6, 12, 16]
[2, 3, 6, 11, 23]
[3, 4, 5, 13]
[16, 17, 18, 19, 20, 21, 22, 23, 24, 25, 26, 27, 28]


6
process id 2
stats
5, 15, 7, 100, 1000
20220730-130310
loosing coalitions taken
[2, 3, 6, 15, 26]
[1, 2, 9, 11, 13]
[3, 4, 5, 17, 21]
[1, 2, 7, 8, 23]
[2, 4, 5, 13, 22]
[2, 4, 6, 8, 24]
[1, 5, 6, 12, 23]
[1, 3, 8, 9, 10]
[1, 2, 6, 28]
[2, 3, 5, 24]
[1, 4, 7, 13, 15]
[1, 3, 7, 16, 18]
[3, 4, 6, 10, 20]
[1, 4, 8, 11, 14]
[16, 17, 18, 19, 20, 21, 22, 23, 24, 25, 26, 27, 28]


6
process id 1
stats
5, 15, 7, 100, 1000
20220730-130312
loosing coalitions taken
[3, 4, 6, 12, 21]
[1, 2, 7, 13, 18]
[1, 2, 8, 12, 19]
[1, 4, 7, 9, 16]
[2, 4, 6, 15, 17]
[1, 3, 7, 14, 20]
[1, 5, 6, 10, 22]
[1, 3, 8, 15, 16]
[1, 4, 8, 10, 13]
[3, 4, 5, 18, 22]
[2, 4, 5, 21, 28]
[2, 3, 6, 13, 27]
[1, 3, 6, 26]
[2, 3, 5, 12]
[16, 17, 18, 19, 20, 21, 22, 23, 24, 25, 26, 27, 28]


6
process id 7
stats
5, 15, 7, 100, 1000
20220730-130326
loosing coalitions taken
[1, 5, 6, 14, 20]
[3, 4, 6, 11, 16]
[1, 2, 8, 13, 17]
[2, 4, 6, 9, 23]
[1, 4, 7, 12, 16]
[1, 3, 9, 10, 11]
[1, 4, 8, 9, 15]
[1, 4, 6, 22]
[1, 2, 7, 11, 18]
[1, 2, 9, 12, 14]
[3, 4, 5, 13, 27]
[2, 3, 6, 19, 21]
[2, 3, 5, 23]
[1, 3, 7, 8]
[16, 17, 18, 19, 20, 21, 22, 23, 24, 25, 26, 27, 28]


5
process id 6
stats
5, 15, 7, 100, 1000
20220730-130328
loosing coalitions taken
[1, 2, 10, 11, 12]
[1, 2, 7, 16, 17]
[1, 5, 6, 15, 19]
[1, 3, 8, 11, 17]
[2, 3, 6, 12]
[3, 4, 5, 19, 25]
[2, 4, 5, 18]
[1, 4, 6, 26]
[1, 2, 8, 13, 18]
[1, 3, 7, 12, 14]
[1, 4, 7, 8]
[2, 4, 6, 9, 17]
[2, 3, 5, 22, 23]
[3, 4, 6, 8, 22]
[16, 17, 18, 19, 20, 21, 22, 23, 24, 25, 26, 27, 28]


