Results
15
0.64
0.632

6
process id 2
stats
5, 15, 7, 100, 1000
20220730-130345
loosing coalitions taken
[1, 4, 6, 25, 27]
[1, 2, 7, 11, 26]
[1, 2, 8, 13, 18]
[1, 2, 9, 12, 14]
[2, 3, 6, 10, 23]
[3, 4, 6, 15, 16]
[2, 3, 7, 8, 9]
[1, 5, 6, 14, 22]
[2, 4, 5, 12, 25]
[2, 3, 5, 17, 26]
[3, 4, 5, 14]
[1, 3, 8, 11, 12]
[1, 4, 7, 13, 15]
[1, 3, 7, 10, 20]
[16, 17, 18, 19, 20, 21, 22, 23, 24, 25, 26, 27, 28]


5
process id 6
stats
5, 15, 7, 100, 1000
20220730-130358
loosing coalitions taken
[1, 2, 9, 12, 13]
[2, 4, 5, 16]
[1, 2, 7, 10, 24]
[1, 3, 8, 9, 19]
[1, 4, 6, 25, 28]
[1, 4, 7, 8]
[2, 3, 5, 15]
[3, 4, 5, 11]
[2, 3, 6, 14, 17]
[1, 3, 7, 11, 16]
[2, 4, 6, 15, 19]
[1, 5, 6, 13, 23]
[1, 2, 8, 11, 20]
[3, 4, 6, 10, 13]
[16, 17, 18, 19, 20, 21, 22, 23, 24, 25, 26, 27, 28]


5
process id 1
stats
5, 15, 7, 100, 1000
20220730-130404
loosing coalitions taken
[1, 3, 8, 14, 16]
[1, 4, 8, 9, 10]
[2, 3, 6, 17, 20]
[1, 4, 7, 13, 15]
[1, 2, 10, 12, 14]
[1, 2, 8, 13, 19]
[3, 4, 5, 11]
[1, 2, 7, 17, 18]
[2, 3, 5, 13]
[1, 3, 7, 12, 20]
[1, 3, 6, 22]
[1, 4, 6, 19]
[2, 4, 5, 9]
[1, 5, 6, 15, 16]
[16, 17, 18, 19, 20, 21, 22, 23, 24, 25, 26, 27, 28]


6
process id 0
stats
5, 15, 7, 100, 1000
20220730-130518
loosing coalitions taken
[1, 5, 6, 16, 18]
[1, 2, 7, 9, 22]
[1, 2, 8, 14, 19]
[1, 2, 10, 11, 13]
[1, 3, 7, 12, 17]
[1, 4, 7, 11, 15]
[2, 4, 5, 19, 27]
[1, 4, 6, 25]
[2, 3, 6, 13]
[2, 3, 5, 20]
[1, 3, 6, 23]
[3, 4, 6, 8]
[3, 4, 5, 11]
[1, 4, 8, 9, 12]
[16, 17, 18, 19, 20, 21, 22, 23, 24, 25, 26, 27, 28]


6
process id 1
stats
5, 15, 7, 100, 1000
20220730-130521
loosing coalitions taken
[1, 3, 8, 9, 17]
[1, 5, 6, 15, 17]
[2, 4, 6, 9, 25]
[3, 4, 6, 10, 21]
[1, 2, 9, 10, 12]
[2, 3, 6, 14]
[1, 3, 7, 10, 20]
[1, 4, 8, 10, 11]
[1, 2, 7, 11, 26]
[1, 4, 7, 12, 14]
[3, 4, 5, 16, 19]
[2, 3, 5, 24]
[1, 4, 6, 24, 28]
[2, 4, 5, 12]
[16, 17, 18, 19, 20, 21, 22, 23, 24, 25, 26, 27, 28]


5
process id 3
stats
5, 15, 7, 100, 1000
20220730-130525
loosing coalitions taken
[1, 2, 9, 10, 14]
[1, 5, 6, 12, 22]
[1, 4, 8, 11, 14]
[1, 3, 7, 11, 17]
[1, 3, 8, 9, 19]
[1, 2, 8, 13, 17]
[2, 3, 6, 13]
[2, 4, 5, 18]
[2, 4, 6, 11, 20]
[1, 4, 6, 23, 27]
[2, 3, 5, 20, 23]
[1, 4, 7, 13, 16]
[3, 4, 5, 11, 26]
[1, 3, 6, 26, 28]
[16, 17, 18, 19, 20, 21, 22, 23, 24, 25, 26, 27, 28]


6
process id 1
stats
5, 15, 7, 100, 1000
20220730-130533
loosing coalitions taken
[1, 5, 6, 13, 21]
[1, 4, 7, 11, 13]
[1, 3, 8, 10, 18]
[3, 4, 6, 15, 16]
[3, 4, 5, 19, 24]
[1, 2, 8, 13, 20]
[2, 4, 6, 11, 22]
[1, 4, 8, 12, 14]
[1, 4, 6, 27, 28]
[2, 3, 6, 10]
[1, 2, 7, 16, 17]
[2, 4, 5, 17, 23]
[1, 3, 7, 9, 24]
[1, 2, 9, 11, 12]
[16, 17, 18, 19, 20, 21, 22, 23, 24, 25, 26, 27, 28]


