Results
15
0.64
0.633

5
process id 3
stats
5, 15, 7, 100, 1000
20220730-130542
loosing coalitions taken
[2, 3, 6, 14]
[1, 2, 7, 11, 26]
[1, 5, 6, 12, 21]
[2, 4, 5, 18]
[1, 4, 8, 11, 14]
[1, 2, 10, 12, 13]
[3, 4, 5, 16]
[1, 4, 7, 13, 16]
[2, 3, 5, 17]
[1, 3, 6, 25]
[1, 4, 6, 22]
[1, 3, 8, 12, 16]
[1, 3, 7, 9, 14]
[1, 2, 8, 15, 17]
[16, 17, 18, 19, 20, 21, 22, 23, 24, 25, 26, 27, 28]


5
process id 4
stats
5, 15, 7, 100, 1000
20220730-130545
loosing coalitions taken
[2, 3, 6, 11]
[1, 5, 6, 12, 20]
[1, 2, 7, 16, 21]
[3, 4, 5, 19, 25]
[1, 3, 8, 10, 16]
[1, 4, 7, 13, 15]
[1, 4, 6, 25]
[1, 3, 7, 14, 22]
[2, 4, 6, 9, 20]
[1, 2, 8, 14, 20]
[2, 3, 5, 22]
[2, 4, 5, 15, 23]
[3, 4, 6, 10, 21]
[1, 4, 8, 9, 11]
[16, 17, 18, 19, 20, 21, 22, 23, 24, 25, 26, 27, 28]


5
process id 6
stats
5, 15, 7, 100, 1000
20220730-130548
loosing coalitions taken
[1, 2, 8, 13, 16]
[2, 3, 5, 22]
[2, 4, 6, 11, 18]
[1, 4, 8, 9, 10]
[1, 3, 8, 12, 18]
[1, 4, 7, 11, 15]
[3, 4, 6, 13, 21]
[1, 5, 6, 9, 21]
[3, 4, 5, 11]
[1, 3, 6, 25]
[1, 2, 7, 9, 17]
[2, 4, 5, 10]
[2, 3, 6, 14]
[1, 3, 7, 14, 22]
[16, 17, 18, 19, 20, 21, 22, 23, 24, 25, 26, 27, 28]


5
process id 2
stats
5, 15, 7, 100, 1000
20220730-130551
loosing coalitions taken
[1, 2, 7, 10, 23]
[1, 3, 7, 16, 17]
[2, 3, 7, 8, 9]
[1, 4, 7, 9, 15]
[1, 3, 9, 10, 11]
[2, 3, 6, 15, 22]
[1, 4, 8, 10, 12]
[1, 2, 8, 11, 20]
[1, 5, 6, 11, 21]
[2, 4, 5, 13]
[2, 4, 6, 8]
[3, 4, 5, 17, 21]
[1, 4, 6, 27]
[1, 3, 6, 23]
[16, 17, 18, 19, 20, 21, 22, 23, 24, 25, 26, 27, 28]


6
process id 1
stats
5, 15, 7, 100, 1000
20220730-130555
loosing coalitions taken
[1, 3, 7, 16, 18]
[1, 2, 9, 10, 14]
[3, 4, 6, 8]
[1, 2, 7, 12, 26]
[1, 2, 8, 15, 17]
[1, 4, 7, 9, 17]
[2, 4, 5, 14]
[3, 4, 5, 19, 23]
[1, 4, 6, 20]
[2, 4, 6, 10, 17]
[2, 3, 5, 17, 22]
[1, 5, 6, 11, 25]
[2, 3, 6, 13]
[1, 4, 8, 11, 12]
[16, 17, 18, 19, 20, 21, 22, 23, 24, 25, 26, 27, 28]


6
process id 6
stats
5, 15, 7, 100, 1000
20220730-130555
loosing coalitions taken
[1, 3, 7, 15, 17]
[1, 2, 8, 9, 22]
[3, 4, 6, 13, 17]
[1, 2, 7, 16, 18]
[1, 4, 8, 10, 12]
[1, 2, 10, 11, 13]
[2, 4, 6, 10, 20]
[2, 3, 5, 19, 23]
[2, 3, 6, 9, 28]
[2, 4, 5, 12, 26]
[3, 4, 5, 15]
[1, 3, 6, 26, 27]
[1, 5, 6, 11, 20]
[1, 4, 7, 9, 11]
[16, 17, 18, 19, 20, 21, 22, 23, 24, 25, 26, 27, 28]


5
process id 1
stats
5, 15, 7, 100, 1000
20220730-130600
loosing coalitions taken
[1, 3, 7, 14, 22]
[1, 2, 10, 12, 13]
[1, 2, 7, 15, 17]
[3, 4, 6, 11, 20]
[1, 4, 6, 28]
[1, 3, 9, 10, 11]
[2, 4, 5, 16]
[2, 3, 6, 12, 22]
[1, 2, 8, 9, 20]
[1, 5, 6, 10, 26]
[2, 3, 5, 24]
[1, 4, 7, 11, 13]
[3, 4, 5, 15]
[1, 3, 6, 24]
[16, 17, 18, 19, 20, 21, 22, 23, 24, 25, 26, 27, 28]


6
process id 7
stats
5, 15, 7, 100, 1000
20220730-130615
loosing coalitions taken
[2, 4, 5, 17, 26]
[1, 2, 8, 10, 21]
[1, 3, 9, 10, 11]
[2, 5, 6, 7, 14]
[1, 3, 8, 12, 19]
[2, 4, 6, 8, 25]
[1, 5, 6, 9, 23]
[1, 2, 9, 12, 13]
[1, 2, 7, 11, 23]
[3, 4, 5, 12]
[1, 4, 6, 26]
[2, 3, 5, 19, 28]
[2, 3, 6, 15, 23]
[1, 3, 7, 13, 18]
[16, 17, 18, 19, 20, 21, 22, 23, 24, 25, 26, 27, 28]


5
process id 6
stats
5, 15, 7, 100, 1000
20220730-130619
loosing coalitions taken
[1, 2, 8, 14, 18]
[1, 2, 7, 16, 21]
[2, 4, 5, 18]
[1, 4, 7, 14, 15]
[1, 4, 6, 28]
[1, 2, 9, 10, 13]
[3, 4, 5, 14, 24]
[2, 3, 6, 11]
[1, 5, 6, 15, 19]
[2, 3, 5, 21]
[1, 3, 6, 25]
[3, 4, 6, 9, 17]
[1, 3, 7, 13, 18]
[1, 3, 8, 9, 16]
[16, 17, 18, 19, 20, 21, 22, 23, 24, 25, 26, 27, 28]


6
process id 0
stats
5, 15, 7, 100, 1000
20220730-130634
loosing coalitions taken
[1, 2, 9, 11, 13]
[1, 4, 6, 27]
[1, 3, 7, 9, 18]
[2, 3, 6, 14]
[1, 4, 7, 12, 13]
[2, 4, 5, 16, 26]
[1, 5, 6, 8]
[1, 2, 8, 12, 21]
[3, 4, 5, 15, 17]
[3, 4, 6, 11, 21]
[2, 3, 5, 22]
[2, 4, 6, 13, 22]
[1, 3, 6, 26]
[1, 2, 7, 10, 25]
[16, 17, 18, 19, 20, 21, 22, 23, 24, 25, 26, 27, 28]


6
process id 5
stats
5, 15, 7, 100, 1000
20220730-130652
loosing coalitions taken
[2, 4, 5, 16]
[1, 2, 10, 11, 12]
[1, 4, 7, 12, 14]
[1, 5, 6, 12, 24]
[1, 2, 7, 9]
[1, 3, 8, 11, 19]
[3, 4, 5, 17, 24]
[1, 4, 6, 23]
[2, 4, 6, 9, 21]
[1, 3, 7, 13, 17]
[2, 3, 5, 19, 26]
[3, 4, 6, 13, 15]
[2, 3, 6, 10]
[1, 2, 8, 14, 20]
[16, 17, 18, 19, 20, 21, 22, 23, 24, 25, 26, 27, 28]


6
process id 7
stats
5, 15, 7, 100, 1000
20220730-130654
loosing coalitions taken
[2, 3, 5, 25, 27]
[3, 4, 5, 15]
[1, 2, 8, 9, 20]
[1, 4, 7, 8]
[2, 4, 6, 11, 23]
[1, 2, 10, 12, 13]
[3, 4, 6, 8]
[2, 4, 5, 17, 18]
[1, 4, 6, 24]
[1, 2, 7, 11, 27]
[2, 3, 6, 14, 28]
[1, 3, 8, 11, 16]
[1, 3, 7, 15, 20]
[1, 3, 6, 26]
[16, 17, 18, 19, 20, 21, 22, 23, 24, 25, 26, 27, 28]


6
process id 1
stats
5, 15, 7, 100, 1000
20220730-130654
loosing coalitions taken
[1, 2, 7, 15, 18]
[1, 3, 8, 11, 16]
[3, 4, 5, 21, 23]
[1, 3, 7, 14, 19]
[1, 4, 6, 25]
[2, 3, 6, 13, 24]
[1, 2, 10, 11, 13]
[3, 4, 6, 8]
[1, 2, 8, 12, 20]
[2, 4, 5, 14, 22]
[2, 3, 5, 26, 27]
[1, 3, 6, 23]
[1, 5, 6, 9, 24]
[1, 4, 7, 10, 12]
[16, 17, 18, 19, 20, 21, 22, 23, 24, 25, 26, 27, 28]


6
process id 5
stats
5, 15, 7, 100, 1000
20220730-130659
loosing coalitions taken
[1, 5, 6, 12, 23]
[3, 4, 6, 15, 17]
[1, 2, 7, 10, 26]
[1, 4, 8, 10, 12]
[1, 3, 8, 14, 16]
[1, 2, 8, 11, 19]
[1, 4, 7, 9, 13]
[2, 3, 6, 9]
[2, 4, 5, 20]
[1, 4, 6, 27]
[2, 3, 5, 26, 28]
[2, 4, 6, 16, 19]
[3, 4, 5, 11]
[1, 3, 7, 11, 15]
[16, 17, 18, 19, 20, 21, 22, 23, 24, 25, 26, 27, 28]


5
process id 5
stats
5, 15, 7, 100, 1000
20220730-130707
loosing coalitions taken
[2, 4, 6, 16, 19]
[1, 2, 7, 16, 18]
[2, 4, 5, 22, 23]
[1, 2, 9, 11, 13]
[1, 3, 8, 14, 15]
[2, 3, 6, 9]
[3, 4, 5, 15]
[1, 4, 7, 10, 14]
[1, 2, 8, 12, 17]
[1, 4, 6, 28]
[1, 3, 6, 26]
[2, 3, 5, 24]
[1, 5, 6, 8]
[3, 4, 6, 14, 20]
[16, 17, 18, 19, 20, 21, 22, 23, 24, 25, 26, 27, 28]


5
process id 7
stats
5, 15, 7, 100, 1000
20220730-130711
loosing coalitions taken
[1, 3, 7, 15, 20]
[1, 2, 10, 11, 14]
[1, 3, 8, 10, 18]
[3, 4, 6, 12, 20]
[1, 2, 8, 9, 20]
[3, 4, 5, 16]
[1, 2, 7, 16, 19]
[2, 3, 6, 15, 27]
[2, 3, 5, 22]
[2, 4, 5, 18, 24]
[2, 4, 6, 7, 28]
[1, 5, 6, 13, 21]
[1, 4, 6, 24]
[1, 4, 8, 11, 12]
[16, 17, 18, 19, 20, 21, 22, 23, 24, 25, 26, 27, 28]


6
process id 3
stats
5, 15, 7, 100, 1000
20220730-130719
loosing coalitions taken
[1, 5, 6, 13, 23]
[3, 4, 5, 14]
[1, 4, 6, 26, 27]
[2, 3, 6, 10]
[1, 3, 7, 15, 20]
[1, 4, 7, 11, 17]
[1, 3, 8, 12, 19]
[1, 2, 7, 9]
[3, 4, 6, 7]
[2, 3, 5, 20]
[2, 4, 5, 21, 26]
[1, 2, 10, 12, 14]
[2, 4, 6, 14, 19]
[1, 4, 8, 9, 13]
[16, 17, 18, 19, 20, 21, 22, 23, 24, 25, 26, 27, 28]


6
process id 5
stats
5, 15, 7, 100, 1000
20220730-130722
loosing coalitions taken
[1, 3, 7, 10, 24]
[1, 4, 8, 12, 14]
[3, 4, 6, 10, 21]
[1, 4, 7, 9, 16]
[1, 2, 9, 10, 12]
[1, 2, 8, 13, 20]
[1, 5, 6, 14, 19]
[2, 3, 6, 13, 27]
[1, 3, 8, 11, 17]
[1, 2, 7, 11, 26]
[2, 4, 5, 15, 28]
[2, 3, 5, 17, 25]
[2, 4, 6, 9, 20]
[1, 4, 6, 22]
[16, 17, 18, 19, 20, 21, 22, 23, 24, 25, 26, 27, 28]


6
process id 5
stats
5, 15, 7, 100, 1000
20220730-130724
loosing coalitions taken
[1, 2, 7, 9, 25]
[1, 4, 7, 13, 16]
[1, 4, 8, 10, 14]
[1, 3, 8, 11, 17]
[1, 3, 7, 12, 20]
[1, 2, 10, 11, 12]
[1, 5, 6, 16, 20]
[2, 3, 6, 9]
[1, 2, 8, 13, 19]
[1, 3, 6, 27]
[2, 3, 5, 25]
[1, 4, 6, 17]
[2, 4, 5, 18]
[3, 4, 5, 11]
[16, 17, 18, 19, 20, 21, 22, 23, 24, 25, 26, 27, 28]


6
process id 5
stats
5, 15, 7, 100, 1000
20220730-130728
loosing coalitions taken
[2, 3, 6, 11]
[2, 4, 5, 17]
[1, 4, 8, 12, 14]
[1, 4, 6, 22]
[1, 2, 7, 9]
[2, 4, 6, 8]
[1, 3, 7, 14, 20]
[3, 4, 5, 10]
[2, 3, 5, 22, 27]
[1, 5, 6, 15, 17]
[1, 2, 8, 13, 15]
[1, 3, 6, 23, 27]
[1, 4, 7, 11, 17]
[1, 2, 10, 11, 14]
[16, 17, 18, 19, 20, 21, 22, 23, 24, 25, 26, 27, 28]


6
process id 4
stats
5, 15, 7, 100, 1000
20220730-130740
loosing coalitions taken
[1, 2, 10, 11, 12]
[1, 5, 6, 13, 24]
[1, 4, 7, 9, 17]
[1, 3, 7, 10, 22]
[1, 4, 8, 10, 15]
[1, 2, 7, 15, 21]
[2, 3, 6, 12, 28]
[2, 3, 5, 24, 27]
[2, 4, 5, 18]
[2, 3, 7, 8, 9]
[1, 4, 6, 25, 27]
[1, 3, 8, 11, 17]
[1, 3, 6, 26]
[1, 2, 8, 13, 14]
[16, 17, 18, 19, 20, 21, 22, 23, 24, 25, 26, 27, 28]


5
process id 7
stats
5, 15, 7, 100, 1000
20220730-130742
loosing coalitions taken
[1, 5, 6, 11, 25]
[2, 3, 6, 13]
[1, 2, 7, 11, 23]
[1, 4, 7, 10, 17]
[1, 3, 7, 15, 21]
[2, 4, 5, 18]
[1, 2, 8, 15, 16]
[1, 3, 6, 27]
[3, 4, 5, 14]
[2, 4, 6, 10, 23]
[2, 3, 5, 24]
[1, 4, 6, 19]
[1, 3, 8, 11, 14]
[1, 2, 10, 12, 13]
[16, 17, 18, 19, 20, 21, 22, 23, 24, 25, 26, 27, 28]


