Results
15
0.64
0.634

6
process id 5
stats
5, 15, 7, 100, 1000
20220730-130750
loosing coalitions taken
[1, 3, 8, 12, 17]
[2, 3, 6, 11, 28]
[1, 5, 6, 10, 25]
[1, 3, 7, 11, 16]
[1, 4, 6, 26]
[2, 4, 5, 14]
[3, 4, 5, 19, 26]
[3, 4, 6, 7, 24]
[2, 4, 6, 9, 18]
[2, 3, 5, 24]
[1, 2, 7, 9]
[1, 4, 8, 10, 13]
[1, 2, 8, 14, 20]
[1, 2, 10, 11, 12]
[16, 17, 18, 19, 20, 21, 22, 23, 24, 25, 26, 27, 28]


6
process id 5
stats
5, 15, 7, 100, 1000
20220730-130757
loosing coalitions taken
[3, 4, 6, 12, 17]
[1, 2, 7, 9]
[1, 3, 8, 11, 17]
[1, 5, 6, 15, 18]
[2, 4, 6, 15, 20]
[2, 3, 5, 20]
[1, 2, 8, 10, 19]
[1, 4, 6, 21]
[2, 3, 6, 16, 24]
[2, 4, 5, 9, 28]
[1, 4, 7, 8, 18]
[1, 3, 6, 27]
[3, 4, 5, 11]
[1, 3, 7, 13, 14]
[16, 17, 18, 19, 20, 21, 22, 23, 24, 25, 26, 27, 28]


6
process id 4
stats
5, 15, 7, 100, 1000
20220730-130804
loosing coalitions taken
[1, 2, 9, 10, 11]
[2, 3, 5, 23, 26]
[1, 2, 7, 16, 18]
[1, 4, 7, 13, 15]
[2, 3, 6, 13]
[2, 4, 5, 20]
[1, 3, 7, 10, 17]
[1, 4, 6, 22]
[1, 3, 8, 11, 15]
[1, 5, 6, 9, 25]
[3, 4, 5, 10]
[1, 2, 8, 12, 21]
[3, 4, 6, 8]
[2, 4, 6, 7]
[16, 17, 18, 19, 20, 21, 22, 23, 24, 25, 26, 27, 28]


6
process id 0
stats
5, 15, 7, 100, 1000
20220730-130826
loosing coalitions taken
[1, 5, 6, 14, 21]
[1, 2, 9, 11, 12]
[2, 3, 5, 24]
[1, 4, 8, 9, 13]
[1, 2, 8, 10, 16]
[1, 2, 7, 15, 20]
[1, 4, 7, 11, 17]
[1, 3, 7, 12, 18]
[1, 3, 8, 11, 19]
[2, 4, 5, 17, 28]
[2, 3, 6, 11]
[2, 4, 6, 12, 18]
[3, 4, 5, 15, 18]
[1, 4, 6, 25, 28]
[16, 17, 18, 19, 20, 21, 22, 23, 24, 25, 26, 27, 28]


5
process id 6
stats
5, 15, 7, 100, 1000
20220730-130833
loosing coalitions taken
[1, 5, 6, 11, 23]
[1, 4, 8, 12, 13]
[1, 2, 8, 10, 21]
[1, 2, 9, 11, 14]
[2, 3, 6, 12]
[1, 2, 7, 15, 22]
[2, 4, 5, 16]
[1, 3, 8, 15, 16]
[1, 4, 6, 25]
[2, 4, 6, 7]
[3, 4, 5, 20, 22]
[3, 5, 6, 7, 15]
[2, 3, 5, 24, 28]
[1, 4, 7, 9, 17]
[16, 17, 18, 19, 20, 21, 22, 23, 24, 25, 26, 27, 28]


6
process id 6
stats
5, 15, 7, 100, 1000
20220730-130848
loosing coalitions taken
[1, 4, 7, 10, 19]
[1, 2, 10, 11, 12]
[3, 4, 5, 15]
[1, 3, 8, 11, 13]
[1, 2, 7, 9, 28]
[2, 4, 6, 14, 19]
[2, 3, 5, 22]
[2, 3, 6, 10]
[2, 4, 5, 17, 26]
[1, 4, 6, 24, 28]
[1, 3, 7, 14, 18]
[3, 4, 6, 8, 23]
[1, 5, 6, 15, 20]
[1, 4, 8, 9, 12]
[16, 17, 18, 19, 20, 21, 22, 23, 24, 25, 26, 27, 28]


5
process id 2
stats
5, 15, 7, 100, 1000
20220730-130850
loosing coalitions taken
[3, 4, 6, 14, 19]
[2, 3, 7, 8, 9]
[1, 2, 8, 13, 19]
[2, 3, 5, 24]
[1, 4, 6, 28]
[1, 3, 8, 11, 18]
[1, 3, 7, 15, 20]
[1, 2, 9, 10, 14]
[1, 5, 6, 16, 20]
[1, 3, 6, 23]
[3, 4, 5, 16]
[2, 4, 5, 9]
[2, 3, 6, 13]
[1, 4, 7, 12, 16]
[16, 17, 18, 19, 20, 21, 22, 23, 24, 25, 26, 27, 28]


5
process id 7
stats
5, 15, 7, 100, 1000
20220730-130855
loosing coalitions taken
[1, 2, 7, 11, 26]
[1, 2, 8, 13, 16]
[1, 4, 7, 8]
[1, 5, 6, 13, 18]
[3, 4, 6, 15, 17]
[3, 4, 5, 12]
[2, 4, 6, 10, 24]
[2, 3, 6, 12]
[2, 3, 5, 21]
[2, 4, 5, 9]
[1, 3, 8, 12, 18]
[1, 4, 6, 28]
[1, 3, 6, 27]
[1, 3, 7, 10, 21]
[16, 17, 18, 19, 20, 21, 22, 23, 24, 25, 26, 27, 28]


6
process id 0
stats
5, 15, 7, 100, 1000
20220730-130858
loosing coalitions taken
[2, 3, 6, 12]
[1, 2, 8, 13, 20]
[1, 4, 7, 8, 22]
[1, 3, 8, 11, 19]
[1, 2, 7, 15, 19]
[1, 2, 10, 11, 14]
[1, 4, 6, 27]
[1, 3, 7, 10, 23]
[2, 4, 6, 14, 21]
[2, 4, 5, 13, 28]
[3, 4, 5, 21, 22]
[1, 5, 6, 15, 17]
[3, 4, 6, 7]
[2, 3, 5, 20]
[16, 17, 18, 19, 20, 21, 22, 23, 24, 25, 26, 27, 28]


5
process id 4
stats
5, 15, 7, 100, 1000
20220730-130921
loosing coalitions taken
[1, 2, 7, 13, 21]
[1, 3, 8, 11, 15]
[2, 3, 6, 17, 19]
[2, 5, 6, 7, 16]
[1, 3, 7, 9, 22]
[1, 2, 10, 11, 12]
[2, 4, 5, 11]
[1, 5, 6, 14, 22]
[1, 2, 8, 9, 20]
[1, 4, 6, 27, 28]
[2, 3, 5, 21]
[2, 4, 6, 8]
[1, 4, 8, 12, 13]
[3, 4, 5, 12, 28]
[16, 17, 18, 19, 20, 21, 22, 23, 24, 25, 26, 27, 28]


6
process id 6
stats
5, 15, 7, 100, 1000
20220730-130929
loosing coalitions taken
[1, 4, 8, 12, 13]
[1, 4, 7, 9, 18]
[1, 2, 8, 11, 18]
[2, 3, 6, 9]
[1, 3, 7, 10, 21]
[1, 2, 7, 12, 23]
[2, 4, 6, 11, 20]
[1, 5, 6, 13, 14]
[2, 3, 5, 17]
[2, 4, 5, 18, 28]
[1, 2, 9, 10, 14]
[1, 4, 6, 23]
[3, 4, 5, 10]
[1, 3, 8, 15, 16]
[16, 17, 18, 19, 20, 21, 22, 23, 24, 25, 26, 27, 28]


5
process id 5
stats
5, 15, 7, 100, 1000
20220730-130929
loosing coalitions taken
[1, 2, 7, 14, 24]
[1, 3, 8, 14, 16]
[1, 4, 8, 9, 12]
[1, 3, 7, 11, 17]
[1, 2, 8, 13, 18]
[3, 4, 5, 13]
[2, 4, 6, 8, 25]
[1, 3, 6, 27]
[2, 4, 5, 11, 26]
[1, 5, 6, 9, 21]
[2, 3, 6, 12]
[3, 4, 6, 11, 19]
[2, 3, 5, 18]
[1, 4, 7, 13, 15]
[16, 17, 18, 19, 20, 21, 22, 23, 24, 25, 26, 27, 28]


6
process id 0
stats
5, 15, 7, 100, 1000
20220730-130929
loosing coalitions taken
[1, 2, 8, 12, 21]
[1, 4, 6, 26, 27]
[1, 4, 7, 8]
[1, 2, 9, 11, 14]
[2, 4, 6, 12, 17]
[2, 3, 6, 11]
[3, 4, 5, 15]
[1, 5, 6, 12, 24]
[2, 4, 5, 20]
[1, 2, 7, 15, 17]
[1, 3, 7, 13, 18]
[2, 3, 5, 24, 27]
[3, 4, 6, 8]
[1, 3, 8, 14, 15]
[16, 17, 18, 19, 20, 21, 22, 23, 24, 25, 26, 27, 28]


5
process id 2
stats
5, 15, 7, 100, 1000
20220730-130937
loosing coalitions taken
[1, 2, 8, 13, 17]
[1, 2, 7, 15, 20]
[2, 3, 6, 11, 28]
[2, 3, 7, 8, 10]
[1, 3, 8, 14, 16]
[3, 4, 5, 15]
[2, 4, 5, 18, 21]
[1, 5, 6, 16, 20]
[1, 4, 6, 27]
[2, 3, 5, 16, 26]
[1, 3, 6, 26]
[2, 4, 6, 13, 22]
[1, 4, 7, 13, 14]
[3, 4, 6, 8, 24]
[16, 17, 18, 19, 20, 21, 22, 23, 24, 25, 26, 27, 28]


5
process id 7
stats
5, 15, 7, 100, 1000
20220730-130940
loosing coalitions taken
[2, 4, 6, 15, 18]
[1, 3, 7, 16, 17]
[1, 3, 8, 11, 19]
[1, 2, 10, 12, 14]
[1, 2, 8, 13, 20]
[2, 3, 5, 24]
[2, 4, 5, 17, 22]
[3, 4, 5, 16, 21]
[1, 4, 6, 25, 26]
[2, 3, 6, 12]
[1, 2, 7, 9]
[1, 3, 6, 27]
[1, 4, 7, 8, 21]
[1, 5, 6, 9, 21]
[16, 17, 18, 19, 20, 21, 22, 23, 24, 25, 26, 27, 28]


5
process id 7
stats
5, 15, 7, 100, 1000
20220730-130949
loosing coalitions taken
[1, 3, 8, 10, 19]
[1, 2, 7, 10, 26]
[1, 3, 7, 11, 17]
[1, 4, 7, 14, 15]
[1, 2, 8, 9, 16]
[1, 4, 6, 22]
[2, 3, 6, 16, 23]
[3, 4, 5, 13, 25]
[1, 3, 6, 28]
[2, 3, 5, 19]
[1, 5, 6, 16, 17]
[2, 4, 5, 17]
[3, 4, 6, 8]
[2, 4, 6, 11, 24]
[16, 17, 18, 19, 20, 21, 22, 23, 24, 25, 26, 27, 28]


