Results
15
0.64
0.635

6
process id 7
stats
5, 15, 7, 100, 1000
20220730-130958
loosing coalitions taken
[1, 2, 7, 14, 23]
[1, 3, 8, 9, 18]
[2, 4, 5, 20, 28]
[3, 4, 6, 14, 17]
[1, 2, 9, 12, 13]
[2, 3, 6, 11]
[3, 4, 5, 19, 22]
[1, 2, 8, 10, 21]
[1, 4, 6, 23]
[2, 3, 5, 25]
[1, 5, 6, 16, 20]
[1, 4, 7, 8]
[1, 3, 7, 13, 15]
[2, 4, 6, 10, 16]
[16, 17, 18, 19, 20, 21, 22, 23, 24, 25, 26, 27, 28]


5
process id 0
stats
5, 15, 7, 100, 1000
20220730-131000
loosing coalitions taken
[3, 4, 6, 11, 17]
[1, 4, 7, 12, 16]
[1, 2, 8, 11, 18]
[2, 3, 6, 13]
[1, 2, 9, 10, 14]
[1, 2, 7, 17, 19]
[1, 3, 7, 9, 20]
[2, 4, 5, 19]
[1, 4, 6, 25]
[2, 3, 5, 23]
[1, 3, 6, 26]
[3, 4, 5, 15, 25]
[2, 4, 6, 10, 24]
[1, 5, 6, 13, 22]
[16, 17, 18, 19, 20, 21, 22, 23, 24, 25, 26, 27, 28]


5
process id 0
stats
5, 15, 7, 100, 1000
20220730-131001
loosing coalitions taken
[2, 3, 6, 13]
[1, 4, 7, 10, 19]
[1, 2, 7, 12, 21]
[1, 3, 9, 10, 12]
[1, 2, 8, 11, 17]
[1, 5, 6, 15, 21]
[1, 4, 6, 28]
[3, 4, 5, 16]
[2, 4, 6, 10, 16]
[2, 4, 5, 13]
[2, 3, 5, 23]
[1, 4, 8, 9, 15]
[1, 3, 7, 8, 23]
[3, 4, 6, 14, 18]
[16, 17, 18, 19, 20, 21, 22, 23, 24, 25, 26, 27, 28]


6
process id 3
stats
5, 15, 7, 100, 1000
20220730-131002
loosing coalitions taken
[1, 2, 7, 11, 24]
[2, 3, 6, 13, 25]
[2, 4, 6, 11, 23]
[1, 4, 7, 9, 18]
[1, 2, 10, 12, 14]
[2, 4, 5, 18]
[1, 3, 7, 13, 19]
[2, 3, 7, 8, 10]
[1, 3, 8, 11, 12]
[1, 4, 6, 26]
[3, 4, 5, 13, 27]
[3, 4, 6, 8]
[2, 3, 5, 21]
[1, 5, 6, 10, 22]
[16, 17, 18, 19, 20, 21, 22, 23, 24, 25, 26, 27, 28]


5
process id 4
stats
5, 15, 7, 100, 1000
20220730-131003
loosing coalitions taken
[2, 3, 6, 12]
[1, 4, 7, 8]
[2, 4, 5, 18]
[1, 3, 7, 10, 24]
[3, 4, 6, 10, 16]
[3, 4, 5, 14, 25]
[2, 4, 6, 11, 24]
[2, 3, 5, 21]
[1, 4, 6, 28]
[1, 3, 8, 12, 15]
[1, 2, 7, 11, 27]
[1, 3, 6, 26]
[1, 5, 6, 15, 20]
[1, 2, 8, 9, 20]
[16, 17, 18, 19, 20, 21, 22, 23, 24, 25, 26, 27, 28]


5
process id 1
stats
5, 15, 7, 100, 1000
20220730-131006
loosing coalitions taken
[1, 5, 6, 13, 24]
[2, 3, 6, 14]
[3, 4, 5, 20, 23]
[2, 4, 5, 18]
[1, 4, 6, 27]
[1, 2, 8, 9, 20]
[1, 3, 7, 10, 23]
[1, 2, 10, 12, 13]
[2, 3, 5, 25]
[1, 4, 7, 8]
[1, 2, 7, 14, 15]
[3, 4, 6, 13, 19]
[2, 4, 6, 12, 21]
[1, 3, 8, 11, 15]
[16, 17, 18, 19, 20, 21, 22, 23, 24, 25, 26, 27, 28]


5
process id 0
stats
5, 15, 7, 100, 1000
20220730-131009
loosing coalitions taken
[1, 2, 7, 11, 26]
[1, 3, 8, 9, 18]
[3, 4, 6, 12, 20]
[1, 3, 7, 15, 20]
[3, 4, 5, 15]
[1, 4, 7, 14, 16]
[2, 4, 6, 8]
[1, 5, 6, 9, 26]
[2, 4, 5, 18, 26]
[1, 3, 6, 27]
[2, 3, 5, 23]
[2, 3, 6, 11]
[1, 4, 8, 11, 12]
[1, 2, 10, 12, 13]
[16, 17, 18, 19, 20, 21, 22, 23, 24, 25, 26, 27, 28]


5
process id 3
stats
5, 15, 7, 100, 1000
20220730-131009
loosing coalitions taken
[2, 3, 5, 25]
[1, 2, 10, 11, 13]
[1, 2, 8, 12, 19]
[1, 3, 7, 13, 18]
[1, 5, 6, 15, 19]
[1, 3, 8, 14, 15]
[1, 4, 7, 10, 16]
[1, 2, 7, 9]
[2, 4, 6, 10, 24]
[3, 4, 5, 12]
[1, 3, 6, 28]
[2, 4, 5, 16]
[1, 4, 6, 22]
[2, 3, 6, 9]
[16, 17, 18, 19, 20, 21, 22, 23, 24, 25, 26, 27, 28]


5
process id 4
stats
5, 15, 7, 100, 1000
20220730-131010
loosing coalitions taken
[1, 3, 7, 15, 21]
[1, 4, 7, 8]
[2, 4, 5, 20]
[1, 5, 6, 11, 25]
[2, 3, 6, 11, 27]
[1, 2, 10, 11, 12]
[3, 4, 5, 12]
[2, 3, 5, 19]
[2, 4, 6, 16, 18]
[1, 4, 6, 22]
[1, 2, 7, 9]
[1, 2, 8, 14, 20]
[1, 3, 6, 26]
[3, 4, 6, 8]
[16, 17, 18, 19, 20, 21, 22, 23, 24, 25, 26, 27, 28]


6
process id 2
stats
5, 15, 7, 100, 1000
20220730-131015
loosing coalitions taken
[3, 4, 6, 13, 20]
[1, 4, 7, 11, 15]
[1, 4, 8, 9, 13]
[1, 2, 9, 10, 12]
[2, 3, 6, 18, 19]
[1, 5, 6, 15, 21]
[1, 4, 6, 25, 27]
[2, 3, 7, 8, 10]
[1, 2, 8, 11, 21]
[2, 4, 6, 11, 23]
[1, 2, 7, 14, 18]
[2, 3, 5, 25]
[1, 3, 7, 13, 22]
[1, 3, 6, 26]
[16, 17, 18, 19, 20, 21, 22, 23, 24, 25, 26, 27, 28]


5
process id 0
stats
5, 15, 7, 100, 1000
20220730-131017
loosing coalitions taken
[2, 3, 6, 14, 24]
[1, 3, 7, 10, 23]
[1, 4, 7, 8]
[1, 2, 9, 11, 12]
[3, 4, 6, 9, 21]
[2, 3, 5, 22]
[2, 4, 6, 11, 23]
[3, 4, 5, 11, 28]
[1, 4, 6, 28]
[2, 4, 5, 10]
[1, 5, 6, 12, 19]
[1, 2, 7, 15, 20]
[1, 2, 8, 14, 17]
[1, 3, 6, 26]
[16, 17, 18, 19, 20, 21, 22, 23, 24, 25, 26, 27, 28]


6
process id 3
stats
5, 15, 7, 100, 1000
20220730-131021
loosing coalitions taken
[1, 2, 8, 10, 20]
[1, 3, 8, 9, 16]
[1, 2, 9, 11, 12]
[2, 4, 5, 16]
[3, 4, 6, 10, 20]
[2, 3, 6, 14]
[1, 2, 7, 17, 19]
[1, 3, 7, 12, 21]
[2, 4, 6, 13, 21]
[2, 3, 5, 24]
[1, 5, 6, 10, 26]
[1, 4, 6, 22]
[1, 4, 7, 9, 15]
[3, 4, 5, 15]
[16, 17, 18, 19, 20, 21, 22, 23, 24, 25, 26, 27, 28]


5
process id 5
stats
5, 15, 7, 100, 1000
20220730-131021
loosing coalitions taken
[1, 3, 7, 14, 19]
[1, 4, 7, 13, 15]
[1, 4, 8, 10, 12]
[1, 3, 8, 9, 20]
[1, 4, 6, 27, 28]
[1, 2, 7, 10, 23]
[2, 3, 6, 12]
[1, 5, 6, 13, 24]
[2, 3, 5, 19]
[3, 4, 5, 14]
[1, 3, 6, 25]
[2, 4, 6, 11, 18]
[1, 2, 8, 11, 21]
[2, 4, 5, 10]
[16, 17, 18, 19, 20, 21, 22, 23, 24, 25, 26, 27, 28]


6
process id 4
stats
5, 15, 7, 100, 1000
20220730-131022
loosing coalitions taken
[1, 2, 8, 15, 16]
[1, 4, 7, 13, 16]
[1, 5, 6, 14, 19]
[1, 3, 7, 12, 17]
[1, 2, 9, 11, 12]
[2, 4, 5, 18, 26]
[1, 2, 7, 10, 27]
[3, 4, 5, 17, 28]
[2, 3, 6, 12, 23]
[2, 3, 5, 20]
[2, 4, 6, 11, 24]
[1, 4, 6, 26, 27]
[1, 3, 8, 13, 14]
[3, 4, 6, 8]
[16, 17, 18, 19, 20, 21, 22, 23, 24, 25, 26, 27, 28]


5
process id 2
stats
5, 15, 7, 100, 1000
20220730-131033
loosing coalitions taken
[1, 4, 8, 10, 13]
[1, 3, 7, 15, 17]
[2, 3, 5, 25, 26]
[2, 4, 6, 16, 17]
[1, 4, 6, 27, 28]
[2, 3, 6, 13, 27]
[2, 3, 7, 8, 9]
[1, 2, 7, 10, 22]
[1, 5, 6, 12, 24]
[2, 5, 6, 7, 14]
[3, 4, 6, 12, 18]
[2, 4, 5, 11, 27]
[1, 2, 8, 12, 21]
[3, 4, 5, 15]
[16, 17, 18, 19, 20, 21, 22, 23, 24, 25, 26, 27, 28]


6
process id 5
stats
5, 15, 7, 100, 1000
20220730-131033
loosing coalitions taken
[1, 5, 6, 15, 18]
[2, 3, 6, 12, 26]
[3, 4, 6, 14, 20]
[1, 2, 9, 10, 11]
[1, 3, 7, 10, 23]
[1, 3, 8, 9, 19]
[1, 2, 8, 13, 17]
[2, 4, 6, 16, 18]
[1, 2, 7, 16, 21]
[1, 4, 7, 14, 15]
[1, 4, 8, 11, 12]
[2, 4, 5, 21, 27]
[2, 3, 5, 19]
[1, 3, 6, 28]
[16, 17, 18, 19, 20, 21, 22, 23, 24, 25, 26, 27, 28]


5
process id 4
stats
5, 15, 7, 100, 1000
20220730-131035
loosing coalitions taken
[1, 2, 9, 11, 14]
[1, 4, 7, 8]
[2, 4, 6, 14, 22]
[2, 4, 5, 20]
[1, 5, 6, 9, 25]
[1, 4, 6, 26]
[2, 3, 6, 13, 25]
[3, 4, 5, 12]
[2, 3, 5, 22]
[1, 2, 8, 10, 15]
[3, 4, 6, 8]
[1, 3, 7, 12, 21]
[1, 2, 7, 16, 19]
[1, 3, 8, 9, 18]
[16, 17, 18, 19, 20, 21, 22, 23, 24, 25, 26, 27, 28]


5
process id 6
stats
5, 15, 7, 100, 1000
20220730-131035
loosing coalitions taken
[2, 3, 5, 25]
[1, 2, 9, 11, 13]
[2, 4, 6, 10, 23]
[1, 3, 7, 12, 22]
[1, 2, 8, 12, 19]
[1, 2, 7, 15, 18]
[3, 4, 5, 20, 21]
[1, 3, 6, 25]
[2, 3, 6, 14]
[2, 4, 5, 16]
[2, 3, 7, 8, 10]
[1, 4, 6, 28]
[1, 5, 6, 11, 22]
[1, 4, 8, 11, 14]
[16, 17, 18, 19, 20, 21, 22, 23, 24, 25, 26, 27, 28]


5
process id 2
stats
5, 15, 7, 100, 1000
20220730-131035
loosing coalitions taken
[1, 3, 8, 15, 16]
[1, 4, 7, 8, 24]
[1, 3, 7, 14, 18]
[1, 2, 7, 16, 17]
[1, 2, 10, 12, 13]
[1, 5, 6, 11, 23]
[1, 2, 9, 11, 14]
[2, 3, 5, 20]
[3, 4, 6, 14, 20]
[1, 4, 6, 28]
[2, 3, 6, 12, 25]
[3, 4, 5, 9]
[2, 4, 5, 13]
[1, 3, 6, 27]
[16, 17, 18, 19, 20, 21, 22, 23, 24, 25, 26, 27, 28]


5
process id 7
stats
5, 15, 7, 100, 1000
20220730-131042
loosing coalitions taken
[1, 2, 10, 12, 14]
[1, 3, 8, 14, 16]
[2, 3, 5, 24]
[2, 4, 6, 10, 23]
[1, 3, 7, 15, 20]
[1, 4, 8, 10, 15]
[3, 4, 6, 13, 21]
[1, 2, 7, 11, 27]
[1, 2, 8, 9, 22]
[1, 4, 6, 28]
[3, 4, 5, 10]
[2, 4, 5, 9]
[2, 3, 6, 14]
[1, 4, 7, 9, 14]
[16, 17, 18, 19, 20, 21, 22, 23, 24, 25, 26, 27, 28]


5
process id 5
stats
5, 15, 7, 100, 1000
20220730-131047
loosing coalitions taken
[1, 4, 7, 13, 16]
[1, 2, 8, 14, 19]
[1, 4, 8, 9, 15]
[1, 2, 7, 9]
[2, 3, 6, 13, 24]
[2, 4, 6, 15, 19]
[3, 4, 5, 13]
[2, 4, 5, 18]
[2, 3, 5, 25]
[1, 4, 6, 27]
[1, 3, 6, 25]
[1, 5, 6, 9, 20]
[1, 3, 8, 11, 18]
[1, 3, 7, 14, 15]
[16, 17, 18, 19, 20, 21, 22, 23, 24, 25, 26, 27, 28]


6
process id 2
stats
5, 15, 7, 100, 1000
20220730-131048
loosing coalitions taken
[1, 2, 8, 10, 17]
[1, 3, 8, 11, 18]
[1, 2, 9, 11, 14]
[1, 3, 7, 14, 21]
[1, 4, 6, 28]
[2, 3, 6, 18, 19]
[2, 3, 5, 20, 24]
[1, 4, 7, 8, 23]
[3, 4, 6, 11, 20]
[1, 5, 6, 9, 25]
[2, 4, 5, 13, 26]
[2, 4, 6, 8]
[2, 5, 6, 7, 16]
[3, 4, 5, 10]
[16, 17, 18, 19, 20, 21, 22, 23, 24, 25, 26, 27, 28]


6
process id 2
stats
5, 15, 7, 100, 1000
20220730-131100
loosing coalitions taken
[1, 3, 9, 10, 11]
[2, 4, 5, 19, 27]
[1, 2, 8, 11, 18]
[1, 2, 9, 12, 14]
[1, 3, 8, 12, 17]
[2, 3, 6, 14]
[3, 4, 5, 15]
[1, 2, 7, 10, 25]
[1, 3, 7, 13, 18]
[1, 5, 6, 11, 21]
[3, 4, 6, 9, 16]
[2, 3, 5, 21]
[1, 4, 6, 27]
[2, 4, 6, 13, 20]
[16, 17, 18, 19, 20, 21, 22, 23, 24, 25, 26, 27, 28]


5
process id 5
stats
5, 15, 7, 100, 1000
20220730-131104
loosing coalitions taken
[1, 2, 10, 11, 12]
[1, 2, 7, 16, 17]
[1, 2, 8, 14, 20]
[3, 4, 6, 13, 19]
[2, 4, 6, 10, 24]
[2, 3, 5, 19, 27]
[3, 4, 5, 15]
[1, 5, 6, 12, 21]
[1, 4, 6, 23, 26]
[2, 4, 5, 20]
[2, 3, 6, 15, 23]
[2, 5, 6, 8, 9]
[1, 4, 7, 8, 28]
[1, 3, 7, 10, 15]
[16, 17, 18, 19, 20, 21, 22, 23, 24, 25, 26, 27, 28]


6
process id 6
stats
5, 15, 7, 100, 1000
20220730-131114
loosing coalitions taken
[1, 2, 9, 10, 13]
[1, 2, 8, 12, 21]
[1, 2, 7, 11, 24]
[3, 4, 6, 8]
[1, 4, 7, 12, 14]
[2, 3, 5, 20]
[1, 5, 6, 12, 23]
[1, 4, 6, 28]
[2, 4, 5, 16]
[3, 4, 5, 15, 26]
[2, 4, 6, 10, 17]
[1, 3, 8, 9, 19]
[2, 3, 6, 14]
[1, 3, 7, 15, 18]
[16, 17, 18, 19, 20, 21, 22, 23, 24, 25, 26, 27, 28]


6
process id 4
stats
5, 15, 7, 100, 1000
20220730-131119
loosing coalitions taken
[1, 2, 7, 14, 24]
[2, 4, 5, 20, 28]
[1, 4, 7, 11, 16]
[1, 2, 8, 11, 20]
[1, 3, 8, 10, 17]
[2, 3, 6, 13]
[1, 2, 9, 10, 12]
[1, 3, 7, 12, 22]
[1, 5, 6, 10, 22]
[2, 3, 5, 24]
[1, 4, 6, 27]
[3, 4, 5, 12]
[1, 4, 8, 12, 14]
[2, 4, 6, 9, 19]
[16, 17, 18, 19, 20, 21, 22, 23, 24, 25, 26, 27, 28]


5
process id 0
stats
5, 15, 7, 100, 1000
20220730-131125
loosing coalitions taken
[1, 5, 6, 16, 18]
[1, 3, 9, 10, 11]
[1, 4, 7, 9, 18]
[1, 3, 7, 15, 20]
[2, 4, 6, 9, 24]
[3, 4, 6, 8, 26]
[1, 2, 8, 9, 20]
[2, 3, 5, 21, 24]
[1, 4, 6, 25]
[3, 4, 5, 11]
[2, 3, 6, 14]
[2, 4, 5, 16]
[1, 2, 7, 14, 23]
[1, 3, 6, 27]
[16, 17, 18, 19, 20, 21, 22, 23, 24, 25, 26, 27, 28]


6
process id 1
stats
5, 15, 7, 100, 1000
20220730-131135
loosing coalitions taken
[1, 3, 8, 9, 18]
[2, 3, 6, 12]
[2, 4, 5, 18, 24]
[1, 2, 8, 15, 17]
[3, 4, 5, 19, 23]
[1, 2, 9, 10, 11]
[1, 3, 7, 13, 22]
[2, 4, 6, 13, 21]
[3, 4, 6, 8, 24]
[2, 3, 5, 22, 28]
[1, 2, 7, 12, 16]
[1, 5, 6, 16, 18]
[1, 4, 6, 25]
[1, 4, 7, 14, 15]
[16, 17, 18, 19, 20, 21, 22, 23, 24, 25, 26, 27, 28]


6
process id 6
stats
5, 15, 7, 100, 1000
20220730-131137
loosing coalitions taken
[2, 3, 6, 13]
[1, 4, 6, 24]
[1, 3, 8, 9, 16]
[1, 2, 9, 10, 11]
[1, 3, 7, 11, 15]
[2, 4, 5, 19, 23]
[3, 4, 6, 8]
[3, 4, 5, 15, 22]
[2, 3, 5, 21]
[2, 4, 6, 16, 17]
[1, 3, 6, 27]
[1, 2, 7, 13, 18]
[1, 5, 6, 14, 20]
[1, 4, 7, 8]
[16, 17, 18, 19, 20, 21, 22, 23, 24, 25, 26, 27, 28]


6
process id 2
stats
5, 15, 7, 100, 1000
20220730-131139
loosing coalitions taken
[1, 2, 7, 16, 18]
[3, 4, 5, 19, 23]
[3, 4, 6, 13, 20]
[1, 3, 8, 11, 18]
[2, 3, 6, 9]
[2, 4, 5, 20, 26]
[1, 5, 6, 10, 25]
[1, 2, 8, 10, 19]
[1, 3, 7, 10, 20]
[1, 3, 6, 28]
[1, 4, 6, 27]
[2, 4, 6, 16, 19]
[1, 4, 7, 14, 15]
[2, 3, 5, 15]
[16, 17, 18, 19, 20, 21, 22, 23, 24, 25, 26, 27, 28]


6
process id 5
stats
5, 15, 7, 100, 1000
20220730-131141
loosing coalitions taken
[1, 2, 7, 9, 22]
[1, 3, 7, 13, 20]
[1, 2, 10, 11, 13]
[2, 3, 6, 11]
[3, 4, 5, 13]
[1, 2, 8, 14, 16]
[3, 4, 6, 12, 20]
[1, 5, 6, 15, 18]
[1, 4, 6, 22, 24]
[2, 4, 5, 16, 22]
[2, 3, 5, 20]
[1, 3, 8, 9, 19]
[2, 4, 6, 8]
[1, 4, 7, 8]
[16, 17, 18, 19, 20, 21, 22, 23, 24, 25, 26, 27, 28]


6
process id 3
stats
5, 15, 7, 100, 1000
20220730-131141
loosing coalitions taken
[2, 4, 6, 14, 20]
[1, 4, 7, 8, 21]
[1, 3, 7, 11, 18]
[1, 2, 8, 13, 20]
[1, 2, 9, 10, 12]
[1, 3, 8, 9, 19]
[1, 5, 6, 10, 21]
[1, 2, 7, 16, 19]
[3, 4, 6, 12, 19]
[1, 4, 6, 24]
[2, 3, 5, 20, 27]
[3, 4, 5, 13, 22]
[2, 3, 6, 10]
[2, 4, 5, 12]
[16, 17, 18, 19, 20, 21, 22, 23, 24, 25, 26, 27, 28]


5
process id 6
stats
5, 15, 7, 100, 1000
20220730-131148
loosing coalitions taken
[1, 2, 7, 11, 22]
[1, 5, 6, 10, 18]
[1, 4, 8, 10, 14]
[1, 2, 8, 9, 19]
[1, 4, 7, 9, 13]
[2, 4, 6, 14, 19]
[3, 4, 6, 9, 20]
[3, 4, 5, 18, 21]
[1, 3, 7, 14, 20]
[1, 3, 8, 11, 12]
[2, 4, 5, 12, 26]
[2, 3, 5, 20]
[1, 4, 6, 27]
[1, 2, 10, 12, 13]
[16, 17, 18, 19, 20, 21, 22, 23, 24, 25, 26, 27, 28]


5
process id 7
stats
5, 15, 7, 100, 1000
20220730-131154
loosing coalitions taken
[2, 4, 5, 19]
[1, 3, 7, 11, 21]
[1, 5, 6, 13, 20]
[1, 2, 8, 15, 17]
[1, 2, 7, 10, 25]
[2, 3, 6, 12]
[1, 2, 9, 11, 13]
[1, 4, 6, 27]
[2, 3, 5, 18]
[2, 4, 6, 10, 20]
[3, 4, 6, 8]
[3, 4, 5, 9]
[1, 3, 8, 10, 12]
[1, 4, 7, 8]
[16, 17, 18, 19, 20, 21, 22, 23, 24, 25, 26, 27, 28]


5
process id 7
stats
5, 15, 7, 100, 1000
20220730-131156
loosing coalitions taken
[1, 2, 8, 11, 17]
[1, 2, 10, 12, 14]
[1, 4, 7, 8, 28]
[2, 3, 6, 13]
[3, 4, 5, 11]
[1, 3, 8, 10, 16]
[1, 4, 6, 23]
[1, 2, 7, 13, 23]
[2, 4, 5, 20, 22]
[2, 4, 6, 16, 19]
[1, 5, 6, 12, 24]
[1, 3, 7, 11, 19]
[3, 4, 6, 7]
[2, 3, 5, 17, 23]
[16, 17, 18, 19, 20, 21, 22, 23, 24, 25, 26, 27, 28]


