Results
15
0.62
0.642

5
process id 2
stats
5, 15, 7, 100, 1000
20220818-105320
loosing coalitions taken
[1, 2, 7, 9]
[3, 4, 5, 18, 22]
[1, 3, 8, 14, 15]
[2, 3, 6, 13, 25]
[3, 4, 6, 12, 19]
[1, 3, 7, 11, 17]
[2, 4, 6, 10, 24]
[1, 4, 6, 26, 28]
[2, 4, 5, 17]
[2, 3, 5, 23]
[1, 2, 8, 13, 17]
[1, 4, 7, 12, 15]
[1, 5, 6, 13, 24]
[1, 4, 8, 9, 10]
[16, 17, 18, 19, 20, 21, 22, 23, 24, 25, 26, 27, 28]


5
process id 3
stats
5, 15, 7, 100, 1000
20220818-105321
loosing coalitions taken
[1, 2, 8, 13, 20]
[1, 5, 6, 11, 25]
[1, 2, 9, 11, 14]
[1, 2, 7, 10, 23]
[3, 4, 5, 16]
[1, 3, 7, 11, 21]
[2, 3, 6, 10]
[1, 4, 7, 12, 14]
[2, 4, 5, 17]
[1, 4, 6, 26]
[2, 3, 7, 8, 9]
[2, 3, 5, 25]
[3, 4, 6, 9, 22]
[2, 4, 6, 14, 21]
[16, 17, 18, 19, 20, 21, 22, 23, 24, 25, 26, 27, 28]


6
process id 1
stats
5, 15, 7, 100, 1000
20220818-105322
loosing coalitions taken
[1, 3, 8, 9, 20]
[1, 4, 7, 8]
[1, 5, 6, 14, 22]
[1, 2, 10, 12, 14]
[3, 4, 6, 12, 21]
[2, 4, 6, 13, 17]
[1, 2, 8, 11, 19]
[2, 3, 6, 10]
[2, 4, 5, 20]
[1, 2, 7, 15, 20]
[2, 3, 5, 25]
[1, 4, 6, 27]
[3, 4, 5, 18, 22]
[1, 3, 7, 11, 22]
[16, 17, 18, 19, 20, 21, 22, 23, 24, 25, 26, 27, 28]


5
process id 6
stats
5, 15, 7, 100, 1000
20220818-105323
loosing coalitions taken
[1, 5, 6, 11, 24]
[2, 3, 6, 13]
[1, 2, 7, 16, 20]
[2, 4, 5, 19]
[1, 2, 9, 11, 12]
[1, 2, 8, 14, 17]
[1, 3, 8, 12, 16]
[1, 3, 7, 13, 21]
[2, 4, 6, 11, 23]
[2, 3, 5, 20]
[1, 4, 6, 26]
[3, 4, 5, 16]
[3, 4, 6, 8]
[1, 4, 7, 8]
[16, 17, 18, 19, 20, 21, 22, 23, 24, 25, 26, 27, 28]


5
process id 4
stats
5, 15, 7, 100, 1000
20220818-105323
loosing coalitions taken
[1, 4, 8, 12, 13]
[2, 3, 5, 25]
[1, 5, 6, 12, 22]
[1, 2, 7, 9]
[2, 4, 6, 16, 17]
[3, 4, 6, 9, 22]
[1, 3, 8, 10, 16]
[1, 4, 6, 28]
[1, 3, 7, 14, 21]
[2, 3, 6, 12]
[3, 4, 5, 13]
[1, 4, 7, 11, 15]
[1, 2, 8, 11, 21]
[2, 4, 5, 19, 24]
[16, 17, 18, 19, 20, 21, 22, 23, 24, 25, 26, 27, 28]


5
process id 1
stats
5, 15, 7, 100, 1000
20220818-105324
loosing coalitions taken
[1, 4, 8, 13, 14]
[1, 4, 7, 9, 16]
[1, 2, 7, 10, 26]
[1, 2, 8, 11, 19]
[1, 2, 9, 12, 14]
[1, 3, 8, 12, 18]
[3, 4, 6, 9, 20]
[1, 3, 7, 13, 21]
[2, 4, 5, 20]
[1, 4, 6, 27]
[3, 4, 5, 13]
[2, 3, 5, 24]
[2, 3, 6, 13]
[2, 4, 6, 10, 19]
[16, 17, 18, 19, 20, 21, 22, 23, 24, 25, 26, 27, 28]


6
process id 5
stats
5, 15, 7, 100, 1000
20220818-105325
loosing coalitions taken
[3, 4, 5, 17, 27]
[1, 4, 7, 9, 17]
[1, 2, 9, 11, 13]
[1, 3, 8, 11, 19]
[2, 3, 6, 13, 26]
[1, 3, 7, 13, 18]
[1, 3, 9, 10, 12]
[1, 2, 8, 12, 17]
[1, 2, 7, 14, 23]
[2, 3, 5, 20]
[1, 4, 8, 13, 14]
[2, 4, 6, 16, 19]
[1, 5, 6, 15, 16]
[1, 4, 6, 26]
[16, 17, 18, 19, 20, 21, 22, 23, 24, 25, 26, 27, 28]


6
process id 0
stats
5, 15, 7, 100, 1000
20220818-105325
loosing coalitions taken
[1, 4, 8, 11, 14]
[2, 5, 6, 7, 14]
[2, 3, 6, 10]
[1, 3, 8, 12, 18]
[1, 2, 8, 15, 16]
[1, 5, 6, 9, 22]
[1, 3, 7, 15, 21]
[2, 4, 5, 20]
[1, 4, 6, 26]
[2, 4, 6, 13, 18]
[1, 2, 7, 13, 22]
[2, 3, 5, 22]
[1, 2, 9, 10, 11]
[3, 4, 6, 11, 16]
[16, 17, 18, 19, 20, 21, 22, 23, 24, 25, 26, 27, 28]


6
process id 6
stats
5, 15, 7, 100, 1000
20220818-105326
loosing coalitions taken
[2, 4, 5, 17]
[1, 4, 7, 11, 16]
[1, 2, 7, 12, 25]
[1, 3, 7, 10, 24]
[2, 3, 6, 11]
[1, 4, 8, 9, 10]
[2, 4, 6, 14, 22]
[1, 4, 6, 28]
[3, 4, 5, 15]
[3, 4, 6, 8]
[1, 5, 6, 16, 19]
[2, 3, 5, 22]
[1, 2, 10, 11, 13]
[1, 3, 8, 11, 19]
[16, 17, 18, 19, 20, 21, 22, 23, 24, 25, 26, 27, 28]


6
process id 1
stats
5, 15, 7, 100, 1000
20220818-105327
loosing coalitions taken
[1, 3, 8, 10, 17]
[1, 2, 10, 11, 12]
[2, 4, 5, 19]
[1, 2, 7, 9, 23]
[3, 4, 6, 14, 18]
[1, 4, 7, 8, 25]
[1, 2, 8, 14, 18]
[2, 3, 6, 11]
[1, 5, 6, 12, 20]
[3, 4, 5, 21, 23]
[2, 3, 5, 24]
[1, 4, 6, 26]
[2, 4, 6, 13, 21]
[1, 3, 7, 14, 22]
[16, 17, 18, 19, 20, 21, 22, 23, 24, 25, 26, 27, 28]


6
process id 0
stats
5, 15, 7, 100, 1000
20220818-105328
loosing coalitions taken
[2, 3, 6, 13, 26]
[2, 3, 5, 23]
[1, 2, 8, 12, 17]
[1, 3, 7, 9, 21]
[2, 4, 6, 15, 18]
[3, 4, 6, 11, 21]
[1, 4, 7, 14, 16]
[1, 2, 7, 10, 25]
[1, 5, 6, 10, 26]
[2, 4, 5, 20]
[1, 3, 8, 13, 15]
[1, 4, 6, 28]
[3, 4, 5, 17, 22]
[1, 2, 9, 11, 14]
[16, 17, 18, 19, 20, 21, 22, 23, 24, 25, 26, 27, 28]


6
process id 4
stats
5, 15, 7, 100, 1000
20220818-105329
loosing coalitions taken
[1, 3, 7, 16, 19]
[2, 3, 6, 14]
[1, 2, 7, 9]
[1, 5, 6, 11, 23]
[2, 4, 5, 21, 26]
[3, 4, 5, 17, 25]
[1, 4, 6, 27]
[3, 4, 6, 13, 18]
[2, 4, 6, 16, 17]
[1, 4, 7, 8, 24]
[1, 2, 8, 14, 20]
[1, 3, 8, 10, 18]
[2, 3, 5, 23]
[1, 2, 10, 11, 13]
[16, 17, 18, 19, 20, 21, 22, 23, 24, 25, 26, 27, 28]


5
process id 7
stats
5, 15, 7, 100, 1000
20220818-105330
loosing coalitions taken
[1, 2, 9, 12, 13]
[3, 4, 6, 14, 18]
[1, 3, 8, 11, 18]
[1, 2, 7, 15, 22]
[1, 5, 6, 11, 24]
[2, 4, 5, 18]
[1, 4, 8, 12, 14]
[1, 3, 7, 14, 21]
[1, 2, 8, 10, 17]
[2, 3, 6, 12]
[1, 4, 7, 11, 17]
[3, 4, 5, 15]
[1, 4, 6, 27]
[2, 3, 5, 22, 24]
[16, 17, 18, 19, 20, 21, 22, 23, 24, 25, 26, 27, 28]


6
process id 3
stats
5, 15, 7, 100, 1000
20220818-105330
loosing coalitions taken
[1, 2, 10, 12, 14]
[1, 5, 6, 12, 24]
[1, 4, 7, 8]
[3, 4, 6, 12, 21]
[1, 3, 9, 10, 11]
[2, 4, 5, 19, 26]
[1, 4, 6, 25]
[1, 3, 7, 15, 21]
[2, 3, 6, 10]
[3, 4, 5, 14]
[2, 4, 6, 11, 18]
[2, 3, 5, 24]
[1, 2, 8, 9, 19]
[3, 5, 6, 7, 13]
[16, 17, 18, 19, 20, 21, 22, 23, 24, 25, 26, 27, 28]


5
process id 0
stats
5, 15, 7, 100, 1000
20220818-105331
loosing coalitions taken
[2, 4, 5, 18]
[1, 4, 7, 12, 16]
[1, 5, 6, 15, 20]
[1, 4, 8, 10, 15]
[1, 3, 8, 13, 16]
[1, 4, 6, 26]
[1, 2, 10, 12, 13]
[1, 2, 7, 11, 24]
[2, 3, 6, 16, 24]
[2, 4, 6, 13, 17]
[2, 3, 5, 22]
[1, 3, 7, 9, 22]
[3, 4, 5, 15]
[3, 4, 6, 8]
[16, 17, 18, 19, 20, 21, 22, 23, 24, 25, 26, 27, 28]


6
process id 1
stats
5, 15, 7, 100, 1000
20220818-105332
loosing coalitions taken
[1, 5, 6, 16, 20]
[1, 2, 7, 9]
[2, 3, 6, 14]
[1, 3, 8, 10, 18]
[2, 4, 6, 13, 18]
[2, 3, 5, 23, 26]
[3, 4, 6, 11, 21]
[1, 3, 7, 15, 20]
[3, 4, 5, 15, 28]
[1, 4, 8, 9, 11]
[1, 2, 8, 13, 16]
[2, 4, 5, 19]
[1, 4, 6, 25]
[1, 2, 10, 11, 12]
[16, 17, 18, 19, 20, 21, 22, 23, 24, 25, 26, 27, 28]


6
process id 6
stats
5, 15, 7, 100, 1000
20220818-105335
loosing coalitions taken
[1, 3, 8, 11, 19]
[2, 4, 5, 20]
[1, 3, 9, 10, 12]
[1, 4, 6, 28]
[2, 3, 6, 13]
[1, 2, 8, 15, 17]
[1, 2, 10, 11, 14]
[1, 2, 7, 9]
[2, 4, 6, 15, 19]
[3, 4, 6, 9, 21]
[1, 4, 7, 8]
[2, 3, 5, 24]
[3, 4, 5, 13]
[1, 5, 6, 13, 23]
[16, 17, 18, 19, 20, 21, 22, 23, 24, 25, 26, 27, 28]


6
process id 3
stats
5, 15, 7, 100, 1000
20220818-105337
loosing coalitions taken
[1, 2, 7, 12, 23]
[1, 3, 8, 12, 16]
[3, 4, 5, 16]
[1, 2, 9, 11, 13]
[1, 4, 7, 8, 27]
[2, 3, 6, 9]
[1, 4, 6, 25]
[1, 3, 7, 13, 20]
[2, 4, 6, 10, 20]
[2, 4, 5, 21, 28]
[2, 3, 5, 25]
[3, 4, 6, 11, 21]
[1, 5, 6, 15, 17]
[1, 2, 8, 14, 17]
[16, 17, 18, 19, 20, 21, 22, 23, 24, 25, 26, 27, 28]


5
process id 7
stats
5, 15, 7, 100, 1000
20220818-105338
loosing coalitions taken
[1, 2, 7, 14, 22]
[1, 5, 6, 11, 22]
[1, 4, 7, 12, 16]
[2, 4, 5, 18]
[1, 4, 8, 9, 14]
[1, 3, 7, 9, 24]
[1, 3, 8, 10, 16]
[2, 3, 6, 12]
[3, 4, 5, 16]
[1, 2, 8, 12, 21]
[2, 3, 5, 24]
[3, 4, 6, 11, 21]
[2, 4, 6, 13, 17]
[1, 4, 6, 25]
[16, 17, 18, 19, 20, 21, 22, 23, 24, 25, 26, 27, 28]


5
process id 2
stats
5, 15, 7, 100, 1000
20220818-105339
loosing coalitions taken
[3, 4, 6, 10, 21]
[1, 2, 10, 11, 12]
[1, 2, 8, 9, 20]
[1, 3, 8, 10, 17]
[2, 3, 6, 11]
[1, 3, 7, 9, 24]
[1, 2, 7, 14, 21]
[3, 4, 5, 20, 23]
[1, 4, 7, 12, 16]
[2, 3, 5, 25]
[1, 4, 6, 26]
[2, 4, 5, 16]
[2, 4, 6, 13, 18]
[1, 5, 6, 12, 20]
[16, 17, 18, 19, 20, 21, 22, 23, 24, 25, 26, 27, 28]


5
process id 3
stats
5, 15, 7, 100, 1000
20220818-105339
loosing coalitions taken
[2, 4, 5, 18]
[1, 3, 7, 16, 17]
[1, 3, 9, 10, 11]
[1, 2, 9, 12, 13]
[1, 5, 6, 14, 20]
[1, 4, 6, 28]
[2, 3, 6, 9]
[1, 3, 8, 12, 18]
[1, 2, 7, 14, 21]
[2, 3, 5, 25]
[2, 4, 6, 12, 23]
[3, 4, 5, 16]
[3, 4, 6, 11, 19]
[1, 4, 7, 8]
[16, 17, 18, 19, 20, 21, 22, 23, 24, 25, 26, 27, 28]


6
process id 7
stats
5, 15, 7, 100, 1000
20220818-105340
loosing coalitions taken
[1, 2, 7, 16, 20]
[1, 2, 8, 12, 18]
[1, 2, 9, 10, 13]
[1, 4, 7, 10, 17]
[1, 3, 7, 14, 18]
[2, 3, 6, 9]
[1, 5, 6, 15, 17]
[3, 4, 5, 18, 23]
[2, 4, 5, 20]
[2, 4, 6, 10, 24]
[2, 3, 5, 21]
[3, 4, 6, 13, 21]
[1, 4, 6, 28]
[1, 3, 8, 11, 15]
[16, 17, 18, 19, 20, 21, 22, 23, 24, 25, 26, 27, 28]


5
process id 5
stats
5, 15, 7, 100, 1000
20220818-105340
loosing coalitions taken
[2, 4, 6, 16, 18]
[1, 3, 8, 10, 19]
[1, 2, 9, 10, 14]
[2, 4, 5, 20]
[1, 2, 7, 11, 27]
[1, 2, 8, 13, 17]
[2, 3, 6, 13]
[1, 5, 6, 10, 23]
[1, 4, 7, 8]
[3, 4, 5, 17, 24]
[2, 3, 5, 25]
[1, 4, 6, 26]
[1, 3, 7, 13, 18]
[3, 4, 6, 8]
[16, 17, 18, 19, 20, 21, 22, 23, 24, 25, 26, 27, 28]


6
process id 1
stats
5, 15, 7, 100, 1000
20220818-105340
loosing coalitions taken
[1, 2, 7, 13, 24]
[1, 4, 7, 8]
[1, 5, 6, 15, 21]
[2, 4, 5, 20]
[1, 2, 9, 12, 14]
[2, 3, 6, 12, 26]
[1, 3, 7, 16, 18]
[3, 4, 5, 13]
[2, 3, 5, 25]
[1, 4, 6, 27]
[1, 3, 8, 14, 15]
[3, 4, 6, 8]
[1, 2, 8, 11, 18]
[2, 4, 6, 13, 19]
[16, 17, 18, 19, 20, 21, 22, 23, 24, 25, 26, 27, 28]


5
process id 5
stats
5, 15, 7, 100, 1000
20220818-105343
loosing coalitions taken
[1, 2, 9, 11, 13]
[1, 5, 6, 9, 25]
[2, 4, 5, 17]
[1, 4, 6, 28]
[2, 3, 6, 9]
[1, 4, 7, 8]
[3, 4, 6, 11, 20]
[1, 3, 8, 11, 18]
[3, 4, 5, 16]
[2, 3, 5, 24, 28]
[1, 2, 8, 12, 19]
[3, 5, 6, 7, 12]
[1, 2, 7, 15, 17]
[2, 4, 6, 12, 18]
[16, 17, 18, 19, 20, 21, 22, 23, 24, 25, 26, 27, 28]


6
process id 6
stats
5, 15, 7, 100, 1000
20220818-105344
loosing coalitions taken
[1, 2, 9, 11, 13]
[2, 3, 6, 14]
[1, 2, 7, 16, 20]
[1, 3, 7, 12, 21]
[1, 2, 8, 10, 21]
[1, 5, 6, 13, 23]
[1, 4, 8, 9, 14]
[1, 4, 6, 28]
[2, 4, 5, 20]
[3, 4, 5, 13]
[2, 3, 5, 25]
[2, 4, 6, 9, 25]
[1, 3, 8, 11, 17]
[3, 4, 6, 15, 17]
[16, 17, 18, 19, 20, 21, 22, 23, 24, 25, 26, 27, 28]


6
process id 1
stats
5, 15, 7, 100, 1000
20220818-105344
loosing coalitions taken
[1, 2, 8, 13, 20]
[1, 2, 10, 12, 14]
[1, 2, 7, 9]
[1, 3, 8, 12, 16]
[1, 5, 6, 15, 20]
[3, 4, 5, 17, 27]
[2, 3, 5, 25]
[2, 3, 6, 14]
[3, 5, 6, 7, 11]
[2, 4, 5, 18]
[3, 4, 6, 8]
[1, 4, 7, 8]
[2, 4, 6, 11, 23]
[1, 4, 6, 25]
[16, 17, 18, 19, 20, 21, 22, 23, 24, 25, 26, 27, 28]


6
process id 0
stats
5, 15, 7, 100, 1000
20220818-105346
loosing coalitions taken
[1, 4, 8, 9, 15]
[1, 3, 7, 9, 23]
[1, 2, 8, 12, 21]
[1, 2, 7, 10, 26]
[2, 4, 5, 18]
[1, 2, 9, 11, 13]
[1, 3, 8, 11, 19]
[2, 3, 6, 9]
[2, 3, 5, 24, 26]
[3, 4, 5, 15]
[1, 5, 6, 10, 25]
[3, 4, 6, 8]
[1, 4, 6, 26]
[2, 4, 6, 14, 20]
[16, 17, 18, 19, 20, 21, 22, 23, 24, 25, 26, 27, 28]


5
process id 5
stats
5, 15, 7, 100, 1000
20220818-105347
loosing coalitions taken
[1, 2, 9, 11, 12]
[1, 2, 8, 14, 19]
[1, 4, 8, 9, 15]
[1, 5, 6, 15, 20]
[1, 2, 7, 10, 28]
[1, 4, 7, 11, 16]
[2, 4, 5, 16, 28]
[3, 4, 5, 20, 23]
[1, 3, 8, 11, 17]
[2, 3, 5, 25, 27]
[2, 3, 6, 12, 28]
[2, 4, 6, 14, 17]
[1, 4, 6, 26]
[1, 3, 7, 9, 22]
[16, 17, 18, 19, 20, 21, 22, 23, 24, 25, 26, 27, 28]


5
process id 6
stats
5, 15, 7, 100, 1000
20220818-105347
loosing coalitions taken
[1, 2, 10, 12, 14]
[1, 5, 6, 10, 24]
[1, 2, 8, 13, 19]
[1, 3, 8, 12, 16]
[2, 4, 5, 17]
[1, 2, 7, 16, 21]
[2, 3, 6, 9, 25]
[3, 4, 6, 10, 20]
[1, 3, 7, 11, 23]
[3, 4, 5, 13]
[2, 3, 5, 23]
[1, 4, 7, 8]
[1, 4, 6, 28]
[2, 4, 6, 11, 18]
[16, 17, 18, 19, 20, 21, 22, 23, 24, 25, 26, 27, 28]


6
process id 7
stats
5, 15, 7, 100, 1000
20220818-105348
loosing coalitions taken
[1, 2, 8, 13, 19]
[1, 3, 8, 11, 17]
[1, 5, 6, 15, 20]
[2, 4, 5, 17]
[1, 3, 9, 10, 12]
[2, 3, 6, 9]
[1, 4, 7, 8]
[2, 3, 5, 24]
[3, 4, 5, 20, 22]
[1, 4, 6, 26]
[1, 2, 7, 9]
[3, 4, 6, 10, 18]
[1, 3, 7, 14, 20]
[2, 4, 6, 12, 23]
[16, 17, 18, 19, 20, 21, 22, 23, 24, 25, 26, 27, 28]


6
process id 4
stats
5, 15, 7, 100, 1000
20220818-105348
loosing coalitions taken
[1, 3, 7, 16, 18]
[1, 2, 7, 14, 22]
[1, 4, 8, 12, 14]
[2, 4, 5, 20]
[1, 2, 8, 11, 18]
[1, 3, 8, 10, 17]
[1, 2, 9, 12, 13]
[2, 3, 5, 22]
[2, 3, 6, 9]
[1, 4, 6, 28]
[3, 4, 5, 15, 28]
[2, 4, 6, 10, 22]
[3, 4, 6, 8, 27]
[1, 5, 6, 13, 23]
[16, 17, 18, 19, 20, 21, 22, 23, 24, 25, 26, 27, 28]


6
process id 2
stats
5, 15, 7, 100, 1000
20220818-105349
loosing coalitions taken
[1, 2, 7, 9, 24]
[1, 5, 6, 12, 24]
[1, 4, 7, 12, 16]
[2, 4, 6, 15, 17]
[2, 4, 5, 18]
[1, 3, 8, 12, 19]
[1, 2, 8, 13, 20]
[2, 3, 6, 11]
[3, 4, 5, 20, 22]
[1, 3, 7, 10, 20]
[1, 4, 6, 28]
[3, 4, 6, 8]
[1, 2, 10, 11, 14]
[2, 3, 5, 25, 27]
[16, 17, 18, 19, 20, 21, 22, 23, 24, 25, 26, 27, 28]


5
process id 5
stats
5, 15, 7, 100, 1000
20220818-105350
loosing coalitions taken
[3, 4, 5, 15]
[1, 3, 8, 11, 19]
[1, 2, 7, 15, 21]
[1, 3, 7, 14, 22]
[1, 2, 9, 12, 14]
[2, 3, 6, 15, 24]
[3, 4, 6, 9, 21]
[2, 4, 5, 19, 28]
[1, 4, 6, 26]
[2, 3, 5, 22]
[1, 4, 7, 8]
[1, 5, 6, 12, 21]
[2, 4, 6, 13, 20]
[1, 2, 10, 11, 13]
[16, 17, 18, 19, 20, 21, 22, 23, 24, 25, 26, 27, 28]


6
process id 4
stats
5, 15, 7, 100, 1000
20220818-105353
loosing coalitions taken
[1, 2, 7, 15, 22]
[1, 3, 8, 12, 17]
[1, 5, 6, 13, 23]
[2, 3, 6, 14]
[1, 2, 9, 11, 12]
[1, 4, 7, 14, 16]
[1, 2, 8, 13, 19]
[2, 4, 5, 16]
[2, 3, 5, 22]
[3, 4, 6, 8]
[2, 4, 6, 15, 19]
[1, 4, 6, 27]
[3, 4, 5, 13]
[1, 3, 7, 10, 24]
[16, 17, 18, 19, 20, 21, 22, 23, 24, 25, 26, 27, 28]


6
process id 6
stats
5, 15, 7, 100, 1000
20220818-105354
loosing coalitions taken
[1, 2, 10, 11, 14]
[1, 3, 8, 15, 16]
[1, 5, 6, 12, 24]
[2, 4, 5, 17]
[1, 2, 7, 9]
[2, 3, 6, 12]
[3, 4, 6, 11, 17]
[3, 4, 5, 15, 27]
[2, 3, 5, 23]
[1, 4, 6, 25]
[1, 2, 8, 12, 19]
[1, 3, 7, 14, 17]
[1, 4, 7, 8]
[2, 4, 6, 15, 20]
[16, 17, 18, 19, 20, 21, 22, 23, 24, 25, 26, 27, 28]


6
process id 2
stats
5, 15, 7, 100, 1000
20220818-105354
loosing coalitions taken
[1, 3, 7, 15, 19]
[1, 2, 9, 10, 14]
[2, 3, 6, 13]
[2, 4, 5, 17]
[1, 2, 7, 11, 27]
[1, 3, 8, 9, 16]
[2, 3, 5, 22]
[3, 4, 5, 18, 26]
[1, 4, 6, 25]
[1, 4, 8, 11, 12]
[2, 4, 6, 12, 18]
[1, 5, 6, 9, 24]
[2, 3, 7, 8, 10]
[3, 4, 6, 10, 17]
[16, 17, 18, 19, 20, 21, 22, 23, 24, 25, 26, 27, 28]


5
process id 3
stats
5, 15, 7, 100, 1000
20220818-105355
loosing coalitions taken
[1, 5, 6, 12, 24]
[2, 4, 5, 18]
[1, 3, 8, 12, 16]
[1, 2, 9, 10, 11]
[1, 2, 7, 15, 22]
[1, 3, 7, 9, 24]
[1, 2, 8, 14, 20]
[3, 4, 5, 14]
[3, 4, 6, 15, 17]
[1, 4, 6, 28]
[2, 3, 5, 21]
[2, 3, 6, 12, 26]
[2, 4, 6, 11, 21]
[1, 4, 7, 8]
[16, 17, 18, 19, 20, 21, 22, 23, 24, 25, 26, 27, 28]


6
process id 2
stats
5, 15, 7, 100, 1000
20220818-105356
loosing coalitions taken
[2, 4, 5, 20]
[1, 2, 10, 11, 13]
[2, 3, 6, 9]
[1, 4, 7, 9, 18]
[1, 3, 7, 14, 17]
[1, 3, 8, 10, 16]
[1, 4, 6, 28]
[2, 4, 6, 11, 22]
[2, 3, 5, 24]
[3, 4, 6, 8]
[1, 2, 7, 15, 19]
[3, 4, 5, 14]
[1, 5, 6, 11, 23]
[1, 2, 8, 12, 20]
[16, 17, 18, 19, 20, 21, 22, 23, 24, 25, 26, 27, 28]


6
process id 0
stats
5, 15, 7, 100, 1000
20220818-105357
loosing coalitions taken
[2, 4, 6, 15, 19]
[1, 2, 7, 14, 24]
[1, 3, 7, 13, 21]
[1, 4, 7, 8]
[1, 5, 6, 16, 17]
[2, 3, 5, 25]
[2, 4, 5, 16]
[2, 3, 6, 12]
[1, 2, 8, 11, 21]
[3, 4, 6, 10, 18]
[1, 4, 6, 26]
[3, 4, 5, 15]
[1, 3, 8, 10, 17]
[1, 2, 10, 12, 13]
[16, 17, 18, 19, 20, 21, 22, 23, 24, 25, 26, 27, 28]


5
process id 6
stats
5, 15, 7, 100, 1000
20220818-105358
loosing coalitions taken
[1, 2, 8, 14, 20]
[1, 4, 7, 8, 25]
[1, 5, 6, 15, 21]
[2, 4, 5, 20]
[3, 4, 6, 10, 18]
[1, 2, 10, 11, 13]
[2, 3, 6, 11]
[1, 2, 7, 16, 17]
[1, 3, 8, 15, 16]
[1, 4, 6, 26, 27]
[2, 4, 6, 9, 23]
[2, 3, 5, 25]
[3, 4, 5, 13]
[1, 3, 7, 11, 21]
[16, 17, 18, 19, 20, 21, 22, 23, 24, 25, 26, 27, 28]


6
process id 2
stats
5, 15, 7, 100, 1000
20220818-105400
loosing coalitions taken
[1, 2, 9, 12, 14]
[1, 3, 9, 10, 11]
[2, 4, 5, 22, 23]
[2, 3, 6, 13, 27]
[2, 3, 5, 25]
[1, 5, 6, 15, 17]
[1, 2, 8, 10, 17]
[1, 2, 7, 11, 23]
[1, 3, 8, 13, 16]
[1, 4, 6, 26, 28]
[1, 4, 7, 8, 25]
[3, 4, 6, 12, 18]
[1, 3, 7, 12, 19]
[2, 4, 6, 11, 17]
[16, 17, 18, 19, 20, 21, 22, 23, 24, 25, 26, 27, 28]


6
process id 4
stats
5, 15, 7, 100, 1000
20220818-105400
loosing coalitions taken
[2, 3, 6, 16, 23]
[1, 4, 8, 13, 14]
[1, 3, 8, 9, 20]
[1, 2, 8, 11, 21]
[1, 5, 6, 12, 22]
[2, 4, 6, 13, 19]
[2, 3, 5, 22]
[3, 4, 6, 11, 17]
[1, 2, 7, 13, 24]
[3, 4, 5, 16]
[2, 4, 5, 20]
[1, 4, 6, 28]
[1, 3, 7, 12, 17]
[1, 2, 10, 12, 14]
[16, 17, 18, 19, 20, 21, 22, 23, 24, 25, 26, 27, 28]


6
process id 6
stats
5, 15, 7, 100, 1000
20220818-105400
loosing coalitions taken
[3, 4, 6, 13, 18]
[1, 2, 8, 9, 19]
[2, 3, 6, 10]
[1, 3, 8, 11, 17]
[3, 4, 5, 16]
[1, 2, 7, 11, 25]
[1, 5, 6, 12, 23]
[1, 3, 7, 15, 19]
[2, 4, 5, 15]
[2, 3, 5, 21, 27]
[1, 4, 8, 10, 14]
[1, 4, 6, 28]
[2, 4, 6, 11, 22]
[1, 4, 7, 9, 16]
[16, 17, 18, 19, 20, 21, 22, 23, 24, 25, 26, 27, 28]


6
process id 1
stats
5, 15, 7, 100, 1000
20220818-105402
loosing coalitions taken
[1, 2, 9, 12, 14]
[1, 5, 6, 10, 26]
[2, 4, 6, 15, 20]
[2, 3, 5, 25]
[3, 4, 6, 8]
[3, 4, 5, 18, 21]
[2, 3, 6, 12]
[2, 4, 5, 19, 28]
[1, 2, 7, 11, 22]
[1, 3, 8, 10, 19]
[1, 2, 8, 13, 20]
[1, 4, 6, 28]
[1, 4, 7, 13, 16]
[1, 3, 7, 15, 17]
[16, 17, 18, 19, 20, 21, 22, 23, 24, 25, 26, 27, 28]


6
process id 6
stats
5, 15, 7, 100, 1000
20220818-105402
loosing coalitions taken
[2, 3, 6, 12]
[1, 2, 7, 15, 21]
[1, 3, 7, 14, 17]
[1, 2, 9, 10, 13]
[1, 5, 6, 9, 22]
[3, 4, 5, 15]
[1, 2, 8, 14, 16]
[1, 4, 6, 25]
[2, 4, 6, 11, 23]
[2, 4, 5, 17]
[2, 3, 5, 24]
[1, 4, 7, 9, 19]
[3, 4, 6, 8]
[1, 4, 8, 10, 12]
[16, 17, 18, 19, 20, 21, 22, 23, 24, 25, 26, 27, 28]


6
process id 7
stats
5, 15, 7, 100, 1000
20220818-105403
loosing coalitions taken
[1, 2, 9, 11, 13]
[2, 3, 6, 14]
[3, 4, 5, 17, 27]
[1, 3, 9, 10, 12]
[1, 5, 6, 9, 25]
[1, 3, 7, 15, 20]
[1, 2, 7, 12, 21]
[3, 4, 6, 8]
[1, 4, 6, 27]
[2, 3, 5, 20]
[2, 4, 5, 19]
[1, 4, 7, 8]
[1, 3, 8, 11, 17]
[1, 2, 8, 10, 19]
[16, 17, 18, 19, 20, 21, 22, 23, 24, 25, 26, 27, 28]


6
process id 0
stats
5, 15, 7, 100, 1000
20220818-105403
loosing coalitions taken
[1, 2, 8, 14, 17]
[1, 2, 7, 13, 24]
[2, 4, 5, 18]
[1, 5, 6, 9, 24]
[1, 3, 8, 10, 19]
[1, 3, 7, 16, 18]
[1, 2, 10, 11, 12]
[2, 3, 6, 17, 20]
[2, 3, 5, 21]
[1, 4, 6, 26]
[3, 4, 5, 16]
[3, 4, 6, 8]
[1, 4, 7, 12, 15]
[2, 4, 6, 12, 23]
[16, 17, 18, 19, 20, 21, 22, 23, 24, 25, 26, 27, 28]


6
process id 6
stats
5, 15, 7, 100, 1000
20220818-105404
loosing coalitions taken
[1, 2, 8, 11, 17]
[3, 4, 6, 12, 19]
[1, 3, 7, 15, 21]
[2, 4, 5, 22, 24]
[1, 4, 8, 10, 12]
[2, 3, 5, 23]
[1, 3, 8, 9, 20]
[1, 5, 6, 14, 21]
[1, 2, 7, 10, 27]
[1, 4, 6, 28]
[3, 4, 5, 16, 25]
[2, 3, 6, 13]
[2, 4, 6, 15, 18]
[1, 2, 9, 12, 13]
[16, 17, 18, 19, 20, 21, 22, 23, 24, 25, 26, 27, 28]


6
process id 4
stats
5, 15, 7, 100, 1000
20220818-105405
loosing coalitions taken
[1, 3, 9, 10, 12]
[2, 3, 6, 17, 21]
[1, 2, 7, 17, 18]
[1, 2, 8, 10, 20]
[1, 5, 6, 15, 17]
[1, 3, 8, 14, 15]
[3, 4, 6, 12, 20]
[1, 4, 7, 8, 24]
[1, 2, 9, 11, 14]
[3, 4, 5, 14]
[2, 3, 5, 20]
[1, 4, 6, 25]
[1, 3, 7, 11, 20]
[2, 4, 5, 18]
[16, 17, 18, 19, 20, 21, 22, 23, 24, 25, 26, 27, 28]


5
process id 2
stats
5, 15, 7, 100, 1000
20220818-105406
loosing coalitions taken
[2, 3, 5, 22]
[3, 4, 6, 14, 19]
[1, 2, 9, 10, 11]
[1, 3, 7, 15, 19]
[1, 5, 6, 11, 21]
[1, 4, 7, 9, 18]
[1, 2, 8, 15, 17]
[2, 4, 6, 15, 16]
[1, 4, 8, 11, 14]
[1, 4, 6, 25]
[2, 3, 6, 13]
[2, 4, 5, 19]
[1, 2, 7, 12, 21]
[3, 4, 5, 21, 24]
[16, 17, 18, 19, 20, 21, 22, 23, 24, 25, 26, 27, 28]


6
process id 3
stats
5, 15, 7, 100, 1000
20220818-105406
loosing coalitions taken
[1, 2, 10, 11, 12]
[2, 4, 6, 10, 23]
[1, 2, 8, 14, 19]
[3, 4, 6, 11, 21]
[1, 3, 8, 11, 18]
[2, 3, 5, 25]
[3, 4, 5, 20, 24]
[2, 4, 5, 19, 27]
[2, 5, 6, 7, 13]
[2, 3, 6, 12]
[1, 4, 6, 28]
[1, 4, 7, 8]
[1, 5, 6, 9, 20]
[1, 3, 7, 9, 19]
[16, 17, 18, 19, 20, 21, 22, 23, 24, 25, 26, 27, 28]


6
process id 1
stats
5, 15, 7, 100, 1000
20220818-105407
loosing coalitions taken
[1, 3, 8, 12, 16]
[1, 2, 9, 12, 14]
[2, 4, 6, 11, 21]
[2, 3, 6, 14]
[1, 2, 8, 13, 18]
[2, 4, 5, 17, 26]
[3, 4, 5, 16]
[1, 4, 7, 8, 24]
[1, 4, 6, 26]
[3, 4, 6, 10, 20]
[1, 5, 6, 14, 20]
[1, 2, 7, 10, 28]
[1, 3, 7, 14, 22]
[2, 3, 5, 21]
[16, 17, 18, 19, 20, 21, 22, 23, 24, 25, 26, 27, 28]


5
process id 7
stats
5, 15, 7, 100, 1000
20220818-105407
loosing coalitions taken
[1, 5, 6, 11, 24]
[1, 4, 8, 9, 14]
[2, 4, 5, 19]
[1, 3, 7, 15, 21]
[1, 4, 7, 10, 18]
[1, 2, 7, 16, 20]
[2, 3, 6, 12, 28]
[2, 3, 5, 24]
[3, 4, 5, 16]
[3, 4, 6, 11, 18]
[1, 2, 8, 11, 21]
[1, 4, 6, 26]
[2, 4, 6, 9, 21]
[1, 2, 9, 12, 13]
[16, 17, 18, 19, 20, 21, 22, 23, 24, 25, 26, 27, 28]


6
process id 0
stats
5, 15, 7, 100, 1000
20220818-105407
loosing coalitions taken
[1, 2, 9, 11, 14]
[1, 5, 6, 13, 22]
[1, 3, 8, 11, 17]
[2, 4, 5, 19]
[1, 2, 7, 15, 18]
[2, 3, 6, 9]
[1, 3, 7, 12, 19]
[1, 4, 6, 28]
[1, 4, 8, 9, 12]
[3, 4, 5, 20, 24]
[2, 3, 5, 22]
[3, 4, 6, 11, 16]
[2, 4, 6, 15, 21]
[1, 4, 7, 13, 16]
[16, 17, 18, 19, 20, 21, 22, 23, 24, 25, 26, 27, 28]


5
process id 5
stats
5, 15, 7, 100, 1000
20220818-105409
loosing coalitions taken
[3, 4, 5, 19, 23]
[1, 3, 7, 13, 18]
[1, 4, 7, 8, 25]
[1, 3, 8, 12, 16]
[1, 5, 6, 12, 24]
[2, 4, 6, 10, 22]
[2, 3, 5, 25]
[1, 2, 7, 9]
[3, 4, 6, 15, 17]
[2, 4, 5, 16]
[2, 3, 6, 13]
[1, 4, 6, 26]
[1, 2, 8, 13, 20]
[1, 2, 10, 11, 12]
[16, 17, 18, 19, 20, 21, 22, 23, 24, 25, 26, 27, 28]


6
process id 6
stats
5, 15, 7, 100, 1000
20220818-105410
loosing coalitions taken
[2, 3, 6, 14]
[1, 2, 10, 11, 12]
[1, 2, 7, 15, 22]
[1, 5, 6, 11, 24]
[1, 3, 8, 12, 18]
[2, 4, 5, 16]
[2, 3, 5, 22, 28]
[1, 2, 8, 14, 16]
[1, 4, 6, 25]
[1, 4, 7, 8]
[3, 4, 5, 18, 27]
[2, 4, 6, 15, 17]
[3, 4, 6, 11, 16]
[1, 3, 7, 9, 23]
[16, 17, 18, 19, 20, 21, 22, 23, 24, 25, 26, 27, 28]


6
process id 1
stats
5, 15, 7, 100, 1000
20220818-105410
loosing coalitions taken
[1, 5, 6, 9, 26]
[2, 4, 5, 17]
[1, 3, 9, 10, 12]
[2, 3, 6, 10, 27]
[1, 2, 7, 13, 21]
[1, 3, 7, 14, 18]
[2, 3, 5, 25]
[3, 4, 5, 13]
[2, 4, 6, 14, 19]
[3, 4, 6, 8]
[1, 4, 6, 25]
[1, 4, 8, 10, 13]
[1, 4, 7, 11, 15]
[1, 2, 8, 11, 20]
[16, 17, 18, 19, 20, 21, 22, 23, 24, 25, 26, 27, 28]


6
process id 6
stats
5, 15, 7, 100, 1000
20220818-105411
loosing coalitions taken
[1, 5, 6, 12, 24]
[2, 3, 6, 14]
[1, 3, 8, 9, 18]
[1, 2, 9, 10, 12]
[2, 4, 5, 18]
[1, 3, 7, 13, 19]
[1, 2, 7, 11, 25]
[2, 4, 6, 15, 21]
[3, 4, 6, 9, 22]
[2, 3, 5, 20]
[1, 2, 8, 13, 17]
[1, 4, 7, 8, 23]
[1, 4, 6, 25]
[3, 4, 5, 15]
[16, 17, 18, 19, 20, 21, 22, 23, 24, 25, 26, 27, 28]


6
process id 0
stats
5, 15, 7, 100, 1000
20220818-105412
loosing coalitions taken
[2, 3, 6, 13]
[1, 3, 7, 14, 21]
[1, 5, 6, 12, 24]
[1, 2, 7, 9]
[1, 3, 8, 11, 19]
[3, 4, 5, 16]
[2, 3, 5, 21]
[1, 4, 7, 10, 16]
[1, 2, 8, 14, 15]
[3, 4, 6, 8]
[2, 4, 6, 9, 22]
[1, 4, 6, 27]
[2, 4, 5, 15]
[1, 2, 10, 11, 13]
[16, 17, 18, 19, 20, 21, 22, 23, 24, 25, 26, 27, 28]


6
process id 2
stats
5, 15, 7, 100, 1000
20220818-105413
loosing coalitions taken
[2, 3, 6, 16, 23]
[1, 2, 9, 11, 12]
[1, 2, 8, 13, 19]
[2, 3, 5, 24]
[3, 4, 6, 10, 20]
[1, 3, 7, 10, 23]
[2, 4, 6, 15, 19]
[1, 4, 7, 12, 16]
[1, 3, 8, 9, 20]
[2, 4, 5, 17]
[1, 5, 6, 12, 21]
[1, 4, 6, 27]
[3, 4, 5, 14]
[1, 2, 7, 14, 21]
[16, 17, 18, 19, 20, 21, 22, 23, 24, 25, 26, 27, 28]


6
process id 7
stats
5, 15, 7, 100, 1000
20220818-105413
loosing coalitions taken
[1, 3, 8, 12, 19]
[2, 4, 5, 20, 28]
[1, 3, 7, 11, 22]
[1, 4, 8, 13, 14]
[3, 4, 5, 16]
[1, 5, 6, 13, 22]
[1, 2, 9, 10, 13]
[1, 2, 8, 15, 17]
[2, 3, 6, 11, 25]
[1, 4, 6, 28]
[2, 3, 5, 24, 26]
[3, 4, 6, 14, 20]
[1, 2, 7, 14, 24]
[2, 4, 6, 16, 19]
[16, 17, 18, 19, 20, 21, 22, 23, 24, 25, 26, 27, 28]


6
process id 4
stats
5, 15, 7, 100, 1000
20220818-105414
loosing coalitions taken
[1, 3, 7, 14, 21]
[2, 3, 6, 13]
[1, 5, 6, 12, 23]
[1, 2, 8, 15, 16]
[1, 3, 8, 9, 17]
[1, 2, 7, 17, 19]
[1, 4, 6, 25]
[2, 4, 5, 20]
[3, 4, 5, 15]
[2, 4, 6, 11, 18]
[3, 4, 6, 14, 20]
[2, 3, 5, 21]
[1, 4, 7, 11, 15]
[1, 2, 9, 11, 14]
[16, 17, 18, 19, 20, 21, 22, 23, 24, 25, 26, 27, 28]


5
process id 5
stats
5, 15, 7, 100, 1000
20220818-105416
loosing coalitions taken
[1, 3, 8, 11, 18]
[1, 2, 8, 14, 19]
[1, 3, 7, 16, 19]
[2, 4, 5, 19]
[1, 4, 7, 8]
[1, 5, 6, 11, 23]
[3, 4, 5, 14]
[2, 3, 5, 21]
[2, 3, 6, 9]
[2, 4, 6, 12, 22]
[1, 4, 6, 28]
[3, 4, 6, 8]
[1, 2, 10, 11, 13]
[1, 2, 7, 15, 17]
[16, 17, 18, 19, 20, 21, 22, 23, 24, 25, 26, 27, 28]


5
process id 2
stats
5, 15, 7, 100, 1000
20220818-105417
loosing coalitions taken
[2, 4, 5, 18]
[1, 2, 9, 12, 13]
[1, 2, 10, 11, 14]
[2, 3, 6, 14, 27]
[3, 4, 6, 13, 17]
[1, 3, 8, 11, 16]
[1, 2, 8, 15, 17]
[1, 4, 7, 8]
[1, 4, 6, 25]
[2, 4, 6, 12, 19]
[3, 4, 5, 16]
[2, 3, 5, 25]
[1, 5, 6, 16, 17]
[1, 3, 7, 12, 18]
[16, 17, 18, 19, 20, 21, 22, 23, 24, 25, 26, 27, 28]


6
process id 3
stats
5, 15, 7, 100, 1000
20220818-105417
loosing coalitions taken
[1, 2, 8, 9, 22]
[1, 2, 7, 10, 25]
[1, 3, 7, 13, 20]
[1, 3, 8, 15, 16]
[2, 3, 6, 12]
[1, 4, 6, 26]
[2, 4, 6, 11, 22]
[2, 4, 5, 17]
[2, 3, 5, 23, 26]
[1, 5, 6, 13, 21]
[1, 4, 7, 9, 18]
[3, 4, 5, 19, 21]
[3, 4, 6, 15, 17]
[1, 4, 8, 12, 14]
[16, 17, 18, 19, 20, 21, 22, 23, 24, 25, 26, 27, 28]


6
process id 7
stats
5, 15, 7, 100, 1000
20220818-105417
loosing coalitions taken
[1, 4, 7, 8]
[1, 5, 6, 13, 23]
[3, 4, 6, 14, 19]
[1, 2, 9, 10, 14]
[1, 4, 6, 27]
[2, 3, 6, 10]
[3, 4, 5, 17, 27]
[2, 4, 6, 15, 21]
[2, 3, 5, 24]
[1, 2, 7, 11, 21]
[1, 2, 8, 12, 18]
[2, 4, 5, 20, 22]
[1, 3, 7, 10, 17]
[2, 5, 6, 8, 11]
[16, 17, 18, 19, 20, 21, 22, 23, 24, 25, 26, 27, 28]


5
process id 0
stats
5, 15, 7, 100, 1000
20220818-105418
loosing coalitions taken
[1, 5, 6, 15, 21]
[1, 2, 8, 14, 20]
[1, 3, 9, 10, 11]
[1, 2, 7, 13, 23]
[1, 3, 8, 13, 16]
[2, 3, 6, 14]
[2, 4, 5, 15]
[2, 4, 6, 9, 20]
[2, 3, 5, 22]
[1, 3, 7, 14, 19]
[1, 4, 7, 8, 24]
[3, 4, 5, 18, 25]
[1, 4, 6, 26]
[3, 4, 6, 13, 21]
[16, 17, 18, 19, 20, 21, 22, 23, 24, 25, 26, 27, 28]


5
process id 6
stats
5, 15, 7, 100, 1000
20220818-105419
loosing coalitions taken
[1, 3, 8, 10, 19]
[1, 5, 6, 15, 21]
[2, 4, 5, 20]
[1, 4, 7, 11, 16]
[1, 2, 7, 14, 19]
[1, 4, 6, 25]
[3, 4, 6, 9, 21]
[1, 4, 8, 9, 12]
[2, 3, 5, 21]
[2, 3, 6, 10]
[3, 4, 5, 16]
[1, 3, 7, 9, 20]
[2, 4, 6, 16, 19]
[1, 2, 8, 13, 20]
[16, 17, 18, 19, 20, 21, 22, 23, 24, 25, 26, 27, 28]


6
process id 5
stats
5, 15, 7, 100, 1000
20220818-105420
loosing coalitions taken
[1, 2, 7, 13, 25]
[3, 4, 5, 18, 24]
[1, 5, 6, 15, 20]
[1, 3, 7, 12, 22]
[1, 3, 8, 9, 17]
[2, 4, 5, 19]
[2, 3, 6, 14]
[2, 4, 6, 10, 22]
[2, 3, 5, 21, 27]
[2, 5, 6, 8, 11]
[1, 4, 7, 8]
[3, 4, 6, 13, 16]
[1, 4, 6, 25]
[1, 2, 9, 10, 12]
[16, 17, 18, 19, 20, 21, 22, 23, 24, 25, 26, 27, 28]


6
process id 6
stats
5, 15, 7, 100, 1000
20220818-105422
loosing coalitions taken
[1, 4, 7, 14, 15]
[1, 3, 8, 9, 18]
[2, 4, 5, 20]
[2, 3, 6, 14, 25]
[1, 2, 10, 11, 12]
[1, 2, 7, 13, 23]
[1, 3, 7, 12, 21]
[1, 2, 8, 15, 16]
[3, 4, 5, 16]
[2, 3, 5, 23]
[1, 4, 6, 26]
[2, 4, 6, 9, 23]
[1, 5, 6, 12, 20]
[3, 4, 6, 13, 21]
[16, 17, 18, 19, 20, 21, 22, 23, 24, 25, 26, 27, 28]


6
process id 0
stats
5, 15, 7, 100, 1000
20220818-105422
loosing coalitions taken
[1, 5, 6, 16, 18]
[1, 4, 7, 13, 16]
[1, 3, 7, 15, 19]
[1, 2, 7, 12, 24]
[2, 4, 5, 20]
[1, 2, 8, 9, 21]
[2, 4, 6, 10, 19]
[2, 3, 6, 12]
[2, 3, 5, 25, 27]
[1, 4, 6, 26]
[3, 4, 5, 13]
[1, 3, 8, 11, 17]
[3, 4, 6, 9, 21]
[2, 3, 7, 8, 10]
[16, 17, 18, 19, 20, 21, 22, 23, 24, 25, 26, 27, 28]


5
process id 4
stats
5, 15, 7, 100, 1000
20220818-105422
loosing coalitions taken
[1, 5, 6, 16, 18]
[1, 3, 7, 13, 21]
[1, 3, 8, 14, 16]
[1, 2, 8, 13, 20]
[3, 4, 6, 11, 18]
[1, 4, 7, 8]
[1, 2, 10, 11, 14]
[2, 4, 6, 14, 22]
[1, 4, 6, 28]
[2, 3, 5, 24]
[3, 4, 5, 13]
[1, 2, 7, 9]
[2, 3, 6, 10]
[2, 4, 5, 20]
[16, 17, 18, 19, 20, 21, 22, 23, 24, 25, 26, 27, 28]


6
process id 1
stats
5, 15, 7, 100, 1000
20220818-105422
loosing coalitions taken
[1, 4, 8, 10, 15]
[2, 4, 5, 17]
[2, 3, 6, 13]
[1, 3, 7, 14, 19]
[1, 2, 9, 10, 12]
[1, 3, 8, 12, 18]
[2, 3, 5, 24]
[2, 4, 6, 10, 23]
[3, 4, 5, 13]
[1, 2, 7, 15, 17]
[1, 4, 6, 27, 28]
[1, 5, 6, 11, 24]
[1, 4, 7, 13, 16]
[3, 4, 6, 9, 21]
[16, 17, 18, 19, 20, 21, 22, 23, 24, 25, 26, 27, 28]


5
process id 0
stats
5, 15, 7, 100, 1000
20220818-105423
loosing coalitions taken
[2, 3, 6, 12]
[1, 4, 8, 9, 13]
[1, 3, 8, 11, 19]
[1, 4, 7, 12, 16]
[1, 2, 7, 10, 26]
[1, 4, 6, 27]
[1, 2, 9, 11, 14]
[3, 4, 5, 15]
[3, 4, 6, 10, 20]
[2, 3, 5, 25]
[2, 4, 6, 15, 16]
[2, 4, 5, 18]
[1, 5, 6, 10, 25]
[1, 3, 7, 9, 24]
[16, 17, 18, 19, 20, 21, 22, 23, 24, 25, 26, 27, 28]


6
process id 2
stats
5, 15, 7, 100, 1000
20220818-105423
loosing coalitions taken
[1, 3, 7, 15, 19]
[2, 3, 6, 14]
[1, 2, 9, 11, 12]
[1, 3, 8, 12, 17]
[2, 4, 5, 19]
[1, 2, 7, 16, 17]
[1, 4, 7, 8]
[2, 4, 6, 12, 21]
[1, 5, 6, 13, 20]
[3, 4, 5, 16]
[1, 2, 8, 10, 21]
[3, 4, 6, 15, 17]
[2, 3, 5, 23]
[1, 4, 6, 28]
[16, 17, 18, 19, 20, 21, 22, 23, 24, 25, 26, 27, 28]


5
process id 1
stats
5, 15, 7, 100, 1000
20220818-105423
loosing coalitions taken
[2, 3, 5, 22, 28]
[2, 4, 5, 18]
[1, 3, 8, 12, 17]
[1, 4, 8, 10, 15]
[1, 5, 6, 15, 17]
[1, 2, 8, 14, 16]
[1, 2, 7, 11, 23]
[2, 3, 6, 14, 25]
[3, 5, 6, 7, 11]
[1, 3, 7, 15, 21]
[3, 4, 5, 14]
[2, 4, 6, 9, 20]
[1, 4, 6, 25]
[1, 2, 9, 10, 12]
[16, 17, 18, 19, 20, 21, 22, 23, 24, 25, 26, 27, 28]


6
process id 7
stats
5, 15, 7, 100, 1000
20220818-105424
loosing coalitions taken
[2, 4, 5, 18]
[1, 4, 7, 13, 15]
[1, 2, 8, 11, 20]
[2, 3, 6, 13]
[1, 3, 8, 9, 17]
[1, 2, 7, 14, 21]
[1, 3, 7, 11, 23]
[3, 4, 5, 20, 23]
[1, 4, 6, 26]
[3, 4, 6, 12, 17]
[1, 5, 6, 16, 18]
[2, 3, 5, 22]
[2, 4, 6, 11, 24]
[1, 2, 9, 12, 13]
[16, 17, 18, 19, 20, 21, 22, 23, 24, 25, 26, 27, 28]


6
process id 5
stats
5, 15, 7, 100, 1000
20220818-105425
loosing coalitions taken
[1, 2, 7, 10, 26]
[1, 2, 8, 12, 20]
[1, 3, 9, 10, 12]
[1, 5, 6, 15, 21]
[1, 4, 7, 12, 16]
[1, 3, 7, 13, 21]
[2, 4, 5, 19]
[2, 3, 6, 9]
[2, 3, 5, 22]
[1, 4, 8, 10, 11]
[2, 4, 6, 14, 20]
[3, 4, 5, 16, 28]
[3, 4, 6, 8]
[1, 4, 6, 27]
[16, 17, 18, 19, 20, 21, 22, 23, 24, 25, 26, 27, 28]


6
process id 3
stats
5, 15, 7, 100, 1000
20220818-105425
loosing coalitions taken
[1, 2, 9, 11, 14]
[1, 2, 7, 13, 25]
[2, 3, 5, 23]
[1, 5, 6, 15, 20]
[1, 2, 8, 12, 20]
[1, 3, 8, 15, 16]
[1, 4, 6, 27]
[2, 4, 5, 18]
[2, 4, 6, 9, 22]
[1, 3, 7, 14, 21]
[3, 4, 5, 17, 26]
[2, 3, 6, 10]
[3, 4, 6, 8]
[1, 4, 7, 9, 19]
[16, 17, 18, 19, 20, 21, 22, 23, 24, 25, 26, 27, 28]


6
process id 2
stats
5, 15, 7, 100, 1000
20220818-105425
loosing coalitions taken
[1, 2, 8, 13, 19]
[1, 2, 7, 11, 23]
[1, 2, 10, 12, 14]
[1, 3, 7, 10, 24]
[1, 4, 8, 10, 15]
[1, 3, 8, 14, 16]
[2, 4, 5, 18]
[2, 3, 6, 10]
[3, 4, 5, 14]
[1, 4, 6, 25]
[2, 3, 5, 21]
[3, 4, 6, 15, 17]
[2, 4, 6, 11, 22]
[1, 5, 6, 13, 20]
[16, 17, 18, 19, 20, 21, 22, 23, 24, 25, 26, 27, 28]


6
process id 1
stats
5, 15, 7, 100, 1000
20220818-105425
loosing coalitions taken
[2, 3, 6, 10]
[2, 4, 5, 20, 27]
[1, 3, 7, 9, 24]
[1, 4, 8, 10, 11]
[1, 5, 6, 15, 20]
[1, 3, 8, 12, 18]
[3, 4, 5, 19, 23]
[1, 2, 9, 11, 14]
[1, 2, 7, 12, 21]
[2, 3, 5, 22]
[1, 4, 6, 27]
[3, 4, 6, 13, 17]
[1, 4, 7, 14, 15]
[2, 4, 6, 12, 19]
[16, 17, 18, 19, 20, 21, 22, 23, 24, 25, 26, 27, 28]


6
process id 6
stats
5, 15, 7, 100, 1000
20220818-105426
loosing coalitions taken
[3, 4, 6, 14, 18]
[1, 4, 7, 10, 17]
[1, 5, 6, 11, 24]
[1, 2, 7, 16, 19]
[3, 4, 5, 17, 27]
[1, 2, 9, 10, 12]
[1, 2, 8, 14, 17]
[2, 4, 5, 20, 25]
[1, 3, 8, 9, 20]
[1, 4, 8, 12, 13]
[2, 4, 6, 11, 19]
[2, 3, 6, 15, 27]
[1, 4, 6, 28]
[2, 3, 5, 24]
[16, 17, 18, 19, 20, 21, 22, 23, 24, 25, 26, 27, 28]


6
process id 5
stats
5, 15, 7, 100, 1000
20220818-105428
loosing coalitions taken
[3, 4, 6, 14, 19]
[1, 2, 8, 9, 22]
[1, 4, 8, 11, 12]
[1, 3, 9, 10, 12]
[1, 3, 8, 15, 16]
[1, 2, 7, 15, 20]
[2, 3, 6, 11]
[2, 4, 5, 21, 26]
[1, 4, 6, 26]
[1, 3, 7, 14, 18]
[2, 4, 6, 13, 20]
[3, 4, 5, 13]
[1, 2, 10, 11, 13]
[2, 3, 5, 24]
[16, 17, 18, 19, 20, 21, 22, 23, 24, 25, 26, 27, 28]


6
process id 6
stats
5, 15, 7, 100, 1000
20220818-105428
loosing coalitions taken
[1, 5, 6, 10, 26]
[3, 4, 5, 15]
[1, 2, 10, 12, 13]
[1, 3, 8, 9, 16]
[1, 2, 8, 15, 17]
[1, 3, 7, 10, 22]
[2, 4, 6, 9, 24]
[2, 3, 6, 14]
[1, 4, 7, 12, 16]
[2, 4, 5, 18]
[2, 3, 5, 25]
[1, 2, 7, 14, 20]
[3, 4, 6, 8, 27]
[1, 4, 6, 28]
[16, 17, 18, 19, 20, 21, 22, 23, 24, 25, 26, 27, 28]


6
process id 2
stats
5, 15, 7, 100, 1000
20220818-105429
loosing coalitions taken
[1, 2, 9, 11, 13]
[2, 4, 5, 17]
[1, 4, 7, 12, 16]
[1, 3, 8, 11, 18]
[1, 3, 7, 9, 22]
[1, 2, 7, 15, 20]
[2, 3, 6, 14]
[3, 4, 5, 16]
[2, 3, 5, 20]
[1, 5, 6, 13, 19]
[1, 4, 6, 27]
[2, 4, 6, 11, 24]
[1, 2, 8, 12, 19]
[3, 4, 6, 8, 28]
[16, 17, 18, 19, 20, 21, 22, 23, 24, 25, 26, 27, 28]


6
process id 7
stats
5, 15, 7, 100, 1000
20220818-105429
loosing coalitions taken
[2, 3, 6, 12, 28]
[1, 4, 8, 10, 15]
[1, 5, 6, 10, 24]
[1, 2, 7, 13, 24]
[1, 2, 8, 11, 19]
[1, 3, 8, 14, 16]
[1, 3, 7, 12, 21]
[2, 4, 6, 13, 22]
[1, 3, 9, 10, 11]
[2, 5, 6, 7, 11]
[2, 4, 5, 17, 26]
[3, 4, 5, 20, 22]
[2, 3, 5, 21]
[1, 4, 6, 27]
[16, 17, 18, 19, 20, 21, 22, 23, 24, 25, 26, 27, 28]


5
process id 5
stats
5, 15, 7, 100, 1000
20220818-105430
loosing coalitions taken
[1, 5, 6, 10, 25]
[1, 2, 10, 12, 13]
[1, 4, 8, 9, 10]
[3, 4, 5, 15]
[1, 3, 8, 11, 17]
[1, 2, 7, 11, 24]
[1, 3, 7, 12, 21]
[2, 4, 5, 21, 23]
[3, 4, 6, 11, 20]
[2, 3, 6, 13]
[2, 3, 5, 22]
[1, 4, 7, 13, 16]
[1, 4, 6, 28]
[2, 4, 6, 16, 19]
[16, 17, 18, 19, 20, 21, 22, 23, 24, 25, 26, 27, 28]


6
process id 1
stats
5, 15, 7, 100, 1000
20220818-105430
loosing coalitions taken
[1, 5, 6, 13, 23]
[3, 4, 6, 14, 18]
[2, 3, 6, 12, 25]
[2, 4, 5, 21, 26]
[1, 4, 7, 11, 16]
[3, 4, 5, 16]
[1, 3, 8, 9, 20]
[1, 2, 7, 12, 22]
[1, 3, 7, 15, 17]
[2, 5, 6, 8, 10]
[2, 4, 6, 13, 22]
[1, 2, 9, 10, 11]
[1, 4, 6, 28]
[1, 2, 8, 13, 17]
[16, 17, 18, 19, 20, 21, 22, 23, 24, 25, 26, 27, 28]


6
process id 3
stats
5, 15, 7, 100, 1000
20220818-105431
loosing coalitions taken
[1, 5, 6, 13, 21]
[2, 4, 6, 10, 22]
[1, 2, 9, 11, 13]
[1, 2, 8, 15, 17]
[2, 3, 6, 9]
[1, 4, 8, 13, 14]
[1, 3, 7, 14, 18]
[1, 4, 6, 27]
[1, 2, 7, 12, 23]
[1, 3, 8, 12, 16]
[2, 4, 5, 16]
[2, 3, 5, 25]
[3, 4, 5, 15]
[3, 4, 6, 8]
[16, 17, 18, 19, 20, 21, 22, 23, 24, 25, 26, 27, 28]


6
process id 0
stats
5, 15, 7, 100, 1000
20220818-105432
loosing coalitions taken
[1, 2, 8, 15, 17]
[1, 4, 7, 10, 19]
[1, 3, 8, 12, 18]
[1, 5, 6, 11, 25]
[2, 4, 5, 17]
[2, 3, 6, 16, 23]
[1, 4, 8, 13, 14]
[3, 4, 6, 13, 20]
[1, 2, 10, 11, 14]
[3, 4, 5, 14]
[1, 3, 7, 14, 17]
[1, 4, 6, 27]
[2, 3, 5, 24]
[1, 2, 7, 9]
[16, 17, 18, 19, 20, 21, 22, 23, 24, 25, 26, 27, 28]


6
process id 6
stats
5, 15, 7, 100, 1000
20220818-105435
loosing coalitions taken
[1, 4, 7, 13, 16]
[1, 2, 10, 11, 12]
[1, 2, 8, 9, 22]
[2, 4, 6, 13, 22]
[1, 3, 8, 10, 16]
[3, 4, 6, 9, 17]
[1, 5, 6, 15, 17]
[1, 3, 7, 9, 23]
[3, 4, 5, 13]
[1, 2, 7, 14, 19]
[1, 4, 6, 25]
[2, 4, 5, 17]
[2, 3, 5, 22]
[2, 3, 6, 10, 27]
[16, 17, 18, 19, 20, 21, 22, 23, 24, 25, 26, 27, 28]


6
process id 5
stats
5, 15, 7, 100, 1000
20220818-105435
loosing coalitions taken
[1, 5, 6, 10, 26]
[1, 2, 8, 13, 17]
[1, 3, 7, 9, 24]
[2, 4, 5, 21, 24]
[2, 4, 6, 13, 22]
[2, 3, 6, 11]
[1, 2, 9, 10, 12]
[1, 4, 6, 28]
[1, 2, 7, 14, 22]
[1, 3, 8, 15, 16]
[3, 4, 6, 14, 18]
[3, 4, 5, 15]
[1, 4, 7, 8]
[2, 3, 5, 25]
[16, 17, 18, 19, 20, 21, 22, 23, 24, 25, 26, 27, 28]


6
process id 4
stats
5, 15, 7, 100, 1000
20220818-105436
loosing coalitions taken
[2, 4, 5, 21, 28]
[1, 3, 8, 12, 19]
[1, 3, 7, 13, 22]
[1, 4, 7, 9, 19]
[1, 2, 7, 12, 23]
[3, 4, 5, 15]
[1, 5, 6, 9, 22]
[2, 3, 6, 14]
[1, 2, 8, 9, 17]
[2, 4, 6, 13, 19]
[3, 4, 6, 12, 17]
[1, 4, 6, 28]
[2, 3, 5, 20]
[1, 4, 8, 10, 13]
[16, 17, 18, 19, 20, 21, 22, 23, 24, 25, 26, 27, 28]


6
process id 3
stats
5, 15, 7, 100, 1000
20220818-105437
loosing coalitions taken
[1, 3, 8, 9, 18]
[2, 3, 6, 9]
[3, 4, 5, 16]
[1, 4, 8, 11, 12]
[1, 2, 8, 15, 16]
[1, 3, 7, 14, 20]
[2, 4, 5, 15]
[2, 3, 5, 22]
[1, 4, 6, 28]
[1, 2, 7, 10, 25]
[2, 4, 6, 13, 19]
[3, 4, 6, 8, 26]
[1, 5, 6, 15, 17]
[1, 2, 9, 12, 14]
[16, 17, 18, 19, 20, 21, 22, 23, 24, 25, 26, 27, 28]


6
process id 6
stats
5, 15, 7, 100, 1000
20220818-105437
loosing coalitions taken
[1, 4, 7, 8]
[1, 5, 6, 9, 25]
[2, 3, 6, 14]
[2, 4, 6, 13, 19]
[1, 4, 6, 28]
[1, 3, 7, 11, 22]
[2, 4, 5, 20]
[1, 2, 8, 13, 17]
[1, 3, 8, 12, 15]
[3, 4, 5, 15]
[3, 4, 6, 10, 17]
[1, 2, 9, 10, 11]
[1, 2, 7, 12, 25]
[2, 3, 5, 22]
[16, 17, 18, 19, 20, 21, 22, 23, 24, 25, 26, 27, 28]


6
process id 1
stats
5, 15, 7, 100, 1000
20220818-105438
loosing coalitions taken
[2, 4, 5, 20]
[2, 3, 6, 14]
[1, 2, 7, 17, 18]
[1, 3, 8, 12, 18]
[1, 5, 6, 16, 17]
[1, 3, 7, 15, 19]
[2, 4, 6, 11, 18]
[2, 3, 5, 22, 27]
[1, 4, 8, 9, 10]
[1, 2, 10, 12, 14]
[3, 4, 5, 15]
[3, 4, 6, 8]
[1, 4, 6, 27]
[2, 5, 6, 7, 15]
[16, 17, 18, 19, 20, 21, 22, 23, 24, 25, 26, 27, 28]


5
process id 2
stats
5, 15, 7, 100, 1000
20220818-105439
loosing coalitions taken
[1, 5, 6, 14, 20]
[3, 4, 6, 10, 20]
[1, 3, 8, 11, 19]
[1, 2, 9, 11, 13]
[1, 2, 8, 15, 17]
[2, 3, 6, 16, 22]
[1, 4, 8, 10, 12]
[1, 3, 7, 10, 23]
[2, 4, 5, 16]
[2, 3, 5, 24]
[1, 4, 6, 25]
[1, 4, 7, 11, 16]
[3, 4, 5, 13]
[2, 4, 6, 13, 17]
[16, 17, 18, 19, 20, 21, 22, 23, 24, 25, 26, 27, 28]


6
process id 7
stats
5, 15, 7, 100, 1000
20220818-105439
loosing coalitions taken
[1, 2, 7, 11, 24]
[1, 2, 9, 10, 12]
[1, 3, 7, 14, 18]
[2, 3, 6, 14, 28]
[2, 4, 6, 15, 17]
[2, 3, 5, 23]
[1, 2, 8, 14, 20]
[1, 4, 7, 9, 16]
[1, 4, 6, 28]
[3, 4, 6, 8]
[2, 4, 5, 21, 26]
[3, 4, 5, 15]
[1, 5, 6, 9, 26]
[1, 4, 8, 12, 13]
[16, 17, 18, 19, 20, 21, 22, 23, 24, 25, 26, 27, 28]


6
process id 3
stats
5, 15, 7, 100, 1000
20220818-105440
loosing coalitions taken
[1, 3, 7, 14, 19]
[1, 2, 8, 14, 20]
[1, 4, 7, 10, 18]
[1, 2, 9, 11, 13]
[3, 4, 5, 17, 23]
[1, 5, 6, 11, 25]
[2, 4, 5, 19]
[1, 3, 8, 13, 16]
[3, 4, 6, 9, 18]
[2, 3, 6, 12, 25]
[2, 3, 5, 22]
[1, 2, 7, 12, 23]
[2, 4, 6, 16, 17]
[1, 4, 6, 26]
[16, 17, 18, 19, 20, 21, 22, 23, 24, 25, 26, 27, 28]


5
process id 0
stats
5, 15, 7, 100, 1000
20220818-105440
loosing coalitions taken
[2, 4, 5, 19]
[1, 2, 9, 12, 13]
[1, 3, 8, 12, 16]
[1, 2, 8, 10, 20]
[1, 3, 7, 13, 22]
[1, 4, 7, 14, 16]
[1, 2, 7, 15, 21]
[2, 3, 6, 10]
[2, 3, 5, 20]
[1, 5, 6, 14, 22]
[2, 4, 6, 9, 25]
[3, 4, 5, 14]
[1, 4, 6, 27]
[1, 3, 9, 10, 11]
[16, 17, 18, 19, 20, 21, 22, 23, 24, 25, 26, 27, 28]


6
process id 1
stats
5, 15, 7, 100, 1000
20220818-105440
loosing coalitions taken
[1, 2, 8, 12, 20]
[1, 4, 7, 8]
[1, 5, 6, 14, 22]
[1, 2, 9, 11, 14]
[2, 3, 6, 15, 25]
[2, 4, 5, 20]
[1, 4, 6, 27]
[2, 4, 6, 13, 19]
[2, 3, 5, 21]
[1, 3, 8, 10, 19]
[3, 4, 5, 16]
[3, 4, 6, 12, 20]
[1, 3, 7, 13, 22]
[1, 2, 7, 10, 27]
[16, 17, 18, 19, 20, 21, 22, 23, 24, 25, 26, 27, 28]


5
process id 6
stats
5, 15, 7, 100, 1000
20220818-105441
loosing coalitions taken
[3, 4, 5, 16, 27]
[1, 5, 6, 14, 21]
[1, 4, 8, 11, 12]
[1, 2, 10, 12, 13]
[1, 2, 8, 14, 19]
[1, 3, 8, 13, 16]
[1, 3, 7, 14, 22]
[3, 4, 6, 15, 17]
[2, 4, 6, 10, 24]
[1, 4, 6, 27]
[1, 2, 7, 9]
[2, 3, 5, 25, 26]
[3, 5, 6, 7, 13]
[2, 3, 6, 14]
[16, 17, 18, 19, 20, 21, 22, 23, 24, 25, 26, 27, 28]


5
process id 3
stats
5, 15, 7, 100, 1000
20220818-105442
loosing coalitions taken
[2, 4, 5, 20]
[1, 3, 8, 11, 17]
[3, 4, 6, 9, 22]
[1, 3, 9, 10, 12]
[1, 2, 9, 11, 14]
[1, 2, 7, 12, 23]
[2, 3, 6, 12]
[1, 3, 7, 14, 21]
[1, 4, 7, 9, 17]
[1, 5, 6, 11, 22]
[2, 3, 5, 23]
[3, 4, 5, 13]
[1, 4, 6, 25]
[2, 4, 6, 16, 19]
[16, 17, 18, 19, 20, 21, 22, 23, 24, 25, 26, 27, 28]


6
process id 4
stats
5, 15, 7, 100, 1000
20220818-105442
loosing coalitions taken
[1, 2, 8, 10, 20]
[1, 3, 7, 9, 23]
[1, 3, 8, 11, 18]
[1, 2, 9, 11, 14]
[2, 3, 6, 10]
[2, 4, 5, 20]
[2, 3, 5, 21]
[1, 4, 6, 26]
[3, 4, 5, 14]
[2, 4, 6, 14, 18]
[1, 2, 7, 15, 21]
[1, 5, 6, 12, 19]
[3, 4, 6, 11, 21]
[1, 4, 7, 8]
[16, 17, 18, 19, 20, 21, 22, 23, 24, 25, 26, 27, 28]


5
process id 7
stats
5, 15, 7, 100, 1000
20220818-105443
loosing coalitions taken
[1, 4, 7, 8]
[1, 2, 10, 11, 14]
[2, 4, 5, 19]
[2, 3, 6, 10]
[2, 3, 5, 25]
[1, 2, 7, 15, 19]
[1, 2, 8, 12, 18]
[3, 4, 5, 13]
[1, 4, 6, 27]
[1, 3, 8, 15, 16]
[3, 4, 6, 8]
[2, 4, 6, 11, 24]
[1, 3, 7, 11, 18]
[1, 5, 6, 12, 19]
[16, 17, 18, 19, 20, 21, 22, 23, 24, 25, 26, 27, 28]


6
process id 5
stats
5, 15, 7, 100, 1000
20220818-105444
loosing coalitions taken
[1, 4, 8, 11, 13]
[3, 4, 6, 12, 21]
[1, 2, 9, 10, 14]
[1, 2, 7, 13, 23]
[1, 5, 6, 10, 22]
[3, 4, 5, 15]
[2, 3, 6, 13, 26]
[2, 3, 7, 8, 10]
[1, 2, 8, 12, 19]
[1, 4, 7, 12, 16]
[2, 4, 6, 9, 22]
[1, 4, 6, 27]
[1, 3, 8, 9, 17]
[1, 3, 7, 11, 20]
[16, 17, 18, 19, 20, 21, 22, 23, 24, 25, 26, 27, 28]


6
process id 3
stats
5, 15, 7, 100, 1000
20220818-105445
loosing coalitions taken
[1, 3, 7, 9, 23]
[3, 4, 5, 20, 23]
[1, 2, 9, 12, 13]
[1, 5, 6, 16, 18]
[2, 3, 6, 19, 21]
[2, 4, 5, 22, 24]
[2, 4, 6, 12, 23]
[2, 3, 5, 26, 27]
[3, 4, 6, 13, 17]
[1, 4, 6, 26, 28]
[1, 4, 8, 9, 14]
[1, 2, 7, 10, 22]
[1, 3, 8, 15, 16]
[1, 4, 7, 12, 16]
[16, 17, 18, 19, 20, 21, 22, 23, 24, 25, 26, 27, 28]


6
process id 1
stats
5, 15, 7, 100, 1000
20220818-105446
loosing coalitions taken
[1, 2, 9, 11, 13]
[2, 4, 5, 17]
[1, 4, 7, 10, 19]
[3, 4, 6, 9, 22]
[1, 2, 7, 14, 24]
[1, 3, 8, 13, 16]
[1, 2, 8, 12, 20]
[3, 4, 5, 14]
[1, 5, 6, 11, 25]
[1, 4, 6, 28]
[2, 3, 5, 25]
[2, 3, 6, 15, 21]
[2, 4, 6, 11, 23]
[1, 4, 8, 9, 15]
[16, 17, 18, 19, 20, 21, 22, 23, 24, 25, 26, 27, 28]


6
process id 6
stats
5, 15, 7, 100, 1000
20220818-105447
loosing coalitions taken
[1, 2, 7, 15, 20]
[1, 2, 8, 10, 21]
[2, 3, 6, 11]
[1, 3, 7, 16, 17]
[1, 4, 8, 11, 12]
[2, 3, 5, 24]
[2, 4, 5, 18]
[1, 5, 6, 9, 25]
[3, 4, 5, 14]
[1, 4, 6, 26]
[3, 4, 6, 8]
[2, 4, 6, 15, 17]
[1, 3, 8, 9, 15]
[1, 2, 9, 12, 13]
[16, 17, 18, 19, 20, 21, 22, 23, 24, 25, 26, 27, 28]


5
process id 3
stats
5, 15, 7, 100, 1000
20220818-105448
loosing coalitions taken
[2, 3, 6, 13]
[3, 4, 5, 16]
[1, 2, 7, 9]
[1, 3, 8, 10, 18]
[2, 3, 5, 24]
[1, 3, 7, 14, 21]
[2, 4, 5, 20]
[1, 2, 8, 11, 17]
[1, 4, 6, 25]
[1, 4, 7, 8]
[2, 4, 6, 10, 19]
[1, 5, 6, 11, 24]
[3, 4, 6, 8]
[1, 2, 10, 12, 13]
[16, 17, 18, 19, 20, 21, 22, 23, 24, 25, 26, 27, 28]


6
process id 1
stats
5, 15, 7, 100, 1000
20220818-105449
loosing coalitions taken
[1, 4, 8, 10, 14]
[1, 3, 9, 10, 11]
[1, 2, 7, 16, 19]
[1, 2, 8, 9, 22]
[1, 5, 6, 13, 21]
[2, 3, 6, 18, 20]
[1, 4, 6, 28]
[1, 3, 8, 12, 18]
[2, 5, 6, 7, 15]
[2, 3, 5, 23, 25]
[3, 4, 5, 17, 27]
[2, 4, 5, 16]
[1, 3, 7, 14, 17]
[1, 2, 10, 12, 13]
[16, 17, 18, 19, 20, 21, 22, 23, 24, 25, 26, 27, 28]


6
process id 0
stats
5, 15, 7, 100, 1000
20220818-105449
loosing coalitions taken
[1, 4, 7, 8]
[1, 2, 10, 11, 14]
[2, 3, 6, 13]
[2, 4, 5, 21, 28]
[1, 5, 6, 10, 24]
[3, 4, 5, 15]
[3, 4, 6, 12, 21]
[2, 3, 5, 22]
[1, 2, 8, 12, 16]
[1, 3, 7, 11, 22]
[1, 3, 8, 10, 15]
[1, 4, 6, 27]
[2, 4, 6, 14, 17]
[3, 5, 6, 7, 14]
[16, 17, 18, 19, 20, 21, 22, 23, 24, 25, 26, 27, 28]


6
process id 4
stats
5, 15, 7, 100, 1000
20220818-105450
loosing coalitions taken
[3, 4, 6, 15, 17]
[1, 2, 10, 12, 14]
[2, 3, 6, 13]
[1, 2, 8, 15, 16]
[3, 4, 5, 18, 27]
[2, 4, 5, 19]
[1, 5, 6, 12, 24]
[1, 3, 8, 11, 18]
[1, 3, 7, 13, 22]
[2, 3, 5, 25]
[1, 4, 8, 9, 12]
[1, 4, 6, 26]
[2, 4, 6, 10, 18]
[1, 2, 7, 17, 19]
[16, 17, 18, 19, 20, 21, 22, 23, 24, 25, 26, 27, 28]


5
process id 2
stats
5, 15, 7, 100, 1000
20220818-105451
loosing coalitions taken
[1, 3, 8, 11, 18]
[1, 2, 8, 14, 20]
[1, 2, 7, 17, 18]
[1, 5, 6, 10, 24]
[2, 4, 5, 19]
[1, 2, 9, 11, 12]
[1, 3, 7, 9, 21]
[3, 4, 5, 16]
[2, 3, 5, 22]
[2, 3, 6, 14]
[2, 4, 6, 11, 20]
[3, 4, 6, 10, 17]
[1, 4, 7, 8, 23]
[1, 4, 6, 28]
[16, 17, 18, 19, 20, 21, 22, 23, 24, 25, 26, 27, 28]


6
process id 6
stats
5, 15, 7, 100, 1000
20220818-105451
loosing coalitions taken
[1, 2, 7, 9, 24]
[1, 5, 6, 9, 25]
[2, 3, 6, 11, 28]
[1, 3, 8, 10, 18]
[2, 3, 5, 25]
[1, 3, 7, 13, 19]
[1, 2, 10, 11, 12]
[2, 4, 5, 18]
[3, 4, 6, 12, 20]
[2, 4, 6, 16, 19]
[3, 4, 5, 13]
[1, 4, 7, 14, 16]
[1, 4, 6, 27]
[1, 2, 8, 13, 17]
[16, 17, 18, 19, 20, 21, 22, 23, 24, 25, 26, 27, 28]


6
process id 1
stats
5, 15, 7, 100, 1000
20220818-105452
loosing coalitions taken
[1, 2, 7, 12, 23]
[3, 4, 5, 16, 26]
[2, 4, 5, 17]
[1, 3, 8, 12, 19]
[1, 2, 9, 11, 14]
[1, 2, 8, 15, 16]
[2, 3, 6, 12]
[1, 4, 7, 10, 19]
[3, 4, 6, 8]
[1, 5, 6, 10, 24]
[1, 3, 7, 16, 17]
[2, 3, 5, 25]
[1, 4, 6, 26]
[2, 4, 6, 14, 21]
[16, 17, 18, 19, 20, 21, 22, 23, 24, 25, 26, 27, 28]


6
process id 1
stats
5, 15, 7, 100, 1000
20220818-105454
loosing coalitions taken
[1, 2, 8, 12, 21]
[2, 3, 6, 13]
[1, 3, 8, 9, 19]
[3, 4, 5, 17, 28]
[1, 5, 6, 16, 17]
[2, 4, 5, 18]
[1, 4, 7, 10, 19]
[1, 3, 7, 15, 18]
[1, 4, 8, 13, 14]
[2, 3, 5, 24]
[1, 4, 6, 28]
[2, 4, 6, 10, 23]
[1, 2, 7, 9]
[1, 2, 10, 11, 13]
[16, 17, 18, 19, 20, 21, 22, 23, 24, 25, 26, 27, 28]


6
process id 4
stats
5, 15, 7, 100, 1000
20220818-105454
loosing coalitions taken
[1, 2, 8, 11, 20]
[1, 2, 9, 10, 13]
[1, 5, 6, 11, 25]
[1, 3, 7, 10, 23]
[1, 4, 7, 8]
[2, 4, 6, 15, 21]
[2, 3, 6, 10]
[2, 4, 5, 20]
[1, 4, 6, 26]
[3, 4, 5, 13]
[3, 4, 6, 9, 20]
[2, 3, 5, 24]
[1, 2, 7, 16, 17]
[1, 3, 8, 9, 18]
[16, 17, 18, 19, 20, 21, 22, 23, 24, 25, 26, 27, 28]


6
process id 5
stats
5, 15, 7, 100, 1000
20220818-105454
loosing coalitions taken
[3, 4, 6, 13, 21]
[1, 2, 9, 12, 14]
[1, 3, 9, 10, 11]
[2, 4, 6, 10, 23]
[1, 4, 7, 8]
[2, 3, 6, 12]
[3, 4, 5, 14]
[1, 5, 6, 11, 20]
[2, 3, 7, 8, 9]
[2, 3, 5, 25]
[2, 4, 5, 21, 28]
[1, 4, 6, 26, 27]
[1, 3, 7, 12, 18]
[1, 2, 8, 13, 20]
[16, 17, 18, 19, 20, 21, 22, 23, 24, 25, 26, 27, 28]


6
process id 2
stats
5, 15, 7, 100, 1000
20220818-105455
loosing coalitions taken
[1, 4, 8, 10, 15]
[2, 4, 6, 16, 19]
[1, 2, 7, 11, 27]
[2, 3, 6, 11]
[1, 2, 8, 14, 18]
[1, 3, 8, 12, 17]
[3, 4, 5, 15]
[2, 4, 5, 18, 26]
[2, 3, 5, 24]
[1, 4, 7, 9, 19]
[1, 4, 6, 27]
[1, 3, 7, 15, 20]
[3, 4, 6, 8]
[1, 5, 6, 11, 21]
[16, 17, 18, 19, 20, 21, 22, 23, 24, 25, 26, 27, 28]


6
process id 7
stats
5, 15, 7, 100, 1000
20220818-105456
loosing coalitions taken
[2, 3, 6, 14]
[2, 4, 5, 20, 27]
[1, 2, 8, 12, 17]
[1, 2, 7, 16, 19]
[3, 4, 5, 16]
[1, 2, 9, 10, 13]
[1, 3, 7, 12, 21]
[1, 4, 6, 25]
[1, 5, 6, 16, 17]
[2, 3, 5, 21]
[3, 4, 6, 13, 18]
[1, 4, 7, 8]
[2, 4, 6, 9, 23]
[1, 3, 8, 14, 15]
[16, 17, 18, 19, 20, 21, 22, 23, 24, 25, 26, 27, 28]


6
process id 6
stats
5, 15, 7, 100, 1000
20220818-105456
loosing coalitions taken
[1, 5, 6, 16, 20]
[2, 3, 6, 9]
[1, 4, 7, 8, 27]
[1, 3, 7, 14, 18]
[1, 2, 7, 11, 22]
[3, 4, 5, 15]
[1, 2, 8, 14, 20]
[2, 4, 5, 16]
[2, 3, 5, 22]
[1, 4, 6, 28]
[3, 4, 6, 10, 17]
[2, 4, 6, 15, 21]
[1, 3, 8, 11, 17]
[1, 3, 9, 10, 12]
[16, 17, 18, 19, 20, 21, 22, 23, 24, 25, 26, 27, 28]


6
process id 0
stats
5, 15, 7, 100, 1000
20220818-105456
loosing coalitions taken
[2, 3, 5, 25]
[3, 4, 6, 11, 20]
[1, 2, 10, 12, 14]
[1, 2, 8, 9, 17]
[2, 4, 6, 15, 18]
[1, 3, 8, 11, 16]
[1, 3, 7, 9, 22]
[1, 5, 6, 16, 20]
[1, 2, 7, 13, 23]
[3, 4, 5, 16]
[2, 4, 5, 17]
[2, 3, 6, 9]
[1, 4, 6, 26]
[1, 4, 8, 13, 14]
[16, 17, 18, 19, 20, 21, 22, 23, 24, 25, 26, 27, 28]


5
process id 6
stats
5, 15, 7, 100, 1000
20220818-105457
loosing coalitions taken
[1, 2, 7, 11, 23]
[1, 3, 8, 10, 19]
[1, 2, 10, 12, 14]
[2, 3, 6, 14]
[3, 4, 5, 15]
[1, 2, 8, 13, 16]
[1, 4, 7, 8, 28]
[1, 3, 7, 9, 22]
[2, 4, 5, 17]
[3, 4, 6, 8]
[1, 5, 6, 16, 20]
[2, 3, 5, 20]
[2, 4, 6, 12, 21]
[1, 4, 6, 27]
[16, 17, 18, 19, 20, 21, 22, 23, 24, 25, 26, 27, 28]


6
process id 1
stats
5, 15, 7, 100, 1000
20220818-105459
loosing coalitions taken
[1, 5, 6, 11, 24]
[1, 4, 7, 9, 18]
[1, 3, 8, 12, 19]
[1, 3, 7, 10, 24]
[1, 2, 9, 12, 14]
[2, 4, 5, 18]
[2, 3, 6, 15, 27]
[1, 2, 7, 11, 26]
[2, 3, 5, 22]
[2, 4, 6, 14, 19]
[3, 4, 5, 16, 26]
[3, 4, 6, 8]
[1, 4, 6, 27]
[1, 2, 8, 15, 17]
[16, 17, 18, 19, 20, 21, 22, 23, 24, 25, 26, 27, 28]


6
process id 5
stats
5, 15, 7, 100, 1000
20220818-105459
loosing coalitions taken
[1, 4, 8, 10, 15]
[1, 3, 8, 12, 16]
[1, 5, 6, 11, 23]
[1, 2, 9, 10, 13]
[2, 3, 5, 22]
[1, 2, 7, 15, 21]
[1, 2, 8, 14, 18]
[3, 4, 6, 13, 21]
[1, 4, 6, 28]
[1, 3, 7, 9, 23]
[2, 3, 6, 10]
[2, 4, 5, 16]
[3, 4, 5, 18, 25]
[2, 4, 6, 14, 22]
[16, 17, 18, 19, 20, 21, 22, 23, 24, 25, 26, 27, 28]


6
process id 6
stats
5, 15, 7, 100, 1000
20220818-105459
loosing coalitions taken
[1, 2, 8, 14, 19]
[1, 3, 7, 9, 24]
[1, 3, 8, 12, 16]
[1, 4, 8, 10, 15]
[1, 2, 7, 11, 26]
[2, 3, 6, 11]
[2, 4, 5, 17]
[2, 3, 5, 22, 27]
[1, 5, 6, 12, 20]
[3, 4, 5, 18, 25]
[1, 4, 6, 27, 28]
[2, 4, 6, 14, 18]
[3, 4, 6, 10, 21]
[1, 4, 7, 13, 16]
[16, 17, 18, 19, 20, 21, 22, 23, 24, 25, 26, 27, 28]


5
process id 7
stats
5, 15, 7, 100, 1000
20220818-105500
loosing coalitions taken
[3, 4, 6, 9, 21]
[1, 2, 9, 10, 11]
[1, 4, 7, 8, 25]
[1, 3, 7, 13, 22]
[1, 2, 8, 13, 17]
[2, 4, 6, 13, 18]
[2, 3, 5, 23]
[2, 4, 5, 17]
[1, 5, 6, 9, 25]
[1, 4, 6, 28]
[3, 4, 5, 14]
[2, 3, 6, 15, 26]
[1, 2, 7, 12, 26]
[1, 3, 8, 14, 16]
[16, 17, 18, 19, 20, 21, 22, 23, 24, 25, 26, 27, 28]


6
process id 0
stats
5, 15, 7, 100, 1000
20220818-105500
loosing coalitions taken
[1, 5, 6, 10, 26]
[2, 4, 5, 16]
[1, 2, 8, 11, 20]
[1, 2, 9, 12, 13]
[1, 3, 7, 11, 23]
[1, 2, 7, 17, 18]
[1, 4, 7, 8, 25]
[2, 3, 6, 12]
[2, 4, 6, 10, 18]
[1, 3, 8, 13, 16]
[2, 3, 5, 23, 27]
[3, 4, 6, 8]
[1, 4, 6, 28]
[3, 4, 5, 13]
[16, 17, 18, 19, 20, 21, 22, 23, 24, 25, 26, 27, 28]


6
process id 3
stats
5, 15, 7, 100, 1000
20220818-105501
loosing coalitions taken
[1, 5, 6, 9, 24]
[2, 3, 6, 13]
[3, 4, 5, 16]
[1, 4, 6, 27]
[1, 3, 8, 9, 20]
[2, 3, 5, 23, 27]
[2, 4, 5, 20, 26]
[2, 4, 6, 14, 19]
[1, 4, 7, 12, 15]
[1, 3, 7, 10, 18]
[1, 2, 7, 11, 27]
[1, 2, 8, 14, 16]
[1, 4, 8, 11, 13]
[3, 4, 6, 8]
[16, 17, 18, 19, 20, 21, 22, 23, 24, 25, 26, 27, 28]


5
process id 0
stats
5, 15, 7, 100, 1000
20220818-105505
loosing coalitions taken
[1, 3, 8, 12, 17]
[1, 2, 8, 14, 20]
[1, 3, 7, 15, 20]
[2, 3, 6, 14]
[2, 4, 5, 19]
[1, 2, 9, 10, 12]
[1, 4, 7, 12, 16]
[1, 4, 8, 10, 15]
[2, 4, 6, 11, 20]
[1, 4, 6, 28]
[2, 3, 5, 22]
[1, 5, 6, 10, 23]
[3, 4, 5, 14]
[1, 2, 7, 17, 19]
[16, 17, 18, 19, 20, 21, 22, 23, 24, 25, 26, 27, 28]


5
process id 6
stats
5, 15, 7, 100, 1000
20220818-105505
loosing coalitions taken
[2, 4, 5, 17]
[1, 2, 7, 9]
[1, 4, 8, 10, 13]
[3, 4, 6, 13, 20]
[1, 3, 8, 11, 18]
[2, 3, 6, 16, 24]
[1, 4, 7, 11, 17]
[1, 3, 7, 13, 21]
[1, 5, 6, 14, 20]
[2, 3, 5, 23]
[1, 4, 6, 28]
[1, 2, 8, 14, 16]
[3, 4, 5, 16]
[2, 4, 6, 9, 23]
[16, 17, 18, 19, 20, 21, 22, 23, 24, 25, 26, 27, 28]


6
process id 1
stats
5, 15, 7, 100, 1000
20220818-105505
loosing coalitions taken
[1, 2, 8, 10, 20]
[1, 3, 8, 14, 16]
[1, 4, 7, 10, 16]
[3, 4, 5, 18, 27]
[1, 5, 6, 10, 25]
[1, 2, 7, 11, 26]
[2, 4, 6, 16, 18]
[2, 3, 6, 13]
[2, 4, 5, 19]
[1, 3, 7, 15, 17]
[3, 4, 6, 8]
[2, 3, 5, 25]
[1, 4, 6, 28]
[1, 4, 8, 9, 12]
[16, 17, 18, 19, 20, 21, 22, 23, 24, 25, 26, 27, 28]


6
process id 3
stats
5, 15, 7, 100, 1000
20220818-105507
loosing coalitions taken
[2, 3, 6, 9]
[1, 2, 10, 12, 13]
[1, 4, 7, 8, 26]
[1, 2, 7, 17, 19]
[1, 3, 7, 15, 18]
[1, 5, 6, 10, 22]
[2, 4, 5, 19, 27]
[3, 4, 5, 16]
[1, 2, 8, 14, 20]
[2, 3, 5, 21]
[1, 4, 6, 27, 28]
[3, 4, 6, 8]
[1, 3, 8, 13, 16]
[2, 4, 6, 10, 20]
[16, 17, 18, 19, 20, 21, 22, 23, 24, 25, 26, 27, 28]


6
process id 1
stats
5, 15, 7, 100, 1000
20220818-105508
loosing coalitions taken
[2, 3, 6, 15, 27]
[1, 2, 8, 14, 20]
[3, 4, 6, 13, 20]
[2, 4, 6, 10, 23]
[1, 2, 7, 12, 26]
[1, 4, 7, 8]
[1, 2, 10, 11, 13]
[2, 3, 5, 24]
[1, 3, 8, 13, 15]
[3, 4, 5, 15]
[2, 4, 5, 19]
[1, 5, 6, 12, 24]
[1, 4, 6, 25]
[1, 3, 7, 11, 17]
[16, 17, 18, 19, 20, 21, 22, 23, 24, 25, 26, 27, 28]


6
process id 2
stats
5, 15, 7, 100, 1000
20220818-105509
loosing coalitions taken
[1, 2, 7, 11, 26]
[2, 4, 5, 19]
[2, 3, 6, 12, 28]
[3, 4, 6, 10, 18]
[1, 3, 8, 9, 18]
[1, 2, 9, 10, 14]
[1, 2, 8, 15, 17]
[1, 5, 6, 9, 25]
[1, 4, 7, 12, 15]
[3, 4, 5, 15]
[1, 4, 6, 28]
[2, 3, 5, 25]
[1, 4, 8, 11, 14]
[2, 4, 6, 14, 22]
[16, 17, 18, 19, 20, 21, 22, 23, 24, 25, 26, 27, 28]


5
process id 6
stats
5, 15, 7, 100, 1000
20220818-105510
loosing coalitions taken
[2, 3, 6, 14]
[1, 4, 7, 8]
[3, 4, 5, 16]
[1, 5, 6, 9, 24]
[2, 3, 5, 22]
[2, 4, 5, 15]
[1, 4, 6, 26]
[2, 4, 6, 12, 20]
[1, 3, 8, 10, 16]
[1, 3, 7, 14, 22]
[3, 4, 6, 8]
[1, 2, 8, 13, 19]
[1, 2, 7, 10, 27]
[1, 2, 9, 12, 14]
[16, 17, 18, 19, 20, 21, 22, 23, 24, 25, 26, 27, 28]


6
process id 5
stats
5, 15, 7, 100, 1000
20220818-105510
loosing coalitions taken
[1, 3, 8, 10, 18]
[1, 5, 6, 9, 26]
[3, 4, 6, 12, 20]
[1, 2, 10, 12, 14]
[2, 3, 6, 11]
[1, 2, 8, 9, 20]
[2, 3, 5, 25]
[2, 4, 6, 10, 24]
[1, 4, 7, 8, 23]
[1, 4, 6, 25]
[3, 4, 5, 21, 23]
[1, 2, 7, 11, 27]
[2, 4, 5, 16, 28]
[1, 3, 7, 13, 21]
[16, 17, 18, 19, 20, 21, 22, 23, 24, 25, 26, 27, 28]


6
process id 0
stats
5, 15, 7, 100, 1000
20220818-105511
loosing coalitions taken
[2, 3, 5, 23, 27]
[2, 3, 6, 14]
[1, 4, 8, 10, 13]
[1, 3, 8, 12, 16]
[2, 4, 5, 18]
[1, 2, 7, 11, 22]
[1, 3, 7, 13, 18]
[1, 4, 7, 9, 16]
[1, 4, 6, 25]
[3, 4, 6, 8]
[1, 5, 6, 15, 16]
[3, 4, 5, 20, 22]
[2, 4, 6, 9, 23]
[1, 2, 9, 10, 14]
[16, 17, 18, 19, 20, 21, 22, 23, 24, 25, 26, 27, 28]


5
process id 3
stats
5, 15, 7, 100, 1000
20220818-105511
loosing coalitions taken
[1, 2, 10, 11, 12]
[1, 2, 7, 9]
[1, 3, 8, 12, 19]
[1, 5, 6, 14, 22]
[2, 4, 5, 20]
[1, 4, 8, 11, 13]
[1, 4, 6, 27]
[2, 3, 6, 12]
[1, 3, 7, 10, 17]
[3, 4, 5, 14]
[2, 3, 5, 25]
[3, 4, 6, 13, 20]
[1, 4, 7, 14, 16]
[2, 4, 6, 9, 22]
[16, 17, 18, 19, 20, 21, 22, 23, 24, 25, 26, 27, 28]


6
process id 1
stats
5, 15, 7, 100, 1000
20220818-105511
loosing coalitions taken
[2, 3, 6, 13]
[1, 4, 8, 12, 14]
[1, 3, 9, 10, 12]
[1, 2, 7, 9]
[1, 4, 6, 27]
[2, 3, 5, 21]
[1, 3, 7, 11, 17]
[2, 4, 5, 17]
[1, 4, 7, 13, 16]
[3, 4, 5, 14]
[3, 4, 6, 8]
[1, 5, 6, 16, 18]
[1, 2, 10, 11, 13]
[2, 4, 6, 9, 25]
[16, 17, 18, 19, 20, 21, 22, 23, 24, 25, 26, 27, 28]


5
process id 2
stats
5, 15, 7, 100, 1000
20220818-105512
loosing coalitions taken
[1, 2, 7, 13, 23]
[1, 2, 10, 11, 12]
[2, 4, 5, 20]
[1, 3, 7, 14, 21]
[1, 4, 7, 8]
[1, 5, 6, 10, 25]
[2, 3, 5, 25]
[3, 4, 5, 13]
[1, 3, 8, 11, 19]
[1, 4, 6, 28]
[1, 2, 8, 14, 20]
[2, 3, 6, 10]
[3, 4, 6, 8]
[2, 4, 6, 9, 23]
[16, 17, 18, 19, 20, 21, 22, 23, 24, 25, 26, 27, 28]


6
process id 4
stats
5, 15, 7, 100, 1000
20220818-105513
loosing coalitions taken
[2, 4, 5, 20]
[1, 4, 7, 8]
[1, 5, 6, 9, 25]
[1, 2, 10, 11, 13]
[2, 4, 6, 13, 18]
[2, 3, 5, 25]
[1, 4, 6, 26]
[3, 4, 5, 17, 27]
[1, 2, 7, 12, 20]
[2, 3, 6, 12]
[1, 3, 7, 16, 18]
[1, 2, 8, 9, 21]
[1, 3, 8, 12, 19]
[3, 4, 6, 8]
[16, 17, 18, 19, 20, 21, 22, 23, 24, 25, 26, 27, 28]


5
process id 1
stats
5, 15, 7, 100, 1000
20220818-105513
loosing coalitions taken
[1, 3, 8, 9, 17]
[2, 3, 6, 9]
[3, 4, 5, 16]
[1, 2, 10, 11, 12]
[1, 3, 7, 11, 20]
[1, 2, 8, 14, 20]
[1, 5, 6, 13, 17]
[1, 4, 7, 9, 16]
[1, 4, 6, 28]
[2, 4, 5, 19]
[2, 4, 6, 11, 24]
[2, 3, 5, 20]
[1, 2, 7, 13, 24]
[3, 4, 6, 13, 19]
[16, 17, 18, 19, 20, 21, 22, 23, 24, 25, 26, 27, 28]


6
process id 7
stats
5, 15, 7, 100, 1000
20220818-105515
loosing coalitions taken
[1, 2, 7, 11, 26]
[3, 4, 5, 16]
[2, 3, 6, 11]
[1, 3, 8, 9, 17]
[1, 2, 8, 13, 19]
[1, 5, 6, 15, 21]
[1, 4, 8, 11, 12]
[2, 4, 5, 15]
[3, 4, 6, 14, 18]
[2, 4, 6, 12, 22]
[2, 3, 5, 22]
[1, 4, 6, 28]
[1, 3, 7, 10, 18]
[1, 4, 7, 13, 16]
[16, 17, 18, 19, 20, 21, 22, 23, 24, 25, 26, 27, 28]


5
process id 2
stats
5, 15, 7, 100, 1000
20220818-105515
loosing coalitions taken
[1, 2, 9, 11, 14]
[1, 5, 6, 9, 23]
[1, 3, 8, 10, 18]
[1, 2, 7, 17, 18]
[2, 4, 5, 20]
[1, 4, 7, 8]
[2, 3, 6, 10]
[2, 3, 5, 21]
[3, 4, 5, 15]
[2, 4, 6, 13, 21]
[1, 3, 7, 14, 19]
[1, 4, 6, 28]
[3, 4, 6, 9, 17]
[1, 2, 8, 12, 16]
[16, 17, 18, 19, 20, 21, 22, 23, 24, 25, 26, 27, 28]


6
process id 5
stats
5, 15, 7, 100, 1000
20220818-105515
loosing coalitions taken
[1, 2, 9, 11, 12]
[1, 4, 7, 8]
[2, 3, 6, 10]
[2, 4, 5, 20, 24]
[2, 3, 5, 23]
[3, 4, 6, 11, 18]
[1, 5, 6, 11, 21]
[2, 4, 6, 13, 17]
[1, 2, 7, 15, 18]
[1, 4, 6, 28]
[1, 3, 7, 9, 22]
[2, 5, 6, 8, 9]
[3, 4, 5, 15, 27]
[1, 3, 8, 14, 16]
[16, 17, 18, 19, 20, 21, 22, 23, 24, 25, 26, 27, 28]


6
process id 4
stats
5, 15, 7, 100, 1000
20220818-105516
loosing coalitions taken
[2, 4, 5, 20]
[2, 3, 6, 9]
[1, 3, 8, 10, 16]
[1, 3, 7, 15, 21]
[1, 2, 10, 12, 13]
[1, 4, 8, 9, 13]
[1, 2, 7, 11, 27]
[3, 4, 5, 13]
[1, 4, 6, 25]
[2, 3, 5, 24]
[3, 4, 6, 12, 18]
[2, 4, 6, 10, 23]
[1, 5, 6, 11, 24]
[1, 4, 7, 12, 16]
[16, 17, 18, 19, 20, 21, 22, 23, 24, 25, 26, 27, 28]


6
process id 5
stats
5, 15, 7, 100, 1000
20220818-105517
loosing coalitions taken
[2, 3, 6, 9]
[2, 4, 5, 16]
[1, 4, 7, 10, 19]
[1, 2, 8, 13, 18]
[1, 2, 7, 12, 23]
[1, 3, 8, 11, 19]
[1, 5, 6, 15, 20]
[3, 4, 5, 15]
[3, 4, 6, 13, 17]
[2, 3, 5, 22]
[1, 4, 6, 27, 28]
[1, 3, 7, 14, 20]
[2, 4, 6, 10, 20]
[1, 3, 9, 10, 12]
[16, 17, 18, 19, 20, 21, 22, 23, 24, 25, 26, 27, 28]


6
process id 0
stats
5, 15, 7, 100, 1000
20220818-105517
loosing coalitions taken
[1, 3, 7, 12, 22]
[1, 4, 7, 14, 15]
[2, 3, 6, 13]
[1, 5, 6, 12, 21]
[2, 4, 5, 22, 23]
[3, 4, 5, 15]
[1, 2, 7, 9]
[3, 4, 6, 8]
[2, 3, 5, 25]
[1, 4, 6, 25]
[2, 4, 6, 16, 17]
[1, 4, 8, 9, 13]
[1, 3, 8, 14, 16]
[1, 2, 8, 12, 20]
[16, 17, 18, 19, 20, 21, 22, 23, 24, 25, 26, 27, 28]


6
process id 0
stats
5, 15, 7, 100, 1000
20220818-105520
loosing coalitions taken
[1, 2, 7, 16, 19]
[1, 5, 6, 11, 23]
[1, 4, 8, 10, 14]
[1, 3, 7, 9, 24]
[2, 4, 5, 19]
[3, 4, 6, 14, 20]
[2, 3, 6, 12]
[2, 3, 5, 25, 27]
[2, 4, 6, 15, 21]
[1, 3, 8, 12, 18]
[3, 4, 5, 13]
[1, 4, 6, 28]
[1, 4, 7, 11, 17]
[1, 2, 8, 11, 20]
[16, 17, 18, 19, 20, 21, 22, 23, 24, 25, 26, 27, 28]


5
process id 3
stats
5, 15, 7, 100, 1000
20220818-105520
loosing coalitions taken
[1, 3, 9, 10, 12]
[1, 5, 6, 15, 20]
[2, 3, 5, 23]
[1, 2, 10, 11, 13]
[1, 3, 8, 13, 16]
[1, 2, 7, 9]
[1, 4, 7, 8, 28]
[3, 4, 6, 15, 16]
[2, 3, 6, 10]
[1, 3, 7, 14, 21]
[1, 2, 8, 12, 19]
[2, 4, 5, 17]
[3, 4, 5, 14]
[1, 4, 6, 26]
[16, 17, 18, 19, 20, 21, 22, 23, 24, 25, 26, 27, 28]


6
process id 4
stats
5, 15, 7, 100, 1000
20220818-105520
loosing coalitions taken
[1, 5, 6, 9, 24]
[1, 2, 8, 13, 20]
[1, 3, 7, 13, 22]
[2, 4, 5, 17]
[2, 3, 6, 10]
[1, 3, 8, 11, 19]
[1, 4, 8, 10, 14]
[1, 2, 7, 15, 19]
[2, 3, 5, 25, 28]
[3, 4, 5, 20, 23]
[1, 4, 6, 28]
[3, 4, 6, 8]
[2, 4, 6, 11, 22]
[1, 2, 9, 11, 12]
[16, 17, 18, 19, 20, 21, 22, 23, 24, 25, 26, 27, 28]


6
process id 5
stats
5, 15, 7, 100, 1000
20220818-105522
loosing coalitions taken
[3, 4, 6, 13, 18]
[1, 4, 8, 12, 13]
[1, 4, 7, 10, 19]
[2, 4, 6, 15, 17]
[2, 3, 6, 12]
[2, 4, 5, 20]
[1, 2, 8, 11, 18]
[1, 3, 9, 10, 11]
[1, 2, 7, 13, 22]
[1, 4, 6, 28]
[2, 3, 5, 25]
[1, 5, 6, 9, 26]
[1, 3, 7, 15, 21]
[3, 4, 5, 16, 26]
[16, 17, 18, 19, 20, 21, 22, 23, 24, 25, 26, 27, 28]


6
process id 7
stats
5, 15, 7, 100, 1000
20220818-105524
loosing coalitions taken
[1, 2, 8, 13, 20]
[2, 3, 5, 24]
[1, 2, 7, 15, 22]
[1, 3, 7, 16, 18]
[1, 5, 6, 10, 25]
[1, 3, 8, 9, 17]
[3, 4, 6, 9, 22]
[1, 2, 9, 12, 14]
[2, 4, 5, 18]
[1, 4, 7, 11, 17]
[2, 3, 6, 10]
[3, 4, 5, 14]
[1, 4, 6, 27]
[2, 4, 6, 15, 17]
[16, 17, 18, 19, 20, 21, 22, 23, 24, 25, 26, 27, 28]


6
process id 2
stats
5, 15, 7, 100, 1000
20220818-105524
loosing coalitions taken
[1, 2, 10, 11, 12]
[2, 4, 5, 19]
[1, 3, 8, 12, 18]
[2, 3, 6, 13]
[1, 3, 7, 11, 22]
[1, 2, 7, 16, 18]
[2, 3, 5, 25]
[1, 4, 8, 9, 14]
[3, 4, 5, 15]
[3, 4, 6, 12, 16]
[1, 5, 6, 14, 17]
[1, 4, 6, 25]
[2, 4, 6, 11, 24]
[1, 2, 8, 13, 17]
[16, 17, 18, 19, 20, 21, 22, 23, 24, 25, 26, 27, 28]


6
process id 3
stats
5, 15, 7, 100, 1000
20220818-105524
loosing coalitions taken
[1, 3, 8, 12, 18]
[1, 2, 7, 10, 27]
[2, 3, 6, 10, 28]
[1, 2, 9, 11, 12]
[2, 4, 5, 17, 28]
[1, 5, 6, 9, 26]
[2, 3, 5, 25]
[1, 2, 8, 13, 19]
[1, 3, 7, 15, 20]
[3, 4, 6, 13, 20]
[1, 4, 6, 28]
[3, 4, 5, 14]
[1, 4, 7, 8]
[2, 4, 6, 9, 24]
[16, 17, 18, 19, 20, 21, 22, 23, 24, 25, 26, 27, 28]


5
process id 7
stats
5, 15, 7, 100, 1000
20220818-105527
loosing coalitions taken
[2, 4, 6, 10, 24]
[1, 3, 9, 10, 12]
[1, 4, 8, 11, 13]
[1, 3, 7, 13, 21]
[1, 2, 9, 11, 14]
[1, 2, 7, 12, 25]
[2, 4, 5, 19]
[1, 3, 8, 15, 16]
[2, 3, 6, 14]
[1, 2, 8, 10, 17]
[3, 4, 6, 13, 18]
[3, 4, 5, 15]
[2, 3, 5, 20]
[1, 4, 6, 25]
[16, 17, 18, 19, 20, 21, 22, 23, 24, 25, 26, 27, 28]


6
process id 0
stats
5, 15, 7, 100, 1000
20220818-105527
loosing coalitions taken
[1, 4, 7, 12, 16]
[2, 3, 6, 11]
[1, 2, 8, 13, 20]
[1, 2, 7, 9]
[1, 3, 8, 10, 19]
[1, 4, 6, 27]
[2, 4, 6, 14, 19]
[1, 5, 6, 9, 22]
[2, 3, 5, 24]
[3, 4, 5, 14]
[1, 3, 7, 11, 20]
[3, 4, 6, 8]
[2, 4, 5, 20, 28]
[1, 2, 10, 11, 14]
[16, 17, 18, 19, 20, 21, 22, 23, 24, 25, 26, 27, 28]


6
process id 4
stats
5, 15, 7, 100, 1000
20220818-105527
loosing coalitions taken
[2, 3, 6, 9, 27]
[1, 3, 8, 14, 15]
[1, 5, 6, 11, 24]
[3, 4, 5, 19, 26]
[2, 3, 5, 25]
[1, 4, 7, 8, 28]
[1, 3, 9, 10, 11]
[3, 4, 6, 13, 17]
[1, 2, 10, 12, 14]
[2, 4, 6, 14, 22]
[1, 2, 8, 9, 21]
[1, 4, 6, 25]
[1, 3, 7, 12, 20]
[1, 2, 7, 15, 17]
[16, 17, 18, 19, 20, 21, 22, 23, 24, 25, 26, 27, 28]


5
process id 2
stats
5, 15, 7, 100, 1000
20220818-105527
loosing coalitions taken
[2, 4, 5, 18]
[1, 4, 8, 10, 15]
[1, 2, 8, 11, 19]
[1, 2, 9, 10, 12]
[1, 2, 7, 14, 22]
[1, 3, 7, 15, 21]
[1, 4, 7, 9, 19]
[1, 4, 6, 27]
[1, 3, 8, 9, 18]
[1, 5, 6, 11, 24]
[2, 4, 6, 10, 19]
[3, 4, 5, 15]
[2, 3, 5, 21]
[2, 3, 6, 9]
[16, 17, 18, 19, 20, 21, 22, 23, 24, 25, 26, 27, 28]


6
process id 1
stats
5, 15, 7, 100, 1000
20220818-105528
loosing coalitions taken
[1, 2, 8, 10, 18]
[1, 2, 7, 16, 20]
[1, 3, 7, 10, 23]
[1, 2, 9, 12, 14]
[3, 5, 6, 7, 14]
[2, 3, 7, 8, 9]
[1, 5, 6, 11, 25]
[3, 4, 6, 12, 21]
[2, 3, 6, 13]
[2, 4, 5, 19, 27]
[1, 4, 8, 13, 14]
[3, 4, 5, 16]
[1, 3, 8, 11, 19]
[1, 4, 6, 27]
[16, 17, 18, 19, 20, 21, 22, 23, 24, 25, 26, 27, 28]


5
process id 2
stats
5, 15, 7, 100, 1000
20220818-105528
loosing coalitions taken
[1, 5, 6, 10, 23]
[2, 3, 6, 10]
[1, 3, 8, 11, 18]
[1, 2, 8, 12, 20]
[1, 2, 7, 11, 24]
[1, 3, 7, 15, 21]
[1, 4, 6, 25]
[3, 4, 5, 15]
[2, 3, 5, 22]
[2, 4, 5, 16]
[2, 4, 6, 11, 19]
[1, 4, 7, 8, 27]
[3, 4, 6, 14, 17]
[1, 2, 9, 10, 13]
[16, 17, 18, 19, 20, 21, 22, 23, 24, 25, 26, 27, 28]


6
process id 3
stats
5, 15, 7, 100, 1000
20220818-105529
loosing coalitions taken
[1, 5, 6, 11, 24]
[2, 4, 5, 18, 25]
[1, 2, 7, 15, 21]
[3, 4, 5, 19, 23]
[1, 2, 8, 10, 18]
[1, 4, 8, 13, 14]
[1, 3, 7, 13, 22]
[1, 3, 8, 11, 17]
[2, 4, 6, 12, 20]
[2, 3, 6, 14]
[2, 3, 5, 24, 28]
[1, 4, 6, 28]
[3, 4, 6, 8]
[1, 4, 7, 9, 16]
[16, 17, 18, 19, 20, 21, 22, 23, 24, 25, 26, 27, 28]


5
process id 7
stats
5, 15, 7, 100, 1000
20220818-105530
loosing coalitions taken
[1, 5, 6, 16, 20]
[1, 3, 8, 14, 16]
[2, 4, 5, 20]
[1, 2, 7, 14, 24]
[2, 3, 6, 14]
[1, 2, 9, 11, 12]
[1, 4, 7, 9, 17]
[2, 3, 5, 22, 25]
[3, 4, 5, 17, 24]
[3, 4, 6, 8]
[1, 4, 6, 28]
[1, 3, 7, 15, 20]
[1, 4, 8, 10, 12]
[2, 4, 6, 11, 24]
[16, 17, 18, 19, 20, 21, 22, 23, 24, 25, 26, 27, 28]


6
process id 4
stats
5, 15, 7, 100, 1000
20220818-105531
loosing coalitions taken
[1, 3, 7, 14, 21]
[1, 3, 8, 10, 18]
[1, 2, 9, 11, 12]
[2, 3, 5, 22]
[1, 2, 7, 10, 27]
[1, 2, 8, 13, 20]
[1, 4, 6, 27]
[3, 4, 6, 9, 21]
[2, 3, 6, 14]
[2, 4, 5, 17, 24]
[2, 4, 6, 12, 23]
[1, 5, 6, 15, 18]
[3, 4, 5, 16]
[1, 4, 7, 8, 24]
[16, 17, 18, 19, 20, 21, 22, 23, 24, 25, 26, 27, 28]


6
process id 2
stats
5, 15, 7, 100, 1000
20220818-105532
loosing coalitions taken
[1, 3, 8, 14, 16]
[1, 5, 6, 12, 24]
[1, 4, 7, 8]
[1, 2, 9, 12, 13]
[1, 2, 7, 15, 21]
[1, 2, 8, 10, 17]
[1, 4, 6, 27]
[2, 3, 6, 17, 19]
[2, 3, 5, 23, 26]
[3, 4, 6, 8]
[2, 4, 5, 20]
[2, 4, 6, 11, 21]
[3, 4, 5, 13]
[1, 3, 7, 11, 18]
[16, 17, 18, 19, 20, 21, 22, 23, 24, 25, 26, 27, 28]


6
process id 5
stats
5, 15, 7, 100, 1000
20220818-105532
loosing coalitions taken
[2, 3, 6, 13]
[1, 3, 7, 15, 20]
[1, 5, 6, 15, 19]
[2, 4, 5, 20, 26]
[1, 2, 8, 11, 20]
[1, 4, 7, 10, 18]
[1, 3, 8, 10, 17]
[1, 4, 8, 12, 14]
[1, 4, 6, 27]
[1, 2, 7, 12, 21]
[2, 4, 6, 11, 21]
[2, 3, 5, 25]
[3, 4, 6, 8]
[3, 4, 5, 16]
[16, 17, 18, 19, 20, 21, 22, 23, 24, 25, 26, 27, 28]


5
process id 0
stats
5, 15, 7, 100, 1000
20220818-105532
loosing coalitions taken
[1, 3, 8, 12, 19]
[1, 5, 6, 14, 22]
[2, 3, 6, 14]
[1, 3, 7, 16, 18]
[1, 2, 8, 15, 17]
[2, 4, 5, 16]
[1, 2, 9, 12, 13]
[3, 4, 6, 8]
[1, 4, 6, 28]
[2, 3, 5, 20]
[1, 2, 7, 14, 24]
[2, 4, 6, 11, 22]
[3, 4, 5, 13]
[1, 4, 7, 8]
[16, 17, 18, 19, 20, 21, 22, 23, 24, 25, 26, 27, 28]


5
process id 6
stats
5, 15, 7, 100, 1000
20220818-105533
loosing coalitions taken
[2, 4, 5, 17]
[1, 3, 7, 13, 19]
[1, 3, 8, 11, 16]
[1, 2, 10, 11, 12]
[1, 5, 6, 13, 23]
[1, 4, 6, 26]
[1, 2, 8, 14, 18]
[1, 2, 7, 9]
[2, 3, 5, 24]
[2, 3, 6, 11]
[3, 4, 5, 13]
[3, 4, 6, 8]
[1, 4, 7, 10, 18]
[2, 4, 6, 12, 20]
[16, 17, 18, 19, 20, 21, 22, 23, 24, 25, 26, 27, 28]


5
process id 4
stats
5, 15, 7, 100, 1000
20220818-105534
loosing coalitions taken
[1, 3, 8, 14, 16]
[1, 3, 7, 15, 18]
[1, 2, 8, 12, 20]
[1, 3, 9, 10, 12]
[1, 5, 6, 11, 25]
[2, 4, 5, 20]
[1, 4, 7, 9, 17]
[3, 4, 5, 14]
[1, 4, 6, 26]
[2, 3, 5, 22]
[2, 3, 6, 10]
[2, 4, 6, 9, 21]
[1, 2, 7, 14, 21]
[3, 4, 6, 11, 16]
[16, 17, 18, 19, 20, 21, 22, 23, 24, 25, 26, 27, 28]


6
process id 3
stats
5, 15, 7, 100, 1000
20220818-105535
loosing coalitions taken
[2, 3, 5, 26, 27]
[1, 2, 7, 14, 23]
[3, 4, 6, 9, 21]
[2, 3, 6, 14]
[1, 3, 8, 15, 16]
[2, 4, 5, 20, 28]
[3, 4, 5, 15]
[1, 2, 9, 10, 11]
[1, 5, 6, 12, 23]
[1, 4, 8, 11, 13]
[1, 2, 8, 12, 17]
[1, 3, 7, 10, 18]
[1, 4, 7, 9, 17]
[1, 4, 6, 27]
[16, 17, 18, 19, 20, 21, 22, 23, 24, 25, 26, 27, 28]


6
process id 6
stats
5, 15, 7, 100, 1000
20220818-105535
loosing coalitions taken
[1, 5, 6, 13, 23]
[3, 4, 6, 9, 20]
[1, 2, 10, 11, 14]
[1, 2, 8, 12, 20]
[1, 3, 8, 13, 15]
[1, 2, 7, 16, 17]
[1, 3, 7, 11, 20]
[2, 3, 6, 14]
[2, 4, 5, 16]
[3, 4, 5, 15]
[2, 3, 5, 21]
[1, 4, 7, 8, 22]
[1, 4, 6, 25]
[2, 4, 6, 11, 18]
[16, 17, 18, 19, 20, 21, 22, 23, 24, 25, 26, 27, 28]


6
process id 3
stats
5, 15, 7, 100, 1000
20220818-105538
loosing coalitions taken
[1, 5, 6, 10, 24]
[1, 3, 8, 10, 18]
[1, 3, 7, 14, 22]
[1, 2, 9, 12, 14]
[2, 3, 6, 13]
[1, 4, 7, 8, 27]
[3, 4, 5, 16, 27]
[2, 4, 5, 17]
[1, 4, 6, 26]
[3, 4, 6, 8]
[2, 3, 5, 25]
[1, 2, 8, 13, 19]
[2, 4, 6, 15, 19]
[1, 2, 7, 10, 23]
[16, 17, 18, 19, 20, 21, 22, 23, 24, 25, 26, 27, 28]


6
process id 2
stats
5, 15, 7, 100, 1000
20220818-105538
loosing coalitions taken
[1, 4, 8, 11, 14]
[1, 2, 8, 12, 18]
[3, 4, 5, 16]
[1, 3, 7, 15, 21]
[1, 3, 9, 10, 12]
[1, 2, 7, 9]
[2, 4, 5, 19, 27]
[1, 4, 6, 27]
[2, 3, 5, 24]
[1, 5, 6, 16, 17]
[2, 4, 6, 14, 18]
[2, 3, 6, 11]
[3, 4, 6, 9, 22]
[1, 4, 7, 10, 16]
[16, 17, 18, 19, 20, 21, 22, 23, 24, 25, 26, 27, 28]


6
process id 5
stats
5, 15, 7, 100, 1000
20220818-105538
loosing coalitions taken
[1, 3, 7, 15, 18]
[1, 2, 7, 9]
[1, 5, 6, 14, 21]
[3, 5, 6, 7, 11]
[2, 4, 5, 21, 26]
[3, 4, 5, 15]
[1, 3, 8, 9, 20]
[2, 4, 6, 14, 22]
[2, 3, 5, 23]
[3, 4, 6, 13, 18]
[1, 4, 8, 10, 12]
[2, 3, 6, 12]
[1, 4, 6, 26]
[1, 2, 8, 11, 17]
[16, 17, 18, 19, 20, 21, 22, 23, 24, 25, 26, 27, 28]


6
process id 7
stats
5, 15, 7, 100, 1000
20220818-105538
loosing coalitions taken
[3, 4, 6, 14, 18]
[1, 3, 9, 10, 12]
[2, 3, 5, 25]
[1, 4, 6, 26]
[1, 2, 8, 11, 18]
[1, 2, 7, 15, 20]
[1, 3, 7, 16, 18]
[2, 3, 6, 13]
[2, 4, 5, 20, 27]
[1, 5, 6, 9, 21]
[1, 4, 7, 11, 17]
[3, 4, 5, 13]
[2, 4, 6, 16, 17]
[2, 3, 7, 8, 10]
[16, 17, 18, 19, 20, 21, 22, 23, 24, 25, 26, 27, 28]


6
process id 6
stats
5, 15, 7, 100, 1000
20220818-105538
loosing coalitions taken
[1, 3, 7, 14, 22]
[1, 4, 7, 8, 25]
[1, 2, 7, 10, 26]
[2, 4, 5, 17]
[3, 4, 6, 13, 21]
[1, 3, 8, 10, 18]
[1, 2, 9, 11, 12]
[2, 3, 6, 14]
[2, 3, 5, 24]
[3, 4, 5, 20, 22]
[1, 4, 6, 27]
[1, 5, 6, 11, 24]
[2, 4, 6, 12, 20]
[1, 2, 8, 14, 19]
[16, 17, 18, 19, 20, 21, 22, 23, 24, 25, 26, 27, 28]


6
process id 1
stats
5, 15, 7, 100, 1000
20220818-105540
loosing coalitions taken
[2, 4, 6, 11, 23]
[1, 2, 8, 12, 21]
[2, 3, 7, 8, 10]
[1, 2, 7, 15, 22]
[1, 3, 7, 14, 19]
[2, 4, 5, 18]
[1, 3, 8, 9, 17]
[2, 3, 5, 23]
[2, 3, 6, 14]
[1, 4, 7, 13, 16]
[3, 4, 6, 13, 18]
[3, 4, 5, 14]
[1, 4, 6, 25]
[1, 5, 6, 9, 23]
[16, 17, 18, 19, 20, 21, 22, 23, 24, 25, 26, 27, 28]


6
process id 7
stats
5, 15, 7, 100, 1000
20220818-105541
loosing coalitions taken
[1, 2, 7, 12, 24]
[1, 2, 8, 15, 16]
[1, 3, 8, 10, 18]
[1, 5, 6, 11, 24]
[1, 4, 7, 8]
[2, 4, 5, 19]
[2, 3, 6, 14]
[2, 3, 5, 20]
[2, 4, 6, 15, 21]
[3, 4, 5, 14]
[1, 2, 9, 10, 11]
[3, 4, 6, 8]
[1, 4, 6, 28]
[1, 3, 7, 9, 20]
[16, 17, 18, 19, 20, 21, 22, 23, 24, 25, 26, 27, 28]


6
process id 4
stats
5, 15, 7, 100, 1000
20220818-105542
loosing coalitions taken
[2, 4, 5, 22, 23]
[1, 2, 8, 14, 19]
[1, 3, 8, 11, 18]
[1, 4, 7, 10, 17]
[3, 4, 5, 16]
[2, 3, 6, 14, 25]
[1, 4, 6, 26]
[1, 3, 7, 15, 20]
[3, 4, 6, 8, 27]
[1, 5, 6, 16, 18]
[2, 3, 5, 24]
[2, 4, 6, 15, 17]
[1, 2, 7, 16, 21]
[1, 2, 10, 11, 13]
[16, 17, 18, 19, 20, 21, 22, 23, 24, 25, 26, 27, 28]


5
process id 0
stats
5, 15, 7, 100, 1000
20220818-105542
loosing coalitions taken
[1, 2, 7, 13, 24]
[1, 3, 7, 10, 22]
[1, 4, 7, 9, 19]
[1, 4, 8, 11, 14]
[1, 2, 9, 11, 12]
[2, 3, 6, 10]
[1, 4, 6, 27, 28]
[3, 4, 6, 11, 18]
[2, 3, 5, 21]
[2, 4, 5, 18]
[3, 4, 5, 14]
[1, 5, 6, 12, 19]
[2, 4, 6, 16, 17]
[1, 3, 8, 12, 16]
[16, 17, 18, 19, 20, 21, 22, 23, 24, 25, 26, 27, 28]


6
process id 5
stats
5, 15, 7, 100, 1000
20220818-105542
loosing coalitions taken
[1, 4, 7, 9, 19]
[1, 5, 6, 16, 20]
[1, 2, 9, 10, 13]
[1, 2, 8, 15, 17]
[1, 3, 8, 10, 18]
[2, 3, 6, 14]
[2, 4, 5, 19]
[1, 3, 7, 15, 20]
[3, 4, 6, 9, 18]
[2, 3, 5, 20]
[1, 4, 6, 28]
[1, 4, 8, 11, 13]
[3, 4, 5, 17, 22]
[1, 2, 7, 11, 23]
[16, 17, 18, 19, 20, 21, 22, 23, 24, 25, 26, 27, 28]


5
process id 4
stats
5, 15, 7, 100, 1000
20220818-105545
loosing coalitions taken
[2, 3, 6, 13, 28]
[1, 4, 7, 9, 19]
[1, 2, 8, 14, 17]
[1, 3, 8, 9, 20]
[3, 4, 6, 12, 19]
[1, 3, 7, 10, 23]
[1, 2, 7, 15, 20]
[2, 3, 5, 22]
[3, 4, 5, 15, 25]
[2, 4, 5, 19]
[1, 4, 6, 26]
[1, 5, 6, 12, 22]
[2, 4, 6, 10, 20]
[1, 4, 8, 10, 13]
[16, 17, 18, 19, 20, 21, 22, 23, 24, 25, 26, 27, 28]


6
process id 6
stats
5, 15, 7, 100, 1000
20220818-105545
loosing coalitions taken
[3, 4, 5, 17, 28]
[1, 2, 9, 12, 14]
[3, 4, 6, 13, 21]
[1, 5, 6, 15, 20]
[2, 4, 5, 20]
[1, 2, 7, 13, 24]
[2, 3, 6, 11]
[1, 2, 8, 10, 19]
[1, 4, 6, 27]
[1, 4, 7, 8]
[2, 3, 5, 21]
[1, 3, 7, 11, 18]
[2, 4, 6, 16, 17]
[1, 3, 8, 13, 15]
[16, 17, 18, 19, 20, 21, 22, 23, 24, 25, 26, 27, 28]


6
process id 7
stats
5, 15, 7, 100, 1000
20220818-105546
loosing coalitions taken
[2, 4, 5, 21, 27]
[1, 2, 9, 11, 12]
[2, 4, 6, 11, 22]
[2, 3, 6, 14]
[1, 3, 7, 15, 21]
[1, 4, 7, 8]
[3, 4, 5, 19, 26]
[2, 3, 5, 23]
[1, 4, 6, 28]
[1, 2, 7, 10, 24]
[3, 4, 6, 15, 17]
[1, 5, 6, 11, 20]
[1, 2, 8, 13, 19]
[1, 3, 8, 12, 18]
[16, 17, 18, 19, 20, 21, 22, 23, 24, 25, 26, 27, 28]


6
process id 3
stats
5, 15, 7, 100, 1000
20220818-105547
loosing coalitions taken
[1, 3, 9, 10, 12]
[1, 4, 7, 9, 18]
[3, 4, 6, 10, 21]
[1, 3, 7, 11, 20]
[2, 4, 5, 16]
[2, 3, 6, 15, 25]
[2, 3, 7, 8, 9]
[1, 2, 7, 10, 28]
[1, 5, 6, 15, 18]
[2, 3, 5, 21]
[2, 4, 6, 13, 19]
[1, 4, 6, 26]
[1, 2, 8, 14, 16]
[3, 4, 5, 15]
[16, 17, 18, 19, 20, 21, 22, 23, 24, 25, 26, 27, 28]


6
process id 0
stats
5, 15, 7, 100, 1000
20220818-105547
loosing coalitions taken
[2, 4, 5, 20, 26]
[2, 3, 6, 13]
[1, 2, 7, 17, 18]
[1, 4, 8, 10, 13]
[1, 3, 9, 10, 12]
[3, 4, 5, 15]
[1, 2, 9, 11, 14]
[1, 2, 8, 12, 21]
[1, 4, 6, 26]
[2, 3, 5, 22]
[2, 4, 6, 12, 22]
[1, 3, 8, 11, 16]
[1, 5, 6, 14, 22]
[1, 4, 7, 12, 16]
[16, 17, 18, 19, 20, 21, 22, 23, 24, 25, 26, 27, 28]


6
process id 6
stats
5, 15, 7, 100, 1000
20220818-105548
loosing coalitions taken
[1, 3, 8, 12, 19]
[3, 4, 6, 11, 21]
[1, 5, 6, 9, 25]
[1, 4, 7, 8]
[2, 4, 6, 15, 20]
[3, 5, 6, 7, 13]
[2, 4, 5, 18]
[1, 2, 7, 14, 22]
[3, 4, 5, 16, 26]
[2, 3, 5, 22]
[1, 4, 6, 28]
[1, 2, 8, 13, 16]
[2, 3, 6, 10]
[1, 2, 9, 10, 12]
[16, 17, 18, 19, 20, 21, 22, 23, 24, 25, 26, 27, 28]


6
process id 5
stats
5, 15, 7, 100, 1000
20220818-105549
loosing coalitions taken
[1, 2, 7, 9, 28]
[1, 3, 8, 11, 17]
[1, 2, 10, 11, 14]
[2, 3, 6, 13]
[1, 5, 6, 9, 24]
[1, 2, 8, 12, 21]
[1, 3, 7, 12, 22]
[2, 3, 5, 24]
[2, 4, 5, 18, 28]
[3, 4, 6, 14, 17]
[1, 4, 7, 8]
[3, 4, 5, 19, 22]
[1, 4, 6, 25]
[2, 4, 6, 10, 21]
[16, 17, 18, 19, 20, 21, 22, 23, 24, 25, 26, 27, 28]


6
process id 1
stats
5, 15, 7, 100, 1000
20220818-105549
loosing coalitions taken
[1, 2, 7, 9]
[3, 4, 6, 12, 21]
[2, 3, 6, 11]
[1, 3, 8, 12, 17]
[3, 4, 5, 16]
[1, 4, 6, 27]
[2, 4, 6, 9, 22]
[1, 3, 7, 10, 21]
[1, 4, 8, 10, 15]
[2, 3, 5, 21]
[2, 4, 5, 19, 23]
[1, 2, 8, 13, 19]
[1, 5, 6, 15, 18]
[1, 4, 7, 11, 16]
[16, 17, 18, 19, 20, 21, 22, 23, 24, 25, 26, 27, 28]


6
process id 3
stats
5, 15, 7, 100, 1000
20220818-105550
loosing coalitions taken
[1, 2, 9, 11, 14]
[1, 2, 7, 16, 19]
[1, 2, 8, 10, 20]
[2, 4, 5, 18]
[2, 3, 6, 13]
[1, 4, 7, 8]
[2, 4, 6, 11, 21]
[2, 3, 5, 24]
[3, 4, 5, 17, 26]
[1, 4, 6, 26]
[1, 3, 7, 15, 17]
[1, 5, 6, 9, 24]
[1, 3, 8, 9, 18]
[3, 4, 6, 12, 19]
[16, 17, 18, 19, 20, 21, 22, 23, 24, 25, 26, 27, 28]


6
process id 5
stats
5, 15, 7, 100, 1000
20220818-105551
loosing coalitions taken
[1, 3, 7, 12, 22]
[2, 3, 6, 10]
[2, 4, 5, 21, 24]
[1, 3, 8, 11, 19]
[1, 2, 8, 15, 16]
[3, 4, 5, 16, 28]
[1, 2, 7, 9]
[1, 5, 6, 9, 20]
[2, 3, 5, 23]
[1, 4, 6, 25]
[2, 4, 6, 9, 23]
[1, 4, 7, 8, 26]
[1, 2, 10, 11, 13]
[3, 4, 6, 15, 17]
[16, 17, 18, 19, 20, 21, 22, 23, 24, 25, 26, 27, 28]


5
process id 3
stats
5, 15, 7, 100, 1000
20220818-105551
loosing coalitions taken
[1, 4, 7, 8, 28]
[2, 3, 6, 9]
[2, 4, 5, 20]
[1, 3, 8, 10, 16]
[1, 3, 7, 14, 17]
[1, 2, 7, 15, 19]
[3, 4, 5, 17, 23]
[2, 4, 6, 13, 22]
[2, 3, 5, 24]
[1, 2, 10, 12, 14]
[1, 5, 6, 12, 19]
[1, 4, 6, 27]
[1, 2, 9, 11, 13]
[3, 4, 6, 8]
[16, 17, 18, 19, 20, 21, 22, 23, 24, 25, 26, 27, 28]


5
process id 2
stats
5, 15, 7, 100, 1000
20220818-105554
loosing coalitions taken
[1, 5, 6, 16, 20]
[1, 4, 7, 8]
[3, 4, 6, 14, 17]
[1, 3, 9, 10, 11]
[1, 2, 10, 12, 13]
[2, 3, 7, 8, 9]
[2, 3, 6, 16, 22]
[2, 4, 5, 18]
[2, 3, 5, 24, 25]
[3, 4, 5, 13]
[1, 3, 7, 12, 22]
[1, 4, 6, 28]
[2, 4, 6, 12, 23]
[1, 2, 8, 15, 16]
[16, 17, 18, 19, 20, 21, 22, 23, 24, 25, 26, 27, 28]


6
process id 6
stats
5, 15, 7, 100, 1000
20220818-105555
loosing coalitions taken
[1, 2, 8, 14, 20]
[1, 4, 7, 8]
[2, 4, 5, 20]
[1, 5, 6, 15, 21]
[2, 3, 6, 12, 27]
[2, 3, 5, 24, 26]
[1, 2, 7, 9]
[3, 4, 6, 8]
[1, 3, 7, 12, 21]
[2, 4, 6, 10, 21]
[1, 3, 8, 15, 16]
[3, 4, 5, 14]
[1, 4, 6, 25]
[1, 3, 9, 10, 11]
[16, 17, 18, 19, 20, 21, 22, 23, 24, 25, 26, 27, 28]


6
process id 0
stats
5, 15, 7, 100, 1000
20220818-105555
loosing coalitions taken
[1, 3, 8, 11, 18]
[1, 2, 9, 12, 13]
[1, 2, 7, 11, 27]
[2, 4, 5, 18]
[2, 3, 6, 13]
[1, 5, 6, 14, 20]
[1, 2, 8, 14, 19]
[1, 4, 6, 28]
[3, 4, 5, 16]
[1, 4, 7, 8]
[2, 3, 5, 22]
[1, 3, 7, 10, 23]
[3, 4, 6, 8]
[2, 4, 6, 16, 17]
[16, 17, 18, 19, 20, 21, 22, 23, 24, 25, 26, 27, 28]


5
process id 2
stats
5, 15, 7, 100, 1000
20220818-105555
loosing coalitions taken
[2, 3, 6, 14]
[2, 4, 5, 16]
[1, 5, 6, 12, 20]
[1, 3, 8, 12, 18]
[1, 4, 6, 25]
[1, 2, 8, 14, 16]
[1, 2, 7, 13, 23]
[2, 3, 5, 21]
[2, 4, 6, 15, 18]
[3, 4, 6, 11, 16]
[3, 4, 5, 17, 25]
[1, 4, 7, 8]
[1, 3, 7, 10, 20]
[1, 2, 9, 10, 11]
[16, 17, 18, 19, 20, 21, 22, 23, 24, 25, 26, 27, 28]


5
process id 5
stats
5, 15, 7, 100, 1000
20220818-105556
loosing coalitions taken
[1, 2, 7, 9]
[2, 4, 6, 11, 20]
[1, 5, 6, 16, 18]
[1, 3, 8, 11, 16]
[1, 4, 6, 26]
[2, 3, 5, 21, 27]
[3, 4, 5, 16, 24]
[2, 3, 6, 9]
[3, 4, 6, 8]
[2, 4, 5, 19]
[1, 4, 7, 8]
[2, 5, 6, 7, 15]
[1, 3, 9, 10, 12]
[1, 2, 8, 12, 18]
[16, 17, 18, 19, 20, 21, 22, 23, 24, 25, 26, 27, 28]


5
process id 4
stats
5, 15, 7, 100, 1000
20220818-105556
loosing coalitions taken
[2, 3, 5, 23]
[1, 2, 8, 14, 19]
[1, 2, 9, 11, 12]
[2, 4, 6, 10, 24]
[1, 2, 7, 10, 25]
[1, 3, 7, 11, 22]
[2, 4, 5, 19]
[3, 4, 5, 17, 24]
[2, 3, 6, 14]
[1, 4, 8, 9, 15]
[3, 4, 6, 8]
[1, 4, 6, 26]
[1, 5, 6, 14, 21]
[1, 3, 8, 10, 16]
[16, 17, 18, 19, 20, 21, 22, 23, 24, 25, 26, 27, 28]


5
process id 2
stats
5, 15, 7, 100, 1000
20220818-105556
loosing coalitions taken
[1, 3, 8, 11, 18]
[2, 3, 6, 12]
[1, 3, 7, 15, 20]
[1, 5, 6, 9, 25]
[1, 4, 7, 8]
[1, 4, 6, 26]
[2, 4, 6, 13, 18]
[2, 4, 5, 19]
[2, 3, 5, 24]
[3, 4, 6, 10, 19]
[1, 2, 7, 10, 26]
[1, 3, 9, 10, 12]
[1, 2, 8, 13, 20]
[3, 4, 5, 15]
[16, 17, 18, 19, 20, 21, 22, 23, 24, 25, 26, 27, 28]


6
process id 3
stats
5, 15, 7, 100, 1000
20220818-105557
loosing coalitions taken
[1, 2, 9, 11, 13]
[3, 4, 5, 17, 23]
[1, 5, 6, 13, 24]
[1, 4, 8, 10, 15]
[2, 3, 6, 9]
[1, 4, 7, 11, 16]
[1, 3, 7, 14, 21]
[2, 4, 5, 19, 26]
[1, 3, 8, 11, 18]
[1, 2, 7, 10, 27]
[1, 2, 8, 12, 17]
[2, 3, 5, 22]
[1, 4, 6, 27]
[3, 4, 6, 8, 26]
[16, 17, 18, 19, 20, 21, 22, 23, 24, 25, 26, 27, 28]


6
process id 4
stats
5, 15, 7, 100, 1000
20220818-105558
loosing coalitions taken
[1, 2, 9, 11, 14]
[2, 4, 5, 20]
[1, 4, 8, 12, 13]
[1, 2, 8, 15, 17]
[1, 3, 8, 9, 19]
[3, 4, 6, 15, 17]
[2, 3, 6, 14]
[1, 2, 7, 12, 23]
[1, 5, 6, 10, 24]
[3, 4, 5, 13]
[2, 4, 6, 13, 21]
[2, 3, 5, 22]
[1, 4, 6, 27, 28]
[1, 4, 7, 14, 15]
[16, 17, 18, 19, 20, 21, 22, 23, 24, 25, 26, 27, 28]


6
process id 6
stats
5, 15, 7, 100, 1000
20220818-105558
loosing coalitions taken
[2, 3, 6, 14, 28]
[1, 3, 7, 10, 22]
[2, 3, 5, 23]
[1, 4, 7, 14, 16]
[1, 5, 6, 9, 24]
[2, 4, 6, 9, 22]
[1, 2, 9, 10, 13]
[1, 3, 8, 12, 16]
[1, 2, 8, 15, 17]
[3, 4, 5, 16, 28]
[3, 4, 6, 8]
[1, 2, 7, 12, 26]
[1, 4, 6, 27]
[2, 4, 5, 18, 24]
[16, 17, 18, 19, 20, 21, 22, 23, 24, 25, 26, 27, 28]


6
process id 1
stats
5, 15, 7, 100, 1000
20220818-105559
loosing coalitions taken
[1, 2, 10, 11, 12]
[1, 3, 8, 12, 17]
[2, 4, 5, 20]
[1, 5, 6, 10, 24]
[1, 2, 7, 9]
[2, 3, 6, 13]
[3, 4, 6, 14, 16]
[1, 3, 7, 11, 21]
[1, 4, 7, 8, 28]
[2, 3, 5, 25]
[1, 4, 6, 27]
[1, 2, 8, 13, 18]
[3, 4, 5, 15]
[2, 4, 6, 11, 22]
[16, 17, 18, 19, 20, 21, 22, 23, 24, 25, 26, 27, 28]


6
process id 0
stats
5, 15, 7, 100, 1000
20220818-105600
loosing coalitions taken
[2, 3, 6, 11]
[1, 2, 7, 17, 18]
[3, 4, 5, 17, 22]
[2, 4, 5, 20]
[1, 2, 8, 14, 19]
[1, 4, 7, 8, 27]
[1, 3, 8, 15, 16]
[2, 3, 5, 27, 28]
[1, 4, 6, 28]
[3, 4, 6, 8]
[1, 5, 6, 12, 24]
[1, 3, 9, 10, 12]
[2, 4, 6, 15, 17]
[1, 3, 7, 13, 20]
[16, 17, 18, 19, 20, 21, 22, 23, 24, 25, 26, 27, 28]


6
process id 5
stats
5, 15, 7, 100, 1000
20220818-105601
loosing coalitions taken
[1, 5, 6, 11, 24]
[2, 4, 5, 19, 28]
[1, 4, 7, 13, 16]
[1, 3, 7, 11, 21]
[1, 3, 9, 10, 12]
[1, 4, 6, 28]
[1, 3, 8, 13, 15]
[2, 3, 5, 24, 25]
[3, 4, 5, 16]
[1, 2, 8, 12, 21]
[2, 5, 6, 8, 10]
[1, 2, 7, 14, 24]
[2, 3, 6, 14]
[1, 2, 10, 11, 13]
[16, 17, 18, 19, 20, 21, 22, 23, 24, 25, 26, 27, 28]


6
process id 3
stats
5, 15, 7, 100, 1000
20220818-105601
loosing coalitions taken
[1, 4, 8, 10, 14]
[1, 2, 7, 10, 24]
[1, 2, 8, 11, 21]
[1, 2, 9, 12, 13]
[2, 3, 6, 11]
[1, 3, 8, 12, 19]
[1, 3, 7, 14, 20]
[1, 4, 6, 27]
[3, 4, 5, 15, 25]
[2, 4, 5, 17]
[1, 5, 6, 9, 25]
[3, 4, 6, 8]
[2, 3, 5, 20]
[1, 4, 7, 13, 15]
[16, 17, 18, 19, 20, 21, 22, 23, 24, 25, 26, 27, 28]


6
process id 2
stats
5, 15, 7, 100, 1000
20220818-105602
loosing coalitions taken
[1, 4, 8, 9, 14]
[1, 3, 7, 10, 22]
[2, 4, 5, 17, 27]
[1, 4, 7, 13, 16]
[1, 5, 6, 11, 24]
[3, 4, 5, 15]
[2, 3, 6, 14]
[1, 2, 7, 11, 26]
[3, 4, 6, 12, 19]
[2, 3, 5, 25]
[1, 3, 8, 11, 15]
[1, 4, 6, 25]
[2, 4, 6, 10, 20]
[1, 2, 9, 10, 13]
[16, 17, 18, 19, 20, 21, 22, 23, 24, 25, 26, 27, 28]


6
process id 1
stats
5, 15, 7, 100, 1000
20220818-105602
loosing coalitions taken
[1, 5, 6, 9, 25]
[1, 3, 7, 15, 21]
[1, 2, 9, 11, 14]
[1, 3, 8, 9, 17]
[1, 4, 8, 11, 13]
[3, 5, 6, 7, 13]
[3, 4, 6, 12, 17]
[2, 3, 5, 23]
[2, 4, 6, 15, 21]
[1, 2, 7, 13, 24]
[2, 3, 6, 14]
[1, 2, 8, 12, 16]
[1, 4, 6, 28]
[3, 4, 5, 16]
[16, 17, 18, 19, 20, 21, 22, 23, 24, 25, 26, 27, 28]


6
process id 4
stats
5, 15, 7, 100, 1000
20220818-105604
loosing coalitions taken
[1, 4, 7, 8]
[3, 4, 6, 13, 20]
[2, 4, 6, 16, 19]
[1, 2, 9, 10, 13]
[1, 5, 6, 10, 26]
[2, 4, 5, 15]
[1, 3, 8, 11, 18]
[2, 3, 5, 24]
[2, 3, 6, 14]
[3, 4, 5, 18, 25]
[1, 4, 6, 28]
[1, 2, 8, 12, 17]
[1, 3, 7, 14, 21]
[1, 2, 7, 15, 22]
[16, 17, 18, 19, 20, 21, 22, 23, 24, 25, 26, 27, 28]


6
process id 3
stats
5, 15, 7, 100, 1000
20220818-105607
loosing coalitions taken
[2, 3, 6, 14]
[1, 5, 6, 12, 24]
[1, 2, 8, 15, 17]
[1, 2, 9, 10, 12]
[1, 3, 8, 10, 18]
[2, 4, 5, 16]
[1, 2, 7, 11, 25]
[1, 4, 6, 25]
[3, 4, 5, 17, 28]
[2, 3, 5, 22]
[3, 4, 6, 8]
[1, 4, 7, 8, 22]
[2, 4, 6, 9, 21]
[1, 3, 7, 9, 21]
[16, 17, 18, 19, 20, 21, 22, 23, 24, 25, 26, 27, 28]


6
process id 6
stats
5, 15, 7, 100, 1000
20220818-105608
loosing coalitions taken
[1, 2, 8, 12, 20]
[1, 2, 7, 11, 26]
[2, 4, 5, 20, 27]
[2, 3, 5, 23]
[3, 4, 6, 11, 20]
[1, 5, 6, 13, 22]
[1, 3, 8, 11, 19]
[3, 4, 5, 15]
[2, 3, 6, 10, 28]
[1, 4, 7, 8]
[1, 2, 9, 10, 13]
[1, 4, 6, 25]
[3, 5, 6, 7, 14]
[2, 4, 6, 12, 21]
[16, 17, 18, 19, 20, 21, 22, 23, 24, 25, 26, 27, 28]


6
process id 0
stats
5, 15, 7, 100, 1000
20220818-105608
loosing coalitions taken
[1, 3, 7, 16, 19]
[1, 3, 9, 10, 12]
[2, 4, 5, 17]
[1, 4, 8, 10, 15]
[2, 3, 6, 14, 26]
[3, 5, 6, 7, 15]
[1, 2, 8, 14, 20]
[1, 3, 8, 11, 18]
[1, 5, 6, 13, 17]
[2, 3, 5, 24]
[3, 4, 6, 10, 19]
[1, 2, 7, 12, 23]
[1, 4, 6, 28]
[2, 4, 6, 12, 22]
[16, 17, 18, 19, 20, 21, 22, 23, 24, 25, 26, 27, 28]


6
process id 7
stats
5, 15, 7, 100, 1000
20220818-105609
loosing coalitions taken
[2, 4, 5, 22, 23]
[3, 4, 6, 13, 19]
[1, 2, 7, 11, 23]
[1, 3, 8, 9, 17]
[2, 3, 6, 14]
[1, 2, 8, 10, 19]
[1, 5, 6, 9, 24]
[1, 4, 8, 11, 14]
[3, 4, 5, 17, 26]
[1, 4, 6, 26]
[2, 3, 5, 21]
[2, 4, 6, 11, 20]
[1, 3, 7, 13, 22]
[2, 5, 6, 7, 12]
[16, 17, 18, 19, 20, 21, 22, 23, 24, 25, 26, 27, 28]


6
process id 4
stats
5, 15, 7, 100, 1000
20220818-105610
loosing coalitions taken
[1, 3, 7, 15, 18]
[1, 2, 8, 11, 17]
[3, 4, 5, 17, 26]
[1, 4, 7, 11, 16]
[2, 3, 5, 22]
[1, 3, 8, 14, 16]
[1, 3, 9, 10, 12]
[2, 4, 6, 14, 19]
[1, 2, 7, 14, 20]
[1, 4, 6, 28]
[1, 5, 6, 15, 20]
[2, 4, 5, 20]
[3, 4, 6, 12, 18]
[2, 3, 6, 10]
[16, 17, 18, 19, 20, 21, 22, 23, 24, 25, 26, 27, 28]


6
process id 2
stats
5, 15, 7, 100, 1000
20220818-105610
loosing coalitions taken
[1, 5, 6, 16, 20]
[1, 2, 9, 10, 13]
[2, 4, 5, 19, 26]
[1, 2, 7, 15, 19]
[1, 4, 7, 8]
[3, 4, 6, 10, 18]
[3, 4, 5, 16]
[2, 3, 5, 23]
[1, 3, 7, 12, 22]
[2, 3, 6, 11]
[1, 3, 8, 9, 16]
[1, 4, 6, 28]
[2, 4, 6, 15, 20]
[1, 2, 8, 14, 17]
[16, 17, 18, 19, 20, 21, 22, 23, 24, 25, 26, 27, 28]


6
process id 3
stats
5, 15, 7, 100, 1000
20220818-105611
loosing coalitions taken
[2, 3, 6, 13]
[1, 3, 8, 12, 18]
[1, 4, 7, 8]
[1, 2, 10, 11, 12]
[1, 5, 6, 12, 23]
[1, 2, 7, 9, 28]
[3, 4, 6, 8]
[3, 4, 5, 17, 27]
[1, 3, 7, 14, 22]
[2, 3, 5, 25]
[2, 4, 5, 15]
[1, 4, 6, 27]
[2, 4, 6, 16, 18]
[1, 2, 8, 14, 17]
[16, 17, 18, 19, 20, 21, 22, 23, 24, 25, 26, 27, 28]


5
process id 7
stats
5, 15, 7, 100, 1000
20220818-105611
loosing coalitions taken
[2, 3, 5, 25, 27]
[2, 4, 5, 19]
[1, 3, 9, 10, 11]
[1, 5, 6, 9, 23]
[3, 4, 5, 14]
[1, 2, 8, 11, 16]
[2, 4, 6, 15, 18]
[1, 4, 6, 28]
[1, 4, 7, 8, 27]
[2, 3, 6, 14, 26]
[2, 5, 6, 8, 12]
[1, 2, 7, 9]
[3, 4, 6, 12, 16]
[1, 3, 7, 16, 18]
[16, 17, 18, 19, 20, 21, 22, 23, 24, 25, 26, 27, 28]


5
process id 4
stats
5, 15, 7, 100, 1000
20220818-105614
loosing coalitions taken
[1, 3, 7, 13, 20]
[1, 2, 8, 12, 21]
[1, 2, 7, 9, 28]
[3, 4, 6, 13, 17]
[1, 3, 9, 10, 12]
[2, 3, 5, 22]
[1, 3, 8, 14, 16]
[1, 4, 7, 8]
[1, 4, 6, 26]
[1, 5, 6, 13, 22]
[2, 3, 6, 12]
[3, 4, 5, 16]
[2, 4, 5, 17]
[2, 4, 6, 11, 19]
[16, 17, 18, 19, 20, 21, 22, 23, 24, 25, 26, 27, 28]


6
process id 5
stats
5, 15, 7, 100, 1000
20220818-105614
loosing coalitions taken
[2, 3, 5, 24]
[3, 4, 6, 12, 17]
[1, 2, 8, 10, 21]
[2, 4, 6, 15, 20]
[1, 4, 7, 8]
[1, 5, 6, 16, 18]
[1, 2, 9, 12, 13]
[3, 4, 5, 15]
[2, 3, 6, 10]
[1, 2, 7, 14, 23]
[2, 4, 5, 16]
[1, 3, 7, 10, 22]
[1, 4, 6, 28]
[1, 3, 8, 13, 14]
[16, 17, 18, 19, 20, 21, 22, 23, 24, 25, 26, 27, 28]


5
process id 3
stats
5, 15, 7, 100, 1000
20220818-105615
loosing coalitions taken
[1, 2, 9, 10, 14]
[1, 4, 8, 11, 14]
[1, 5, 6, 14, 22]
[2, 3, 6, 13]
[1, 3, 7, 11, 21]
[2, 4, 5, 19, 25]
[1, 3, 8, 10, 17]
[1, 2, 7, 12, 24]
[3, 4, 6, 8]
[1, 4, 6, 26]
[3, 4, 5, 18, 21]
[1, 4, 7, 10, 16]
[2, 4, 6, 16, 18]
[2, 3, 7, 8, 9]
[16, 17, 18, 19, 20, 21, 22, 23, 24, 25, 26, 27, 28]


6
process id 2
stats
5, 15, 7, 100, 1000
20220818-105615
loosing coalitions taken
[1, 2, 8, 13, 19]
[1, 4, 7, 8]
[3, 4, 5, 16]
[2, 4, 6, 14, 21]
[1, 5, 6, 10, 24]
[2, 4, 5, 15]
[3, 4, 6, 8]
[2, 3, 6, 9]
[2, 3, 5, 25]
[1, 4, 6, 27]
[1, 2, 9, 11, 12]
[1, 2, 7, 16, 21]
[1, 3, 8, 11, 16]
[1, 3, 7, 12, 17]
[16, 17, 18, 19, 20, 21, 22, 23, 24, 25, 26, 27, 28]


6
process id 3
stats
5, 15, 7, 100, 1000
20220818-105617
loosing coalitions taken
[1, 2, 10, 12, 14]
[2, 3, 6, 11]
[1, 4, 8, 10, 15]
[1, 4, 6, 27]
[1, 2, 7, 16, 17]
[1, 3, 7, 9, 21]
[3, 4, 5, 18, 26]
[2, 3, 5, 20]
[1, 2, 8, 9, 22]
[2, 4, 6, 9, 23]
[2, 4, 5, 17, 28]
[1, 5, 6, 12, 23]
[3, 4, 6, 13, 16]
[1, 3, 8, 11, 19]
[16, 17, 18, 19, 20, 21, 22, 23, 24, 25, 26, 27, 28]


6
process id 0
stats
5, 15, 7, 100, 1000
20220818-105618
loosing coalitions taken
[1, 2, 8, 12, 21]
[1, 3, 7, 16, 18]
[1, 3, 8, 9, 20]
[1, 2, 10, 11, 13]
[2, 3, 5, 25]
[2, 3, 6, 11, 23]
[1, 4, 6, 28]
[2, 4, 6, 14, 18]
[1, 4, 7, 11, 15]
[2, 4, 5, 17, 28]
[3, 4, 5, 16]
[3, 4, 6, 8]
[1, 5, 6, 14, 20]
[1, 2, 7, 9]
[16, 17, 18, 19, 20, 21, 22, 23, 24, 25, 26, 27, 28]


6
process id 7
stats
5, 15, 7, 100, 1000
20220818-105618
loosing coalitions taken
[1, 2, 10, 11, 13]
[1, 2, 8, 14, 18]
[1, 2, 7, 9]
[1, 3, 8, 11, 19]
[3, 4, 6, 9, 17]
[2, 4, 5, 17]
[2, 3, 6, 10]
[1, 4, 6, 26]
[3, 4, 5, 14]
[2, 4, 6, 13, 19]
[2, 3, 5, 20]
[1, 4, 8, 10, 12]
[1, 5, 6, 11, 23]
[1, 4, 7, 13, 14]
[16, 17, 18, 19, 20, 21, 22, 23, 24, 25, 26, 27, 28]


6
process id 1
stats
5, 15, 7, 100, 1000
20220818-105619
loosing coalitions taken
[2, 3, 6, 15, 23]
[1, 2, 7, 15, 21]
[2, 3, 7, 8, 9]
[1, 3, 7, 14, 18]
[1, 2, 8, 12, 17]
[2, 3, 5, 25]
[1, 3, 8, 10, 16]
[1, 4, 7, 12, 16]
[1, 4, 8, 11, 14]
[2, 4, 5, 20]
[2, 4, 6, 13, 22]
[1, 4, 6, 25]
[3, 4, 5, 16]
[1, 5, 6, 10, 21]
[16, 17, 18, 19, 20, 21, 22, 23, 24, 25, 26, 27, 28]


6
process id 2
stats
5, 15, 7, 100, 1000
20220818-105620
loosing coalitions taken
[1, 2, 9, 11, 14]
[1, 4, 7, 10, 18]
[1, 5, 6, 9, 22]
[3, 4, 6, 10, 21]
[1, 2, 7, 12, 26]
[1, 3, 8, 11, 18]
[2, 4, 6, 13, 20]
[1, 3, 7, 13, 17]
[2, 3, 6, 9, 25]
[1, 4, 6, 28]
[2, 5, 6, 8, 11]
[3, 4, 5, 17, 22]
[2, 3, 5, 21, 28]
[2, 4, 5, 16]
[16, 17, 18, 19, 20, 21, 22, 23, 24, 25, 26, 27, 28]


6
process id 7
stats
5, 15, 7, 100, 1000
20220818-105621
loosing coalitions taken
[1, 2, 7, 15, 22]
[1, 3, 9, 10, 12]
[1, 4, 7, 10, 18]
[1, 5, 6, 12, 23]
[1, 3, 7, 13, 19]
[3, 4, 5, 15]
[1, 2, 8, 10, 20]
[2, 3, 6, 14]
[2, 4, 6, 12, 22]
[2, 4, 5, 18, 25]
[2, 3, 5, 23]
[3, 4, 6, 13, 21]
[1, 4, 6, 25]
[1, 3, 8, 11, 17]
[16, 17, 18, 19, 20, 21, 22, 23, 24, 25, 26, 27, 28]


6
process id 4
stats
5, 15, 7, 100, 1000
20220818-105621
loosing coalitions taken
[1, 5, 6, 16, 18]
[1, 3, 8, 15, 16]
[1, 3, 7, 14, 19]
[1, 2, 7, 9, 23]
[2, 3, 6, 13]
[1, 2, 8, 11, 18]
[3, 4, 5, 17, 28]
[2, 4, 5, 16]
[1, 4, 8, 10, 13]
[2, 4, 6, 9, 25]
[3, 4, 6, 11, 19]
[2, 3, 5, 25]
[1, 4, 6, 27]
[2, 3, 7, 8, 10]
[16, 17, 18, 19, 20, 21, 22, 23, 24, 25, 26, 27, 28]


6
process id 5
stats
5, 15, 7, 100, 1000
20220818-105621
loosing coalitions taken
[2, 3, 6, 11, 28]
[1, 4, 8, 10, 11]
[1, 2, 7, 11, 25]
[1, 5, 6, 10, 25]
[1, 4, 7, 9, 17]
[1, 2, 8, 15, 17]
[2, 4, 5, 17]
[1, 4, 6, 26, 27]
[1, 3, 7, 15, 20]
[3, 4, 6, 8]
[3, 4, 5, 16, 28]
[2, 3, 5, 24]
[2, 4, 6, 14, 18]
[1, 3, 8, 13, 16]
[16, 17, 18, 19, 20, 21, 22, 23, 24, 25, 26, 27, 28]


