Results
15
0.63
0.63

5
process id 5
stats
5, 15, 7, 100, 1000
20220817-153320
loosing coalitions taken
[1, 4, 8, 11, 13]
[1, 3, 8, 9, 18]
[2, 3, 6, 13]
[1, 4, 7, 9, 17]
[1, 2, 8, 14, 19]
[1, 2, 9, 11, 12]
[2, 4, 5, 11]
[1, 3, 7, 12, 22]
[1, 4, 6, 26]
[2, 3, 5, 10]
[3, 4, 5, 12]
[1, 5, 6, 10, 22]
[2, 4, 6, 8]
[1, 2, 7, 10, 27]
[16, 17, 18, 19, 20, 21, 22, 23, 24, 25, 26, 27, 28]


6
process id 7
stats
5, 15, 7, 100, 1000
20220817-153329
loosing coalitions taken
[1, 3, 7, 12, 21]
[3, 4, 6, 13, 20]
[1, 4, 7, 10, 19]
[1, 3, 8, 9, 18]
[1, 2, 10, 12, 13]
[2, 3, 7, 8, 10]
[2, 3, 6, 14]
[1, 2, 7, 11, 24]
[3, 4, 5, 15]
[1, 2, 8, 14, 17]
[2, 4, 5, 21, 26]
[1, 5, 6, 12, 24]
[2, 4, 6, 9, 23]
[2, 3, 5, 23]
[16, 17, 18, 19, 20, 21, 22, 23, 24, 25, 26, 27, 28]


5
process id 2
stats
5, 15, 7, 100, 1000
20220817-153339
loosing coalitions taken
[1, 2, 8, 14, 19]
[1, 5, 6, 13, 23]
[1, 3, 8, 11, 18]
[1, 4, 8, 10, 13]
[1, 2, 9, 10, 12]
[1, 2, 7, 15, 22]
[3, 4, 6, 15, 16]
[1, 4, 7, 9, 16]
[1, 3, 7, 10, 21]
[2, 3, 6, 14, 20]
[2, 4, 5, 9, 24]
[1, 4, 6, 20, 25]
[2, 3, 5, 10]
[2, 4, 6, 12, 23]
[16, 17, 18, 19, 20, 21, 22, 23, 24, 25, 26, 27, 28]


5
process id 1
stats
5, 15, 7, 100, 1000
20220817-153342
loosing coalitions taken
[2, 3, 6, 15, 22]
[1, 2, 7, 17, 18]
[1, 3, 7, 11, 19]
[2, 3, 7, 8, 10]
[1, 4, 7, 9, 16]
[1, 2, 9, 10, 12]
[1, 4, 8, 10, 14]
[1, 3, 8, 12, 18]
[1, 2, 6, 24]
[2, 3, 5, 17]
[1, 4, 6, 25]
[2, 4, 5, 10]
[3, 4, 5, 11]
[1, 5, 6, 12, 21]
[16, 17, 18, 19, 20, 21, 22, 23, 24, 25, 26, 27, 28]


5
process id 2
stats
5, 15, 7, 100, 1000
20220817-153344
loosing coalitions taken
[1, 2, 8, 14, 19]
[1, 2, 7, 15, 18]
[1, 3, 8, 12, 18]
[3, 4, 5, 16]
[1, 2, 10, 11, 12]
[1, 5, 6, 9, 26]
[2, 4, 6, 9, 24]
[2, 3, 6, 13, 22]
[2, 4, 5, 21, 22]
[1, 4, 6, 17]
[2, 3, 5, 12]
[1, 3, 6, 28]
[1, 3, 7, 10, 20]
[1, 4, 7, 8]
[16, 17, 18, 19, 20, 21, 22, 23, 24, 25, 26, 27, 28]


6
process id 7
stats
5, 15, 7, 100, 1000
20220817-153346
loosing coalitions taken
[1, 3, 7, 10, 23]
[1, 3, 8, 9, 18]
[1, 2, 8, 15, 16]
[2, 3, 6, 11]
[1, 5, 6, 13, 20]
[1, 2, 9, 10, 14]
[3, 4, 5, 9]
[2, 4, 6, 12, 22]
[1, 4, 6, 21]
[1, 4, 7, 8]
[2, 4, 5, 16, 24]
[1, 2, 7, 11, 25]
[3, 4, 6, 8, 28]
[2, 3, 5, 13]
[16, 17, 18, 19, 20, 21, 22, 23, 24, 25, 26, 27, 28]


6
process id 1
stats
5, 15, 7, 100, 1000
20220817-153352
loosing coalitions taken
[1, 4, 7, 10, 18]
[3, 4, 6, 14, 19]
[2, 4, 6, 15, 21]
[1, 3, 8, 9, 18]
[3, 4, 5, 18, 20]
[2, 4, 5, 16]
[1, 2, 9, 10, 14]
[2, 3, 6, 12, 28]
[2, 3, 7, 8, 10]
[1, 2, 7, 11, 17]
[1, 5, 6, 13, 24]
[1, 4, 6, 28]
[1, 3, 7, 12, 15]
[1, 2, 8, 13, 19]
[16, 17, 18, 19, 20, 21, 22, 23, 24, 25, 26, 27, 28]


5
process id 4
stats
5, 15, 7, 100, 1000
20220817-153404
loosing coalitions taken
[1, 2, 7, 12, 24]
[1, 4, 8, 9, 14]
[1, 4, 7, 10, 16]
[2, 3, 6, 13, 26]
[1, 3, 7, 11, 23]
[1, 2, 10, 11, 14]
[1, 2, 8, 13, 18]
[1, 5, 6, 12, 21]
[1, 3, 8, 12, 19]
[2, 4, 6, 8]
[3, 4, 5, 9]
[2, 3, 5, 18]
[1, 4, 6, 24]
[2, 4, 5, 16]
[16, 17, 18, 19, 20, 21, 22, 23, 24, 25, 26, 27, 28]


