Results
15
0.631
0.63

6
process id 4
stats
5, 15, 7, 100, 1000
20220817-153429
loosing coalitions taken
[1, 4, 8, 9, 13]
[2, 4, 5, 20, 23]
[1, 5, 6, 12, 19]
[1, 3, 8, 11, 17]
[1, 2, 10, 12, 13]
[3, 4, 6, 12, 20]
[2, 3, 6, 15, 24]
[2, 3, 5, 25]
[1, 3, 7, 10, 18]
[1, 4, 7, 11, 15]
[1, 2, 8, 14, 20]
[1, 3, 6, 28]
[1, 2, 7, 9]
[2, 4, 6, 16, 18]
[16, 17, 18, 19, 20, 21, 22, 23, 24, 25, 26, 27, 28]


5
process id 2
stats
5, 15, 7, 100, 1000
20220817-153436
loosing coalitions taken
[1, 2, 8, 10, 17]
[3, 4, 5, 16]
[1, 3, 8, 12, 19]
[1, 2, 9, 11, 13]
[1, 5, 6, 9, 26]
[1, 3, 7, 11, 20]
[1, 4, 7, 8]
[2, 3, 6, 13, 24]
[2, 4, 6, 16, 19]
[3, 4, 6, 9, 18]
[1, 3, 6, 27]
[1, 2, 7, 16, 18]
[2, 3, 5, 18]
[2, 4, 5, 11]
[16, 17, 18, 19, 20, 21, 22, 23, 24, 25, 26, 27, 28]


5
process id 5
stats
5, 15, 7, 100, 1000
20220817-153455
loosing coalitions taken
[1, 2, 8, 13, 20]
[1, 5, 6, 12, 23]
[3, 4, 6, 13, 20]
[1, 3, 7, 15, 20]
[1, 4, 8, 10, 11]
[2, 3, 7, 8, 9]
[1, 4, 7, 12, 13]
[1, 4, 6, 22]
[2, 3, 6, 14, 26]
[1, 3, 8, 12, 17]
[2, 4, 5, 16, 19]
[3, 4, 5, 15, 23]
[2, 3, 5, 10]
[1, 2, 7, 11, 14]
[16, 17, 18, 19, 20, 21, 22, 23, 24, 25, 26, 27, 28]


