Results
15
0.641
0.63

5
process id 7
stats
5, 15, 7, 100, 1000
20220817-154523
loosing coalitions taken
[1, 2, 9, 10, 13]
[1, 4, 7, 8, 25]
[1, 4, 6, 26]
[1, 2, 8, 11, 17]
[1, 3, 8, 10, 16]
[1, 2, 7, 14, 24]
[3, 4, 5, 16]
[1, 5, 6, 10, 25]
[1, 3, 6, 22]
[2, 4, 6, 8]
[1, 3, 7, 12, 21]
[2, 3, 5, 12, 28]
[2, 3, 6, 14]
[2, 4, 5, 15, 26]
[16, 17, 18, 19, 20, 21, 22, 23, 24, 25, 26, 27, 28]


6
process id 4
stats
5, 15, 7, 100, 1000
20220817-154529
loosing coalitions taken
[1, 4, 7, 9, 18]
[2, 3, 7, 8, 10]
[1, 3, 7, 11, 22]
[2, 3, 6, 9]
[1, 2, 7, 16, 17]
[3, 4, 5, 19, 20]
[1, 5, 6, 13, 23]
[1, 3, 8, 12, 17]
[1, 4, 8, 10, 15]
[1, 2, 10, 11, 14]
[1, 4, 6, 22, 27]
[2, 4, 5, 15, 25]
[2, 3, 5, 17, 23]
[3, 4, 6, 8]
[16, 17, 18, 19, 20, 21, 22, 23, 24, 25, 26, 27, 28]


5
process id 3
stats
5, 15, 7, 100, 1000
20220817-154537
loosing coalitions taken
[3, 4, 5, 21, 24]
[1, 3, 8, 10, 17]
[1, 3, 7, 9, 23]
[1, 4, 8, 11, 14]
[1, 2, 7, 13, 20]
[1, 4, 7, 10, 16]
[1, 2, 8, 9, 22]
[2, 4, 6, 8, 26]
[2, 4, 5, 17, 25]
[2, 3, 5, 19, 22]
[3, 4, 6, 11, 20]
[1, 5, 6, 10, 22]
[2, 3, 6, 13, 15]
[1, 3, 6, 25]
[16, 17, 18, 19, 20, 21, 22, 23, 24, 25, 26, 27, 28]


5
process id 1
stats
5, 15, 7, 100, 1000
20220817-154542
loosing coalitions taken
[1, 3, 8, 12, 18]
[1, 2, 9, 10, 13]
[1, 5, 6, 13, 23]
[1, 2, 7, 12, 23]
[3, 4, 5, 20, 23]
[1, 2, 8, 14, 19]
[1, 4, 7, 8]
[2, 3, 6, 10]
[1, 4, 6, 21]
[2, 4, 5, 17]
[2, 4, 6, 8]
[3, 4, 6, 15, 16]
[2, 3, 5, 19]
[1, 3, 7, 13, 20]
[16, 17, 18, 19, 20, 21, 22, 23, 24, 25, 26, 27, 28]


5
process id 7
stats
5, 15, 7, 100, 1000
20220817-154544
loosing coalitions taken
[1, 4, 6, 22, 26]
[1, 3, 7, 16, 18]
[1, 2, 9, 12, 13]
[1, 4, 7, 9, 17]
[1, 2, 8, 15, 16]
[2, 3, 6, 16, 20]
[1, 3, 8, 11, 17]
[1, 2, 7, 11, 27]
[3, 4, 6, 10, 15]
[1, 5, 6, 11, 24]
[2, 3, 7, 8, 10]
[2, 4, 5, 18]
[2, 3, 5, 19]
[3, 4, 5, 12]
[16, 17, 18, 19, 20, 21, 22, 23, 24, 25, 26, 27, 28]


6
process id 6
stats
5, 15, 7, 100, 1000
20220817-154547
loosing coalitions taken
[1, 3, 8, 11, 18]
[1, 2, 9, 11, 14]
[2, 3, 6, 18, 20]
[1, 5, 6, 13, 16]
[1, 3, 7, 15, 21]
[1, 2, 7, 13, 17]
[2, 3, 5, 21, 28]
[1, 3, 9, 10, 12]
[3, 4, 5, 16, 26]
[1, 4, 7, 10, 19]
[1, 4, 6, 24]
[2, 4, 5, 15]
[2, 3, 7, 8, 10]
[1, 2, 8, 12, 20]
[16, 17, 18, 19, 20, 21, 22, 23, 24, 25, 26, 27, 28]


5
process id 6
stats
5, 15, 7, 100, 1000
20220817-154617
loosing coalitions taken
[2, 3, 6, 14]
[1, 4, 6, 24]
[1, 2, 8, 12, 17]
[1, 3, 7, 11, 17]
[1, 3, 8, 13, 15]
[3, 4, 5, 10]
[3, 4, 6, 9, 22]
[1, 5, 6, 11, 18]
[2, 3, 5, 24]
[1, 4, 7, 14, 15]
[2, 4, 5, 17]
[1, 4, 8, 10, 11]
[1, 2, 7, 10, 25]
[1, 3, 6, 25]
[16, 17, 18, 19, 20, 21, 22, 23, 24, 25, 26, 27, 28]


