Results
15
0.642
0.63

5
process id 2
stats
5, 15, 7, 100, 1000
20220817-154623
loosing coalitions taken
[1, 2, 7, 17, 19]
[1, 5, 6, 12, 21]
[2, 4, 5, 16]
[1, 3, 8, 9, 20]
[1, 3, 7, 10, 21]
[1, 4, 7, 13, 15]
[3, 4, 6, 13, 20]
[3, 4, 5, 14]
[1, 3, 6, 26]
[2, 3, 6, 12]
[2, 3, 5, 20]
[2, 4, 6, 9, 25]
[1, 4, 6, 24, 27]
[1, 2, 8, 14, 18]
[16, 17, 18, 19, 20, 21, 22, 23, 24, 25, 26, 27, 28]


6
process id 1
stats
5, 15, 7, 100, 1000
20220817-154632
loosing coalitions taken
[3, 4, 5, 17, 24]
[1, 2, 8, 9, 22]
[1, 5, 6, 12, 24]
[1, 2, 7, 17, 19]
[1, 3, 7, 14, 21]
[1, 3, 9, 10, 12]
[1, 3, 8, 13, 16]
[2, 3, 6, 12]
[2, 4, 5, 16, 28]
[1, 2, 10, 11, 13]
[2, 3, 5, 20]
[3, 4, 6, 10, 18]
[1, 4, 6, 27]
[2, 4, 6, 15, 21]
[16, 17, 18, 19, 20, 21, 22, 23, 24, 25, 26, 27, 28]


6
process id 6
stats
5, 15, 7, 100, 1000
20220817-154640
loosing coalitions taken
[2, 4, 6, 9, 23]
[1, 2, 7, 14, 23]
[1, 4, 8, 9, 14]
[2, 4, 5, 19, 25]
[1, 2, 9, 11, 12]
[1, 4, 7, 12, 16]
[1, 3, 8, 15, 16]
[1, 5, 6, 13, 17]
[1, 2, 8, 10, 17]
[3, 4, 5, 16, 27]
[1, 3, 7, 10, 20]
[1, 4, 6, 27]
[2, 3, 6, 16, 20]
[2, 3, 5, 11]
[16, 17, 18, 19, 20, 21, 22, 23, 24, 25, 26, 27, 28]


6
process id 2
stats
5, 15, 7, 100, 1000
20220817-154647
loosing coalitions taken
[1, 2, 7, 16, 20]
[1, 2, 10, 11, 14]
[1, 4, 7, 8]
[2, 3, 6, 13, 24]
[2, 4, 5, 18]
[1, 3, 6, 27, 28]
[3, 4, 6, 9, 22]
[3, 4, 5, 11]
[1, 3, 7, 14, 19]
[1, 3, 8, 13, 16]
[2, 3, 5, 17]
[1, 5, 6, 15, 17]
[2, 4, 6, 10, 23]
[1, 2, 8, 9, 22]
[16, 17, 18, 19, 20, 21, 22, 23, 24, 25, 26, 27, 28]


6
process id 2
stats
5, 15, 7, 100, 1000
20220817-154724
loosing coalitions taken
[1, 2, 8, 10, 20]
[1, 3, 8, 9, 16]
[1, 5, 6, 15, 17]
[1, 2, 9, 11, 14]
[2, 4, 5, 17, 28]
[1, 4, 6, 28]
[3, 4, 5, 18, 24]
[1, 2, 7, 17, 19]
[1, 4, 7, 8]
[2, 3, 6, 10, 23]
[3, 4, 6, 8]
[2, 3, 5, 14, 26]
[1, 3, 6, 27]
[1, 3, 7, 13, 14]
[16, 17, 18, 19, 20, 21, 22, 23, 24, 25, 26, 27, 28]


