Results
15
0.643
0.63

5
process id 2
stats
5, 15, 7, 100, 1000
20220817-154731
loosing coalitions taken
[2, 3, 6, 12]
[1, 2, 9, 10, 14]
[2, 4, 5, 20]
[1, 4, 7, 12, 14]
[1, 2, 7, 13, 17]
[1, 3, 7, 9, 20]
[1, 3, 8, 14, 16]
[2, 3, 5, 25]
[2, 4, 6, 11, 22]
[1, 2, 8, 12, 18]
[3, 4, 5, 14]
[1, 4, 6, 28]
[1, 5, 6, 15, 20]
[1, 3, 6, 23, 25]
[16, 17, 18, 19, 20, 21, 22, 23, 24, 25, 26, 27, 28]


6
process id 1
stats
5, 15, 7, 100, 1000
20220817-154737
loosing coalitions taken
[2, 3, 7, 8, 10]
[1, 3, 7, 11, 19]
[1, 3, 8, 9, 20]
[1, 5, 6, 10, 21]
[2, 4, 5, 17]
[1, 4, 6, 22]
[1, 2, 7, 9, 27]
[1, 2, 8, 15, 16]
[2, 3, 5, 14]
[1, 4, 8, 12, 14]
[2, 4, 6, 9, 20]
[2, 3, 6, 13]
[1, 3, 6, 23, 25]
[3, 4, 5, 12]
[16, 17, 18, 19, 20, 21, 22, 23, 24, 25, 26, 27, 28]


5
process id 2
stats
5, 15, 7, 100, 1000
20220817-154746
loosing coalitions taken
[1, 3, 7, 16, 19]
[3, 4, 6, 14, 18]
[1, 2, 7, 12, 25]
[1, 5, 6, 11, 21]
[3, 4, 5, 13]
[2, 3, 6, 15, 26]
[1, 2, 8, 11, 20]
[1, 4, 6, 22, 24]
[2, 4, 5, 9, 22]
[2, 3, 5, 25]
[1, 4, 7, 8, 17]
[2, 4, 6, 7]
[1, 3, 8, 13, 14]
[1, 3, 9, 10, 11]
[16, 17, 18, 19, 20, 21, 22, 23, 24, 25, 26, 27, 28]


6
process id 6
stats
5, 15, 7, 100, 1000
20220817-154749
loosing coalitions taken
[1, 2, 10, 11, 14]
[1, 2, 7, 9, 25]
[1, 4, 8, 12, 14]
[1, 5, 6, 11, 22]
[1, 3, 7, 10, 23]
[1, 2, 8, 13, 20]
[1, 3, 8, 9, 19]
[2, 4, 5, 15, 25]
[3, 4, 5, 12]
[2, 3, 6, 12]
[3, 4, 6, 13, 19]
[2, 4, 6, 7]
[2, 3, 5, 16, 26]
[1, 3, 6, 24]
[16, 17, 18, 19, 20, 21, 22, 23, 24, 25, 26, 27, 28]


5
process id 7
stats
5, 15, 7, 100, 1000
20220817-154750
loosing coalitions taken
[1, 5, 6, 11, 25]
[1, 2, 8, 9, 18]
[3, 4, 6, 13, 21]
[1, 4, 7, 10, 14]
[1, 4, 6, 26, 27]
[2, 4, 5, 20]
[1, 3, 8, 14, 16]
[2, 3, 7, 8, 10]
[2, 3, 6, 12, 24]
[1, 3, 7, 9, 21]
[3, 4, 5, 16]
[2, 3, 5, 22]
[2, 4, 6, 9, 11]
[1, 2, 7, 11, 24]
[16, 17, 18, 19, 20, 21, 22, 23, 24, 25, 26, 27, 28]


5
process id 0
stats
5, 15, 7, 100, 1000
20220817-154816
loosing coalitions taken
[1, 4, 8, 9, 14]
[1, 2, 9, 12, 13]
[1, 3, 7, 13, 19]
[1, 3, 8, 15, 16]
[1, 2, 8, 10, 18]
[1, 4, 7, 12, 15]
[2, 3, 6, 11]
[3, 4, 5, 12]
[1, 2, 7, 14, 23]
[2, 4, 5, 15, 27]
[1, 4, 6, 23]
[1, 3, 6, 25, 28]
[2, 3, 5, 18, 23]
[3, 4, 6, 7]
[16, 17, 18, 19, 20, 21, 22, 23, 24, 25, 26, 27, 28]


6
process id 1
stats
5, 15, 7, 100, 1000
20220817-154819
loosing coalitions taken
[1, 4, 7, 11, 16]
[1, 2, 7, 17, 18]
[1, 2, 8, 10, 21]
[1, 4, 8, 9, 12]
[1, 3, 9, 10, 11]
[1, 5, 6, 12, 24]
[2, 3, 5, 23]
[1, 4, 6, 23, 26]
[3, 4, 6, 9, 20]
[2, 4, 6, 16, 18]
[3, 4, 5, 11, 26]
[2, 4, 5, 17, 25]
[1, 3, 7, 12, 15]
[2, 3, 6, 10]
[16, 17, 18, 19, 20, 21, 22, 23, 24, 25, 26, 27, 28]


6
process id 2
stats
5, 15, 7, 100, 1000
20220817-154829
loosing coalitions taken
[1, 2, 9, 11, 14]
[2, 3, 5, 24]
[2, 4, 6, 16, 19]
[1, 3, 9, 10, 12]
[1, 2, 7, 10, 27]
[1, 4, 6, 28]
[2, 3, 6, 14]
[2, 4, 5, 17]
[3, 4, 5, 14]
[1, 3, 8, 11, 18]
[1, 3, 6, 26]
[1, 4, 7, 8]
[1, 5, 6, 9, 25]
[3, 4, 6, 12, 15]
[16, 17, 18, 19, 20, 21, 22, 23, 24, 25, 26, 27, 28]


