Results
15
0.644
0.63

5
process id 0
stats
5, 15, 7, 100, 1000
20220817-154840
loosing coalitions taken
[1, 2, 9, 10, 12]
[1, 4, 7, 10, 18]
[1, 3, 8, 12, 16]
[1, 3, 7, 13, 22]
[2, 3, 7, 8, 10]
[2, 3, 6, 14]
[3, 4, 5, 12]
[1, 2, 7, 16, 19]
[1, 2, 8, 11, 14]
[3, 4, 6, 11, 17]
[1, 4, 6, 26]
[2, 3, 5, 19]
[2, 4, 5, 10]
[1, 3, 6, 28]
[16, 17, 18, 19, 20, 21, 22, 23, 24, 25, 26, 27, 28]


5
process id 4
stats
5, 15, 7, 100, 1000
20220817-154847
loosing coalitions taken
[1, 3, 9, 10, 12]
[2, 3, 6, 11]
[2, 4, 5, 14]
[1, 4, 8, 11, 13]
[1, 5, 6, 16, 20]
[1, 3, 8, 14, 16]
[1, 4, 6, 23]
[2, 3, 5, 15, 24]
[1, 2, 6, 25]
[1, 2, 7, 11, 18]
[2, 4, 6, 8]
[3, 4, 5, 10, 26]
[1, 4, 7, 9, 17]
[1, 2, 8, 9, 20]
[16, 17, 18, 19, 20, 21, 22, 23, 24, 25, 26, 27, 28]


6
process id 5
stats
5, 15, 7, 100, 1000
20220817-154850
loosing coalitions taken
[2, 3, 5, 20, 28]
[3, 4, 5, 15, 23]
[1, 4, 8, 13, 14]
[2, 3, 6, 14]
[1, 3, 8, 12, 19]
[1, 4, 6, 23]
[1, 3, 7, 13, 18]
[1, 2, 9, 10, 11]
[3, 4, 6, 10, 17]
[1, 2, 7, 15, 21]
[2, 3, 7, 8, 10]
[1, 2, 6, 25]
[1, 5, 6, 9, 22]
[2, 4, 5, 12]
[16, 17, 18, 19, 20, 21, 22, 23, 24, 25, 26, 27, 28]


6
process id 6
stats
5, 15, 7, 100, 1000
20220817-154920
loosing coalitions taken
[3, 4, 5, 20, 23]
[1, 3, 9, 10, 11]
[1, 2, 8, 12, 21]
[1, 5, 6, 11, 23]
[1, 4, 7, 11, 17]
[1, 4, 8, 9, 14]
[1, 3, 8, 15, 16]
[2, 3, 6, 15, 26]
[1, 3, 7, 13, 21]
[1, 2, 7, 10, 28]
[2, 4, 5, 9, 28]
[2, 4, 6, 10, 18]
[1, 4, 6, 16]
[2, 3, 5, 24]
[16, 17, 18, 19, 20, 21, 22, 23, 24, 25, 26, 27, 28]


5
process id 1
stats
5, 15, 7, 100, 1000
20220817-154924
loosing coalitions taken
[1, 2, 8, 11, 17]
[1, 4, 7, 10, 16]
[2, 3, 6, 11]
[1, 3, 8, 9, 19]
[1, 2, 9, 10, 14]
[3, 4, 5, 16]
[1, 2, 7, 15, 21]
[1, 5, 6, 14, 21]
[1, 3, 7, 13, 18]
[1, 3, 6, 27]
[3, 4, 6, 8]
[1, 4, 6, 23]
[2, 3, 5, 18]
[2, 4, 5, 15]
[16, 17, 18, 19, 20, 21, 22, 23, 24, 25, 26, 27, 28]


