Results
15
0.645
0.63

5
process id 5
stats
5, 15, 7, 100, 1000
20220817-154953
loosing coalitions taken
[1, 2, 7, 16, 21]
[1, 4, 8, 10, 11]
[1, 5, 6, 12, 23]
[1, 2, 8, 12, 17]
[1, 2, 9, 10, 13]
[2, 4, 5, 15]
[1, 4, 7, 13, 14]
[2, 3, 6, 10]
[1, 3, 6, 28]
[1, 4, 6, 27]
[2, 3, 5, 17, 19]
[3, 4, 5, 12]
[1, 3, 7, 11, 15]
[3, 4, 6, 9, 18]
[16, 17, 18, 19, 20, 21, 22, 23, 24, 25, 26, 27, 28]


5
process id 3
stats
5, 15, 7, 100, 1000
20220817-154954
loosing coalitions taken
[1, 4, 8, 10, 15]
[1, 2, 10, 11, 12]
[1, 4, 6, 27]
[1, 2, 8, 13, 18]
[2, 3, 6, 18, 21]
[1, 3, 8, 9, 16]
[1, 2, 7, 9, 26]
[1, 3, 7, 14, 18]
[3, 4, 5, 16, 20]
[1, 4, 7, 11, 17]
[1, 3, 6, 24]
[2, 3, 5, 12, 28]
[3, 4, 6, 11, 15]
[2, 4, 5, 14, 22]
[16, 17, 18, 19, 20, 21, 22, 23, 24, 25, 26, 27, 28]


6
process id 4
stats
5, 15, 7, 100, 1000
20220817-155023
loosing coalitions taken
[1, 4, 8, 10, 11]
[1, 3, 8, 12, 19]
[2, 4, 6, 13, 22]
[1, 3, 7, 15, 18]
[2, 4, 5, 19]
[1, 5, 6, 16, 18]
[3, 4, 6, 11, 20]
[2, 3, 6, 9]
[1, 2, 10, 12, 13]
[1, 4, 6, 27]
[2, 3, 5, 15]
[1, 3, 6, 28]
[1, 2, 7, 14, 19]
[3, 4, 5, 12, 28]
[16, 17, 18, 19, 20, 21, 22, 23, 24, 25, 26, 27, 28]


6
process id 5
stats
5, 15, 7, 100, 1000
20220817-155026
loosing coalitions taken
[3, 4, 5, 15]
[2, 3, 6, 13]
[1, 5, 6, 14, 22]
[1, 4, 6, 25]
[1, 2, 9, 11, 14]
[1, 2, 7, 12, 24]
[1, 3, 8, 12, 16]
[1, 3, 7, 10, 21]
[1, 3, 6, 28]
[1, 4, 7, 9, 15]
[2, 4, 5, 19, 25]
[1, 2, 8, 10, 15]
[3, 4, 6, 9, 20]
[2, 3, 5, 20]
[16, 17, 18, 19, 20, 21, 22, 23, 24, 25, 26, 27, 28]


6
process id 7
stats
5, 15, 7, 100, 1000
20220817-155028
loosing coalitions taken
[2, 3, 6, 13, 25]
[1, 2, 7, 12, 23]
[1, 3, 8, 11, 16]
[1, 2, 8, 13, 17]
[1, 4, 8, 12, 14]
[3, 4, 6, 14, 15]
[1, 3, 7, 15, 21]
[1, 5, 6, 9, 24]
[2, 3, 5, 20]
[1, 4, 7, 9, 18]
[2, 4, 6, 8]
[1, 3, 6, 28]
[2, 4, 5, 17]
[3, 4, 5, 18, 24]
[16, 17, 18, 19, 20, 21, 22, 23, 24, 25, 26, 27, 28]


6
process id 6
stats
5, 15, 7, 100, 1000
20220817-155031
loosing coalitions taken
[1, 2, 8, 13, 17]
[2, 4, 5, 20]
[2, 3, 6, 10, 25]
[1, 3, 9, 10, 11]
[1, 4, 6, 26]
[1, 3, 7, 14, 17]
[1, 2, 7, 12, 21]
[3, 4, 6, 12, 16]
[1, 5, 6, 11, 23]
[3, 4, 5, 11, 25]
[2, 3, 5, 15]
[1, 4, 7, 8, 19]
[2, 4, 6, 8]
[1, 3, 8, 15, 16]
[16, 17, 18, 19, 20, 21, 22, 23, 24, 25, 26, 27, 28]


5
process id 0
stats
5, 15, 7, 100, 1000
20220817-155040
loosing coalitions taken
[1, 4, 8, 9, 15]
[1, 2, 9, 10, 11]
[1, 2, 8, 13, 16]
[3, 4, 5, 16]
[1, 2, 7, 12, 26]
[2, 3, 6, 14]
[1, 5, 6, 9, 25]
[1, 3, 8, 12, 18]
[1, 3, 7, 13, 20]
[3, 4, 6, 7]
[2, 4, 5, 20, 21]
[2, 4, 6, 12, 23]
[1, 3, 6, 28]
[2, 3, 5, 17]
[16, 17, 18, 19, 20, 21, 22, 23, 24, 25, 26, 27, 28]


5
process id 7
stats
5, 15, 7, 100, 1000
20220817-155044
loosing coalitions taken
[3, 4, 6, 11, 21]
[1, 2, 9, 11, 14]
[1, 2, 7, 12, 23]
[2, 3, 6, 13]
[1, 3, 7, 9, 24]
[1, 2, 8, 10, 20]
[1, 4, 7, 8]
[1, 5, 6, 10, 26]
[1, 3, 8, 14, 16]
[2, 3, 5, 16]
[2, 4, 6, 12, 22]
[1, 4, 6, 20]
[2, 4, 5, 13]
[3, 4, 5, 14]
[16, 17, 18, 19, 20, 21, 22, 23, 24, 25, 26, 27, 28]


