Results
15
0.646
0.63

5
process id 7
stats
5, 15, 7, 100, 1000
20220817-155056
loosing coalitions taken
[1, 4, 8, 12, 14]
[1, 2, 8, 9, 20]
[2, 4, 6, 9, 24]
[3, 4, 6, 10, 20]
[2, 4, 5, 16]
[1, 4, 7, 9, 15]
[1, 5, 6, 13, 22]
[1, 2, 10, 12, 13]
[1, 3, 7, 10, 19]
[2, 3, 6, 13]
[1, 2, 7, 14, 24]
[2, 3, 5, 17, 25]
[1, 4, 6, 25]
[3, 4, 5, 9]
[16, 17, 18, 19, 20, 21, 22, 23, 24, 25, 26, 27, 28]


5
process id 3
stats
5, 15, 7, 100, 1000
20220817-155058
loosing coalitions taken
[3, 4, 6, 8, 28]
[1, 2, 10, 11, 14]
[2, 3, 6, 10]
[1, 4, 7, 11, 15]
[1, 4, 6, 24]
[1, 2, 7, 9, 23]
[1, 2, 8, 13, 18]
[2, 3, 5, 22, 28]
[3, 4, 5, 10]
[1, 3, 6, 25]
[1, 5, 6, 11, 22]
[1, 3, 7, 12, 18]
[1, 4, 8, 9, 14]
[2, 4, 5, 18]
[16, 17, 18, 19, 20, 21, 22, 23, 24, 25, 26, 27, 28]


6
process id 1
stats
5, 15, 7, 100, 1000
20220817-155111
loosing coalitions taken
[1, 5, 6, 11, 23]
[2, 3, 6, 16, 22]
[1, 4, 6, 25, 28]
[3, 4, 6, 8, 24]
[1, 3, 8, 10, 19]
[1, 2, 7, 13, 24]
[2, 3, 5, 19]
[2, 4, 6, 10, 21]
[1, 3, 7, 16, 17]
[1, 2, 8, 12, 20]
[2, 4, 5, 13, 27]
[1, 2, 10, 11, 14]
[3, 4, 5, 20, 21]
[1, 4, 7, 8]
[16, 17, 18, 19, 20, 21, 22, 23, 24, 25, 26, 27, 28]


6
process id 5
stats
5, 15, 7, 100, 1000
20220817-155113
loosing coalitions taken
[2, 4, 5, 20, 26]
[1, 4, 7, 10, 19]
[1, 5, 6, 15, 18]
[3, 4, 6, 14, 15]
[1, 3, 8, 12, 18]
[1, 4, 6, 26, 27]
[1, 3, 7, 11, 22]
[1, 2, 10, 11, 13]
[1, 4, 8, 9, 11]
[1, 2, 8, 14, 15]
[2, 4, 6, 12, 23]
[3, 4, 5, 11, 19]
[2, 3, 6, 9]
[1, 2, 7, 12, 26]
[16, 17, 18, 19, 20, 21, 22, 23, 24, 25, 26, 27, 28]


6
process id 1
stats
5, 15, 7, 100, 1000
20220817-155124
loosing coalitions taken
[1, 4, 8, 9, 10]
[1, 2, 10, 11, 12]
[1, 5, 6, 11, 24]
[1, 2, 7, 15, 20]
[2, 3, 6, 14]
[1, 3, 7, 11, 17]
[1, 4, 6, 23]
[1, 3, 8, 13, 16]
[2, 4, 5, 13]
[2, 4, 6, 12, 15]
[2, 3, 5, 21]
[3, 4, 5, 15, 19]
[1, 4, 7, 12, 14]
[1, 2, 6, 25]
[16, 17, 18, 19, 20, 21, 22, 23, 24, 25, 26, 27, 28]


5
process id 7
stats
5, 15, 7, 100, 1000
20220817-155148
loosing coalitions taken
[1, 3, 7, 13, 17]
[1, 2, 7, 9, 27]
[1, 4, 7, 11, 14]
[1, 2, 8, 10, 20]
[1, 5, 6, 11, 23]
[3, 4, 5, 12]
[2, 4, 6, 8]
[1, 4, 6, 28]
[1, 3, 6, 24]
[2, 3, 5, 15]
[2, 3, 6, 12, 27]
[2, 4, 5, 18, 22]
[1, 4, 8, 12, 13]
[1, 3, 8, 14, 15]
[16, 17, 18, 19, 20, 21, 22, 23, 24, 25, 26, 27, 28]


