Results
15
0.647
0.63

5
process id 6
stats
5, 15, 7, 100, 1000
20220817-155204
loosing coalitions taken
[1, 5, 6, 13, 24]
[1, 3, 8, 11, 19]
[1, 2, 7, 14, 23]
[3, 4, 6, 15, 17]
[2, 4, 5, 14]
[1, 2, 10, 11, 12]
[1, 4, 7, 11, 13]
[1, 2, 8, 13, 17]
[2, 3, 7, 8, 10]
[1, 3, 7, 9, 18]
[1, 3, 6, 28]
[1, 4, 6, 26]
[2, 3, 5, 11]
[2, 3, 6, 14, 25]
[16, 17, 18, 19, 20, 21, 22, 23, 24, 25, 26, 27, 28]


6
process id 4
stats
5, 15, 7, 100, 1000
20220817-155222
loosing coalitions taken
[2, 4, 6, 14, 22]
[1, 4, 6, 26]
[1, 2, 7, 9, 25]
[2, 4, 5, 16]
[1, 3, 9, 10, 11]
[1, 3, 7, 15, 21]
[3, 4, 5, 13]
[1, 5, 6, 12, 17]
[1, 4, 7, 10, 16]
[1, 2, 6, 24]
[2, 3, 5, 24]
[2, 3, 6, 11]
[1, 3, 8, 12, 19]
[1, 2, 8, 13, 14]
[16, 17, 18, 19, 20, 21, 22, 23, 24, 25, 26, 27, 28]


6
process id 5
stats
5, 15, 7, 100, 1000
20220817-155252
loosing coalitions taken
[1, 2, 9, 12, 13]
[1, 3, 9, 10, 11]
[1, 2, 8, 11, 20]
[3, 4, 6, 13, 19]
[2, 4, 6, 14, 17]
[2, 4, 5, 16]
[1, 2, 7, 17, 19]
[1, 3, 7, 13, 18]
[1, 4, 6, 27]
[2, 3, 6, 8, 24]
[1, 4, 7, 8]
[2, 3, 5, 19]
[3, 4, 5, 15, 28]
[1, 5, 6, 9, 24]
[16, 17, 18, 19, 20, 21, 22, 23, 24, 25, 26, 27, 28]


6
process id 7
stats
5, 15, 7, 100, 1000
20220817-155255
loosing coalitions taken
[2, 4, 6, 11, 23]
[3, 4, 5, 19, 25]
[1, 2, 7, 9, 28]
[1, 4, 7, 10, 19]
[1, 2, 8, 11, 15]
[1, 4, 8, 9, 14]
[2, 4, 5, 16, 24]
[3, 4, 6, 14, 17]
[1, 5, 6, 13, 19]
[1, 4, 6, 20]
[2, 3, 5, 15, 28]
[2, 3, 6, 12, 18]
[1, 3, 8, 12, 17]
[1, 2, 10, 12, 13]
[16, 17, 18, 19, 20, 21, 22, 23, 24, 25, 26, 27, 28]


