Results
15
0.632
0.63

5
process id 1
stats
5, 15, 7, 100, 1000
20220817-153552
loosing coalitions taken
[2, 3, 5, 22]
[1, 3, 7, 10, 24]
[1, 5, 6, 11, 24]
[2, 4, 6, 11, 23]
[1, 4, 6, 25]
[1, 2, 10, 11, 12]
[2, 4, 5, 9]
[1, 3, 6, 27]
[3, 4, 6, 12, 15]
[1, 2, 7, 14, 15]
[3, 4, 5, 19, 23]
[2, 3, 6, 13]
[1, 2, 8, 9, 19]
[1, 4, 7, 8]
[16, 17, 18, 19, 20, 21, 22, 23, 24, 25, 26, 27, 28]


5
process id 3
stats
5, 15, 7, 100, 1000
20220817-153603
loosing coalitions taken
[2, 3, 6, 19, 21]
[1, 2, 9, 11, 12]
[1, 2, 8, 14, 17]
[1, 3, 7, 13, 19]
[1, 3, 8, 9, 20]
[2, 3, 7, 8, 10]
[1, 3, 6, 22]
[3, 4, 5, 15, 18]
[2, 4, 5, 17, 27]
[2, 4, 6, 11, 15]
[1, 4, 8, 11, 13]
[1, 2, 7, 16, 18]
[2, 3, 5, 24, 26]
[1, 4, 7, 10, 14]
[16, 17, 18, 19, 20, 21, 22, 23, 24, 25, 26, 27, 28]


5
process id 5
stats
5, 15, 7, 100, 1000
20220817-153610
loosing coalitions taken
[1, 3, 8, 10, 17]
[2, 3, 6, 12]
[1, 4, 7, 12, 16]
[1, 4, 8, 9, 15]
[1, 3, 7, 11, 21]
[1, 5, 6, 16, 17]
[1, 2, 8, 14, 16]
[1, 4, 6, 27, 28]
[1, 3, 6, 25]
[2, 4, 5, 14, 20]
[2, 3, 5, 10]
[3, 4, 5, 15, 21]
[3, 4, 6, 13, 18]
[1, 2, 7, 10, 20]
[16, 17, 18, 19, 20, 21, 22, 23, 24, 25, 26, 27, 28]


5
process id 1
stats
5, 15, 7, 100, 1000
20220817-153611
loosing coalitions taken
[2, 4, 6, 9, 22]
[1, 2, 7, 12, 20]
[3, 4, 6, 13, 19]
[1, 3, 8, 12, 15]
[2, 3, 6, 16, 18]
[1, 3, 7, 13, 22]
[2, 3, 5, 19, 28]
[3, 4, 5, 14, 22]
[1, 2, 8, 14, 17]
[1, 5, 6, 9, 25]
[2, 4, 5, 17]
[1, 4, 7, 9, 16]
[1, 3, 6, 26]
[1, 2, 10, 11, 13]
[16, 17, 18, 19, 20, 21, 22, 23, 24, 25, 26, 27, 28]


