Results
15
0.633
0.63

5
process id 2
stats
5, 15, 7, 100, 1000
20220817-153631
loosing coalitions taken
[2, 3, 6, 12, 26]
[1, 2, 7, 16, 19]
[2, 4, 5, 21, 23]
[3, 4, 5, 14]
[1, 5, 6, 9, 16]
[1, 4, 8, 9, 13]
[1, 3, 7, 13, 21]
[1, 3, 8, 11, 16]
[1, 2, 8, 12, 17]
[1, 3, 6, 24]
[2, 4, 6, 15, 20]
[1, 4, 7, 11, 17]
[2, 3, 7, 8, 10]
[1, 2, 9, 11, 14]
[16, 17, 18, 19, 20, 21, 22, 23, 24, 25, 26, 27, 28]


5
process id 2
stats
5, 15, 7, 100, 1000
20220817-153721
loosing coalitions taken
[2, 4, 5, 17, 24]
[3, 4, 5, 20, 23]
[1, 3, 8, 12, 15]
[1, 2, 9, 12, 14]
[1, 2, 8, 10, 21]
[1, 2, 7, 15, 20]
[1, 4, 7, 12, 16]
[2, 4, 6, 14, 20]
[1, 3, 7, 10, 19]
[1, 4, 8, 9, 13]
[1, 5, 6, 14, 22]
[2, 3, 5, 22]
[3, 4, 6, 13, 21]
[1, 4, 6, 17]
[16, 17, 18, 19, 20, 21, 22, 23, 24, 25, 26, 27, 28]


