Results
15
0.635
0.63

5
process id 3
stats
5, 15, 7, 100, 1000
20220817-153839
loosing coalitions taken
[2, 4, 5, 18]
[1, 4, 8, 9, 14]
[1, 2, 9, 10, 12]
[1, 2, 7, 14, 22]
[1, 2, 8, 13, 17]
[1, 3, 7, 10, 23]
[1, 4, 7, 11, 17]
[3, 4, 6, 7, 26]
[2, 3, 5, 22]
[1, 4, 6, 20]
[2, 4, 6, 12, 16]
[1, 3, 8, 15, 16]
[2, 3, 6, 8, 28]
[3, 4, 5, 13]
[16, 17, 18, 19, 20, 21, 22, 23, 24, 25, 26, 27, 28]


6
process id 2
stats
5, 15, 7, 100, 1000
20220817-153852
loosing coalitions taken
[1, 2, 7, 9, 28]
[3, 4, 6, 14, 16]
[1, 5, 6, 13, 23]
[1, 2, 10, 11, 12]
[2, 4, 6, 11, 23]
[3, 4, 5, 17, 22]
[1, 3, 8, 14, 15]
[1, 2, 8, 13, 19]
[1, 4, 8, 9, 12]
[1, 4, 7, 10, 13]
[1, 4, 6, 21]
[2, 3, 6, 17, 20]
[2, 4, 5, 9]
[1, 3, 7, 16, 18]
[16, 17, 18, 19, 20, 21, 22, 23, 24, 25, 26, 27, 28]


5
process id 1
stats
5, 15, 7, 100, 1000
20220817-153904
loosing coalitions taken
[2, 4, 5, 18]
[1, 2, 7, 13, 25]
[1, 3, 8, 11, 17]
[1, 2, 8, 14, 16]
[1, 4, 8, 9, 10]
[2, 3, 6, 12]
[1, 4, 7, 11, 16]
[1, 5, 6, 13, 19]
[1, 3, 6, 22]
[2, 3, 5, 23]
[1, 4, 6, 24]
[2, 4, 6, 10, 20]
[3, 4, 5, 12]
[1, 3, 7, 10, 15]
[16, 17, 18, 19, 20, 21, 22, 23, 24, 25, 26, 27, 28]


5
process id 0
stats
5, 15, 7, 100, 1000
20220817-153932
loosing coalitions taken
[1, 2, 9, 12, 13]
[1, 2, 7, 10, 28]
[3, 4, 6, 9, 22]
[2, 3, 6, 14]
[2, 4, 5, 18, 24]
[1, 3, 7, 12, 20]
[1, 2, 8, 11, 19]
[3, 4, 5, 13]
[1, 3, 9, 10, 11]
[1, 4, 7, 11, 17]
[2, 3, 5, 11]
[1, 4, 8, 9, 15]
[1, 4, 6, 27]
[1, 3, 6, 25]
[16, 17, 18, 19, 20, 21, 22, 23, 24, 25, 26, 27, 28]


6
process id 0
stats
5, 15, 7, 100, 1000
20220817-153937
loosing coalitions taken
[2, 3, 6, 15, 26]
[1, 3, 8, 10, 19]
[1, 2, 7, 15, 20]
[1, 2, 10, 11, 14]
[1, 4, 7, 10, 17]
[2, 3, 5, 24]
[1, 2, 8, 9, 16]
[2, 4, 5, 21, 23]
[3, 4, 5, 14, 27]
[1, 4, 6, 25]
[1, 4, 8, 11, 13]
[1, 5, 6, 12, 14]
[1, 3, 7, 12, 13]
[3, 4, 6, 8]
[16, 17, 18, 19, 20, 21, 22, 23, 24, 25, 26, 27, 28]


