Results
15
0.636
0.63

5
process id 3
stats
5, 15, 7, 100, 1000
20220817-153952
loosing coalitions taken
[1, 2, 9, 11, 14]
[1, 4, 6, 25, 27]
[2, 3, 5, 16]
[1, 2, 7, 12, 22]
[1, 5, 6, 13, 24]
[1, 3, 8, 10, 13]
[2, 4, 6, 10, 23]
[2, 3, 6, 12]
[3, 4, 6, 9, 17]
[3, 4, 5, 14]
[1, 3, 6, 28]
[2, 4, 5, 11, 27]
[1, 4, 7, 8]
[1, 3, 7, 15, 19]
[16, 17, 18, 19, 20, 21, 22, 23, 24, 25, 26, 27, 28]


6
process id 3
stats
5, 15, 7, 100, 1000
20220817-154015
loosing coalitions taken
[1, 3, 7, 14, 19]
[1, 4, 8, 9, 15]
[1, 2, 9, 12, 14]
[3, 4, 6, 13, 19]
[2, 3, 6, 9]
[3, 4, 5, 16, 24]
[1, 5, 6, 10, 20]
[1, 3, 8, 10, 17]
[1, 4, 6, 27]
[2, 4, 5, 12]
[2, 3, 5, 23]
[1, 2, 8, 11, 19]
[2, 4, 6, 8]
[1, 2, 7, 16, 18]
[16, 17, 18, 19, 20, 21, 22, 23, 24, 25, 26, 27, 28]


6
process id 5
stats
5, 15, 7, 100, 1000
20220817-154019
loosing coalitions taken
[1, 5, 6, 10, 24]
[1, 4, 8, 10, 13]
[1, 3, 8, 15, 16]
[2, 3, 7, 8, 9]
[3, 4, 6, 12, 21]
[1, 3, 7, 11, 22]
[3, 5, 6, 7, 14]
[1, 4, 6, 25]
[1, 2, 7, 16, 20]
[2, 3, 5, 23, 28]
[2, 3, 6, 11]
[3, 4, 5, 9, 24]
[2, 4, 5, 18, 26]
[1, 2, 8, 12, 18]
[16, 17, 18, 19, 20, 21, 22, 23, 24, 25, 26, 27, 28]


