Results
15
0.637
0.63

6
process id 5
stats
5, 15, 7, 100, 1000
20220817-154125
loosing coalitions taken
[3, 4, 6, 15, 17]
[1, 5, 6, 11, 25]
[1, 2, 7, 10, 23]
[1, 2, 8, 12, 17]
[2, 4, 6, 16, 19]
[1, 3, 7, 14, 19]
[1, 4, 8, 9, 10]
[1, 3, 8, 11, 16]
[2, 3, 5, 24, 28]
[2, 3, 6, 13]
[3, 4, 5, 19, 22]
[2, 4, 5, 20, 23]
[1, 4, 7, 12, 15]
[1, 4, 6, 18]
[16, 17, 18, 19, 20, 21, 22, 23, 24, 25, 26, 27, 28]


6
process id 0
stats
5, 15, 7, 100, 1000
20220817-154137
loosing coalitions taken
[1, 3, 8, 12, 17]
[1, 2, 9, 11, 13]
[1, 2, 7, 12, 26]
[1, 4, 8, 13, 14]
[3, 4, 6, 9, 17]
[2, 3, 5, 24, 27]
[1, 3, 7, 14, 22]
[2, 3, 7, 8, 9]
[2, 3, 6, 12]
[1, 4, 6, 16, 28]
[2, 4, 5, 21, 22]
[1, 5, 6, 10, 19]
[3, 4, 5, 10]
[1, 2, 8, 10, 15]
[16, 17, 18, 19, 20, 21, 22, 23, 24, 25, 26, 27, 28]


