Results
15
0.638
0.63

6
process id 4
stats
5, 15, 7, 100, 1000
20220817-154207
loosing coalitions taken
[2, 4, 5, 20, 25]
[1, 2, 9, 11, 13]
[3, 4, 6, 14, 16]
[1, 3, 7, 16, 17]
[2, 4, 6, 10, 22]
[1, 2, 7, 12, 20]
[1, 2, 8, 10, 21]
[1, 4, 6, 28]
[1, 3, 9, 10, 12]
[3, 4, 5, 12]
[2, 3, 6, 17, 18]
[2, 3, 5, 21]
[1, 4, 7, 8]
[1, 5, 6, 15, 16]
[16, 17, 18, 19, 20, 21, 22, 23, 24, 25, 26, 27, 28]


5
process id 1
stats
5, 15, 7, 100, 1000
20220817-154225
loosing coalitions taken
[2, 4, 5, 19]
[1, 4, 8, 12, 14]
[3, 4, 6, 12, 18]
[1, 5, 6, 9, 23]
[1, 2, 7, 16, 17]
[1, 2, 9, 11, 13]
[2, 3, 7, 8, 9]
[2, 3, 6, 13, 24]
[1, 4, 7, 10, 11]
[3, 4, 5, 15]
[1, 2, 6, 27]
[2, 3, 5, 20]
[1, 4, 6, 28]
[1, 3, 7, 12, 21]
[16, 17, 18, 19, 20, 21, 22, 23, 24, 25, 26, 27, 28]


5
process id 2
stats
5, 15, 7, 100, 1000
20220817-154235
loosing coalitions taken
[3, 4, 5, 19, 24]
[1, 3, 9, 10, 12]
[1, 3, 8, 13, 15]
[2, 3, 6, 19, 20]
[3, 4, 6, 14, 17]
[2, 4, 5, 20]
[2, 3, 7, 8, 9]
[1, 5, 6, 10, 26]
[1, 2, 8, 12, 21]
[1, 4, 7, 10, 17]
[1, 2, 7, 11, 25]
[2, 3, 5, 17]
[2, 4, 6, 8]
[1, 4, 6, 20]
[16, 17, 18, 19, 20, 21, 22, 23, 24, 25, 26, 27, 28]


