Results
15
0.639
0.63

5
process id 4
stats
5, 15, 7, 100, 1000
20220817-154346
loosing coalitions taken
[2, 3, 6, 11]
[1, 3, 8, 15, 16]
[1, 2, 7, 14, 22]
[1, 4, 7, 9, 17]
[1, 4, 8, 11, 14]
[1, 3, 7, 10, 19]
[2, 4, 5, 20, 23]
[1, 2, 8, 12, 18]
[3, 4, 5, 17, 21]
[1, 2, 6, 24, 28]
[1, 4, 6, 22]
[2, 3, 5, 16]
[2, 4, 6, 8, 27]
[1, 5, 6, 11, 25]
[16, 17, 18, 19, 20, 21, 22, 23, 24, 25, 26, 27, 28]


6
process id 6
stats
5, 15, 7, 100, 1000
20220817-154406
loosing coalitions taken
[1, 3, 8, 15, 16]
[1, 4, 7, 10, 17]
[3, 4, 6, 10, 18]
[1, 5, 6, 15, 17]
[2, 4, 6, 12, 20]
[1, 2, 7, 11, 20]
[1, 2, 8, 13, 19]
[3, 4, 5, 11, 22]
[1, 3, 7, 14, 18]
[1, 4, 6, 22]
[1, 2, 10, 12, 14]
[2, 3, 5, 18, 23]
[2, 4, 5, 16]
[2, 3, 6, 13]
[16, 17, 18, 19, 20, 21, 22, 23, 24, 25, 26, 27, 28]


