Results
Max overall: 16
Min avg pop: 0.645
Min pop: 0.64

6
process id 3
stats
5, 16, 7, 100, 1000
20220820-123304
loosing coalitions taken
[1, 2, 9, 10, 13]
[2, 3, 6, 10]
[3, 4, 5, 17, 24]
[2, 4, 5, 21, 23]
[1, 2, 7, 16, 20]
[1, 2, 8, 12, 17]
[1, 4, 8, 9, 11]
[1, 3, 7, 12, 21]
[1, 4, 6, 26]
[3, 4, 6, 14, 15]
[2, 3, 5, 19]
[1, 5, 6, 12, 24]
[2, 4, 6, 13, 18]
[1, 3, 8, 15, 16]
[1, 4, 7, 10, 15]
[16, 17, 18, 19, 20, 21, 22, 23, 24, 25, 26, 27, 28]


6
process id 4
stats
5, 16, 7, 100, 1000
20220820-123309
loosing coalitions taken
[1, 2, 8, 11, 21]
[2, 3, 6, 17, 21]
[3, 4, 5, 15]
[1, 3, 9, 10, 11]
[1, 4, 7, 10, 16]
[1, 3, 7, 14, 22]
[1, 2, 7, 12, 24]
[2, 4, 6, 11, 23]
[1, 4, 6, 27]
[2, 3, 5, 23]
[2, 4, 5, 18]
[3, 4, 6, 8]
[1, 5, 6, 15, 20]
[1, 3, 8, 15, 16]
[1, 4, 8, 13, 14]
[16, 17, 18, 19, 20, 21, 22, 23, 24, 25, 26, 27, 28]


6
process id 1
stats
5, 16, 7, 100, 1000
20220820-123310
loosing coalitions taken
[1, 3, 8, 11, 17]
[2, 4, 5, 20]
[3, 4, 6, 13, 18]
[1, 2, 9, 11, 12]
[1, 5, 6, 10, 23]
[1, 2, 7, 15, 17]
[2, 3, 6, 14]
[1, 4, 6, 26]
[3, 4, 5, 14]
[1, 3, 7, 12, 19]
[1, 4, 7, 14, 16]
[2, 3, 5, 19]
[1, 4, 8, 9, 15]
[2, 4, 6, 9, 25]
[2, 3, 7, 8, 10]
[16, 17, 18, 19, 20, 21, 22, 23, 24, 25, 26, 27, 28]


6
process id 4
stats
5, 16, 7, 100, 1000
20220820-123320
loosing coalitions taken
[1, 3, 7, 9, 22]
[1, 2, 7, 14, 23]
[1, 2, 8, 15, 17]
[1, 2, 9, 10, 11]
[1, 4, 8, 13, 14]
[2, 3, 6, 12]
[1, 3, 8, 10, 16]
[2, 3, 5, 20]
[3, 4, 5, 11]
[1, 4, 6, 23]
[2, 4, 6, 8]
[1, 5, 6, 12, 18]
[2, 4, 5, 17, 27]
[1, 4, 7, 12, 16]
[3, 4, 6, 10, 21]
[16, 17, 18, 19, 20, 21, 22, 23, 24, 25, 26, 27, 28]


6
process id 1
stats
5, 16, 7, 100, 1000
20220820-123321
loosing coalitions taken
[2, 3, 6, 14]
[1, 3, 8, 10, 19]
[3, 4, 5, 16]
[1, 4, 8, 11, 13]
[1, 3, 7, 13, 20]
[1, 2, 8, 15, 17]
[1, 2, 7, 11, 22]
[1, 5, 6, 9, 26]
[2, 3, 5, 24]
[3, 4, 6, 11, 20]
[1, 4, 6, 25]
[2, 4, 5, 15]
[2, 4, 6, 9, 22]
[1, 4, 7, 10, 14]
[1, 2, 9, 12, 13]
[16, 17, 18, 19, 20, 21, 22, 23, 24, 25, 26, 27, 28]


5
process id 0
stats
5, 16, 7, 100, 1000
20220820-123323
loosing coalitions taken
[2, 4, 5, 20]
[1, 4, 7, 11, 16]
[1, 3, 7, 9, 24]
[1, 5, 6, 12, 23]
[2, 3, 6, 12]
[1, 3, 8, 13, 16]
[1, 4, 6, 25]
[3, 4, 5, 10]
[2, 3, 5, 22]
[1, 2, 9, 12, 14]
[1, 2, 8, 11, 21]
[1, 2, 7, 10, 22]
[3, 4, 6, 13, 19]
[1, 4, 8, 9, 15]
[2, 4, 6, 15, 16]
[16, 17, 18, 19, 20, 21, 22, 23, 24, 25, 26, 27, 28]


6
process id 5
stats
5, 16, 7, 100, 1000
20220820-123334
loosing coalitions taken
[1, 2, 9, 10, 13]
[1, 4, 7, 10, 18]
[1, 2, 7, 12, 25]
[1, 3, 7, 11, 20]
[1, 2, 8, 15, 16]
[1, 3, 8, 12, 19]
[2, 3, 6, 11]
[3, 4, 5, 15]
[1, 5, 6, 15, 19]
[3, 4, 6, 8]
[1, 4, 6, 24]
[2, 4, 5, 17]
[2, 3, 5, 25]
[2, 3, 7, 8, 9]
[2, 4, 6, 9, 19]
[16, 17, 18, 19, 20, 21, 22, 23, 24, 25, 26, 27, 28]


6
process id 6
stats
5, 16, 7, 100, 1000
20220820-123342
loosing coalitions taken
[1, 2, 9, 12, 14]
[1, 4, 8, 10, 13]
[1, 2, 7, 16, 18]
[1, 2, 8, 15, 17]
[2, 3, 6, 10, 27]
[1, 3, 8, 9, 19]
[2, 3, 5, 23]
[1, 3, 7, 14, 21]
[1, 5, 6, 15, 18]
[1, 4, 6, 23]
[2, 4, 5, 20, 28]
[2, 4, 6, 12, 17]
[3, 4, 5, 13, 26]
[3, 4, 6, 9, 21]
[1, 4, 7, 9, 15]
[16, 17, 18, 19, 20, 21, 22, 23, 24, 25, 26, 27, 28]


6
process id 5
stats
5, 16, 7, 100, 1000
20220820-123347
loosing coalitions taken
[1, 4, 8, 12, 14]
[2, 3, 6, 14]
[3, 4, 5, 20, 22]
[1, 3, 8, 10, 16]
[1, 2, 8, 9, 18]
[1, 2, 10, 11, 13]
[2, 4, 5, 16]
[1, 5, 6, 9, 20]
[1, 3, 7, 13, 22]
[2, 3, 5, 25]
[1, 4, 6, 26]
[1, 4, 7, 10, 19]
[2, 4, 6, 8]
[3, 4, 6, 13, 21]
[1, 2, 7, 12, 20]
[16, 17, 18, 19, 20, 21, 22, 23, 24, 25, 26, 27, 28]


6
process id 7
stats
5, 16, 7, 100, 1000
20220820-123350
loosing coalitions taken
[1, 3, 8, 15, 16]
[1, 3, 7, 14, 17]
[2, 4, 5, 18]
[1, 2, 7, 10, 28]
[1, 4, 8, 12, 13]
[2, 3, 6, 9, 28]
[1, 3, 9, 10, 11]
[1, 4, 6, 23]
[2, 4, 6, 11, 24]
[3, 4, 5, 17, 23]
[2, 3, 5, 20]
[1, 2, 8, 11, 21]
[3, 4, 6, 13, 20]
[1, 4, 7, 11, 16]
[1, 5, 6, 10, 19]
[16, 17, 18, 19, 20, 21, 22, 23, 24, 25, 26, 27, 28]


