Results
Max overall: 16
Min avg pop: 0.645
Min pop: 0.641

6
process id 6
stats
5, 16, 7, 100, 1000
20220820-123405
loosing coalitions taken
[1, 3, 7, 11, 22]
[1, 5, 6, 9, 26]
[2, 3, 6, 13]
[2, 4, 5, 19]
[1, 3, 8, 12, 19]
[1, 2, 8, 14, 20]
[1, 4, 6, 24]
[3, 4, 5, 15]
[1, 4, 7, 13, 16]
[3, 4, 6, 14, 17]
[2, 3, 5, 24]
[1, 4, 8, 9, 15]
[1, 2, 10, 12, 13]
[2, 4, 6, 10, 23]
[1, 2, 7, 9, 25]
[16, 17, 18, 19, 20, 21, 22, 23, 24, 25, 26, 27, 28]


6
process id 5
stats
5, 16, 7, 100, 1000
20220820-123408
loosing coalitions taken
[1, 4, 8, 10, 14]
[1, 2, 7, 9]
[2, 3, 6, 12]
[2, 4, 5, 19, 28]
[1, 4, 6, 27]
[3, 4, 5, 16]
[3, 4, 6, 14, 17]
[1, 5, 6, 13, 21]
[1, 4, 7, 12, 15]
[1, 2, 10, 11, 12]
[1, 3, 7, 10, 23]
[2, 4, 6, 13, 18]
[2, 3, 5, 24]
[1, 2, 8, 13, 20]
[1, 3, 8, 9, 15]
[16, 17, 18, 19, 20, 21, 22, 23, 24, 25, 26, 27, 28]


6
process id 3
stats
5, 16, 7, 100, 1000
20220820-123410
loosing coalitions taken
[1, 5, 6, 11, 22]
[1, 2, 9, 11, 14]
[3, 4, 5, 17, 23]
[2, 3, 5, 24, 25]
[2, 3, 6, 13]
[1, 3, 7, 11, 20]
[1, 2, 8, 12, 21]
[1, 4, 7, 8]
[2, 4, 5, 20]
[3, 4, 6, 14, 20]
[1, 4, 6, 23]
[2, 4, 6, 10, 24]
[1, 2, 7, 13, 17]
[1, 3, 9, 10, 12]
[1, 3, 8, 15, 16]
[16, 17, 18, 19, 20, 21, 22, 23, 24, 25, 26, 27, 28]


6
process id 0
stats
5, 16, 7, 100, 1000
20220820-123420
loosing coalitions taken
[1, 2, 8, 12, 20]
[1, 3, 7, 15, 21]
[1, 5, 6, 11, 23]
[1, 2, 7, 9]
[1, 3, 8, 11, 19]
[1, 4, 6, 26]
[2, 3, 6, 12]
[2, 4, 5, 20]
[3, 4, 5, 16]
[2, 4, 6, 10, 22]
[1, 3, 9, 10, 12]
[2, 3, 5, 19]
[3, 4, 6, 15, 17]
[1, 4, 8, 9, 13]
[1, 4, 7, 12, 14]
[16, 17, 18, 19, 20, 21, 22, 23, 24, 25, 26, 27, 28]


6
process id 4
stats
5, 16, 7, 100, 1000
20220820-123425
loosing coalitions taken
[2, 3, 5, 25]
[1, 5, 6, 11, 24]
[1, 3, 9, 10, 12]
[3, 4, 5, 16, 23]
[1, 4, 7, 9, 19]
[3, 4, 6, 8]
[2, 3, 6, 13]
[1, 4, 6, 27]
[2, 4, 5, 18]
[2, 4, 6, 9, 20]
[1, 3, 8, 14, 16]
[1, 3, 7, 13, 17]
[1, 2, 7, 15, 21]
[1, 2, 9, 11, 13]
[2, 3, 7, 8, 10]
[16, 17, 18, 19, 20, 21, 22, 23, 24, 25, 26, 27, 28]


6
process id 6
stats
5, 16, 7, 100, 1000
20220820-123433
loosing coalitions taken
[2, 3, 6, 11]
[1, 3, 7, 15, 21]
[3, 4, 5, 21, 24]
[1, 3, 8, 9, 20]
[1, 4, 7, 9, 18]
[1, 5, 6, 12, 24]
[1, 2, 8, 14, 17]
[1, 2, 7, 13, 23]
[2, 4, 5, 17, 22]
[2, 3, 5, 20]
[1, 4, 6, 25]
[2, 4, 6, 14, 21]
[3, 4, 6, 8]
[1, 4, 8, 12, 13]
[1, 2, 9, 10, 12]
[16, 17, 18, 19, 20, 21, 22, 23, 24, 25, 26, 27, 28]


6
process id 2
stats
5, 16, 7, 100, 1000
20220820-123436
loosing coalitions taken
[2, 3, 6, 11, 26]
[1, 4, 8, 10, 15]
[1, 5, 6, 15, 21]
[1, 2, 9, 12, 14]
[1, 2, 7, 10, 26]
[1, 4, 7, 9, 19]
[2, 4, 5, 17]
[1, 3, 8, 12, 18]
[1, 2, 8, 11, 19]
[3, 4, 5, 15, 24]
[1, 4, 6, 23]
[3, 4, 6, 13, 20]
[2, 3, 5, 18]
[1, 3, 7, 13, 21]
[2, 4, 6, 8]
[16, 17, 18, 19, 20, 21, 22, 23, 24, 25, 26, 27, 28]


6
process id 0
stats
5, 16, 7, 100, 1000
20220820-123440
loosing coalitions taken
[1, 5, 6, 16, 19]
[3, 4, 5, 16]
[1, 3, 8, 12, 19]
[1, 2, 7, 17, 18]
[1, 3, 7, 13, 20]
[2, 3, 7, 8, 10]
[1, 2, 8, 9, 21]
[2, 3, 6, 9]
[1, 2, 10, 12, 14]
[3, 4, 6, 14, 20]
[2, 3, 5, 22]
[2, 4, 5, 19]
[1, 4, 6, 27]
[1, 4, 7, 14, 15]
[2, 4, 6, 8]
[16, 17, 18, 19, 20, 21, 22, 23, 24, 25, 26, 27, 28]


6
process id 4
stats
5, 16, 7, 100, 1000
20220820-123441
loosing coalitions taken
[2, 3, 6, 14]
[1, 2, 9, 10, 13]
[1, 2, 8, 12, 18]
[2, 4, 5, 21, 25]
[1, 3, 8, 11, 17]
[3, 4, 5, 17, 24]
[1, 5, 6, 13, 20]
[1, 3, 7, 9, 23]
[1, 2, 7, 15, 22]
[3, 4, 6, 10, 18]
[1, 4, 6, 23]
[1, 4, 8, 9, 14]
[2, 4, 6, 8]
[2, 3, 5, 23]
[1, 4, 7, 11, 16]
[16, 17, 18, 19, 20, 21, 22, 23, 24, 25, 26, 27, 28]


5
process id 0
stats
5, 16, 7, 100, 1000
20220820-123450
loosing coalitions taken
[2, 3, 6, 9]
[1, 2, 7, 12, 23]
[2, 4, 5, 20]
[1, 2, 10, 11, 14]
[1, 4, 8, 13, 14]
[1, 3, 8, 12, 17]
[1, 3, 7, 14, 20]
[2, 4, 6, 15, 17]
[1, 4, 6, 27]
[2, 3, 5, 22, 23]
[1, 5, 6, 10, 23]
[3, 4, 5, 11]
[3, 4, 6, 13, 19]
[1, 4, 7, 9, 17]
[2, 3, 7, 8, 10]
[16, 17, 18, 19, 20, 21, 22, 23, 24, 25, 26, 27, 28]


6
process id 1
stats
5, 16, 7, 100, 1000
20220820-123455
loosing coalitions taken
[1, 4, 7, 10, 17]
[2, 3, 6, 10]
[1, 3, 7, 9, 24]
[3, 4, 5, 16]
[1, 5, 6, 11, 19]
[1, 2, 8, 13, 20]
[2, 3, 5, 25]
[1, 2, 7, 12, 25]
[3, 4, 6, 13, 21]
[1, 4, 6, 27]
[2, 4, 5, 19]
[1, 4, 8, 9, 11]
[1, 2, 9, 10, 14]
[2, 4, 6, 9, 25]
[1, 3, 8, 10, 15]
[16, 17, 18, 19, 20, 21, 22, 23, 24, 25, 26, 27, 28]


6
process id 2
stats
5, 16, 7, 100, 1000
20220820-123457
loosing coalitions taken
[1, 3, 8, 12, 19]
[2, 4, 6, 16, 19]
[1, 4, 7, 11, 17]
[1, 3, 7, 15, 21]
[1, 2, 8, 14, 20]
[1, 2, 7, 9]
[2, 3, 6, 13]
[1, 5, 6, 14, 22]
[3, 4, 6, 10, 20]
[3, 4, 5, 14]
[2, 3, 5, 18]
[1, 4, 6, 24]
[2, 4, 5, 15]
[1, 2, 10, 12, 13]
[1, 4, 8, 9, 10]
[16, 17, 18, 19, 20, 21, 22, 23, 24, 25, 26, 27, 28]


6
process id 1
stats
5, 16, 7, 100, 1000
20220820-123501
loosing coalitions taken
[1, 2, 7, 14, 23]
[2, 4, 5, 18]
[1, 2, 9, 11, 13]
[2, 3, 6, 14]
[1, 2, 8, 12, 17]
[1, 3, 8, 15, 16]
[1, 3, 9, 10, 12]
[3, 4, 5, 13]
[2, 3, 5, 21]
[1, 4, 7, 10, 18]
[1, 5, 6, 11, 25]
[2, 4, 6, 13, 22]
[1, 4, 6, 27]
[1, 3, 7, 11, 21]
[3, 4, 6, 10, 16]
[16, 17, 18, 19, 20, 21, 22, 23, 24, 25, 26, 27, 28]


6
process id 7
stats
5, 16, 7, 100, 1000
20220820-123506
loosing coalitions taken
[3, 4, 5, 16]
[1, 5, 6, 11, 23]
[1, 2, 7, 11, 27]
[1, 2, 9, 10, 14]
[2, 3, 7, 8, 9]
[1, 2, 8, 15, 17]
[1, 4, 7, 14, 15]
[2, 4, 6, 14, 22]
[1, 3, 8, 12, 19]
[2, 3, 6, 18, 20]
[1, 3, 7, 13, 22]
[1, 4, 8, 10, 11]
[2, 4, 5, 15]
[2, 3, 5, 22]
[1, 4, 6, 26]
[16, 17, 18, 19, 20, 21, 22, 23, 24, 25, 26, 27, 28]


