Results
Max overall: 16
Min avg pop: 0.645
Min pop: 0.642

6
process id 4
stats
5, 16, 7, 100, 1000
20220820-123515
loosing coalitions taken
[1, 2, 8, 11, 21]
[2, 3, 6, 11]
[1, 4, 7, 11, 17]
[1, 3, 8, 9, 17]
[1, 2, 9, 10, 12]
[1, 2, 7, 15, 20]
[2, 4, 5, 20]
[1, 5, 6, 13, 23]
[1, 4, 6, 26]
[3, 4, 5, 13]
[3, 4, 6, 12, 17]
[2, 4, 6, 9, 25]
[2, 3, 5, 21]
[1, 3, 7, 16, 18]
[1, 4, 8, 13, 14]
[16, 17, 18, 19, 20, 21, 22, 23, 24, 25, 26, 27, 28]


6
process id 3
stats
5, 16, 7, 100, 1000
20220820-123522
loosing coalitions taken
[1, 2, 7, 17, 18]
[2, 4, 6, 13, 20]
[1, 5, 6, 15, 20]
[1, 3, 9, 10, 11]
[3, 4, 6, 11, 21]
[1, 4, 7, 9, 16]
[1, 4, 8, 11, 14]
[1, 3, 8, 12, 18]
[1, 3, 7, 14, 20]
[1, 2, 10, 12, 14]
[1, 2, 8, 9, 19]
[2, 3, 5, 21, 27]
[2, 4, 5, 19]
[2, 3, 6, 12]
[1, 4, 6, 25]
[16, 17, 18, 19, 20, 21, 22, 23, 24, 25, 26, 27, 28]


6
process id 0
stats
5, 16, 7, 100, 1000
20220820-123524
loosing coalitions taken
[2, 4, 5, 20]
[1, 2, 7, 10, 28]
[1, 4, 7, 14, 16]
[1, 5, 6, 13, 24]
[1, 3, 9, 10, 11]
[1, 3, 7, 15, 17]
[1, 2, 8, 11, 18]
[1, 2, 9, 12, 14]
[2, 3, 5, 25]
[2, 3, 6, 12]
[3, 4, 6, 10, 19]
[3, 4, 5, 15]
[1, 3, 8, 12, 19]
[1, 4, 6, 26]
[2, 4, 6, 15, 16]
[16, 17, 18, 19, 20, 21, 22, 23, 24, 25, 26, 27, 28]


5
process id 2
stats
5, 16, 7, 100, 1000
20220820-123527
loosing coalitions taken
[1, 3, 9, 10, 11]
[2, 3, 6, 9]
[1, 2, 7, 11, 23]
[1, 4, 6, 27]
[3, 4, 5, 17, 24]
[1, 3, 7, 15, 21]
[1, 3, 8, 14, 16]
[2, 4, 6, 12, 22]
[2, 3, 5, 25]
[1, 4, 7, 8]
[3, 4, 6, 8]
[2, 4, 5, 20]
[1, 2, 8, 9, 18]
[1, 2, 10, 12, 14]
[1, 5, 6, 9, 25]
[16, 17, 18, 19, 20, 21, 22, 23, 24, 25, 26, 27, 28]


6
process id 7
stats
5, 16, 7, 100, 1000
20220820-123528
loosing coalitions taken
[2, 3, 6, 14]
[1, 5, 6, 10, 25]
[1, 4, 8, 11, 14]
[1, 2, 8, 10, 17]
[1, 2, 7, 15, 21]
[2, 4, 5, 19]
[1, 4, 6, 26]
[1, 3, 8, 9, 16]
[3, 4, 5, 13]
[2, 3, 5, 25, 26]
[3, 4, 6, 11, 21]
[1, 4, 7, 12, 16]
[1, 3, 7, 11, 19]
[1, 2, 9, 11, 12]
[2, 4, 6, 15, 20]
[16, 17, 18, 19, 20, 21, 22, 23, 24, 25, 26, 27, 28]


5
process id 5
stats
5, 16, 7, 100, 1000
20220820-123528
loosing coalitions taken
[3, 4, 5, 15]
[1, 3, 8, 9, 20]
[1, 4, 7, 10, 16]
[1, 2, 7, 9, 26]
[1, 5, 6, 14, 22]
[1, 2, 10, 12, 14]
[2, 3, 6, 14]
[1, 4, 8, 12, 13]
[1, 3, 7, 13, 18]
[1, 4, 6, 25]
[2, 3, 5, 22]
[3, 4, 6, 9, 19]
[2, 4, 5, 17]
[1, 2, 8, 11, 21]
[2, 4, 6, 12, 20]
[16, 17, 18, 19, 20, 21, 22, 23, 24, 25, 26, 27, 28]


5
process id 3
stats
5, 16, 7, 100, 1000
20220820-123547
loosing coalitions taken
[1, 3, 8, 15, 16]
[1, 3, 7, 10, 21]
[3, 4, 5, 19, 24]
[2, 4, 5, 16]
[2, 3, 6, 13]
[1, 5, 6, 15, 21]
[1, 2, 8, 12, 20]
[1, 4, 6, 26]
[2, 3, 5, 22]
[2, 4, 6, 12, 23]
[1, 4, 7, 12, 15]
[1, 2, 9, 10, 11]
[1, 4, 8, 11, 13]
[3, 4, 6, 8]
[1, 2, 7, 13, 22]
[16, 17, 18, 19, 20, 21, 22, 23, 24, 25, 26, 27, 28]


5
process id 6
stats
5, 16, 7, 100, 1000
20220820-123549
loosing coalitions taken
[1, 3, 7, 16, 17]
[1, 3, 8, 10, 18]
[1, 2, 9, 10, 13]
[3, 4, 5, 16]
[1, 2, 8, 11, 17]
[1, 2, 7, 12, 23]
[2, 3, 5, 23]
[1, 4, 6, 28]
[1, 5, 6, 12, 24]
[2, 3, 6, 10]
[2, 4, 5, 20]
[1, 4, 7, 14, 15]
[2, 4, 6, 9, 22]
[3, 4, 6, 8]
[1, 4, 8, 12, 13]
[16, 17, 18, 19, 20, 21, 22, 23, 24, 25, 26, 27, 28]


6
process id 7
stats
5, 16, 7, 100, 1000
20220820-123551
loosing coalitions taken
[3, 4, 5, 16]
[1, 4, 8, 11, 13]
[1, 2, 9, 10, 11]
[1, 2, 8, 12, 21]
[1, 5, 6, 10, 22]
[1, 3, 7, 10, 24]
[1, 2, 7, 16, 18]
[2, 3, 6, 14, 24]
[3, 4, 6, 12, 19]
[2, 4, 6, 11, 22]
[2, 3, 5, 25]
[2, 4, 5, 17]
[1, 4, 6, 26, 27]
[1, 3, 8, 9, 15]
[1, 4, 7, 9, 19]
[16, 17, 18, 19, 20, 21, 22, 23, 24, 25, 26, 27, 28]


6
process id 0
stats
5, 16, 7, 100, 1000
20220820-123556
loosing coalitions taken
[1, 4, 7, 9, 16]
[1, 2, 7, 13, 24]
[1, 5, 6, 9, 22]
[1, 2, 9, 10, 11]
[2, 3, 6, 10, 27]
[1, 3, 8, 11, 17]
[1, 2, 8, 14, 16]
[3, 4, 5, 16]
[1, 4, 8, 12, 13]
[2, 4, 6, 13, 19]
[2, 3, 5, 22]
[2, 4, 5, 17]
[3, 4, 6, 15, 17]
[1, 4, 6, 28]
[1, 3, 7, 12, 21]
[16, 17, 18, 19, 20, 21, 22, 23, 24, 25, 26, 27, 28]


6
process id 5
stats
5, 16, 7, 100, 1000
20220820-123602
loosing coalitions taken
[1, 2, 7, 10, 27]
[1, 2, 8, 15, 16]
[3, 4, 6, 12, 21]
[1, 3, 8, 9, 19]
[2, 3, 6, 9]
[3, 4, 5, 15]
[1, 5, 6, 16, 18]
[1, 3, 7, 13, 18]
[2, 4, 5, 18]
[2, 3, 5, 24]
[2, 4, 6, 11, 24]
[1, 4, 8, 10, 11]
[1, 4, 6, 26]
[1, 4, 7, 9, 16]
[1, 2, 9, 12, 13]
[16, 17, 18, 19, 20, 21, 22, 23, 24, 25, 26, 27, 28]


6
process id 2
stats
5, 16, 7, 100, 1000
20220820-123604
loosing coalitions taken
[1, 2, 9, 11, 13]
[1, 3, 7, 13, 22]
[1, 2, 8, 10, 21]
[1, 4, 7, 9, 19]
[2, 3, 6, 12]
[3, 4, 5, 15]
[1, 2, 7, 16, 20]
[2, 4, 5, 22, 24]
[2, 3, 5, 26, 28]
[3, 4, 6, 11, 21]
[1, 4, 8, 13, 14]
[1, 5, 6, 12, 21]
[2, 4, 6, 14, 20]
[1, 3, 9, 10, 12]
[1, 4, 6, 25]
[16, 17, 18, 19, 20, 21, 22, 23, 24, 25, 26, 27, 28]


6
process id 3
stats
5, 16, 7, 100, 1000
20220820-123606
loosing coalitions taken
[1, 2, 7, 13, 23]
[1, 3, 9, 10, 12]
[2, 3, 7, 8, 10]
[1, 4, 7, 10, 18]
[1, 3, 8, 13, 15]
[2, 3, 6, 13]
[3, 4, 5, 15]
[1, 5, 6, 11, 25]
[1, 2, 10, 11, 14]
[1, 2, 8, 9, 19]
[3, 4, 6, 11, 21]
[1, 4, 6, 27]
[2, 4, 5, 19]
[2, 4, 6, 15, 17]
[2, 3, 5, 25, 28]
[16, 17, 18, 19, 20, 21, 22, 23, 24, 25, 26, 27, 28]


6
process id 1
stats
5, 16, 7, 100, 1000
20220820-123608
loosing coalitions taken
[3, 4, 5, 20, 23]
[1, 4, 7, 11, 17]
[2, 4, 5, 17]
[1, 3, 7, 15, 21]
[2, 3, 6, 10]
[1, 3, 8, 12, 19]
[1, 2, 7, 9, 23]
[1, 2, 8, 14, 16]
[2, 4, 6, 14, 22]
[2, 3, 5, 22, 24]
[1, 2, 10, 12, 13]
[3, 4, 6, 8]
[1, 5, 6, 13, 19]
[1, 4, 6, 27]
[1, 3, 9, 10, 11]
[16, 17, 18, 19, 20, 21, 22, 23, 24, 25, 26, 27, 28]


6
process id 2
stats
5, 16, 7, 100, 1000
20220820-123613
loosing coalitions taken
[1, 3, 7, 9, 23]
[2, 3, 6, 14]
[1, 4, 8, 11, 13]
[1, 5, 6, 11, 23]
[1, 2, 10, 11, 12]
[3, 4, 5, 16]
[1, 2, 7, 15, 18]
[2, 4, 5, 17, 28]
[1, 3, 8, 12, 16]
[2, 3, 5, 25]
[3, 5, 6, 7, 12]
[3, 4, 6, 10, 20]
[2, 4, 6, 15, 19]
[1, 2, 8, 9, 19]
[1, 4, 6, 26]
[16, 17, 18, 19, 20, 21, 22, 23, 24, 25, 26, 27, 28]


6
process id 7
stats
5, 16, 7, 100, 1000
20220820-123616
loosing coalitions taken
[1, 3, 8, 10, 19]
[2, 4, 5, 21, 23]
[1, 2, 8, 11, 20]
[1, 4, 8, 12, 13]
[2, 3, 5, 25]
[1, 3, 7, 15, 18]
[1, 2, 7, 14, 23]
[3, 4, 6, 15, 17]
[3, 4, 5, 16, 28]
[2, 4, 6, 14, 19]
[1, 5, 6, 13, 20]
[2, 5, 6, 7, 12]
[2, 3, 6, 11, 27]
[1, 4, 6, 28]
[1, 2, 9, 10, 13]
[16, 17, 18, 19, 20, 21, 22, 23, 24, 25, 26, 27, 28]


