Results
Max overall: 16
Min avg pop: 0.645
Min pop: 0.644

6
process id 0
stats
5, 16, 7, 100, 1000
20220820-123740
loosing coalitions taken
[1, 2, 7, 11, 22]
[2, 4, 5, 17]
[1, 5, 6, 9, 23]
[2, 3, 6, 14]
[1, 4, 7, 13, 16]
[1, 3, 7, 12, 20]
[1, 4, 8, 10, 14]
[3, 4, 5, 16]
[2, 3, 5, 22]
[3, 4, 6, 8]
[2, 4, 6, 13, 19]
[1, 4, 6, 28]
[1, 2, 9, 12, 13]
[1, 3, 8, 11, 19]
[1, 2, 8, 15, 17]
[16, 17, 18, 19, 20, 21, 22, 23, 24, 25, 26, 27, 28]


6
process id 3
stats
5, 16, 7, 100, 1000
20220820-123741
loosing coalitions taken
[2, 4, 6, 15, 17]
[1, 4, 8, 10, 11]
[1, 4, 7, 9, 18]
[1, 2, 9, 10, 13]
[1, 2, 8, 14, 19]
[1, 2, 7, 12, 25]
[3, 4, 5, 15]
[1, 5, 6, 9, 24]
[1, 3, 7, 14, 17]
[2, 3, 6, 10]
[2, 4, 5, 20]
[2, 3, 5, 26, 27]
[3, 4, 6, 8]
[1, 4, 6, 28]
[1, 3, 8, 13, 16]
[16, 17, 18, 19, 20, 21, 22, 23, 24, 25, 26, 27, 28]


6
process id 5
stats
5, 16, 7, 100, 1000
20220820-123742
loosing coalitions taken
[1, 2, 7, 14, 24]
[1, 2, 8, 12, 17]
[2, 3, 6, 9]
[1, 5, 6, 13, 24]
[1, 4, 8, 11, 14]
[1, 3, 7, 15, 20]
[2, 4, 6, 10, 22]
[2, 4, 5, 16]
[3, 4, 6, 14, 16]
[3, 4, 5, 18, 23]
[2, 3, 5, 24, 26]
[1, 4, 7, 10, 19]
[1, 4, 6, 28]
[1, 2, 9, 11, 13]
[1, 3, 8, 9, 18]
[16, 17, 18, 19, 20, 21, 22, 23, 24, 25, 26, 27, 28]


6
process id 6
stats
5, 16, 7, 100, 1000
20220820-123743
loosing coalitions taken
[1, 2, 10, 11, 13]
[1, 3, 9, 10, 12]
[1, 4, 7, 8, 23]
[1, 2, 8, 9, 19]
[2, 3, 6, 12]
[1, 2, 7, 15, 20]
[1, 3, 7, 13, 19]
[1, 3, 8, 15, 16]
[1, 5, 6, 13, 21]
[3, 4, 6, 8]
[2, 4, 6, 10, 21]
[3, 4, 5, 18, 22]
[2, 4, 5, 20]
[2, 3, 5, 25]
[1, 4, 6, 28]
[16, 17, 18, 19, 20, 21, 22, 23, 24, 25, 26, 27, 28]


6
process id 1
stats
5, 16, 7, 100, 1000
20220820-123750
loosing coalitions taken
[1, 2, 7, 9]
[2, 4, 6, 15, 21]
[2, 3, 6, 14]
[2, 4, 5, 18]
[1, 5, 6, 12, 23]
[3, 4, 5, 16, 27]
[1, 2, 8, 13, 17]
[1, 4, 7, 10, 17]
[1, 2, 10, 12, 14]
[1, 3, 7, 11, 20]
[1, 4, 6, 28]
[3, 4, 6, 8]
[2, 3, 7, 8, 10]
[1, 3, 8, 9, 19]
[2, 3, 5, 24]
[16, 17, 18, 19, 20, 21, 22, 23, 24, 25, 26, 27, 28]


6
process id 0
stats
5, 16, 7, 100, 1000
20220820-123752
loosing coalitions taken
[1, 5, 6, 15, 21]
[1, 2, 10, 12, 13]
[3, 4, 6, 12, 18]
[3, 4, 5, 20, 23]
[2, 4, 5, 16]
[2, 3, 6, 10]
[1, 3, 8, 13, 15]
[1, 4, 7, 9, 19]
[1, 3, 7, 16, 17]
[2, 3, 5, 25, 27]
[1, 2, 8, 11, 17]
[1, 4, 6, 28]
[2, 3, 7, 8, 9]
[2, 4, 6, 15, 17]
[1, 4, 8, 10, 14]
[16, 17, 18, 19, 20, 21, 22, 23, 24, 25, 26, 27, 28]


6
process id 2
stats
5, 16, 7, 100, 1000
20220820-123753
loosing coalitions taken
[3, 4, 5, 18, 27]
[2, 4, 6, 16, 19]
[2, 3, 5, 25]
[1, 3, 9, 10, 11]
[1, 3, 7, 13, 22]
[1, 4, 8, 9, 15]
[1, 2, 8, 10, 21]
[1, 2, 7, 12, 26]
[1, 3, 8, 12, 16]
[1, 5, 6, 13, 24]
[2, 3, 6, 12]
[3, 4, 6, 10, 21]
[1, 4, 6, 28]
[2, 4, 5, 21, 23]
[2, 5, 6, 7, 14]
[16, 17, 18, 19, 20, 21, 22, 23, 24, 25, 26, 27, 28]


6
process id 7
stats
5, 16, 7, 100, 1000
20220820-123754
loosing coalitions taken
[3, 4, 6, 11, 21]
[1, 2, 9, 11, 13]
[1, 3, 9, 10, 12]
[1, 2, 7, 16, 19]
[2, 4, 5, 17]
[2, 3, 6, 10]
[1, 3, 8, 15, 16]
[1, 4, 8, 10, 14]
[1, 5, 6, 16, 20]
[1, 2, 8, 12, 18]
[1, 4, 6, 28]
[2, 3, 5, 22, 27]
[3, 4, 5, 15]
[2, 4, 6, 15, 19]
[1, 3, 7, 14, 21]
[16, 17, 18, 19, 20, 21, 22, 23, 24, 25, 26, 27, 28]


6
process id 6
stats
5, 16, 7, 100, 1000
20220820-123756
loosing coalitions taken
[2, 4, 6, 11, 22]
[1, 2, 9, 12, 14]
[1, 3, 7, 15, 19]
[3, 4, 6, 13, 18]
[2, 4, 5, 19]
[1, 5, 6, 15, 21]
[2, 3, 6, 14]
[1, 2, 7, 13, 22]
[2, 3, 5, 22]
[3, 4, 5, 15]
[1, 3, 8, 12, 17]
[1, 4, 7, 9, 16]
[1, 4, 8, 13, 14]
[1, 4, 6, 27]
[2, 3, 7, 8, 10]
[16, 17, 18, 19, 20, 21, 22, 23, 24, 25, 26, 27, 28]


6
process id 7
stats
5, 16, 7, 100, 1000
20220820-123800
loosing coalitions taken
[1, 2, 8, 15, 16]
[1, 4, 8, 10, 13]
[1, 5, 6, 14, 21]
[1, 4, 7, 11, 17]
[2, 3, 6, 9]
[1, 2, 7, 14, 24]
[2, 4, 5, 17]
[1, 3, 8, 12, 17]
[3, 4, 6, 12, 21]
[2, 3, 5, 25]
[3, 4, 5, 19, 26]
[1, 2, 9, 12, 13]
[1, 4, 6, 27]
[2, 4, 6, 11, 24]
[1, 3, 9, 10, 11]
[16, 17, 18, 19, 20, 21, 22, 23, 24, 25, 26, 27, 28]


6
process id 3
stats
5, 16, 7, 100, 1000
20220820-123801
loosing coalitions taken
[1, 5, 6, 13, 23]
[2, 3, 6, 13]
[2, 4, 5, 17]
[1, 2, 7, 9, 26]
[1, 3, 7, 16, 19]
[1, 2, 8, 12, 21]
[1, 2, 10, 11, 14]
[3, 4, 6, 14, 19]
[1, 4, 8, 9, 15]
[1, 4, 6, 28]
[2, 3, 5, 24]
[3, 4, 5, 15]
[1, 4, 7, 11, 17]
[1, 3, 9, 10, 12]
[2, 4, 6, 9, 25]
[16, 17, 18, 19, 20, 21, 22, 23, 24, 25, 26, 27, 28]


6
process id 2
stats
5, 16, 7, 100, 1000
20220820-123801
loosing coalitions taken
[2, 4, 5, 19]
[1, 2, 7, 9, 26]
[2, 3, 6, 14]
[1, 3, 8, 13, 16]
[1, 5, 6, 9, 25]
[1, 4, 8, 10, 14]
[1, 3, 7, 15, 21]
[2, 3, 5, 22]
[2, 4, 6, 13, 22]
[1, 4, 6, 28]
[3, 4, 5, 15]
[3, 4, 6, 10, 19]
[2, 3, 7, 8, 10]
[1, 3, 9, 10, 12]
[1, 2, 8, 11, 20]
[16, 17, 18, 19, 20, 21, 22, 23, 24, 25, 26, 27, 28]


6
process id 7
stats
5, 16, 7, 100, 1000
20220820-123804
loosing coalitions taken
[2, 4, 5, 21, 26]
[1, 2, 7, 16, 19]
[1, 3, 7, 15, 20]
[1, 4, 7, 9, 17]
[1, 2, 9, 11, 12]
[1, 3, 8, 12, 17]
[1, 2, 8, 13, 20]
[1, 5, 6, 15, 19]
[3, 4, 5, 16]
[1, 4, 6, 27]
[2, 3, 6, 11]
[2, 3, 5, 22]
[3, 4, 6, 12, 21]
[1, 4, 8, 10, 15]
[2, 4, 6, 14, 20]
[16, 17, 18, 19, 20, 21, 22, 23, 24, 25, 26, 27, 28]


6
process id 2
stats
5, 16, 7, 100, 1000
20220820-123807
loosing coalitions taken
[1, 5, 6, 14, 21]
[2, 3, 6, 9, 28]
[1, 4, 8, 10, 12]
[2, 4, 6, 14, 19]
[1, 2, 7, 17, 18]
[1, 3, 7, 9, 22]
[2, 3, 5, 23]
[1, 4, 7, 13, 16]
[1, 3, 8, 11, 17]
[1, 2, 9, 11, 13]
[2, 4, 5, 16]
[3, 4, 5, 20, 21]
[1, 4, 6, 27]
[3, 4, 6, 12, 17]
[1, 2, 8, 14, 20]
[16, 17, 18, 19, 20, 21, 22, 23, 24, 25, 26, 27, 28]


5
process id 0
stats
5, 16, 7, 100, 1000
20220820-123811
loosing coalitions taken
[1, 2, 7, 17, 18]
[1, 3, 7, 11, 23]
[1, 3, 9, 10, 12]
[3, 4, 5, 20, 21]
[2, 4, 5, 18]
[1, 2, 8, 9, 20]
[1, 5, 6, 16, 19]
[1, 4, 7, 8, 28]
[1, 3, 8, 13, 16]
[2, 4, 6, 11, 21]
[1, 2, 10, 11, 14]
[2, 3, 6, 14]
[2, 3, 5, 25]
[1, 4, 6, 27]
[3, 4, 6, 10, 19]
[16, 17, 18, 19, 20, 21, 22, 23, 24, 25, 26, 27, 28]


6
process id 5
stats
5, 16, 7, 100, 1000
20220820-123812
loosing coalitions taken
[1, 4, 8, 11, 13]
[2, 4, 5, 18]
[1, 2, 8, 10, 20]
[2, 3, 7, 8, 9]
[1, 2, 9, 11, 12]
[3, 5, 6, 7, 13]
[1, 3, 7, 10, 24]
[1, 3, 8, 12, 16]
[1, 2, 7, 17, 19]
[2, 3, 6, 14, 23]
[1, 5, 6, 10, 23]
[2, 4, 6, 13, 19]
[1, 4, 6, 27]
[2, 3, 5, 22, 28]
[3, 4, 5, 17, 24]
[16, 17, 18, 19, 20, 21, 22, 23, 24, 25, 26, 27, 28]


6
process id 0
stats
5, 16, 7, 100, 1000
20220820-123818
loosing coalitions taken
[1, 4, 7, 9, 18]
[1, 2, 7, 12, 25]
[1, 3, 7, 10, 22]
[2, 4, 5, 19]
[1, 2, 8, 13, 20]
[1, 3, 8, 9, 17]
[1, 5, 6, 10, 24]
[1, 4, 8, 10, 11]
[2, 3, 5, 22]
[3, 4, 6, 15, 16]
[2, 3, 6, 12]
[3, 4, 5, 17, 26]
[1, 4, 6, 28]
[2, 4, 6, 9, 22]
[1, 2, 9, 11, 14]
[16, 17, 18, 19, 20, 21, 22, 23, 24, 25, 26, 27, 28]


6
process id 2
stats
5, 16, 7, 100, 1000
20220820-123820
loosing coalitions taken
[1, 4, 7, 8]
[2, 4, 5, 20]
[1, 2, 10, 11, 13]
[1, 2, 8, 9, 20]
[1, 3, 7, 16, 19]
[2, 3, 6, 19, 20]
[1, 5, 6, 14, 22]
[2, 3, 5, 25, 27]
[3, 4, 6, 15, 16]
[2, 4, 6, 14, 18]
[1, 3, 8, 11, 18]
[3, 4, 5, 19, 23]
[1, 3, 9, 10, 12]
[1, 2, 7, 12, 26]
[1, 4, 6, 27]
[16, 17, 18, 19, 20, 21, 22, 23, 24, 25, 26, 27, 28]


6
process id 4
stats
5, 16, 7, 100, 1000
20220820-123829
loosing coalitions taken
[2, 4, 5, 20]
[1, 3, 7, 15, 19]
[1, 2, 7, 12, 26]
[1, 3, 8, 12, 17]
[1, 2, 8, 14, 18]
[1, 4, 7, 11, 16]
[1, 4, 8, 9, 15]
[1, 5, 6, 10, 25]
[1, 2, 9, 10, 11]
[3, 4, 6, 12, 19]
[2, 3, 6, 11]
[2, 4, 6, 13, 21]
[3, 4, 5, 15]
[1, 4, 6, 28]
[2, 3, 5, 24]
[16, 17, 18, 19, 20, 21, 22, 23, 24, 25, 26, 27, 28]


6
process id 7
stats
5, 16, 7, 100, 1000
20220820-123831
loosing coalitions taken
[1, 3, 8, 9, 20]
[1, 3, 7, 13, 22]
[1, 4, 7, 9, 17]
[1, 2, 7, 15, 20]
[1, 5, 6, 11, 22]
[2, 4, 6, 14, 22]
[3, 4, 6, 10, 21]
[1, 2, 8, 11, 18]
[1, 4, 8, 12, 14]
[1, 2, 9, 12, 13]
[2, 3, 6, 19, 20]
[2, 3, 5, 24, 27]
[2, 4, 5, 21, 26]
[3, 4, 5, 19, 25]
[1, 4, 6, 27]
[16, 17, 18, 19, 20, 21, 22, 23, 24, 25, 26, 27, 28]


6
process id 0
stats
5, 16, 7, 100, 1000
20220820-123832
loosing coalitions taken
[2, 4, 6, 9, 25]
[1, 5, 6, 13, 24]
[1, 3, 8, 15, 16]
[1, 2, 7, 13, 25]
[2, 4, 5, 18, 28]
[2, 3, 6, 12, 27]
[1, 4, 7, 14, 15]
[3, 4, 6, 11, 21]
[1, 3, 7, 9, 21]
[3, 4, 5, 17, 24]
[1, 4, 8, 10, 12]
[2, 3, 5, 22]
[1, 4, 6, 28]
[1, 2, 8, 11, 19]
[1, 2, 9, 12, 14]
[16, 17, 18, 19, 20, 21, 22, 23, 24, 25, 26, 27, 28]


6
process id 2
stats
5, 16, 7, 100, 1000
20220820-123835
loosing coalitions taken
[1, 5, 6, 16, 19]
[1, 3, 7, 9, 23]
[1, 3, 8, 12, 17]
[1, 2, 7, 15, 22]
[2, 4, 5, 19]
[1, 2, 10, 12, 13]
[1, 4, 7, 13, 16]
[2, 3, 6, 12]
[2, 3, 5, 25, 27]
[2, 4, 6, 15, 17]
[3, 4, 5, 15]
[1, 4, 6, 27]
[3, 4, 6, 13, 18]
[1, 4, 8, 9, 11]
[1, 2, 8, 14, 19]
[16, 17, 18, 19, 20, 21, 22, 23, 24, 25, 26, 27, 28]


6
process id 1
stats
5, 16, 7, 100, 1000
20220820-123837
loosing coalitions taken
[2, 4, 5, 17]
[2, 3, 6, 10, 27]
[1, 2, 10, 12, 14]
[1, 3, 8, 10, 17]
[1, 3, 7, 14, 20]
[2, 3, 7, 8, 9]
[1, 2, 7, 15, 22]
[1, 4, 8, 9, 15]
[3, 4, 6, 12, 21]
[1, 5, 6, 13, 23]
[1, 2, 8, 13, 20]
[2, 3, 5, 22]
[3, 4, 5, 16]
[1, 4, 6, 28]
[2, 4, 6, 11, 22]
[16, 17, 18, 19, 20, 21, 22, 23, 24, 25, 26, 27, 28]


6
process id 3
stats
5, 16, 7, 100, 1000
20220820-123837
loosing coalitions taken
[1, 4, 8, 13, 14]
[2, 3, 6, 10]
[1, 2, 7, 11, 22]
[2, 4, 5, 19]
[1, 5, 6, 13, 23]
[1, 3, 8, 11, 19]
[1, 3, 7, 16, 17]
[1, 4, 6, 27]
[3, 4, 5, 17, 27]
[2, 4, 6, 12, 21]
[2, 3, 5, 24]
[3, 4, 6, 8]
[2, 5, 6, 7, 15]
[1, 2, 8, 9, 20]
[1, 2, 10, 12, 14]
[16, 17, 18, 19, 20, 21, 22, 23, 24, 25, 26, 27, 28]


7
process id 7
stats
5, 16, 7, 100, 1000
20220820-123837
loosing coalitions taken
[3, 4, 5, 18, 26]
[1, 3, 8, 10, 19]
[1, 4, 8, 11, 14]
[1, 2, 7, 9]
[2, 4, 6, 15, 19]
[2, 3, 5, 24]
[1, 3, 7, 14, 22]
[1, 4, 7, 10, 18]
[3, 4, 6, 9, 21]
[2, 4, 5, 20]
[1, 2, 10, 12, 13]
[1, 5, 6, 16, 19]
[1, 4, 6, 27]
[1, 2, 8, 15, 16]
[2, 3, 6, 11]
[16, 17, 18, 19, 20, 21, 22, 23, 24, 25, 26, 27, 28]


6
process id 4
stats
5, 16, 7, 100, 1000
20220820-123840
loosing coalitions taken
[1, 2, 7, 9]
[1, 3, 8, 11, 19]
[1, 5, 6, 12, 22]
[2, 4, 5, 18, 28]
[1, 3, 7, 16, 17]
[3, 4, 6, 8]
[2, 3, 5, 22]
[1, 4, 7, 8]
[2, 4, 6, 14, 17]
[3, 4, 5, 21, 23]
[1, 2, 8, 12, 17]
[1, 4, 6, 28]
[2, 3, 6, 11, 27]
[1, 2, 10, 11, 14]
[1, 3, 9, 10, 12]
[16, 17, 18, 19, 20, 21, 22, 23, 24, 25, 26, 27, 28]


