Results
Max overall: 16
Min avg pop: 0.645
Min pop: 0.645

5
process id 3
stats
5, 16, 7, 100, 1000
20220820-123902
loosing coalitions taken
[1, 5, 6, 11, 24]
[1, 2, 7, 12, 26]
[1, 4, 7, 14, 16]
[2, 3, 7, 8, 10]
[3, 4, 6, 14, 20]
[1, 2, 8, 11, 21]
[2, 3, 6, 11]
[1, 3, 7, 9, 24]
[2, 3, 5, 23]
[3, 4, 5, 16]
[1, 4, 8, 9, 15]
[1, 2, 9, 10, 14]
[2, 4, 5, 18]
[1, 3, 8, 12, 19]
[2, 4, 6, 12, 23]
[16, 17, 18, 19, 20, 21, 22, 23, 24, 25, 26, 27, 28]


6
process id 0
stats
5, 16, 7, 100, 1000
20220820-123905
loosing coalitions taken
[1, 2, 9, 10, 13]
[1, 3, 8, 13, 16]
[2, 3, 6, 14]
[1, 4, 8, 11, 14]
[1, 2, 7, 11, 27]
[1, 3, 7, 12, 22]
[1, 5, 6, 9, 24]
[3, 4, 5, 18, 27]
[2, 4, 6, 12, 22]
[2, 3, 5, 24, 28]
[2, 4, 5, 19]
[3, 4, 6, 9, 20]
[2, 3, 7, 8, 10]
[1, 4, 7, 13, 15]
[1, 2, 8, 12, 18]
[16, 17, 18, 19, 20, 21, 22, 23, 24, 25, 26, 27, 28]


6
process id 6
stats
5, 16, 7, 100, 1000
20220820-123913
loosing coalitions taken
[1, 4, 7, 10, 19]
[1, 2, 8, 9, 22]
[1, 3, 8, 12, 19]
[2, 4, 5, 18]
[1, 5, 6, 11, 23]
[1, 2, 7, 12, 26]
[1, 4, 8, 13, 14]
[2, 3, 5, 22]
[2, 3, 6, 9]
[3, 4, 5, 15]
[1, 3, 7, 14, 21]
[2, 4, 6, 15, 19]
[1, 2, 10, 11, 14]
[2, 3, 7, 8, 10]
[3, 4, 6, 12, 17]
[16, 17, 18, 19, 20, 21, 22, 23, 24, 25, 26, 27, 28]


6
process id 5
stats
5, 16, 7, 100, 1000
20220820-123917
loosing coalitions taken
[1, 4, 7, 9, 18]
[1, 3, 7, 15, 21]
[1, 2, 7, 17, 19]
[2, 4, 5, 20]
[1, 2, 10, 11, 12]
[2, 3, 7, 8, 10]
[1, 5, 6, 10, 23]
[1, 4, 8, 12, 14]
[1, 2, 8, 13, 18]
[3, 4, 6, 13, 17]
[3, 4, 5, 16, 27]
[2, 4, 6, 15, 19]
[2, 3, 5, 25]
[2, 3, 6, 12]
[1, 3, 8, 9, 17]
[16, 17, 18, 19, 20, 21, 22, 23, 24, 25, 26, 27, 28]


6
process id 0
stats
5, 16, 7, 100, 1000
20220820-123924
loosing coalitions taken
[2, 3, 5, 25]
[1, 3, 8, 12, 18]
[1, 3, 9, 10, 11]
[1, 4, 8, 10, 15]
[1, 5, 6, 16, 18]
[1, 2, 10, 12, 14]
[2, 4, 6, 11, 24]
[1, 3, 7, 14, 22]
[1, 2, 7, 13, 24]
[3, 4, 5, 15]
[3, 4, 6, 13, 20]
[2, 4, 5, 18]
[2, 3, 6, 9]
[1, 4, 7, 12, 16]
[1, 2, 8, 11, 19]
[16, 17, 18, 19, 20, 21, 22, 23, 24, 25, 26, 27, 28]


6
process id 1
stats
5, 16, 7, 100, 1000
20220820-123930
loosing coalitions taken
[2, 4, 6, 16, 18]
[2, 3, 7, 8, 10]
[1, 5, 6, 16, 17]
[2, 3, 6, 13]
[2, 4, 5, 21, 26]
[1, 2, 7, 16, 21]
[1, 4, 7, 10, 19]
[1, 3, 7, 15, 20]
[1, 2, 10, 11, 14]
[1, 3, 8, 11, 18]
[3, 4, 5, 19, 24]
[3, 4, 6, 14, 17]
[2, 3, 5, 27, 28]
[1, 2, 8, 12, 17]
[1, 3, 9, 10, 12]
[16, 17, 18, 19, 20, 21, 22, 23, 24, 25, 26, 27, 28]


6
process id 6
stats
5, 16, 7, 100, 1000
20220820-123932
loosing coalitions taken
[1, 4, 7, 10, 18]
[1, 3, 8, 11, 18]
[1, 2, 7, 15, 22]
[1, 4, 8, 13, 14]
[1, 2, 8, 10, 21]
[2, 3, 6, 14]
[3, 4, 5, 16]
[2, 4, 5, 17, 25]
[2, 3, 5, 23]
[3, 4, 6, 11, 21]
[1, 3, 7, 16, 17]
[1, 5, 6, 10, 26]
[2, 3, 7, 8, 9]
[2, 4, 6, 9, 24]
[1, 2, 9, 11, 13]
[16, 17, 18, 19, 20, 21, 22, 23, 24, 25, 26, 27, 28]


6
process id 3
stats
5, 16, 7, 100, 1000
20220820-123934
loosing coalitions taken
[1, 2, 9, 11, 14]
[1, 4, 7, 10, 19]
[1, 3, 8, 9, 20]
[2, 3, 6, 14]
[2, 4, 5, 20]
[1, 2, 7, 13, 25]
[3, 4, 5, 16]
[1, 5, 6, 16, 17]
[2, 3, 5, 25, 27]
[2, 4, 6, 11, 22]
[2, 3, 7, 8, 10]
[1, 4, 8, 12, 13]
[3, 4, 6, 10, 20]
[1, 2, 8, 15, 17]
[1, 3, 7, 11, 22]
[16, 17, 18, 19, 20, 21, 22, 23, 24, 25, 26, 27, 28]


6
process id 7
stats
5, 16, 7, 100, 1000
20220820-123939
loosing coalitions taken
[1, 4, 8, 12, 14]
[2, 3, 6, 13]
[1, 2, 9, 11, 14]
[1, 4, 7, 11, 17]
[1, 3, 8, 11, 19]
[1, 3, 7, 10, 24]
[1, 2, 7, 12, 25]
[3, 4, 5, 18, 25]
[2, 3, 5, 24]
[1, 5, 6, 15, 18]
[2, 4, 5, 20]
[3, 4, 6, 9, 22]
[2, 4, 6, 11, 21]
[1, 2, 8, 10, 21]
[2, 3, 7, 8, 9]
[16, 17, 18, 19, 20, 21, 22, 23, 24, 25, 26, 27, 28]


6
process id 4
stats
5, 16, 7, 100, 1000
20220820-123940
loosing coalitions taken
[1, 2, 10, 11, 14]
[2, 3, 7, 8, 9]
[1, 5, 6, 11, 25]
[1, 2, 7, 16, 21]
[1, 4, 7, 9, 17]
[1, 3, 7, 10, 23]
[2, 4, 5, 18]
[2, 3, 5, 25]
[2, 3, 6, 13]
[1, 3, 8, 14, 15]
[2, 4, 6, 15, 17]
[3, 4, 6, 12, 19]
[1, 2, 8, 12, 19]
[3, 4, 5, 15]
[1, 4, 8, 11, 13]
[16, 17, 18, 19, 20, 21, 22, 23, 24, 25, 26, 27, 28]


6
process id 0
stats
5, 16, 7, 100, 1000
20220820-123947
loosing coalitions taken
[1, 4, 8, 12, 14]
[1, 3, 8, 11, 17]
[1, 3, 7, 15, 20]
[1, 5, 6, 11, 25]
[1, 3, 9, 10, 12]
[1, 2, 9, 11, 14]
[1, 2, 7, 17, 19]
[2, 4, 5, 20, 23]
[1, 4, 7, 13, 16]
[2, 3, 6, 10]
[3, 4, 5, 17, 24]
[2, 4, 6, 16, 19]
[2, 3, 5, 25, 27]
[3, 4, 6, 14, 18]
[1, 2, 8, 15, 16]
[16, 17, 18, 19, 20, 21, 22, 23, 24, 25, 26, 27, 28]


