Results
Max overall: 16
Min avg pop: 0.645
Min pop: 0.646

5
process id 1
stats
5, 16, 7, 100, 1000
20220820-124004
loosing coalitions taken
[1, 2, 7, 11, 26]
[2, 4, 5, 20]
[1, 4, 7, 9, 18]
[1, 3, 7, 13, 22]
[1, 5, 6, 13, 24]
[1, 2, 8, 12, 21]
[2, 4, 6, 10, 23]
[2, 3, 6, 14]
[2, 3, 5, 22]
[3, 4, 6, 13, 20]
[3, 4, 5, 16]
[1, 4, 8, 10, 13]
[1, 3, 8, 9, 20]
[2, 3, 7, 8, 10]
[1, 2, 9, 10, 14]
[16, 17, 18, 19, 20, 21, 22, 23, 24, 25, 26, 27, 28]


6
process id 3
stats
5, 16, 7, 100, 1000
20220820-124008
loosing coalitions taken
[2, 4, 5, 20]
[1, 3, 9, 10, 12]
[1, 3, 7, 16, 19]
[1, 4, 8, 9, 15]
[1, 5, 6, 13, 23]
[1, 2, 8, 12, 21]
[1, 3, 8, 11, 18]
[1, 2, 7, 9]
[2, 4, 6, 15, 21]
[2, 3, 6, 13]
[3, 4, 5, 18, 25]
[2, 3, 5, 24]
[3, 4, 6, 11, 19]
[1, 2, 10, 11, 13]
[1, 4, 7, 10, 18]
[16, 17, 18, 19, 20, 21, 22, 23, 24, 25, 26, 27, 28]


6
process id 6
stats
5, 16, 7, 100, 1000
20220820-124009
loosing coalitions taken
[1, 2, 7, 9]
[1, 5, 6, 11, 24]
[2, 4, 5, 20]
[2, 3, 6, 16, 24]
[1, 4, 8, 12, 13]
[3, 4, 6, 14, 19]
[2, 3, 5, 22]
[3, 4, 5, 18, 23]
[1, 3, 7, 15, 17]
[2, 4, 6, 12, 22]
[1, 4, 7, 14, 16]
[1, 2, 10, 11, 13]
[1, 3, 8, 9, 20]
[2, 3, 7, 8, 10]
[1, 2, 8, 14, 17]
[16, 17, 18, 19, 20, 21, 22, 23, 24, 25, 26, 27, 28]


6
process id 0
stats
5, 16, 7, 100, 1000
20220820-124011
loosing coalitions taken
[2, 4, 6, 9, 25]
[1, 4, 7, 9, 19]
[1, 2, 7, 13, 24]
[1, 3, 7, 16, 17]
[2, 3, 6, 13]
[1, 2, 8, 11, 20]
[1, 5, 6, 15, 21]
[2, 3, 7, 8, 10]
[3, 4, 6, 14, 20]
[2, 4, 5, 20]
[3, 4, 5, 21, 23]
[1, 3, 9, 10, 11]
[1, 4, 8, 10, 15]
[2, 3, 5, 27, 28]
[1, 2, 9, 12, 14]
[16, 17, 18, 19, 20, 21, 22, 23, 24, 25, 26, 27, 28]


6
process id 6
stats
5, 16, 7, 100, 1000
20220820-124022
loosing coalitions taken
[1, 2, 9, 11, 14]
[1, 2, 7, 13, 25]
[1, 5, 6, 13, 23]
[1, 4, 7, 10, 19]
[2, 4, 5, 20]
[1, 2, 8, 12, 21]
[1, 4, 8, 13, 14]
[1, 3, 7, 9, 24]
[2, 3, 5, 23]
[3, 4, 5, 16]
[3, 4, 6, 9, 22]
[1, 3, 8, 11, 18]
[2, 3, 6, 12]
[2, 4, 6, 11, 23]
[2, 3, 7, 8, 10]
[16, 17, 18, 19, 20, 21, 22, 23, 24, 25, 26, 27, 28]


6
process id 6
stats
5, 16, 7, 100, 1000
20220820-124029
loosing coalitions taken
[1, 4, 8, 13, 14]
[1, 3, 8, 12, 19]
[1, 2, 7, 9]
[2, 4, 5, 20]
[1, 4, 7, 12, 16]
[2, 4, 6, 11, 24]
[2, 3, 6, 14, 28]
[3, 4, 5, 21, 24]
[3, 4, 6, 13, 19]
[1, 3, 7, 14, 20]
[2, 3, 5, 25]
[1, 5, 6, 16, 17]
[1, 2, 8, 11, 21]
[1, 3, 9, 10, 11]
[1, 2, 10, 12, 13]
[16, 17, 18, 19, 20, 21, 22, 23, 24, 25, 26, 27, 28]


6
process id 7
stats
5, 16, 7, 100, 1000
20220820-124030
loosing coalitions taken
[1, 2, 7, 15, 22]
[1, 4, 7, 10, 18]
[2, 3, 6, 13]
[1, 2, 9, 11, 14]
[1, 5, 6, 9, 26]
[1, 3, 8, 15, 16]
[1, 4, 8, 13, 14]
[3, 4, 5, 16]
[2, 4, 6, 15, 17]
[2, 4, 5, 20]
[2, 3, 5, 22]
[1, 2, 8, 12, 21]
[1, 3, 7, 14, 20]
[2, 3, 7, 8, 9]
[3, 4, 6, 11, 19]
[16, 17, 18, 19, 20, 21, 22, 23, 24, 25, 26, 27, 28]


6
process id 3
stats
5, 16, 7, 100, 1000
20220820-124037
loosing coalitions taken
[2, 4, 5, 20]
[1, 2, 9, 12, 14]
[1, 5, 6, 11, 25]
[2, 3, 7, 8, 9]
[3, 4, 6, 15, 17]
[1, 4, 8, 9, 15]
[1, 3, 8, 12, 18]
[1, 2, 7, 15, 22]
[1, 4, 7, 10, 18]
[2, 3, 6, 14]
[2, 3, 5, 24]
[3, 4, 5, 19, 25]
[2, 4, 6, 11, 22]
[1, 2, 8, 11, 20]
[1, 3, 7, 14, 20]
[16, 17, 18, 19, 20, 21, 22, 23, 24, 25, 26, 27, 28]


6
process id 4
stats
5, 16, 7, 100, 1000
20220820-124038
loosing coalitions taken
[1, 3, 8, 12, 17]
[1, 2, 10, 12, 13]
[3, 4, 5, 18, 26]
[1, 3, 9, 10, 11]
[1, 3, 7, 16, 19]
[1, 2, 7, 15, 22]
[2, 4, 5, 21, 28]
[3, 4, 6, 15, 17]
[1, 5, 6, 14, 22]
[1, 4, 7, 11, 17]
[2, 3, 6, 16, 22]
[2, 3, 5, 25]
[1, 2, 8, 9, 21]
[1, 4, 8, 13, 14]
[2, 4, 6, 14, 20]
[16, 17, 18, 19, 20, 21, 22, 23, 24, 25, 26, 27, 28]


6
process id 2
stats
5, 16, 7, 100, 1000
20220820-124041
loosing coalitions taken
[1, 4, 8, 10, 15]
[2, 3, 6, 14]
[1, 3, 7, 13, 22]
[1, 3, 8, 12, 19]
[1, 2, 8, 9, 22]
[1, 5, 6, 12, 23]
[2, 4, 5, 20]
[1, 2, 10, 12, 13]
[3, 4, 6, 13, 18]
[3, 4, 5, 17, 24]
[2, 4, 6, 15, 21]
[2, 3, 5, 25, 27]
[1, 4, 7, 11, 17]
[2, 5, 6, 7, 16]
[1, 3, 9, 10, 11]
[16, 17, 18, 19, 20, 21, 22, 23, 24, 25, 26, 27, 28]


6
process id 0
stats
5, 16, 7, 100, 1000
20220820-124051
loosing coalitions taken
[1, 2, 7, 15, 22]
[1, 4, 8, 9, 15]
[3, 4, 6, 14, 20]
[1, 2, 9, 12, 14]
[2, 4, 5, 17]
[1, 5, 6, 10, 23]
[1, 4, 7, 10, 18]
[2, 3, 6, 18, 21]
[2, 3, 7, 8, 9]
[1, 2, 10, 11, 13]
[1, 3, 7, 16, 19]
[2, 3, 5, 24]
[3, 4, 5, 19, 25]
[2, 4, 6, 9, 24]
[1, 3, 8, 11, 18]
[16, 17, 18, 19, 20, 21, 22, 23, 24, 25, 26, 27, 28]


6
process id 6
stats
5, 16, 7, 100, 1000
20220820-124052
loosing coalitions taken
[1, 2, 9, 12, 14]
[2, 5, 6, 8, 11]
[3, 4, 6, 12, 21]
[2, 3, 6, 14]
[1, 3, 7, 12, 22]
[1, 5, 6, 10, 26]
[2, 4, 5, 20]
[1, 2, 10, 11, 13]
[1, 2, 7, 17, 18]
[2, 3, 5, 25]
[3, 4, 5, 18, 27]
[2, 4, 6, 10, 23]
[1, 3, 8, 9, 18]
[1, 4, 7, 10, 19]
[1, 4, 8, 12, 13]
[16, 17, 18, 19, 20, 21, 22, 23, 24, 25, 26, 27, 28]


6
process id 7
stats
5, 16, 7, 100, 1000
20220820-124054
loosing coalitions taken
[3, 4, 6, 15, 17]
[1, 3, 7, 13, 22]
[3, 4, 5, 18, 27]
[1, 3, 9, 10, 12]
[1, 2, 7, 11, 27]
[1, 3, 8, 11, 18]
[1, 4, 7, 14, 16]
[1, 5, 6, 12, 23]
[2, 3, 5, 23]
[1, 2, 8, 12, 20]
[2, 4, 6, 9, 23]
[2, 4, 5, 19]
[2, 3, 6, 13]
[1, 4, 8, 10, 13]
[2, 3, 7, 8, 10]
[16, 17, 18, 19, 20, 21, 22, 23, 24, 25, 26, 27, 28]


