Results
Max overall: 16
Min avg pop: 0.645
Min pop: 0.647

6
process id 4
stats
5, 16, 7, 100, 1000
20220820-124114
loosing coalitions taken
[1, 5, 6, 11, 25]
[1, 4, 8, 13, 14]
[1, 2, 8, 15, 17]
[3, 4, 6, 15, 17]
[1, 4, 7, 9, 19]
[1, 3, 8, 11, 19]
[1, 2, 7, 13, 25]
[2, 3, 6, 16, 24]
[1, 2, 10, 12, 14]
[2, 3, 7, 8, 10]
[2, 4, 5, 18]
[2, 3, 5, 25]
[3, 4, 5, 16]
[1, 3, 7, 15, 20]
[2, 4, 6, 9, 23]
[16, 17, 18, 19, 20, 21, 22, 23, 24, 25, 26, 27, 28]


6
process id 6
stats
5, 16, 7, 100, 1000
20220820-124114
loosing coalitions taken
[1, 2, 7, 10, 27]
[1, 3, 9, 10, 12]
[1, 2, 9, 11, 14]
[1, 5, 6, 10, 25]
[1, 4, 8, 9, 15]
[2, 3, 6, 16, 23]
[3, 4, 6, 15, 17]
[1, 3, 7, 15, 20]
[1, 3, 8, 11, 19]
[2, 4, 6, 11, 24]
[2, 3, 5, 24]
[3, 4, 5, 16]
[2, 4, 5, 19]
[1, 4, 7, 14, 16]
[1, 2, 8, 13, 18]
[16, 17, 18, 19, 20, 21, 22, 23, 24, 25, 26, 27, 28]


6
process id 2
stats
5, 16, 7, 100, 1000
20220820-124123
loosing coalitions taken
[1, 4, 8, 13, 14]
[1, 5, 6, 10, 26]
[1, 2, 9, 12, 14]
[1, 3, 7, 13, 22]
[1, 2, 7, 16, 21]
[1, 4, 7, 9, 18]
[1, 3, 9, 10, 11]
[1, 3, 8, 12, 19]
[3, 4, 5, 17, 27]
[2, 4, 6, 14, 22]
[2, 4, 5, 21, 25]
[2, 3, 6, 15, 27]
[1, 2, 8, 10, 20]
[3, 4, 6, 13, 18]
[2, 3, 5, 24, 28]
[16, 17, 18, 19, 20, 21, 22, 23, 24, 25, 26, 27, 28]


6
process id 7
stats
5, 16, 7, 100, 1000
20220820-124153
loosing coalitions taken
[1, 2, 7, 11, 27]
[3, 4, 5, 17, 27]
[1, 3, 9, 10, 11]
[1, 3, 7, 16, 17]
[1, 2, 10, 12, 14]
[1, 4, 7, 10, 19]
[2, 4, 6, 12, 23]
[1, 2, 8, 9, 22]
[1, 4, 8, 13, 14]
[3, 4, 6, 14, 19]
[1, 3, 8, 12, 18]
[2, 4, 5, 20]
[2, 3, 6, 16, 24]
[1, 5, 6, 16, 18]
[2, 3, 7, 8, 10]
[16, 17, 18, 19, 20, 21, 22, 23, 24, 25, 26, 27, 28]


6
process id 6
stats
5, 16, 7, 100, 1000
20220820-124204
loosing coalitions taken
[2, 4, 6, 9, 24]
[1, 3, 9, 10, 11]
[1, 4, 8, 11, 14]
[1, 2, 9, 12, 14]
[1, 2, 7, 11, 27]
[1, 3, 8, 15, 16]
[1, 3, 7, 14, 22]
[2, 3, 6, 13]
[1, 5, 6, 16, 20]
[2, 4, 5, 22, 23]
[2, 3, 7, 8, 10]
[3, 4, 5, 16]
[2, 3, 5, 25, 28]
[1, 2, 8, 13, 17]
[3, 5, 6, 7, 15]
[16, 17, 18, 19, 20, 21, 22, 23, 24, 25, 26, 27, 28]


