Results
Max overall: 16
Min avg pop: 0.645
Min pop: 0.648

6
process id 1
stats
5, 16, 7, 100, 1000
20220820-124218
loosing coalitions taken
[1, 4, 8, 13, 14]
[2, 3, 7, 8, 10]
[1, 2, 8, 15, 17]
[1, 3, 8, 12, 18]
[1, 3, 9, 10, 11]
[1, 5, 6, 10, 25]
[1, 2, 10, 12, 13]
[1, 3, 7, 15, 21]
[2, 3, 6, 14]
[3, 4, 5, 20, 23]
[1, 2, 7, 9]
[2, 4, 5, 18]
[2, 3, 5, 26, 27]
[2, 4, 6, 11, 24]
[3, 4, 6, 9, 22]
[16, 17, 18, 19, 20, 21, 22, 23, 24, 25, 26, 27, 28]


6
process id 4
stats
5, 16, 7, 100, 1000
20220820-124218
loosing coalitions taken
[1, 2, 7, 11, 26]
[2, 3, 7, 8, 10]
[2, 3, 6, 15, 27]
[1, 2, 10, 12, 14]
[1, 3, 9, 10, 11]
[2, 4, 6, 16, 19]
[1, 5, 6, 13, 24]
[1, 3, 7, 14, 22]
[3, 4, 6, 9, 22]
[3, 4, 5, 20, 24]
[2, 4, 5, 22, 23]
[2, 3, 5, 25]
[1, 4, 7, 9, 17]
[1, 2, 8, 13, 20]
[1, 3, 8, 12, 19]
[16, 17, 18, 19, 20, 21, 22, 23, 24, 25, 26, 27, 28]


6
process id 0
stats
5, 16, 7, 100, 1000
20220820-124223
loosing coalitions taken
[1, 5, 6, 12, 23]
[1, 2, 10, 12, 13]
[2, 4, 5, 20, 27]
[1, 2, 7, 11, 26]
[1, 4, 8, 10, 15]
[1, 2, 8, 9, 22]
[1, 3, 8, 11, 17]
[1, 3, 7, 16, 18]
[2, 3, 6, 13]
[2, 4, 6, 9, 25]
[2, 3, 5, 25, 28]
[2, 3, 7, 8, 10]
[3, 4, 6, 14, 20]
[3, 4, 5, 19, 26]
[3, 5, 6, 7, 15]
[16, 17, 18, 19, 20, 21, 22, 23, 24, 25, 26, 27, 28]


7
process id 3
stats
5, 16, 7, 100, 1000
20220820-124223
loosing coalitions taken
[2, 4, 6, 16, 19]
[1, 2, 8, 11, 21]
[2, 3, 5, 26, 28]
[1, 3, 7, 13, 22]
[1, 3, 8, 15, 16]
[1, 4, 7, 9, 18]
[1, 2, 10, 12, 13]
[1, 5, 6, 12, 24]
[1, 4, 8, 13, 14]
[1, 3, 9, 10, 11]
[3, 4, 5, 18, 25]
[3, 4, 6, 13, 21]
[2, 4, 5, 20]
[2, 3, 6, 14]
[1, 2, 7, 17, 19]
[16, 17, 18, 19, 20, 21, 22, 23, 24, 25, 26, 27, 28]


6
process id 5
stats
5, 16, 7, 100, 1000
20220820-124223
loosing coalitions taken
[1, 4, 7, 10, 19]
[1, 3, 7, 13, 22]
[1, 2, 7, 17, 18]
[2, 3, 6, 15, 26]
[2, 3, 5, 25]
[1, 5, 6, 13, 23]
[1, 3, 9, 10, 11]
[1, 3, 8, 12, 18]
[1, 2, 8, 13, 20]
[3, 4, 6, 9, 22]
[2, 4, 6, 11, 24]
[3, 4, 5, 21, 23]
[2, 4, 5, 18]
[2, 3, 7, 8, 10]
[1, 4, 8, 9, 15]
[16, 17, 18, 19, 20, 21, 22, 23, 24, 25, 26, 27, 28]


6
process id 7
stats
5, 16, 7, 100, 1000
20220820-124225
loosing coalitions taken
[1, 4, 7, 11, 17]
[1, 2, 8, 9, 22]
[1, 2, 10, 11, 13]
[2, 4, 5, 20]
[2, 3, 6, 15, 26]
[1, 3, 8, 11, 19]
[1, 3, 9, 10, 12]
[1, 2, 7, 12, 26]
[1, 5, 6, 13, 24]
[3, 4, 6, 9, 22]
[2, 3, 5, 25, 28]
[3, 4, 5, 17, 26]
[2, 4, 6, 11, 23]
[1, 3, 7, 16, 18]
[1, 4, 8, 13, 14]
[16, 17, 18, 19, 20, 21, 22, 23, 24, 25, 26, 27, 28]


6
process id 2
stats
5, 16, 7, 100, 1000
20220820-124230
loosing coalitions taken
[1, 4, 8, 13, 14]
[1, 3, 7, 16, 19]
[1, 3, 8, 11, 18]
[1, 4, 7, 10, 18]
[1, 2, 8, 15, 17]
[1, 3, 9, 10, 12]
[2, 4, 5, 20]
[1, 5, 6, 9, 25]
[3, 4, 6, 12, 21]
[1, 2, 7, 13, 23]
[2, 3, 6, 13]
[2, 3, 5, 26, 27]
[2, 3, 7, 8, 9]
[1, 2, 9, 11, 14]
[2, 4, 6, 10, 24]
[16, 17, 18, 19, 20, 21, 22, 23, 24, 25, 26, 27, 28]


6
process id 4
stats
5, 16, 7, 100, 1000
20220820-124242
loosing coalitions taken
[1, 3, 9, 10, 11]
[1, 2, 10, 12, 14]
[2, 3, 6, 15, 27]
[1, 3, 8, 12, 18]
[1, 5, 6, 11, 25]
[1, 2, 8, 9, 22]
[3, 4, 5, 21, 23]
[2, 4, 6, 12, 23]
[1, 4, 8, 13, 14]
[3, 4, 6, 9, 22]
[2, 4, 5, 20]
[1, 3, 7, 15, 20]
[1, 4, 7, 11, 17]
[2, 3, 7, 8, 10]
[1, 2, 7, 13, 24]
[16, 17, 18, 19, 20, 21, 22, 23, 24, 25, 26, 27, 28]


6
process id 3
stats
5, 16, 7, 100, 1000
20220820-124242
loosing coalitions taken
[3, 4, 6, 15, 17]
[1, 3, 8, 12, 18]
[3, 4, 5, 19, 26]
[2, 4, 5, 20]
[1, 2, 7, 17, 19]
[2, 3, 6, 16, 24]
[1, 5, 6, 13, 23]
[1, 4, 7, 10, 18]
[1, 3, 7, 13, 22]
[1, 4, 8, 13, 14]
[2, 3, 7, 8, 9]
[1, 2, 9, 10, 14]
[2, 4, 6, 9, 25]
[1, 2, 8, 11, 21]
[2, 3, 5, 25]
[16, 17, 18, 19, 20, 21, 22, 23, 24, 25, 26, 27, 28]


6
process id 6
stats
5, 16, 7, 100, 1000
20220820-124250
loosing coalitions taken
[2, 3, 5, 25]
[1, 5, 6, 9, 26]
[3, 4, 6, 15, 17]
[1, 3, 8, 12, 19]
[1, 4, 7, 11, 17]
[1, 2, 8, 9, 22]
[2, 4, 6, 12, 23]
[1, 2, 10, 11, 14]
[1, 3, 7, 14, 22]
[3, 4, 5, 19, 26]
[2, 3, 6, 19, 21]
[2, 4, 5, 18]
[1, 4, 8, 10, 15]
[1, 2, 7, 16, 21]
[2, 3, 7, 8, 10]
[16, 17, 18, 19, 20, 21, 22, 23, 24, 25, 26, 27, 28]


7
process id 0
stats
5, 16, 7, 100, 1000
20220820-124252
loosing coalitions taken
[2, 3, 5, 26, 28]
[3, 5, 6, 7, 15]
[1, 3, 7, 14, 22]
[2, 4, 5, 20]
[2, 3, 7, 8, 10]
[1, 4, 8, 13, 14]
[1, 2, 9, 12, 13]
[1, 3, 8, 12, 19]
[1, 2, 7, 11, 27]
[2, 3, 6, 14]
[1, 3, 9, 10, 11]
[1, 2, 8, 15, 17]
[2, 4, 6, 15, 21]
[1, 5, 6, 16, 18]
[3, 4, 5, 21, 24]
[16, 17, 18, 19, 20, 21, 22, 23, 24, 25, 26, 27, 28]


6
process id 2
stats
5, 16, 7, 100, 1000
20220820-124256
loosing coalitions taken
[1, 3, 9, 10, 12]
[1, 2, 8, 15, 17]
[2, 4, 6, 11, 23]
[1, 3, 7, 16, 18]
[1, 4, 7, 11, 17]
[1, 5, 6, 10, 26]
[1, 2, 10, 11, 13]
[1, 4, 8, 13, 14]
[2, 4, 5, 20]
[1, 2, 7, 9]
[1, 3, 8, 11, 19]
[3, 4, 5, 17, 28]
[2, 3, 5, 25]
[2, 3, 6, 14]
[3, 4, 6, 9, 22]
[16, 17, 18, 19, 20, 21, 22, 23, 24, 25, 26, 27, 28]


6
process id 1
stats
5, 16, 7, 100, 1000
20220820-124257
loosing coalitions taken
[1, 2, 8, 9, 22]
[1, 2, 7, 11, 26]
[3, 4, 6, 9, 22]
[1, 5, 6, 13, 24]
[1, 4, 7, 10, 19]
[2, 4, 6, 11, 24]
[2, 4, 5, 20]
[1, 3, 8, 11, 17]
[1, 4, 8, 12, 14]
[1, 2, 10, 12, 13]
[2, 3, 7, 8, 10]
[2, 3, 5, 26, 27]
[2, 3, 6, 13]
[3, 4, 5, 19, 25]
[1, 3, 7, 12, 22]
[16, 17, 18, 19, 20, 21, 22, 23, 24, 25, 26, 27, 28]


6
process id 5
stats
5, 16, 7, 100, 1000
20220820-124302
loosing coalitions taken
[2, 4, 5, 20]
[1, 3, 7, 10, 24]
[1, 4, 8, 10, 15]
[1, 3, 8, 11, 18]
[1, 2, 7, 16, 21]
[1, 2, 10, 11, 14]
[1, 4, 7, 9, 18]
[2, 3, 5, 25]
[1, 5, 6, 13, 24]
[2, 4, 6, 12, 23]
[2, 3, 6, 13]
[3, 4, 6, 11, 21]
[2, 3, 7, 8, 9]
[3, 4, 5, 18, 27]
[1, 2, 8, 12, 20]
[16, 17, 18, 19, 20, 21, 22, 23, 24, 25, 26, 27, 28]


6
process id 0
stats
5, 16, 7, 100, 1000
20220820-124305
loosing coalitions taken
[2, 3, 7, 8, 10]
[1, 4, 8, 13, 14]
[1, 2, 7, 17, 19]
[1, 2, 9, 12, 14]
[1, 3, 7, 11, 23]
[1, 3, 8, 12, 18]
[2, 3, 5, 25]
[2, 4, 6, 11, 24]
[3, 4, 6, 9, 22]
[2, 4, 5, 18]
[1, 5, 6, 10, 25]
[2, 3, 6, 13]
[1, 4, 7, 10, 18]
[3, 4, 5, 17, 27]
[1, 2, 8, 11, 21]
[16, 17, 18, 19, 20, 21, 22, 23, 24, 25, 26, 27, 28]


6
process id 3
stats
5, 16, 7, 100, 1000
20220820-124306
loosing coalitions taken
[2, 4, 6, 16, 18]
[1, 5, 6, 13, 23]
[1, 3, 7, 16, 18]
[1, 2, 9, 12, 14]
[3, 4, 6, 13, 21]
[1, 3, 9, 10, 11]
[1, 2, 7, 13, 25]
[3, 4, 5, 17, 28]
[1, 4, 7, 10, 19]
[2, 3, 7, 8, 9]
[2, 4, 5, 20]
[2, 3, 6, 14]
[1, 4, 8, 11, 14]
[1, 2, 8, 15, 17]
[1, 3, 8, 12, 19]
[16, 17, 18, 19, 20, 21, 22, 23, 24, 25, 26, 27, 28]


6
process id 7
stats
5, 16, 7, 100, 1000
20220820-124307
loosing coalitions taken
[1, 2, 9, 12, 14]
[2, 4, 6, 11, 23]
[1, 3, 8, 12, 19]
[1, 5, 6, 12, 23]
[1, 3, 9, 10, 11]
[2, 3, 7, 8, 9]
[3, 4, 6, 15, 17]
[1, 3, 7, 15, 21]
[1, 4, 8, 13, 14]
[1, 4, 7, 10, 18]
[3, 4, 5, 19, 26]
[1, 2, 7, 13, 25]
[2, 4, 5, 20]
[2, 3, 6, 13]
[1, 2, 8, 11, 21]
[16, 17, 18, 19, 20, 21, 22, 23, 24, 25, 26, 27, 28]


6
process id 5
stats
5, 16, 7, 100, 1000
20220820-124311
loosing coalitions taken
[1, 4, 8, 10, 15]
[1, 3, 7, 16, 18]
[1, 5, 6, 9, 26]
[1, 4, 7, 11, 17]
[3, 4, 6, 14, 20]
[2, 4, 6, 16, 18]
[1, 3, 9, 10, 12]
[1, 3, 8, 11, 19]
[2, 3, 6, 15, 27]
[1, 2, 7, 9]
[2, 4, 5, 19]
[1, 2, 10, 11, 14]
[2, 3, 5, 25]
[1, 2, 8, 12, 20]
[3, 4, 5, 21, 23]
[16, 17, 18, 19, 20, 21, 22, 23, 24, 25, 26, 27, 28]


6
process id 2
stats
5, 16, 7, 100, 1000
20220820-124312
loosing coalitions taken
[1, 3, 8, 15, 16]
[2, 4, 5, 20]
[1, 3, 9, 10, 12]
[2, 3, 6, 14]
[1, 2, 9, 11, 13]
[2, 4, 6, 12, 22]
[1, 2, 8, 12, 20]
[1, 4, 7, 11, 17]
[3, 4, 5, 21, 23]
[2, 3, 5, 25]
[1, 5, 6, 11, 25]
[3, 4, 6, 15, 17]
[1, 2, 7, 14, 24]
[1, 4, 8, 13, 14]
[2, 3, 7, 8, 9]
[16, 17, 18, 19, 20, 21, 22, 23, 24, 25, 26, 27, 28]


6
process id 1
stats
5, 16, 7, 100, 1000
20220820-124314
loosing coalitions taken
[1, 3, 7, 16, 17]
[1, 4, 8, 13, 14]
[1, 2, 10, 12, 13]
[3, 4, 6, 13, 20]
[1, 3, 8, 9, 20]
[1, 2, 7, 11, 26]
[1, 5, 6, 9, 26]
[1, 2, 8, 15, 17]
[2, 3, 6, 16, 24]
[2, 3, 7, 8, 10]
[2, 4, 6, 11, 22]
[2, 4, 5, 21, 27]
[3, 4, 5, 19, 26]
[2, 3, 5, 25]
[1, 4, 7, 10, 18]
[16, 17, 18, 19, 20, 21, 22, 23, 24, 25, 26, 27, 28]


6
process id 6
stats
5, 16, 7, 100, 1000
20220820-124318
loosing coalitions taken
[3, 4, 5, 17, 26]
[2, 4, 6, 16, 18]
[1, 4, 8, 13, 14]
[3, 4, 6, 13, 21]
[1, 3, 8, 12, 19]
[1, 2, 7, 17, 18]
[1, 4, 7, 10, 19]
[1, 3, 7, 14, 22]
[1, 2, 8, 11, 21]
[2, 4, 5, 20]
[1, 3, 9, 10, 11]
[1, 5, 6, 9, 25]
[2, 3, 7, 8, 9]
[2, 3, 6, 14]
[1, 2, 10, 12, 13]
[16, 17, 18, 19, 20, 21, 22, 23, 24, 25, 26, 27, 28]


6
process id 0
stats
5, 16, 7, 100, 1000
20220820-124322
loosing coalitions taken
[2, 4, 5, 20]
[1, 2, 9, 12, 13]
[1, 4, 8, 9, 15]
[1, 3, 8, 12, 19]
[1, 5, 6, 12, 24]
[1, 3, 7, 9, 24]
[1, 2, 7, 11, 26]
[2, 3, 5, 25]
[2, 3, 6, 15, 27]
[3, 4, 6, 13, 20]
[1, 4, 7, 10, 18]
[3, 4, 5, 18, 26]
[2, 3, 7, 8, 10]
[2, 4, 6, 16, 18]
[1, 2, 8, 14, 18]
[16, 17, 18, 19, 20, 21, 22, 23, 24, 25, 26, 27, 28]


