Results
15
0.64
0.6375

5
process id 2
stats
5, 15, 7, 100, 1000
20220817-230704
loosing coalitions taken
[1, 2, 9, 11, 12]
[3, 4, 5, 17, 25]
[2, 4, 5, 18]
[2, 3, 6, 12]
[1, 4, 6, 27]
[1, 2, 7, 14, 19]
[1, 3, 7, 10, 23]
[1, 4, 8, 10, 11]
[2, 4, 6, 9, 16]
[1, 5, 6, 10, 22]
[3, 4, 6, 8, 26]
[2, 3, 5, 22]
[1, 3, 8, 9, 15]
[1, 2, 8, 13, 17]
[16, 17, 18, 19, 20, 21, 22, 23, 24, 25, 26, 27, 28]


5
process id 3
stats
5, 15, 7, 100, 1000
20220817-230705
loosing coalitions taken
[1, 3, 7, 15, 18]
[1, 2, 9, 11, 13]
[2, 3, 6, 9, 27]
[1, 2, 8, 10, 20]
[1, 2, 7, 14, 23]
[2, 4, 6, 13, 17]
[1, 4, 6, 23]
[3, 4, 5, 13]
[1, 5, 6, 9, 21]
[2, 4, 5, 20]
[2, 3, 5, 24]
[3, 4, 6, 7]
[1, 4, 7, 11, 12]
[1, 3, 8, 11, 16]
[16, 17, 18, 19, 20, 21, 22, 23, 24, 25, 26, 27, 28]


6
process id 7
stats
5, 15, 7, 100, 1000
20220817-230708
loosing coalitions taken
[1, 5, 6, 16, 20]
[2, 3, 6, 14]
[2, 4, 5, 19, 27]
[1, 4, 6, 27]
[1, 3, 8, 10, 15]
[2, 3, 5, 21]
[3, 4, 5, 12]
[3, 4, 6, 8, 22]
[2, 4, 6, 10, 24]
[1, 4, 7, 14, 16]
[2, 5, 6, 7, 11]
[1, 2, 7, 9]
[1, 4, 8, 9, 11]
[1, 2, 8, 13, 20]
[16, 17, 18, 19, 20, 21, 22, 23, 24, 25, 26, 27, 28]


