Results
15
0.64
0.64

6
process id 2
stats
5, 15, 7, 100, 1000
20220817-230713
loosing coalitions taken
[2, 4, 5, 17]
[2, 3, 6, 12, 27]
[3, 4, 6, 13, 19]
[1, 4, 8, 9, 15]
[1, 2, 10, 11, 14]
[1, 2, 7, 13, 24]
[2, 3, 7, 8, 9]
[1, 3, 8, 12, 19]
[2, 3, 5, 22]
[2, 4, 6, 9, 23]
[3, 4, 5, 18, 26]
[1, 4, 6, 25]
[1, 5, 6, 11, 17]
[1, 3, 7, 11, 21]
[16, 17, 18, 19, 20, 21, 22, 23, 24, 25, 26, 27, 28]


5
process id 5
stats
5, 15, 7, 100, 1000
20220817-230714
loosing coalitions taken
[2, 3, 6, 15, 22]
[2, 3, 5, 25]
[1, 4, 7, 10, 18]
[1, 2, 7, 11, 22]
[1, 3, 7, 15, 17]
[1, 2, 10, 12, 13]
[1, 2, 8, 14, 17]
[1, 5, 6, 8]
[2, 4, 5, 19, 22]
[1, 4, 6, 27, 28]
[3, 4, 5, 13]
[1, 3, 8, 10, 19]
[2, 4, 6, 9, 23]
[3, 4, 6, 10, 20]
[16, 17, 18, 19, 20, 21, 22, 23, 24, 25, 26, 27, 28]


6
process id 6
stats
5, 15, 7, 100, 1000
20220817-230715
loosing coalitions taken
[1, 3, 8, 15, 16]
[3, 4, 5, 18, 24]
[1, 2, 10, 11, 14]
[1, 2, 7, 15, 21]
[1, 5, 6, 11, 23]
[2, 4, 6, 10, 22]
[3, 4, 6, 12, 21]
[1, 2, 8, 12, 19]
[1, 4, 7, 8]
[2, 4, 5, 20, 27]
[2, 3, 5, 22, 23]
[2, 3, 6, 11]
[1, 4, 6, 28]
[1, 3, 7, 13, 19]
[16, 17, 18, 19, 20, 21, 22, 23, 24, 25, 26, 27, 28]


