Results
15
0.64
0.6425

5
process id 3
stats
5, 15, 7, 100, 1000
20220817-230720
loosing coalitions taken
[1, 2, 7, 9]
[1, 3, 8, 14, 15]
[2, 3, 6, 11]
[3, 4, 5, 15]
[2, 4, 5, 17, 28]
[2, 3, 5, 24, 25]
[1, 4, 6, 28]
[1, 4, 7, 8]
[1, 3, 7, 11, 18]
[3, 4, 6, 13, 18]
[2, 4, 6, 12, 20]
[1, 5, 6, 13, 19]
[1, 2, 10, 11, 12]
[2, 5, 6, 8, 9]
[16, 17, 18, 19, 20, 21, 22, 23, 24, 25, 26, 27, 28]


6
process id 6
stats
5, 15, 7, 100, 1000
20220817-230722
loosing coalitions taken
[1, 2, 9, 12, 13]
[1, 5, 6, 9, 25]
[2, 3, 6, 14]
[2, 4, 5, 16]
[1, 3, 7, 11, 21]
[1, 4, 6, 28]
[2, 3, 5, 22, 25]
[2, 4, 6, 13, 18]
[3, 4, 6, 8]
[1, 4, 7, 8, 22]
[3, 4, 5, 19, 26]
[1, 3, 8, 14, 15]
[1, 2, 8, 10, 20]
[1, 2, 7, 16, 19]
[16, 17, 18, 19, 20, 21, 22, 23, 24, 25, 26, 27, 28]


6
process id 4
stats
5, 15, 7, 100, 1000
20220817-230722
loosing coalitions taken
[2, 3, 6, 13]
[1, 2, 9, 10, 14]
[2, 4, 5, 19]
[1, 4, 7, 8]
[1, 5, 6, 9, 25]
[1, 4, 6, 28]
[1, 2, 7, 15, 21]
[1, 2, 8, 13, 17]
[3, 4, 5, 16]
[1, 3, 8, 11, 19]
[2, 4, 6, 15, 17]
[1, 3, 7, 16, 17]
[2, 3, 5, 24]
[3, 4, 6, 8, 26]
[16, 17, 18, 19, 20, 21, 22, 23, 24, 25, 26, 27, 28]


6
process id 7
stats
5, 15, 7, 100, 1000
20220817-230722
loosing coalitions taken
[1, 2, 8, 15, 17]
[2, 3, 6, 16, 23]
[1, 3, 7, 14, 20]
[1, 2, 7, 10, 26]
[2, 4, 6, 15, 21]
[1, 4, 7, 9, 18]
[1, 2, 9, 12, 14]
[3, 4, 6, 13, 18]
[1, 5, 6, 10, 24]
[3, 4, 5, 17, 22]
[2, 4, 5, 18]
[1, 4, 8, 12, 13]
[1, 4, 6, 28]
[1, 3, 8, 11, 16]
[16, 17, 18, 19, 20, 21, 22, 23, 24, 25, 26, 27, 28]


