Results
15
0.64
0.645

5
process id 7
stats
5, 15, 7, 100, 1000
20220817-230728
loosing coalitions taken
[1, 3, 8, 9, 18]
[2, 3, 6, 19, 21]
[1, 4, 8, 10, 14]
[2, 4, 6, 15, 17]
[1, 4, 7, 9, 17]
[1, 2, 8, 12, 17]
[1, 2, 9, 11, 14]
[1, 3, 7, 13, 21]
[1, 2, 7, 10, 28]
[1, 5, 6, 16, 18]
[2, 4, 5, 21, 28]
[3, 4, 5, 16, 27]
[2, 3, 5, 22]
[3, 4, 6, 12, 20]
[16, 17, 18, 19, 20, 21, 22, 23, 24, 25, 26, 27, 28]


6
process id 4
stats
5, 15, 7, 100, 1000
20220817-230728
loosing coalitions taken
[1, 5, 6, 10, 26]
[1, 2, 7, 16, 20]
[3, 4, 6, 12, 21]
[1, 2, 9, 11, 14]
[1, 3, 7, 9, 23]
[2, 4, 5, 19]
[1, 4, 7, 11, 17]
[1, 3, 8, 14, 16]
[1, 2, 8, 15, 17]
[2, 3, 6, 9]
[2, 3, 5, 24]
[3, 4, 5, 16, 28]
[2, 4, 6, 10, 23]
[1, 4, 8, 10, 12]
[16, 17, 18, 19, 20, 21, 22, 23, 24, 25, 26, 27, 28]


6
process id 5
stats
5, 15, 7, 100, 1000
20220817-230729
loosing coalitions taken
[1, 2, 7, 14, 23]
[1, 5, 6, 16, 20]
[3, 4, 6, 14, 20]
[1, 3, 8, 10, 17]
[1, 4, 7, 9, 19]
[1, 2, 8, 11, 21]
[1, 2, 10, 12, 13]
[2, 4, 6, 13, 22]
[1, 3, 7, 11, 22]
[2, 3, 5, 22, 28]
[3, 4, 5, 17, 27]
[2, 4, 5, 18]
[2, 3, 6, 11]
[1, 4, 8, 12, 14]
[16, 17, 18, 19, 20, 21, 22, 23, 24, 25, 26, 27, 28]


