Results
15
0.64
0.6475

6
process id 0
stats
5, 15, 7, 100, 1000
20220817-230734
loosing coalitions taken
[3, 4, 5, 18, 26]
[1, 5, 6, 16, 20]
[2, 3, 6, 15, 27]
[1, 2, 10, 12, 13]
[3, 4, 6, 14, 20]
[1, 2, 8, 9, 22]
[1, 3, 7, 15, 21]
[2, 4, 6, 12, 23]
[1, 3, 8, 12, 18]
[1, 2, 7, 17, 19]
[2, 3, 5, 24]
[1, 4, 7, 13, 16]
[1, 3, 9, 10, 11]
[1, 4, 8, 11, 14]
[16, 17, 18, 19, 20, 21, 22, 23, 24, 25, 26, 27, 28]


6
process id 4
stats
5, 15, 7, 100, 1000
20220817-230736
loosing coalitions taken
[1, 5, 6, 13, 23]
[1, 4, 8, 10, 15]
[1, 3, 9, 10, 12]
[1, 2, 10, 11, 14]
[1, 2, 7, 12, 26]
[2, 4, 6, 16, 19]
[3, 4, 6, 15, 17]
[2, 4, 5, 20]
[1, 3, 7, 15, 20]
[1, 3, 8, 11, 18]
[2, 3, 6, 14]
[3, 4, 5, 16]
[2, 3, 5, 24]
[2, 3, 7, 8, 9]
[16, 17, 18, 19, 20, 21, 22, 23, 24, 25, 26, 27, 28]


