Results
Max overall: 15
Min avg pop: 0.63
Min pop: 0.63

6
process id 2
stats
5, 15, 7, 100, 1000
20220819-084742
loosing coalitions taken
[1, 5, 6, 16, 19]
[1, 4, 7, 9, 18]
[2, 4, 5, 19, 22]
[3, 4, 6, 13, 21]
[1, 4, 8, 11, 12]
[2, 3, 7, 8, 10]
[2, 3, 6, 14]
[3, 4, 5, 11]
[1, 2, 7, 11, 20]
[1, 2, 9, 12, 13]
[1, 4, 6, 23]
[1, 2, 8, 15, 16]
[1, 3, 8, 9, 19]
[1, 3, 7, 12, 22]
[16, 17, 18, 19, 20, 21, 22, 23, 24, 25, 26, 27, 28]


6
process id 2
stats
5, 15, 7, 100, 1000
20220819-084757
loosing coalitions taken
[3, 4, 6, 15, 17]
[1, 2, 8, 12, 17]
[2, 4, 5, 18]
[2, 3, 7, 8, 10]
[1, 2, 10, 11, 13]
[1, 2, 7, 9]
[2, 3, 6, 13]
[1, 3, 9, 10, 12]
[1, 5, 6, 10, 23]
[2, 3, 5, 20]
[3, 4, 5, 19, 21]
[1, 4, 6, 24]
[1, 3, 6, 27]
[1, 3, 8, 11, 18]
[16, 17, 18, 19, 20, 21, 22, 23, 24, 25, 26, 27, 28]


