Results
Max overall: 15
Min avg pop: 0.631
Min pop: 0.63

5
process id 1
stats
5, 15, 7, 100, 1000
20220819-084815
loosing coalitions taken
[3, 4, 6, 15, 16]
[1, 4, 8, 10, 15]
[1, 4, 7, 13, 16]
[2, 3, 5, 23]
[1, 3, 7, 15, 20]
[1, 2, 8, 11, 21]
[1, 3, 8, 9, 17]
[1, 2, 7, 10, 24]
[1, 2, 9, 12, 14]
[2, 4, 6, 14, 20]
[2, 4, 5, 18]
[3, 4, 5, 13]
[1, 3, 6, 26, 27]
[2, 3, 6, 10, 19]
[16, 17, 18, 19, 20, 21, 22, 23, 24, 25, 26, 27, 28]


5
process id 2
stats
5, 15, 7, 100, 1000
20220819-084841
loosing coalitions taken
[2, 4, 6, 12, 20]
[1, 4, 7, 14, 16]
[1, 4, 8, 10, 12]
[1, 5, 6, 14, 21]
[1, 2, 7, 13, 25]
[1, 3, 8, 13, 16]
[1, 2, 8, 14, 19]
[2, 3, 6, 17, 18]
[2, 4, 5, 21, 24]
[1, 2, 9, 11, 12]
[1, 3, 7, 12, 20]
[2, 3, 5, 16, 26]
[1, 3, 6, 27]
[3, 4, 6, 10, 21]
[16, 17, 18, 19, 20, 21, 22, 23, 24, 25, 26, 27, 28]


