Results
Max overall: 15
Min avg pop: 0.64
Min pop: 0.63

6
process id 2
stats
5, 15, 7, 100, 1000
20220819-085609
loosing coalitions taken
[1, 5, 6, 14, 19]
[3, 4, 6, 11, 15]
[2, 4, 6, 13, 22]
[2, 3, 5, 24, 28]
[3, 4, 5, 18, 26]
[1, 2, 9, 10, 11]
[1, 4, 7, 9, 14]
[1, 3, 7, 13, 16]
[1, 4, 6, 26, 28]
[2, 4, 5, 16]
[1, 2, 7, 12, 22]
[1, 2, 8, 13, 14]
[2, 3, 6, 12]
[1, 3, 8, 9, 18]
[16, 17, 18, 19, 20, 21, 22, 23, 24, 25, 26, 27, 28]


5
process id 1
stats
5, 15, 7, 100, 1000
20220819-085611
loosing coalitions taken
[1, 4, 8, 13, 14]
[1, 5, 6, 12, 21]
[3, 4, 5, 15]
[1, 2, 8, 10, 16]
[2, 4, 6, 11, 18]
[1, 3, 7, 14, 16]
[1, 3, 8, 9, 11]
[1, 4, 7, 11, 17]
[2, 3, 5, 21]
[1, 3, 6, 23, 26]
[2, 3, 6, 15, 24]
[1, 4, 6, 27, 28]
[2, 4, 5, 10]
[1, 2, 7, 15, 22]
[16, 17, 18, 19, 20, 21, 22, 23, 24, 25, 26, 27, 28]


5
process id 7
stats
5, 15, 7, 100, 1000
20220819-085615
loosing coalitions taken
[1, 4, 8, 12, 14]
[1, 3, 8, 11, 15]
[1, 2, 10, 12, 13]
[1, 2, 8, 9, 20]
[3, 4, 5, 19, 26]
[1, 3, 7, 9, 22]
[2, 4, 6, 11, 18]
[1, 4, 7, 13, 16]
[1, 4, 6, 25]
[1, 2, 7, 14, 17]
[2, 4, 5, 15]
[2, 3, 5, 17]
[2, 3, 6, 9]
[3, 4, 6, 7, 24]
[16, 17, 18, 19, 20, 21, 22, 23, 24, 25, 26, 27, 28]


6
process id 4
stats
5, 15, 7, 100, 1000
20220819-085631
loosing coalitions taken
[1, 2, 9, 11, 13]
[2, 4, 5, 18]
[1, 5, 6, 11, 25]
[2, 3, 6, 17, 19]
[1, 2, 8, 12, 16]
[1, 3, 8, 9, 20]
[1, 2, 7, 10, 22]
[1, 4, 6, 28]
[1, 3, 6, 26]
[3, 4, 5, 10, 20]
[2, 3, 5, 16]
[3, 4, 6, 7]
[2, 4, 6, 13, 22]
[1, 4, 7, 8]
[16, 17, 18, 19, 20, 21, 22, 23, 24, 25, 26, 27, 28]


5
process id 3
stats
5, 15, 7, 100, 1000
20220819-085639
loosing coalitions taken
[1, 4, 7, 12, 15]
[2, 3, 6, 10]
[1, 2, 8, 13, 16]
[1, 4, 6, 25]
[1, 3, 7, 16, 18]
[1, 2, 7, 9, 28]
[1, 3, 8, 9, 15]
[3, 4, 6, 8]
[2, 3, 5, 18]
[2, 4, 5, 9, 22]
[2, 4, 6, 15, 20]
[3, 4, 5, 12]
[1, 5, 6, 10, 23]
[1, 3, 6, 27]
[16, 17, 18, 19, 20, 21, 22, 23, 24, 25, 26, 27, 28]


