Results
Max overall: 15
Min avg pop: 0.642
Min pop: 0.63

6
process id 0
stats
5, 15, 7, 100, 1000
20220819-085738
loosing coalitions taken
[1, 2, 9, 11, 12]
[1, 2, 7, 17, 19]
[1, 4, 8, 10, 13]
[1, 4, 7, 14, 15]
[2, 3, 7, 8, 10]
[1, 3, 8, 12, 18]
[1, 5, 6, 9, 26]
[1, 4, 6, 24, 27]
[3, 4, 6, 9, 15]
[1, 2, 8, 14, 20]
[2, 4, 5, 13, 27]
[2, 3, 5, 11, 28]
[2, 3, 6, 13]
[3, 4, 5, 16]
[16, 17, 18, 19, 20, 21, 22, 23, 24, 25, 26, 27, 28]


5
process id 4
stats
5, 15, 7, 100, 1000
20220819-085745
loosing coalitions taken
[2, 4, 5, 17]
[1, 4, 8, 10, 14]
[1, 4, 7, 9, 12]
[1, 4, 6, 26, 28]
[1, 2, 7, 14, 22]
[3, 4, 6, 8]
[1, 2, 8, 11, 19]
[1, 5, 6, 13, 23]
[1, 3, 7, 13, 19]
[2, 3, 6, 13]
[3, 4, 5, 16]
[1, 3, 8, 9, 18]
[2, 4, 6, 9, 23]
[2, 3, 5, 22]
[16, 17, 18, 19, 20, 21, 22, 23, 24, 25, 26, 27, 28]


6
process id 2
stats
5, 15, 7, 100, 1000
20220819-085819
loosing coalitions taken
[2, 3, 6, 13]
[1, 2, 7, 15, 18]
[3, 4, 5, 16, 27]
[1, 2, 8, 10, 21]
[2, 4, 5, 20]
[1, 3, 8, 14, 16]
[2, 3, 5, 25, 28]
[1, 4, 6, 25]
[3, 5, 6, 7, 12]
[1, 5, 6, 9, 22]
[1, 3, 6, 28]
[2, 4, 6, 12, 23]
[1, 3, 7, 11, 20]
[1, 4, 8, 9, 15]
[16, 17, 18, 19, 20, 21, 22, 23, 24, 25, 26, 27, 28]


