Results
Max overall: 15
Min avg pop: 0.643
Min pop: 0.63

5
process id 4
stats
5, 15, 7, 100, 1000
20220819-085842
loosing coalitions taken
[1, 2, 10, 12, 14]
[1, 5, 6, 10, 24]
[1, 2, 8, 9, 21]
[2, 4, 6, 8]
[1, 2, 7, 16, 20]
[1, 4, 7, 13, 14]
[2, 4, 5, 21, 23]
[1, 4, 6, 28]
[3, 4, 5, 10]
[2, 3, 5, 20, 22]
[1, 3, 6, 22]
[2, 3, 6, 12]
[1, 3, 7, 9, 19]
[1, 3, 8, 11, 17]
[16, 17, 18, 19, 20, 21, 22, 23, 24, 25, 26, 27, 28]


5
process id 5
stats
5, 15, 7, 100, 1000
20220819-085852
loosing coalitions taken
[1, 4, 8, 10, 15]
[1, 4, 7, 12, 16]
[1, 2, 7, 14, 20]
[1, 3, 8, 12, 14]
[3, 4, 6, 14, 16]
[1, 5, 6, 9, 24]
[2, 4, 6, 8, 28]
[1, 2, 8, 9, 22]
[1, 4, 6, 23]
[2, 3, 5, 25, 28]
[2, 3, 6, 11, 24]
[3, 4, 5, 19, 21]
[2, 4, 5, 20]
[1, 3, 7, 9, 15]
[16, 17, 18, 19, 20, 21, 22, 23, 24, 25, 26, 27, 28]


5
process id 7
stats
5, 15, 7, 100, 1000
20220819-085853
loosing coalitions taken
[1, 3, 8, 12, 16]
[1, 4, 8, 9, 14]
[2, 4, 5, 18, 23]
[1, 2, 8, 11, 21]
[1, 3, 9, 10, 11]
[1, 4, 6, 28]
[1, 2, 9, 12, 13]
[1, 2, 7, 14, 22]
[1, 3, 7, 15, 21]
[3, 4, 5, 9, 20]
[1, 5, 6, 13, 19]
[2, 3, 6, 15, 23]
[3, 4, 6, 7]
[2, 3, 5, 17]
[16, 17, 18, 19, 20, 21, 22, 23, 24, 25, 26, 27, 28]


6
process id 1
stats
5, 15, 7, 100, 1000
20220819-085911
loosing coalitions taken
[1, 3, 8, 11, 17]
[1, 4, 7, 9, 19]
[1, 5, 6, 10, 26]
[2, 4, 6, 14, 20]
[1, 2, 8, 15, 16]
[1, 3, 7, 14, 21]
[1, 3, 6, 27]
[2, 3, 6, 13]
[1, 4, 6, 25]
[3, 4, 5, 15, 21]
[2, 3, 5, 26, 27]
[1, 2, 9, 12, 14]
[1, 2, 7, 10, 23]
[2, 4, 5, 19]
[16, 17, 18, 19, 20, 21, 22, 23, 24, 25, 26, 27, 28]


