Results
Max overall: 15
Min avg pop: 0.644
Min pop: 0.63

6
process id 2
stats
5, 15, 7, 100, 1000
20220819-085928
loosing coalitions taken
[1, 2, 8, 12, 21]
[2, 4, 5, 16]
[3, 4, 6, 15, 17]
[1, 3, 8, 9, 20]
[1, 3, 7, 13, 15]
[1, 2, 7, 10, 22]
[1, 2, 9, 11, 14]
[2, 3, 6, 12]
[1, 4, 6, 25]
[2, 3, 5, 23]
[1, 3, 6, 23]
[1, 5, 6, 11, 24]
[3, 4, 5, 14, 28]
[1, 4, 7, 8]
[16, 17, 18, 19, 20, 21, 22, 23, 24, 25, 26, 27, 28]


5
process id 2
stats
5, 15, 7, 100, 1000
20220819-085948
loosing coalitions taken
[1, 2, 10, 11, 12]
[1, 3, 8, 12, 18]
[1, 2, 7, 9]
[2, 4, 5, 20]
[2, 3, 6, 13, 28]
[1, 5, 6, 16, 18]
[1, 4, 6, 22]
[3, 4, 5, 12, 24]
[2, 4, 6, 10, 24]
[1, 3, 7, 15, 19]
[2, 3, 5, 11]
[1, 2, 8, 15, 17]
[1, 3, 6, 27]
[1, 4, 7, 11, 16]
[16, 17, 18, 19, 20, 21, 22, 23, 24, 25, 26, 27, 28]


5
process id 4
stats
5, 15, 7, 100, 1000
20220819-085950
loosing coalitions taken
[1, 5, 6, 12, 22]
[2, 3, 6, 14]
[1, 2, 7, 11, 22]
[1, 3, 7, 13, 17]
[1, 3, 8, 9, 16]
[1, 3, 6, 28]
[1, 4, 7, 9, 10]
[2, 3, 5, 16, 23]
[1, 4, 6, 27]
[2, 4, 5, 9]
[3, 4, 5, 12]
[2, 4, 6, 13, 22]
[3, 4, 6, 15, 17]
[1, 2, 8, 15, 17]
[16, 17, 18, 19, 20, 21, 22, 23, 24, 25, 26, 27, 28]


5
process id 2
stats
5, 15, 7, 100, 1000
20220819-085954
loosing coalitions taken
[1, 5, 6, 15, 21]
[1, 3, 7, 12, 22]
[2, 3, 6, 12, 26]
[1, 4, 8, 10, 13]
[1, 3, 6, 25]
[3, 4, 5, 10]
[1, 4, 7, 9, 11]
[1, 2, 9, 12, 14]
[1, 2, 8, 11, 15]
[3, 4, 6, 8]
[2, 4, 5, 15, 20]
[2, 3, 5, 13]
[1, 2, 7, 10, 19]
[1, 4, 6, 27]
[16, 17, 18, 19, 20, 21, 22, 23, 24, 25, 26, 27, 28]


5
process id 5
stats
5, 15, 7, 100, 1000
20220819-090002
loosing coalitions taken
[2, 3, 6, 13]
[1, 2, 10, 11, 12]
[3, 4, 5, 10, 28]
[2, 4, 5, 20]
[1, 2, 7, 9]
[1, 3, 8, 10, 18]
[1, 4, 8, 13, 14]
[1, 4, 6, 26]
[2, 4, 6, 8]
[2, 3, 5, 17]
[1, 5, 6, 11, 23]
[1, 4, 7, 12, 16]
[1, 2, 6, 24]
[1, 3, 7, 11, 15]
[16, 17, 18, 19, 20, 21, 22, 23, 24, 25, 26, 27, 28]


