Results
Max overall: 15
Min avg pop: 0.647
Min pop: 0.63

5
process id 3
stats
5, 15, 7, 100, 1000
20220819-090155
loosing coalitions taken
[1, 2, 7, 10, 28]
[1, 3, 7, 13, 20]
[1, 4, 7, 11, 16]
[1, 2, 9, 11, 12]
[3, 4, 6, 11, 19]
[1, 4, 8, 9, 14]
[2, 3, 6, 12]
[1, 3, 8, 10, 19]
[3, 4, 5, 9]
[1, 2, 8, 15, 16]
[1, 3, 6, 27]
[1, 4, 6, 28]
[2, 4, 5, 19]
[2, 3, 5, 15]
[16, 17, 18, 19, 20, 21, 22, 23, 24, 25, 26, 27, 28]


6
process id 0
stats
5, 15, 7, 100, 1000
20220819-090156
loosing coalitions taken
[2, 3, 5, 25]
[1, 3, 7, 15, 18]
[1, 2, 8, 15, 16]
[1, 2, 7, 14, 24]
[1, 4, 8, 10, 14]
[1, 5, 6, 10, 20]
[1, 4, 6, 28]
[2, 4, 5, 17, 26]
[1, 4, 7, 11, 13]
[2, 3, 6, 10]
[1, 3, 8, 9, 19]
[3, 4, 6, 15, 17]
[3, 4, 5, 9]
[2, 4, 6, 11, 16]
[16, 17, 18, 19, 20, 21, 22, 23, 24, 25, 26, 27, 28]


6
process id 5
stats
5, 15, 7, 100, 1000
20220819-090209
loosing coalitions taken
[1, 2, 10, 12, 13]
[2, 3, 5, 20, 27]
[3, 4, 5, 16, 26]
[3, 4, 6, 14, 17]
[1, 4, 7, 11, 17]
[1, 2, 8, 14, 15]
[1, 2, 7, 16, 19]
[2, 4, 5, 18]
[1, 3, 7, 9, 23]
[1, 5, 6, 8, 28]
[2, 3, 6, 12, 26]
[1, 4, 6, 22]
[2, 3, 7, 8, 10]
[1, 3, 8, 11, 13]
[16, 17, 18, 19, 20, 21, 22, 23, 24, 25, 26, 27, 28]


5
process id 3
stats
5, 15, 7, 100, 1000
20220819-090213
loosing coalitions taken
[1, 5, 6, 13, 23]
[1, 2, 7, 9, 22]
[1, 4, 8, 9, 12]
[2, 4, 6, 16, 19]
[1, 4, 7, 10, 17]
[1, 3, 7, 13, 21]
[1, 4, 6, 26]
[1, 2, 8, 13, 17]
[1, 3, 9, 10, 11]
[2, 5, 6, 8, 12]
[2, 4, 5, 17, 24]
[2, 3, 6, 14, 18]
[3, 4, 5, 21, 23]
[2, 3, 5, 22, 28]
[16, 17, 18, 19, 20, 21, 22, 23, 24, 25, 26, 27, 28]


5
process id 5
stats
5, 15, 7, 100, 1000
20220819-090214
loosing coalitions taken
[1, 3, 7, 15, 20]
[1, 4, 7, 11, 16]
[1, 2, 7, 9, 26]
[1, 2, 8, 10, 21]
[1, 3, 9, 10, 12]
[1, 3, 8, 13, 16]
[2, 3, 6, 10]
[2, 3, 5, 21]
[2, 4, 5, 11, 28]
[3, 4, 5, 15, 23]
[3, 4, 6, 11, 19]
[1, 2, 6, 28]
[1, 4, 6, 24]
[1, 5, 6, 13, 22]
[16, 17, 18, 19, 20, 21, 22, 23, 24, 25, 26, 27, 28]


5
process id 6
stats
5, 15, 7, 100, 1000
20220819-090217
loosing coalitions taken
[1, 3, 8, 11, 19]
[3, 4, 5, 16]
[1, 5, 6, 11, 24]
[1, 2, 7, 11, 20]
[2, 3, 7, 8, 10]
[2, 3, 6, 9]
[2, 3, 5, 18]
[1, 4, 8, 12, 14]
[1, 2, 8, 9, 16]
[2, 4, 5, 19]
[1, 4, 6, 26]
[3, 4, 6, 10, 19]
[2, 4, 6, 7]
[1, 3, 7, 13, 14]
[16, 17, 18, 19, 20, 21, 22, 23, 24, 25, 26, 27, 28]


6
process id 5
stats
5, 15, 7, 100, 1000
20220819-090217
loosing coalitions taken
[1, 2, 9, 10, 11]
[1, 3, 7, 10, 19]
[2, 3, 6, 14]
[2, 4, 5, 16]
[1, 2, 8, 15, 17]
[1, 3, 8, 13, 16]
[3, 4, 6, 13, 17]
[1, 5, 6, 9, 22]
[1, 2, 7, 16, 18]
[2, 3, 5, 15]
[1, 4, 6, 28]
[1, 4, 7, 14, 15]
[1, 3, 6, 25, 26]
[3, 4, 5, 9]
[16, 17, 18, 19, 20, 21, 22, 23, 24, 25, 26, 27, 28]


5
process id 7
stats
5, 15, 7, 100, 1000
20220819-090219
loosing coalitions taken
[1, 3, 8, 12, 18]
[2, 3, 6, 17, 19]
[1, 2, 7, 15, 20]
[1, 3, 7, 14, 22]
[1, 2, 9, 12, 13]
[2, 4, 6, 11, 20]
[1, 2, 8, 10, 16]
[1, 4, 8, 11, 14]
[1, 4, 6, 17]
[2, 4, 5, 18]
[2, 3, 5, 25]
[1, 5, 6, 12, 20]
[3, 4, 6, 9, 22]
[3, 4, 5, 15, 21]
[16, 17, 18, 19, 20, 21, 22, 23, 24, 25, 26, 27, 28]


6
process id 4
stats
5, 15, 7, 100, 1000
20220819-090222
loosing coalitions taken
[2, 4, 6, 11, 23]
[1, 3, 7, 11, 21]
[2, 3, 6, 15, 24]
[1, 3, 8, 14, 16]
[1, 2, 7, 13, 24]
[1, 4, 7, 10, 17]
[2, 4, 5, 19, 27]
[3, 4, 5, 18, 23]
[1, 2, 8, 12, 19]
[2, 3, 5, 22]
[1, 5, 6, 10, 19]
[1, 4, 8, 9, 11]
[3, 4, 6, 7]
[1, 3, 9, 10, 12]
[16, 17, 18, 19, 20, 21, 22, 23, 24, 25, 26, 27, 28]


5
process id 5
stats
5, 15, 7, 100, 1000
20220819-090224
loosing coalitions taken
[1, 4, 8, 9, 15]
[2, 3, 6, 18, 20]
[1, 2, 9, 11, 13]
[1, 4, 7, 11, 14]
[1, 5, 6, 10, 25]
[1, 4, 6, 26]
[3, 4, 5, 18, 24]
[1, 3, 8, 11, 16]
[2, 4, 5, 19]
[2, 3, 5, 23]
[2, 4, 6, 10, 16]
[1, 3, 7, 10, 20]
[1, 2, 7, 8]
[3, 4, 6, 12, 15]
[16, 17, 18, 19, 20, 21, 22, 23, 24, 25, 26, 27, 28]


6
process id 4
stats
5, 15, 7, 100, 1000
20220819-090224
loosing coalitions taken
[2, 4, 6, 10, 24]
[1, 2, 8, 11, 19]
[1, 3, 7, 13, 20]
[1, 2, 7, 10, 22]
[2, 4, 5, 11]
[1, 2, 9, 12, 14]
[1, 4, 7, 9, 18]
[1, 4, 6, 27]
[1, 5, 6, 9, 21]
[2, 3, 5, 25]
[3, 4, 6, 12, 18]
[3, 4, 5, 19, 26]
[2, 3, 6, 14]
[1, 3, 8, 10, 12]
[16, 17, 18, 19, 20, 21, 22, 23, 24, 25, 26, 27, 28]


6
process id 6
stats
5, 15, 7, 100, 1000
20220819-090241
loosing coalitions taken
[1, 5, 6, 15, 21]
[3, 4, 5, 15]
[1, 2, 10, 12, 14]
[1, 4, 8, 9, 13]
[1, 4, 7, 10, 19]
[2, 3, 6, 14, 23]
[1, 3, 7, 11, 21]
[1, 2, 7, 9]
[2, 4, 6, 13, 20]
[1, 2, 6, 24]
[2, 4, 5, 17, 19]
[1, 3, 8, 12, 17]
[2, 3, 5, 12]
[3, 4, 6, 11, 19]
[16, 17, 18, 19, 20, 21, 22, 23, 24, 25, 26, 27, 28]


