Results
Max overall: 15
Min avg pop: 0.648
Min pop: 0.63

6
process id 7
stats
5, 15, 7, 100, 1000
20220819-090253
loosing coalitions taken
[1, 3, 8, 12, 19]
[1, 5, 6, 14, 22]
[1, 2, 8, 14, 17]
[1, 2, 7, 16, 20]
[1, 3, 7, 9, 17]
[2, 3, 5, 21]
[1, 4, 7, 11, 15]
[1, 4, 8, 9, 13]
[1, 4, 6, 23]
[2, 3, 6, 14]
[2, 4, 5, 13, 27]
[3, 4, 5, 18, 20]
[2, 4, 6, 11, 12]
[3, 4, 6, 8]
[16, 17, 18, 19, 20, 21, 22, 23, 24, 25, 26, 27, 28]


6
process id 6
stats
5, 15, 7, 100, 1000
20220819-090306
loosing coalitions taken
[1, 2, 9, 11, 12]
[2, 4, 6, 8]
[1, 3, 8, 9, 20]
[1, 5, 6, 15, 19]
[1, 3, 7, 13, 18]
[3, 4, 5, 11, 22]
[1, 4, 7, 10, 11]
[1, 2, 7, 14, 22]
[1, 4, 6, 22]
[2, 3, 5, 24]
[2, 3, 6, 14]
[2, 4, 5, 20]
[1, 2, 8, 10, 18]
[3, 4, 6, 12, 17]
[16, 17, 18, 19, 20, 21, 22, 23, 24, 25, 26, 27, 28]


6
process id 7
stats
5, 15, 7, 100, 1000
20220819-090311
loosing coalitions taken
[2, 3, 6, 9]
[1, 4, 7, 14, 16]
[1, 3, 7, 10, 21]
[2, 4, 5, 17]
[1, 2, 10, 12, 14]
[1, 2, 8, 15, 16]
[1, 4, 6, 25, 26]
[3, 4, 5, 10]
[1, 3, 6, 24, 27]
[2, 3, 5, 13]
[1, 5, 6, 12, 20]
[1, 3, 8, 11, 14]
[2, 4, 6, 15, 18]
[1, 2, 7, 17, 19]
[16, 17, 18, 19, 20, 21, 22, 23, 24, 25, 26, 27, 28]


