Results
Max overall: 15
Min avg pop: 0.632
Min pop: 0.63

5
process id 3
stats
5, 15, 7, 100, 1000
20220819-084910
loosing coalitions taken
[2, 3, 6, 13, 23]
[1, 3, 7, 11, 21]
[2, 3, 7, 8, 10]
[2, 4, 6, 12, 20]
[2, 4, 5, 16]
[1, 4, 7, 10, 12]
[1, 2, 7, 13, 17]
[1, 2, 8, 12, 18]
[1, 2, 9, 11, 14]
[3, 4, 6, 11, 19]
[1, 4, 8, 9, 15]
[2, 3, 5, 12]
[3, 4, 5, 9]
[1, 4, 6, 16, 28]
[16, 17, 18, 19, 20, 21, 22, 23, 24, 25, 26, 27, 28]


5
process id 1
stats
5, 15, 7, 100, 1000
20220819-084943
loosing coalitions taken
[1, 3, 8, 11, 19]
[1, 5, 6, 9, 25]
[2, 4, 6, 8]
[1, 4, 7, 11, 16]
[1, 2, 7, 13, 18]
[1, 2, 10, 11, 14]
[2, 4, 5, 11]
[2, 3, 6, 18, 19]
[3, 4, 5, 20, 24]
[1, 4, 6, 24, 26]
[2, 3, 5, 21]
[3, 4, 6, 7]
[1, 3, 7, 15, 17]
[1, 2, 8, 12, 15]
[16, 17, 18, 19, 20, 21, 22, 23, 24, 25, 26, 27, 28]


5
process id 5
stats
5, 15, 7, 100, 1000
20220819-084947
loosing coalitions taken
[2, 3, 6, 15, 27]
[2, 4, 5, 18, 19]
[2, 4, 6, 10, 21]
[2, 3, 5, 21, 25]
[1, 4, 7, 10, 19]
[1, 5, 6, 13, 18]
[1, 2, 10, 11, 12]
[2, 3, 7, 8, 9]
[1, 3, 8, 11, 13]
[1, 3, 7, 16, 18]
[3, 4, 6, 9, 12]
[1, 4, 6, 16]
[3, 4, 5, 15]
[1, 2, 7, 15, 20]
[16, 17, 18, 19, 20, 21, 22, 23, 24, 25, 26, 27, 28]


