Results
Max overall: 15
Min avg pop: 0.633
Min pop: 0.63

6
process id 0
stats
5, 15, 7, 100, 1000
20220819-084959
loosing coalitions taken
[1, 4, 7, 10, 17]
[1, 2, 7, 12, 21]
[1, 2, 9, 10, 11]
[3, 4, 6, 11, 19]
[1, 2, 8, 15, 16]
[2, 3, 6, 14]
[2, 4, 5, 19]
[1, 3, 7, 9, 22]
[2, 4, 6, 12, 22]
[3, 4, 5, 12]
[1, 3, 8, 11, 17]
[2, 3, 5, 22]
[1, 4, 6, 25]
[1, 5, 6, 13, 23]
[16, 17, 18, 19, 20, 21, 22, 23, 24, 25, 26, 27, 28]


6
process id 0
stats
5, 15, 7, 100, 1000
20220819-085005
loosing coalitions taken
[1, 2, 7, 9, 26]
[1, 4, 7, 13, 15]
[3, 4, 5, 18, 20]
[1, 2, 8, 15, 16]
[2, 3, 5, 22, 25]
[1, 2, 10, 11, 13]
[1, 5, 6, 10, 23]
[2, 4, 6, 14, 18]
[2, 4, 5, 17, 24]
[1, 3, 7, 11, 17]
[1, 3, 8, 13, 14]
[2, 3, 6, 17, 20]
[3, 4, 6, 8, 19]
[1, 4, 6, 26]
[16, 17, 18, 19, 20, 21, 22, 23, 24, 25, 26, 27, 28]


6
process id 6
stats
5, 15, 7, 100, 1000
20220819-085013
loosing coalitions taken
[1, 3, 9, 10, 11]
[1, 3, 8, 15, 16]
[1, 3, 7, 12, 19]
[1, 4, 6, 28]
[1, 2, 7, 15, 22]
[2, 3, 6, 14]
[2, 4, 5, 20]
[3, 4, 6, 9, 20]
[1, 5, 6, 11, 18]
[2, 4, 6, 16, 17]
[2, 3, 5, 12]
[3, 4, 5, 16, 27]
[1, 2, 8, 9, 18]
[1, 4, 7, 13, 14]
[16, 17, 18, 19, 20, 21, 22, 23, 24, 25, 26, 27, 28]


6
process id 2
stats
5, 15, 7, 100, 1000
20220819-085031
loosing coalitions taken
[1, 3, 7, 12, 22]
[1, 2, 9, 11, 12]
[1, 3, 8, 9, 19]
[1, 4, 7, 8]
[3, 4, 5, 11, 26]
[3, 4, 6, 9, 18]
[2, 4, 5, 20]
[2, 3, 6, 12, 27]
[2, 3, 5, 14]
[1, 5, 6, 10, 25]
[1, 2, 7, 13, 18]
[1, 4, 6, 27]
[1, 2, 8, 14, 15]
[2, 4, 6, 10, 14]
[16, 17, 18, 19, 20, 21, 22, 23, 24, 25, 26, 27, 28]


