Results
Max overall: 15
Min avg pop: 0.635
Min pop: 0.63

5
process id 3
stats
5, 15, 7, 100, 1000
20220819-085140
loosing coalitions taken
[1, 2, 8, 14, 16]
[1, 4, 8, 10, 12]
[1, 2, 7, 9]
[1, 5, 6, 13, 24]
[2, 4, 5, 14]
[1, 4, 6, 25]
[1, 3, 8, 9, 17]
[2, 3, 6, 13]
[2, 3, 5, 21]
[3, 4, 6, 8]
[2, 4, 6, 11, 23]
[3, 4, 5, 9]
[1, 3, 6, 26]
[1, 3, 7, 10, 14]
[16, 17, 18, 19, 20, 21, 22, 23, 24, 25, 26, 27, 28]


5
process id 7
stats
5, 15, 7, 100, 1000
20220819-085144
loosing coalitions taken
[1, 3, 7, 15, 20]
[1, 2, 7, 11, 23]
[3, 4, 5, 17, 27]
[1, 2, 9, 12, 14]
[1, 4, 8, 13, 14]
[1, 3, 8, 9, 16]
[2, 3, 5, 23]
[3, 4, 6, 11, 12]
[1, 5, 6, 12, 22]
[1, 4, 7, 10, 19]
[2, 4, 6, 15, 19]
[1, 3, 6, 23]
[2, 4, 5, 13, 22]
[2, 3, 6, 16, 24]
[16, 17, 18, 19, 20, 21, 22, 23, 24, 25, 26, 27, 28]


5
process id 0
stats
5, 15, 7, 100, 1000
20220819-085201
loosing coalitions taken
[1, 5, 6, 16, 19]
[1, 3, 8, 11, 17]
[3, 4, 6, 9, 22]
[2, 4, 6, 12, 13]
[1, 3, 7, 13, 14]
[2, 3, 5, 23, 27]
[2, 4, 5, 16, 26]
[1, 3, 6, 25]
[1, 4, 7, 9, 15]
[3, 4, 5, 13]
[1, 2, 8, 15, 16]
[1, 4, 8, 12, 14]
[1, 2, 7, 10, 18]
[1, 2, 9, 11, 12]
[16, 17, 18, 19, 20, 21, 22, 23, 24, 25, 26, 27, 28]


5
process id 1
stats
5, 15, 7, 100, 1000
20220819-085214
loosing coalitions taken
[1, 2, 8, 13, 20]
[1, 2, 7, 10, 28]
[1, 3, 8, 12, 16]
[2, 4, 5, 18]
[2, 3, 6, 9]
[1, 5, 6, 13, 24]
[1, 3, 7, 11, 19]
[1, 4, 8, 9, 10]
[1, 4, 7, 13, 14]
[2, 3, 5, 16]
[1, 3, 6, 27]
[1, 4, 6, 25]
[3, 4, 6, 15, 16]
[3, 4, 5, 9, 24]
[16, 17, 18, 19, 20, 21, 22, 23, 24, 25, 26, 27, 28]


5
process id 5
stats
5, 15, 7, 100, 1000
20220819-085220
loosing coalitions taken
[1, 3, 8, 12, 19]
[1, 2, 9, 10, 12]
[1, 3, 7, 14, 22]
[1, 2, 8, 14, 18]
[3, 4, 5, 19, 22]
[2, 3, 6, 14]
[1, 2, 7, 13, 19]
[1, 5, 6, 9, 24]
[1, 4, 8, 9, 15]
[1, 4, 6, 28]
[3, 4, 6, 10, 21]
[2, 3, 5, 13]
[1, 3, 6, 23]
[2, 4, 5, 14]
[16, 17, 18, 19, 20, 21, 22, 23, 24, 25, 26, 27, 28]


