Results
Max overall: 15
Min avg pop: 0.637
Min pop: 0.63

6
process id 4
stats
5, 15, 7, 100, 1000
20220819-085325
loosing coalitions taken
[2, 4, 5, 20, 25]
[1, 2, 7, 9, 25]
[2, 3, 5, 21]
[3, 4, 6, 13, 17]
[1, 4, 8, 10, 14]
[1, 4, 6, 26]
[1, 2, 10, 11, 12]
[1, 3, 7, 10, 21]
[2, 3, 6, 11, 26]
[1, 3, 8, 9, 16]
[2, 4, 6, 16, 19]
[1, 5, 6, 15, 21]
[1, 4, 7, 13, 15]
[3, 4, 5, 11]
[16, 17, 18, 19, 20, 21, 22, 23, 24, 25, 26, 27, 28]


5
process id 6
stats
5, 15, 7, 100, 1000
20220819-085336
loosing coalitions taken
[2, 4, 5, 21, 25]
[2, 3, 5, 22]
[1, 4, 8, 10, 11]
[1, 2, 8, 12, 19]
[1, 3, 7, 11, 21]
[1, 2, 7, 14, 23]
[1, 4, 7, 13, 16]
[1, 4, 6, 24]
[1, 5, 6, 12, 22]
[2, 3, 6, 14]
[1, 2, 9, 11, 13]
[3, 4, 5, 11]
[2, 4, 6, 8]
[1, 3, 6, 26]
[16, 17, 18, 19, 20, 21, 22, 23, 24, 25, 26, 27, 28]


5
process id 7
stats
5, 15, 7, 100, 1000
20220819-085351
loosing coalitions taken
[2, 3, 6, 14, 23]
[1, 2, 7, 13, 19]
[2, 4, 5, 20, 28]
[3, 4, 6, 9, 18]
[1, 3, 7, 14, 16]
[1, 4, 6, 24]
[1, 2, 9, 11, 14]
[1, 2, 8, 12, 21]
[1, 3, 6, 28]
[2, 3, 5, 19, 21]
[3, 4, 5, 15, 22]
[1, 5, 6, 16, 20]
[1, 3, 8, 9, 15]
[1, 4, 7, 8, 20]
[16, 17, 18, 19, 20, 21, 22, 23, 24, 25, 26, 27, 28]


5
process id 0
stats
5, 15, 7, 100, 1000
20220819-085359
loosing coalitions taken
[1, 2, 8, 14, 16]
[2, 3, 5, 22, 25]
[2, 3, 6, 10, 23]
[1, 2, 9, 10, 12]
[3, 4, 6, 13, 20]
[1, 5, 6, 13, 17]
[2, 4, 6, 16, 18]
[1, 4, 7, 12, 16]
[1, 3, 7, 10, 20]
[1, 2, 7, 11, 24]
[2, 4, 5, 19, 24]
[1, 4, 6, 22]
[3, 4, 5, 10]
[2, 3, 7, 8, 9]
[16, 17, 18, 19, 20, 21, 22, 23, 24, 25, 26, 27, 28]


