Results
Max overall: 15
Min avg pop: 0.638
Min pop: 0.63

5
process id 7
stats
5, 15, 7, 100, 1000
20220819-085427
loosing coalitions taken
[1, 4, 7, 9, 16]
[1, 3, 7, 13, 19]
[2, 3, 6, 9]
[1, 2, 8, 13, 18]
[1, 2, 7, 11, 22]
[1, 3, 8, 14, 16]
[2, 4, 5, 20]
[1, 5, 6, 13, 21]
[1, 4, 8, 10, 15]
[3, 4, 6, 11, 15]
[3, 4, 5, 9, 26]
[2, 4, 6, 10, 18]
[1, 3, 6, 25, 28]
[2, 3, 5, 24]
[16, 17, 18, 19, 20, 21, 22, 23, 24, 25, 26, 27, 28]


6
process id 2
stats
5, 15, 7, 100, 1000
20220819-085453
loosing coalitions taken
[2, 3, 5, 24]
[1, 4, 8, 10, 12]
[1, 2, 7, 15, 20]
[1, 3, 7, 12, 18]
[2, 4, 6, 11, 23]
[1, 2, 9, 10, 14]
[1, 5, 6, 16, 17]
[1, 3, 8, 15, 16]
[2, 4, 5, 10, 28]
[1, 3, 6, 24]
[1, 4, 7, 13, 14]
[2, 3, 6, 9, 27]
[3, 4, 6, 7]
[3, 4, 5, 15, 23]
[16, 17, 18, 19, 20, 21, 22, 23, 24, 25, 26, 27, 28]


