Results
Max overall: 15
Min avg pop: 0.639
Min pop: 0.63

5
process id 5
stats
5, 15, 7, 100, 1000
20220819-085518
loosing coalitions taken
[2, 3, 6, 13]
[1, 2, 9, 11, 14]
[1, 4, 7, 8]
[1, 5, 6, 10, 25]
[2, 3, 5, 20]
[3, 4, 5, 13]
[1, 3, 8, 10, 14]
[1, 4, 6, 22, 27]
[2, 4, 5, 18]
[1, 2, 7, 10, 16]
[3, 4, 6, 14, 20]
[2, 4, 6, 11, 24]
[1, 3, 6, 26]
[1, 3, 7, 15, 18]
[16, 17, 18, 19, 20, 21, 22, 23, 24, 25, 26, 27, 28]


6
process id 1
stats
5, 15, 7, 100, 1000
20220819-085546
loosing coalitions taken
[1, 2, 9, 10, 12]
[2, 3, 6, 14, 24]
[1, 3, 8, 10, 17]
[2, 5, 6, 7, 10]
[2, 4, 6, 15, 18]
[1, 4, 8, 11, 12]
[1, 2, 8, 14, 16]
[3, 4, 5, 19, 20]
[1, 3, 7, 15, 16]
[2, 4, 5, 17]
[1, 5, 6, 13, 22]
[3, 4, 6, 13, 21]
[1, 4, 6, 28]
[1, 2, 7, 11, 27]
[16, 17, 18, 19, 20, 21, 22, 23, 24, 25, 26, 27, 28]


5
process id 7
stats
5, 15, 7, 100, 1000
20220819-085549
loosing coalitions taken
[2, 4, 5, 16]
[2, 3, 6, 10, 23]
[1, 3, 9, 10, 11]
[1, 2, 10, 12, 13]
[1, 4, 6, 19]
[1, 2, 7, 11, 18]
[3, 4, 6, 12, 21]
[2, 4, 6, 8]
[2, 3, 5, 18, 24]
[1, 5, 6, 15, 18]
[3, 4, 5, 11]
[1, 4, 8, 9, 13]
[1, 4, 7, 10, 16]
[1, 3, 7, 8, 17]
[16, 17, 18, 19, 20, 21, 22, 23, 24, 25, 26, 27, 28]


