Results
Max overall: 16
Min avg pop: 0.645
Min pop: 0.643

6
process id 3
stats
5, 16, 7, 100, 1000
20220820-080839
loosing coalitions taken
[2, 3, 6, 12]
[1, 2, 9, 10, 13]
[1, 3, 8, 10, 18]
[1, 3, 7, 14, 17]
[1, 2, 7, 15, 22]
[2, 4, 5, 18]
[1, 4, 6, 26]
[1, 2, 8, 11, 20]
[3, 4, 6, 8]
[2, 3, 5, 23]
[1, 5, 6, 9, 22]
[2, 4, 6, 13, 19]
[3, 4, 5, 16]
[1, 4, 7, 10, 16]
[1, 4, 8, 9, 12]
[16, 17, 18, 19, 20, 21, 22, 23, 24, 25, 26, 27, 28]


6
process id 1
stats
5, 16, 7, 100, 1000
20220820-080839
loosing coalitions taken
[1, 4, 8, 10, 13]
[1, 2, 7, 11, 23]
[1, 3, 9, 10, 11]
[1, 2, 8, 9, 21]
[2, 4, 5, 19, 26]
[1, 4, 7, 14, 15]
[1, 3, 7, 13, 18]
[3, 4, 5, 15, 27]
[2, 4, 6, 13, 18]
[1, 2, 10, 12, 14]
[2, 3, 6, 15, 24]
[3, 4, 6, 9, 22]
[2, 3, 5, 22]
[1, 5, 6, 12, 20]
[1, 4, 6, 28]
[16, 17, 18, 19, 20, 21, 22, 23, 24, 25, 26, 27, 28]


6
process id 0
stats
5, 16, 7, 100, 1000
20220820-080843
loosing coalitions taken
[2, 3, 5, 25]
[1, 2, 8, 12, 17]
[1, 3, 8, 11, 19]
[1, 3, 7, 15, 18]
[2, 4, 6, 10, 21]
[3, 4, 6, 12, 19]
[1, 5, 6, 13, 20]
[1, 2, 7, 16, 21]
[2, 4, 5, 16]
[2, 3, 6, 11]
[1, 4, 8, 13, 14]
[1, 2, 9, 10, 14]
[1, 4, 6, 27]
[1, 4, 7, 10, 17]
[3, 4, 5, 17, 28]
[16, 17, 18, 19, 20, 21, 22, 23, 24, 25, 26, 27, 28]


6
process id 2
stats
5, 16, 7, 100, 1000
20220820-080843
loosing coalitions taken
[1, 4, 7, 8]
[1, 5, 6, 10, 25]
[2, 4, 6, 9, 24]
[1, 3, 9, 10, 12]
[1, 2, 10, 11, 13]
[2, 3, 6, 14]
[3, 4, 5, 16]
[2, 3, 5, 24, 27]
[1, 2, 7, 9]
[1, 3, 8, 13, 15]
[3, 4, 6, 8]
[1, 4, 6, 28]
[2, 4, 5, 18]
[1, 2, 8, 14, 18]
[1, 3, 7, 14, 21]
[16, 17, 18, 19, 20, 21, 22, 23, 24, 25, 26, 27, 28]


6
process id 6
stats
5, 16, 7, 100, 1000
20220820-080846
loosing coalitions taken
[2, 4, 6, 14, 18]
[2, 3, 5, 25]
[1, 4, 8, 10, 15]
[1, 5, 6, 11, 23]
[1, 2, 10, 12, 13]
[1, 2, 8, 9, 18]
[1, 2, 7, 15, 21]
[1, 3, 9, 10, 11]
[3, 4, 6, 12, 20]
[1, 4, 6, 28]
[2, 3, 6, 10]
[2, 4, 5, 17]
[3, 4, 5, 16, 26]
[1, 4, 7, 11, 16]
[1, 3, 7, 14, 17]
[16, 17, 18, 19, 20, 21, 22, 23, 24, 25, 26, 27, 28]


6
process id 1
stats
5, 16, 7, 100, 1000
20220820-080850
loosing coalitions taken
[1, 2, 7, 16, 17]
[1, 3, 7, 12, 22]
[1, 4, 8, 10, 12]
[3, 4, 5, 16]
[2, 3, 6, 10]
[1, 2, 8, 11, 21]
[1, 2, 9, 12, 13]
[2, 4, 5, 20, 28]
[1, 4, 6, 26]
[2, 3, 5, 21]
[2, 4, 6, 11, 24]
[3, 4, 6, 12, 19]
[1, 4, 7, 13, 15]
[1, 3, 8, 9, 19]
[1, 5, 6, 15, 21]
[16, 17, 18, 19, 20, 21, 22, 23, 24, 25, 26, 27, 28]


6
process id 5
stats
5, 16, 7, 100, 1000
20220820-080853
loosing coalitions taken
[1, 5, 6, 11, 22]
[2, 4, 5, 19]
[1, 3, 7, 12, 22]
[1, 3, 8, 13, 15]
[1, 2, 8, 14, 16]
[1, 4, 7, 9, 18]
[1, 4, 6, 27]
[1, 2, 9, 11, 12]
[2, 4, 6, 9, 22]
[2, 3, 6, 13, 26]
[2, 3, 7, 8, 10]
[3, 4, 6, 15, 17]
[2, 3, 5, 25]
[1, 4, 8, 10, 12]
[3, 4, 5, 16, 27]
[16, 17, 18, 19, 20, 21, 22, 23, 24, 25, 26, 27, 28]


6
process id 2
stats
5, 16, 7, 100, 1000
20220820-080854
loosing coalitions taken
[2, 3, 6, 14]
[1, 4, 8, 12, 14]
[1, 2, 9, 12, 13]
[1, 3, 7, 13, 17]
[1, 2, 7, 10, 27]
[1, 5, 6, 15, 20]
[1, 3, 8, 10, 16]
[2, 3, 5, 24, 28]
[2, 4, 5, 18, 23]
[2, 4, 6, 13, 17]
[3, 4, 5, 20, 21]
[1, 4, 6, 26]
[1, 4, 7, 11, 16]
[3, 4, 6, 8, 27]
[1, 2, 8, 11, 20]
[16, 17, 18, 19, 20, 21, 22, 23, 24, 25, 26, 27, 28]


5
process id 3
stats
5, 16, 7, 100, 1000
20220820-080855
loosing coalitions taken
[2, 3, 5, 24]
[1, 5, 6, 10, 26]
[1, 4, 8, 10, 13]
[1, 2, 9, 12, 14]
[1, 2, 7, 10, 25]
[1, 3, 8, 9, 17]
[1, 2, 8, 11, 19]
[1, 4, 7, 9, 19]
[1, 3, 7, 13, 18]
[1, 4, 6, 28]
[2, 4, 5, 21, 23]
[2, 3, 6, 14]
[3, 4, 6, 8]
[3, 4, 5, 16]
[2, 4, 6, 9, 24]
[16, 17, 18, 19, 20, 21, 22, 23, 24, 25, 26, 27, 28]


6
process id 7
stats
5, 16, 7, 100, 1000
20220820-080901
loosing coalitions taken
[2, 3, 6, 14]
[1, 3, 7, 9, 24]
[1, 4, 7, 11, 17]
[1, 2, 9, 11, 13]
[1, 2, 7, 15, 21]
[1, 3, 8, 11, 18]
[1, 5, 6, 15, 17]
[2, 4, 5, 20]
[1, 2, 8, 14, 17]
[3, 4, 5, 16]
[2, 3, 5, 24]
[1, 4, 6, 27]
[2, 3, 7, 8, 10]
[2, 4, 6, 11, 23]
[3, 4, 6, 12, 20]
[16, 17, 18, 19, 20, 21, 22, 23, 24, 25, 26, 27, 28]


6
process id 4
stats
5, 16, 7, 100, 1000
20220820-080902
loosing coalitions taken
[2, 3, 6, 14]
[1, 4, 8, 13, 14]
[1, 2, 8, 12, 21]
[1, 3, 7, 13, 18]
[3, 4, 5, 16]
[2, 3, 5, 23]
[2, 4, 6, 9, 25]
[2, 4, 5, 20]
[3, 4, 6, 12, 17]
[1, 2, 7, 9]
[1, 4, 7, 10, 19]
[1, 3, 8, 9, 19]
[1, 4, 6, 26]
[1, 5, 6, 15, 21]
[1, 2, 10, 11, 13]
[16, 17, 18, 19, 20, 21, 22, 23, 24, 25, 26, 27, 28]


6
process id 2
stats
5, 16, 7, 100, 1000
20220820-080905
loosing coalitions taken
[1, 5, 6, 14, 20]
[1, 4, 8, 11, 12]
[1, 3, 9, 10, 12]
[1, 3, 7, 13, 21]
[1, 2, 8, 13, 17]
[2, 4, 5, 19]
[1, 2, 7, 10, 24]
[2, 3, 6, 10]
[2, 3, 5, 25]
[1, 4, 6, 28]
[3, 4, 6, 8]
[2, 4, 6, 9, 22]
[3, 4, 5, 16]
[1, 3, 8, 14, 15]
[1, 2, 9, 11, 14]
[16, 17, 18, 19, 20, 21, 22, 23, 24, 25, 26, 27, 28]


6
process id 5
stats
5, 16, 7, 100, 1000
20220820-080910
loosing coalitions taken
[1, 4, 8, 9, 15]
[2, 3, 5, 24, 25]
[1, 3, 8, 12, 16]
[1, 2, 7, 17, 19]
[2, 4, 5, 18]
[1, 2, 10, 11, 14]
[2, 3, 6, 14]
[1, 3, 7, 11, 22]
[3, 4, 5, 16]
[1, 5, 6, 16, 19]
[2, 4, 6, 12, 20]
[1, 4, 6, 26]
[3, 4, 6, 10, 21]
[1, 4, 7, 13, 14]
[1, 2, 8, 13, 20]
[16, 17, 18, 19, 20, 21, 22, 23, 24, 25, 26, 27, 28]


6
process id 0
stats
5, 16, 7, 100, 1000
20220820-080915
loosing coalitions taken
[1, 2, 8, 12, 21]
[1, 5, 6, 12, 23]
[1, 2, 9, 11, 14]
[2, 3, 6, 11]
[1, 2, 7, 10, 24]
[1, 3, 7, 13, 22]
[1, 4, 7, 8]
[2, 4, 5, 18]
[1, 4, 6, 28]
[2, 3, 5, 21]
[3, 4, 6, 10, 18]
[3, 4, 5, 19, 25]
[1, 3, 8, 11, 17]
[2, 4, 6, 15, 21]
[1, 3, 9, 10, 12]
[16, 17, 18, 19, 20, 21, 22, 23, 24, 25, 26, 27, 28]


6
process id 3
stats
5, 16, 7, 100, 1000
20220820-080916
loosing coalitions taken
[1, 5, 6, 9, 26]
[1, 4, 7, 14, 16]
[2, 4, 5, 19]
[1, 3, 8, 12, 17]
[1, 2, 7, 9]
[2, 3, 6, 13]
[2, 3, 5, 23]
[3, 4, 6, 8]
[3, 4, 5, 20, 22]
[1, 4, 8, 9, 10]
[2, 4, 6, 14, 21]
[1, 4, 6, 27]
[1, 3, 7, 15, 20]
[1, 2, 10, 12, 14]
[1, 2, 8, 15, 16]
[16, 17, 18, 19, 20, 21, 22, 23, 24, 25, 26, 27, 28]


6
process id 1
stats
5, 16, 7, 100, 1000
20220820-080919
loosing coalitions taken
[1, 5, 6, 16, 19]
[3, 4, 5, 19, 24]
[2, 3, 5, 23]
[1, 4, 8, 9, 15]
[1, 3, 9, 10, 11]
[1, 2, 9, 12, 13]
[1, 4, 7, 10, 18]
[1, 2, 7, 16, 17]
[1, 3, 7, 15, 20]
[1, 2, 8, 11, 21]
[2, 4, 6, 12, 22]
[2, 3, 6, 9]
[1, 4, 6, 27]
[2, 4, 5, 20]
[3, 4, 6, 13, 17]
[16, 17, 18, 19, 20, 21, 22, 23, 24, 25, 26, 27, 28]


6
process id 2
stats
5, 16, 7, 100, 1000
20220820-080919
loosing coalitions taken
[1, 3, 9, 10, 12]
[1, 5, 6, 16, 18]
[1, 2, 7, 10, 26]
[1, 4, 7, 8]
[2, 4, 6, 13, 20]
[1, 2, 9, 11, 13]
[2, 4, 5, 16, 28]
[1, 3, 7, 11, 23]
[3, 4, 6, 14, 17]
[2, 3, 5, 21]
[2, 3, 6, 10]
[1, 2, 8, 14, 19]
[3, 4, 5, 20, 24]
[1, 4, 6, 26]
[2, 5, 6, 8, 11]
[16, 17, 18, 19, 20, 21, 22, 23, 24, 25, 26, 27, 28]


6
process id 5
stats
5, 16, 7, 100, 1000
20220820-080920
loosing coalitions taken
[1, 2, 9, 12, 14]
[1, 2, 7, 10, 24]
[2, 3, 6, 10]
[2, 4, 5, 18]
[1, 5, 6, 13, 22]
[1, 4, 8, 9, 15]
[1, 3, 8, 14, 16]
[1, 2, 8, 13, 17]
[3, 4, 5, 16]
[1, 4, 6, 28]
[1, 3, 7, 9, 20]
[2, 3, 5, 22]
[3, 4, 6, 13, 19]
[2, 4, 6, 12, 23]
[1, 4, 7, 11, 16]
[16, 17, 18, 19, 20, 21, 22, 23, 24, 25, 26, 27, 28]


6
process id 5
stats
5, 16, 7, 100, 1000
20220820-080925
loosing coalitions taken
[2, 3, 6, 13]
[1, 4, 8, 10, 13]
[1, 3, 8, 12, 18]
[3, 4, 5, 17, 23]
[1, 3, 7, 15, 20]
[1, 2, 9, 11, 14]
[1, 4, 7, 14, 16]
[2, 4, 5, 19]
[2, 4, 6, 9, 21]
[2, 3, 5, 24]
[1, 2, 7, 13, 25]
[3, 4, 6, 12, 19]
[1, 4, 6, 28]
[1, 5, 6, 15, 21]
[2, 3, 7, 8, 9]
[16, 17, 18, 19, 20, 21, 22, 23, 24, 25, 26, 27, 28]


6
process id 1
stats
5, 16, 7, 100, 1000
20220820-080934
loosing coalitions taken
[1, 4, 8, 9, 13]
[1, 2, 7, 17, 19]
[1, 3, 8, 15, 16]
[2, 4, 6, 13, 20]
[1, 2, 10, 11, 12]
[1, 5, 6, 15, 20]
[1, 4, 7, 14, 15]
[1, 2, 8, 14, 18]
[2, 4, 5, 19, 23]
[2, 3, 6, 16, 23]
[1, 4, 6, 28]
[2, 3, 7, 8, 9]
[3, 4, 5, 17, 27]
[2, 3, 5, 24]
[1, 3, 7, 11, 22]
[16, 17, 18, 19, 20, 21, 22, 23, 24, 25, 26, 27, 28]


6
process id 7
stats
5, 16, 7, 100, 1000
20220820-080935
loosing coalitions taken
[1, 2, 9, 10, 13]
[1, 2, 8, 12, 17]
[1, 2, 7, 15, 20]
[2, 4, 5, 20]
[2, 3, 6, 12]
[1, 5, 6, 11, 21]
[1, 3, 8, 11, 16]
[1, 3, 7, 14, 22]
[2, 4, 6, 13, 17]
[2, 3, 5, 25]
[3, 4, 6, 9, 20]
[3, 4, 5, 17, 22]
[1, 4, 6, 28]
[1, 4, 7, 10, 19]
[1, 4, 8, 13, 14]
[16, 17, 18, 19, 20, 21, 22, 23, 24, 25, 26, 27, 28]


6
process id 6
stats
5, 16, 7, 100, 1000
20220820-080935
loosing coalitions taken
[1, 3, 7, 9, 23]
[1, 3, 8, 15, 16]
[2, 4, 5, 17]
[2, 3, 6, 12]
[1, 4, 7, 13, 16]
[1, 2, 7, 11, 25]
[3, 4, 5, 19, 26]
[3, 4, 6, 11, 17]
[2, 5, 6, 8, 10]
[1, 4, 6, 26]
[1, 4, 8, 10, 12]
[2, 3, 5, 24, 25]
[1, 5, 6, 11, 20]
[1, 2, 9, 10, 13]
[2, 4, 6, 14, 18]
[16, 17, 18, 19, 20, 21, 22, 23, 24, 25, 26, 27, 28]


6
process id 0
stats
5, 16, 7, 100, 1000
20220820-080936
loosing coalitions taken
[1, 5, 6, 10, 25]
[1, 2, 7, 13, 22]
[1, 2, 8, 9, 18]
[2, 3, 5, 23, 28]
[2, 4, 5, 18]
[1, 4, 7, 9, 16]
[2, 3, 6, 13]
[1, 3, 8, 15, 16]
[3, 4, 5, 15]
[2, 4, 6, 14, 22]
[1, 3, 7, 14, 19]
[3, 4, 6, 8]
[1, 2, 10, 11, 14]
[1, 4, 6, 28]
[1, 4, 8, 10, 12]
[16, 17, 18, 19, 20, 21, 22, 23, 24, 25, 26, 27, 28]


6
process id 4
stats
5, 16, 7, 100, 1000
20220820-080937
loosing coalitions taken
[1, 3, 7, 12, 21]
[1, 4, 8, 9, 12]
[2, 3, 6, 12]
[2, 4, 5, 16]
[1, 2, 9, 10, 13]
[1, 2, 7, 14, 24]
[2, 3, 5, 22, 28]
[1, 3, 8, 13, 16]
[1, 4, 7, 10, 18]
[3, 4, 5, 18, 25]
[1, 2, 8, 11, 18]
[1, 4, 6, 26]
[3, 4, 6, 8]
[1, 5, 6, 16, 19]
[2, 4, 6, 10, 22]
[16, 17, 18, 19, 20, 21, 22, 23, 24, 25, 26, 27, 28]


6
process id 2
stats
5, 16, 7, 100, 1000
20220820-080938
loosing coalitions taken
[1, 4, 7, 10, 18]
[1, 2, 9, 10, 13]
[1, 2, 7, 14, 24]
[2, 3, 6, 11]
[3, 4, 5, 20, 22]
[1, 3, 7, 15, 20]
[1, 4, 6, 26]
[1, 5, 6, 13, 21]
[1, 2, 8, 11, 21]
[3, 4, 6, 12, 17]
[2, 3, 7, 8, 9]
[2, 4, 6, 9, 22]
[2, 4, 5, 18]
[2, 3, 5, 23]
[1, 3, 8, 12, 16]
[16, 17, 18, 19, 20, 21, 22, 23, 24, 25, 26, 27, 28]


6
process id 5
stats
5, 16, 7, 100, 1000
20220820-080941
loosing coalitions taken
[2, 3, 6, 15, 26]
[1, 3, 7, 10, 24]
[1, 2, 7, 15, 22]
[1, 4, 8, 12, 14]
[1, 2, 9, 11, 12]
[1, 5, 6, 9, 26]
[2, 4, 6, 12, 22]
[3, 4, 6, 13, 18]
[2, 4, 5, 18]
[3, 4, 5, 16]
[1, 3, 8, 13, 15]
[2, 3, 5, 24]
[1, 4, 6, 27]
[1, 4, 7, 9, 18]
[1, 2, 8, 10, 17]
[16, 17, 18, 19, 20, 21, 22, 23, 24, 25, 26, 27, 28]


6
process id 1
stats
5, 16, 7, 100, 1000
20220820-080942
loosing coalitions taken
[1, 5, 6, 10, 26]
[2, 4, 6, 12, 23]
[2, 3, 6, 13]
[1, 2, 10, 12, 14]
[2, 4, 5, 20, 25]
[1, 2, 8, 15, 17]
[3, 4, 5, 18, 22]
[1, 2, 7, 9]
[1, 4, 6, 28]
[1, 3, 8, 9, 19]
[2, 3, 5, 24]
[1, 4, 8, 13, 14]
[1, 3, 7, 15, 16]
[3, 4, 6, 11, 19]
[2, 3, 7, 8, 10]
[16, 17, 18, 19, 20, 21, 22, 23, 24, 25, 26, 27, 28]


6
process id 2
stats
5, 16, 7, 100, 1000
20220820-080942
loosing coalitions taken
[1, 2, 10, 11, 14]
[1, 3, 8, 11, 18]
[2, 4, 5, 21, 26]
[2, 3, 6, 14]
[3, 4, 5, 16]
[1, 5, 6, 12, 24]
[1, 2, 7, 9]
[1, 4, 6, 27]
[1, 4, 7, 10, 19]
[1, 4, 8, 12, 14]
[2, 3, 5, 22]
[1, 3, 7, 16, 17]
[3, 4, 6, 11, 21]
[2, 4, 6, 13, 20]
[1, 2, 8, 15, 17]
[16, 17, 18, 19, 20, 21, 22, 23, 24, 25, 26, 27, 28]


6
process id 0
stats
5, 16, 7, 100, 1000
20220820-080944
loosing coalitions taken
[1, 2, 8, 11, 18]
[2, 3, 5, 22]
[1, 3, 8, 12, 19]
[1, 4, 8, 10, 14]
[3, 4, 6, 13, 18]
[1, 3, 7, 11, 23]
[1, 2, 9, 12, 13]
[1, 2, 7, 16, 21]
[2, 4, 6, 9, 25]
[2, 4, 5, 18]
[3, 4, 5, 19, 25]
[1, 4, 7, 13, 15]
[2, 3, 6, 10]
[1, 5, 6, 9, 26]
[1, 4, 6, 27]
[16, 17, 18, 19, 20, 21, 22, 23, 24, 25, 26, 27, 28]


6
process id 6
stats
5, 16, 7, 100, 1000
20220820-080948
loosing coalitions taken
[2, 3, 6, 14, 25]
[1, 3, 8, 12, 17]
[1, 2, 7, 12, 23]
[1, 5, 6, 11, 23]
[2, 3, 7, 8, 9]
[2, 4, 5, 18]
[1, 3, 7, 15, 21]
[1, 2, 9, 10, 11]
[1, 4, 7, 14, 16]
[1, 2, 8, 13, 19]
[3, 4, 6, 8, 27]
[2, 4, 6, 15, 20]
[3, 4, 5, 21, 24]
[2, 3, 5, 22]
[1, 4, 6, 28]
[16, 17, 18, 19, 20, 21, 22, 23, 24, 25, 26, 27, 28]


6
process id 0
stats
5, 16, 7, 100, 1000
20220820-080954
loosing coalitions taken
[2, 3, 6, 13, 25]
[1, 2, 8, 15, 16]
[1, 4, 8, 13, 14]
[1, 3, 7, 12, 21]
[1, 2, 10, 11, 14]
[1, 3, 8, 11, 18]
[1, 5, 6, 12, 20]
[1, 2, 7, 9]
[2, 3, 5, 22, 26]
[3, 5, 6, 7, 15]
[2, 4, 5, 17, 23]
[2, 4, 6, 14, 19]
[3, 4, 6, 9, 20]
[1, 4, 6, 26]
[3, 4, 5, 16, 27]
[16, 17, 18, 19, 20, 21, 22, 23, 24, 25, 26, 27, 28]


6
process id 7
stats
5, 16, 7, 100, 1000
20220820-080955
loosing coalitions taken
[1, 5, 6, 13, 23]
[3, 4, 6, 12, 21]
[2, 3, 5, 26, 27]
[2, 4, 5, 20]
[1, 2, 10, 11, 14]
[1, 3, 7, 10, 24]
[1, 4, 8, 12, 13]
[1, 2, 7, 16, 17]
[3, 4, 5, 15]
[2, 3, 6, 11]
[2, 4, 6, 15, 19]
[1, 3, 8, 14, 16]
[2, 3, 7, 8, 9]
[1, 4, 7, 11, 15]
[1, 4, 6, 28]
[16, 17, 18, 19, 20, 21, 22, 23, 24, 25, 26, 27, 28]


6
process id 5
stats
5, 16, 7, 100, 1000
20220820-081001
loosing coalitions taken
[1, 2, 9, 11, 13]
[2, 4, 6, 9, 25]
[2, 4, 5, 20]
[2, 3, 6, 14]
[1, 3, 8, 12, 15]
[1, 2, 7, 17, 19]
[2, 3, 5, 25, 28]
[3, 4, 6, 8, 28]
[1, 3, 7, 14, 21]
[1, 4, 8, 10, 13]
[2, 5, 6, 7, 16]
[1, 4, 6, 27]
[3, 4, 5, 18, 27]
[1, 2, 8, 14, 20]
[1, 5, 6, 15, 17]
[16, 17, 18, 19, 20, 21, 22, 23, 24, 25, 26, 27, 28]


6
process id 4
stats
5, 16, 7, 100, 1000
20220820-081001
loosing coalitions taken
[1, 2, 7, 12, 25]
[1, 2, 9, 10, 14]
[1, 4, 7, 10, 19]
[1, 5, 6, 15, 19]
[3, 4, 5, 21, 24]
[2, 4, 5, 18]
[1, 3, 7, 11, 22]
[1, 2, 8, 11, 19]
[1, 4, 8, 9, 12]
[1, 3, 8, 15, 16]
[2, 3, 6, 13, 25]
[2, 3, 5, 26, 27]
[3, 4, 6, 9, 22]
[1, 4, 6, 27]
[2, 4, 6, 10, 21]
[16, 17, 18, 19, 20, 21, 22, 23, 24, 25, 26, 27, 28]


5
process id 0
stats
5, 16, 7, 100, 1000
20220820-081005
loosing coalitions taken
[1, 2, 10, 12, 13]
[1, 5, 6, 13, 24]
[1, 3, 7, 10, 24]
[3, 4, 6, 13, 20]
[2, 3, 6, 14]
[3, 4, 5, 15]
[2, 3, 5, 21]
[2, 4, 5, 16]
[1, 4, 6, 28]
[1, 2, 7, 9]
[2, 4, 6, 15, 17]
[1, 4, 8, 9, 10]
[1, 3, 8, 12, 16]
[1, 4, 7, 14, 16]
[1, 2, 8, 14, 17]
[16, 17, 18, 19, 20, 21, 22, 23, 24, 25, 26, 27, 28]


6
process id 6
stats
5, 16, 7, 100, 1000
20220820-081005
loosing coalitions taken
[1, 2, 10, 12, 14]
[1, 3, 8, 15, 16]
[1, 3, 9, 10, 11]
[1, 2, 7, 9]
[3, 4, 5, 15]
[1, 5, 6, 16, 17]
[3, 4, 6, 8]
[2, 4, 6, 15, 18]
[2, 3, 5, 25]
[1, 4, 8, 9, 13]
[1, 3, 7, 13, 21]
[1, 4, 6, 27]
[2, 3, 6, 13]
[1, 4, 7, 11, 16]
[2, 4, 5, 21, 22]
[16, 17, 18, 19, 20, 21, 22, 23, 24, 25, 26, 27, 28]


6
process id 2
stats
5, 16, 7, 100, 1000
20220820-081006
loosing coalitions taken
[2, 4, 5, 20, 26]
[1, 2, 7, 17, 19]
[1, 2, 9, 11, 13]
[1, 4, 8, 10, 14]
[2, 3, 6, 16, 24]
[2, 3, 5, 22]
[1, 2, 8, 12, 20]
[1, 3, 7, 15, 21]
[3, 4, 6, 14, 17]
[1, 3, 8, 11, 18]
[3, 4, 5, 15]
[1, 4, 7, 13, 16]
[1, 5, 6, 9, 24]
[1, 4, 6, 28]
[2, 4, 6, 12, 21]
[16, 17, 18, 19, 20, 21, 22, 23, 24, 25, 26, 27, 28]


6
process id 1
stats
5, 16, 7, 100, 1000
20220820-081007
loosing coalitions taken
[1, 4, 8, 11, 14]
[1, 3, 7, 14, 20]
[2, 4, 5, 16]
[1, 2, 7, 10, 23]
[2, 3, 6, 12]
[1, 2, 9, 11, 13]
[1, 2, 8, 12, 17]
[2, 3, 5, 21]
[3, 4, 6, 14, 17]
[1, 5, 6, 13, 20]
[3, 4, 5, 15]
[1, 3, 8, 9, 16]
[1, 4, 7, 9, 17]
[1, 4, 6, 27]
[2, 4, 6, 15, 18]
[16, 17, 18, 19, 20, 21, 22, 23, 24, 25, 26, 27, 28]


6
process id 6
stats
5, 16, 7, 100, 1000
20220820-081014
loosing coalitions taken
[1, 2, 8, 14, 18]
[1, 3, 9, 10, 11]
[2, 3, 5, 24, 26]
[3, 4, 5, 17, 27]
[2, 4, 5, 16]
[2, 3, 6, 9]
[1, 3, 8, 13, 15]
[1, 2, 7, 11, 27]
[1, 3, 7, 14, 21]
[1, 5, 6, 10, 25]
[1, 4, 7, 10, 16]
[1, 4, 6, 28]
[2, 4, 6, 13, 21]
[3, 4, 6, 8]
[1, 4, 8, 9, 12]
[16, 17, 18, 19, 20, 21, 22, 23, 24, 25, 26, 27, 28]


5
process id 0
stats
5, 16, 7, 100, 1000
20220820-081017
loosing coalitions taken
[1, 4, 8, 12, 13]
[2, 4, 6, 11, 23]
[1, 2, 8, 9, 19]
[1, 3, 7, 12, 21]
[2, 3, 6, 14, 27]
[1, 2, 10, 11, 14]
[2, 3, 7, 8, 10]
[1, 5, 6, 14, 20]
[1, 3, 8, 11, 18]
[1, 2, 7, 13, 25]
[2, 3, 5, 21]
[3, 4, 5, 15]
[2, 4, 5, 16]
[1, 4, 7, 11, 17]
[1, 4, 6, 27]
[16, 17, 18, 19, 20, 21, 22, 23, 24, 25, 26, 27, 28]


6
process id 2
stats
5, 16, 7, 100, 1000
20220820-081017
loosing coalitions taken
[2, 3, 6, 14]
[1, 2, 7, 11, 23]
[1, 5, 6, 10, 23]
[2, 4, 5, 19, 25]
[1, 2, 8, 10, 21]
[1, 3, 8, 12, 18]
[1, 2, 9, 12, 13]
[1, 3, 7, 15, 17]
[2, 3, 5, 22]
[1, 4, 7, 8]
[1, 4, 6, 26]
[3, 4, 5, 18, 23]
[3, 4, 6, 12, 21]
[2, 4, 6, 9, 24]
[1, 3, 9, 10, 11]
[16, 17, 18, 19, 20, 21, 22, 23, 24, 25, 26, 27, 28]


6
process id 5
stats
5, 16, 7, 100, 1000
20220820-081024
loosing coalitions taken
[1, 4, 8, 13, 14]
[1, 5, 6, 12, 23]
[2, 3, 6, 18, 20]
[2, 4, 6, 11, 24]
[1, 3, 7, 14, 22]
[1, 2, 9, 11, 12]
[1, 3, 8, 11, 16]
[3, 4, 5, 16]
[2, 5, 6, 7, 14]
[1, 2, 8, 10, 19]
[2, 3, 5, 24]
[1, 4, 6, 27]
[2, 4, 5, 19, 26]
[1, 4, 7, 9, 18]
[3, 4, 6, 8]
[16, 17, 18, 19, 20, 21, 22, 23, 24, 25, 26, 27, 28]


6
process id 6
stats
5, 16, 7, 100, 1000
20220820-081028
loosing coalitions taken
[1, 3, 9, 10, 11]
[1, 5, 6, 11, 25]
[1, 2, 8, 9, 21]
[1, 2, 7, 11, 27]
[1, 3, 8, 12, 18]
[1, 3, 7, 14, 19]
[1, 2, 10, 12, 14]
[3, 4, 5, 15]
[2, 3, 6, 9]
[2, 3, 5, 22]
[1, 4, 7, 8]
[2, 4, 5, 17]
[1, 4, 6, 26]
[2, 4, 6, 15, 20]
[3, 4, 6, 8, 28]
[16, 17, 18, 19, 20, 21, 22, 23, 24, 25, 26, 27, 28]


6
process id 0
stats
5, 16, 7, 100, 1000
20220820-081029
loosing coalitions taken
[1, 5, 6, 16, 19]
[2, 4, 5, 20]
[1, 3, 8, 12, 18]
[1, 4, 8, 13, 14]
[1, 3, 7, 10, 23]
[1, 2, 7, 15, 18]
[2, 3, 5, 26, 28]
[2, 3, 6, 13]
[3, 4, 6, 8]
[3, 4, 5, 16, 23]
[2, 4, 6, 11, 23]
[1, 4, 6, 26]
[1, 2, 8, 10, 17]
[1, 4, 7, 9, 17]
[1, 2, 9, 11, 14]
[16, 17, 18, 19, 20, 21, 22, 23, 24, 25, 26, 27, 28]


6
process id 7
stats
5, 16, 7, 100, 1000
20220820-081029
loosing coalitions taken
[1, 4, 7, 11, 16]
[3, 4, 5, 16]
[1, 5, 6, 9, 23]
[1, 3, 7, 14, 20]
[1, 2, 8, 14, 16]
[1, 3, 8, 11, 19]
[1, 2, 9, 11, 12]
[2, 3, 6, 11]
[3, 4, 6, 13, 20]
[2, 3, 5, 22]
[2, 4, 5, 18]
[2, 4, 6, 16, 19]
[1, 4, 6, 28]
[1, 4, 8, 10, 13]
[1, 2, 7, 15, 19]
[16, 17, 18, 19, 20, 21, 22, 23, 24, 25, 26, 27, 28]


6
process id 4
stats
5, 16, 7, 100, 1000
20220820-081029
loosing coalitions taken
[2, 4, 5, 20, 27]
[1, 3, 7, 10, 23]
[1, 2, 7, 16, 19]
[1, 2, 8, 14, 17]
[1, 2, 9, 11, 12]
[1, 5, 6, 11, 25]
[2, 3, 6, 14]
[1, 4, 7, 13, 14]
[3, 4, 6, 8]
[1, 4, 6, 28]
[2, 3, 5, 23]
[3, 4, 5, 16]
[1, 3, 8, 12, 16]
[2, 4, 6, 12, 23]
[1, 4, 8, 10, 11]
[16, 17, 18, 19, 20, 21, 22, 23, 24, 25, 26, 27, 28]


6
process id 0
stats
5, 16, 7, 100, 1000
20220820-081037
loosing coalitions taken
[1, 2, 8, 11, 17]
[1, 3, 9, 10, 11]
[3, 4, 5, 16]
[2, 3, 6, 11]
[1, 2, 9, 12, 13]
[1, 3, 7, 12, 20]
[2, 4, 5, 17, 27]
[1, 4, 8, 10, 15]
[1, 2, 7, 16, 18]
[3, 4, 6, 8]
[2, 4, 6, 9, 21]
[2, 3, 5, 24, 28]
[1, 4, 6, 28]
[1, 5, 6, 13, 24]
[1, 3, 8, 14, 16]
[16, 17, 18, 19, 20, 21, 22, 23, 24, 25, 26, 27, 28]


6
process id 2
stats
5, 16, 7, 100, 1000
20220820-081039
loosing coalitions taken
[1, 5, 6, 10, 23]
[1, 4, 7, 10, 17]
[2, 4, 6, 11, 21]
[2, 4, 5, 20]
[2, 3, 6, 13, 26]
[1, 3, 8, 13, 16]
[1, 2, 8, 12, 17]
[1, 2, 9, 11, 14]
[1, 3, 7, 11, 23]
[3, 4, 6, 8]
[1, 4, 6, 27]
[2, 3, 5, 21]
[3, 4, 5, 16, 28]
[1, 2, 7, 13, 25]
[1, 3, 9, 10, 12]
[16, 17, 18, 19, 20, 21, 22, 23, 24, 25, 26, 27, 28]


6
process id 3
stats
5, 16, 7, 100, 1000
20220820-081045
loosing coalitions taken
[1, 2, 9, 12, 14]
[1, 5, 6, 11, 24]
[1, 4, 8, 12, 13]
[2, 4, 6, 10, 24]
[1, 2, 7, 17, 18]
[1, 3, 7, 12, 20]
[1, 2, 8, 10, 20]
[1, 3, 8, 9, 17]
[3, 4, 5, 15]
[1, 4, 6, 27]
[2, 3, 5, 25]
[2, 4, 5, 16]
[2, 3, 6, 13, 26]
[3, 4, 6, 8]
[1, 4, 7, 10, 15]
[16, 17, 18, 19, 20, 21, 22, 23, 24, 25, 26, 27, 28]


6
process id 7
stats
5, 16, 7, 100, 1000
20220820-081047
loosing coalitions taken
[1, 3, 7, 14, 21]
[1, 2, 8, 9, 18]
[2, 3, 6, 13]
[1, 3, 9, 10, 11]
[1, 2, 7, 11, 22]
[1, 5, 6, 9, 22]
[1, 4, 7, 13, 15]
[1, 3, 8, 12, 19]
[1, 4, 8, 10, 14]
[3, 4, 5, 16]
[2, 4, 6, 15, 17]
[1, 4, 6, 28]
[2, 3, 5, 25, 26]
[2, 4, 5, 18]
[3, 4, 6, 14, 18]
[16, 17, 18, 19, 20, 21, 22, 23, 24, 25, 26, 27, 28]


6
process id 4
stats
5, 16, 7, 100, 1000
20220820-081054
loosing coalitions taken
[2, 4, 5, 17]
[1, 2, 7, 12, 26]
[3, 5, 6, 7, 13]
[1, 2, 9, 10, 14]
[1, 3, 7, 9, 24]
[3, 4, 6, 9, 22]
[1, 3, 8, 12, 16]
[1, 4, 6, 28]
[1, 4, 8, 10, 13]
[2, 3, 5, 22, 26]
[2, 3, 6, 10, 27]
[1, 5, 6, 11, 23]
[3, 4, 5, 16]
[1, 2, 8, 11, 20]
[2, 4, 6, 15, 21]
[16, 17, 18, 19, 20, 21, 22, 23, 24, 25, 26, 27, 28]


6
process id 5
stats
5, 16, 7, 100, 1000
20220820-081055
loosing coalitions taken
[1, 2, 8, 13, 20]
[1, 3, 7, 12, 22]
[1, 5, 6, 15, 21]
[2, 3, 6, 14]
[1, 4, 7, 8]
[1, 3, 9, 10, 11]
[2, 4, 5, 18]
[2, 3, 5, 25, 27]
[2, 4, 6, 12, 20]
[1, 2, 7, 11, 27]
[1, 4, 6, 28]
[1, 3, 8, 15, 16]
[3, 4, 6, 15, 17]
[1, 2, 9, 12, 14]
[3, 4, 5, 16, 26]
[16, 17, 18, 19, 20, 21, 22, 23, 24, 25, 26, 27, 28]


6
process id 3
stats
5, 16, 7, 100, 1000
20220820-081059
loosing coalitions taken
[1, 3, 8, 14, 16]
[1, 5, 6, 9, 26]
[2, 3, 6, 14]
[2, 4, 5, 20, 22]
[1, 2, 9, 11, 12]
[2, 3, 5, 21]
[3, 4, 5, 16]
[1, 3, 7, 10, 20]
[1, 4, 6, 27]
[1, 4, 8, 10, 12]
[1, 2, 7, 13, 24]
[1, 4, 7, 11, 16]
[2, 4, 6, 15, 17]
[3, 4, 6, 8]
[2, 3, 7, 8, 9]
[16, 17, 18, 19, 20, 21, 22, 23, 24, 25, 26, 27, 28]


6
process id 2
stats
5, 16, 7, 100, 1000
20220820-081102
loosing coalitions taken
[3, 4, 5, 16]
[2, 3, 6, 11]
[1, 3, 7, 14, 21]
[1, 3, 8, 9, 18]
[1, 2, 9, 12, 14]
[1, 2, 7, 13, 25]
[1, 2, 8, 15, 16]
[3, 4, 6, 12, 17]
[1, 4, 6, 27]
[2, 4, 5, 17]
[1, 4, 8, 11, 13]
[1, 4, 7, 10, 16]
[2, 4, 6, 9, 25]
[2, 3, 5, 24, 27]
[1, 5, 6, 10, 25]
[16, 17, 18, 19, 20, 21, 22, 23, 24, 25, 26, 27, 28]


6
process id 0
stats
5, 16, 7, 100, 1000
20220820-081104
loosing coalitions taken
[2, 3, 6, 11]
[1, 3, 8, 15, 16]
[1, 2, 8, 10, 18]
[2, 4, 5, 17]
[1, 5, 6, 13, 24]
[1, 3, 7, 13, 17]
[1, 4, 6, 28]
[1, 4, 8, 9, 14]
[3, 4, 5, 15]
[2, 3, 5, 23]
[1, 2, 7, 9]
[3, 4, 6, 8]
[1, 4, 7, 10, 15]
[1, 3, 9, 10, 11]
[2, 4, 6, 13, 18]
[16, 17, 18, 19, 20, 21, 22, 23, 24, 25, 26, 27, 28]


6
process id 5
stats
5, 16, 7, 100, 1000
20220820-081111
loosing coalitions taken
[1, 3, 8, 11, 18]
[2, 3, 6, 19, 20]
[1, 5, 6, 11, 23]
[2, 3, 5, 22, 26]
[2, 4, 5, 20, 25]
[1, 3, 9, 10, 12]
[1, 2, 7, 9]
[2, 4, 6, 15, 18]
[3, 4, 5, 15]
[1, 2, 8, 10, 21]
[1, 4, 7, 10, 18]
[2, 5, 6, 8, 12]
[3, 4, 6, 9, 22]
[1, 3, 7, 15, 16]
[1, 4, 6, 27]
[16, 17, 18, 19, 20, 21, 22, 23, 24, 25, 26, 27, 28]


6
process id 6
stats
5, 16, 7, 100, 1000
20220820-081117
loosing coalitions taken
[1, 3, 8, 10, 19]
[1, 4, 8, 9, 13]
[1, 2, 8, 15, 17]
[1, 3, 7, 16, 17]
[2, 4, 5, 17]
[2, 3, 6, 19, 21]
[3, 4, 6, 9, 20]
[1, 2, 9, 10, 14]
[1, 5, 6, 16, 18]
[3, 4, 5, 18, 27]
[2, 3, 5, 25]
[2, 4, 6, 10, 24]
[1, 2, 7, 13, 22]
[1, 4, 6, 26]
[1, 4, 7, 10, 15]
[16, 17, 18, 19, 20, 21, 22, 23, 24, 25, 26, 27, 28]


6
process id 2
stats
5, 16, 7, 100, 1000
20220820-081118
loosing coalitions taken
[1, 2, 8, 9, 21]
[1, 2, 7, 17, 18]
[2, 4, 5, 18]
[1, 5, 6, 10, 22]
[1, 4, 8, 12, 13]
[1, 3, 8, 14, 15]
[1, 3, 7, 13, 21]
[3, 4, 6, 9, 19]
[2, 3, 6, 11]
[2, 3, 5, 25]
[1, 4, 7, 11, 15]
[3, 4, 5, 15]
[2, 4, 6, 12, 21]
[1, 4, 6, 27]
[1, 2, 10, 11, 14]
[16, 17, 18, 19, 20, 21, 22, 23, 24, 25, 26, 27, 28]


6
process id 0
stats
5, 16, 7, 100, 1000
20220820-081123
loosing coalitions taken
[1, 2, 8, 15, 16]
[1, 5, 6, 9, 23]
[1, 3, 7, 14, 17]
[2, 3, 5, 22]
[1, 3, 8, 9, 20]
[3, 4, 6, 12, 17]
[2, 4, 6, 10, 23]
[1, 2, 9, 10, 12]
[1, 4, 7, 11, 16]
[1, 4, 6, 26]
[2, 3, 6, 11, 27]
[1, 4, 8, 12, 14]
[3, 4, 5, 16, 23]
[2, 4, 5, 17]
[1, 2, 7, 13, 22]
[16, 17, 18, 19, 20, 21, 22, 23, 24, 25, 26, 27, 28]


5
process id 4
stats
5, 16, 7, 100, 1000
20220820-081126
loosing coalitions taken
[2, 4, 5, 17]
[1, 4, 8, 9, 15]
[1, 3, 7, 15, 21]
[1, 2, 7, 12, 25]
[1, 3, 8, 12, 16]
[1, 2, 8, 11, 21]
[2, 3, 6, 10]
[1, 4, 6, 28]
[2, 3, 5, 22]
[3, 4, 5, 19, 24]
[3, 4, 6, 13, 20]
[1, 5, 6, 9, 25]
[2, 4, 6, 12, 19]
[1, 4, 7, 11, 17]
[1, 2, 9, 10, 13]
[16, 17, 18, 19, 20, 21, 22, 23, 24, 25, 26, 27, 28]


6
process id 3
stats
5, 16, 7, 100, 1000
20220820-081133
loosing coalitions taken
[1, 5, 6, 10, 24]
[1, 3, 8, 11, 16]
[1, 4, 7, 10, 17]
[1, 3, 7, 14, 20]
[2, 4, 5, 21, 26]
[3, 4, 5, 20, 24]
[1, 2, 9, 10, 14]
[2, 3, 5, 22]
[1, 2, 8, 15, 17]
[1, 4, 6, 27]
[3, 4, 6, 8]
[2, 3, 6, 13]
[1, 2, 7, 13, 21]
[1, 4, 8, 13, 14]
[2, 4, 6, 16, 19]
[16, 17, 18, 19, 20, 21, 22, 23, 24, 25, 26, 27, 28]


6
process id 1
stats
5, 16, 7, 100, 1000
20220820-081135
loosing coalitions taken
[1, 2, 7, 12, 26]
[1, 3, 7, 15, 21]
[1, 4, 7, 8]
[1, 3, 9, 10, 12]
[2, 3, 6, 14]
[3, 4, 5, 17, 25]
[2, 3, 5, 21]
[2, 4, 5, 18, 23]
[1, 2, 8, 10, 21]
[2, 4, 6, 9, 24]
[1, 4, 6, 27]
[1, 2, 9, 11, 13]
[1, 3, 8, 14, 16]
[1, 5, 6, 13, 23]
[3, 4, 6, 8]
[16, 17, 18, 19, 20, 21, 22, 23, 24, 25, 26, 27, 28]


6
process id 3
stats
5, 16, 7, 100, 1000
20220820-081139
loosing coalitions taken
[1, 2, 7, 13, 24]
[1, 4, 8, 10, 15]
[2, 3, 5, 22]
[2, 4, 6, 13, 21]
[1, 3, 7, 15, 20]
[1, 2, 8, 11, 21]
[1, 4, 7, 9, 16]
[1, 3, 9, 10, 11]
[2, 4, 5, 19]
[1, 4, 6, 26]
[2, 3, 6, 12]
[3, 4, 6, 14, 19]
[3, 4, 5, 15]
[1, 3, 8, 12, 16]
[1, 5, 6, 11, 20]
[16, 17, 18, 19, 20, 21, 22, 23, 24, 25, 26, 27, 28]


6
process id 1
stats
5, 16, 7, 100, 1000
20220820-081148
loosing coalitions taken
[3, 4, 5, 17, 26]
[2, 3, 6, 12]
[1, 2, 8, 10, 20]
[1, 2, 7, 9, 27]
[1, 3, 8, 13, 16]
[1, 4, 8, 9, 15]
[1, 3, 7, 14, 22]
[2, 3, 5, 23]
[2, 4, 6, 13, 21]
[2, 4, 5, 20, 27]
[1, 3, 9, 10, 11]
[1, 4, 6, 27]
[1, 5, 6, 16, 19]
[3, 4, 6, 8]
[1, 4, 7, 12, 16]
[16, 17, 18, 19, 20, 21, 22, 23, 24, 25, 26, 27, 28]


6
process id 5
stats
5, 16, 7, 100, 1000
20220820-081152
loosing coalitions taken
[1, 2, 8, 11, 20]
[1, 5, 6, 15, 20]
[1, 4, 8, 10, 13]
[1, 3, 7, 9, 22]
[3, 4, 6, 11, 17]
[1, 3, 8, 12, 18]
[1, 2, 7, 10, 24]
[2, 3, 6, 12]
[2, 4, 5, 16]
[2, 3, 5, 22]
[1, 4, 6, 26]
[3, 4, 5, 15, 26]
[2, 4, 6, 9, 20]
[1, 2, 9, 12, 14]
[2, 5, 6, 7, 13]
[16, 17, 18, 19, 20, 21, 22, 23, 24, 25, 26, 27, 28]


6
process id 0
stats
5, 16, 7, 100, 1000
20220820-081153
loosing coalitions taken
[1, 5, 6, 11, 23]
[2, 4, 5, 20]
[1, 3, 7, 13, 21]
[1, 2, 10, 12, 14]
[2, 3, 6, 13]
[1, 4, 7, 8, 25]
[1, 3, 9, 10, 11]
[1, 2, 7, 9]
[3, 4, 5, 15]
[2, 3, 5, 24]
[1, 4, 6, 27]
[1, 3, 8, 12, 19]
[3, 4, 6, 8]
[2, 4, 6, 16, 19]
[1, 2, 8, 11, 20]
[16, 17, 18, 19, 20, 21, 22, 23, 24, 25, 26, 27, 28]


5
process id 2
stats
5, 16, 7, 100, 1000
20220820-081154
loosing coalitions taken
[1, 3, 8, 11, 17]
[1, 2, 10, 11, 12]
[1, 4, 7, 12, 16]
[1, 3, 7, 10, 23]
[3, 4, 6, 10, 21]
[1, 2, 8, 14, 18]
[1, 4, 8, 9, 13]
[1, 2, 7, 15, 21]
[2, 3, 6, 11]
[3, 4, 5, 15]
[1, 4, 6, 26]
[2, 3, 5, 22]
[1, 5, 6, 11, 24]
[2, 4, 5, 17]
[2, 4, 6, 14, 20]
[16, 17, 18, 19, 20, 21, 22, 23, 24, 25, 26, 27, 28]


6
process id 4
stats
5, 16, 7, 100, 1000
20220820-081158
loosing coalitions taken
[1, 4, 8, 11, 12]
[2, 4, 5, 19, 26]
[3, 4, 5, 15]
[1, 3, 7, 13, 22]
[2, 3, 6, 14]
[1, 2, 8, 13, 20]
[1, 5, 6, 12, 24]
[1, 3, 8, 10, 17]
[1, 4, 6, 27]
[3, 4, 6, 13, 16]
[2, 4, 6, 11, 22]
[1, 4, 7, 9, 16]
[2, 3, 5, 25]
[1, 2, 10, 11, 14]
[1, 2, 7, 12, 26]
[16, 17, 18, 19, 20, 21, 22, 23, 24, 25, 26, 27, 28]


6
process id 6
stats
5, 16, 7, 100, 1000
20220820-081201
loosing coalitions taken
[1, 4, 7, 14, 16]
[1, 3, 8, 15, 16]
[1, 3, 7, 9, 21]
[2, 4, 5, 17]
[2, 3, 6, 11]
[1, 5, 6, 15, 21]
[1, 2, 10, 12, 13]
[3, 4, 6, 8]
[2, 3, 5, 24]
[3, 4, 5, 20, 22]
[1, 2, 8, 11, 19]
[2, 4, 6, 14, 21]
[1, 4, 6, 27]
[1, 4, 8, 9, 10]
[1, 2, 7, 15, 20]
[16, 17, 18, 19, 20, 21, 22, 23, 24, 25, 26, 27, 28]


6
process id 7
stats
5, 16, 7, 100, 1000
20220820-081204
loosing coalitions taken
[2, 4, 5, 18]
[1, 2, 10, 11, 14]
[1, 3, 8, 13, 16]
[1, 4, 7, 10, 19]
[2, 3, 6, 14]
[1, 3, 7, 9, 23]
[1, 2, 7, 13, 24]
[2, 3, 5, 25]
[3, 4, 6, 15, 17]
[1, 4, 6, 28]
[1, 5, 6, 10, 22]
[3, 4, 5, 21, 24]
[1, 2, 8, 9, 20]
[2, 4, 6, 12, 23]
[1, 4, 8, 12, 14]
[16, 17, 18, 19, 20, 21, 22, 23, 24, 25, 26, 27, 28]


6
process id 2
stats
5, 16, 7, 100, 1000
20220820-081205
loosing coalitions taken
[1, 5, 6, 15, 20]
[3, 4, 6, 14, 20]
[1, 2, 7, 12, 22]
[1, 3, 9, 10, 12]
[1, 4, 7, 8, 24]
[1, 2, 8, 10, 19]
[1, 3, 7, 11, 21]
[3, 4, 5, 15]
[1, 2, 9, 11, 14]
[1, 3, 8, 14, 16]
[2, 4, 5, 18, 26]
[2, 3, 6, 12]
[2, 3, 5, 22]
[1, 4, 6, 28]
[2, 4, 6, 11, 23]
[16, 17, 18, 19, 20, 21, 22, 23, 24, 25, 26, 27, 28]


6
process id 3
stats
5, 16, 7, 100, 1000
20220820-081205
loosing coalitions taken
[1, 2, 9, 11, 14]
[1, 2, 8, 13, 18]
[1, 2, 7, 12, 25]
[1, 3, 8, 9, 16]
[1, 3, 7, 10, 23]
[2, 3, 6, 11]
[1, 5, 6, 16, 17]
[1, 4, 8, 10, 15]
[3, 4, 6, 8]
[3, 4, 5, 17, 26]
[2, 3, 5, 25]
[2, 4, 5, 20]
[2, 4, 6, 12, 18]
[1, 4, 6, 26]
[2, 5, 6, 7, 15]
[16, 17, 18, 19, 20, 21, 22, 23, 24, 25, 26, 27, 28]


6
process id 4
stats
5, 16, 7, 100, 1000
20220820-081213
loosing coalitions taken
[2, 4, 5, 20, 23]
[1, 2, 7, 9, 28]
[3, 4, 5, 17, 25]
[1, 4, 8, 9, 15]
[1, 3, 9, 10, 12]
[2, 4, 6, 11, 21]
[2, 3, 5, 22]
[1, 2, 8, 12, 19]
[1, 4, 7, 10, 16]
[1, 3, 7, 14, 17]
[1, 2, 10, 11, 14]
[2, 3, 6, 9]
[1, 4, 6, 28]
[3, 4, 6, 8]
[1, 5, 6, 13, 22]
[16, 17, 18, 19, 20, 21, 22, 23, 24, 25, 26, 27, 28]


6
process id 1
stats
5, 16, 7, 100, 1000
20220820-081215
loosing coalitions taken
[1, 2, 8, 12, 20]
[1, 2, 7, 10, 28]
[1, 2, 9, 11, 14]
[1, 5, 6, 11, 24]
[2, 3, 6, 15, 27]
[1, 3, 7, 11, 23]
[2, 3, 7, 8, 9]
[1, 3, 8, 10, 19]
[2, 4, 6, 9, 21]
[2, 4, 5, 17, 27]
[1, 4, 6, 28]
[3, 4, 6, 8]
[2, 3, 5, 23]
[3, 4, 5, 16]
[1, 4, 7, 14, 16]
[16, 17, 18, 19, 20, 21, 22, 23, 24, 25, 26, 27, 28]


6
process id 5
stats
5, 16, 7, 100, 1000
20220820-081217
loosing coalitions taken
[1, 2, 9, 12, 13]
[1, 5, 6, 9, 24]
[1, 3, 9, 10, 11]
[2, 3, 6, 12, 27]
[2, 4, 6, 14, 22]
[1, 2, 7, 10, 22]
[1, 4, 6, 27, 28]
[2, 3, 5, 22, 28]
[3, 4, 6, 11, 18]
[3, 4, 5, 16, 23]
[2, 4, 5, 18]
[1, 4, 7, 11, 17]
[1, 2, 8, 11, 21]
[1, 3, 8, 13, 15]
[1, 3, 7, 12, 18]
[16, 17, 18, 19, 20, 21, 22, 23, 24, 25, 26, 27, 28]


6
process id 4
stats
5, 16, 7, 100, 1000
20220820-081218
loosing coalitions taken
[1, 4, 7, 8]
[3, 4, 6, 14, 18]
[1, 2, 10, 12, 13]
[1, 3, 9, 10, 11]
[2, 4, 6, 16, 17]
[2, 3, 6, 10]
[1, 5, 6, 13, 22]
[1, 2, 7, 15, 18]
[2, 4, 5, 18]
[2, 3, 5, 21]
[3, 4, 5, 16, 23]
[1, 4, 6, 26]
[1, 2, 8, 11, 19]
[1, 3, 7, 13, 19]
[1, 3, 8, 12, 16]
[16, 17, 18, 19, 20, 21, 22, 23, 24, 25, 26, 27, 28]


6
process id 6
stats
5, 16, 7, 100, 1000
20220820-081221
loosing coalitions taken
[3, 5, 6, 7, 15]
[2, 4, 5, 18]
[2, 3, 6, 14]
[1, 3, 8, 12, 18]
[1, 4, 6, 28]
[2, 4, 6, 10, 24]
[1, 2, 9, 10, 11]
[1, 3, 7, 14, 19]
[1, 5, 6, 10, 22]
[1, 2, 7, 12, 26]
[3, 4, 6, 11, 20]
[1, 4, 8, 11, 14]
[2, 3, 5, 22, 28]
[3, 4, 5, 21, 23]
[1, 2, 8, 13, 20]
[16, 17, 18, 19, 20, 21, 22, 23, 24, 25, 26, 27, 28]


6
process id 4
stats
5, 16, 7, 100, 1000
20220820-081222
loosing coalitions taken
[1, 2, 9, 12, 14]
[1, 2, 7, 10, 27]
[1, 3, 8, 12, 19]
[1, 4, 7, 8]
[1, 5, 6, 10, 25]
[2, 4, 5, 16]
[2, 3, 5, 25]
[2, 3, 6, 13]
[1, 3, 7, 13, 21]
[2, 4, 6, 12, 19]
[1, 4, 6, 27]
[3, 4, 5, 15]
[3, 4, 6, 14, 17]
[1, 3, 9, 10, 11]
[1, 2, 8, 13, 18]
[16, 17, 18, 19, 20, 21, 22, 23, 24, 25, 26, 27, 28]


6
process id 7
stats
5, 16, 7, 100, 1000
20220820-081223
loosing coalitions taken
[2, 4, 6, 10, 23]
[1, 3, 9, 10, 11]
[3, 4, 6, 15, 17]
[1, 3, 7, 15, 19]
[2, 4, 5, 17, 26]
[1, 4, 8, 10, 13]
[1, 3, 8, 12, 17]
[1, 2, 8, 11, 18]
[3, 4, 5, 18, 24]
[1, 5, 6, 9, 23]
[2, 3, 6, 11]
[1, 4, 6, 26]
[1, 2, 7, 10, 24]
[2, 3, 5, 27, 28]
[1, 2, 9, 12, 14]
[16, 17, 18, 19, 20, 21, 22, 23, 24, 25, 26, 27, 28]


6
process id 0
stats
5, 16, 7, 100, 1000
20220820-081226
loosing coalitions taken
[1, 3, 8, 12, 18]
[1, 2, 7, 14, 23]
[1, 2, 8, 9, 19]
[3, 4, 5, 19, 26]
[2, 3, 5, 23]
[1, 2, 10, 11, 13]
[3, 4, 6, 13, 18]
[2, 4, 6, 15, 21]
[1, 3, 7, 15, 20]
[1, 4, 7, 9, 17]
[1, 5, 6, 9, 26]
[2, 3, 6, 12]
[2, 4, 5, 18]
[1, 4, 6, 28]
[1, 4, 8, 11, 14]
[16, 17, 18, 19, 20, 21, 22, 23, 24, 25, 26, 27, 28]


6
process id 5
stats
5, 16, 7, 100, 1000
20220820-081226
loosing coalitions taken
[1, 2, 7, 17, 19]
[2, 4, 5, 20]
[1, 3, 8, 12, 17]
[1, 3, 7, 13, 22]
[1, 4, 8, 10, 15]
[1, 2, 10, 11, 13]
[1, 5, 6, 12, 22]
[3, 4, 6, 15, 16]
[2, 3, 6, 12]
[2, 3, 5, 26, 28]
[1, 2, 8, 9, 18]
[2, 4, 6, 11, 21]
[2, 5, 6, 7, 15]
[1, 4, 6, 28]
[3, 4, 5, 17, 23]
[16, 17, 18, 19, 20, 21, 22, 23, 24, 25, 26, 27, 28]


5
process id 6
stats
5, 16, 7, 100, 1000
20220820-081227
loosing coalitions taken
[3, 4, 5, 15]
[1, 4, 8, 10, 13]
[1, 2, 9, 12, 14]
[2, 3, 6, 13]
[1, 2, 8, 11, 18]
[1, 3, 8, 12, 17]
[1, 3, 7, 10, 22]
[1, 5, 6, 12, 22]
[2, 4, 5, 16]
[2, 4, 6, 9, 23]
[2, 3, 5, 24]
[1, 4, 6, 27]
[1, 2, 7, 15, 19]
[3, 4, 6, 10, 21]
[1, 4, 7, 9, 16]
[16, 17, 18, 19, 20, 21, 22, 23, 24, 25, 26, 27, 28]


6
process id 2
stats
5, 16, 7, 100, 1000
20220820-081235
loosing coalitions taken
[1, 3, 7, 13, 21]
[1, 2, 7, 14, 24]
[2, 4, 6, 12, 23]
[1, 3, 9, 10, 11]
[1, 4, 8, 11, 14]
[3, 4, 5, 16]
[2, 3, 6, 14]
[1, 5, 6, 9, 25]
[1, 3, 8, 12, 18]
[1, 4, 7, 10, 18]
[2, 3, 5, 25, 27]
[1, 2, 8, 9, 22]
[2, 4, 5, 20, 28]
[3, 4, 6, 8]
[1, 4, 6, 26]
[16, 17, 18, 19, 20, 21, 22, 23, 24, 25, 26, 27, 28]


6
process id 7
stats
5, 16, 7, 100, 1000
20220820-081235
loosing coalitions taken
[1, 4, 8, 9, 15]
[2, 3, 6, 15, 25]
[1, 3, 7, 13, 21]
[2, 4, 5, 22, 23]
[3, 4, 6, 14, 17]
[1, 5, 6, 12, 22]
[1, 4, 7, 11, 17]
[1, 2, 9, 10, 13]
[1, 3, 8, 10, 17]
[3, 4, 5, 20, 21]
[2, 3, 5, 24]
[1, 4, 6, 27, 28]
[2, 4, 6, 12, 21]
[1, 2, 8, 12, 20]
[1, 2, 7, 14, 23]
[16, 17, 18, 19, 20, 21, 22, 23, 24, 25, 26, 27, 28]


6
process id 3
stats
5, 16, 7, 100, 1000
20220820-081236
loosing coalitions taken
[2, 3, 7, 8, 10]
[1, 4, 8, 12, 14]
[1, 5, 6, 13, 24]
[2, 3, 6, 12, 28]
[2, 3, 5, 24, 26]
[1, 3, 8, 15, 16]
[1, 2, 10, 12, 13]
[3, 4, 6, 10, 20]
[3, 5, 6, 7, 11]
[1, 2, 7, 16, 19]
[1, 3, 7, 14, 21]
[2, 4, 5, 21, 27]
[1, 4, 6, 27, 28]
[3, 4, 5, 15]
[1, 2, 8, 11, 18]
[16, 17, 18, 19, 20, 21, 22, 23, 24, 25, 26, 27, 28]


6
process id 6
stats
5, 16, 7, 100, 1000
20220820-081238
loosing coalitions taken
[2, 3, 6, 14]
[1, 4, 7, 10, 19]
[1, 3, 9, 10, 11]
[1, 2, 7, 12, 23]
[1, 5, 6, 16, 18]
[1, 3, 7, 13, 20]
[2, 4, 5, 17]
[1, 2, 8, 9, 22]
[2, 3, 5, 22]
[3, 4, 5, 15]
[1, 3, 8, 15, 16]
[1, 4, 6, 26]
[2, 4, 6, 15, 21]
[1, 4, 8, 12, 13]
[3, 4, 6, 8]
[16, 17, 18, 19, 20, 21, 22, 23, 24, 25, 26, 27, 28]


6
process id 1
stats
5, 16, 7, 100, 1000
20220820-081240
loosing coalitions taken
[1, 3, 7, 13, 22]
[1, 2, 7, 9]
[2, 4, 5, 17]
[2, 3, 6, 10]
[1, 3, 8, 12, 18]
[1, 4, 8, 13, 14]
[1, 5, 6, 15, 19]
[3, 4, 6, 8]
[1, 4, 6, 26]
[2, 3, 5, 23, 28]
[2, 4, 6, 11, 23]
[3, 4, 5, 16]
[1, 2, 8, 11, 20]
[1, 4, 7, 12, 15]
[1, 3, 9, 10, 11]
[16, 17, 18, 19, 20, 21, 22, 23, 24, 25, 26, 27, 28]


6
process id 3
stats
5, 16, 7, 100, 1000
20220820-081247
loosing coalitions taken
[2, 4, 6, 14, 22]
[1, 4, 7, 14, 15]
[1, 2, 8, 15, 16]
[1, 3, 7, 16, 19]
[1, 5, 6, 12, 21]
[1, 3, 8, 12, 18]
[1, 2, 7, 13, 22]
[2, 3, 6, 11]
[1, 2, 9, 10, 14]
[3, 4, 6, 8]
[3, 4, 5, 18, 24]
[2, 4, 5, 17]
[2, 3, 5, 22, 28]
[1, 4, 6, 28]
[2, 3, 7, 8, 10]
[16, 17, 18, 19, 20, 21, 22, 23, 24, 25, 26, 27, 28]


6
process id 2
stats
5, 16, 7, 100, 1000
20220820-081248
loosing coalitions taken
[2, 3, 6, 14]
[1, 4, 8, 13, 14]
[1, 3, 7, 11, 22]
[1, 2, 7, 16, 20]
[2, 4, 5, 21, 23]
[1, 2, 8, 11, 19]
[1, 2, 10, 12, 13]
[1, 5, 6, 13, 21]
[1, 4, 7, 9, 18]
[3, 4, 5, 15]
[1, 3, 8, 10, 16]
[1, 4, 6, 27]
[2, 4, 6, 16, 17]
[2, 3, 5, 25]
[3, 4, 6, 12, 19]
[16, 17, 18, 19, 20, 21, 22, 23, 24, 25, 26, 27, 28]


6
process id 7
stats
5, 16, 7, 100, 1000
20220820-081251
loosing coalitions taken
[1, 2, 8, 15, 17]
[1, 3, 7, 12, 21]
[1, 3, 8, 11, 16]
[1, 5, 6, 15, 21]
[2, 4, 5, 19, 27]
[3, 4, 5, 20, 24]
[1, 4, 7, 11, 17]
[2, 3, 5, 25, 28]
[2, 3, 6, 10]
[3, 4, 6, 8]
[1, 4, 6, 26]
[1, 2, 7, 10, 22]
[2, 4, 6, 12, 18]
[2, 3, 7, 8, 9]
[1, 2, 9, 12, 13]
[16, 17, 18, 19, 20, 21, 22, 23, 24, 25, 26, 27, 28]


6
process id 3
stats
5, 16, 7, 100, 1000
20220820-081252
loosing coalitions taken
[2, 3, 6, 13]
[1, 3, 9, 10, 12]
[1, 2, 7, 16, 21]
[1, 3, 7, 14, 18]
[3, 4, 5, 15]
[1, 4, 7, 8, 23]
[1, 2, 10, 11, 14]
[2, 3, 5, 24]
[1, 3, 8, 11, 19]
[2, 4, 5, 18]
[2, 4, 6, 9, 25]
[3, 4, 6, 8]
[1, 2, 8, 15, 17]
[1, 4, 6, 28]
[1, 5, 6, 10, 26]
[16, 17, 18, 19, 20, 21, 22, 23, 24, 25, 26, 27, 28]


6
process id 6
stats
5, 16, 7, 100, 1000
20220820-081253
loosing coalitions taken
[3, 4, 5, 17, 27]
[2, 3, 5, 25]
[1, 4, 8, 10, 15]
[1, 3, 7, 16, 18]
[1, 2, 7, 9]
[3, 4, 6, 12, 21]
[1, 4, 6, 27]
[2, 3, 6, 10]
[2, 4, 5, 18]
[1, 2, 8, 12, 18]
[2, 4, 6, 9, 20]
[1, 3, 8, 11, 17]
[1, 5, 6, 11, 24]
[3, 5, 6, 7, 14]
[1, 2, 10, 11, 13]
[16, 17, 18, 19, 20, 21, 22, 23, 24, 25, 26, 27, 28]


5
process id 3
stats
5, 16, 7, 100, 1000
20220820-081254
loosing coalitions taken
[1, 5, 6, 9, 25]
[1, 4, 8, 12, 13]
[1, 2, 7, 12, 24]
[2, 3, 6, 9]
[1, 2, 8, 10, 21]
[2, 4, 5, 19]
[1, 3, 8, 11, 19]
[2, 3, 5, 25]
[1, 3, 7, 14, 20]
[3, 4, 5, 15]
[1, 4, 6, 28]
[2, 4, 6, 16, 18]
[1, 4, 7, 11, 17]
[1, 2, 9, 11, 13]
[3, 4, 6, 12, 21]
[16, 17, 18, 19, 20, 21, 22, 23, 24, 25, 26, 27, 28]


6
process id 7
stats
5, 16, 7, 100, 1000
20220820-081301
loosing coalitions taken
[1, 3, 8, 11, 17]
[1, 3, 9, 10, 12]
[1, 4, 7, 9, 19]
[1, 3, 7, 15, 20]
[1, 5, 6, 13, 21]
[1, 2, 7, 17, 18]
[2, 3, 6, 14]
[2, 4, 5, 20]
[1, 4, 6, 26]
[3, 4, 5, 17, 27]
[2, 3, 5, 21]
[1, 2, 8, 15, 16]
[3, 4, 6, 10, 20]
[2, 4, 6, 13, 18]
[2, 5, 6, 8, 10]
[16, 17, 18, 19, 20, 21, 22, 23, 24, 25, 26, 27, 28]


6
process id 3
stats
5, 16, 7, 100, 1000
20220820-081304
loosing coalitions taken
[2, 4, 5, 21, 24]
[1, 3, 7, 13, 22]
[1, 4, 8, 9, 14]
[2, 4, 6, 11, 23]
[3, 4, 6, 9, 19]
[1, 4, 7, 12, 16]
[1, 3, 9, 10, 11]
[1, 2, 10, 12, 14]
[1, 5, 6, 10, 25]
[1, 2, 8, 13, 17]
[1, 3, 8, 12, 18]
[1, 2, 7, 9]
[2, 3, 6, 14]
[3, 4, 5, 18, 22]
[1, 4, 6, 26]
[16, 17, 18, 19, 20, 21, 22, 23, 24, 25, 26, 27, 28]


6
process id 4
stats
5, 16, 7, 100, 1000
20220820-081305
loosing coalitions taken
[1, 2, 9, 10, 14]
[1, 4, 7, 10, 19]
[1, 2, 7, 11, 24]
[1, 2, 8, 13, 17]
[2, 4, 6, 13, 20]
[2, 3, 6, 11]
[1, 3, 8, 9, 18]
[2, 4, 5, 19]
[1, 5, 6, 10, 24]
[3, 4, 5, 15]
[2, 3, 5, 25, 27]
[3, 4, 6, 8]
[1, 4, 8, 11, 14]
[1, 4, 6, 27]
[1, 3, 7, 15, 21]
[16, 17, 18, 19, 20, 21, 22, 23, 24, 25, 26, 27, 28]


6
process id 0
stats
5, 16, 7, 100, 1000
20220820-081307
loosing coalitions taken
[1, 5, 6, 13, 24]
[1, 3, 9, 10, 11]
[1, 4, 7, 9, 19]
[2, 4, 5, 18]
[2, 3, 6, 14]
[1, 3, 8, 12, 19]
[1, 3, 7, 13, 21]
[1, 2, 7, 10, 28]
[1, 4, 6, 27]
[2, 3, 7, 8, 9]
[3, 4, 6, 8]
[2, 3, 5, 22, 28]
[3, 4, 5, 17, 25]
[2, 4, 6, 12, 21]
[1, 4, 8, 10, 15]
[16, 17, 18, 19, 20, 21, 22, 23, 24, 25, 26, 27, 28]


6
process id 1
stats
5, 16, 7, 100, 1000
20220820-081307
loosing coalitions taken
[1, 3, 8, 14, 16]
[1, 5, 6, 15, 18]
[1, 4, 8, 12, 13]
[2, 4, 5, 20]
[2, 3, 5, 24]
[1, 2, 7, 14, 21]
[1, 4, 6, 28]
[3, 4, 6, 11, 18]
[2, 4, 6, 14, 17]
[1, 2, 8, 15, 17]
[1, 4, 7, 11, 16]
[1, 3, 7, 10, 23]
[3, 4, 5, 19, 25]
[2, 3, 6, 9]
[1, 2, 9, 11, 13]
[16, 17, 18, 19, 20, 21, 22, 23, 24, 25, 26, 27, 28]


6
process id 6
stats
5, 16, 7, 100, 1000
20220820-081307
loosing coalitions taken
[1, 3, 7, 14, 22]
[2, 4, 5, 19]
[2, 3, 6, 12]
[1, 5, 6, 10, 24]
[1, 3, 8, 9, 20]
[1, 2, 7, 11, 23]
[1, 4, 8, 13, 14]
[1, 2, 9, 10, 14]
[3, 4, 6, 11, 17]
[2, 3, 5, 24, 27]
[2, 4, 6, 13, 20]
[1, 4, 6, 26]
[3, 4, 5, 16]
[1, 2, 8, 12, 19]
[1, 4, 7, 9, 18]
[16, 17, 18, 19, 20, 21, 22, 23, 24, 25, 26, 27, 28]


6
process id 5
stats
5, 16, 7, 100, 1000
20220820-081317
loosing coalitions taken
[1, 3, 7, 13, 22]
[1, 5, 6, 9, 25]
[3, 4, 6, 14, 20]
[1, 4, 7, 8]
[1, 2, 10, 12, 13]
[1, 3, 9, 10, 11]
[2, 4, 5, 16]
[2, 3, 6, 11]
[1, 2, 8, 9, 19]
[2, 3, 5, 21]
[3, 4, 5, 15]
[2, 4, 6, 10, 23]
[1, 4, 6, 28]
[1, 3, 8, 14, 15]
[1, 2, 7, 15, 20]
[16, 17, 18, 19, 20, 21, 22, 23, 24, 25, 26, 27, 28]


6
process id 7
stats
5, 16, 7, 100, 1000
20220820-081322
loosing coalitions taken
[1, 4, 7, 11, 17]
[1, 5, 6, 10, 23]
[1, 2, 7, 10, 25]
[1, 2, 9, 11, 12]
[1, 3, 7, 15, 18]
[2, 3, 6, 13]
[2, 4, 5, 19]
[1, 4, 8, 13, 14]
[1, 2, 8, 15, 16]
[1, 4, 6, 28]
[3, 4, 6, 8]
[1, 3, 8, 9, 19]
[3, 4, 5, 17, 22]
[2, 3, 5, 23]
[2, 4, 6, 9, 22]
[16, 17, 18, 19, 20, 21, 22, 23, 24, 25, 26, 27, 28]


6
process id 3
stats
5, 16, 7, 100, 1000
20220820-081324
loosing coalitions taken
[2, 3, 5, 23]
[1, 4, 7, 12, 16]
[1, 2, 7, 17, 18]
[1, 2, 9, 12, 14]
[1, 2, 8, 11, 19]
[1, 3, 8, 14, 16]
[1, 3, 7, 15, 19]
[1, 4, 6, 28]
[3, 4, 5, 16]
[1, 5, 6, 10, 24]
[3, 4, 6, 12, 17]
[2, 3, 6, 14]
[2, 4, 5, 18]
[1, 4, 8, 10, 13]
[2, 4, 6, 9, 23]
[16, 17, 18, 19, 20, 21, 22, 23, 24, 25, 26, 27, 28]


6
process id 1
stats
5, 16, 7, 100, 1000
20220820-081328
loosing coalitions taken
[2, 3, 6, 12]
[2, 4, 5, 19]
[1, 3, 8, 10, 16]
[1, 2, 7, 10, 23]
[1, 5, 6, 14, 21]
[1, 4, 8, 11, 13]
[1, 2, 8, 14, 18]
[1, 3, 7, 13, 19]
[3, 4, 6, 9, 20]
[3, 4, 5, 15, 27]
[2, 3, 5, 23, 28]
[1, 4, 6, 27]
[1, 2, 9, 12, 13]
[2, 4, 6, 11, 24]
[2, 5, 6, 7, 16]
[16, 17, 18, 19, 20, 21, 22, 23, 24, 25, 26, 27, 28]


6
process id 2
stats
5, 16, 7, 100, 1000
20220820-081331
loosing coalitions taken
[2, 3, 5, 25]
[3, 4, 6, 13, 21]
[1, 5, 6, 15, 19]
[1, 2, 7, 9]
[1, 3, 8, 10, 19]
[1, 4, 6, 27]
[2, 3, 6, 10, 27]
[3, 4, 5, 18, 26]
[2, 4, 6, 12, 20]
[1, 4, 8, 9, 12]
[1, 4, 7, 10, 17]
[1, 2, 8, 11, 21]
[2, 4, 5, 17]
[1, 2, 10, 12, 13]
[1, 3, 7, 11, 23]
[16, 17, 18, 19, 20, 21, 22, 23, 24, 25, 26, 27, 28]


6
process id 6
stats
5, 16, 7, 100, 1000
20220820-081331
loosing coalitions taken
[1, 2, 9, 12, 14]
[1, 5, 6, 9, 25]
[1, 3, 7, 16, 17]
[1, 2, 8, 13, 17]
[1, 4, 8, 10, 12]
[1, 3, 8, 9, 18]
[3, 4, 5, 19, 26]
[3, 4, 6, 14, 18]
[2, 3, 6, 13]
[2, 3, 5, 24, 27]
[2, 4, 6, 11, 22]
[2, 4, 5, 18]
[1, 4, 6, 26]
[2, 5, 6, 7, 16]
[2, 3, 7, 8, 10]
[16, 17, 18, 19, 20, 21, 22, 23, 24, 25, 26, 27, 28]


6
process id 4
stats
5, 16, 7, 100, 1000
20220820-081333
loosing coalitions taken
[1, 3, 8, 10, 18]
[1, 2, 9, 12, 13]
[3, 4, 6, 14, 18]
[2, 4, 5, 18]
[1, 2, 7, 10, 24]
[1, 4, 8, 11, 13]
[1, 2, 8, 14, 16]
[1, 3, 7, 15, 20]
[2, 3, 5, 27, 28]
[3, 4, 5, 16]
[2, 4, 6, 12, 21]
[1, 5, 6, 9, 25]
[2, 3, 6, 11]
[1, 4, 6, 26]
[2, 5, 6, 7, 15]
[16, 17, 18, 19, 20, 21, 22, 23, 24, 25, 26, 27, 28]


6
process id 0
stats
5, 16, 7, 100, 1000
20220820-081333
loosing coalitions taken
[1, 4, 7, 8]
[2, 3, 6, 14]
[1, 3, 9, 10, 12]
[1, 2, 10, 11, 13]
[1, 5, 6, 9, 23]
[2, 4, 5, 17]
[3, 4, 5, 19, 26]
[1, 2, 7, 9]
[2, 3, 5, 24]
[1, 4, 6, 28]
[1, 2, 8, 14, 16]
[3, 4, 6, 10, 17]
[1, 3, 7, 14, 20]
[2, 4, 6, 12, 21]
[2, 5, 6, 8, 11]
[16, 17, 18, 19, 20, 21, 22, 23, 24, 25, 26, 27, 28]


6
process id 2
stats
5, 16, 7, 100, 1000
20220820-081336
loosing coalitions taken
[3, 4, 5, 16]
[1, 2, 9, 11, 13]
[1, 5, 6, 10, 26]
[1, 4, 7, 9, 18]
[1, 3, 8, 9, 19]
[1, 2, 7, 10, 27]
[1, 2, 8, 15, 17]
[1, 3, 7, 12, 22]
[2, 3, 5, 23]
[2, 4, 5, 20, 26]
[2, 3, 6, 14]
[3, 4, 6, 8]
[1, 4, 6, 28]
[2, 4, 6, 12, 22]
[1, 4, 8, 10, 14]
[16, 17, 18, 19, 20, 21, 22, 23, 24, 25, 26, 27, 28]


6
process id 6
stats
5, 16, 7, 100, 1000
20220820-081337
loosing coalitions taken
[1, 2, 8, 11, 18]
[2, 3, 6, 13, 25]
[1, 2, 7, 9]
[2, 3, 5, 24]
[1, 4, 8, 10, 14]
[1, 5, 6, 13, 21]
[2, 4, 6, 15, 16]
[1, 3, 8, 13, 16]
[1, 4, 6, 28]
[1, 3, 7, 15, 19]
[2, 4, 5, 17]
[3, 4, 5, 15]
[2, 3, 7, 8, 10]
[3, 4, 6, 11, 21]
[1, 2, 10, 12, 13]
[16, 17, 18, 19, 20, 21, 22, 23, 24, 25, 26, 27, 28]


6
process id 5
stats
5, 16, 7, 100, 1000
20220820-081344
loosing coalitions taken
[2, 4, 5, 21, 28]
[2, 4, 6, 9, 25]
[1, 2, 10, 11, 14]
[2, 3, 5, 25]
[3, 4, 6, 11, 20]
[1, 3, 9, 10, 12]
[1, 2, 7, 16, 18]
[3, 4, 5, 15]
[1, 3, 7, 15, 17]
[1, 5, 6, 14, 21]
[1, 3, 8, 11, 19]
[1, 4, 7, 8]
[2, 3, 6, 12]
[1, 4, 6, 28]
[1, 2, 8, 9, 22]
[16, 17, 18, 19, 20, 21, 22, 23, 24, 25, 26, 27, 28]


6
process id 7
stats
5, 16, 7, 100, 1000
20220820-081345
loosing coalitions taken
[2, 3, 6, 13]
[1, 4, 8, 10, 14]
[2, 4, 5, 20]
[1, 3, 7, 15, 21]
[1, 3, 9, 10, 12]
[1, 3, 8, 11, 18]
[1, 2, 8, 9, 22]
[1, 2, 7, 10, 24]
[3, 4, 5, 16]
[3, 4, 6, 11, 19]
[2, 4, 6, 10, 22]
[1, 5, 6, 12, 24]
[1, 4, 6, 26]
[2, 3, 5, 23]
[1, 4, 7, 9, 19]
[16, 17, 18, 19, 20, 21, 22, 23, 24, 25, 26, 27, 28]


6
process id 6
stats
5, 16, 7, 100, 1000
20220820-081347
loosing coalitions taken
[1, 3, 8, 12, 19]
[2, 4, 6, 14, 21]
[2, 3, 5, 25]
[1, 2, 9, 11, 12]
[1, 2, 7, 10, 26]
[3, 4, 6, 13, 19]
[1, 3, 7, 14, 22]
[1, 2, 8, 13, 16]
[2, 3, 6, 11]
[1, 4, 6, 27]
[1, 5, 6, 13, 24]
[3, 4, 5, 16]
[2, 4, 5, 18]
[1, 4, 7, 11, 17]
[1, 4, 8, 10, 14]
[16, 17, 18, 19, 20, 21, 22, 23, 24, 25, 26, 27, 28]


6
process id 1
stats
5, 16, 7, 100, 1000
20220820-081350
loosing coalitions taken
[1, 2, 9, 10, 13]
[1, 2, 8, 14, 19]
[2, 3, 5, 23]
[1, 2, 7, 16, 17]
[2, 4, 6, 13, 21]
[3, 4, 6, 14, 17]
[2, 4, 5, 18]
[1, 3, 8, 9, 18]
[1, 5, 6, 16, 19]
[2, 3, 6, 10]
[1, 3, 7, 11, 22]
[1, 4, 8, 11, 13]
[1, 4, 6, 26]
[1, 4, 7, 10, 15]
[3, 4, 5, 16]
[16, 17, 18, 19, 20, 21, 22, 23, 24, 25, 26, 27, 28]


6
process id 4
stats
5, 16, 7, 100, 1000
20220820-081350
loosing coalitions taken
[3, 4, 5, 17, 28]
[1, 2, 10, 12, 14]
[1, 4, 7, 13, 16]
[1, 3, 8, 11, 17]
[2, 3, 6, 14]
[1, 2, 8, 13, 20]
[1, 2, 7, 9]
[1, 5, 6, 14, 20]
[1, 4, 6, 26]
[3, 4, 6, 11, 18]
[2, 4, 6, 12, 21]
[1, 3, 7, 10, 21]
[2, 3, 5, 21]
[2, 4, 5, 16]
[1, 4, 8, 9, 10]
[16, 17, 18, 19, 20, 21, 22, 23, 24, 25, 26, 27, 28]


6
process id 2
stats
5, 16, 7, 100, 1000
20220820-081352
loosing coalitions taken
[1, 2, 7, 17, 18]
[1, 3, 8, 13, 16]
[1, 3, 7, 11, 20]
[1, 2, 8, 12, 21]
[3, 4, 5, 16]
[2, 3, 6, 15, 26]
[1, 3, 9, 10, 12]
[2, 4, 6, 14, 22]
[2, 4, 5, 19]
[3, 4, 6, 9, 20]
[2, 3, 5, 23, 25]
[1, 2, 10, 11, 13]
[1, 4, 7, 8]
[1, 4, 6, 26]
[1, 5, 6, 14, 19]
[16, 17, 18, 19, 20, 21, 22, 23, 24, 25, 26, 27, 28]


6
process id 5
stats
5, 16, 7, 100, 1000
20220820-081353
loosing coalitions taken
[1, 3, 7, 16, 17]
[1, 2, 7, 9]
[2, 4, 5, 17]
[1, 3, 8, 11, 19]
[3, 4, 6, 15, 16]
[1, 4, 8, 9, 13]
[2, 3, 6, 12]
[3, 4, 5, 20, 22]
[1, 4, 6, 28]
[1, 2, 10, 11, 13]
[1, 5, 6, 13, 23]
[2, 4, 6, 10, 20]
[2, 3, 5, 24]
[2, 3, 7, 8, 10]
[1, 4, 7, 11, 15]
[16, 17, 18, 19, 20, 21, 22, 23, 24, 25, 26, 27, 28]


6
process id 6
stats
5, 16, 7, 100, 1000
20220820-081357
loosing coalitions taken
[1, 3, 8, 15, 16]
[3, 4, 6, 13, 20]
[1, 4, 8, 12, 14]
[1, 4, 7, 9, 19]
[1, 3, 9, 10, 11]
[1, 2, 7, 16, 21]
[2, 4, 6, 9, 23]
[1, 2, 9, 12, 13]
[3, 4, 5, 18, 24]
[2, 3, 6, 12]
[2, 4, 5, 16]
[1, 5, 6, 15, 21]
[1, 4, 6, 26]
[1, 3, 7, 13, 22]
[1, 2, 8, 11, 18]
[16, 17, 18, 19, 20, 21, 22, 23, 24, 25, 26, 27, 28]


6
process id 5
stats
5, 16, 7, 100, 1000
20220820-081401
loosing coalitions taken
[1, 4, 7, 10, 19]
[1, 2, 8, 13, 18]
[1, 5, 6, 11, 22]
[1, 3, 8, 11, 17]
[1, 3, 7, 13, 20]
[2, 4, 5, 19, 26]
[1, 2, 7, 9]
[2, 3, 6, 14]
[2, 3, 5, 23]
[3, 4, 6, 8]
[3, 4, 5, 15]
[2, 4, 6, 11, 20]
[1, 4, 6, 27]
[1, 4, 8, 9, 15]
[1, 2, 10, 12, 14]
[16, 17, 18, 19, 20, 21, 22, 23, 24, 25, 26, 27, 28]


6
process id 4
stats
5, 16, 7, 100, 1000
20220820-081402
loosing coalitions taken
[3, 4, 5, 17, 26]
[1, 5, 6, 11, 25]
[2, 4, 5, 18]
[2, 3, 6, 9]
[1, 2, 7, 16, 19]
[1, 2, 8, 15, 17]
[1, 4, 8, 10, 14]
[1, 4, 7, 13, 15]
[1, 3, 8, 11, 18]
[2, 3, 5, 23]
[3, 4, 6, 8]
[2, 4, 6, 12, 20]
[1, 4, 6, 28]
[1, 2, 9, 10, 11]
[2, 5, 6, 7, 14]
[16, 17, 18, 19, 20, 21, 22, 23, 24, 25, 26, 27, 28]


6
process id 0
stats
5, 16, 7, 100, 1000
20220820-081403
loosing coalitions taken
[1, 5, 6, 10, 22]
[1, 2, 7, 17, 18]
[1, 2, 9, 10, 12]
[1, 4, 8, 10, 15]
[1, 2, 8, 11, 20]
[3, 4, 6, 11, 18]
[2, 4, 5, 17]
[2, 3, 6, 9]
[2, 3, 5, 24, 27]
[3, 4, 5, 16]
[1, 3, 7, 16, 19]
[2, 5, 6, 7, 16]
[1, 4, 6, 27]
[2, 4, 6, 15, 19]
[1, 3, 8, 12, 17]
[16, 17, 18, 19, 20, 21, 22, 23, 24, 25, 26, 27, 28]


5
process id 4
stats
5, 16, 7, 100, 1000
20220820-081404
loosing coalitions taken
[2, 4, 5, 19]
[1, 3, 8, 11, 18]
[1, 3, 9, 10, 12]
[2, 3, 6, 11, 27]
[1, 2, 10, 11, 14]
[1, 2, 8, 12, 20]
[1, 2, 7, 9]
[3, 4, 6, 10, 17]
[2, 3, 5, 25]
[1, 5, 6, 16, 17]
[3, 4, 5, 15]
[1, 4, 6, 28]
[1, 4, 7, 8]
[2, 4, 6, 14, 22]
[1, 3, 7, 14, 19]
[16, 17, 18, 19, 20, 21, 22, 23, 24, 25, 26, 27, 28]


6
process id 7
stats
5, 16, 7, 100, 1000
20220820-081404
loosing coalitions taken
[1, 2, 9, 10, 13]
[3, 4, 6, 14, 18]
[1, 3, 7, 13, 19]
[1, 3, 8, 10, 17]
[2, 4, 5, 16]
[2, 3, 6, 11]
[1, 4, 8, 9, 15]
[1, 2, 8, 12, 21]
[1, 2, 7, 14, 22]
[1, 5, 6, 11, 20]
[3, 4, 5, 15]
[2, 3, 5, 21]
[1, 4, 6, 26]
[2, 4, 6, 13, 17]
[1, 4, 7, 11, 16]
[16, 17, 18, 19, 20, 21, 22, 23, 24, 25, 26, 27, 28]


6
process id 3
stats
5, 16, 7, 100, 1000
20220820-081405
loosing coalitions taken
[1, 5, 6, 13, 23]
[1, 2, 9, 11, 14]
[1, 4, 7, 10, 16]
[1, 3, 7, 15, 20]
[1, 2, 8, 12, 18]
[2, 3, 6, 13]
[1, 2, 7, 17, 19]
[1, 3, 8, 10, 17]
[2, 3, 5, 24]
[1, 4, 6, 27]
[2, 4, 6, 10, 22]
[3, 4, 5, 15]
[3, 4, 6, 8]
[2, 4, 5, 18]
[1, 4, 8, 11, 13]
[16, 17, 18, 19, 20, 21, 22, 23, 24, 25, 26, 27, 28]


6
process id 3
stats
5, 16, 7, 100, 1000
20220820-081410
loosing coalitions taken
[1, 2, 8, 11, 19]
[2, 3, 6, 11]
[1, 3, 8, 10, 17]
[1, 5, 6, 10, 24]
[1, 3, 7, 16, 18]
[1, 4, 7, 11, 17]
[1, 2, 7, 15, 22]
[3, 4, 5, 15]
[2, 4, 6, 12, 21]
[2, 3, 5, 21]
[1, 4, 6, 27]
[2, 4, 5, 18]
[3, 4, 6, 8]
[1, 2, 9, 10, 12]
[1, 4, 8, 9, 14]
[16, 17, 18, 19, 20, 21, 22, 23, 24, 25, 26, 27, 28]


6
process id 1
stats
5, 16, 7, 100, 1000
20220820-081411
loosing coalitions taken
[1, 3, 9, 10, 12]
[1, 2, 8, 13, 20]
[2, 4, 5, 18]
[1, 3, 7, 11, 23]
[1, 5, 6, 12, 22]
[2, 3, 6, 14]
[1, 2, 7, 16, 19]
[1, 3, 8, 15, 16]
[2, 3, 5, 24]
[3, 4, 6, 15, 17]
[2, 4, 6, 10, 23]
[1, 4, 7, 13, 14]
[3, 4, 5, 20, 21]
[1, 2, 9, 11, 14]
[1, 4, 6, 27]
[16, 17, 18, 19, 20, 21, 22, 23, 24, 25, 26, 27, 28]


6
process id 7
stats
5, 16, 7, 100, 1000
20220820-081412
loosing coalitions taken
[3, 4, 6, 9, 22]
[1, 3, 8, 11, 17]
[1, 2, 9, 11, 14]
[1, 3, 9, 10, 12]
[2, 3, 6, 14]
[1, 3, 7, 16, 18]
[1, 2, 8, 12, 21]
[2, 4, 5, 20]
[2, 4, 6, 15, 19]
[1, 4, 7, 8]
[1, 4, 6, 27]
[1, 5, 6, 14, 17]
[2, 3, 5, 25]
[3, 4, 5, 16, 26]
[1, 2, 7, 10, 22]
[16, 17, 18, 19, 20, 21, 22, 23, 24, 25, 26, 27, 28]


6
process id 4
stats
5, 16, 7, 100, 1000
20220820-081412
loosing coalitions taken
[1, 2, 7, 11, 23]
[1, 2, 8, 10, 21]
[2, 3, 6, 11]
[3, 4, 5, 16]
[1, 2, 9, 12, 13]
[2, 3, 5, 21]
[2, 4, 5, 20]
[1, 3, 8, 9, 20]
[1, 5, 6, 11, 24]
[2, 4, 6, 10, 23]
[1, 4, 7, 10, 17]
[1, 3, 7, 16, 19]
[1, 4, 6, 26]
[1, 4, 8, 12, 14]
[3, 4, 6, 8]
[16, 17, 18, 19, 20, 21, 22, 23, 24, 25, 26, 27, 28]


5
process id 5
stats
5, 16, 7, 100, 1000
20220820-081423
loosing coalitions taken
[1, 4, 8, 10, 13]
[1, 3, 8, 11, 19]
[1, 2, 7, 15, 20]
[2, 4, 5, 19]
[1, 4, 7, 14, 16]
[2, 3, 6, 10]
[1, 2, 8, 9, 17]
[2, 3, 5, 22]
[3, 4, 5, 16]
[1, 4, 6, 26]
[1, 2, 10, 11, 12]
[1, 5, 6, 11, 25]
[1, 3, 7, 9, 23]
[3, 4, 6, 14, 17]
[2, 4, 6, 13, 20]
[16, 17, 18, 19, 20, 21, 22, 23, 24, 25, 26, 27, 28]


6
process id 2
stats
5, 16, 7, 100, 1000
20220820-081428
loosing coalitions taken
[2, 3, 6, 13]
[1, 2, 8, 12, 19]
[1, 5, 6, 11, 24]
[1, 2, 7, 11, 27]
[1, 3, 9, 10, 12]
[1, 4, 6, 26]
[2, 4, 5, 20]
[2, 3, 5, 22]
[1, 4, 8, 10, 14]
[3, 4, 6, 9, 18]
[3, 4, 5, 16, 27]
[1, 3, 7, 14, 21]
[1, 4, 7, 12, 16]
[2, 4, 6, 12, 23]
[2, 3, 7, 8, 9]
[16, 17, 18, 19, 20, 21, 22, 23, 24, 25, 26, 27, 28]


6
process id 1
stats
5, 16, 7, 100, 1000
20220820-081433
loosing coalitions taken
[1, 2, 7, 9, 26]
[3, 4, 6, 9, 22]
[1, 3, 7, 15, 21]
[1, 4, 8, 9, 14]
[1, 2, 8, 13, 18]
[1, 2, 10, 11, 12]
[2, 3, 5, 24]
[2, 4, 5, 16]
[2, 3, 6, 10]
[1, 4, 6, 28]
[2, 4, 6, 12, 20]
[1, 5, 6, 11, 23]
[1, 3, 8, 10, 17]
[3, 4, 5, 15]
[1, 4, 7, 11, 17]
[16, 17, 18, 19, 20, 21, 22, 23, 24, 25, 26, 27, 28]


6
process id 2
stats
5, 16, 7, 100, 1000
20220820-081435
loosing coalitions taken
[1, 3, 8, 12, 19]
[1, 2, 9, 10, 14]
[1, 4, 7, 11, 16]
[1, 2, 8, 11, 21]
[1, 5, 6, 14, 22]
[2, 3, 6, 13, 23]
[2, 4, 6, 16, 19]
[2, 5, 6, 8, 9]
[1, 2, 7, 13, 24]
[1, 3, 7, 14, 17]
[2, 4, 5, 18, 27]
[2, 3, 5, 24, 28]
[3, 4, 5, 16]
[1, 4, 6, 26]
[2, 3, 7, 8, 10]
[16, 17, 18, 19, 20, 21, 22, 23, 24, 25, 26, 27, 28]


6
process id 7
stats
5, 16, 7, 100, 1000
20220820-081435
loosing coalitions taken
[2, 4, 6, 9, 23]
[1, 2, 8, 11, 21]
[3, 4, 5, 17, 25]
[3, 4, 6, 14, 20]
[1, 2, 10, 12, 13]
[2, 3, 5, 22, 28]
[2, 3, 6, 17, 18]
[2, 4, 5, 18]
[1, 3, 8, 15, 16]
[1, 3, 7, 9, 24]
[1, 4, 6, 27, 28]
[1, 5, 6, 13, 19]
[1, 4, 7, 13, 15]
[1, 4, 8, 10, 14]
[2, 5, 6, 7, 14]
[16, 17, 18, 19, 20, 21, 22, 23, 24, 25, 26, 27, 28]


6
process id 2
stats
5, 16, 7, 100, 1000
20220820-081439
loosing coalitions taken
[1, 2, 8, 14, 17]
[1, 5, 6, 11, 23]
[1, 4, 8, 9, 13]
[3, 4, 6, 12, 20]
[1, 2, 7, 15, 22]
[1, 3, 9, 10, 12]
[2, 4, 6, 13, 19]
[1, 3, 7, 13, 19]
[2, 3, 5, 22]
[1, 3, 8, 11, 18]
[2, 3, 6, 14, 26]
[3, 4, 5, 17, 26]
[1, 4, 6, 28]
[2, 4, 5, 16]
[1, 4, 7, 11, 17]
[16, 17, 18, 19, 20, 21, 22, 23, 24, 25, 26, 27, 28]


5
process id 5
stats
5, 16, 7, 100, 1000
20220820-081439
loosing coalitions taken
[2, 3, 6, 14]
[1, 5, 6, 9, 26]
[1, 2, 9, 12, 13]
[1, 4, 8, 10, 11]
[1, 2, 7, 17, 19]
[1, 3, 8, 9, 18]
[1, 3, 7, 10, 24]
[3, 4, 5, 15]
[3, 4, 6, 12, 20]
[1, 4, 6, 27]
[2, 4, 5, 16]
[2, 3, 5, 25]
[2, 4, 6, 10, 23]
[1, 2, 8, 14, 20]
[1, 4, 7, 13, 16]
[16, 17, 18, 19, 20, 21, 22, 23, 24, 25, 26, 27, 28]


5
process id 3
stats
5, 16, 7, 100, 1000
20220820-081443
loosing coalitions taken
[1, 2, 7, 14, 24]
[1, 4, 7, 8]
[1, 3, 9, 10, 11]
[3, 4, 6, 9, 20]
[3, 4, 5, 16]
[1, 2, 9, 12, 13]
[2, 3, 5, 25]
[2, 3, 6, 10]
[2, 4, 5, 19, 24]
[1, 4, 6, 28]
[1, 3, 7, 15, 18]
[1, 5, 6, 10, 25]
[2, 4, 6, 11, 21]
[1, 3, 8, 14, 16]
[1, 2, 8, 10, 21]
[16, 17, 18, 19, 20, 21, 22, 23, 24, 25, 26, 27, 28]


6
process id 4
stats
5, 16, 7, 100, 1000
20220820-081443
loosing coalitions taken
[1, 2, 9, 12, 13]
[1, 3, 9, 10, 11]
[1, 2, 8, 14, 19]
[1, 4, 7, 8]
[1, 5, 6, 16, 20]
[3, 4, 6, 9, 22]
[2, 4, 6, 11, 20]
[2, 3, 5, 25]
[2, 3, 6, 14]
[2, 4, 5, 18]
[3, 4, 5, 16, 27]
[1, 3, 8, 12, 18]
[1, 4, 6, 27]
[1, 3, 7, 14, 17]
[1, 2, 7, 11, 24]
[16, 17, 18, 19, 20, 21, 22, 23, 24, 25, 26, 27, 28]


5
process id 2
stats
5, 16, 7, 100, 1000
20220820-081447
loosing coalitions taken
[1, 3, 8, 12, 19]
[1, 2, 9, 12, 14]
[1, 5, 6, 9, 26]
[3, 4, 6, 10, 21]
[2, 4, 5, 18]
[1, 3, 9, 10, 11]
[2, 3, 6, 9]
[1, 3, 7, 14, 17]
[1, 2, 7, 13, 25]
[1, 4, 7, 8]
[2, 3, 5, 24]
[3, 4, 5, 15]
[2, 4, 6, 13, 17]
[1, 4, 6, 27]
[1, 2, 8, 10, 18]
[16, 17, 18, 19, 20, 21, 22, 23, 24, 25, 26, 27, 28]


6
process id 5
stats
5, 16, 7, 100, 1000
20220820-081449
loosing coalitions taken
[1, 3, 9, 10, 12]
[1, 2, 9, 11, 14]
[2, 3, 6, 13]
[2, 4, 5, 16]
[1, 4, 8, 9, 13]
[1, 3, 7, 15, 17]
[1, 2, 7, 12, 24]
[1, 3, 8, 14, 16]
[2, 3, 5, 24]
[2, 4, 6, 12, 19]
[1, 4, 6, 26]
[3, 4, 5, 15]
[1, 5, 6, 10, 21]
[3, 4, 6, 8]
[1, 4, 7, 11, 16]
[16, 17, 18, 19, 20, 21, 22, 23, 24, 25, 26, 27, 28]


6
process id 4
stats
5, 16, 7, 100, 1000
20220820-081455
loosing coalitions taken
[1, 2, 10, 11, 14]
[2, 3, 7, 8, 10]
[1, 3, 7, 12, 20]
[2, 3, 6, 11]
[3, 4, 5, 20, 24]
[1, 4, 7, 10, 17]
[1, 2, 8, 15, 16]
[1, 5, 6, 16, 18]
[2, 4, 5, 16]
[1, 4, 6, 28]
[2, 3, 5, 22]
[1, 2, 7, 9]
[3, 4, 6, 14, 19]
[2, 4, 6, 12, 21]
[1, 4, 8, 11, 13]
[16, 17, 18, 19, 20, 21, 22, 23, 24, 25, 26, 27, 28]


6
process id 3
stats
5, 16, 7, 100, 1000
20220820-081455
loosing coalitions taken
[1, 5, 6, 15, 21]
[1, 4, 7, 10, 18]
[1, 2, 8, 10, 21]
[1, 4, 8, 9, 15]
[2, 4, 5, 19]
[1, 3, 7, 15, 19]
[2, 3, 6, 9]
[1, 3, 8, 11, 18]
[2, 4, 6, 16, 17]
[2, 3, 5, 23, 26]
[3, 4, 5, 16, 24]
[1, 2, 7, 9]
[3, 4, 6, 14, 18]
[1, 4, 6, 28]
[1, 3, 9, 10, 12]
[16, 17, 18, 19, 20, 21, 22, 23, 24, 25, 26, 27, 28]


6
process id 6
stats
5, 16, 7, 100, 1000
20220820-081459
loosing coalitions taken
[1, 3, 8, 15, 16]
[1, 4, 7, 9, 18]
[1, 2, 7, 10, 25]
[1, 2, 9, 12, 14]
[1, 2, 8, 11, 20]
[2, 3, 6, 14]
[2, 4, 5, 17]
[1, 3, 9, 10, 11]
[3, 4, 6, 8]
[3, 4, 5, 16, 25]
[1, 5, 6, 10, 23]
[1, 4, 6, 28]
[2, 4, 6, 13, 18]
[2, 3, 5, 24]
[1, 3, 7, 13, 22]
[16, 17, 18, 19, 20, 21, 22, 23, 24, 25, 26, 27, 28]


6
process id 1
stats
5, 16, 7, 100, 1000
20220820-081508
loosing coalitions taken
[1, 2, 8, 12, 18]
[1, 2, 9, 10, 11]
[1, 3, 7, 14, 22]
[2, 3, 6, 11]
[1, 3, 8, 13, 16]
[3, 4, 5, 17, 26]
[2, 3, 5, 24]
[2, 4, 5, 16]
[1, 4, 8, 9, 14]
[1, 4, 7, 10, 17]
[1, 4, 6, 26]
[3, 4, 6, 8]
[2, 4, 6, 15, 18]
[1, 5, 6, 10, 24]
[1, 2, 7, 13, 24]
[16, 17, 18, 19, 20, 21, 22, 23, 24, 25, 26, 27, 28]


6
process id 5
stats
5, 16, 7, 100, 1000
20220820-081509
loosing coalitions taken
[3, 4, 5, 21, 23]
[1, 5, 6, 9, 24]
[1, 3, 8, 14, 15]
[1, 4, 8, 10, 13]
[1, 2, 8, 12, 21]
[1, 2, 9, 11, 14]
[1, 2, 7, 10, 25]
[2, 3, 6, 14]
[2, 4, 5, 19]
[3, 4, 6, 12, 20]
[2, 3, 5, 25]
[1, 3, 7, 11, 18]
[2, 4, 6, 13, 21]
[1, 4, 7, 14, 16]
[1, 4, 6, 27]
[16, 17, 18, 19, 20, 21, 22, 23, 24, 25, 26, 27, 28]


6
process id 7
stats
5, 16, 7, 100, 1000
20220820-081510
loosing coalitions taken
[3, 4, 5, 17, 27]
[1, 2, 10, 12, 13]
[1, 2, 7, 11, 26]
[2, 3, 5, 26, 28]
[2, 3, 6, 11]
[1, 3, 7, 14, 22]
[2, 4, 5, 19]
[1, 4, 8, 13, 14]
[1, 5, 6, 12, 23]
[1, 3, 8, 12, 16]
[1, 4, 6, 27]
[3, 4, 6, 8]
[1, 4, 7, 9, 16]
[2, 3, 7, 8, 10]
[2, 4, 6, 16, 18]
[16, 17, 18, 19, 20, 21, 22, 23, 24, 25, 26, 27, 28]


5
process id 5
stats
5, 16, 7, 100, 1000
20220820-081515
loosing coalitions taken
[1, 4, 7, 8]
[1, 3, 9, 10, 12]
[1, 5, 6, 14, 22]
[3, 4, 6, 12, 21]
[1, 2, 9, 11, 13]
[3, 4, 5, 16]
[2, 3, 6, 9]
[2, 3, 5, 21]
[1, 4, 6, 26]
[2, 4, 5, 19]
[1, 3, 7, 11, 19]
[1, 2, 8, 14, 19]
[1, 3, 8, 15, 16]
[2, 4, 6, 14, 20]
[1, 2, 7, 15, 20]
[16, 17, 18, 19, 20, 21, 22, 23, 24, 25, 26, 27, 28]


6
process id 6
stats
5, 16, 7, 100, 1000
20220820-081516
loosing coalitions taken
[1, 2, 7, 15, 22]
[1, 4, 7, 10, 16]
[1, 5, 6, 10, 24]
[1, 3, 7, 13, 21]
[2, 4, 5, 20]
[3, 4, 6, 9, 18]
[2, 3, 6, 13]
[1, 3, 8, 15, 16]
[1, 2, 8, 9, 19]
[1, 4, 6, 27]
[2, 4, 6, 14, 17]
[3, 4, 5, 21, 23]
[2, 3, 5, 24]
[1, 2, 10, 12, 14]
[1, 4, 8, 12, 13]
[16, 17, 18, 19, 20, 21, 22, 23, 24, 25, 26, 27, 28]


6
process id 0
stats
5, 16, 7, 100, 1000
20220820-081521
loosing coalitions taken
[3, 4, 5, 20, 23]
[1, 3, 7, 14, 21]
[2, 3, 6, 14]
[1, 3, 9, 10, 12]
[2, 4, 5, 19]
[2, 3, 5, 24, 28]
[3, 4, 6, 10, 17]
[1, 5, 6, 13, 22]
[1, 4, 7, 8]
[1, 2, 9, 11, 14]
[1, 2, 8, 13, 17]
[2, 5, 6, 8, 12]
[1, 4, 6, 26]
[1, 2, 7, 15, 20]
[2, 4, 6, 16, 18]
[16, 17, 18, 19, 20, 21, 22, 23, 24, 25, 26, 27, 28]


6
process id 7
stats
5, 16, 7, 100, 1000
20220820-081526
loosing coalitions taken
[1, 5, 6, 11, 24]
[1, 4, 7, 14, 16]
[3, 4, 6, 11, 21]
[1, 4, 8, 12, 13]
[1, 2, 10, 11, 12]
[1, 2, 7, 13, 24]
[3, 4, 5, 16]
[2, 3, 6, 14]
[1, 2, 8, 15, 16]
[1, 4, 6, 27]
[2, 4, 5, 19, 28]
[2, 3, 5, 22]
[2, 4, 6, 16, 17]
[1, 3, 7, 15, 17]
[1, 3, 8, 10, 18]
[16, 17, 18, 19, 20, 21, 22, 23, 24, 25, 26, 27, 28]


6
process id 1
stats
5, 16, 7, 100, 1000
20220820-081527
loosing coalitions taken
[1, 2, 8, 14, 20]
[1, 2, 10, 12, 13]
[1, 2, 7, 9]
[1, 3, 8, 11, 16]
[2, 4, 5, 20]
[3, 4, 5, 16]
[1, 4, 7, 14, 16]
[2, 3, 6, 10]
[2, 3, 5, 21]
[1, 4, 6, 28]
[2, 4, 6, 11, 22]
[1, 5, 6, 15, 20]
[3, 4, 6, 8]
[1, 4, 8, 9, 12]
[1, 3, 7, 10, 22]
[16, 17, 18, 19, 20, 21, 22, 23, 24, 25, 26, 27, 28]


6
process id 6
stats
5, 16, 7, 100, 1000
20220820-081530
loosing coalitions taken
[2, 3, 5, 24]
[1, 2, 9, 10, 13]
[1, 3, 8, 10, 18]
[1, 3, 7, 16, 19]
[1, 2, 7, 12, 22]
[3, 4, 5, 16]
[2, 3, 6, 14]
[1, 4, 8, 13, 14]
[2, 4, 5, 20]
[1, 4, 6, 28]
[1, 5, 6, 9, 24]
[3, 4, 6, 8]
[1, 2, 8, 11, 19]
[2, 4, 6, 10, 24]
[1, 4, 7, 11, 15]
[16, 17, 18, 19, 20, 21, 22, 23, 24, 25, 26, 27, 28]


6
process id 4
stats
5, 16, 7, 100, 1000
20220820-081534
loosing coalitions taken
[1, 2, 9, 10, 14]
[2, 4, 6, 12, 23]
[1, 2, 7, 16, 21]
[2, 4, 5, 20]
[1, 4, 7, 10, 18]
[2, 3, 6, 14]
[1, 3, 7, 11, 23]
[1, 5, 6, 16, 18]
[1, 4, 6, 28]
[3, 4, 6, 11, 19]
[1, 3, 8, 10, 17]
[1, 2, 8, 12, 20]
[2, 3, 5, 22]
[1, 4, 8, 11, 14]
[3, 4, 5, 16]
[16, 17, 18, 19, 20, 21, 22, 23, 24, 25, 26, 27, 28]


5
process id 4
stats
5, 16, 7, 100, 1000
20220820-081539
loosing coalitions taken
[1, 2, 10, 12, 14]
[1, 3, 8, 12, 17]
[3, 4, 5, 16]
[3, 4, 6, 9, 22]
[1, 3, 7, 13, 20]
[2, 4, 5, 18]
[1, 2, 8, 11, 21]
[1, 2, 7, 9]
[2, 3, 5, 22]
[1, 4, 8, 10, 15]
[2, 4, 6, 14, 20]
[2, 3, 6, 11, 26]
[1, 4, 7, 11, 17]
[1, 5, 6, 14, 18]
[1, 4, 6, 26]
[16, 17, 18, 19, 20, 21, 22, 23, 24, 25, 26, 27, 28]


6
process id 7
stats
5, 16, 7, 100, 1000
20220820-081539
loosing coalitions taken
[1, 3, 7, 10, 23]
[1, 3, 8, 12, 18]
[2, 3, 5, 26, 27]
[1, 2, 10, 12, 13]
[2, 4, 5, 18]
[1, 2, 8, 11, 19]
[1, 4, 8, 9, 13]
[1, 2, 7, 15, 21]
[3, 4, 6, 15, 17]
[3, 4, 5, 16]
[2, 4, 6, 9, 23]
[2, 3, 6, 14]
[1, 4, 6, 28]
[1, 5, 6, 15, 18]
[1, 4, 7, 14, 16]
[16, 17, 18, 19, 20, 21, 22, 23, 24, 25, 26, 27, 28]


6
process id 0
stats
5, 16, 7, 100, 1000
20220820-081540
loosing coalitions taken
[1, 3, 7, 15, 19]
[1, 3, 9, 10, 12]
[1, 2, 10, 11, 13]
[2, 3, 6, 9]
[1, 3, 8, 11, 17]
[3, 4, 5, 16]
[1, 2, 7, 16, 20]
[1, 4, 7, 9, 18]
[1, 2, 8, 12, 21]
[3, 4, 6, 14, 19]
[1, 4, 6, 28]
[2, 4, 5, 17]
[2, 3, 5, 23]
[1, 5, 6, 13, 24]
[2, 4, 6, 11, 18]
[16, 17, 18, 19, 20, 21, 22, 23, 24, 25, 26, 27, 28]


6
process id 2
stats
5, 16, 7, 100, 1000
20220820-081545
loosing coalitions taken
[2, 4, 6, 9, 25]
[2, 4, 5, 20]
[2, 3, 6, 13]
[1, 2, 8, 12, 21]
[1, 3, 8, 10, 16]
[1, 3, 7, 12, 22]
[3, 4, 6, 8]
[3, 4, 5, 16, 24]
[1, 4, 6, 26]
[2, 3, 5, 25]
[1, 5, 6, 15, 20]
[1, 4, 8, 11, 13]
[1, 2, 7, 14, 23]
[1, 4, 7, 10, 19]
[1, 2, 9, 10, 11]
[16, 17, 18, 19, 20, 21, 22, 23, 24, 25, 26, 27, 28]


6
process id 7
stats
5, 16, 7, 100, 1000
20220820-081545
loosing coalitions taken
[1, 2, 10, 11, 12]
[2, 4, 5, 19]
[1, 3, 7, 14, 20]
[1, 4, 8, 11, 13]
[1, 2, 8, 15, 16]
[1, 2, 7, 9]
[1, 3, 8, 10, 18]
[3, 4, 6, 12, 18]
[2, 3, 6, 14]
[1, 5, 6, 9, 26]
[3, 4, 5, 16, 28]
[1, 4, 6, 27]
[2, 3, 5, 21]
[2, 4, 6, 11, 22]
[2, 5, 6, 7, 13]
[16, 17, 18, 19, 20, 21, 22, 23, 24, 25, 26, 27, 28]


6
process id 0
stats
5, 16, 7, 100, 1000
20220820-081548
loosing coalitions taken
[1, 2, 10, 11, 14]
[1, 4, 8, 12, 14]
[1, 2, 7, 15, 21]
[1, 4, 7, 9, 19]
[1, 3, 8, 10, 17]
[1, 2, 8, 9, 20]
[3, 4, 5, 19, 23]
[1, 5, 6, 10, 23]
[2, 3, 6, 11]
[1, 3, 7, 12, 22]
[2, 4, 5, 16]
[1, 4, 6, 27]
[3, 4, 6, 15, 17]
[2, 3, 5, 25]
[2, 4, 6, 12, 20]
[16, 17, 18, 19, 20, 21, 22, 23, 24, 25, 26, 27, 28]


5
process id 0
stats
5, 16, 7, 100, 1000
20220820-081555
loosing coalitions taken
[2, 4, 5, 17]
[1, 2, 7, 9]
[1, 3, 8, 12, 17]
[2, 3, 6, 10]
[1, 5, 6, 11, 24]
[3, 4, 5, 15]
[1, 3, 7, 14, 19]
[2, 4, 6, 12, 22]
[1, 4, 6, 28]
[2, 3, 5, 25]
[1, 2, 10, 12, 14]
[1, 4, 8, 13, 14]
[3, 4, 6, 11, 18]
[1, 4, 7, 10, 15]
[1, 2, 8, 11, 19]
[16, 17, 18, 19, 20, 21, 22, 23, 24, 25, 26, 27, 28]


6
process id 1
stats
5, 16, 7, 100, 1000
20220820-081556
loosing coalitions taken
[1, 4, 8, 9, 12]
[2, 4, 6, 15, 17]
[2, 4, 5, 21, 26]
[1, 5, 6, 15, 21]
[1, 2, 8, 13, 18]
[1, 2, 7, 14, 24]
[2, 3, 6, 13, 27]
[2, 3, 5, 23, 28]
[3, 4, 5, 19, 24]
[3, 5, 6, 7, 12]
[1, 3, 8, 11, 16]
[1, 2, 9, 10, 11]
[1, 4, 6, 27]
[3, 4, 6, 8, 28]
[1, 4, 7, 10, 18]
[16, 17, 18, 19, 20, 21, 22, 23, 24, 25, 26, 27, 28]


6
process id 6
stats
5, 16, 7, 100, 1000
20220820-081600
loosing coalitions taken
[2, 3, 6, 12]
[1, 3, 7, 14, 22]
[2, 4, 5, 20, 28]
[1, 2, 8, 15, 17]
[1, 4, 8, 9, 13]
[1, 2, 9, 10, 11]
[1, 2, 7, 16, 20]
[3, 4, 5, 21, 22]
[2, 3, 5, 25]
[1, 4, 7, 10, 17]
[2, 4, 6, 14, 18]
[3, 4, 6, 13, 19]
[1, 5, 6, 14, 21]
[1, 3, 8, 11, 19]
[1, 4, 6, 27]
[16, 17, 18, 19, 20, 21, 22, 23, 24, 25, 26, 27, 28]


5
process id 7
stats
5, 16, 7, 100, 1000
20220820-081600
loosing coalitions taken
[2, 3, 6, 14]
[1, 3, 8, 12, 18]
[2, 4, 5, 19]
[1, 4, 7, 10, 18]
[1, 3, 9, 10, 11]
[1, 2, 7, 11, 24]
[1, 3, 7, 13, 21]
[1, 4, 8, 9, 15]
[2, 3, 5, 24, 25]
[1, 5, 6, 13, 18]
[3, 4, 6, 11, 20]
[3, 4, 5, 15]
[2, 4, 6, 13, 17]
[1, 4, 6, 26]
[1, 2, 8, 14, 17]
[16, 17, 18, 19, 20, 21, 22, 23, 24, 25, 26, 27, 28]


6
process id 6
stats
5, 16, 7, 100, 1000
20220820-081603
loosing coalitions taken
[1, 5, 6, 13, 22]
[1, 2, 8, 11, 19]
[2, 4, 6, 14, 22]
[2, 3, 6, 18, 21]
[1, 2, 7, 16, 17]
[1, 4, 8, 12, 13]
[1, 3, 7, 9, 24]
[1, 4, 7, 14, 15]
[3, 4, 6, 10, 20]
[1, 2, 9, 10, 12]
[2, 3, 5, 25]
[2, 4, 5, 16]
[1, 4, 6, 26]
[1, 3, 8, 10, 16]
[3, 4, 5, 17, 23]
[16, 17, 18, 19, 20, 21, 22, 23, 24, 25, 26, 27, 28]


6
process id 5
stats
5, 16, 7, 100, 1000
20220820-081611
loosing coalitions taken
[1, 3, 9, 10, 11]
[2, 3, 5, 26, 28]
[1, 2, 9, 12, 13]
[2, 4, 5, 21, 27]
[2, 4, 6, 15, 19]
[1, 5, 6, 16, 20]
[3, 4, 5, 16]
[2, 3, 6, 11]
[1, 4, 6, 27]
[1, 4, 7, 8]
[1, 3, 7, 13, 19]
[3, 4, 6, 8]
[1, 2, 7, 15, 18]
[1, 2, 8, 11, 21]
[1, 3, 8, 14, 15]
[16, 17, 18, 19, 20, 21, 22, 23, 24, 25, 26, 27, 28]


6
process id 3
stats
5, 16, 7, 100, 1000
20220820-081612
loosing coalitions taken
[2, 3, 6, 14]
[2, 4, 5, 18]
[1, 3, 8, 10, 19]
[1, 3, 7, 9, 24]
[1, 5, 6, 13, 23]
[1, 2, 10, 11, 12]
[2, 3, 5, 24]
[1, 4, 6, 26]
[3, 4, 6, 8]
[1, 2, 8, 13, 17]
[3, 4, 5, 15, 28]
[1, 2, 7, 14, 23]
[2, 4, 6, 10, 20]
[1, 4, 7, 13, 16]
[1, 4, 8, 12, 14]
[16, 17, 18, 19, 20, 21, 22, 23, 24, 25, 26, 27, 28]


6
process id 2
stats
5, 16, 7, 100, 1000
20220820-081615
loosing coalitions taken
[1, 3, 8, 12, 17]
[1, 2, 8, 11, 18]
[1, 4, 8, 10, 15]
[2, 3, 5, 23]
[2, 4, 6, 13, 20]
[1, 5, 6, 11, 24]
[1, 3, 7, 14, 22]
[1, 2, 9, 10, 13]
[1, 4, 7, 9, 16]
[2, 4, 5, 19, 25]
[2, 3, 6, 16, 22]
[3, 4, 5, 16]
[3, 4, 6, 8]
[1, 2, 7, 15, 20]
[1, 4, 6, 26]
[16, 17, 18, 19, 20, 21, 22, 23, 24, 25, 26, 27, 28]


6
process id 3
stats
5, 16, 7, 100, 1000
20220820-081617
loosing coalitions taken
[1, 4, 7, 10, 19]
[1, 2, 9, 10, 11]
[1, 3, 7, 14, 22]
[1, 5, 6, 12, 22]
[1, 2, 7, 13, 23]
[1, 4, 8, 9, 13]
[1, 3, 8, 12, 19]
[2, 3, 5, 24]
[2, 4, 6, 10, 21]
[3, 4, 6, 14, 16]
[2, 4, 5, 18]
[3, 4, 5, 15]
[1, 4, 6, 28]
[2, 3, 6, 11]
[1, 2, 8, 15, 17]
[16, 17, 18, 19, 20, 21, 22, 23, 24, 25, 26, 27, 28]


6
process id 4
stats
5, 16, 7, 100, 1000
20220820-081619
loosing coalitions taken
[1, 2, 9, 11, 14]
[3, 4, 6, 13, 21]
[1, 3, 9, 10, 12]
[2, 3, 6, 14]
[3, 4, 5, 17, 27]
[1, 5, 6, 13, 23]
[2, 3, 5, 21]
[2, 4, 5, 19, 26]
[1, 3, 8, 13, 15]
[1, 4, 6, 27]
[1, 4, 8, 10, 11]
[1, 3, 7, 16, 19]
[2, 4, 6, 9, 20]
[1, 2, 7, 10, 27]
[3, 5, 6, 7, 15]
[16, 17, 18, 19, 20, 21, 22, 23, 24, 25, 26, 27, 28]


6
process id 5
stats
5, 16, 7, 100, 1000
20220820-081619
loosing coalitions taken
[3, 4, 6, 11, 21]
[1, 3, 7, 12, 20]
[1, 4, 8, 10, 12]
[1, 3, 8, 11, 19]
[1, 2, 7, 13, 25]
[1, 2, 9, 11, 12]
[2, 3, 6, 9]
[1, 2, 8, 14, 18]
[2, 4, 5, 16]
[1, 5, 6, 14, 21]
[2, 3, 5, 25]
[1, 4, 6, 26]
[1, 4, 7, 9, 18]
[3, 4, 5, 17, 24]
[2, 4, 6, 10, 23]
[16, 17, 18, 19, 20, 21, 22, 23, 24, 25, 26, 27, 28]


6
process id 7
stats
5, 16, 7, 100, 1000
20220820-081620
loosing coalitions taken
[2, 4, 5, 17]
[1, 2, 8, 12, 21]
[1, 2, 9, 11, 14]
[1, 5, 6, 9, 25]
[3, 4, 6, 13, 19]
[2, 3, 6, 12]
[2, 3, 5, 25]
[2, 4, 6, 10, 24]
[3, 4, 5, 18, 23]
[1, 4, 6, 26]
[1, 3, 8, 15, 16]
[1, 4, 7, 10, 16]
[1, 4, 8, 13, 14]
[1, 3, 7, 9, 22]
[1, 2, 7, 17, 19]
[16, 17, 18, 19, 20, 21, 22, 23, 24, 25, 26, 27, 28]


6
process id 6
stats
5, 16, 7, 100, 1000
20220820-081622
loosing coalitions taken
[1, 2, 7, 14, 23]
[1, 4, 8, 11, 14]
[1, 2, 9, 11, 13]
[2, 3, 6, 14]
[3, 4, 5, 16]
[1, 5, 6, 9, 26]
[1, 4, 7, 9, 18]
[1, 3, 7, 15, 17]
[1, 3, 8, 12, 19]
[2, 4, 5, 19]
[2, 3, 5, 24]
[1, 4, 6, 27, 28]
[2, 4, 6, 13, 17]
[3, 4, 6, 11, 21]
[1, 2, 8, 10, 20]
[16, 17, 18, 19, 20, 21, 22, 23, 24, 25, 26, 27, 28]


6
process id 0
stats
5, 16, 7, 100, 1000
20220820-081623
loosing coalitions taken
[1, 2, 7, 9]
[1, 3, 8, 10, 19]
[1, 5, 6, 10, 24]
[2, 3, 6, 14]
[3, 4, 5, 19, 22]
[3, 4, 6, 13, 17]
[2, 3, 5, 24, 28]
[2, 4, 5, 18]
[1, 4, 6, 28]
[1, 2, 10, 11, 14]
[2, 4, 6, 12, 21]
[2, 5, 6, 7, 15]
[1, 4, 8, 9, 15]
[1, 3, 7, 13, 18]
[1, 2, 8, 12, 18]
[16, 17, 18, 19, 20, 21, 22, 23, 24, 25, 26, 27, 28]


6
process id 1
stats
5, 16, 7, 100, 1000
20220820-081624
loosing coalitions taken
[1, 2, 8, 14, 17]
[1, 3, 7, 9, 22]
[1, 3, 8, 12, 19]
[2, 3, 6, 14]
[1, 2, 9, 12, 13]
[1, 4, 8, 10, 15]
[3, 4, 6, 9, 20]
[1, 5, 6, 11, 21]
[1, 4, 6, 26]
[2, 4, 5, 20]
[2, 3, 5, 22]
[3, 4, 5, 15]
[1, 2, 7, 11, 24]
[2, 4, 6, 12, 19]
[2, 3, 7, 8, 10]
[16, 17, 18, 19, 20, 21, 22, 23, 24, 25, 26, 27, 28]


6
process id 2
stats
5, 16, 7, 100, 1000
20220820-081626
loosing coalitions taken
[1, 4, 8, 10, 15]
[1, 2, 7, 14, 24]
[1, 5, 6, 11, 25]
[3, 4, 6, 15, 17]
[1, 3, 7, 13, 19]
[1, 3, 8, 9, 20]
[2, 4, 5, 20]
[2, 3, 6, 9]
[1, 2, 10, 11, 12]
[2, 3, 5, 22]
[1, 4, 6, 27]
[3, 4, 5, 19, 26]
[1, 4, 7, 9, 17]
[1, 2, 8, 13, 16]
[2, 4, 6, 11, 22]
[16, 17, 18, 19, 20, 21, 22, 23, 24, 25, 26, 27, 28]


6
process id 0
stats
5, 16, 7, 100, 1000
20220820-081626
loosing coalitions taken
[2, 3, 6, 12]
[1, 2, 7, 9]
[1, 5, 6, 10, 26]
[2, 4, 5, 18]
[1, 3, 8, 13, 15]
[1, 2, 10, 12, 13]
[2, 3, 5, 22]
[1, 3, 7, 14, 19]
[1, 4, 7, 8]
[3, 4, 6, 8]
[1, 2, 8, 14, 20]
[3, 4, 5, 15]
[1, 4, 6, 28]
[1, 3, 9, 10, 11]
[2, 4, 6, 9, 25]
[16, 17, 18, 19, 20, 21, 22, 23, 24, 25, 26, 27, 28]


6
process id 3
stats
5, 16, 7, 100, 1000
20220820-081631
loosing coalitions taken
[1, 2, 10, 11, 12]
[1, 2, 7, 9]
[1, 3, 8, 13, 16]
[3, 4, 6, 10, 19]
[2, 4, 6, 11, 23]
[1, 4, 6, 27]
[2, 4, 5, 17]
[2, 3, 5, 24]
[3, 4, 5, 15]
[1, 3, 7, 12, 18]
[2, 3, 6, 9]
[1, 4, 7, 14, 16]
[1, 5, 6, 11, 20]
[1, 2, 8, 14, 18]
[2, 3, 7, 8, 10]
[16, 17, 18, 19, 20, 21, 22, 23, 24, 25, 26, 27, 28]


6
process id 4
stats
5, 16, 7, 100, 1000
20220820-081631
loosing coalitions taken
[3, 4, 5, 17, 26]
[1, 2, 8, 9, 19]
[1, 5, 6, 15, 21]
[1, 4, 7, 13, 15]
[1, 4, 8, 10, 12]
[1, 2, 7, 16, 17]
[1, 3, 7, 11, 23]
[2, 3, 5, 23]
[3, 4, 6, 9, 20]
[2, 4, 6, 12, 23]
[2, 4, 5, 19]
[1, 3, 8, 14, 16]
[2, 3, 6, 10]
[1, 2, 10, 11, 13]
[1, 4, 6, 26]
[16, 17, 18, 19, 20, 21, 22, 23, 24, 25, 26, 27, 28]


6
process id 5
stats
5, 16, 7, 100, 1000
20220820-081633
loosing coalitions taken
[1, 4, 7, 8]
[1, 5, 6, 9, 25]
[3, 4, 6, 14, 20]
[2, 4, 6, 16, 19]
[1, 3, 9, 10, 12]
[1, 2, 8, 9, 18]
[1, 4, 6, 28]
[2, 3, 6, 11]
[1, 2, 7, 14, 23]
[3, 4, 5, 16]
[2, 3, 5, 21]
[1, 3, 8, 14, 15]
[2, 4, 5, 17, 27]
[1, 2, 10, 11, 13]
[1, 3, 7, 11, 18]
[16, 17, 18, 19, 20, 21, 22, 23, 24, 25, 26, 27, 28]


6
process id 2
stats
5, 16, 7, 100, 1000
20220820-081634
loosing coalitions taken
[1, 2, 7, 11, 24]
[1, 5, 6, 9, 24]
[1, 3, 8, 9, 17]
[1, 4, 7, 12, 16]
[2, 3, 6, 11]
[1, 4, 8, 10, 11]
[1, 2, 9, 10, 13]
[1, 3, 7, 14, 19]
[1, 2, 8, 14, 18]
[3, 4, 5, 16]
[2, 4, 5, 20]
[2, 3, 5, 23]
[2, 4, 6, 12, 18]
[1, 4, 6, 27]
[3, 4, 6, 10, 19]
[16, 17, 18, 19, 20, 21, 22, 23, 24, 25, 26, 27, 28]


6
process id 6
stats
5, 16, 7, 100, 1000
20220820-081635
loosing coalitions taken
[2, 4, 5, 21, 26]
[1, 2, 8, 10, 17]
[3, 4, 5, 16, 28]
[1, 2, 9, 11, 14]
[1, 5, 6, 9, 26]
[2, 3, 6, 14]
[1, 2, 7, 13, 25]
[3, 4, 6, 10, 19]
[1, 4, 6, 28]
[2, 3, 5, 23, 27]
[2, 4, 6, 12, 22]
[2, 3, 7, 8, 9]
[1, 4, 7, 12, 16]
[1, 3, 8, 14, 15]
[1, 3, 7, 11, 23]
[16, 17, 18, 19, 20, 21, 22, 23, 24, 25, 26, 27, 28]


6
process id 1
stats
5, 16, 7, 100, 1000
20220820-081638
loosing coalitions taken
[1, 3, 7, 15, 18]
[1, 4, 7, 11, 16]
[1, 3, 8, 12, 16]
[1, 2, 7, 9]
[2, 4, 5, 19, 28]
[3, 4, 5, 16, 27]
[3, 4, 6, 8]
[2, 3, 5, 23, 26]
[2, 4, 6, 14, 17]
[2, 3, 6, 9]
[1, 2, 8, 13, 19]
[1, 5, 6, 12, 23]
[1, 4, 6, 27]
[1, 4, 8, 9, 10]
[1, 2, 10, 11, 12]
[16, 17, 18, 19, 20, 21, 22, 23, 24, 25, 26, 27, 28]


6
process id 5
stats
5, 16, 7, 100, 1000
20220820-081643
loosing coalitions taken
[2, 3, 6, 11]
[1, 2, 8, 15, 17]
[1, 5, 6, 12, 23]
[1, 4, 7, 10, 19]
[2, 4, 5, 16]
[1, 3, 7, 14, 17]
[1, 2, 7, 13, 24]
[1, 2, 9, 10, 14]
[3, 4, 5, 15]
[1, 3, 8, 11, 19]
[1, 4, 6, 27]
[3, 4, 6, 13, 16]
[2, 3, 5, 22]
[2, 4, 6, 10, 22]
[1, 4, 8, 12, 14]
[16, 17, 18, 19, 20, 21, 22, 23, 24, 25, 26, 27, 28]


6
process id 0
stats
5, 16, 7, 100, 1000
20220820-081649
loosing coalitions taken
[1, 2, 7, 13, 22]
[1, 5, 6, 11, 24]
[1, 4, 8, 13, 14]
[1, 2, 10, 11, 14]
[1, 3, 8, 10, 16]
[2, 4, 6, 12, 20]
[2, 3, 6, 9]
[1, 2, 8, 12, 19]
[2, 4, 5, 19]
[1, 4, 6, 27]
[3, 4, 6, 10, 21]
[2, 3, 5, 25]
[3, 4, 5, 15]
[1, 3, 7, 14, 19]
[1, 4, 7, 9, 18]
[16, 17, 18, 19, 20, 21, 22, 23, 24, 25, 26, 27, 28]


6
process id 3
stats
5, 16, 7, 100, 1000
20220820-081651
loosing coalitions taken
[1, 3, 8, 10, 18]
[2, 4, 5, 20]
[1, 2, 9, 11, 13]
[1, 4, 7, 11, 17]
[1, 2, 10, 12, 14]
[1, 2, 7, 16, 21]
[2, 3, 6, 12, 26]
[2, 3, 5, 21]
[3, 4, 5, 18, 26]
[3, 4, 6, 13, 20]
[1, 3, 7, 9, 23]
[1, 4, 6, 27]
[2, 4, 6, 15, 16]
[1, 5, 6, 11, 20]
[1, 4, 8, 9, 15]
[16, 17, 18, 19, 20, 21, 22, 23, 24, 25, 26, 27, 28]


6
process id 5
stats
5, 16, 7, 100, 1000
20220820-081655
loosing coalitions taken
[1, 3, 7, 12, 21]
[1, 2, 7, 13, 24]
[1, 5, 6, 13, 22]
[1, 2, 8, 12, 20]
[1, 4, 8, 10, 11]
[2, 4, 5, 16]
[2, 3, 5, 25]
[2, 4, 6, 15, 18]
[3, 4, 5, 15]
[3, 4, 6, 8]
[1, 4, 7, 9, 16]
[2, 3, 6, 9]
[1, 3, 8, 9, 18]
[1, 4, 6, 27]
[1, 2, 9, 10, 14]
[16, 17, 18, 19, 20, 21, 22, 23, 24, 25, 26, 27, 28]


6
process id 2
stats
5, 16, 7, 100, 1000
20220820-081658
loosing coalitions taken
[1, 4, 7, 9, 18]
[2, 3, 5, 23]
[1, 2, 10, 11, 14]
[1, 2, 7, 16, 21]
[1, 2, 8, 13, 20]
[1, 5, 6, 15, 20]
[2, 4, 6, 14, 17]
[1, 3, 8, 10, 19]
[2, 3, 6, 12]
[2, 4, 5, 18]
[1, 4, 6, 27]
[3, 4, 5, 16]
[3, 4, 6, 13, 20]
[1, 4, 8, 12, 14]
[1, 3, 7, 14, 17]
[16, 17, 18, 19, 20, 21, 22, 23, 24, 25, 26, 27, 28]


6
process id 5
stats
5, 16, 7, 100, 1000
20220820-081700
loosing coalitions taken
[2, 4, 5, 21, 25]
[1, 4, 8, 10, 14]
[1, 3, 9, 10, 12]
[3, 4, 6, 14, 20]
[2, 3, 5, 24]
[1, 2, 9, 11, 14]
[1, 2, 7, 17, 18]
[1, 3, 8, 11, 18]
[1, 2, 8, 12, 20]
[2, 4, 6, 11, 23]
[1, 3, 7, 14, 19]
[1, 4, 6, 27]
[1, 5, 6, 16, 20]
[3, 4, 5, 16]
[2, 3, 6, 13]
[16, 17, 18, 19, 20, 21, 22, 23, 24, 25, 26, 27, 28]


6
process id 7
stats
5, 16, 7, 100, 1000
20220820-081700
loosing coalitions taken
[3, 4, 5, 20, 24]
[2, 3, 5, 23]
[1, 2, 8, 11, 20]
[1, 3, 9, 10, 11]
[1, 3, 7, 16, 19]
[1, 4, 7, 8]
[1, 2, 9, 12, 13]
[3, 4, 6, 12, 17]
[2, 4, 5, 19]
[2, 3, 6, 13]
[2, 4, 6, 10, 23]
[1, 5, 6, 15, 19]
[1, 4, 6, 28]
[1, 3, 8, 13, 15]
[1, 2, 7, 10, 22]
[16, 17, 18, 19, 20, 21, 22, 23, 24, 25, 26, 27, 28]


7
process id 0
stats
5, 16, 7, 100, 1000
20220820-081701
loosing coalitions taken
[3, 4, 5, 18, 26]
[1, 4, 7, 13, 16]
[1, 2, 10, 11, 12]
[1, 2, 8, 15, 17]
[2, 4, 5, 20]
[1, 3, 7, 11, 22]
[1, 5, 6, 15, 18]
[2, 3, 6, 13, 25]
[2, 3, 5, 22]
[1, 3, 8, 10, 16]
[3, 4, 6, 11, 17]
[2, 4, 6, 16, 19]
[1, 4, 6, 28]
[1, 2, 7, 9]
[1, 4, 8, 9, 14]
[16, 17, 18, 19, 20, 21, 22, 23, 24, 25, 26, 27, 28]


6
process id 4
stats
5, 16, 7, 100, 1000
20220820-081704
loosing coalitions taken
[1, 4, 8, 10, 15]
[1, 2, 8, 9, 21]
[2, 3, 6, 13]
[1, 2, 7, 12, 26]
[1, 3, 9, 10, 11]
[1, 3, 8, 14, 16]
[2, 4, 5, 16]
[3, 4, 5, 15]
[2, 3, 5, 23]
[1, 5, 6, 10, 26]
[1, 4, 6, 27]
[3, 4, 6, 8]
[2, 4, 6, 12, 21]
[1, 4, 7, 9, 16]
[1, 3, 7, 13, 18]
[16, 17, 18, 19, 20, 21, 22, 23, 24, 25, 26, 27, 28]


6
process id 3
stats
5, 16, 7, 100, 1000
20220820-081705
loosing coalitions taken
[2, 3, 6, 14]
[1, 2, 9, 11, 13]
[1, 5, 6, 12, 24]
[2, 4, 5, 18, 27]
[1, 3, 9, 10, 12]
[1, 2, 8, 12, 21]
[1, 4, 6, 27]
[2, 3, 5, 23, 25]
[1, 4, 7, 8]
[1, 3, 7, 11, 23]
[3, 4, 5, 15]
[3, 4, 6, 8]
[2, 4, 6, 15, 19]
[1, 3, 8, 14, 15]
[1, 2, 7, 16, 18]
[16, 17, 18, 19, 20, 21, 22, 23, 24, 25, 26, 27, 28]


6
process id 4
stats
5, 16, 7, 100, 1000
20220820-081709
loosing coalitions taken
[2, 4, 5, 18]
[1, 2, 7, 11, 26]
[3, 4, 6, 9, 22]
[1, 2, 8, 13, 20]
[2, 3, 6, 13]
[1, 3, 8, 9, 17]
[1, 5, 6, 14, 22]
[1, 4, 8, 11, 12]
[1, 4, 7, 14, 15]
[1, 2, 9, 10, 12]
[1, 4, 6, 26]
[3, 4, 5, 15]
[2, 4, 6, 11, 24]
[2, 3, 5, 23, 24]
[1, 3, 7, 13, 19]
[16, 17, 18, 19, 20, 21, 22, 23, 24, 25, 26, 27, 28]


6
process id 5
stats
5, 16, 7, 100, 1000
20220820-081710
loosing coalitions taken
[3, 4, 6, 11, 21]
[1, 3, 7, 14, 21]
[1, 3, 8, 12, 17]
[2, 4, 5, 19]
[1, 4, 7, 8, 25]
[2, 3, 6, 15, 24]
[1, 3, 9, 10, 11]
[1, 5, 6, 16, 18]
[3, 4, 5, 16]
[1, 4, 6, 27]
[2, 4, 6, 16, 17]
[1, 2, 8, 9, 18]
[1, 2, 7, 15, 22]
[2, 3, 5, 25]
[1, 2, 10, 12, 13]
[16, 17, 18, 19, 20, 21, 22, 23, 24, 25, 26, 27, 28]


6
process id 0
stats
5, 16, 7, 100, 1000
20220820-081710
loosing coalitions taken
[1, 4, 7, 13, 16]
[1, 2, 8, 9, 21]
[3, 4, 5, 21, 22]
[1, 5, 6, 12, 23]
[1, 3, 8, 12, 16]
[2, 3, 6, 14]
[1, 3, 7, 15, 19]
[1, 2, 10, 12, 13]
[1, 4, 6, 26]
[2, 4, 5, 17, 26]
[3, 4, 6, 8]
[1, 4, 8, 11, 14]
[1, 2, 7, 11, 27]
[2, 3, 5, 23]
[2, 4, 6, 10, 23]
[16, 17, 18, 19, 20, 21, 22, 23, 24, 25, 26, 27, 28]


6
process id 6
stats
5, 16, 7, 100, 1000
20220820-081714
loosing coalitions taken
[2, 4, 6, 16, 17]
[1, 3, 7, 12, 20]
[3, 4, 6, 9, 18]
[1, 5, 6, 11, 22]
[1, 2, 8, 9, 22]
[1, 3, 8, 13, 16]
[2, 4, 5, 20]
[3, 5, 6, 7, 15]
[2, 3, 6, 13]
[1, 4, 6, 26]
[2, 3, 5, 22, 27]
[1, 2, 10, 12, 13]
[1, 4, 7, 11, 16]
[3, 4, 5, 21, 24]
[1, 4, 8, 10, 15]
[16, 17, 18, 19, 20, 21, 22, 23, 24, 25, 26, 27, 28]


6
process id 2
stats
5, 16, 7, 100, 1000
20220820-081718
loosing coalitions taken
[1, 3, 7, 15, 20]
[1, 3, 9, 10, 11]
[1, 3, 8, 12, 17]
[1, 4, 7, 10, 16]
[1, 2, 7, 9]
[2, 3, 6, 14]
[3, 4, 5, 16]
[2, 4, 5, 20]
[2, 4, 6, 12, 19]
[2, 3, 5, 21]
[1, 5, 6, 10, 24]
[1, 4, 6, 28]
[1, 2, 8, 13, 16]
[3, 4, 6, 8]
[1, 4, 8, 9, 15]
[16, 17, 18, 19, 20, 21, 22, 23, 24, 25, 26, 27, 28]


6
process id 5
stats
5, 16, 7, 100, 1000
20220820-081719
loosing coalitions taken
[1, 5, 6, 12, 23]
[2, 4, 5, 20]
[1, 2, 8, 15, 17]
[1, 4, 7, 8]
[3, 4, 6, 13, 21]
[1, 3, 7, 14, 17]
[2, 3, 6, 11]
[3, 4, 5, 16]
[1, 4, 6, 27]
[2, 3, 5, 22, 28]
[1, 3, 8, 13, 16]
[1, 3, 9, 10, 12]
[2, 4, 6, 16, 19]
[1, 2, 7, 9]
[1, 2, 10, 11, 14]
[16, 17, 18, 19, 20, 21, 22, 23, 24, 25, 26, 27, 28]


6
process id 0
stats
5, 16, 7, 100, 1000
20220820-081722
loosing coalitions taken
[1, 4, 8, 10, 15]
[3, 4, 5, 18, 25]
[1, 2, 9, 10, 11]
[2, 3, 6, 9]
[1, 2, 7, 14, 22]
[2, 4, 5, 20]
[1, 5, 6, 10, 23]
[1, 4, 6, 26]
[1, 3, 8, 11, 19]
[2, 3, 5, 24]
[3, 4, 6, 12, 17]
[2, 4, 6, 11, 19]
[1, 3, 7, 15, 16]
[1, 2, 8, 12, 18]
[1, 4, 7, 9, 17]
[16, 17, 18, 19, 20, 21, 22, 23, 24, 25, 26, 27, 28]


6
process id 3
stats
5, 16, 7, 100, 1000
20220820-081725
loosing coalitions taken
[1, 3, 7, 9, 24]
[1, 3, 8, 11, 16]
[2, 3, 6, 18, 20]
[3, 4, 6, 13, 21]
[1, 4, 8, 12, 14]
[1, 5, 6, 15, 19]
[1, 2, 8, 10, 20]
[1, 2, 7, 15, 18]
[2, 4, 5, 20]
[2, 4, 6, 10, 23]
[2, 3, 5, 23]
[1, 4, 6, 28]
[3, 4, 5, 16]
[1, 4, 7, 11, 17]
[1, 2, 9, 11, 12]
[16, 17, 18, 19, 20, 21, 22, 23, 24, 25, 26, 27, 28]


6
process id 4
stats
5, 16, 7, 100, 1000
20220820-081728
loosing coalitions taken
[2, 4, 5, 18]
[1, 2, 8, 13, 17]
[1, 2, 7, 16, 20]
[1, 3, 8, 11, 18]
[1, 3, 7, 10, 23]
[2, 3, 6, 14]
[1, 4, 6, 28]
[2, 3, 5, 23]
[3, 4, 5, 15]
[1, 5, 6, 15, 21]
[3, 4, 6, 12, 17]
[1, 4, 8, 12, 14]
[1, 4, 7, 11, 15]
[1, 2, 9, 10, 14]
[2, 4, 6, 9, 23]
[16, 17, 18, 19, 20, 21, 22, 23, 24, 25, 26, 27, 28]


6
process id 1
stats
5, 16, 7, 100, 1000
20220820-081731
loosing coalitions taken
[2, 3, 5, 23]
[1, 2, 9, 11, 14]
[1, 4, 8, 11, 13]
[1, 3, 8, 9, 18]
[2, 4, 6, 14, 22]
[3, 4, 6, 11, 20]
[1, 2, 7, 16, 19]
[1, 5, 6, 15, 18]
[1, 4, 6, 27]
[2, 4, 5, 17]
[2, 3, 6, 9]
[3, 4, 5, 16]
[1, 4, 7, 9, 17]
[1, 2, 8, 10, 17]
[1, 3, 7, 12, 22]
[16, 17, 18, 19, 20, 21, 22, 23, 24, 25, 26, 27, 28]


6
process id 2
stats
5, 16, 7, 100, 1000
20220820-081734
loosing coalitions taken
[3, 4, 5, 20, 22]
[1, 2, 9, 10, 13]
[1, 3, 7, 11, 22]
[2, 3, 5, 23]
[1, 3, 8, 9, 18]
[1, 2, 8, 12, 19]
[2, 4, 6, 11, 21]
[1, 2, 7, 15, 21]
[1, 5, 6, 12, 22]
[1, 4, 8, 10, 15]
[2, 3, 6, 14]
[2, 4, 5, 18, 27]
[1, 4, 6, 26]
[3, 4, 6, 9, 19]
[1, 4, 7, 9, 16]
[16, 17, 18, 19, 20, 21, 22, 23, 24, 25, 26, 27, 28]


5
process id 0
stats
5, 16, 7, 100, 1000
20220820-081740
loosing coalitions taken
[1, 5, 6, 12, 23]
[1, 4, 7, 14, 15]
[1, 2, 8, 11, 21]
[1, 2, 7, 16, 17]
[2, 3, 6, 10]
[3, 4, 5, 18, 24]
[2, 4, 5, 17]
[1, 3, 7, 13, 20]
[2, 3, 7, 8, 9]
[1, 4, 6, 27]
[1, 4, 8, 9, 10]
[2, 3, 5, 25]
[3, 4, 6, 12, 20]
[1, 2, 9, 12, 14]
[2, 4, 6, 9, 22]
[16, 17, 18, 19, 20, 21, 22, 23, 24, 25, 26, 27, 28]


6
process id 4
stats
5, 16, 7, 100, 1000
20220820-081745
loosing coalitions taken
[2, 4, 5, 21, 26]
[2, 3, 5, 23]
[1, 3, 7, 16, 17]
[1, 2, 8, 12, 21]
[1, 4, 7, 9, 18]
[1, 3, 8, 11, 18]
[1, 2, 10, 11, 13]
[1, 5, 6, 14, 22]
[2, 4, 6, 10, 22]
[1, 3, 9, 10, 12]
[1, 4, 6, 27]
[3, 4, 6, 15, 17]
[2, 3, 6, 11]
[1, 2, 7, 15, 22]
[3, 4, 5, 16]
[16, 17, 18, 19, 20, 21, 22, 23, 24, 25, 26, 27, 28]


6
process id 2
stats
5, 16, 7, 100, 1000
20220820-081747
loosing coalitions taken
[1, 2, 8, 9, 22]
[1, 2, 10, 12, 13]
[3, 4, 5, 16]
[2, 3, 6, 14]
[1, 4, 7, 8]
[1, 3, 9, 10, 11]
[2, 4, 6, 15, 20]
[3, 4, 6, 10, 18]
[1, 5, 6, 13, 23]
[2, 3, 5, 21]
[2, 4, 5, 18]
[1, 4, 6, 26]
[1, 3, 7, 14, 22]
[1, 3, 8, 13, 16]
[1, 2, 7, 15, 19]
[16, 17, 18, 19, 20, 21, 22, 23, 24, 25, 26, 27, 28]


6
process id 6
stats
5, 16, 7, 100, 1000
20220820-081754
loosing coalitions taken
[1, 4, 7, 8]
[1, 2, 10, 12, 14]
[1, 3, 9, 10, 11]
[1, 5, 6, 10, 25]
[2, 3, 5, 25]
[2, 4, 6, 14, 20]
[2, 4, 5, 18, 26]
[3, 4, 6, 13, 16]
[1, 2, 7, 9, 25]
[1, 4, 6, 26]
[1, 3, 8, 13, 15]
[3, 4, 5, 15]
[1, 3, 7, 14, 21]
[2, 3, 6, 12]
[1, 2, 8, 11, 19]
[16, 17, 18, 19, 20, 21, 22, 23, 24, 25, 26, 27, 28]


6
process id 0
stats
5, 16, 7, 100, 1000
20220820-081801
loosing coalitions taken
[1, 2, 9, 11, 12]
[1, 5, 6, 9, 24]
[2, 4, 5, 19]
[1, 2, 8, 15, 16]
[2, 3, 6, 11]
[1, 4, 8, 12, 14]
[1, 2, 7, 13, 23]
[1, 3, 7, 14, 18]
[1, 4, 6, 26]
[2, 3, 5, 22, 25]
[1, 3, 8, 10, 19]
[3, 4, 6, 8]
[2, 4, 6, 15, 17]
[3, 4, 5, 15]
[1, 4, 7, 10, 17]
[16, 17, 18, 19, 20, 21, 22, 23, 24, 25, 26, 27, 28]


6
process id 4
stats
5, 16, 7, 100, 1000
20220820-081808
loosing coalitions taken
[1, 3, 9, 10, 11]
[2, 3, 6, 14]
[3, 4, 5, 15]
[1, 3, 8, 12, 16]
[1, 4, 7, 10, 18]
[1, 2, 7, 9]
[1, 4, 8, 11, 14]
[2, 4, 5, 17]
[2, 4, 6, 12, 18]
[1, 4, 6, 28]
[1, 3, 7, 15, 20]
[2, 3, 5, 25]
[1, 5, 6, 12, 23]
[3, 4, 6, 11, 20]
[1, 2, 8, 13, 17]
[16, 17, 18, 19, 20, 21, 22, 23, 24, 25, 26, 27, 28]


6
process id 4
stats
5, 16, 7, 100, 1000
20220820-081814
loosing coalitions taken
[1, 2, 7, 15, 22]
[1, 3, 7, 11, 21]
[1, 5, 6, 9, 22]
[2, 3, 5, 23]
[3, 4, 6, 13, 21]
[2, 4, 5, 17]
[1, 2, 8, 10, 21]
[3, 4, 5, 15]
[2, 4, 6, 10, 23]
[1, 3, 8, 15, 16]
[1, 4, 8, 13, 14]
[1, 2, 9, 11, 14]
[1, 4, 6, 28]
[2, 3, 6, 11]
[1, 4, 7, 12, 16]
[16, 17, 18, 19, 20, 21, 22, 23, 24, 25, 26, 27, 28]


6
process id 5
stats
5, 16, 7, 100, 1000
20220820-081814
loosing coalitions taken
[1, 4, 8, 12, 14]
[1, 3, 8, 11, 19]
[1, 3, 7, 13, 18]
[2, 4, 5, 20]
[1, 2, 7, 9]
[1, 5, 6, 11, 22]
[2, 3, 6, 16, 22]
[2, 3, 5, 23]
[3, 4, 5, 16]
[2, 4, 6, 13, 21]
[3, 4, 6, 8]
[1, 2, 8, 15, 16]
[1, 4, 6, 28]
[1, 4, 7, 10, 19]
[1, 2, 10, 12, 13]
[16, 17, 18, 19, 20, 21, 22, 23, 24, 25, 26, 27, 28]


6
process id 4
stats
5, 16, 7, 100, 1000
20220820-081817
loosing coalitions taken
[1, 2, 10, 12, 14]
[3, 4, 6, 12, 19]
[2, 4, 5, 19]
[1, 3, 7, 14, 22]
[1, 2, 7, 13, 23]
[2, 3, 6, 13]
[1, 4, 6, 27]
[1, 3, 9, 10, 11]
[2, 4, 6, 15, 20]
[3, 4, 5, 16]
[2, 3, 5, 24]
[1, 4, 8, 10, 15]
[1, 3, 8, 12, 16]
[1, 2, 8, 9, 18]
[1, 5, 6, 9, 24]
[16, 17, 18, 19, 20, 21, 22, 23, 24, 25, 26, 27, 28]


6
process id 7
stats
5, 16, 7, 100, 1000
20220820-081821
loosing coalitions taken
[1, 4, 8, 11, 12]
[3, 4, 6, 13, 19]
[1, 3, 7, 15, 20]
[1, 3, 8, 10, 17]
[1, 2, 9, 10, 12]
[1, 2, 7, 16, 21]
[2, 4, 5, 16]
[2, 3, 6, 12]
[1, 4, 6, 27]
[3, 4, 5, 15, 28]
[2, 3, 5, 23, 26]
[1, 5, 6, 13, 18]
[2, 4, 6, 11, 24]
[1, 4, 7, 9, 19]
[1, 2, 8, 13, 19]
[16, 17, 18, 19, 20, 21, 22, 23, 24, 25, 26, 27, 28]


6
process id 6
stats
5, 16, 7, 100, 1000
20220820-081822
loosing coalitions taken
[1, 5, 6, 15, 20]
[3, 4, 5, 19, 22]
[2, 3, 6, 10, 26]
[2, 4, 5, 17]
[3, 4, 6, 14, 16]
[1, 3, 8, 11, 17]
[1, 2, 9, 12, 13]
[1, 4, 8, 9, 14]
[2, 3, 5, 23]
[1, 4, 6, 26]
[1, 3, 7, 15, 18]
[1, 2, 7, 11, 27]
[2, 4, 6, 11, 22]
[2, 3, 7, 8, 9]
[1, 4, 7, 10, 19]
[16, 17, 18, 19, 20, 21, 22, 23, 24, 25, 26, 27, 28]


6
process id 3
stats
5, 16, 7, 100, 1000
20220820-081832
loosing coalitions taken
[2, 3, 6, 13]
[1, 2, 10, 11, 14]
[2, 4, 5, 22, 23]
[1, 5, 6, 12, 23]
[1, 4, 6, 28]
[2, 4, 6, 11, 20]
[2, 3, 5, 21]
[1, 3, 8, 11, 18]
[1, 4, 8, 12, 14]
[1, 4, 7, 11, 15]
[3, 4, 5, 16]
[3, 4, 6, 8]
[1, 2, 8, 15, 16]
[1, 2, 7, 9, 22]
[1, 3, 7, 12, 19]
[16, 17, 18, 19, 20, 21, 22, 23, 24, 25, 26, 27, 28]


6
process id 7
stats
5, 16, 7, 100, 1000
20220820-081834
loosing coalitions taken
[2, 3, 6, 13]
[1, 3, 9, 10, 12]
[1, 2, 7, 9, 28]
[1, 4, 8, 10, 14]
[2, 4, 5, 17, 27]
[3, 4, 5, 16]
[1, 2, 8, 12, 20]
[3, 4, 6, 8]
[1, 5, 6, 15, 19]
[2, 4, 6, 11, 22]
[2, 3, 5, 24]
[1, 3, 8, 13, 15]
[1, 4, 6, 26]
[1, 3, 7, 14, 22]
[1, 4, 7, 11, 17]
[16, 17, 18, 19, 20, 21, 22, 23, 24, 25, 26, 27, 28]


6
process id 6
stats
5, 16, 7, 100, 1000
20220820-081837
loosing coalitions taken
[1, 4, 8, 9, 15]
[2, 3, 6, 14, 23]
[2, 3, 7, 8, 9]
[1, 2, 8, 14, 20]
[1, 5, 6, 11, 25]
[3, 4, 6, 10, 18]
[1, 3, 8, 12, 18]
[2, 4, 6, 16, 19]
[1, 2, 7, 13, 23]
[1, 3, 7, 11, 22]
[3, 4, 5, 17, 25]
[2, 3, 5, 27, 28]
[2, 4, 5, 18]
[1, 4, 6, 27]
[3, 5, 6, 7, 13]
[16, 17, 18, 19, 20, 21, 22, 23, 24, 25, 26, 27, 28]


6
process id 3
stats
5, 16, 7, 100, 1000
20220820-081839
loosing coalitions taken
[2, 3, 6, 13]
[1, 3, 8, 9, 16]
[3, 4, 5, 20, 21]
[2, 4, 5, 19]
[1, 2, 7, 16, 20]
[1, 2, 10, 11, 12]
[1, 5, 6, 11, 24]
[1, 3, 7, 10, 24]
[3, 4, 6, 8]
[2, 4, 6, 9, 22]
[2, 3, 5, 24, 26]
[1, 2, 8, 14, 17]
[1, 4, 8, 10, 15]
[1, 4, 7, 9, 17]
[1, 4, 6, 26]
[16, 17, 18, 19, 20, 21, 22, 23, 24, 25, 26, 27, 28]


