Results
Max overall: 17
Min avg pop: 0.645
Min pop: 0.643

6
process id 1
stats
5, 17, 7, 100, 1000
20220820-081937
loosing coalitions taken
[2, 3, 6, 14]
[2, 4, 5, 20]
[1, 3, 7, 9, 24]
[1, 2, 9, 11, 13]
[3, 4, 6, 15, 17]
[1, 2, 8, 12, 20]
[1, 2, 7, 15, 22]
[2, 4, 6, 11, 21]
[2, 3, 5, 24, 27]
[1, 5, 6, 9, 25]
[3, 4, 5, 16]
[2, 3, 7, 8, 10]
[1, 3, 8, 13, 15]
[1, 4, 8, 11, 14]
[1, 4, 6, 27]
[1, 4, 7, 10, 17]
[16, 17, 18, 19, 20, 21, 22, 23, 24, 25, 26, 27, 28]


6
process id 0
stats
5, 17, 7, 100, 1000
20220820-081943
loosing coalitions taken
[1, 3, 7, 10, 22]
[2, 3, 6, 13]
[1, 2, 7, 12, 24]
[2, 4, 5, 18]
[1, 2, 8, 15, 16]
[1, 2, 9, 11, 14]
[1, 5, 6, 12, 22]
[1, 4, 8, 11, 13]
[2, 4, 6, 14, 20]
[2, 3, 5, 24]
[3, 4, 6, 10, 18]
[3, 4, 5, 20, 22]
[1, 4, 6, 26]
[2, 3, 7, 8, 9]
[1, 3, 8, 12, 18]
[1, 4, 7, 14, 15]
[16, 17, 18, 19, 20, 21, 22, 23, 24, 25, 26, 27, 28]


6
process id 6
stats
5, 17, 7, 100, 1000
20220820-082004
loosing coalitions taken
[1, 4, 8, 10, 15]
[1, 2, 10, 12, 14]
[2, 3, 6, 14]
[1, 3, 8, 12, 19]
[1, 5, 6, 16, 20]
[1, 3, 9, 10, 11]
[3, 4, 5, 17, 26]
[1, 3, 7, 13, 22]
[1, 2, 8, 11, 18]
[2, 4, 5, 19]
[1, 2, 7, 16, 21]
[2, 3, 5, 21]
[1, 4, 6, 26]
[3, 4, 6, 10, 19]
[2, 4, 6, 16, 18]
[1, 4, 7, 11, 17]
[16, 17, 18, 19, 20, 21, 22, 23, 24, 25, 26, 27, 28]


6
process id 2
stats
5, 17, 7, 100, 1000
20220820-082026
loosing coalitions taken
[1, 5, 6, 16, 20]
[1, 2, 7, 16, 19]
[2, 4, 5, 17]
[1, 4, 7, 12, 15]
[1, 3, 8, 12, 18]
[1, 4, 8, 9, 14]
[1, 3, 7, 10, 22]
[2, 3, 6, 15, 23]
[1, 2, 9, 11, 12]
[3, 4, 6, 12, 21]
[1, 2, 8, 10, 20]
[2, 3, 5, 22]
[3, 4, 5, 18, 27]
[1, 4, 6, 26]
[2, 3, 7, 8, 9]
[2, 4, 6, 9, 24]
[16, 17, 18, 19, 20, 21, 22, 23, 24, 25, 26, 27, 28]


6
process id 5
stats
5, 17, 7, 100, 1000
20220820-082141
loosing coalitions taken
[3, 4, 6, 13, 18]
[1, 2, 8, 13, 17]
[2, 3, 6, 14]
[1, 3, 8, 11, 18]
[2, 4, 5, 18]
[1, 2, 9, 10, 11]
[1, 3, 7, 13, 21]
[1, 2, 7, 12, 23]
[3, 4, 5, 16]
[1, 5, 6, 12, 21]
[2, 3, 5, 22]
[1, 4, 7, 11, 15]
[1, 4, 6, 26]
[2, 3, 7, 8, 10]
[2, 4, 6, 15, 16]
[1, 4, 8, 10, 14]
[16, 17, 18, 19, 20, 21, 22, 23, 24, 25, 26, 27, 28]


6
process id 0
stats
5, 17, 7, 100, 1000
20220820-082235
loosing coalitions taken
[2, 3, 6, 19, 20]
[3, 4, 6, 13, 17]
[1, 2, 7, 14, 23]
[1, 5, 6, 10, 26]
[1, 4, 8, 9, 15]
[1, 3, 8, 12, 18]
[2, 3, 5, 23]
[1, 4, 7, 13, 16]
[2, 4, 5, 19]
[3, 4, 5, 20, 21]
[2, 3, 7, 8, 9]
[2, 4, 6, 12, 22]
[1, 3, 7, 15, 19]
[1, 4, 6, 28]
[1, 3, 9, 10, 11]
[1, 2, 9, 12, 13]
[16, 17, 18, 19, 20, 21, 22, 23, 24, 25, 26, 27, 28]


6
process id 4
stats
5, 17, 7, 100, 1000
20220820-082320
loosing coalitions taken
[1, 4, 7, 9, 19]
[2, 3, 5, 23, 25]
[2, 3, 6, 12]
[1, 2, 7, 10, 25]
[1, 3, 7, 14, 21]
[1, 4, 8, 10, 13]
[3, 4, 5, 20, 22]
[2, 4, 5, 16]
[1, 5, 6, 14, 22]
[1, 3, 9, 10, 11]
[1, 4, 6, 27]
[1, 2, 8, 14, 20]
[3, 4, 6, 15, 17]
[1, 2, 9, 12, 13]
[2, 4, 6, 11, 23]
[1, 3, 8, 12, 18]
[16, 17, 18, 19, 20, 21, 22, 23, 24, 25, 26, 27, 28]


7
process id 3
stats
5, 17, 7, 100, 1000
20220820-082324
loosing coalitions taken
[2, 4, 5, 20]
[1, 3, 7, 10, 22]
[3, 4, 6, 14, 20]
[2, 4, 6, 10, 24]
[2, 3, 5, 22, 28]
[3, 4, 5, 15]
[1, 4, 8, 9, 15]
[1, 2, 9, 10, 13]
[1, 4, 7, 14, 16]
[1, 2, 7, 11, 24]
[1, 5, 6, 16, 18]
[1, 3, 8, 11, 19]
[2, 3, 6, 11]
[1, 2, 8, 12, 21]
[1, 4, 6, 26]
[2, 3, 7, 8, 9]
[16, 17, 18, 19, 20, 21, 22, 23, 24, 25, 26, 27, 28]


6
process id 7
stats
5, 17, 7, 100, 1000
20220820-082452
loosing coalitions taken
[1, 2, 9, 12, 13]
[2, 3, 6, 15, 25]
[2, 4, 6, 16, 19]
[3, 4, 6, 12, 20]
[1, 2, 7, 16, 17]
[1, 4, 7, 10, 19]
[1, 4, 8, 11, 13]
[1, 2, 8, 14, 18]
[3, 4, 5, 18, 24]
[1, 5, 6, 9, 26]
[1, 3, 7, 12, 21]
[2, 4, 5, 20]
[2, 3, 7, 8, 10]
[1, 3, 9, 10, 11]
[1, 4, 6, 28]
[1, 3, 8, 15, 16]
[16, 17, 18, 19, 20, 21, 22, 23, 24, 25, 26, 27, 28]


6
process id 4
stats
5, 17, 7, 100, 1000
20220820-082504
loosing coalitions taken
[3, 4, 6, 9, 22]
[1, 5, 6, 15, 21]
[2, 4, 5, 21, 25]
[2, 4, 6, 10, 24]
[2, 3, 6, 14]
[1, 2, 9, 10, 13]
[3, 4, 5, 17, 26]
[1, 2, 7, 11, 25]
[1, 2, 8, 15, 16]
[1, 4, 6, 26]
[2, 3, 5, 22]
[1, 4, 7, 13, 16]
[2, 3, 7, 8, 10]
[1, 3, 8, 11, 17]
[1, 4, 8, 12, 14]
[1, 3, 7, 12, 22]
[16, 17, 18, 19, 20, 21, 22, 23, 24, 25, 26, 27, 28]


6
process id 0
stats
5, 17, 7, 100, 1000
20220820-082602
loosing coalitions taken
[3, 4, 6, 12, 18]
[2, 4, 5, 18, 26]
[1, 5, 6, 14, 20]
[1, 2, 7, 9]
[2, 4, 6, 11, 24]
[3, 4, 5, 15, 28]
[2, 3, 5, 25]
[1, 2, 8, 14, 18]
[1, 4, 7, 12, 16]
[1, 3, 7, 13, 22]
[1, 4, 8, 11, 13]
[1, 2, 10, 11, 12]
[2, 3, 6, 17, 19]
[1, 4, 6, 28]
[2, 3, 7, 8, 10]
[1, 3, 8, 9, 17]
[16, 17, 18, 19, 20, 21, 22, 23, 24, 25, 26, 27, 28]


6
process id 5
stats
5, 17, 7, 100, 1000
20220820-082752
loosing coalitions taken
[1, 2, 8, 14, 20]
[1, 5, 6, 16, 19]
[3, 4, 6, 13, 18]
[2, 4, 5, 20]
[2, 3, 6, 12]
[1, 2, 9, 11, 13]
[1, 3, 8, 11, 19]
[3, 4, 5, 17, 24]
[1, 2, 7, 15, 21]
[2, 3, 5, 22]
[2, 4, 6, 14, 21]
[1, 4, 8, 9, 12]
[1, 4, 6, 27]
[1, 4, 7, 10, 16]
[2, 3, 7, 8, 9]
[1, 3, 7, 12, 22]
[16, 17, 18, 19, 20, 21, 22, 23, 24, 25, 26, 27, 28]


6
process id 0
stats
5, 17, 7, 100, 1000
20220820-082753
loosing coalitions taken
[2, 3, 6, 14, 25]
[2, 4, 5, 18]
[1, 2, 7, 15, 22]
[1, 3, 7, 13, 18]
[1, 3, 8, 11, 17]
[1, 4, 8, 12, 14]
[1, 4, 7, 10, 16]
[1, 5, 6, 9, 24]
[2, 4, 6, 11, 20]
[3, 4, 5, 17, 23]
[2, 3, 7, 8, 9]
[1, 3, 9, 10, 12]
[2, 3, 5, 22]
[3, 4, 6, 13, 16]
[1, 4, 6, 27]
[1, 2, 9, 11, 14]
[16, 17, 18, 19, 20, 21, 22, 23, 24, 25, 26, 27, 28]


6
process id 3
stats
5, 17, 7, 100, 1000
20220820-082907
loosing coalitions taken
[1, 2, 10, 11, 13]
[1, 2, 7, 12, 24]
[3, 4, 5, 19, 26]
[1, 3, 9, 10, 12]
[2, 3, 6, 12]
[2, 4, 5, 17]
[1, 5, 6, 11, 25]
[1, 4, 8, 12, 13]
[1, 2, 8, 9, 18]
[2, 4, 6, 16, 18]
[3, 4, 6, 8, 27]
[2, 3, 5, 23]
[1, 4, 6, 28]
[1, 3, 8, 15, 16]
[2, 5, 6, 7, 14]
[1, 3, 7, 13, 18]
[16, 17, 18, 19, 20, 21, 22, 23, 24, 25, 26, 27, 28]


6
process id 1
stats
5, 17, 7, 100, 1000
20220820-083419
loosing coalitions taken
[1, 3, 8, 10, 17]
[3, 4, 6, 14, 18]
[1, 2, 7, 15, 20]
[1, 3, 7, 14, 21]
[2, 3, 6, 10]
[2, 4, 5, 19]
[1, 5, 6, 15, 19]
[3, 4, 5, 20, 23]
[2, 3, 5, 22, 28]
[2, 4, 6, 12, 22]
[1, 4, 7, 10, 19]
[2, 3, 7, 8, 9]
[1, 2, 9, 10, 11]
[1, 2, 8, 12, 19]
[1, 4, 6, 27]
[2, 5, 6, 8, 11]
[16, 17, 18, 19, 20, 21, 22, 23, 24, 25, 26, 27, 28]


