Results
15
0.64
0.64

6
process id 0
stats
5, 15, 7, 100, 1000
20220817-202930
loosing coalitions taken
[1, 5, 6, 15, 21]
[1, 4, 8, 12, 13]
[1, 3, 7, 12, 22]
[3, 4, 6, 11, 21]
[1, 2, 8, 10, 20]
[1, 4, 7, 11, 17]
[1, 2, 7, 9]
[1, 4, 6, 27]
[2, 3, 6, 13]
[2, 4, 6, 9, 18]
[3, 4, 5, 12]
[2, 4, 5, 17]
[2, 3, 5, 22]
[1, 3, 9, 10, 11]
[16, 17, 18, 19, 20, 21, 22, 23, 24, 25, 26, 27, 28]


5
process id 3
stats
5, 15, 7, 100, 1000
20220817-202931
loosing coalitions taken
[1, 3, 7, 10, 22]
[1, 3, 8, 14, 15]
[1, 2, 9, 11, 14]
[1, 2, 8, 13, 20]
[1, 4, 6, 28]
[2, 3, 6, 14, 27]
[1, 4, 8, 9, 10]
[2, 3, 5, 24]
[3, 4, 5, 11]
[1, 5, 6, 12, 22]
[2, 4, 5, 20, 25]
[1, 4, 7, 12, 13]
[1, 2, 7, 15, 21]
[2, 4, 6, 10, 19]
[16, 17, 18, 19, 20, 21, 22, 23, 24, 25, 26, 27, 28]


6
process id 7
stats
5, 15, 7, 100, 1000
20220817-202933
loosing coalitions taken
[2, 3, 6, 12]
[1, 2, 8, 13, 18]
[1, 3, 8, 15, 16]
[2, 4, 5, 18]
[1, 2, 9, 10, 14]
[1, 2, 7, 11, 22]
[2, 4, 6, 15, 16]
[1, 5, 6, 14, 21]
[3, 4, 5, 19, 20]
[1, 4, 6, 25]
[1, 4, 7, 8]
[2, 3, 5, 17]
[1, 3, 7, 10, 18]
[3, 4, 6, 8]
[16, 17, 18, 19, 20, 21, 22, 23, 24, 25, 26, 27, 28]


6
process id 5
stats
5, 15, 7, 100, 1000
20220817-202934
loosing coalitions taken
[3, 4, 5, 17, 27]
[2, 4, 5, 20, 25]
[1, 2, 8, 10, 17]
[1, 2, 9, 11, 12]
[1, 4, 7, 10, 18]
[1, 5, 6, 11, 24]
[1, 3, 7, 11, 23]
[2, 3, 5, 23, 26]
[1, 4, 6, 25, 27]
[2, 4, 6, 8, 28]
[2, 3, 6, 12, 25]
[1, 2, 7, 14, 24]
[3, 4, 6, 14, 19]
[1, 3, 8, 14, 16]
[16, 17, 18, 19, 20, 21, 22, 23, 24, 25, 26, 27, 28]


6
process id 4
stats
5, 15, 7, 100, 1000
20220817-202934
loosing coalitions taken
[1, 2, 9, 10, 14]
[1, 3, 7, 13, 21]
[1, 4, 8, 9, 12]
[1, 5, 6, 11, 23]
[2, 3, 6, 14]
[2, 4, 5, 17]
[1, 2, 7, 12, 25]
[1, 2, 8, 11, 18]
[3, 4, 6, 10, 21]
[2, 4, 6, 8]
[2, 3, 5, 25]
[3, 4, 5, 16]
[1, 3, 8, 10, 17]
[1, 4, 6, 24]
[16, 17, 18, 19, 20, 21, 22, 23, 24, 25, 26, 27, 28]


6
process id 1
stats
5, 15, 7, 100, 1000
20220817-202935
loosing coalitions taken
[1, 2, 8, 15, 16]
[1, 3, 7, 10, 21]
[1, 4, 8, 11, 12]
[2, 4, 5, 17]
[2, 3, 6, 10]
[1, 2, 7, 9]
[3, 4, 5, 13]
[2, 3, 5, 23, 28]
[1, 5, 6, 15, 17]
[1, 4, 7, 14, 15]
[1, 4, 6, 28]
[3, 4, 6, 14, 18]
[2, 4, 6, 11, 22]
[2, 5, 6, 8, 9]
[16, 17, 18, 19, 20, 21, 22, 23, 24, 25, 26, 27, 28]


6
process id 2
stats
5, 15, 7, 100, 1000
20220817-202936
loosing coalitions taken
[2, 3, 6, 9]
[1, 2, 8, 14, 17]
[3, 4, 5, 16]
[1, 5, 6, 10, 26]
[1, 4, 7, 8, 25]
[1, 4, 6, 27]
[1, 3, 7, 13, 22]
[2, 3, 5, 23, 27]
[3, 4, 6, 14, 18]
[1, 3, 8, 9, 18]
[1, 2, 7, 16, 21]
[2, 4, 5, 20]
[2, 4, 6, 13, 16]
[1, 2, 10, 11, 13]
[16, 17, 18, 19, 20, 21, 22, 23, 24, 25, 26, 27, 28]


6
process id 6
stats
5, 15, 7, 100, 1000
20220817-202938
loosing coalitions taken
[1, 4, 8, 13, 14]
[1, 3, 7, 11, 22]
[1, 2, 7, 9]
[1, 3, 8, 10, 17]
[2, 4, 6, 12, 21]
[2, 3, 6, 14]
[3, 4, 5, 18, 27]
[1, 4, 6, 27]
[2, 3, 5, 20]
[2, 4, 5, 19]
[1, 5, 6, 10, 19]
[1, 2, 8, 11, 21]
[3, 4, 6, 8]
[2, 5, 6, 7, 15]
[16, 17, 18, 19, 20, 21, 22, 23, 24, 25, 26, 27, 28]


6
process id 0
stats
5, 15, 7, 100, 1000
20220817-202939
loosing coalitions taken
[1, 2, 7, 16, 19]
[1, 3, 7, 14, 21]
[1, 3, 8, 11, 16]
[1, 2, 10, 11, 14]
[1, 2, 8, 13, 18]
[1, 4, 7, 8]
[1, 5, 6, 10, 23]
[3, 4, 6, 12, 18]
[2, 4, 5, 15, 27]
[2, 3, 5, 18]
[1, 4, 6, 25]
[2, 4, 6, 8]
[2, 3, 6, 11, 27]
[3, 4, 5, 17, 23]
[16, 17, 18, 19, 20, 21, 22, 23, 24, 25, 26, 27, 28]


6
process id 1
stats
5, 15, 7, 100, 1000
20220817-202941
loosing coalitions taken
[2, 4, 6, 12, 21]
[1, 3, 7, 9, 22]
[3, 4, 5, 16]
[2, 3, 6, 10]
[1, 2, 7, 14, 23]
[1, 4, 7, 8]
[3, 4, 6, 8]
[2, 3, 5, 22, 25]
[1, 4, 6, 23]
[2, 4, 5, 18]
[1, 2, 8, 12, 19]
[1, 2, 10, 11, 13]
[1, 5, 6, 13, 20]
[1, 3, 8, 10, 15]
[16, 17, 18, 19, 20, 21, 22, 23, 24, 25, 26, 27, 28]


6
process id 7
stats
5, 15, 7, 100, 1000
20220817-202941
loosing coalitions taken
[1, 2, 7, 10, 27]
[1, 2, 9, 11, 13]
[1, 5, 6, 9, 23]
[3, 4, 5, 17, 26]
[2, 3, 5, 24]
[2, 4, 6, 14, 20]
[1, 4, 6, 26]
[2, 3, 6, 9]
[1, 4, 8, 10, 15]
[1, 2, 8, 12, 19]
[2, 4, 5, 16]
[1, 3, 7, 8]
[3, 4, 6, 12, 19]
[1, 4, 7, 11, 12]
[16, 17, 18, 19, 20, 21, 22, 23, 24, 25, 26, 27, 28]


6
process id 3
stats
5, 15, 7, 100, 1000
20220817-202942
loosing coalitions taken
[2, 3, 6, 13]
[1, 5, 6, 16, 19]
[3, 4, 5, 16]
[1, 2, 9, 11, 12]
[2, 4, 5, 20, 25]
[1, 4, 6, 23]
[2, 3, 5, 24, 27]
[1, 3, 7, 12, 19]
[3, 4, 6, 8]
[2, 4, 6, 9, 24]
[1, 4, 7, 8, 27]
[2, 5, 6, 8, 10]
[1, 3, 8, 11, 18]
[1, 2, 7, 10, 26]
[16, 17, 18, 19, 20, 21, 22, 23, 24, 25, 26, 27, 28]


6
process id 4
stats
5, 15, 7, 100, 1000
20220817-202943
loosing coalitions taken
[1, 3, 8, 12, 18]
[2, 4, 5, 16]
[1, 3, 7, 11, 21]
[1, 2, 10, 11, 14]
[1, 5, 6, 9, 22]
[2, 3, 6, 12]
[1, 2, 7, 9, 28]
[2, 3, 5, 20, 27]
[1, 4, 6, 23, 28]
[2, 4, 6, 8]
[3, 4, 6, 13, 20]
[1, 2, 8, 13, 20]
[1, 4, 7, 8]
[3, 4, 5, 15, 25]
[16, 17, 18, 19, 20, 21, 22, 23, 24, 25, 26, 27, 28]


6
process id 2
stats
5, 15, 7, 100, 1000
20220817-202944
loosing coalitions taken
[1, 5, 6, 13, 22]
[2, 3, 6, 14]
[1, 2, 8, 9, 22]
[1, 3, 7, 11, 22]
[1, 3, 8, 15, 16]
[1, 2, 10, 11, 12]
[2, 4, 5, 18]
[1, 4, 6, 25]
[3, 4, 5, 12]
[1, 4, 8, 11, 14]
[2, 3, 5, 17]
[3, 4, 6, 10, 19]
[2, 4, 6, 8]
[1, 2, 7, 14, 21]
[16, 17, 18, 19, 20, 21, 22, 23, 24, 25, 26, 27, 28]


6
process id 1
stats
5, 15, 7, 100, 1000
20220817-202945
loosing coalitions taken
[1, 2, 8, 9, 21]
[1, 5, 6, 13, 22]
[1, 4, 7, 11, 16]
[1, 3, 9, 10, 12]
[1, 2, 10, 11, 14]
[2, 3, 6, 10]
[2, 4, 5, 19, 27]
[3, 4, 5, 16]
[2, 3, 5, 25]
[1, 3, 8, 14, 15]
[3, 4, 6, 13, 18]
[1, 4, 6, 26]
[2, 5, 6, 7, 14]
[1, 2, 7, 15, 22]
[16, 17, 18, 19, 20, 21, 22, 23, 24, 25, 26, 27, 28]


6
process id 3
stats
5, 15, 7, 100, 1000
20220817-202945
loosing coalitions taken
[2, 4, 5, 18]
[1, 3, 8, 12, 16]
[2, 3, 6, 13, 23]
[1, 5, 6, 9, 25]
[2, 4, 6, 11, 21]
[1, 3, 7, 13, 17]
[1, 2, 7, 9]
[2, 3, 5, 17]
[1, 4, 6, 28]
[1, 4, 8, 9, 13]
[3, 4, 6, 10, 20]
[3, 4, 5, 16]
[1, 2, 8, 14, 17]
[1, 2, 10, 12, 13]
[16, 17, 18, 19, 20, 21, 22, 23, 24, 25, 26, 27, 28]


6
process id 4
stats
5, 15, 7, 100, 1000
20220817-202946
loosing coalitions taken
[1, 3, 7, 16, 17]
[1, 2, 8, 11, 18]
[1, 2, 9, 10, 13]
[1, 2, 7, 14, 23]
[1, 5, 6, 14, 21]
[2, 3, 5, 24]
[1, 4, 6, 26]
[2, 4, 6, 8]
[3, 4, 5, 18, 27]
[2, 3, 6, 10]
[2, 4, 5, 17]
[1, 4, 8, 10, 14]
[3, 4, 6, 11, 19]
[1, 3, 8, 13, 15]
[16, 17, 18, 19, 20, 21, 22, 23, 24, 25, 26, 27, 28]


5
process id 0
stats
5, 15, 7, 100, 1000
20220817-202947
loosing coalitions taken
[1, 4, 7, 10, 17]
[1, 3, 7, 14, 20]
[1, 5, 6, 11, 23]
[1, 2, 9, 10, 14]
[1, 2, 7, 11, 27]
[1, 2, 8, 13, 20]
[3, 4, 5, 16]
[2, 3, 6, 13]
[2, 3, 5, 25]
[1, 4, 6, 24]
[2, 4, 5, 19]
[1, 3, 8, 11, 16]
[3, 4, 6, 8, 28]
[2, 4, 6, 14, 18]
[16, 17, 18, 19, 20, 21, 22, 23, 24, 25, 26, 27, 28]


6
process id 3
stats
5, 15, 7, 100, 1000
20220817-202948
loosing coalitions taken
[1, 2, 9, 11, 12]
[1, 4, 7, 12, 16]
[2, 3, 5, 26, 27]
[1, 3, 8, 9, 20]
[1, 2, 7, 14, 22]
[2, 3, 6, 9]
[1, 3, 7, 15, 19]
[2, 4, 5, 18]
[1, 5, 6, 10, 23]
[3, 4, 5, 15]
[2, 4, 6, 16, 17]
[3, 4, 6, 8, 28]
[1, 4, 6, 25]
[1, 4, 8, 11, 14]
[16, 17, 18, 19, 20, 21, 22, 23, 24, 25, 26, 27, 28]


6
process id 1
stats
5, 15, 7, 100, 1000
20220817-202950
loosing coalitions taken
[1, 3, 7, 13, 21]
[1, 2, 7, 11, 27]
[1, 3, 8, 11, 15]
[2, 3, 5, 24]
[1, 2, 8, 13, 17]
[2, 4, 6, 12, 20]
[1, 2, 9, 10, 14]
[2, 4, 5, 17]
[3, 4, 5, 13]
[1, 5, 6, 9, 22]
[1, 4, 7, 9, 19]
[2, 3, 6, 11]
[1, 4, 6, 24]
[3, 4, 6, 8, 28]
[16, 17, 18, 19, 20, 21, 22, 23, 24, 25, 26, 27, 28]


5
process id 5
stats
5, 15, 7, 100, 1000
20220817-202950
loosing coalitions taken
[1, 2, 9, 12, 13]
[1, 2, 7, 10, 24]
[2, 4, 5, 18]
[1, 2, 8, 14, 16]
[2, 3, 7, 8, 9]
[2, 3, 6, 13]
[1, 3, 7, 14, 18]
[1, 5, 6, 11, 18]
[2, 3, 5, 24]
[1, 3, 8, 11, 13]
[3, 4, 6, 10, 21]
[3, 4, 5, 13, 26]
[1, 4, 8, 9, 10]
[1, 4, 6, 26]
[16, 17, 18, 19, 20, 21, 22, 23, 24, 25, 26, 27, 28]


5
process id 3
stats
5, 15, 7, 100, 1000
20220817-202950
loosing coalitions taken
[1, 2, 8, 9, 22]
[1, 4, 8, 12, 13]
[1, 3, 8, 11, 18]
[1, 5, 6, 10, 26]
[1, 3, 9, 10, 12]
[2, 3, 6, 13]
[2, 4, 5, 21, 22]
[1, 2, 7, 10, 23]
[3, 4, 5, 15]
[2, 4, 6, 11, 24]
[3, 4, 6, 8]
[2, 3, 5, 19]
[1, 4, 6, 23]
[1, 3, 7, 13, 17]
[16, 17, 18, 19, 20, 21, 22, 23, 24, 25, 26, 27, 28]


5
process id 0
stats
5, 15, 7, 100, 1000
20220817-202951
loosing coalitions taken
[2, 3, 6, 13]
[1, 3, 8, 11, 17]
[1, 5, 6, 9, 26]
[1, 3, 9, 10, 12]
[1, 2, 7, 9]
[1, 4, 6, 28]
[2, 3, 5, 24]
[3, 4, 5, 14]
[2, 4, 5, 19]
[1, 4, 7, 11, 13]
[2, 4, 6, 11, 20]
[1, 4, 8, 12, 14]
[1, 2, 8, 10, 18]
[3, 4, 6, 10, 21]
[16, 17, 18, 19, 20, 21, 22, 23, 24, 25, 26, 27, 28]


6
process id 5
stats
5, 15, 7, 100, 1000
20220817-202952
loosing coalitions taken
[1, 4, 7, 10, 18]
[1, 3, 7, 15, 20]
[2, 4, 6, 12, 20]
[1, 5, 6, 10, 25]
[1, 2, 8, 14, 18]
[2, 3, 5, 22]
[1, 2, 7, 11, 27]
[2, 3, 6, 14]
[3, 4, 5, 13]
[1, 4, 6, 23]
[3, 4, 6, 8]
[2, 4, 5, 18]
[1, 4, 8, 9, 13]
[1, 2, 9, 10, 12]
[16, 17, 18, 19, 20, 21, 22, 23, 24, 25, 26, 27, 28]


6
process id 0
stats
5, 15, 7, 100, 1000
20220817-202953
loosing coalitions taken
[1, 5, 6, 13, 24]
[3, 4, 6, 15, 17]
[2, 3, 5, 23, 26]
[2, 4, 6, 10, 23]
[2, 4, 5, 18]
[1, 4, 6, 27]
[2, 3, 6, 11]
[1, 2, 7, 13, 21]
[1, 4, 7, 11, 14]
[1, 3, 8, 14, 15]
[3, 4, 5, 16]
[1, 4, 8, 9, 12]
[2, 5, 6, 7, 14]
[1, 2, 8, 10, 18]
[16, 17, 18, 19, 20, 21, 22, 23, 24, 25, 26, 27, 28]


5
process id 2
stats
5, 15, 7, 100, 1000
20220817-202953
loosing coalitions taken
[1, 2, 7, 16, 20]
[1, 3, 8, 9, 17]
[1, 2, 9, 11, 14]
[2, 3, 5, 25]
[1, 3, 7, 13, 22]
[1, 4, 7, 8]
[2, 4, 6, 15, 21]
[1, 4, 6, 25, 26]
[2, 4, 5, 19]
[3, 4, 5, 14]
[1, 5, 6, 11, 19]
[2, 3, 6, 14]
[3, 4, 6, 9, 22]
[1, 2, 8, 12, 21]
[16, 17, 18, 19, 20, 21, 22, 23, 24, 25, 26, 27, 28]


6
process id 7
stats
5, 15, 7, 100, 1000
20220817-202953
loosing coalitions taken
[2, 4, 5, 21, 25]
[1, 4, 8, 10, 14]
[2, 3, 6, 13]
[1, 5, 6, 11, 24]
[1, 3, 8, 12, 17]
[3, 4, 5, 19, 23]
[1, 4, 6, 27]
[1, 3, 7, 15, 20]
[2, 3, 5, 20]
[1, 2, 10, 11, 12]
[3, 4, 6, 8]
[1, 2, 8, 13, 16]
[2, 4, 6, 12, 23]
[1, 2, 7, 9]
[16, 17, 18, 19, 20, 21, 22, 23, 24, 25, 26, 27, 28]


6
process id 4
stats
5, 15, 7, 100, 1000
20220817-202954
loosing coalitions taken
[1, 3, 8, 9, 19]
[2, 3, 6, 10]
[1, 2, 8, 14, 18]
[1, 3, 7, 13, 22]
[1, 2, 9, 12, 13]
[1, 5, 6, 15, 21]
[1, 4, 7, 8]
[2, 3, 5, 25]
[2, 4, 5, 20]
[3, 4, 6, 11, 17]
[2, 4, 6, 8]
[3, 4, 5, 12]
[1, 4, 6, 28]
[1, 2, 7, 11, 27]
[16, 17, 18, 19, 20, 21, 22, 23, 24, 25, 26, 27, 28]


6
process id 3
stats
5, 15, 7, 100, 1000
20220817-202955
loosing coalitions taken
[3, 4, 5, 18, 22]
[3, 4, 6, 13, 21]
[1, 3, 8, 11, 16]
[2, 4, 5, 17, 27]
[1, 5, 6, 12, 19]
[1, 2, 7, 13, 23]
[1, 2, 8, 9, 19]
[2, 3, 6, 10, 22]
[1, 4, 8, 10, 14]
[2, 4, 6, 11, 24]
[1, 4, 6, 28]
[1, 4, 7, 12, 16]
[2, 3, 5, 25]
[1, 3, 7, 9, 22]
[16, 17, 18, 19, 20, 21, 22, 23, 24, 25, 26, 27, 28]


6
process id 7
stats
5, 15, 7, 100, 1000
20220817-202957
loosing coalitions taken
[1, 2, 8, 13, 19]
[1, 3, 7, 15, 18]
[1, 3, 8, 11, 16]
[1, 2, 7, 14, 21]
[1, 4, 7, 8, 22]
[1, 5, 6, 11, 24]
[2, 3, 6, 14]
[2, 4, 5, 15]
[2, 3, 5, 20]
[3, 4, 6, 13, 18]
[3, 4, 5, 10]
[1, 4, 6, 28]
[2, 4, 6, 8]
[1, 2, 9, 11, 12]
[16, 17, 18, 19, 20, 21, 22, 23, 24, 25, 26, 27, 28]


6
process id 0
stats
5, 15, 7, 100, 1000
20220817-202957
loosing coalitions taken
[1, 4, 7, 10, 17]
[1, 2, 7, 9, 28]
[1, 2, 8, 11, 21]
[3, 4, 6, 12, 18]
[1, 3, 7, 14, 18]
[1, 3, 8, 12, 15]
[1, 3, 9, 10, 11]
[1, 2, 10, 12, 13]
[2, 4, 5, 21, 26]
[1, 5, 6, 14, 19]
[2, 4, 6, 9, 22]
[2, 3, 6, 10]
[3, 4, 5, 16]
[1, 4, 6, 26]
[16, 17, 18, 19, 20, 21, 22, 23, 24, 25, 26, 27, 28]


6
process id 2
stats
5, 15, 7, 100, 1000
20220817-202957
loosing coalitions taken
[1, 4, 7, 10, 19]
[2, 3, 7, 8, 10]
[1, 3, 8, 11, 17]
[1, 2, 9, 10, 13]
[1, 3, 7, 13, 20]
[1, 2, 7, 11, 26]
[1, 5, 6, 9, 25]
[2, 4, 6, 16, 19]
[1, 4, 6, 28]
[1, 2, 8, 12, 21]
[2, 3, 5, 24]
[3, 4, 5, 16]
[2, 4, 5, 18]
[2, 3, 6, 15, 20]
[16, 17, 18, 19, 20, 21, 22, 23, 24, 25, 26, 27, 28]


5
process id 4
stats
5, 15, 7, 100, 1000
20220817-202957
loosing coalitions taken
[2, 4, 5, 20]
[1, 4, 8, 11, 12]
[1, 3, 7, 14, 21]
[1, 2, 8, 14, 18]
[1, 2, 7, 16, 17]
[1, 4, 7, 9, 18]
[2, 4, 6, 12, 23]
[3, 4, 5, 11]
[2, 3, 5, 19]
[2, 3, 6, 13]
[1, 5, 6, 14, 17]
[1, 4, 6, 26]
[3, 4, 6, 10, 19]
[1, 3, 8, 10, 17]
[16, 17, 18, 19, 20, 21, 22, 23, 24, 25, 26, 27, 28]


6
process id 6
stats
5, 15, 7, 100, 1000
20220817-203000
loosing coalitions taken
[1, 3, 7, 14, 20]
[2, 4, 5, 20]
[2, 3, 6, 14]
[1, 4, 8, 10, 15]
[1, 3, 9, 10, 11]
[1, 5, 6, 10, 23]
[1, 2, 7, 9]
[1, 4, 6, 27]
[3, 4, 5, 10]
[2, 3, 5, 21]
[2, 4, 6, 11, 18]
[3, 4, 6, 8, 25]
[1, 3, 8, 13, 16]
[1, 2, 8, 14, 19]
[16, 17, 18, 19, 20, 21, 22, 23, 24, 25, 26, 27, 28]


5
process id 0
stats
5, 15, 7, 100, 1000
20220817-203001
loosing coalitions taken
[1, 2, 8, 13, 17]
[1, 3, 7, 13, 22]
[1, 3, 8, 9, 19]
[2, 3, 6, 12]
[1, 2, 7, 9]
[2, 4, 5, 16, 25]
[3, 4, 5, 13]
[2, 4, 6, 15, 18]
[1, 5, 6, 12, 22]
[1, 4, 6, 24]
[2, 3, 5, 21]
[1, 4, 7, 11, 15]
[3, 4, 6, 8]
[1, 4, 8, 10, 12]
[16, 17, 18, 19, 20, 21, 22, 23, 24, 25, 26, 27, 28]


6
process id 3
stats
5, 15, 7, 100, 1000
20220817-203002
loosing coalitions taken
[3, 4, 5, 17, 24]
[1, 5, 6, 11, 22]
[2, 3, 6, 13]
[1, 2, 8, 12, 19]
[2, 4, 5, 20]
[1, 2, 7, 9, 24]
[2, 3, 5, 19]
[1, 4, 6, 26]
[1, 4, 7, 8, 22]
[2, 4, 6, 8]
[1, 3, 7, 14, 21]
[1, 3, 8, 15, 16]
[3, 4, 6, 10, 21]
[1, 2, 10, 11, 14]
[16, 17, 18, 19, 20, 21, 22, 23, 24, 25, 26, 27, 28]


6
process id 1
stats
5, 15, 7, 100, 1000
20220817-203003
loosing coalitions taken
[1, 3, 7, 16, 17]
[1, 3, 8, 14, 15]
[1, 4, 7, 13, 15]
[1, 2, 7, 10, 26]
[1, 5, 6, 15, 19]
[2, 3, 6, 10]
[1, 4, 8, 9, 11]
[2, 4, 5, 17, 28]
[3, 4, 5, 18, 22]
[1, 4, 6, 26]
[3, 4, 6, 14, 16]
[2, 3, 5, 19]
[2, 4, 6, 8]
[1, 2, 8, 13, 19]
[16, 17, 18, 19, 20, 21, 22, 23, 24, 25, 26, 27, 28]


6
process id 0
stats
5, 15, 7, 100, 1000
20220817-203003
loosing coalitions taken
[1, 2, 7, 17, 18]
[2, 4, 5, 21, 24]
[2, 3, 6, 9]
[1, 3, 8, 10, 18]
[3, 4, 5, 16]
[1, 4, 7, 11, 15]
[1, 2, 10, 11, 14]
[1, 3, 7, 13, 22]
[1, 2, 8, 12, 19]
[2, 3, 5, 18]
[2, 4, 6, 15, 17]
[1, 4, 6, 24]
[3, 4, 6, 8]
[1, 5, 6, 16, 20]
[16, 17, 18, 19, 20, 21, 22, 23, 24, 25, 26, 27, 28]


5
process id 7
stats
5, 15, 7, 100, 1000
20220817-203005
loosing coalitions taken
[2, 4, 5, 17]
[1, 4, 8, 11, 13]
[1, 2, 10, 11, 14]
[1, 3, 7, 15, 20]
[1, 2, 7, 13, 24]
[1, 3, 8, 10, 19]
[2, 3, 6, 10]
[1, 2, 8, 9, 18]
[2, 3, 5, 25]
[1, 5, 6, 12, 17]
[3, 4, 5, 15, 24]
[1, 4, 7, 12, 16]
[1, 4, 6, 26]
[2, 4, 6, 8]
[16, 17, 18, 19, 20, 21, 22, 23, 24, 25, 26, 27, 28]


5
process id 4
stats
5, 15, 7, 100, 1000
20220817-203005
loosing coalitions taken
[1, 3, 7, 16, 17]
[1, 2, 7, 14, 24]
[1, 2, 9, 12, 13]
[1, 5, 6, 10, 25]
[1, 4, 7, 8]
[2, 3, 6, 14, 26]
[3, 4, 6, 11, 17]
[2, 4, 5, 21, 25]
[2, 3, 5, 20]
[3, 4, 5, 14]
[1, 2, 8, 11, 18]
[1, 3, 8, 9, 15]
[1, 4, 6, 23]
[2, 4, 6, 8]
[16, 17, 18, 19, 20, 21, 22, 23, 24, 25, 26, 27, 28]


6
process id 5
stats
5, 15, 7, 100, 1000
20220817-203005
loosing coalitions taken
[1, 4, 7, 10, 16]
[1, 5, 6, 14, 22]
[3, 4, 5, 16]
[2, 3, 6, 13]
[1, 3, 8, 11, 17]
[1, 3, 7, 15, 19]
[1, 2, 9, 10, 14]
[2, 4, 5, 20, 27]
[2, 5, 6, 8, 11]
[2, 3, 5, 17]
[2, 4, 6, 10, 19]
[1, 4, 6, 24]
[3, 4, 6, 8, 28]
[1, 2, 7, 12, 23]
[16, 17, 18, 19, 20, 21, 22, 23, 24, 25, 26, 27, 28]


6
process id 0
stats
5, 15, 7, 100, 1000
20220817-203005
loosing coalitions taken
[2, 4, 5, 16]
[1, 3, 7, 11, 22]
[1, 2, 7, 10, 28]
[1, 5, 6, 10, 26]
[1, 4, 6, 27]
[2, 3, 6, 11]
[1, 4, 8, 11, 12]
[3, 4, 5, 17, 22]
[2, 3, 5, 21]
[1, 3, 8, 9, 17]
[1, 4, 7, 13, 15]
[3, 4, 6, 8]
[2, 4, 6, 9, 24]
[1, 2, 8, 14, 18]
[16, 17, 18, 19, 20, 21, 22, 23, 24, 25, 26, 27, 28]


6
process id 2
stats
5, 15, 7, 100, 1000
20220817-203007
loosing coalitions taken
[2, 4, 6, 16, 18]
[3, 4, 5, 17, 26]
[1, 3, 8, 15, 16]
[1, 4, 7, 8]
[2, 3, 6, 10, 25]
[1, 4, 6, 24]
[2, 3, 5, 23, 24]
[1, 3, 7, 11, 23]
[1, 5, 6, 16, 20]
[3, 4, 6, 8]
[2, 4, 5, 19]
[1, 2, 10, 11, 13]
[1, 2, 8, 12, 18]
[1, 2, 7, 14, 17]
[16, 17, 18, 19, 20, 21, 22, 23, 24, 25, 26, 27, 28]


5
process id 4
stats
5, 15, 7, 100, 1000
20220817-203007
loosing coalitions taken
[1, 4, 7, 8]
[1, 2, 9, 12, 14]
[1, 5, 6, 12, 23]
[3, 4, 6, 12, 21]
[2, 3, 6, 9, 24]
[3, 4, 5, 16, 22]
[1, 4, 6, 27]
[1, 3, 8, 9, 18]
[2, 4, 5, 18, 25]
[2, 3, 5, 23]
[2, 4, 6, 8]
[1, 2, 7, 16, 20]
[1, 3, 7, 13, 21]
[1, 2, 8, 11, 15]
[16, 17, 18, 19, 20, 21, 22, 23, 24, 25, 26, 27, 28]


6
process id 3
stats
5, 15, 7, 100, 1000
20220817-203008
loosing coalitions taken
[1, 3, 7, 10, 24]
[1, 2, 8, 12, 17]
[3, 4, 5, 18, 24]
[1, 2, 7, 16, 20]
[1, 3, 8, 13, 16]
[3, 4, 6, 12, 19]
[1, 2, 9, 10, 14]
[2, 3, 6, 10]
[1, 4, 6, 25, 28]
[2, 4, 5, 16]
[2, 3, 5, 20]
[2, 4, 6, 9, 22]
[1, 5, 6, 15, 17]
[1, 4, 7, 8]
[16, 17, 18, 19, 20, 21, 22, 23, 24, 25, 26, 27, 28]


6
process id 0
stats
5, 15, 7, 100, 1000
20220817-203009
loosing coalitions taken
[2, 3, 6, 11]
[1, 2, 9, 10, 12]
[1, 3, 8, 13, 15]
[1, 2, 7, 14, 22]
[2, 4, 5, 20]
[1, 3, 7, 10, 18]
[1, 4, 6, 26]
[1, 5, 6, 14, 18]
[3, 4, 5, 18, 25]
[2, 4, 6, 9, 24]
[2, 3, 5, 21, 27]
[1, 2, 8, 11, 21]
[3, 4, 6, 13, 17]
[1, 4, 7, 8, 28]
[16, 17, 18, 19, 20, 21, 22, 23, 24, 25, 26, 27, 28]


6
process id 2
stats
5, 15, 7, 100, 1000
20220817-203010
loosing coalitions taken
[2, 3, 6, 13]
[1, 5, 6, 15, 21]
[1, 3, 7, 11, 23]
[1, 4, 8, 10, 15]
[2, 4, 5, 18]
[1, 2, 7, 9, 26]
[1, 4, 6, 27]
[2, 4, 6, 10, 22]
[2, 3, 5, 20]
[3, 4, 5, 12]
[3, 4, 6, 11, 16]
[1, 2, 10, 12, 13]
[2, 3, 7, 8, 10]
[1, 3, 8, 9, 20]
[16, 17, 18, 19, 20, 21, 22, 23, 24, 25, 26, 27, 28]


5
process id 6
stats
5, 15, 7, 100, 1000
20220817-203010
loosing coalitions taken
[1, 2, 10, 12, 14]
[2, 4, 5, 19, 27]
[1, 5, 6, 16, 17]
[2, 3, 6, 12, 25]
[1, 2, 8, 9, 21]
[1, 2, 7, 17, 18]
[2, 3, 5, 24]
[2, 4, 6, 13, 20]
[1, 3, 7, 14, 20]
[1, 3, 8, 12, 17]
[3, 4, 6, 15, 16]
[1, 4, 6, 25, 26]
[2, 3, 7, 8, 10]
[3, 4, 5, 12]
[16, 17, 18, 19, 20, 21, 22, 23, 24, 25, 26, 27, 28]


5
process id 3
stats
5, 15, 7, 100, 1000
20220817-203010
loosing coalitions taken
[1, 3, 7, 11, 20]
[1, 2, 7, 13, 22]
[2, 4, 5, 16]
[1, 3, 8, 12, 16]
[2, 3, 6, 9]
[1, 2, 10, 11, 14]
[3, 4, 5, 19, 22]
[1, 4, 7, 10, 19]
[1, 5, 6, 13, 17]
[1, 4, 6, 25, 28]
[3, 4, 6, 13, 21]
[2, 3, 5, 25]
[2, 3, 7, 8, 10]
[2, 4, 6, 12, 18]
[16, 17, 18, 19, 20, 21, 22, 23, 24, 25, 26, 27, 28]


6
process id 7
stats
5, 15, 7, 100, 1000
20220817-203011
loosing coalitions taken
[1, 5, 6, 9, 24]
[1, 2, 9, 10, 14]
[3, 4, 6, 11, 21]
[2, 4, 6, 15, 17]
[2, 4, 5, 18, 27]
[2, 3, 6, 13]
[1, 4, 6, 25, 28]
[1, 4, 8, 13, 14]
[3, 4, 5, 20, 23]
[1, 4, 7, 9, 17]
[1, 3, 8, 10, 15]
[1, 2, 7, 12, 26]
[1, 3, 7, 14, 21]
[1, 2, 8, 11, 20]
[16, 17, 18, 19, 20, 21, 22, 23, 24, 25, 26, 27, 28]


6
process id 4
stats
5, 15, 7, 100, 1000
20220817-203012
loosing coalitions taken
[1, 2, 10, 12, 14]
[1, 2, 7, 9]
[1, 5, 6, 16, 18]
[2, 3, 5, 23]
[2, 4, 5, 21, 22]
[2, 3, 6, 12]
[2, 4, 6, 11, 19]
[3, 4, 5, 15]
[1, 4, 7, 8]
[1, 4, 6, 28]
[3, 4, 6, 9, 20]
[1, 3, 7, 12, 20]
[1, 2, 8, 13, 15]
[1, 3, 8, 11, 18]
[16, 17, 18, 19, 20, 21, 22, 23, 24, 25, 26, 27, 28]


6
process id 2
stats
5, 15, 7, 100, 1000
20220817-203012
loosing coalitions taken
[1, 3, 7, 10, 22]
[1, 3, 8, 9, 18]
[1, 2, 7, 15, 21]
[2, 3, 5, 23, 25]
[3, 4, 5, 17, 24]
[2, 4, 5, 21, 27]
[1, 4, 7, 9, 16]
[1, 2, 9, 12, 14]
[1, 2, 8, 10, 19]
[1, 4, 6, 26]
[2, 3, 6, 10]
[2, 4, 6, 13, 19]
[1, 4, 8, 11, 14]
[1, 5, 6, 14, 20]
[16, 17, 18, 19, 20, 21, 22, 23, 24, 25, 26, 27, 28]


5
process id 3
stats
5, 15, 7, 100, 1000
20220817-203013
loosing coalitions taken
[2, 3, 5, 24]
[1, 3, 8, 12, 19]
[1, 3, 7, 15, 20]
[1, 2, 7, 14, 23]
[1, 5, 6, 16, 18]
[2, 4, 6, 13, 18]
[1, 3, 9, 10, 11]
[1, 4, 6, 24]
[3, 4, 5, 17, 23]
[2, 3, 6, 14]
[2, 4, 5, 15]
[1, 2, 8, 10, 18]
[1, 4, 7, 8]
[3, 4, 6, 8, 27]
[16, 17, 18, 19, 20, 21, 22, 23, 24, 25, 26, 27, 28]


5
process id 0
stats
5, 15, 7, 100, 1000
20220817-203014
loosing coalitions taken
[1, 3, 7, 10, 24]
[1, 2, 9, 11, 13]
[1, 2, 7, 12, 25]
[2, 3, 6, 11]
[2, 4, 5, 20]
[1, 5, 6, 10, 23]
[1, 3, 8, 12, 15]
[1, 4, 6, 26]
[3, 4, 5, 16]
[3, 4, 6, 8]
[2, 3, 5, 21]
[1, 4, 7, 11, 17]
[1, 2, 8, 10, 20]
[2, 4, 6, 12, 18]
[16, 17, 18, 19, 20, 21, 22, 23, 24, 25, 26, 27, 28]


5
process id 7
stats
5, 15, 7, 100, 1000
20220817-203015
loosing coalitions taken
[1, 5, 6, 9, 25]
[2, 4, 5, 17]
[1, 3, 9, 10, 12]
[1, 3, 7, 11, 22]
[1, 2, 8, 12, 19]
[1, 4, 7, 10, 18]
[1, 2, 7, 14, 23]
[2, 3, 5, 23, 24]
[2, 3, 6, 15, 21]
[3, 4, 5, 13]
[3, 4, 6, 9, 19]
[2, 4, 6, 8]
[1, 4, 6, 23]
[1, 4, 8, 11, 13]
[16, 17, 18, 19, 20, 21, 22, 23, 24, 25, 26, 27, 28]


6
process id 6
stats
5, 15, 7, 100, 1000
20220817-203016
loosing coalitions taken
[2, 3, 6, 9]
[1, 2, 8, 12, 17]
[1, 5, 6, 14, 21]
[1, 3, 8, 14, 16]
[1, 3, 7, 13, 18]
[1, 4, 6, 28]
[1, 2, 7, 10, 26]
[3, 4, 5, 19, 24]
[3, 4, 6, 8]
[1, 4, 7, 11, 15]
[2, 4, 5, 20]
[1, 2, 9, 11, 14]
[2, 3, 5, 25]
[2, 4, 6, 12, 18]
[16, 17, 18, 19, 20, 21, 22, 23, 24, 25, 26, 27, 28]


6
process id 4
stats
5, 15, 7, 100, 1000
20220817-203017
loosing coalitions taken
[1, 3, 8, 11, 17]
[1, 2, 8, 14, 19]
[1, 2, 7, 16, 17]
[2, 3, 6, 13]
[2, 4, 5, 16]
[1, 2, 9, 11, 12]
[1, 3, 7, 10, 22]
[2, 4, 6, 9, 24]
[3, 4, 6, 14, 20]
[1, 4, 6, 26, 27]
[1, 5, 6, 13, 24]
[3, 4, 5, 12]
[2, 3, 5, 20, 25]
[1, 4, 8, 10, 15]
[16, 17, 18, 19, 20, 21, 22, 23, 24, 25, 26, 27, 28]


6
process id 5
stats
5, 15, 7, 100, 1000
20220817-203018
loosing coalitions taken
[1, 2, 9, 10, 13]
[2, 3, 6, 11]
[1, 3, 8, 10, 18]
[2, 4, 5, 20]
[1, 3, 7, 12, 21]
[3, 4, 6, 9, 19]
[1, 4, 7, 8]
[1, 4, 6, 23]
[2, 3, 5, 21]
[1, 5, 6, 11, 25]
[3, 4, 5, 18, 26]
[1, 2, 8, 11, 15]
[2, 4, 6, 12, 21]
[1, 2, 7, 16, 19]
[16, 17, 18, 19, 20, 21, 22, 23, 24, 25, 26, 27, 28]


5
process id 3
stats
5, 15, 7, 100, 1000
20220817-203019
loosing coalitions taken
[1, 3, 7, 9, 22]
[2, 4, 5, 17]
[1, 2, 7, 15, 20]
[1, 2, 8, 14, 18]
[1, 3, 8, 12, 17]
[3, 4, 6, 12, 20]
[1, 5, 6, 11, 24]
[3, 4, 5, 16]
[2, 3, 5, 22]
[1, 4, 6, 26]
[1, 2, 10, 11, 13]
[2, 3, 6, 9, 26]
[1, 4, 7, 8, 27]
[2, 4, 6, 11, 19]
[16, 17, 18, 19, 20, 21, 22, 23, 24, 25, 26, 27, 28]


5
process id 3
stats
5, 15, 7, 100, 1000
20220817-203020
loosing coalitions taken
[2, 3, 6, 13]
[1, 5, 6, 14, 20]
[2, 4, 5, 18, 25]
[1, 2, 10, 12, 14]
[1, 2, 7, 9]
[3, 4, 5, 16]
[1, 4, 6, 25, 28]
[2, 4, 6, 9, 21]
[2, 3, 5, 20]
[3, 4, 6, 14, 18]
[1, 3, 7, 8]
[1, 2, 8, 13, 17]
[1, 4, 7, 10, 15]
[1, 3, 9, 10, 11]
[16, 17, 18, 19, 20, 21, 22, 23, 24, 25, 26, 27, 28]


6
process id 4
stats
5, 15, 7, 100, 1000
20220817-203021
loosing coalitions taken
[1, 5, 6, 12, 24]
[1, 2, 8, 15, 16]
[1, 4, 7, 8, 26]
[1, 3, 8, 9, 18]
[1, 2, 7, 9]
[2, 3, 6, 14]
[2, 4, 5, 17]
[3, 4, 6, 12, 19]
[2, 3, 5, 24]
[1, 4, 6, 28]
[1, 3, 7, 14, 22]
[1, 2, 10, 11, 12]
[2, 4, 6, 8]
[3, 4, 5, 13, 27]
[16, 17, 18, 19, 20, 21, 22, 23, 24, 25, 26, 27, 28]


6
process id 2
stats
5, 15, 7, 100, 1000
20220817-203022
loosing coalitions taken
[1, 5, 6, 11, 22]
[1, 2, 7, 10, 25]
[3, 4, 5, 15]
[1, 3, 7, 11, 21]
[1, 4, 7, 8]
[1, 2, 9, 12, 14]
[2, 4, 6, 14, 21]
[2, 4, 5, 16]
[2, 3, 5, 20, 28]
[2, 3, 6, 9, 24]
[1, 3, 8, 10, 14]
[1, 4, 6, 25]
[1, 2, 8, 15, 17]
[3, 4, 6, 8]
[16, 17, 18, 19, 20, 21, 22, 23, 24, 25, 26, 27, 28]


6
process id 7
stats
5, 15, 7, 100, 1000
20220817-203022
loosing coalitions taken
[1, 2, 10, 11, 14]
[1, 3, 7, 16, 17]
[2, 3, 6, 13]
[2, 4, 5, 17]
[1, 5, 6, 11, 23]
[1, 3, 9, 10, 12]
[1, 4, 7, 8]
[2, 3, 5, 25]
[3, 4, 6, 8, 27]
[3, 4, 5, 14, 28]
[1, 4, 6, 26]
[1, 2, 8, 12, 21]
[2, 4, 6, 9, 18]
[1, 2, 7, 9, 20]
[16, 17, 18, 19, 20, 21, 22, 23, 24, 25, 26, 27, 28]


5
process id 1
stats
5, 15, 7, 100, 1000
20220817-203023
loosing coalitions taken
[1, 4, 8, 12, 13]
[1, 2, 10, 11, 12]
[1, 3, 8, 11, 17]
[2, 4, 5, 18]
[2, 3, 6, 14, 24]
[3, 4, 6, 8]
[1, 5, 6, 12, 23]
[2, 3, 5, 19]
[1, 2, 7, 9]
[3, 4, 5, 10]
[1, 4, 7, 10, 17]
[1, 4, 6, 27]
[2, 4, 6, 11, 19]
[1, 3, 7, 13, 16]
[16, 17, 18, 19, 20, 21, 22, 23, 24, 25, 26, 27, 28]


5
process id 2
stats
5, 15, 7, 100, 1000
20220817-203024
loosing coalitions taken
[2, 3, 6, 10]
[1, 2, 7, 14, 22]
[3, 4, 5, 21, 23]
[1, 4, 8, 12, 14]
[1, 2, 8, 9, 19]
[2, 4, 5, 18]
[1, 5, 6, 14, 20]
[3, 4, 6, 8]
[2, 3, 5, 25]
[1, 3, 7, 13, 20]
[2, 4, 6, 9, 24]
[1, 4, 7, 9, 18]
[1, 4, 6, 28]
[1, 2, 10, 11, 13]
[16, 17, 18, 19, 20, 21, 22, 23, 24, 25, 26, 27, 28]


6
process id 3
stats
5, 15, 7, 100, 1000
20220817-203025
loosing coalitions taken
[1, 5, 6, 11, 22]
[1, 2, 7, 9, 28]
[1, 3, 8, 12, 18]
[3, 4, 5, 19, 23]
[1, 2, 8, 11, 16]
[1, 4, 8, 10, 13]
[2, 4, 5, 17, 27]
[1, 3, 7, 10, 21]
[2, 3, 5, 24]
[1, 4, 6, 26]
[2, 3, 6, 16, 20]
[2, 4, 6, 8]
[3, 4, 6, 9, 22]
[2, 5, 6, 7, 10]
[16, 17, 18, 19, 20, 21, 22, 23, 24, 25, 26, 27, 28]


6
process id 0
stats
5, 15, 7, 100, 1000
20220817-203026
loosing coalitions taken
[1, 2, 9, 10, 11]
[2, 3, 6, 13]
[1, 4, 8, 11, 14]
[1, 3, 7, 10, 23]
[1, 5, 6, 11, 24]
[1, 3, 8, 12, 17]
[1, 4, 6, 28]
[3, 4, 5, 16]
[2, 3, 5, 19]
[1, 2, 8, 13, 15]
[2, 4, 5, 20]
[2, 4, 6, 9, 25]
[3, 4, 6, 8]
[1, 4, 7, 12, 16]
[16, 17, 18, 19, 20, 21, 22, 23, 24, 25, 26, 27, 28]


6
process id 3
stats
5, 15, 7, 100, 1000
20220817-203029
loosing coalitions taken
[2, 4, 5, 18]
[1, 3, 7, 15, 18]
[2, 3, 6, 11]
[1, 2, 7, 14, 23]
[1, 3, 9, 10, 12]
[1, 4, 6, 28]
[2, 3, 5, 20, 28]
[1, 5, 6, 15, 17]
[2, 4, 6, 8]
[3, 4, 5, 10]
[1, 2, 8, 12, 21]
[1, 4, 7, 11, 13]
[1, 3, 8, 14, 16]
[3, 4, 6, 13, 18]
[16, 17, 18, 19, 20, 21, 22, 23, 24, 25, 26, 27, 28]


5
process id 7
stats
5, 15, 7, 100, 1000
20220817-203030
loosing coalitions taken
[1, 5, 6, 9, 24]
[2, 4, 6, 10, 22]
[1, 2, 10, 11, 12]
[1, 2, 7, 9, 23]
[2, 4, 5, 17]
[1, 3, 7, 10, 24]
[1, 2, 8, 13, 18]
[2, 3, 6, 9]
[1, 4, 6, 28]
[1, 4, 7, 12, 14]
[3, 4, 6, 11, 18]
[3, 4, 5, 16]
[2, 3, 5, 20]
[1, 3, 8, 9, 16]
[16, 17, 18, 19, 20, 21, 22, 23, 24, 25, 26, 27, 28]


5
process id 1
stats
5, 15, 7, 100, 1000
20220817-203030
loosing coalitions taken
[2, 4, 5, 20]
[1, 2, 7, 14, 23]
[1, 5, 6, 16, 17]
[1, 4, 7, 11, 16]
[1, 2, 9, 11, 13]
[2, 3, 6, 9]
[1, 4, 8, 13, 14]
[2, 3, 5, 21, 25]
[1, 4, 6, 25]
[3, 4, 6, 8]
[3, 4, 5, 14]
[1, 3, 8, 11, 17]
[1, 3, 7, 9, 20]
[2, 4, 6, 11, 22]
[16, 17, 18, 19, 20, 21, 22, 23, 24, 25, 26, 27, 28]


5
process id 5
stats
5, 15, 7, 100, 1000
20220817-203030
loosing coalitions taken
[1, 3, 9, 10, 11]
[1, 4, 7, 8]
[1, 5, 6, 11, 23]
[2, 3, 6, 13]
[2, 4, 5, 20, 25]
[1, 2, 10, 12, 13]
[3, 4, 5, 13]
[2, 3, 5, 24]
[2, 4, 6, 9, 22]
[1, 2, 8, 9, 17]
[1, 4, 6, 26]
[3, 4, 6, 11, 21]
[1, 3, 7, 15, 21]
[1, 2, 7, 14, 24]
[16, 17, 18, 19, 20, 21, 22, 23, 24, 25, 26, 27, 28]


5
process id 0
stats
5, 15, 7, 100, 1000
20220817-203031
loosing coalitions taken
[3, 4, 6, 12, 20]
[2, 3, 6, 9]
[3, 4, 5, 21, 22]
[1, 3, 7, 14, 20]
[1, 2, 7, 10, 22]
[2, 4, 5, 18]
[1, 2, 8, 11, 19]
[2, 3, 5, 24]
[1, 4, 6, 26]
[1, 3, 8, 12, 13]
[2, 4, 6, 13, 19]
[1, 5, 6, 14, 21]
[1, 4, 7, 12, 15]
[1, 4, 8, 9, 14]
[16, 17, 18, 19, 20, 21, 22, 23, 24, 25, 26, 27, 28]


6
process id 7
stats
5, 15, 7, 100, 1000
20220817-203032
loosing coalitions taken
[2, 4, 5, 20]
[1, 2, 8, 14, 19]
[1, 5, 6, 12, 22]
[3, 4, 6, 13, 18]
[1, 3, 7, 11, 21]
[2, 3, 6, 11]
[1, 3, 8, 13, 15]
[1, 2, 7, 9]
[1, 4, 6, 25, 27]
[2, 3, 5, 25]
[3, 4, 5, 14]
[1, 2, 10, 12, 13]
[1, 4, 7, 8]
[2, 4, 6, 10, 17]
[16, 17, 18, 19, 20, 21, 22, 23, 24, 25, 26, 27, 28]


6
process id 4
stats
5, 15, 7, 100, 1000
20220817-203032
loosing coalitions taken
[1, 3, 8, 12, 18]
[1, 4, 7, 8]
[1, 5, 6, 13, 23]
[1, 2, 10, 11, 13]
[2, 4, 5, 21, 24]
[2, 4, 6, 13, 17]
[1, 2, 7, 17, 19]
[2, 3, 5, 17]
[1, 4, 6, 25]
[3, 4, 5, 12, 27]
[2, 3, 6, 12]
[1, 2, 8, 9, 16]
[1, 3, 7, 14, 22]
[3, 4, 6, 8]
[16, 17, 18, 19, 20, 21, 22, 23, 24, 25, 26, 27, 28]


6
process id 6
stats
5, 15, 7, 100, 1000
20220817-203033
loosing coalitions taken
[1, 4, 8, 11, 12]
[1, 5, 6, 14, 21]
[3, 4, 5, 15]
[1, 3, 8, 9, 20]
[2, 4, 6, 9, 25]
[1, 2, 9, 11, 14]
[1, 2, 8, 15, 16]
[2, 3, 6, 13, 26]
[1, 2, 7, 17, 19]
[2, 4, 5, 18]
[2, 3, 5, 25]
[1, 4, 6, 24]
[1, 4, 7, 10, 16]
[3, 4, 6, 10, 19]
[16, 17, 18, 19, 20, 21, 22, 23, 24, 25, 26, 27, 28]


6
process id 1
stats
5, 15, 7, 100, 1000
20220817-203033
loosing coalitions taken
[1, 2, 9, 11, 14]
[1, 2, 7, 16, 17]
[2, 4, 5, 20]
[1, 4, 7, 12, 15]
[1, 5, 6, 9, 25]
[1, 2, 8, 10, 19]
[2, 3, 6, 13]
[1, 3, 7, 11, 21]
[1, 4, 6, 28]
[1, 3, 8, 9, 18]
[2, 3, 5, 22, 25]
[3, 4, 6, 12, 17]
[2, 4, 6, 10, 21]
[3, 4, 5, 16]
[16, 17, 18, 19, 20, 21, 22, 23, 24, 25, 26, 27, 28]


5
process id 3
stats
5, 15, 7, 100, 1000
20220817-203034
loosing coalitions taken
[2, 4, 5, 19]
[1, 2, 8, 15, 17]
[1, 2, 9, 10, 14]
[1, 2, 7, 13, 24]
[1, 3, 8, 11, 19]
[1, 4, 7, 10, 17]
[1, 3, 7, 15, 18]
[2, 3, 6, 9]
[1, 4, 6, 25]
[2, 3, 5, 24]
[3, 4, 5, 15, 25]
[3, 4, 6, 8, 26]
[2, 4, 6, 14, 16]
[1, 5, 6, 16, 19]
[16, 17, 18, 19, 20, 21, 22, 23, 24, 25, 26, 27, 28]


5
process id 4
stats
5, 15, 7, 100, 1000
20220817-203034
loosing coalitions taken
[1, 2, 8, 15, 17]
[1, 2, 9, 11, 13]
[1, 4, 7, 8]
[1, 5, 6, 15, 21]
[3, 4, 5, 11]
[2, 3, 5, 19]
[1, 4, 6, 23]
[3, 4, 6, 12, 18]
[1, 2, 7, 14, 23]
[2, 4, 5, 17]
[2, 3, 6, 16, 21]
[1, 3, 7, 11, 17]
[2, 4, 6, 8]
[1, 3, 8, 10, 14]
[16, 17, 18, 19, 20, 21, 22, 23, 24, 25, 26, 27, 28]


6
process id 2
stats
5, 15, 7, 100, 1000
20220817-203036
loosing coalitions taken
[3, 4, 5, 20, 23]
[2, 3, 5, 25, 28]
[2, 3, 6, 11]
[1, 5, 6, 15, 19]
[1, 2, 7, 14, 24]
[1, 2, 8, 13, 19]
[2, 4, 5, 16]
[3, 4, 6, 12, 18]
[1, 4, 7, 8]
[2, 4, 6, 8]
[1, 2, 10, 11, 12]
[1, 3, 8, 14, 16]
[1, 3, 7, 13, 18]
[1, 4, 6, 23, 28]
[16, 17, 18, 19, 20, 21, 22, 23, 24, 25, 26, 27, 28]


5
process id 1
stats
5, 15, 7, 100, 1000
20220817-203036
loosing coalitions taken
[1, 3, 7, 10, 21]
[1, 3, 8, 12, 16]
[2, 3, 7, 8, 9]
[2, 4, 5, 17, 25]
[1, 4, 8, 10, 15]
[2, 3, 6, 12, 26]
[2, 3, 5, 24]
[1, 2, 9, 12, 14]
[2, 4, 6, 13, 22]
[3, 4, 6, 10, 17]
[1, 5, 6, 15, 21]
[1, 4, 6, 23]
[1, 2, 8, 11, 21]
[1, 2, 7, 13, 17]
[16, 17, 18, 19, 20, 21, 22, 23, 24, 25, 26, 27, 28]


5
process id 0
stats
5, 15, 7, 100, 1000
20220817-203036
loosing coalitions taken
[1, 2, 7, 13, 25]
[2, 3, 6, 13]
[1, 2, 8, 9, 21]
[1, 3, 7, 14, 18]
[2, 4, 5, 19, 25]
[2, 3, 7, 8, 10]
[1, 5, 6, 11, 20]
[1, 4, 8, 10, 14]
[1, 4, 6, 25]
[2, 3, 5, 22]
[1, 4, 7, 11, 12]
[2, 4, 6, 14, 20]
[3, 4, 5, 10]
[3, 4, 6, 15, 17]
[16, 17, 18, 19, 20, 21, 22, 23, 24, 25, 26, 27, 28]


6
process id 5
stats
5, 15, 7, 100, 1000
20220817-203036
loosing coalitions taken
[1, 5, 6, 10, 24]
[2, 4, 6, 12, 21]
[1, 4, 8, 13, 14]
[1, 2, 7, 16, 19]
[1, 2, 8, 12, 18]
[1, 3, 7, 13, 20]
[2, 3, 6, 15, 24]
[2, 4, 5, 17]
[1, 2, 10, 11, 13]
[3, 4, 5, 14, 26]
[2, 3, 5, 23]
[3, 4, 6, 13, 17]
[1, 4, 6, 27]
[1, 3, 8, 10, 19]
[16, 17, 18, 19, 20, 21, 22, 23, 24, 25, 26, 27, 28]


6
process id 7
stats
5, 15, 7, 100, 1000
20220817-203037
loosing coalitions taken
[1, 2, 10, 11, 12]
[2, 4, 5, 17]
[3, 4, 6, 14, 18]
[1, 5, 6, 15, 21]
[1, 3, 8, 12, 14]
[1, 4, 6, 26]
[2, 3, 6, 11, 22]
[3, 4, 5, 19, 21]
[1, 2, 7, 9, 21]
[1, 3, 7, 11, 23]
[2, 3, 5, 20]
[2, 4, 6, 8]
[1, 4, 7, 13, 16]
[2, 3, 7, 8, 10]
[16, 17, 18, 19, 20, 21, 22, 23, 24, 25, 26, 27, 28]


6
process id 0
stats
5, 15, 7, 100, 1000
20220817-203038
loosing coalitions taken
[1, 4, 7, 10, 19]
[1, 3, 7, 16, 17]
[1, 2, 7, 9]
[2, 3, 6, 14]
[1, 3, 8, 11, 18]
[2, 3, 5, 21]
[2, 4, 5, 17]
[1, 4, 6, 28]
[3, 4, 6, 10, 20]
[1, 5, 6, 11, 21]
[2, 4, 6, 15, 18]
[3, 4, 5, 18, 24]
[1, 2, 8, 10, 21]
[1, 4, 8, 12, 13]
[16, 17, 18, 19, 20, 21, 22, 23, 24, 25, 26, 27, 28]


5
process id 3
stats
5, 15, 7, 100, 1000
20220817-203038
loosing coalitions taken
[2, 4, 5, 19]
[1, 2, 7, 16, 21]
[1, 3, 8, 9, 18]
[1, 5, 6, 15, 20]
[1, 2, 9, 10, 14]
[1, 4, 7, 9, 17]
[3, 4, 6, 14, 18]
[2, 3, 6, 11]
[1, 4, 8, 11, 13]
[1, 4, 6, 26]
[3, 4, 5, 13]
[2, 3, 5, 18]
[1, 3, 7, 11, 19]
[2, 4, 6, 8]
[16, 17, 18, 19, 20, 21, 22, 23, 24, 25, 26, 27, 28]


6
process id 6
stats
5, 15, 7, 100, 1000
20220817-203039
loosing coalitions taken
[1, 3, 7, 11, 23]
[2, 3, 6, 14, 27]
[2, 3, 5, 22]
[1, 4, 7, 9, 17]
[1, 2, 7, 12, 20]
[1, 3, 8, 10, 18]
[1, 2, 9, 10, 11]
[3, 4, 5, 15]
[3, 4, 6, 11, 19]
[2, 4, 6, 10, 17]
[1, 4, 6, 28]
[1, 5, 6, 15, 20]
[1, 2, 8, 13, 16]
[2, 4, 5, 20, 25]
[16, 17, 18, 19, 20, 21, 22, 23, 24, 25, 26, 27, 28]


6
process id 1
stats
5, 15, 7, 100, 1000
20220817-203039
loosing coalitions taken
[2, 3, 6, 13]
[1, 4, 7, 8]
[1, 2, 9, 11, 12]
[3, 4, 5, 16]
[1, 2, 8, 14, 20]
[1, 4, 6, 23]
[2, 3, 5, 22]
[3, 4, 6, 9, 22]
[2, 4, 5, 19]
[1, 5, 6, 11, 24]
[2, 4, 6, 8]
[1, 3, 7, 16, 17]
[1, 3, 8, 11, 13]
[1, 2, 7, 10, 24]
[16, 17, 18, 19, 20, 21, 22, 23, 24, 25, 26, 27, 28]


5
process id 7
stats
5, 15, 7, 100, 1000
20220817-203039
loosing coalitions taken
[1, 4, 7, 8]
[1, 2, 9, 12, 14]
[2, 3, 6, 14]
[1, 5, 6, 15, 18]
[2, 4, 5, 17]
[3, 4, 5, 18, 25]
[2, 3, 5, 21]
[1, 4, 6, 27]
[1, 3, 8, 14, 15]
[1, 2, 8, 10, 17]
[2, 4, 6, 8]
[3, 4, 6, 10, 19]
[1, 2, 7, 15, 16]
[1, 3, 7, 9, 17]
[16, 17, 18, 19, 20, 21, 22, 23, 24, 25, 26, 27, 28]


5
process id 6
stats
5, 15, 7, 100, 1000
20220817-203040
loosing coalitions taken
[2, 3, 6, 13, 28]
[1, 2, 7, 17, 19]
[1, 2, 8, 13, 20]
[3, 4, 6, 9, 22]
[1, 3, 7, 9, 23]
[2, 3, 5, 24]
[1, 5, 6, 14, 20]
[1, 4, 6, 27]
[2, 4, 5, 21, 23]
[2, 4, 6, 10, 20]
[1, 4, 7, 8]
[1, 3, 8, 12, 18]
[1, 2, 9, 10, 11]
[3, 4, 5, 11]
[16, 17, 18, 19, 20, 21, 22, 23, 24, 25, 26, 27, 28]


6
process id 2
stats
5, 15, 7, 100, 1000
20220817-203041
loosing coalitions taken
[1, 4, 7, 9, 18]
[1, 2, 8, 9, 17]
[2, 3, 6, 12]
[2, 4, 5, 18]
[1, 3, 8, 15, 16]
[2, 3, 5, 20]
[1, 2, 7, 10, 23]
[1, 4, 6, 26]
[3, 4, 5, 11]
[2, 4, 6, 8]
[3, 4, 6, 10, 18]
[1, 3, 7, 13, 21]
[1, 5, 6, 13, 22]
[1, 3, 9, 10, 11]
[16, 17, 18, 19, 20, 21, 22, 23, 24, 25, 26, 27, 28]


6
process id 1
stats
5, 15, 7, 100, 1000
20220817-203042
loosing coalitions taken
[1, 2, 8, 14, 17]
[1, 3, 7, 9, 22]
[1, 2, 7, 12, 24]
[2, 4, 5, 17, 27]
[2, 3, 6, 13]
[1, 3, 8, 11, 19]
[3, 4, 5, 16, 28]
[1, 5, 6, 9, 20]
[1, 4, 7, 8]
[2, 3, 5, 21]
[1, 2, 9, 10, 11]
[1, 4, 6, 27]
[3, 4, 6, 11, 18]
[2, 4, 6, 14, 22]
[16, 17, 18, 19, 20, 21, 22, 23, 24, 25, 26, 27, 28]


6
process id 6
stats
5, 15, 7, 100, 1000
20220817-203047
loosing coalitions taken
[2, 3, 6, 14]
[1, 5, 6, 9, 25]
[1, 2, 8, 11, 19]
[1, 3, 8, 10, 16]
[1, 3, 7, 11, 23]
[1, 2, 7, 15, 21]
[1, 4, 6, 27]
[2, 4, 6, 12, 21]
[3, 4, 5, 16, 25]
[2, 3, 5, 22]
[1, 4, 7, 10, 13]
[3, 4, 6, 10, 20]
[1, 2, 9, 12, 14]
[2, 4, 5, 15, 26]
[16, 17, 18, 19, 20, 21, 22, 23, 24, 25, 26, 27, 28]


6
process id 4
stats
5, 15, 7, 100, 1000
20220817-203047
loosing coalitions taken
[1, 3, 8, 13, 15]
[1, 4, 7, 14, 15]
[2, 3, 7, 8, 10]
[1, 4, 8, 9, 11]
[1, 2, 7, 11, 22]
[3, 4, 6, 12, 20]
[2, 3, 6, 9]
[1, 2, 8, 14, 18]
[1, 3, 7, 16, 17]
[1, 2, 10, 12, 13]
[2, 4, 5, 20, 27]
[3, 4, 5, 16, 26]
[1, 5, 6, 10, 24]
[1, 4, 6, 26]
[16, 17, 18, 19, 20, 21, 22, 23, 24, 25, 26, 27, 28]


6
process id 0
stats
5, 15, 7, 100, 1000
20220817-203048
loosing coalitions taken
[1, 5, 6, 13, 23]
[1, 4, 8, 9, 15]
[3, 4, 6, 14, 18]
[2, 3, 6, 13]
[1, 4, 7, 13, 16]
[1, 3, 8, 10, 18]
[2, 4, 5, 16]
[1, 2, 9, 12, 14]
[2, 3, 5, 22]
[3, 4, 5, 12]
[1, 4, 6, 26]
[1, 2, 7, 15, 21]
[2, 4, 6, 9, 19]
[1, 3, 7, 14, 19]
[16, 17, 18, 19, 20, 21, 22, 23, 24, 25, 26, 27, 28]


5
process id 3
stats
5, 15, 7, 100, 1000
20220817-203049
loosing coalitions taken
[1, 2, 9, 11, 12]
[1, 3, 7, 13, 21]
[1, 3, 8, 9, 20]
[1, 5, 6, 9, 23]
[1, 4, 8, 13, 14]
[1, 4, 7, 10, 15]
[1, 2, 7, 14, 20]
[2, 4, 5, 16]
[2, 3, 6, 12]
[2, 4, 6, 10, 21]
[1, 4, 6, 24, 28]
[3, 4, 5, 12]
[2, 3, 5, 17]
[3, 4, 6, 11, 17]
[16, 17, 18, 19, 20, 21, 22, 23, 24, 25, 26, 27, 28]


6
process id 4
stats
5, 15, 7, 100, 1000
20220817-203049
loosing coalitions taken
[2, 3, 5, 24]
[3, 4, 6, 15, 17]
[1, 4, 7, 8, 28]
[2, 4, 6, 11, 23]
[1, 3, 8, 11, 16]
[1, 3, 7, 12, 20]
[1, 2, 8, 14, 18]
[2, 3, 6, 12]
[2, 4, 5, 16]
[1, 2, 7, 15, 17]
[1, 5, 6, 13, 20]
[1, 4, 6, 25]
[3, 4, 5, 14]
[1, 2, 9, 11, 13]
[16, 17, 18, 19, 20, 21, 22, 23, 24, 25, 26, 27, 28]


6
process id 2
stats
5, 15, 7, 100, 1000
20220817-203050
loosing coalitions taken
[1, 5, 6, 13, 23]
[2, 4, 5, 17, 26]
[1, 3, 7, 13, 22]
[1, 3, 8, 14, 15]
[1, 2, 9, 12, 14]
[1, 2, 8, 13, 17]
[1, 2, 7, 11, 23]
[2, 3, 6, 13]
[2, 4, 6, 11, 19]
[3, 4, 5, 18, 27]
[1, 4, 6, 24]
[2, 3, 5, 19]
[3, 4, 6, 8]
[1, 4, 7, 8, 28]
[16, 17, 18, 19, 20, 21, 22, 23, 24, 25, 26, 27, 28]


6
process id 7
stats
5, 15, 7, 100, 1000
20220817-203051
loosing coalitions taken
[1, 5, 6, 9, 24]
[3, 4, 5, 18, 26]
[3, 4, 6, 10, 21]
[2, 4, 5, 19]
[1, 4, 7, 8]
[2, 3, 6, 9]
[2, 3, 5, 17]
[1, 4, 6, 28]
[1, 3, 7, 14, 16]
[2, 4, 6, 12, 22]
[1, 2, 7, 9]
[1, 3, 8, 9, 17]
[1, 2, 8, 12, 15]
[1, 2, 10, 11, 13]
[16, 17, 18, 19, 20, 21, 22, 23, 24, 25, 26, 27, 28]


5
process id 1
stats
5, 15, 7, 100, 1000
20220817-203052
loosing coalitions taken
[1, 4, 7, 8]
[1, 2, 9, 11, 14]
[1, 5, 6, 9, 23]
[3, 4, 5, 15, 27]
[1, 3, 8, 9, 16]
[1, 4, 6, 26]
[2, 3, 6, 13]
[2, 3, 5, 20, 26]
[2, 4, 6, 11, 20]
[2, 4, 5, 16]
[1, 2, 7, 12, 17]
[1, 2, 8, 13, 20]
[1, 3, 7, 11, 20]
[3, 4, 6, 8]
[16, 17, 18, 19, 20, 21, 22, 23, 24, 25, 26, 27, 28]


5
process id 0
stats
5, 15, 7, 100, 1000
20220817-203056
loosing coalitions taken
[1, 5, 6, 14, 22]
[3, 4, 5, 21, 24]
[2, 4, 5, 19]
[2, 3, 6, 14]
[1, 3, 8, 13, 15]
[1, 4, 6, 28]
[1, 2, 8, 11, 16]
[2, 3, 5, 23]
[1, 4, 8, 9, 14]
[1, 2, 7, 10, 24]
[3, 4, 6, 8, 26]
[2, 4, 6, 11, 23]
[1, 4, 7, 12, 16]
[1, 3, 7, 11, 19]
[16, 17, 18, 19, 20, 21, 22, 23, 24, 25, 26, 27, 28]


6
process id 6
stats
5, 15, 7, 100, 1000
20220817-203057
loosing coalitions taken
[1, 3, 8, 10, 18]
[2, 3, 6, 11, 27]
[1, 5, 6, 12, 21]
[1, 2, 7, 13, 24]
[1, 2, 8, 14, 16]
[2, 4, 5, 19]
[2, 3, 5, 22]
[3, 4, 6, 13, 19]
[3, 4, 5, 15, 26]
[1, 4, 7, 8]
[1, 2, 9, 11, 12]
[2, 4, 6, 14, 18]
[1, 3, 7, 16, 17]
[1, 4, 6, 27]
[16, 17, 18, 19, 20, 21, 22, 23, 24, 25, 26, 27, 28]


6
process id 7
stats
5, 15, 7, 100, 1000
20220817-203058
loosing coalitions taken
[1, 2, 8, 14, 20]
[1, 5, 6, 13, 23]
[3, 4, 5, 16, 28]
[1, 2, 7, 16, 17]
[1, 3, 8, 13, 16]
[2, 4, 5, 20]
[1, 3, 7, 15, 18]
[1, 2, 9, 11, 13]
[2, 4, 6, 8]
[2, 3, 5, 22]
[1, 4, 6, 26]
[2, 3, 6, 14]
[1, 4, 7, 8, 28]
[3, 4, 6, 11, 19]
[16, 17, 18, 19, 20, 21, 22, 23, 24, 25, 26, 27, 28]


6
process id 6
stats
5, 15, 7, 100, 1000
20220817-203058
loosing coalitions taken
[1, 2, 7, 17, 19]
[1, 5, 6, 9, 26]
[1, 4, 8, 10, 15]
[1, 3, 8, 12, 18]
[2, 3, 6, 14, 23]
[1, 2, 8, 11, 21]
[1, 3, 7, 14, 22]
[1, 4, 7, 9, 18]
[2, 3, 7, 8, 10]
[1, 4, 6, 28]
[3, 4, 5, 15, 23]
[2, 3, 5, 25, 27]
[2, 4, 5, 16]
[1, 2, 10, 12, 13]
[16, 17, 18, 19, 20, 21, 22, 23, 24, 25, 26, 27, 28]


6
process id 5
stats
5, 15, 7, 100, 1000
20220817-203100
loosing coalitions taken
[2, 4, 5, 21, 27]
[2, 3, 6, 15, 23]
[1, 3, 7, 12, 22]
[3, 4, 5, 19, 22]
[3, 4, 6, 11, 18]
[2, 4, 6, 13, 17]
[2, 3, 5, 24]
[1, 3, 8, 10, 18]
[1, 2, 7, 9]
[1, 4, 6, 26, 27]
[2, 5, 6, 8, 12]
[1, 4, 8, 9, 11]
[1, 4, 7, 10, 16]
[1, 5, 6, 15, 21]
[16, 17, 18, 19, 20, 21, 22, 23, 24, 25, 26, 27, 28]


