Results
15
0.64
0.641

5
process id 0
stats
5, 15, 7, 100, 1000
20220816-230339
loosing coalitions taken
[1, 2, 9, 10, 13]
[1, 3, 8, 9, 19]
[1, 5, 6, 9, 23]
[2, 3, 6, 17, 21]
[1, 3, 7, 13, 22]
[2, 4, 5, 17]
[1, 2, 8, 14, 18]
[1, 4, 7, 8]
[3, 4, 6, 14, 19]
[3, 4, 5, 11]
[1, 4, 6, 26]
[2, 4, 6, 11, 23]
[2, 3, 5, 24]
[1, 2, 7, 11, 27]
[16, 17, 18, 19, 20, 21, 22, 23, 24, 25, 26, 27, 28]


6
process id 3
stats
5, 15, 7, 100, 1000
20220816-230340
loosing coalitions taken
[2, 4, 5, 19]
[1, 4, 7, 13, 16]
[1, 3, 8, 11, 19]
[2, 3, 6, 14]
[1, 2, 7, 9]
[1, 5, 6, 16, 17]
[2, 3, 5, 27, 28]
[1, 2, 8, 12, 16]
[3, 4, 6, 8]
[1, 4, 6, 27]
[3, 4, 5, 20, 22]
[1, 2, 10, 11, 14]
[1, 3, 7, 10, 21]
[2, 4, 6, 11, 18]
[16, 17, 18, 19, 20, 21, 22, 23, 24, 25, 26, 27, 28]


6
process id 4
stats
5, 15, 7, 100, 1000
20220816-230341
loosing coalitions taken
[2, 3, 6, 9]
[1, 2, 7, 15, 21]
[1, 4, 7, 8]
[3, 4, 5, 16]
[1, 2, 8, 10, 20]
[1, 5, 6, 16, 19]
[1, 4, 6, 26]
[2, 3, 5, 19]
[3, 4, 6, 13, 17]
[1, 3, 8, 15, 16]
[2, 4, 5, 17]
[2, 4, 6, 12, 20]
[1, 3, 7, 9, 18]
[1, 2, 9, 12, 13]
[16, 17, 18, 19, 20, 21, 22, 23, 24, 25, 26, 27, 28]


6
process id 7
stats
5, 15, 7, 100, 1000
20220816-230341
loosing coalitions taken
[1, 2, 9, 10, 13]
[2, 4, 5, 18]
[2, 3, 6, 13]
[1, 2, 8, 12, 20]
[1, 4, 8, 9, 14]
[1, 4, 6, 27]
[1, 5, 6, 11, 19]
[2, 4, 6, 10, 19]
[3, 4, 6, 12, 20]
[3, 4, 5, 11]
[2, 3, 5, 24]
[1, 3, 8, 10, 18]
[1, 2, 7, 16, 17]
[1, 3, 7, 14, 20]
[16, 17, 18, 19, 20, 21, 22, 23, 24, 25, 26, 27, 28]


6
process id 6
stats
5, 15, 7, 100, 1000
20220816-230343
loosing coalitions taken
[1, 4, 7, 9, 19]
[1, 2, 9, 12, 14]
[1, 2, 8, 13, 19]
[2, 3, 6, 14]
[3, 4, 5, 16]
[1, 3, 9, 10, 11]
[1, 2, 7, 15, 21]
[1, 3, 8, 12, 18]
[1, 4, 6, 26]
[2, 3, 5, 23]
[2, 4, 5, 19, 27]
[2, 4, 6, 12, 22]
[1, 5, 6, 14, 20]
[3, 4, 6, 8, 25]
[16, 17, 18, 19, 20, 21, 22, 23, 24, 25, 26, 27, 28]


