Results
15
0.64
0.642

5
process id 0
stats
5, 15, 7, 100, 1000
20220816-230348
loosing coalitions taken
[2, 3, 6, 13]
[2, 4, 5, 18]
[1, 2, 7, 16, 21]
[1, 3, 7, 11, 23]
[1, 3, 9, 10, 12]
[1, 3, 8, 14, 15]
[2, 3, 5, 23]
[3, 4, 5, 13]
[1, 4, 7, 8, 26]
[1, 5, 6, 14, 18]
[1, 4, 6, 25]
[3, 4, 6, 12, 20]
[1, 2, 8, 9, 17]
[2, 4, 6, 9, 24]
[16, 17, 18, 19, 20, 21, 22, 23, 24, 25, 26, 27, 28]


5
process id 4
stats
5, 15, 7, 100, 1000
20220816-230349
loosing coalitions taken
[1, 4, 8, 12, 13]
[1, 4, 7, 10, 17]
[1, 2, 7, 11, 27]
[1, 3, 8, 11, 17]
[2, 3, 6, 9]
[1, 3, 7, 13, 19]
[1, 4, 6, 27]
[2, 3, 5, 25]
[3, 4, 5, 16, 23]
[3, 4, 6, 8]
[2, 4, 5, 18]
[2, 4, 6, 14, 21]
[1, 5, 6, 14, 22]
[1, 2, 8, 10, 18]
[16, 17, 18, 19, 20, 21, 22, 23, 24, 25, 26, 27, 28]


6
process id 7
stats
5, 15, 7, 100, 1000
20220816-230350
loosing coalitions taken
[3, 4, 5, 19, 24]
[1, 3, 8, 9, 19]
[2, 3, 6, 12]
[1, 2, 7, 15, 21]
[1, 2, 8, 13, 18]
[1, 5, 6, 9, 23]
[1, 4, 7, 10, 17]
[2, 4, 5, 20]
[1, 4, 8, 12, 14]
[1, 4, 6, 28]
[2, 3, 5, 23]
[3, 4, 6, 13, 20]
[2, 4, 6, 14, 19]
[1, 2, 9, 10, 12]
[16, 17, 18, 19, 20, 21, 22, 23, 24, 25, 26, 27, 28]


