Results
15
0.64
0.643

6
process id 2
stats
5, 15, 7, 100, 1000
20220816-230357
loosing coalitions taken
[1, 3, 8, 9, 19]
[2, 4, 6, 10, 23]
[1, 4, 7, 10, 17]
[1, 3, 7, 16, 18]
[1, 2, 7, 9]
[1, 5, 6, 12, 24]
[1, 4, 8, 13, 14]
[3, 4, 5, 15]
[1, 4, 6, 28]
[3, 4, 6, 8]
[2, 4, 5, 16]
[2, 3, 5, 21]
[2, 3, 6, 11, 27]
[1, 2, 10, 11, 13]
[16, 17, 18, 19, 20, 21, 22, 23, 24, 25, 26, 27, 28]


6
process id 0
stats
5, 15, 7, 100, 1000
20220816-230357
loosing coalitions taken
[2, 4, 5, 19, 25]
[3, 4, 5, 15]
[1, 2, 7, 15, 22]
[1, 3, 7, 14, 18]
[1, 2, 9, 10, 12]
[1, 2, 8, 11, 17]
[2, 3, 6, 13]
[1, 4, 7, 13, 16]
[1, 5, 6, 11, 21]
[2, 3, 5, 21]
[3, 4, 6, 12, 19]
[2, 4, 6, 10, 22]
[1, 4, 6, 27]
[1, 4, 8, 9, 14]
[16, 17, 18, 19, 20, 21, 22, 23, 24, 25, 26, 27, 28]


5
process id 5
stats
5, 15, 7, 100, 1000
20220816-230357
loosing coalitions taken
[1, 2, 9, 12, 14]
[2, 3, 6, 9]
[1, 2, 7, 13, 24]
[2, 4, 5, 17]
[1, 2, 8, 11, 19]
[1, 3, 7, 14, 21]
[1, 3, 8, 15, 16]
[1, 5, 6, 10, 26]
[2, 4, 6, 14, 20]
[1, 4, 7, 8]
[3, 4, 6, 10, 17]
[3, 4, 5, 16]
[2, 3, 5, 25]
[1, 4, 6, 27]
[16, 17, 18, 19, 20, 21, 22, 23, 24, 25, 26, 27, 28]


6
process id 6
stats
5, 15, 7, 100, 1000
20220816-230359
loosing coalitions taken
[1, 5, 6, 12, 22]
[2, 3, 6, 11]
[1, 2, 7, 16, 21]
[1, 4, 8, 11, 13]
[1, 3, 8, 9, 18]
[2, 4, 5, 20]
[1, 3, 7, 10, 24]
[3, 5, 6, 7, 14]
[1, 2, 9, 11, 14]
[3, 4, 6, 10, 19]
[2, 3, 5, 25]
[1, 4, 6, 26]
[3, 4, 5, 16, 28]
[2, 4, 6, 12, 18]
[16, 17, 18, 19, 20, 21, 22, 23, 24, 25, 26, 27, 28]


