Results
15
0.64
0.644

5
process id 0
stats
5, 15, 7, 100, 1000
20220816-230404
loosing coalitions taken
[1, 3, 8, 12, 19]
[1, 3, 7, 11, 22]
[1, 2, 7, 13, 24]
[1, 2, 8, 9, 22]
[1, 4, 7, 10, 18]
[1, 5, 6, 11, 25]
[2, 4, 5, 17]
[1, 4, 8, 11, 13]
[3, 4, 5, 15]
[2, 3, 6, 15, 24]
[1, 4, 6, 28]
[2, 3, 5, 25]
[3, 4, 6, 8]
[2, 4, 6, 12, 20]
[16, 17, 18, 19, 20, 21, 22, 23, 24, 25, 26, 27, 28]


5
process id 4
stats
5, 15, 7, 100, 1000
20220816-230406
loosing coalitions taken
[1, 2, 7, 9, 28]
[2, 3, 6, 19, 20]
[1, 2, 8, 11, 19]
[1, 3, 7, 12, 21]
[1, 3, 9, 10, 11]
[1, 5, 6, 13, 20]
[2, 3, 5, 24]
[1, 3, 8, 13, 16]
[1, 4, 7, 10, 18]
[3, 4, 6, 12, 18]
[2, 4, 6, 14, 22]
[1, 4, 8, 9, 12]
[1, 4, 6, 27]
[1, 2, 10, 12, 13]
[16, 17, 18, 19, 20, 21, 22, 23, 24, 25, 26, 27, 28]


6
process id 6
stats
5, 15, 7, 100, 1000
20220816-230406
loosing coalitions taken
[3, 4, 6, 12, 21]
[2, 4, 5, 18]
[1, 5, 6, 15, 21]
[1, 2, 10, 11, 14]
[1, 2, 7, 9]
[2, 5, 6, 8, 10]
[2, 3, 5, 22]
[1, 3, 7, 12, 20]
[2, 3, 6, 9]
[3, 4, 5, 17, 27]
[1, 4, 7, 8]
[2, 4, 6, 11, 23]
[1, 4, 6, 27]
[1, 3, 8, 14, 16]
[16, 17, 18, 19, 20, 21, 22, 23, 24, 25, 26, 27, 28]


6
process id 7
stats
5, 15, 7, 100, 1000
20220816-230407
loosing coalitions taken
[2, 3, 5, 27, 28]
[3, 4, 6, 13, 17]
[1, 5, 6, 15, 21]
[2, 3, 6, 10]
[1, 4, 8, 11, 14]
[1, 2, 9, 12, 14]
[1, 2, 8, 15, 16]
[1, 3, 7, 9, 24]
[2, 4, 5, 20, 26]
[1, 4, 7, 10, 16]
[1, 2, 7, 17, 18]
[3, 4, 5, 19, 24]
[1, 4, 6, 28]
[1, 3, 8, 12, 19]
[16, 17, 18, 19, 20, 21, 22, 23, 24, 25, 26, 27, 28]


6
process id 5
stats
5, 15, 7, 100, 1000
20220816-230409
loosing coalitions taken
[3, 4, 5, 17, 26]
[1, 4, 8, 11, 13]
[2, 4, 6, 13, 22]
[2, 4, 5, 18]
[2, 3, 6, 15, 27]
[3, 5, 6, 7, 13]
[1, 5, 6, 11, 23]
[1, 2, 7, 9, 26]
[1, 4, 7, 14, 15]
[3, 4, 6, 12, 20]
[1, 4, 6, 27]
[2, 3, 5, 23]
[1, 2, 8, 12, 21]
[1, 3, 8, 15, 16]
[16, 17, 18, 19, 20, 21, 22, 23, 24, 25, 26, 27, 28]


